1.12	1.23
1.27	1.28
1.49	1.34
1.44	1.48
1.55	1.5
1.54	1.7
1.93	1.85
2.21	2.02
2.83	2.8
3.81	3.94
5.89	6.01
9.88	10.25
17.53	17.42
32.85	32.78
60.16	62.24
119.12	116.82
230.79	221.17
450.18	427.21
646.49	637.12
860.43	839.91
1088.3	1045.1
1319.13	1250.26
1502.44	1458.75
1676.83	1678.56
1903.23	1825.28
1.23	1.19
1.26	1.3
1.19	1.2
1.31	1.42
1.52	1.44
1.97	1.92
2.4	2.23
3.79	2.7
6.27	3.92
11.32	5.94
21.64	10.15
41.01	18.99
81.05	35.88
158.36	68.74
316.53	131.1
622.84	255.32
1250.48	506.61
2408.37	1000.21
3602.56	1484.28
4827.27	1943.17
5936.54	2417.99
7105.18	2881.8
8379.95	3405.48
9446.55	7610.81
10648.68	4309.67
1.23	1.05
1.12	1.76
1.26	1.37
1.34	1.31
1.57	1.42
1.61	1.74
1.94	2.83
2.28	2.37
2.9	3.2
3.82	3.82
5.9	5.72
10.01	8.94
17.65	15.61
32.82	28.1
61.43	50.59
119.23	101.75
235.21	186.26
439.73	352.71
663.02	516.75
885.4	686.82
1085.69	869.29
1291.65	1054.32
1507.79	1196.57
1727.96	1359.69
1937.89	1490.15
1.21	1.45
1.14	1.12
1.11	1.2
1.39	1.32
1.68	1.36
1.88	1.83
2.4	2.38
3.82	3.2
6.28	3.71
11.36	5.92
22.41	9.82
41.28	17.51
81.23	32.29
161.68	64.44
316.28	124.59
625.88	244.9
1246.99	487.04
2433.3	935.84
3577.57	1408.44
4821.26	1859.19
5987.31	2310.72
7152.83	2790.0
8296.41	3217.78
9573.18	3658.89
10774.04	4117.14
1.27	1.18
1.29	1.34
1.42	1.07
1.51	1.41
1.59	1.47
1.6	1.64
1.96	2.16
2.57	2.49
3.56	3.81
5.64	5.61
9.67	9.72
17.52	17.48
34.09	34.13
64.26	65.11
126.84	125.52
251.67	247.85
488.76	489.18
953.65	960.23
1418.88	1422.43
1887.11	1898.08
2364.62	2328.88
2828.43	2816.36
3297.33	3264.89
3811.98	3726.15
4231.64	4211.9
1.29	1.02
2.02	1.16
1.35	1.26
1.44	1.33
1.66	1.56
2.13	1.76
2.54	2.32
3.5	3.33
5.85	5.45
10.29	9.73
18.93	18.93
35.67	35.28
69.17	69.44
137.69	135.34
268.08	267.4
529.47	536.54
1065.6	1060.45
2075.79	2069.73
3092.38	3104.23
4119.35	4107.24
5092.44	5104.16
6115.45	6099.71
7067.7	7136.59
8145.31	8104.66
9118.6	9115.28
1.24	1.09
1.36	1.12
1.41	1.17
1.63	1.33
1.48	1.94
1.86	1.84
2.1	2.29
2.69	2.58
3.42	3.74
5.65	5.92
9.41	9.41
17.56	17.48
34.03	33.61
64.93	66.33
125.25	128.67
246.52	246.08
491.41	493.75
954.45	967.24
1404.92	1448.01
1911.27	1906.78
2366.07	2374.52
2836.86	2830.09
3272.54	3281.84
3740.04	3740.49
4221.99	4223.14
1.29	0.94
1.27	1.07
1.42	1.25
1.53	1.3
1.6	1.54
1.9	1.84
2.49	2.6
3.4	3.44
5.86	5.38
9.9	9.22
18.36	18.38
35.36	35.06
70.25	68.55
135.51	136.14
270.15	270.73
529.69	531.91
1055.66	1061.11
2090.12	2064.44
3093.82	3081.76
4082.21	4113.21
5096.13	5113.83
6072.64	4811.53
7113.43	7125.99
8125.43	8166.23
9166.6	9125.6
1.2	1.13
1.31	1.03
1.34	1.22
1.48	1.25
1.56	1.26
1.91	1.87
2.37	2.19
3.49	3.4
5.69	5.99
10.08	10.07
18.47	18.19
35.66	34.79
68.41	68.79
137.45	136.35
267.09	270.78
533.01	535.07
1062.82	1076.7
2076.45	2065.03
3069.95	3117.73
4124.34	4081.96
5096.26	5110.73
6074.87	6080.6
7115.81	7085.07
8158.07	8106.0
9161.98	9152.62
1.2	1.2
1.24	1.08
1.19	1.15
1.41	1.3
1.6	1.39
1.85	1.68
2.07	1.81
2.78	2.56
3.78	3.72
5.15	5.63
9.81	10.55
17.54	17.5
32.97	33.49
63.77	65.01
127.98	126.83
251.13	245.6
496.88	499.89
963.39	961.46
1429.02	1422.24
1907.35	1887.17
2378.68	2368.74
2812.35	2817.79
3310.96	3314.09
3697.9	3763.79
4259.09	4243.86
1.34	1.1
1.27	1.03
1.28	1.12
1.38	1.28
1.5	1.61
1.91	1.91
2.51	2.62
3.75	3.37
5.64	5.5
10.12	9.6
18.36	17.5
34.84	34.98
69.32	67.8
134.68	135.54
270.38	266.11
534.1	536.43
1067.02	1063.78
2090.1	2067.72
3092.25	3085.43
4051.21	4096.21
5079.61	5120.5
6143.65	6122.83
7150.56	7116.21
8148.82	8138.86
9104.19	9133.52
1.25	1.19
1.26	1.06
1.32	1.3
1.47	1.44
1.5	1.45
1.96	1.73
2.01	2.0
2.53	2.62
3.59	3.71
5.82	5.58
9.43	10.08
17.9	17.44
33.63	34.93
65.69	64.47
128.38	127.33
252.6	253.29
497.28	498.07
954.15	959.21
1421.5	1415.91
1870.5	1904.67
2340.07	2378.23
2809.36	2859.0
3321.94	3303.74
3761.41	3758.46
4198.35	4240.07
1.15	0.97
1.28	1.18
1.27	1.06
1.36	1.15
1.53	1.3
1.85	1.57
2.38	2.04
3.8	2.55
6.17	3.51
11.16	6.3
21.15	10.23
41.79	19.27
82.59	35.91
160.53	67.38
316.45	132.11
626.65	257.94
1255.68	507.59
2439.56	982.91
3623.09	1468.88
4761.59	1926.51
6006.06	2415.44
7154.76	2925.85
8334.15	3378.59
9507.02	3830.83
10690.11	4327.59
1.08	1.05
1.31	1.18
1.37	1.17
1.29	1.44
1.49	1.58
1.69	1.64
2.05	1.91
2.23	2.26
2.8	2.9
3.83	3.88
5.8	5.77
10.02	9.87
17.71	18.49
33.44	32.51
63.49	60.94
115.39	117.42
224.8	226.72
453.91	442.3
658.51	640.04
884.84	839.67
1089.28	1065.85
1273.87	1261.53
1526.81	1465.69
1762.08	1699.73
1896.47	1868.92
1.24	1.06
1.08	1.07
1.38	1.17
1.3	1.23
1.5	1.46
1.79	1.77
2.37	2.3
3.73	2.7
6.69	3.84
11.18	5.87
21.08	9.33
41.69	17.94
79.93	32.85
160.72	64.2
312.88	122.92
617.8	244.14
1251.37	481.6
2428.88	947.27
3607.1	1390.89
4815.19	1843.44
5980.0	2298.65
7214.38	4265.79
8297.19	3198.28
9454.34	3690.27
10658.25	4119.68
1.15	1.18
1.24	1.04
1.27	1.1
1.36	1.38
1.54	1.49
2.28	1.66
2.26	2.0
2.28	2.64
3.26	3.31
4.07	3.85
5.75	5.6
9.74	9.01
17.72	15.45
33.2	27.54
61.07	50.86
117.43	96.7
230.46	190.2
438.53	356.92
645.95	532.38
871.76	705.21
1077.79	848.95
1313.55	1028.19
1465.9	1184.49
1707.84	1316.17
1921.73	1487.84
1.14	1.08
1.26	1.09
1.41	1.46
1.69	1.38
1.73	1.62
1.94	1.87
2.27	1.99
2.53	2.45
3.1	3.01
5.21	4.46
6.63	6.73
12.16	11.03
20.11	20.81
37.5	38.74
71.03	70.3
134.15	136.81
261.48	265.65
504.79	497.65
740.73	739.95
986.35	999.02
1235.9	1215.2
1487.72	1455.49
1702.3	1726.91
1941.66	1941.22
2163.11	2179.38
1.2	1.1
1.86	1.15
1.46	1.24
1.55	1.47
1.9	1.61
2.0	2.02
3.0	2.72
4.32	4.3
7.77	7.96
13.56	13.35
25.84	24.7
48.37	48.48
98.05	95.18
187.81	189.71
380.0	375.12
745.43	741.44
1486.41	1477.48
2897.37	2931.49
4346.8	4343.93
5694.89	5712.37
7162.03	7114.35
8520.9	8520.81
10093.3	9915.79
11352.74	11385.31
12721.47	12734.54
1.17	1.47
1.34	1.18
1.57	1.24
1.56	1.64
1.72	1.7
1.96	2.02
1.93	2.23
2.72	2.59
3.21	3.21
4.21	4.55
6.76	6.9
11.37	12.34
20.73	21.17
38.21	39.61
69.28	72.14
134.01	139.02
265.97	269.2
501.97	504.48
738.96	756.22
961.64	988.62
1241.59	1245.86
1446.89	1502.66
1701.58	1758.16
1906.87	1980.16
2204.33	2191.64
1.27	1.11
1.91	1.17
1.28	1.28
2.27	1.43
1.76	1.91
2.05	2.03
3.01	2.85
4.52	4.35
7.55	7.3
13.56	13.4
25.32	25.25
48.9	49.52
96.84	96.57
192.58	191.51
374.14	372.34
742.68	743.64
1483.84	1484.95
2872.67	2876.39
4290.77	4308.85
5699.3	5755.05
7089.6	7180.65
8524.05	8598.2
10021.71	9989.42
11358.63	11467.86
12763.94	12687.42
1.21	1.03
1.33	1.04
1.54	1.46
1.68	1.48
1.59	1.69
1.93	1.72
2.22	2.09
2.94	2.72
3.98	3.87
7.02	6.06
10.35	10.84
19.32	19.18
36.53	37.05
71.02	70.03
133.9	137.13
259.34	265.61
527.64	520.25
1020.42	1024.43
1532.42	1527.52
2020.16	2016.07
2489.24	2508.89
3018.86	3018.81
3521.79	3515.68
3981.16	4034.31
4455.46	4450.11
1.13	1.19
1.37	1.32
1.45	1.17
1.72	1.17
1.88	1.63
2.11	1.94
2.85	2.81
4.25	3.98
6.79	6.58
11.91	11.87
22.89	21.77
44.11	42.93
85.07	83.92
165.35	165.73
323.56	323.21
645.62	637.95
1292.24	1281.61
2505.5	2495.93
3732.03	3696.58
4917.83	4898.74
6130.52	6168.14
7403.94	7301.07
8633.64	8564.04
9853.56	9825.66
10986.94	11073.61
1.22	1.08
1.31	1.06
1.36	1.19
1.43	1.6
1.57	1.68
1.97	1.87
2.1	2.28
2.91	2.69
4.33	3.96
6.29	6.7
10.27	10.42
18.84	19.78
36.34	36.51
70.94	69.89
133.68	135.88
261.98	267.9
529.2	529.11
1018.28	1013.75
1508.84	1514.25
2022.81	2030.45
2506.87	2507.54
2989.45	3047.87
3540.54	3555.46
4070.51	4078.02
4485.37	4530.3
1.38	1.11
1.26	1.22
1.42	1.32
1.54	1.78
1.83	1.47
2.95	2.06
2.92	2.88
4.13	4.13
6.72	6.68
11.91	11.82
23.91	21.59
42.88	42.71
85.26	83.53
168.54	165.82
328.75	324.75
648.75	641.54
1292.06	1286.27
2486.94	2488.58
3720.33	3741.39
4919.67	4903.7
6147.18	6095.41
7373.41	7362.5
8579.29	8625.72
9710.53	9818.92
10940.97	11114.41
1.2	1.14
1.25	1.1
1.36	1.3
1.61	1.26
1.68	1.5
2.18	1.97
2.9	2.73
4.16	3.94
7.06	7.04
12.01	12.27
22.59	22.51
42.77	43.83
84.68	83.5
165.0	162.63
327.2	325.36
649.06	649.36
1285.42	1273.21
2521.9	2500.41
3720.44	3759.44
4928.02	4973.51
6202.99	6222.07
7331.25	7376.37
8589.5	8520.87
9764.39	9705.77
10979.01	11012.5
1.15	1.12
1.18	1.17
1.41	1.37
1.35	1.29
1.53	1.59
2.02	1.85
2.27	1.83
2.6	2.55
4.13	3.72
6.02	6.01
11.47	10.77
18.79	19.17
36.35	37.19
70.31	69.97
137.72	134.44
266.27	265.89
518.35	517.82
1024.02	1013.88
1515.87	1505.05
2008.77	1995.22
2513.35	2501.67
3029.64	3031.92
3474.04	3537.53
4030.29	4057.67
4525.91	4486.65
1.3	1.2
1.28	1.18
1.39	1.47
2.65	1.44
1.83	1.64
2.08	2.13
2.91	2.62
4.03	3.86
6.72	6.54
12.06	11.8
22.6	21.76
42.67	43.34
83.2	86.58
165.4	163.0
322.98	323.22
646.79	652.24
1289.69	1277.84
2506.12	2505.22
3732.45	3752.01
4931.74	5005.38
6122.78	6195.56
7412.58	7264.28
8658.74	8598.97
9736.13	9846.45
10955.91	11011.87
1.27	1.17
1.26	1.25
1.46	1.31
1.49	1.27
1.6	1.76
2.02	1.96
2.22	2.27
2.74	2.94
4.02	4.25
6.1	6.15
10.34	10.74
19.67	19.57
36.98	37.25
70.72	69.5
136.72	137.72
264.64	268.44
521.72	518.14
1024.46	1019.85
1495.78	1519.72
1988.51	2012.76
2531.13	2504.4
3003.55	3049.21
3847.07	3494.18
4004.18	4022.73
4500.07	4546.35
1.11	1.61
1.32	1.65
1.25	1.41
1.38	1.33
1.69	1.62
2.13	2.03
2.85	2.73
4.25	4.26
7.24	7.09
13.16	13.66
25.23	25.15
50.18	49.29
96.64	98.01
188.64	191.34
375.35	376.2
744.69	748.57
1488.2	1480.8
2891.48	2902.64
4312.94	4316.47
5761.19	5720.53
7105.2	7138.27
8434.5	8579.76
9903.4	9969.83
11292.71	11351.13
12721.84	12647.02
1.18	1.07
1.29	1.25
1.4	1.33
1.53	1.46
1.72	1.63
1.86	1.72
2.03	2.13
2.49	2.45
3.2	2.88
4.55	4.25
6.53	6.73
11.62	11.38
20.39	20.7
38.44	38.65
71.12	70.47
135.05	137.62
261.9	269.08
509.0	509.21
747.0	744.13
1013.76	985.19
1232.9	1264.34
1491.22	1544.06
1712.88	1761.3
1989.33	2011.66
2150.43	2205.04
1.28	1.22
1.36	1.01
1.58	1.2
1.49	1.38
1.59	1.83
2.1	2.19
2.97	2.93
4.39	4.36
7.3	7.02
13.24	12.79
25.81	24.67
49.35	48.92
96.43	96.29
190.28	187.59
375.94	375.0
741.32	749.71
1477.13	1480.21
2936.77	2923.44
4290.47	4322.49
5721.22	5710.28
7140.91	7105.34
8529.65	8566.26
9983.51	9919.25
11377.65	11247.87
12717.83	12746.96
1.05	1.31
1.28	1.42
1.52	1.29
1.43	1.26
1.61	1.6
1.73	1.84
2.01	2.09
2.37	2.48
3.18	3.23
4.15	4.6
6.61	7.01
11.06	11.37
20.38	21.15
37.51	38.88
70.6	72.06
136.59	140.33
268.3	260.35
503.12	511.79
739.51	758.46
966.14	1008.58
1223.34	1282.71
1459.86	1456.84
1752.95	1742.17
1928.24	1978.3
2240.6	2246.69
1.3	1.11
1.35	1.39
1.78	1.68
1.94	1.94
2.63	2.44
3.01	2.87
3.76	3.11
4.36	3.71
5.86	5.15
7.7	7.46
12.26	11.4
21.1	20.71
36.26	37.87
69.18	71.14
128.56	135.99
249.69	265.84
467.3	512.98
696.38	707.69
914.26	987.88
1125.96	1181.59
1383.2	1487.65
1616.82	1665.08
1793.06	1949.22
1983.17	2205.12
1.23	1.16
1.41	1.32
1.48	1.63
2.18	1.95
2.56	2.45
3.49	2.69
4.82	3.09
7.33	4.62
12.91	6.45
22.85	11.44
43.53	20.6
85.25	39.63
164.78	76.11
325.64	146.34
641.62	288.93
1275.48	571.66
2486.88	1589.67
3715.87	1654.68
4935.04	2194.55
6179.39	2692.53
7346.55	3261.48
8572.3	3785.81
9812.46	4323.38
10988.0	4893.56
1.33	1.19
1.45	1.14
1.7	1.55
2.16	2.31
2.58	2.53
2.92	3.09
3.47	3.23
4.48	4.33
5.43	4.69
6.82	6.85
12.24	11.81
19.86	18.86
36.57	36.2
68.27	62.82
126.27	121.06
244.4	230.84
471.04	455.3
674.87	639.76
909.05	857.41
1122.93	1021.18
1330.24	1260.03
1614.19	1474.65
1789.81	1616.05
2052.18	1812.32
1.18	1.18
1.44	1.2
1.76	1.66
2.13	2.27
2.89	2.55
3.71	3.4
4.79	3.64
7.73	4.53
12.81	6.46
23.15	11.04
43.78	18.93
83.5	35.01
165.4	67.7
323.61	132.55
644.91	261.67
1284.88	499.3
2513.9	1484.35
3696.82	1472.89
4893.0	1960.26
6111.56	3636.83
7327.05	4354.84
8594.71	3349.54
9769.88	3847.45
11026.08	4294.64
1.07	1.11
1.39	1.32
1.65	1.78
1.94	2.24
2.74	2.38
3.05	2.74
3.79	3.94
5.26	4.59
7.64	7.85
11.44	11.29
19.82	19.34
35.42	36.99
68.21	69.98
129.84	136.71
249.65	263.76
497.01	518.37
971.15	993.93
1446.84	1471.88
1928.16	1965.56
2410.36	2480.74
2857.73	2935.05
3311.72	3458.45
3799.41	3978.36
4277.65	4477.93
1.15	1.24
1.48	1.37
1.68	1.52
2.01	2.16
2.87	2.23
3.51	2.95
4.27	3.14
6.72	4.14
10.34	7.31
18.71	8.52
35.17	14.46
66.44	39.85
130.97	77.11
259.93	92.68
507.58	288.41
1002.86	357.08
1980.58	693.25
2946.21	1664.81
3919.59	1382.59
4856.42	1719.83
5834.38	2034.56
6771.65	2342.27
7725.46	2713.39
8667.11	3045.94
1.19	2.65
1.25	1.27
1.74	1.69
2.04	2.22
2.68	2.74
3.39	3.08
4.19	3.5
5.07	4.39
8.09	6.56
11.72	10.2
20.79	18.1
36.16	33.07
68.47	62.69
129.7	123.76
254.38	239.46
500.01	459.98
979.35	895.1
1455.25	1366.12
1917.37	1780.57
2408.51	2227.72
2855.19	2659.43
3313.04	3039.32
3789.72	3478.85
4336.96	4014.43
1.29	1.16
1.35	1.25
2.01	1.88
2.21	2.67
2.53	2.32
3.3	2.85
4.48	3.87
6.55	4.01
10.26	7.24
18.68	8.03
36.55	13.47
66.38	23.88
131.35	44.24
256.95	85.2
508.91	165.93
1007.47	326.54
1980.46	633.4
2945.39	931.28
3902.95	1237.08
4845.43	1538.53
5815.47	1845.29
6798.81	5233.74
8441.38	2462.84
8695.5	2742.63
1.08	1.13
1.27	1.3
1.63	2.25
1.95	2.11
2.8	2.31
3.47	3.16
4.56	3.47
6.82	4.72
11.05	5.32
18.63	8.62
34.99	21.12
67.48	26.44
130.54	76.28
259.11	94.03
513.65	181.96
1011.36	359.7
1977.66	1117.58
2938.8	1039.96
3899.75	3051.0
4881.42	1713.74
5821.68	2035.12
6822.31	2369.19
7787.15	2708.51
8771.82	3104.69
1.24	1.0
1.36	1.34
1.76	1.73
2.02	2.09
2.76	2.37
3.2	2.6
3.66	3.42
5.0	4.83
6.97	6.89
11.64	11.64
18.77	19.1
34.95	36.88
70.58	69.4
129.84	132.38
253.28	266.68
506.79	520.34
978.14	1015.78
1461.47	1511.53
1935.15	1995.26
2365.97	2524.49
2852.6	2994.12
3327.35	3464.75
3775.74	3988.51
4227.71	4469.84
1.17	1.27
1.44	1.32
1.66	1.81
2.06	2.32
2.65	2.68
3.13	3.18
4.63	3.22
6.49	4.34
10.25	7.49
17.8	8.01
35.73	13.49
67.35	25.02
129.34	43.9
259.09	143.61
513.46	166.27
1029.75	327.24
1993.61	631.33
2954.11	939.7
3886.61	1248.69
4904.02	3763.84
5813.88	1864.2
6774.8	2189.2
7717.1	2500.94
8758.25	2819.55
0.97	1.22
1.38	2.04
1.58	1.58
2.27	2.22
2.77	2.61
3.0	3.85
4.2	3.62
4.95	4.83
7.77	6.86
11.81	10.61
19.62	18.25
37.54	34.0
67.74	62.65
129.67	120.19
250.75	232.6
507.13	465.99
977.87	936.49
1450.29	1346.35
1920.59	1801.64
2406.32	2219.63
2856.73	2661.99
3315.96	3086.05
3816.45	3567.25
4285.12	3945.05
1.15	1.09
1.22	1.28
1.5	1.54
2.05	2.01
2.8	2.28
3.26	3.11
4.7	3.6
7.3	4.46
12.43	7.05
22.93	11.14
43.56	20.93
82.82	38.31
163.46	75.45
326.21	148.13
641.0	291.16
1279.14	570.48
2498.43	1117.28
3699.59	1639.35
4948.86	2208.3
6145.93	2719.67
7390.26	3278.37
8556.1	3850.75
9717.53	4310.5
11002.25	4907.89
1.01	1.26
1.51	1.33
1.95	1.66
2.09	1.92
2.39	2.37
3.17	2.68
3.03	2.82
4.22	4.22
5.7	5.58
7.31	7.48
11.75	11.98
20.46	20.73
37.36	38.28
70.34	71.66
128.31	138.98
252.64	266.92
504.09	514.55
729.93	744.05
960.55	989.23
1187.65	1238.44
1424.99	1516.73
1696.49	1743.78
1878.23	1977.63
2066.76	2182.69
1.1	1.26
1.37	1.33
1.46	1.8
2.04	2.69
2.67	3.08
3.3	3.06
4.63	3.87
7.63	4.38
11.86	6.56
22.55	10.69
42.92	20.1
83.63	35.72
162.05	66.06
321.89	130.28
640.9	256.92
1276.6	511.7
2502.42	991.57
3733.91	1454.44
4891.74	1922.34
6166.78	2377.82
7367.86	2894.16
8559.42	3345.77
9767.59	5842.16
10957.12	4278.78
1.11	1.06
1.37	1.3
1.43	1.82
2.03	1.96
2.63	2.48
2.82	3.19
3.23	3.41
3.88	3.43
5.25	4.74
8.4	7.24
10.65	11.51
20.71	20.01
34.66	34.79
65.77	63.82
132.11	122.13
245.5	233.46
467.65	434.52
673.26	676.15
927.96	849.33
1155.69	1135.22
1356.61	1321.69
1653.98	1502.51
1811.55	1747.96
1986.04	1919.61
0.91	0.92
1.07	1.03
1.18	1.27
1.52	1.51
1.85	1.81
1.89	2.19
2.05	2.21
1.91	2.47
2.76	2.57
2.13	2.75
2.88	3.17
3.38	3.65
4.42	4.33
6.16	6.1
9.31	10.58
16.13	16.21
29.12	29.15
54.49	54.34
104.36	106.31
200.05	203.9
392.73	396.42
770.31	769.32
1112.16	1146.51
1481.49	1772.29
1849.97	1879.25
2240.5	2224.8
2622.69	2628.27
2966.35	2988.27
3355.31	3394.25
0.88	0.94
1.08	1.0
1.13	1.17
1.54	1.63
1.8	1.83
2.11	1.99
2.09	2.03
2.99	2.18
2.41	2.47
2.84	2.85
3.41	3.55
5.19	5.26
8.26	8.71
14.97	15.09
27.92	27.58
54.16	53.31
105.21	105.13
209.14	208.82
407.64	413.33
816.58	817.74
1632.26	1626.53
3182.11	3176.31
4716.0	4748.48
6269.11	6309.88
7834.76	7831.11
9389.64	9387.36
10876.45	10948.65
12432.72	12491.53
14105.91	14045.09
0.84	0.93
0.98	1.04
1.22	1.21
1.28	1.4
1.92	1.71
2.02	2.2
1.81	1.91
2.18	2.02
1.84	2.61
2.6	2.84
2.94	2.52
3.43	3.37
4.22	4.42
5.89	6.13
9.32	9.8
16.3	16.74
28.69	29.03
54.29	54.82
103.96	117.3
198.7	203.01
394.07	386.59
758.13	778.66
1141.05	1129.04
1467.5	1490.28
1834.95	1891.8
2197.3	2267.57
2630.11	2602.89
2938.6	3000.11
3346.11	3322.68
0.84	0.93
0.99	0.88
1.54	1.18
1.54	1.4
1.58	1.77
1.85	2.15
2.19	2.14
2.9	2.42
2.32	2.46
2.54	2.93
3.65	3.67
5.18	5.35
8.56	8.66
15.76	15.1
27.75	27.94
53.89	53.58
104.73	106.29
207.16	207.1
412.89	414.16
820.61	706.16
1631.17	1634.18
3185.54	3188.62
4757.98	4755.71
6255.88	6295.38
7871.29	7858.34
9343.06	9364.96
10912.93	11036.96
13409.98	12529.62
14078.66	14023.12
1.01	1.0
1.21	1.14
1.36	1.33
1.59	1.5
1.93	1.92
2.23	2.12
2.09	2.39
2.56	2.25
2.27	2.47
2.56	2.93
3.01	3.31
4.15	3.89
5.12	5.15
7.97	8.06
13.96	14.64
24.58	24.93
45.95	47.15
89.38	88.19
172.16	173.34
342.05	347.65
667.56	674.92
1319.17	1310.68
1949.78	1961.95
2573.77	2599.38
3178.11	3226.56
3869.41	3878.38
4503.9	4493.71
5080.4	5093.07
5763.18	5748.16
