1.12	1.06	1
1.27	1.01	1
1.49	1.24	1
1.44	1.27	1
1.55	1.54	1
1.54	1.76	1
1.93	1.93	1
2.21	2.16	1
2.83	2.81	1
3.81	3.58	1
5.89	5.72	1
9.88	9.96	1
17.53	16.81	1
32.85	32.51	1
60.16	60.69	1
119.12	115.39	1
230.79	227.53	1
450.18	426.2	1
646.49	643.82	1
860.43	835.25	1
1088.3	1046.02	1
1319.13	1250.73	1
1502.44	1478.12	1
1676.83	1652.34	1
1903.23	1882.83	1
1.23	1.07	1
1.26	1.04	1
1.19	1.15	1
1.31	1.37	1
1.52	1.34	1
1.97	1.67	1
2.4	2.11	1
3.79	2.3	1
6.27	3.73	1
11.32	5.84	1
21.64	10.29	1
41.01	18.72	1
81.05	35.83	1
158.36	67.66	1
316.53	131.19	1
622.84	254.58	1
1250.48	510.6	1
2408.37	1003.44	1
3602.56	1466.35	1
4827.27	1944.72	1
5936.54	2422.79	1
7105.18	2875.69	1
8379.95	3370.94	1
9446.55	3873.08	1
10648.68	4294.28	1
1.23	1.17	1
1.12	1.16	1
1.26	1.17	1
1.34	1.36	1
1.57	1.43	1
1.61	1.61	1
1.94	2.07	1
2.28	2.08	1
2.9	2.83	1
3.82	3.89	1
5.9	5.41	1
10.01	8.93	1
17.65	15.3	1
32.82	28.52	1
61.43	52.6	1
119.23	97.09	1
235.21	186.36	1
439.73	358.11	1
663.02	521.16	1
885.4	706.39	1
1085.69	854.01	1
1291.65	1056.18	1
1507.79	1241.95	1
1727.96	1353.27	1
1937.89	1514.35	1
1.21	0.98	1
1.14	1.14	1
1.11	1.21	1
1.39	1.24	1
1.68	1.28	1
1.88	1.76	1
2.4	2.19	1
3.82	2.57	1
6.28	3.55	1
11.36	5.63	1
22.41	9.69	1
41.28	17.57	1
81.23	32.89	1
161.68	64.24	1
316.28	124.37	1
625.88	244.39	1
1246.99	486.26	1
2433.3	948.41	1
3577.57	1412.56	1
4821.26	1840.46	1
5987.31	2308.19	1
7152.83	2725.31	1
8296.41	3228.7	1
9573.18	3710.01	1
10774.04	4121.91	1
1.27	1.04	2
1.29	1.14	2
1.42	1.32	2
1.51	1.19	2
1.59	1.41	2
1.6	2.36	2
1.96	1.93	2
2.57	2.62	2
3.56	3.97	2
5.64	5.62	2
9.67	10.24	2
17.52	19.0	2
34.09	34.72	2
64.26	69.13	2
126.84	130.75	2
251.67	260.8	2
488.76	510.07	2
953.65	994.68	2
1418.88	1476.62	2
1887.11	1987.12	2
2364.62	2465.04	2
2828.43	2930.78	2
3297.33	3390.07	2
3811.98	3897.79	2
4231.64	4432.44	2
1.29	1.06	2
2.02	1.07	2
1.35	1.16	2
1.44	1.42	2
1.66	1.52	2
2.13	2.04	2
2.54	2.03	2
3.5	2.61	2
5.85	3.19	2
10.29	4.94	2
18.93	8.14	2
35.67	14.32	2
69.17	26.88	2
137.69	50.65	2
268.08	98.12	2
529.47	193.43	2
1065.6	388.17	2
2075.79	745.91	2
3092.38	1110.72	2
4119.35	1466.2	2
5092.44	1822.55	2
6115.45	2191.56	2
7067.7	2563.78	2
8145.31	2941.11	2
9118.6	3272.61	2
1.24	1.11	2
1.36	1.21	2
1.41	1.23	2
1.63	1.2	2
1.48	1.77	2
1.86	1.9	2
2.1	2.06	2
2.69	2.5	2
3.42	3.34	2
5.65	5.24	2
9.41	9.05	2
17.56	16.78	2
34.03	30.46	2
64.93	59.66	2
125.25	115.56	2
246.52	226.11	2
491.41	447.61	2
954.45	870.95	2
1404.92	1290.67	2
1911.27	1705.1	2
2366.07	2114.28	2
2836.86	2549.76	2
3272.54	2943.03	2
3740.04	3390.81	2
4221.99	3817.44	2
1.29	1.16	2
1.27	1.82	2
1.42	1.24	2
1.53	1.22	2
1.6	1.52	2
1.9	1.82	2
2.49	2.28	2
3.4	2.64	2
5.86	3.38	2
9.9	5.82	2
18.36	7.91	2
35.36	14.06	2
70.25	26.25	2
135.51	49.28	2
270.15	97.46	2
529.69	190.47	2
1055.66	378.14	2
2090.12	739.28	2
3093.82	1093.46	2
4082.21	1449.1	2
5096.13	1804.51	2
6072.64	2163.1	2
7113.43	2524.64	2
8125.43	2880.75	2
9166.6	3256.83	2
1.2	1.26	3
1.31	1.25	3
1.34	1.27	3
1.48	1.36	3
1.56	1.57	3
1.91	1.86	3
2.37	2.02	3
3.49	2.31	3
5.69	3.93	3
10.08	4.7	3
18.47	7.72	3
35.66	14.61	3
68.41	27.34	3
137.45	49.97	3
267.09	98.97	3
533.01	195.9	3
1062.82	380.31	3
2076.45	740.95	3
3069.95	1097.85	3
4124.34	1457.06	3
5096.26	1815.05	3
6074.87	2168.82	3
7115.81	2538.47	3
8158.07	2910.96	3
9161.98	3248.19	3
1.2	1.11	3
1.24	1.32	3
1.19	1.22	3
1.41	1.93	3
1.6	1.56	3
1.85	1.76	3
2.07	2.03	3
2.78	2.71	3
3.78	3.56	3
5.15	6.11	3
9.81	10.08	3
17.54	18.39	3
32.97	35.88	3
63.77	68.48	3
127.98	133.66	3
251.13	262.75	3
496.88	516.44	3
963.39	1000.89	3
1429.02	1489.46	3
1907.35	1952.34	3
2378.68	2484.28	3
2812.35	2936.37	3
3310.96	3448.89	3
3697.9	3919.65	3
4259.09	4381.7	3
1.34	1.1	3
1.27	1.03	3
1.28	1.12	3
1.38	1.27	3
1.5	1.54	3
1.91	2.04	3
2.51	2.36	3
3.75	2.68	3
5.64	3.48	3
10.12	5.04	3
18.36	10.51	3
34.84	13.87	3
69.32	26.01	3
134.68	49.73	3
270.38	97.28	3
534.1	197.2	3
1067.02	378.82	3
2090.1	735.22	3
3092.25	1087.31	3
4051.21	1445.51	3
5079.61	1790.93	3
6143.65	2159.1	3
7150.56	2522.65	3
8148.82	2884.11	3
9104.19	3229.12	3
1.25	1.16	3
1.26	0.99	3
1.32	1.08	3
1.47	1.39	3
1.5	1.41	3
1.96	1.7	3
2.01	2.06	3
2.53	2.36	3
3.59	3.71	3
5.82	5.24	3
9.43	8.91	3
17.9	16.18	3
33.63	30.83	3
65.69	59.24	3
128.38	117.02	3
252.6	229.19	3
497.28	446.82	3
954.15	862.61	3
1421.5	1301.87	3
1870.5	1714.0	3
2340.07	2124.99	3
2809.36	2538.55	3
3321.94	2976.77	3
3761.41	3383.21	3
4198.35	3825.76	3
1.15	1.17	4
1.28	1.32	4
1.27	1.14	4
1.36	1.26	4
1.53	1.43	4
1.85	1.64	4
2.38	2.11	4
3.8	2.6	4
6.17	3.66	4
11.16	6.07	4
21.15	10.13	4
41.79	18.78	4
82.59	34.64	4
160.53	67.92	4
316.45	131.08	4
626.65	261.83	4
1255.68	512.28	4
2439.56	993.41	4
3623.09	1467.76	4
4761.59	1937.21	4
6006.06	2405.39	4
7154.76	2887.85	4
8334.15	3374.19	4
9507.02	3847.14	4
10690.11	4300.86	4
1.08	1.35	4
1.31	1.17	4
1.37	1.0	4
1.29	1.5	4
1.49	1.38	4
1.69	1.59	4
2.05	1.91	4
2.23	2.08	4
2.8	2.6	4
3.83	3.76	4
5.8	6.45	4
10.02	9.97	4
17.71	17.29	4
33.44	31.68	4
63.49	63.95	4
115.39	115.28	4
224.8	222.55	4
453.91	442.56	4
658.51	637.58	4
884.84	837.66	4
1089.28	1051.15	4
1273.87	1251.25	4
1526.81	1470.31	4
1762.08	1630.65	4
1896.47	1923.0	4
1.24	1.16	4
1.08	1.11	4
1.38	1.17	4
1.3	1.34	4
1.5	1.49	4
1.79	1.89	4
2.37	2.77	4
3.73	2.58	4
6.69	3.43	4
11.18	5.63	4
21.08	9.51	4
41.69	17.17	4
79.93	33.17	4
160.72	64.65	4
312.88	124.43	4
617.8	245.91	4
1251.37	482.44	4
2428.88	935.36	4
3607.1	1402.73	4
4815.19	1832.59	4
5980.0	2312.03	4
7214.38	2722.37	4
8297.19	3179.0	4
9454.34	3671.73	4
10658.25	4108.88	4
1.15	1.24	4
1.24	1.24	4
1.27	1.4	4
1.36	1.17	4
1.54	1.61	4
2.28	1.58	4
2.26	1.86	4
2.28	3.2	4
3.26	2.85	4
4.07	3.93	4
5.75	5.63	4
9.74	8.75	4
17.72	15.45	4
33.2	28.21	4
61.07	53.13	4
117.43	95.53	4
230.46	183.0	4
438.53	364.22	4
645.95	517.94	4
871.76	681.58	4
1077.79	855.79	4
1313.55	1010.4	4
1465.9	1215.97	4
1707.84	1321.58	4
1921.73	1493.39	4
1.14	1.23	5
1.26	1.27	5
1.41	1.32	5
1.69	1.28	5
1.73	1.6	5
1.94	1.67	5
2.27	2.1	5
2.53	2.41	5
3.1	3.22	5
5.21	4.4	5
6.63	7.0	5
12.16	12.24	5
20.11	22.27	5
37.5	42.16	5
71.03	78.22	5
134.15	145.91	5
261.48	293.35	5
504.79	563.47	5
740.73	831.34	5
986.35	1146.08	5
1235.9	1354.98	5
1487.72	1644.9	5
1702.3	1930.04	5
1941.66	2155.62	5
2163.11	2399.78	5
1.2	1.11	5
1.86	1.24	5
1.46	1.35	5
1.55	1.3	5
1.9	1.67	5
2.0	1.96	5
3.0	2.49	5
4.32	3.1	5
7.77	4.28	5
13.56	7.19	5
25.84	12.75	5
48.37	22.74	5
98.05	44.35	5
187.81	85.42	5
380.0	164.2	5
745.43	327.37	5
1486.41	645.93	5
2897.37	1253.12	5
4346.8	1859.11	5
5694.89	2474.39	5
7162.03	3090.88	5
8520.9	3673.81	5
10093.3	4299.9	5
11352.74	4922.63	5
12721.47	5537.59	5
1.17	1.1	5
1.34	1.76	5
1.57	1.33	5
1.56	1.7	5
1.72	1.94	5
1.96	1.95	5
1.93	2.17	5
2.72	2.38	5
3.21	3.11	5
4.21	4.49	5
6.76	7.11	5
11.37	10.63	5
20.73	18.68	5
38.21	37.57	5
69.28	65.69	5
134.01	122.55	5
265.97	238.07	5
501.97	446.04	5
738.96	685.92	5
961.64	879.59	5
1241.59	1093.58	5
1446.89	1332.5	5
1701.58	1558.99	5
1906.87	1751.39	5
2204.33	1946.09	5
1.27	1.12	5
1.91	1.34	5
1.28	1.38	5
2.27	1.51	5
1.76	1.59	5
2.05	2.35	5
3.01	2.64	5
4.52	3.59	5
7.55	4.91	5
13.56	7.44	5
25.32	13.22	5
48.9	22.88	5
96.84	43.36	5
192.58	84.35	5
374.14	166.83	5
742.68	327.1	5
1483.84	654.73	5
2872.67	1258.84	5
4290.77	1885.12	5
5699.3	2481.92	5
7089.6	3120.44	5
8524.05	3709.93	5
10021.71	4339.96	5
11358.63	4951.1	5
12763.94	5562.83	5
1.21	1.12	6
1.33	1.1	6
1.54	1.43	6
1.68	1.34	6
1.59	1.5	6
1.93	2.02	6
2.22	2.2	6
2.94	2.79	6
3.98	3.95	6
7.02	6.28	6
10.35	11.19	6
19.32	19.62	6
36.53	38.92	6
71.02	75.25	6
133.9	144.13	6
259.34	289.26	6
527.64	549.78	6
1020.42	1084.31	6
1532.42	1600.09	6
2020.16	2127.08	6
2489.24	2640.41	6
3018.86	3164.79	6
3521.79	3728.35	6
3981.16	4270.97	6
4455.46	4815.32	6
1.13	1.19	6
1.37	1.16	6
1.45	1.38	6
1.72	1.49	6
1.88	1.78	6
2.11	1.99	6
2.85	2.27	6
4.25	2.93	6
6.79	4.0	6
11.91	7.05	6
22.89	10.41	6
44.11	19.62	6
85.07	35.73	6
165.35	69.89	6
323.56	135.52	6
645.62	269.52	6
1292.24	533.9	6
2505.5	1044.99	6
3732.03	1549.56	6
4917.83	2053.3	6
6130.52	2557.98	6
7403.94	3068.86	6
8633.64	3582.23	6
9853.56	4099.49	6
10986.94	4609.34	6
1.22	1.11	6
1.31	1.23	6
1.36	1.34	6
1.43	1.54	6
1.57	1.68	6
1.97	2.07	6
2.1	2.32	6
2.91	2.9	6
4.33	4.19	6
6.29	5.91	6
10.27	9.82	6
18.84	18.2	6
36.34	32.66	6
70.94	62.98	6
133.68	122.11	6
261.98	239.88	6
529.2	464.14	6
1018.28	897.73	6
1508.84	1334.73	6
2022.81	1808.71	6
2506.87	2246.97	6
2989.45	2629.68	6
3540.54	3065.21	6
4070.51	3525.93	6
4485.37	3966.81	6
1.38	1.16	6
1.26	1.3	6
1.42	1.31	6
1.54	1.51	6
1.83	1.71	6
2.95	2.31	6
2.92	2.77	6
4.13	3.92	6
6.72	4.39	6
11.91	7.04	6
23.91	11.68	6
42.88	20.37	6
85.26	38.05	6
168.54	73.38	6
328.75	143.86	6
648.75	282.33	6
1292.06	564.87	6
2486.94	1098.33	6
3720.33	1631.65	6
4919.67	2159.41	6
6147.18	2708.05	6
7373.41	3242.55	6
8579.29	3765.3	6
9710.53	4321.33	6
10940.97	4843.39	6
1.2	1.15	7
1.25	1.04	7
1.36	1.37	7
1.61	1.71	7
1.68	1.65	7
2.18	1.96	7
2.9	2.56	7
4.16	2.97	7
7.06	3.79	7
12.01	6.33	7
22.59	9.71	7
42.77	18.34	7
84.68	33.09	7
165.0	61.99	7
327.2	121.61	7
649.06	238.37	7
1285.42	481.64	7
2521.9	924.83	7
3720.44	1398.7	7
4928.02	1912.87	7
6202.99	2399.14	7
7331.25	2938.59	7
8589.5	3409.55	7
9764.39	3940.62	7
10979.01	4445.59	7
1.15	1.74	7
1.18	1.22	7
1.41	2.16	7
1.35	1.53	7
1.53	1.59	7
2.02	1.78	7
2.27	2.06	7
2.6	2.82	7
4.13	3.77	7
6.02	6.55	7
11.47	11.09	7
18.79	20.35	7
36.35	38.74	7
70.31	73.07	7
137.72	142.38	7
266.27	281.47	7
518.35	565.72	7
1024.02	1090.75	7
1515.87	1580.05	7
2008.77	2137.54	7
2513.35	2676.19	7
3029.64	3139.2	7
3474.04	3641.65	7
4030.29	4236.74	7
4525.91	4793.4	7
1.3	1.79	7
1.28	1.16	7
1.39	1.23	7
2.65	1.52	7
1.83	1.79	7
2.08	2.27	7
2.91	2.84	7
4.03	3.32	7
6.72	4.27	7
12.06	6.27	7
22.6	11.01	7
42.67	20.32	7
83.2	36.75	7
165.4	70.12	7
322.98	139.2	7
646.79	274.08	7
1289.69	542.54	7
2506.12	1051.71	7
3732.45	1589.57	7
4931.74	2116.17	7
6122.78	2650.1	7
7412.58	3198.2	7
8658.74	3705.22	7
9736.13	4247.33	7
10955.91	4799.93	7
1.27	1.11	7
1.26	1.22	7
1.46	1.25	7
1.49	1.35	7
1.6	1.53	7
2.02	1.73	7
2.22	2.15	7
2.74	2.71	7
4.02	3.74	7
6.1	5.91	7
10.34	9.87	7
19.67	18.04	7
36.98	33.17	7
70.72	63.03	7
136.72	121.48	7
264.64	235.3	7
521.72	462.91	7
1024.46	902.01	7
1495.78	1325.92	7
1988.51	1774.58	7
2531.13	2244.59	7
3003.55	2916.78	7
3847.07	3069.46	7
4004.18	3551.16	7
4500.07	3930.37	7
1.11	1.06	8
1.32	1.37	8
1.25	1.06	8
1.38	1.52	8
1.69	1.74	8
2.13	1.89	8
2.85	2.62	8
4.25	3.46	8
7.24	4.42	8
13.16	8.07	8
25.23	12.2	8
50.18	22.15	8
96.64	44.0	8
188.64	84.26	8
375.35	165.02	8
744.69	325.46	8
1488.2	646.15	8
2891.48	1261.1	8
4312.94	1870.07	8
5761.19	2487.71	8
7105.2	3113.03	8
8434.5	3725.9	8
9903.4	4321.82	8
11292.71	4911.31	8
12721.84	5564.31	8
1.18	0.96	8
1.29	1.22	8
1.4	1.7	8
1.53	1.48	8
1.72	1.42	8
1.86	1.73	8
2.03	2.05	8
2.49	2.54	8
3.2	3.23	8
4.55	4.32	8
6.53	6.9	8
11.62	12.06	8
20.39	22.01	8
38.44	40.52	8
71.12	78.92	8
135.05	148.41	8
261.9	294.68	8
509.0	545.25	8
747.0	825.53	8
1013.76	1116.18	8
1232.9	1380.78	8
1491.22	1678.44	8
1712.88	1899.4	8
1989.33	2162.07	8
2150.43	2513.02	8
1.28	1.03	8
1.36	1.02	8
1.58	1.42	8
1.49	1.46	8
1.59	1.75	8
2.1	1.99	8
2.97	2.69	8
4.39	3.23	8
7.3	4.67	8
13.24	7.23	8
25.81	12.72	8
49.35	22.49	8
96.43	43.98	8
190.28	84.32	8
375.94	164.83	8
741.32	329.32	8
1477.13	650.05	8
2936.77	1276.92	8
4290.47	1890.12	8
5721.22	2503.94	8
7140.91	3121.2	8
8529.65	3752.32	8
9983.51	4387.56	8
11377.65	5005.9	8
12717.83	5628.94	8
1.05	1.18	8
1.28	1.11	8
1.52	1.33	8
1.43	1.4	8
1.61	1.57	8
1.73	1.92	8
2.01	2.21	8
2.37	2.64	8
3.18	3.27	8
4.15	4.64	8
6.61	6.67	8
11.06	10.78	8
20.38	19.32	8
37.51	34.77	8
70.6	65.12	8
136.59	125.41	8
268.3	240.94	8
503.12	460.48	8
739.51	698.2	8
966.14	878.82	8
1223.34	1101.45	8
1459.86	1318.39	8
1752.95	1593.35	8
1928.24	1762.93	8
2240.6	1994.83	8
1.3	1.05	9
1.35	1.39	9
1.78	1.71	9
1.94	2.08	9
2.63	2.43	9
3.01	2.44	9
3.76	2.79	9
4.36	4.39	9
5.86	4.84	9
7.7	7.1	9
12.26	11.93	9
21.1	20.95	9
36.26	38.03	9
69.18	70.32	9
128.56	135.64	9
249.69	264.83	9
467.3	518.48	9
696.38	764.04	9
914.26	992.26	9
1125.96	1202.77	9
1383.2	1468.7	9
1616.82	1696.27	9
1793.06	1974.28	9
1983.17	2220.49	9
1.23	1.15	9
1.41	1.36	9
1.48	1.55	9
2.18	2.0	9
2.56	2.16	9
3.49	2.41	9
4.82	3.46	9
7.33	4.4	9
12.91	7.12	9
22.85	11.5	9
43.53	19.58	9
85.25	39.12	9
164.78	74.12	9
325.64	147.19	9
641.62	288.27	9
1275.48	578.07	9
2486.88	1110.34	9
3715.87	1663.24	9
4935.04	2201.31	9
6179.39	2722.31	9
7346.55	3237.81	9
8572.3	3781.78	9
9812.46	4303.19	9
10988.0	4901.99	9
1.33	1.2	9
1.45	1.39	9
1.7	1.5	9
2.16	1.98	9
2.58	2.24	9
2.92	2.89	9
3.47	2.99	9
4.48	3.78	9
5.43	4.64	9
6.82	7.22	9
12.24	10.86	9
19.86	19.2	9
36.57	34.08	9
68.27	61.02	9
126.27	122.75	9
244.4	226.88	9
471.04	426.72	9
674.87	624.37	9
909.05	846.12	9
1122.93	1043.66	9
1330.24	1248.75	9
1614.19	1416.11	9
1789.81	1637.16	9
2052.18	1830.0	9
1.18	1.19	9
1.44	1.39	9
1.76	1.55	9
2.13	1.94	9
2.89	2.39	9
3.71	3.12	9
4.79	2.87	9
7.73	4.6	9
12.81	6.35	9
23.15	10.46	9
43.78	19.09	9
83.5	35.13	9
165.4	67.84	9
323.61	133.09	9
644.91	259.17	9
1284.88	507.11	9
2513.9	971.84	9
3696.82	1462.78	9
4893.0	1958.72	9
6111.56	2405.91	9
7327.05	2880.31	9
8594.71	3344.71	9
9769.88	3799.35	9
11026.08	4292.27	9
1.07	1.1	10
1.39	1.39	10
1.65	1.69	10
1.94	1.95	10
2.74	2.12	10
3.05	2.47	10
3.79	3.3	10
5.26	4.1	10
7.64	6.24	10
11.44	10.82	10
19.82	19.64	10
35.42	36.34	10
68.21	69.3	10
129.84	136.43	10
249.65	262.07	10
497.01	524.63	10
971.15	1005.61	10
1446.84	1490.21	10
1928.16	2013.89	10
2410.36	2498.43	10
2857.73	2973.31	10
3311.72	3471.78	10
3799.41	3935.34	10
4277.65	4524.38	10
1.15	1.29	10
1.48	1.24	10
1.68	1.68	10
2.01	1.87	10
2.87	2.11	10
3.51	2.51	10
4.27	3.03	10
6.72	3.93	10
10.34	5.28	10
18.71	8.14	10
35.17	14.12	10
66.44	25.84	10
130.97	47.93	10
259.93	93.59	10
507.58	181.65	10
1002.86	355.95	10
1980.58	690.78	10
2946.21	1027.28	10
3919.59	1346.25	10
4856.42	1676.85	10
5834.38	2048.29	10
6771.65	2357.82	10
7725.46	2711.38	10
8667.11	3020.19	10
1.19	0.89	10
1.25	1.36	10
1.74	1.57	10
2.04	2.11	10
2.68	2.67	10
3.39	3.06	10
4.19	3.44	10
5.07	5.24	10
8.09	6.42	10
11.72	10.58	10
20.79	17.91	10
36.16	32.59	10
68.47	61.04	10
129.7	121.75	10
254.38	235.03	10
500.01	462.6	10
979.35	914.24	10
1455.25	1324.71	10
1917.37	1761.03	10
2408.51	2216.98	10
2855.19	2604.86	10
3313.04	3080.03	10
3789.72	3483.47	10
4336.96	3924.01	10
1.29	1.16	10
1.35	1.37	10
2.01	1.65	10
2.21	2.25	10
2.53	2.42	10
3.3	2.49	10
4.48	3.28	10
6.55	3.97	10
10.26	5.63	10
18.68	7.64	10
36.55	13.48	10
66.38	23.71	10
131.35	44.25	10
256.95	85.04	10
508.91	164.62	10
1007.47	326.75	10
1980.46	629.31	10
2945.39	928.49	10
3902.95	1241.13	10
4845.43	1537.4	10
5815.47	1837.55	10
6798.81	2450.78	10
8441.38	2456.9	10
8695.5	2753.77	10
1.08	1.0	11
1.27	1.31	11
1.63	1.43	11
1.95	1.91	11
2.8	2.35	11
3.47	2.53	11
4.56	3.14	11
6.82	3.86	11
11.05	5.71	11
18.63	8.21	11
34.99	14.09	11
67.48	25.35	11
130.54	48.31	11
259.11	92.92	11
513.65	182.11	11
1011.36	359.62	11
1977.66	700.91	11
2938.8	1041.71	11
3899.75	1389.71	11
4881.42	1698.27	11
5821.68	2057.81	11
6822.31	2385.15	11
7787.15	2731.28	11
8771.82	3091.63	11
1.24	1.16	11
1.36	1.26	11
1.76	1.57	11
2.02	1.91	11
2.76	2.5	11
3.2	2.55	11
3.66	3.08	11
5.0	4.96	11
6.97	6.51	11
11.64	10.51	11
18.77	19.41	11
34.95	36.19	11
70.58	70.76	11
129.84	134.69	11
253.28	263.14	11
506.79	521.98	11
978.14	1001.5	11
1461.47	1506.19	11
1935.15	2005.43	11
2365.97	2487.79	11
2852.6	3001.23	11
3327.35	3486.17	11
3775.74	3950.15	11
4227.71	4469.53	11
1.17	1.13	11
1.44	1.44	11
1.66	1.68	11
2.06	1.94	11
2.65	2.74	11
3.13	3.16	11
4.63	3.2	11
6.49	3.66	11
10.25	5.46	11
17.8	8.38	11
35.73	13.56	11
67.35	23.55	11
129.34	43.76	11
259.09	84.86	11
513.46	167.22	11
1029.75	323.21	11
1993.61	631.57	11
2954.11	935.59	11
3886.61	1246.27	11
4904.02	1563.61	11
5813.88	1884.66	11
6774.8	2180.45	11
7717.1	2503.09	11
8758.25	2812.99	11
0.97	1.2	11
1.38	1.25	11
1.58	1.62	11
2.27	2.04	11
2.77	2.49	11
3.0	3.69	11
4.2	3.72	11
4.95	4.31	11
7.77	6.1	11
11.81	10.86	11
19.62	18.28	11
37.54	33.31	11
67.74	63.8	11
129.67	123.47	11
250.75	236.9	11
507.13	461.43	11
977.87	899.85	11
1450.29	1344.42	11
1920.59	1754.68	11
2406.32	2178.39	11
2856.73	2625.09	11
3315.96	3075.31	11
3816.45	3505.29	11
4285.12	3944.52	11
1.15	1.14	12
1.22	1.22	12
1.5	1.56	12
2.05	2.0	12
2.8	2.26	12
3.26	2.71	12
4.7	3.46	12
7.3	4.46	12
12.43	6.81	12
22.93	10.78	12
43.56	20.54	12
82.82	38.88	12
163.46	75.7	12
326.21	148.72	12
641.0	286.68	12
1279.14	571.28	12
2498.43	1118.94	12
3699.59	1673.54	12
4948.86	2206.28	12
6145.93	2769.99	12
7390.26	3243.17	12
8556.1	3752.81	12
9717.53	4293.66	12
11002.25	4915.11	12
1.01	1.24	12
1.51	1.35	12
1.95	1.4	12
2.09	1.87	12
2.39	2.35	12
3.17	2.27	12
3.03	3.47	12
4.22	3.6	12
5.7	5.14	12
7.31	7.62	12
11.75	12.4	12
20.46	21.08	12
37.36	38.43	12
70.34	71.52	12
128.31	137.72	12
252.64	261.13	12
504.09	507.14	12
729.93	746.62	12
960.55	981.86	12
1187.65	1248.66	12
1424.99	1460.95	12
1696.49	1772.7	12
1878.23	1942.11	12
2066.76	2253.39	12
1.1	1.16	12
1.37	1.14	12
1.46	1.62	12
2.04	2.17	12
2.67	2.81	12
3.3	2.87	12
4.63	3.41	12
7.63	4.45	12
11.86	6.69	12
22.55	10.73	12
42.92	18.81	12
83.63	35.9	12
162.05	66.86	12
321.89	132.24	12
640.9	258.68	12
1276.6	508.11	12
2502.42	985.6	12
3733.91	1486.21	12
4891.74	1927.88	12
6166.78	2416.9	12
7367.86	2877.49	12
8559.42	3344.26	12
9767.59	3845.47	12
10957.12	4340.32	12
1.11	1.13	12
1.37	1.25	12
1.43	1.64	12
2.03	2.11	12
2.63	2.35	12
2.82	2.94	12
3.23	3.44	12
3.88	3.71	12
5.25	4.92	12
8.4	7.56	12
10.65	11.02	12
20.71	20.27	12
34.66	34.13	12
65.77	66.02	12
132.11	119.47	12
245.5	228.61	12
467.65	448.62	12
673.26	636.15	12
927.96	860.37	12
1155.69	1094.2	12
1356.61	1263.21	12
1653.98	1517.5	12
1811.55	1712.77	12
1986.04	1890.13	12
0.91	0.83	13
1.07	1.05	13
1.18	1.14	13
1.52	1.35	13
1.85	1.86	13
1.89	2.19	13
2.05	2.16	13
1.91	2.22	13
2.76	2.5	13
2.13	2.6	13
2.88	3.13	13
3.38	3.1	13
4.42	4.82	13
6.16	6.53	13
9.31	9.7	13
16.13	17.13	13
29.12	34.21	13
54.49	66.4	13
104.36	137.23	13
200.05	282.24	13
392.73	557.97	13
770.31	1093.11	13
1112.16	1641.92	13
1481.49	2185.23	13
1849.97	2706.31	13
2240.5	3277.87	13
2622.69	3762.85	13
2966.35	4368.7	13
3355.31	4825.82	13
0.88	0.92	13
1.08	1.05	13
1.13	1.24	13
1.54	1.56	13
1.8	1.8	13
2.11	2.03	13
2.09	2.08	13
2.99	2.1	13
2.41	2.53	13
2.84	2.89	13
3.41	3.77	13
5.19	5.05	13
8.26	8.48	13
14.97	15.11	13
27.92	28.92	13
54.16	54.85	13
105.21	75.91	13
209.14	171.66	13
407.64	294.65	13
816.58	485.33	13
1632.26	963.55	13
3182.11	2080.46	13
4716.0	2794.18	13
6269.11	3687.27	13
7834.76	4651.55	13
9389.64	5551.12	13
10876.45	6509.01	13
12432.72	7431.0	13
14105.91	8323.6	13
0.84	0.88	13
0.98	0.99	13
1.22	1.28	13
1.28	1.58	13
1.92	1.66	13
2.02	2.01	13
1.81	2.06	13
2.18	2.06	13
1.84	2.46	13
2.6	2.59	13
2.94	3.56	13
3.43	3.84	13
4.22	5.32	13
5.89	7.93	13
9.32	12.51	13
16.3	23.37	13
28.69	43.54	13
54.29	79.91	13
103.96	148.78	13
198.7	290.79	13
394.07	569.58	13
758.13	1103.99	13
1141.05	1654.39	13
1467.5	2149.27	13
1834.95	2693.61	13
2197.3	3189.9	13
2630.11	3662.84	13
2938.6	4262.39	13
3346.11	4742.87	13
0.84	0.88	13
0.99	0.99	13
1.54	1.22	13
1.54	1.42	13
1.58	1.5	13
1.85	2.02	13
2.19	2.1	13
2.9	2.53	13
2.32	2.18	13
2.54	3.52	13
3.65	3.91	13
5.18	5.61	13
8.56	8.22	13
15.76	16.27	13
27.75	29.69	13
53.89	59.51	13
104.73	68.09	13
207.16	189.34	13
412.89	272.04	13
820.61	492.16	13
1631.17	964.99	13
3185.54	2222.94	13
4757.98	2802.09	13
6255.88	3683.86	13
7871.29	4628.18	13
9343.06	5441.85	13
10912.93	6469.54	13
13409.98	7304.16	13
14078.66	8249.1	13
1.0	1.0	14
1.17	1.09	14
1.31	1.35	14
1.77	1.54	14
2.2	2.03	14
2.18	2.0	14
2.2	2.06	14
2.55	2.55	14
2.56	2.31	14
2.85	2.8	14
3.17	3.02	14
3.79	4.15	14
5.71	5.22	14
8.7	8.64	14
14.12	14.82	14
24.9	26.12	14
46.57	49.37	14
89.94	93.04	14
170.1	181.37	14
339.39	359.82	14
659.76	774.56	14
1291.85	1527.38	14
1937.62	2294.68	14
2595.96	3058.63	14
3239.32	3802.89	14
3809.24	4587.67	14
4473.53	5286.51	14
5136.16	6095.52	14
5710.64	6853.19	14
1.01	1.04	14
1.28	1.04	14
1.31	1.42	14
1.65	1.53	14
1.92	2.4	14
2.09	1.93	14
2.14	2.75	14
2.64	2.37	14
2.63	2.2	14
2.74	3.02	14
3.59	3.55	14
5.31	5.22	14
8.02	8.38	14
13.66	12.18	14
25.22	25.01	14
47.16	47.62	14
92.46	57.76	14
178.16	116.85	14
355.04	290.08	14
709.65	418.01	14
1415.41	1013.02	14
2750.76	1537.42	14
4095.79	2536.3	14
5445.87	3331.35	14
6763.71	3807.78	14
8122.08	4631.6	14
9468.67	5323.87	14
10796.01	6112.2	14
12153.09	6928.4	14
1.01	0.95	14
1.21	1.21	14
1.36	1.33	14
1.59	1.48	14
1.93	1.68	14
2.23	1.98	14
2.09	2.16	14
2.56	2.48	14
2.27	2.38	14
2.56	2.73	14
3.01	3.52	14
4.15	4.19	14
5.12	6.02	14
7.97	9.35	14
13.96	16.56	14
24.58	30.34	14
45.95	57.21	14
89.38	111.96	14
172.16	210.02	14
342.05	427.45	14
667.56	802.46	14
1319.17	1577.57	14
1949.78	2324.26	14
2573.77	3042.74	14
3176.91	3801.34	14
3883.89	4590.31	14
4482.34	5293.23	14
5094.76	6066.26	14
5740.23	6798.97	14
1.09	0.94	14
1.17	1.03	14
1.36	1.3	14
1.71	1.64	14
1.98	1.7	14
2.29	2.37	14
2.34	2.32	14
2.48	2.38	14
2.73	2.78	14
3.07	3.18	14
3.77	3.84	14
5.05	5.27	14
7.96	8.83	14
13.66	14.92	14
25.2	27.21	14
46.75	51.66	14
92.34	72.04	14
177.58	116.08	14
354.85	310.9	14
710.6	431.07	14
1408.39	947.37	14
2759.05	1689.94	14
4101.24	2643.97	14
5452.51	3482.21	14
6797.86	3999.11	14
8146.31	4778.21	14
9470.76	5531.61	14
10829.06	6369.08	14
12150.56	7241.71	14
1.04	0.88	15
1.13	0.92	15
1.37	1.24	15
2.29	1.52	15
2.04	1.79	15
2.14	2.01	15
2.34	2.46	15
2.6	2.13	15
2.55	2.4	15
2.9	2.94	15
3.45	3.5	15
5.26	4.88	15
8.23	8.0	15
13.66	13.75	15
25.0	25.22	15
46.23	46.85	15
90.9	79.09	15
180.11	181.65	15
355.19	358.9	15
707.39	404.14	15
1415.9	830.74	15
2753.67	1679.85	15
4099.47	2402.96	15
5433.74	3237.06	15
6792.45	3822.33	15
8134.75	4578.62	15
9446.11	5307.86	15
10833.34	6268.71	15
12127.13	6919.52	15
1.11	0.98	15
1.23	0.95	15
1.41	1.17	15
1.82	1.49	15
2.12	1.82	15
2.3	2.04	15
2.13	2.06	15
2.31	2.17	15
2.61	2.17	15
2.65	2.84	15
3.91	3.05	15
4.14	3.74	15
5.31	5.54	15
8.22	8.3	15
14.59	14.58	15
25.23	25.39	15
46.81	52.76	15
90.94	104.22	15
173.93	208.64	15
345.18	410.67	15
697.05	819.99	15
1346.69	1608.53	15
1972.8	2372.73	15
2635.18	3108.91	15
3246.22	3918.56	15
3937.02	4737.22	15
4621.54	5509.74	15
5178.63	6301.49	15
5825.29	7051.07	15
1.12	0.93	15
1.25	1.06	15
1.5	1.46	15
1.52	1.44	15
1.83	2.9	15
2.29	2.2	15
2.41	2.18	15
2.45	2.51	15
2.77	2.77	15
3.09	2.96	15
3.88	3.77	15
5.3	5.37	15
7.98	8.84	15
13.73	14.65	15
24.89	27.51	15
47.47	44.72	15
90.72	100.12	15
180.54	196.94	15
355.72	383.46	15
712.88	430.86	15
1405.12	862.59	15
2745.74	1754.08	15
4104.33	2520.19	15
5423.65	3315.26	15
6798.18	4014.91	15
8111.03	4762.4	15
9444.4	5542.36	15
10779.15	6375.77	15
12155.44	7197.92	15
1.07	0.89	15
1.21	0.99	15
1.44	1.24	15
1.66	1.49	15
1.8	1.88	15
2.21	2.13	15
2.32	1.83	15
2.37	1.97	15
2.61	2.22	15
2.55	2.88	15
2.79	3.23	15
4.13	4.07	15
5.1	5.56	15
8.07	8.81	15
14.15	16.51	15
24.12	30.14	15
46.18	56.88	15
87.8	107.54	15
172.06	203.77	15
333.84	404.74	15
672.92	802.25	15
1303.37	1540.11	15
1929.17	2309.6	15
2542.83	3042.39	15
3205.39	3783.45	15
3851.72	4561.7	15
4483.85	5308.27	15
5086.59	6059.67	15
5748.18	6744.59	15
1.02	0.85	16
1.12	0.92	16
1.19	1.99	16
1.5	1.34	16
1.79	1.78	16
2.13	2.01	16
2.31	2.14	16
2.58	2.05	16
2.5	2.83	16
3.04	2.89	16
3.74	3.41	16
5.06	5.26	16
8.72	8.2	16
15.29	13.79	16
28.77	29.22	16
53.69	56.08	16
105.27	107.93	16
206.78	214.13	16
412.77	310.76	16
811.71	635.86	16
1638.21	1117.5	16
3174.72	1977.4	16
4749.39	2823.33	16
6313.65	3765.7	16
7871.29	4792.37	16
9473.02	5635.58	16
10964.6	6515.01	16
12498.11	7425.56	16
14096.73	8430.53	16
0.92	0.94	16
1.04	0.97	16
1.33	1.11	16
1.53	1.39	16
1.83	1.66	16
2.14	1.96	16
2.03	2.0	16
2.29	2.13	16
2.44	2.26	16
2.71	2.43	16
3.6	2.99	16
3.53	3.45	16
4.43	4.37	16
6.02	6.69	16
9.24	10.04	16
15.8	17.42	16
28.98	31.63	16
54.11	59.3	16
101.85	128.71	16
197.09	280.75	16
392.55	561.94	16
768.94	1101.01	16
1119.68	1619.17	16
1483.04	2180.42	16
1846.97	2726.38	16
2222.31	3303.65	16
2577.99	3885.23	16
2952.74	4387.79	16
3263.93	4826.14	16
0.99	0.89	16
1.2	0.88	16
1.24	1.11	16
1.58	1.46	16
1.9	1.63	16
2.03	1.97	16
2.4	2.06	16
2.19	2.16	16
2.63	2.51	16
2.99	3.2	16
3.96	3.9	16
5.41	5.35	16
8.54	9.17	16
15.05	14.46	16
28.1	30.03	16
53.77	59.7	16
104.66	114.26	16
208.29	227.93	16
412.55	243.56	16
819.46	665.15	16
1634.33	1140.48	16
3171.5	1905.74	16
4735.96	2788.48	16
6290.04	3706.08	16
7818.09	4731.06	16
9327.6	5579.32	16
10879.56	6388.03	16
12487.11	7351.25	16
14103.79	8328.87	16
1.02	0.94	16
1.05	0.97	16
1.28	1.07	16
1.45	1.46	16
1.93	1.72	16
2.1	1.79	16
2.73	2.13	16
2.65	2.21	16
2.31	2.37	16
2.53	2.68	16
3.09	3.37	16
3.37	3.54	16
4.53	5.12	16
6.19	7.82	16
9.16	12.74	16
16.05	23.03	16
28.9	43.97	16
53.99	83.33	16
102.64	156.52	16
197.94	289.45	16
386.27	574.79	16
758.83	1105.97	16
1133.15	1646.61	16
1500.4	2149.25	16
1814.91	2673.57	16
2218.08	3226.92	16
2580.47	3759.11	16
2972.22	4222.63	16
3315.39	4788.75	16
1.28	1.07	17
1.6	1.66	17
2.3	2.18	17
3.34	3.46	17
5.41	5.11	17
8.99	7.22	17
8.73	6.37	17
12.28	9.25	17
12.17	10.23	17
14.37	10.93	17
17.29	13.68	17
22.44	17.86	17
31.86	27.31	17
42.67	43.94	17
66.79	71.95	17
115.46	133.21	17
205.71	250.82	17
384.07	476.95	17
766.99	937.38	17
1495.46	1809.85	17
2238.57	2728.51	17
2932.55	3602.8	17
3678.68	4447.99	17
4470.68	5333.76	17
5165.83	6287.38	17
5685.05	7094.37	17
6544.74	8135.7	17
1.17	1.11	17
1.5	1.53	17
2.59	2.02	17
3.64	3.38	17
5.56	5.12	17
9.46	8.1	17
13.93	12.01	17
16.67	11.6	17
20.13	15.27	17
26.12	10.89	17
34.29	18.08	17
54.64	24.92	17
93.62	36.78	17
169.87	61.7	17
325.11	111.38	17
631.48	205.32	17
1244.43	389.92	17
2470.18	770.4	17
4910.6	1527.93	17
9619.07	2987.24	17
14242.73	4424.85	17
19081.48	5887.84	17
23575.42	7331.87	17
28232.03	8814.44	17
32927.29	10286.77	17
37840.06	11693.97	17
42461.39	13195.52	17
1.22	1.3	17
2.14	1.57	17
2.23	2.17	17
3.52	3.24	17
5.82	5.84	17
8.16	8.07	17
10.27	9.89	17
12.39	10.79	17
12.87	10.14	17
12.02	13.24	17
17.64	13.37	17
23.45	18.64	17
28.2	28.59	17
42.98	38.85	17
68.0	63.56	17
107.31	119.65	17
203.49	222.76	17
386.45	433.1	17
790.92	845.45	17
1487.65	1651.35	17
2210.52	2425.45	17
2891.03	3225.08	17
3641.97	4019.76	17
4266.01	4819.11	17
5003.5	5660.14	17
5921.23	6304.83	17
6210.31	7205.75	17
1.29	1.15	17
1.51	1.54	17
2.16	2.24	17
3.07	3.43	17
6.15	5.64	17
9.36	7.37	17
13.85	11.19	17
18.64	14.77	17
18.01	11.44	17
22.93	13.92	17
34.37	19.86	17
56.21	24.46	17
93.45	31.85	17
170.57	59.22	17
324.54	103.23	17
635.28	188.69	17
1236.05	369.4	17
2461.56	728.44	17
4948.8	1448.38	17
9635.08	2819.67	17
14382.51	4151.27	17
18860.56	5517.3	17
23508.44	6867.68	17
28301.46	8243.37	17
33004.57	9538.6	17
37514.27	10974.66	17
42309.3	12308.71	17
1.28	1.16	18
1.56	1.57	18
2.39	2.35	18
3.52	3.43	18
5.87	5.22	18
9.16	10.09	18
13.96	12.52	18
15.53	15.27	18
17.53	13.35	18
21.37	15.82	18
24.01	18.69	18
32.55	24.53	18
46.16	34.74	18
84.2	54.99	18
130.52	96.88	18
214.41	189.2	18
390.78	346.43	18
739.08	681.92	18
1493.96	1365.07	18
2964.22	2603.61	18
4591.69	3905.57	18
6162.64	5178.24	18
7652.71	6502.06	18
9039.39	7750.94	18
10510.66	9082.77	18
12001.23	10255.72	18
13460.69	11610.57	18
1.28	1.36	18
1.72	1.69	18
2.32	2.13	18
3.22	3.62	18
6.0	5.1	18
8.33	7.67	18
11.05	8.04	18
13.17	9.99	18
15.1	8.9	18
17.4	13.44	18
26.57	16.76	18
42.5	19.05	18
72.77	31.56	18
132.08	53.53	18
254.46	92.76	18
503.73	174.84	18
990.85	338.7	18
1954.98	660.86	18
3920.84	1296.3	18
7585.15	2552.91	18
11454.05	3790.36	18
15098.89	5025.95	18
18858.99	6264.17	18
22492.53	7494.43	18
26421.02	8750.78	18
29864.01	10040.06	18
33707.2	11217.28	18
1.32	1.21	18
1.63	1.43	18
2.32	2.35	18
3.56	3.35	18
6.36	5.97	18
9.45	8.43	18
13.76	13.32	18
17.64	13.39	18
18.58	15.53	18
21.91	16.18	18
25.27	18.64	18
35.29	22.79	18
46.61	29.65	18
81.4	51.13	18
117.81	95.37	18
231.45	175.76	18
372.79	333.24	18
754.86	649.47	18
1415.09	1295.0	18
2968.54	2492.73	18
4628.13	3708.53	18
6143.87	4899.6	18
7582.79	6077.32	18
9003.81	7285.98	18
10567.98	8544.51	18
11879.86	9725.8	18
13292.53	10911.73	18
1.21	1.41	18
1.56	1.63	18
2.53	2.45	18
3.48	3.54	18
5.61	5.71	18
8.1	6.38	18
9.53	9.18	18
11.85	10.01	18
14.0	10.62	18
19.05	12.79	18
27.45	12.95	18
43.25	18.53	18
72.2	30.73	18
134.93	47.03	18
255.53	87.56	18
500.99	161.51	18
990.91	313.48	18
1959.0	612.94	18
3904.99	1218.15	18
7671.32	2385.54	18
11318.05	3533.18	18
15112.0	4687.2	18
18783.18	5810.17	18
22363.46	6950.61	18
26099.45	8136.69	18
30165.6	9259.01	18
33634.66	10446.34	18
1.24	1.31	19
1.63	1.49	19
2.93	2.31	19
3.89	3.39	19
5.19	6.54	19
7.74	7.65	19
10.79	10.64	19
12.3	11.51	19
14.33	9.87	19
19.14	13.98	19
24.02	15.91	19
42.22	21.38	19
71.35	28.41	19
139.41	48.54	19
260.25	88.43	19
513.78	161.29	19
1012.16	314.42	19
2000.87	619.47	19
3968.6	1252.38	19
7674.63	2477.16	19
11287.94	3718.85	19
15046.21	4939.08	19
18863.07	6154.72	19
22268.29	7405.38	19
25899.25	8627.69	19
29841.46	9875.2	19
33620.78	11088.09	19
1.25	1.28	19
1.64	1.76	19
2.37	2.46	19
3.71	3.54	19
6.3	6.29	19
11.24	10.22	19
14.76	15.09	19
17.38	14.04	19
19.39	12.27	19
21.15	15.18	19
24.84	16.59	19
31.92	25.88	19
43.59	35.89	19
70.79	59.44	19
116.9	98.52	19
190.81	173.44	19
346.53	335.14	19
716.03	653.87	19
1488.49	1344.14	19
2884.2	2590.59	19
4020.98	3914.69	19
5665.77	5121.38	19
7233.41	6478.74	19
8518.59	7708.97	19
10064.54	8944.88	19
11573.7	10247.34	19
12858.67	11584.31	19
1.2	1.39	19
1.54	1.51	19
2.58	2.39	19
3.69	3.47	19
6.16	5.32	19
8.73	6.53	19
11.42	8.78	19
11.23	11.97	19
14.5	10.73	19
17.55	12.73	19
26.68	13.54	19
39.87	21.61	19
69.38	29.58	19
133.36	46.09	19
256.41	88.59	19
497.14	166.81	19
992.26	319.81	19
1947.73	619.9	19
3919.88	1224.52	19
7636.71	2363.36	19
11267.27	3537.5	19
14939.24	4651.09	19
18603.27	5785.85	19
22293.88	6944.93	19
25953.63	8080.34	19
29729.66	9201.71	19
33289.55	10323.71	19
1.33	1.25	19
1.52	1.66	19
2.33	2.29	19
3.58	3.55	19
5.72	5.87	19
9.69	9.26	19
14.07	11.4	19
17.6	15.33	19
18.23	11.75	19
21.32	14.33	19
23.5	20.18	19
32.08	28.04	19
45.28	31.88	19
74.73	58.22	19
137.92	96.47	19
191.99	181.07	19
417.54	340.79	19
705.72	658.59	19
1589.9	1269.13	19
2881.57	2464.77	19
4093.09	3693.08	19
5762.74	4959.47	19
7274.33	6034.24	19
8758.86	7247.8	19
10114.34	8531.66	19
11656.8	9663.74	19
12992.79	10990.39	19
1.15	1.08	20
1.46	1.44	20
2.17	2.34	20
3.59	3.61	20
6.46	6.07	20
9.54	9.09	20
14.31	12.37	20
16.51	15.7	20
23.23	16.32	20
26.81	15.22	20
36.82	22.48	20
58.86	25.47	20
100.9	36.8	20
183.68	56.89	20
348.64	109.6	20
680.6	208.19	20
1326.09	393.89	20
2647.52	776.18	20
5254.99	1518.04	20
10040.73	3009.83	20
14859.81	4490.07	20
19589.29	5970.07	20
23935.55	7410.51	20
28908.99	8926.05	20
33294.38	10374.22	20
38138.41	11829.71	20
42925.84	13348.93	20
1.13	1.18	20
1.61	1.55	20
2.05	2.31	20
3.41	3.44	20
5.45	5.28	20
8.38	8.22	20
9.79	8.92	20
10.1	9.13	20
12.94	11.17	20
13.39	10.86	20
18.35	13.85	20
20.55	19.6	20
29.25	27.52	20
44.2	42.24	20
70.54	73.65	20
126.5	136.47	20
233.92	257.56	20
430.68	486.68	20
774.92	973.85	20
1518.01	1833.71	20
2353.74	2727.31	20
3014.53	3643.08	20
3638.4	4495.76	20
4373.56	5445.55	20
5112.41	6234.31	20
5797.54	7176.24	20
6672.87	8023.97	20
1.19	1.12	20
1.59	1.55	20
1.86	2.87	20
3.48	3.63	20
5.95	5.35	20
9.34	8.67	20
13.06	11.84	20
16.82	13.33	20
20.11	12.18	20
25.58	15.5	20
34.05	17.95	20
53.9	21.21	20
93.09	36.62	20
172.89	56.14	20
328.75	102.52	20
626.62	190.36	20
1245.35	375.24	20
2476.87	728.1	20
4986.29	1451.14	20
9697.83	2836.27	20
14248.1	4183.93	20
19092.8	5548.16	20
23710.47	6966.16	20
28443.38	8225.07	20
33379.48	9675.43	20
37673.19	11010.51	20
42525.0	12415.69	20
1.11	1.13	20
1.53	1.46	20
2.23	2.16	20
3.88	3.75	20
5.86	5.63	20
8.56	9.06	20
10.51	8.39	20
11.03	10.64	20
13.65	11.01	20
13.48	11.64	20
16.19	11.7	20
19.57	19.28	20
31.54	24.94	20
44.54	41.9	20
68.15	66.71	20
124.83	119.71	20
236.38	222.11	20
431.77	432.46	20
788.49	854.32	20
1495.69	1666.06	20
2270.62	2493.37	20
2980.53	3300.73	20
3647.52	4012.84	20
4489.85	4778.54	20
5177.9	5620.16	20
5919.37	6469.57	20
6519.86	7311.0	20
0.9	0.91	21
1.04	1.04	21
1.38	1.31	21
2.42	1.96	21
3.03	2.85	21
4.85	3.98	21
9.37	5.25	21
16.72	5.45	21
32.7	11.73	21
62.87	12.94	21
119.17	18.46	21
207.75	29.64	21
358.31	48.54	21
497.05	78.36	21
672.42	114.49	21
845.47	154.7	21
933.75	232.89	21
1392.29	369.43	21
2077.22	667.03	21
3552.02	1239.6	21
4889.32	1752.35	21
6290.86	2276.57	21
7708.79	2877.1	21
9049.53	3455.96	21
10557.69	3970.31	21
11943.68	4556.95	21
13348.52	5141.8	21
0.85	0.89	21
1.02	1.01	21
1.4	1.41	21
1.84	1.67	21
2.77	2.63	21
4.83	4.82	21
8.73	6.14	21
16.3	6.94	21
31.56	11.08	21
61.78	15.36	21
115.14	22.74	21
216.91	31.62	21
368.59	56.12	21
591.07	87.29	21
769.29	132.55	21
904.75	183.56	21
1137.36	301.23	21
1563.34	499.72	21
2517.87	910.32	21
4341.21	1699.63	21
6056.42	2509.96	21
7859.89	3232.07	21
9684.52	4035.49	21
11450.84	4812.92	21
13213.1	5627.71	21
14946.01	6341.35	21
16722.38	7249.59	21
0.89	0.96	21
1.03	1.06	21
1.27	1.33	21
1.84	1.87	21
2.86	2.94	21
4.7	4.79	21
9.28	7.93	21
17.34	10.39	21
33.16	9.34	21
63.84	15.16	21
120.32	19.23	21
209.45	31.95	21
352.1	44.76	21
505.77	75.03	21
682.55	107.86	21
778.31	136.63	21
918.0	208.05	21
1411.56	341.83	21
2060.29	609.27	21
3496.61	1113.82	21
4896.48	1583.83	21
6311.61	2098.55	21
7702.56	2618.16	21
9054.94	3084.14	21
10558.42	3526.95	21
11959.12	4098.51	21
13381.29	4560.42	21
0.86	0.98	21
0.93	1.01	21
1.35	1.31	21
1.92	1.91	21
2.74	2.59	21
4.53	4.75	21
8.39	6.38	21
16.57	4.72	21
31.37	13.93	21
60.81	15.79	21
115.08	17.22	21
218.79	31.27	21
373.41	52.56	21
548.42	86.41	21
769.47	119.78	21
927.68	175.08	21
1184.43	276.37	21
1609.85	487.13	21
2593.63	877.95	21
4294.89	1602.13	21
6062.94	2342.75	21
7807.66	3063.06	21
9724.16	3829.27	21
11494.17	4437.2	21
13246.93	5202.4	21
14959.1	5879.51	21
16849.63	6772.14	21
0.98	0.99	22
1.22	1.14	22
1.42	1.3	22
1.94	1.96	22
2.73	3.07	22
4.96	4.8	22
8.79	7.43	22
16.56	6.12	22
32.07	11.43	22
60.1	15.78	22
119.19	21.39	22
215.95	32.06	22
383.95	50.98	22
585.77	86.93	22
794.02	129.14	22
902.06	180.16	22
1138.72	285.16	22
1617.96	494.6	22
2604.76	912.64	22
4331.16	1691.73	22
6133.5	2473.64	22
7781.25	3216.18	22
9648.07	4054.84	22
11325.61	4814.52	22
13207.06	5642.43	22
14922.71	6360.05	22
16700.15	7152.89	22
1.17	0.87	22
1.18	1.2	22
1.51	1.47	22
2.13	2.0	22
3.02	2.7	22
4.79	4.88	22
9.6	6.72	22
17.38	6.93	22
33.51	9.02	22
62.26	13.87	22
116.04	19.63	22
208.19	32.59	22
364.65	51.23	22
519.61	76.13	22
661.46	111.12	22
820.15	155.66	22
958.21	229.0	22
1348.26	375.91	22
2076.33	686.76	22
3522.38	1225.67	22
4890.18	1784.92	22
6369.73	2343.91	22
7741.9	2899.57	22
9237.74	3431.05	22
10622.35	4028.14	22
12059.23	4536.44	22
13592.9	5087.76	22
0.99	0.98	22
0.99	1.14	22
1.42	1.34	22
1.94	1.99	22
2.93	2.76	22
4.89	4.15	22
8.88	4.46	22
16.6	6.03	22
32.16	10.57	22
62.54	11.47	22
117.5	19.46	22
213.63	31.15	22
383.6	51.21	22
580.95	87.57	22
745.03	118.35	22
914.38	181.35	22
1172.97	272.45	22
1578.47	456.82	22
2535.19	848.86	22
4298.32	1578.67	22
6065.97	2288.32	22
7841.22	2997.81	22
9582.06	3755.2	22
11434.29	4518.98	22
13096.32	5147.48	22
14944.9	5833.5	22
16660.14	6533.43	22
0.97	0.94	22
1.17	1.14	22
1.52	1.65	22
1.8	1.9	22
2.99	3.0	22
5.36	4.54	22
9.61	6.42	22
17.19	8.71	22
33.16	12.18	22
64.46	19.35	22
120.28	16.38	22
211.91	32.33	22
362.03	50.91	22
607.63	91.54	22
769.95	111.34	22
835.78	150.89	22
986.47	224.63	22
1333.77	367.45	22
2102.68	639.55	22
3534.18	1118.27	22
4929.45	1619.75	22
6378.72	2165.58	22
7821.16	2584.4	22
9277.33	3097.1	22
10603.66	3619.19	22
12060.24	4195.62	22
13527.26	4490.48	22
0.96	0.96	23
1.14	1.18	23
1.37	1.29	23
2.04	1.92	23
2.96	2.89	23
5.43	5.28	23
9.19	5.43	23
17.79	7.99	23
33.03	12.03	23
63.52	12.55	23
118.4	20.42	23
209.39	33.69	23
364.63	49.58	23
524.9	75.06	23
668.47	111.21	23
779.65	158.47	23
977.66	236.47	23
1345.2	385.4	23
2073.38	680.37	23
3489.63	1237.33	23
4921.26	1786.83	23
6329.8	2372.38	23
7838.79	2889.42	23
9142.25	3447.4	23
10622.86	3988.72	23
12036.58	4607.27	23
13482.26	5116.92	23
1.04	1.0	23
1.16	0.97	23
1.25	1.26	23
1.93	1.77	23
2.9	2.84	23
4.87	4.59	23
9.17	7.78	23
16.7	12.41	23
32.09	12.6	23
62.85	12.19	23
115.36	22.2	23
221.3	33.56	23
383.48	54.5	23
556.18	89.49	23
764.97	129.32	23
928.17	193.05	23
1113.39	292.11	23
1583.25	490.66	23
2525.05	905.55	23
4317.23	1709.74	23
5959.17	2520.33	23
7789.1	3292.7	23
9529.79	4089.1	23
11355.63	4815.72	23
13107.87	5682.84	23
14865.8	6494.14	23
16624.0	7224.17	23
1.03	0.99	23
1.09	0.97	23
1.32	1.28	23
1.99	2.02	23
3.13	2.75	23
5.51	4.58	23
8.95	7.54	23
16.93	8.44	23
33.81	11.31	23
63.3	15.6	23
118.42	20.03	23
218.52	31.42	23
347.99	45.69	23
530.67	72.56	23
653.7	111.33	23
769.96	145.14	23
989.7	219.75	23
1372.57	353.78	23
2048.74	620.66	23
3507.35	1136.01	23
4906.27	1610.87	23
6367.09	2134.47	23
7713.04	2624.08	23
9182.25	3176.45	23
10615.84	3607.98	23
12037.88	4070.93	23
13473.47	4548.7	23
1.03	0.93	23
1.04	0.99	23
1.41	1.22	23
1.92	1.86	23
3.55	2.82	23
4.95	3.73	23
9.11	4.64	23
16.6	11.07	23
31.96	11.14	23
60.43	15.66	23
114.5	21.17	23
215.51	33.77	23
354.06	55.66	23
555.67	83.52	23
750.76	124.08	23
887.2	174.14	23
1152.27	266.68	23
1586.26	463.73	23
2509.2	848.48	23
4261.43	1577.05	23
6028.5	2281.3	23
7822.52	2974.44	23
9491.23	3758.94	23
11279.18	4483.45	23
13091.69	5172.88	23
14851.79	5989.83	23
16534.15	6601.12	23
1.08	1.01	24
1.18	1.16	24
1.4	1.26	24
1.9	1.95	24
2.78	2.7	24
4.74	4.73	24
9.01	7.13	24
16.77	7.75	24
31.05	12.87	24
61.28	14.24	24
117.52	22.02	24
216.83	30.22	24
374.35	55.54	24
583.09	84.74	24
773.84	129.34	24
903.19	187.47	24
1163.08	287.3	24
1601.23	498.86	24
2574.7	918.68	24
4334.45	1692.5	24
6087.54	2495.32	24
7938.87	3243.23	24
9595.19	4064.99	24
11437.98	4825.76	24
13294.68	5630.27	24
14952.17	6399.02	24
16662.55	7134.7	24
0.9	1.07	24
1.11	1.13	24
1.31	1.24	24
1.79	1.85	24
3.17	3.06	24
5.07	5.07	24
9.06	8.62	24
17.02	6.99	24
33.31	8.86	24
63.33	15.53	24
120.25	17.56	24
214.65	31.51	24
343.61	45.46	24
499.55	75.42	24
649.51	104.24	24
807.65	142.65	24
934.55	232.42	24
1326.74	378.32	24
2098.82	672.67	24
3440.37	1227.13	24
4888.25	1807.87	24
6268.48	2329.97	24
7573.58	2848.07	24
8991.29	3455.34	24
10292.36	3972.15	24
11817.33	4515.86	24
13166.14	5049.48	24
0.95	0.93	24
1.12	1.04	24
1.4	1.41	24
1.86	1.81	24
2.84	2.63	24
5.39	3.85	24
8.77	8.73	24
16.73	6.17	24
32.0	8.77	24
61.18	12.11	24
116.85	21.99	24
217.64	33.02	24
365.61	51.61	24
584.61	87.11	24
796.69	127.08	24
902.05	176.03	24
1138.97	280.64	24
1586.9	480.54	24
2555.29	854.1	24
4335.61	1600.15	24
6082.92	2336.03	24
7863.59	3104.06	24
9636.77	3807.83	24
11430.68	4518.24	24
13149.87	5204.64	24
15038.77	5938.58	24
16696.4	6671.93	24
1.57	0.99	24
1.05	1.04	24
1.43	1.4	24
1.83	1.92	24
2.96	3.25	24
4.99	4.18	24
9.15	6.67	24
16.94	10.2	24
32.45	11.33	24
63.02	12.18	24
118.69	20.75	24
207.66	26.18	24
343.16	44.61	24
549.64	79.5	24
648.7	105.7	24
791.67	146.03	24
960.16	213.89	24
1329.47	338.42	24
2032.78	596.85	24
3451.77	1100.83	24
4805.52	1599.22	24
6221.87	2098.13	24
7580.5	2631.34	24
10258.55	3111.59	24
10466.55	3525.02	24
11799.51	4161.48	24
13199.8	4559.89	24
1.11	1.1	25
1.07	1.19	25
1.24	1.28	25
1.15	1.18	25
1.2	1.75	25
1.33	1.32	25
1.19	1.68	25
1.47	1.79	25
1.85	2.02	25
2.45	2.28	25
3.03	3.45	25
4.39	4.64	25
7.33	7.83	25
12.48	13.99	25
23.66	25.74	25
44.12	46.95	25
84.65	92.02	25
162.47	180.15	25
311.47	340.66	25
615.98	680.68	25
921.87	1012.87	25
1224.97	1340.12	25
1523.31	1675.79	25
1764.05	1992.28	25
2123.93	2361.45	25
2354.13	2630.97	25
2746.22	3124.84	25
1.18	1.04	25
1.18	1.05	25
1.22	1.22	25
1.11	1.2	25
1.13	1.26	25
1.19	1.13	25
1.5	1.66	25
1.72	1.73	25
1.98	2.0	25
2.29	2.73	25
3.03	3.88	25
4.62	5.66	25
7.29	10.63	25
12.92	19.76	25
23.13	36.84	25
44.14	69.03	25
83.62	136.69	25
161.83	268.58	25
324.36	529.42	25
621.14	1031.54	25
906.91	1347.91	25
1208.15	2028.09	25
1522.41	2526.21	25
1805.09	2998.05	25
2117.63	3540.91	25
2397.72	4007.91	25
2710.27	4238.55	25
1.13	0.93	25
1.11	1.09	25
1.1	1.07	25
1.29	1.07	25
1.32	1.64	25
1.38	1.38	25
1.57	1.7	25
2.01	1.97	25
2.6	3.35	25
4.3	4.63	25
7.53	8.51	25
13.99	14.55	25
26.46	29.22	25
51.5	55.23	25
100.29	95.82	25
200.17	211.55	25
392.23	416.99	25
780.66	740.75	25
1556.13	1658.02	25
3051.81	3237.86	25
4491.47	4261.54	25
5998.42	5645.9	25
7467.08	8034.6	25
9004.22	8473.97	25
10414.18	11141.1	25
11846.04	11295.07	25
13444.42	12632.62	25
