1.12	1.01
1.27	1.01
1.49	1.13
1.44	1.12
1.55	1.42
1.54	1.61
1.93	1.76
2.21	2.18
2.83	2.66
3.81	3.68
5.89	5.69
9.88	9.79
17.53	17.86
32.85	31.74
60.16	61.19
119.12	117.68
230.79	229.93
450.18	425.89
646.49	651.36
860.43	864.18
1088.3	1068.36
1319.13	1273.11
1502.44	1442.85
1676.83	1686.83
1903.23	1887.88
1.23	1.07
1.26	1.8
1.19	1.62
1.31	1.09
1.52	1.39
1.97	1.68
2.4	2.71
3.79	2.59
6.27	3.93
11.32	5.75
21.64	9.83
41.01	18.66
81.05	35.04
158.36	67.97
316.53	129.72
622.84	258.81
1250.48	506.05
2408.37	988.98
3602.56	1486.14
4827.27	1940.5
5936.54	2432.08
7105.18	2897.55
8379.95	3359.29
9446.55	3907.75
10648.68	4286.39
1.23	1.12
1.12	1.16
1.26	1.94
1.34	1.21
1.57	1.46
1.61	1.74
1.94	2.64
2.28	2.23
2.9	3.0
3.82	3.65
5.9	5.38
10.01	9.02
17.65	16.45
32.82	27.99
61.43	51.63
119.23	97.0
235.21	181.97
439.73	356.13
663.02	526.98
885.4	688.55
1085.69	851.17
1291.65	1022.44
1507.79	1182.23
1727.96	1372.87
1937.89	1536.03
1.21	0.97
1.14	1.0
1.11	1.07
1.39	1.27
1.68	1.33
1.88	1.7
2.4	2.21
3.82	2.29
6.28	3.52
11.36	5.33
22.41	10.27
41.28	17.59
81.23	33.24
161.68	63.71
316.28	126.18
625.88	244.76
1246.99	487.95
2433.3	942.22
3577.57	1397.11
4821.26	1862.67
5987.31	2288.39
7152.83	2751.23
8296.41	3230.68
9573.18	3700.15
10774.04	4123.21
1.27	1.03
1.29	1.02
1.42	1.1
1.51	1.17
1.59	1.33
1.6	1.51
1.96	2.0
2.57	2.47
3.56	3.56
5.64	6.42
9.67	10.21
17.52	18.84
34.09	35.4
64.26	66.89
126.84	132.25
251.67	258.96
488.76	503.88
953.65	967.09
1418.88	1476.69
1887.11	1999.99
2364.62	2435.13
2828.43	2948.15
3297.33	3382.28
3811.98	3792.4
4231.64	4380.4
1.29	1.18
2.02	1.04
1.35	1.09
1.44	1.18
1.66	1.43
2.13	2.38
2.54	2.01
3.5	2.88
5.85	3.17
10.29	6.24
18.93	7.79
35.67	20.96
69.17	40.53
137.69	50.86
268.08	98.52
529.47	193.25
1065.6	383.03
2075.79	1190.7
3092.38	1108.8
4119.35	1468.69
5092.44	1827.65
6115.45	2208.51
7067.7	2544.38
8145.31	4655.01
9118.6	3270.95
1.24	1.65
1.36	1.23
1.41	1.05
1.63	1.17
1.48	1.38
1.86	2.16
2.1	2.03
2.69	2.4
3.42	3.6
5.65	5.53
9.41	9.0
17.56	16.53
34.03	30.9
64.93	60.18
125.25	116.7
246.52	226.77
491.41	449.46
954.45	865.41
1404.92	1310.89
1911.27	1710.04
2366.07	2136.9
2836.86	2551.2
3272.54	2933.61
3740.04	3372.31
4221.99	3832.91
1.29	1.12
1.27	1.06
1.42	1.2
1.53	1.21
1.6	1.54
1.9	1.79
2.49	2.14
3.4	2.59
5.86	3.51
9.9	4.85
18.36	8.01
35.36	13.76
70.25	26.1
135.51	49.94
270.15	97.75
529.69	190.31
1055.66	378.76
2090.12	735.6
3093.82	1091.26
4082.21	1453.18
5096.13	1800.65
6072.64	2166.34
7113.43	2525.06
8125.43	2895.54
9166.6	3238.16
1.2	1.22
1.31	1.05
1.34	1.02
1.48	1.27
1.56	1.98
1.91	1.59
2.37	2.01
3.49	2.27
5.69	3.14
10.08	6.09
18.47	7.86
35.66	13.8
68.41	41.05
137.45	50.72
267.09	97.48
533.01	192.08
1062.82	380.99
2076.45	743.17
3069.95	2429.79
4124.34	1461.58
5096.26	1832.52
6074.87	4809.22
7115.81	2539.4
8158.07	2907.35
9161.98	3252.55
1.2	1.08
1.24	1.04
1.19	1.19
1.41	1.23
1.6	1.37
1.85	1.53
2.07	1.79
2.78	2.54
3.78	3.52
5.15	5.43
9.81	9.8
17.54	18.78
32.97	35.56
63.77	67.05
127.98	132.05
251.13	264.28
496.88	522.2
963.39	986.99
1429.02	1454.12
1907.35	1933.9
2378.68	2455.88
2812.35	2918.74
3310.96	3405.28
3697.9	3870.8
4259.09	4368.12
1.34	1.11
1.27	1.04
1.28	1.22
1.38	1.26
1.5	1.58
1.91	1.85
2.51	2.15
3.75	2.58
5.64	3.73
10.12	5.0
18.36	8.31
34.84	21.12
69.32	25.53
134.68	49.7
270.38	96.88
534.1	305.46
1067.02	377.74
2090.1	735.8
3092.25	1091.56
4051.21	2330.38
5079.61	1805.63
6143.65	2164.94
7150.56	2520.03
8148.82	2883.75
9104.19	3240.97
1.25	1.09
1.26	1.13
1.32	1.05
1.47	1.18
1.5	1.49
1.96	1.6
2.01	1.95
2.53	2.47
3.59	3.5
5.82	5.47
9.43	9.35
17.9	16.43
33.63	30.95
65.69	59.81
128.38	116.42
252.6	229.82
497.28	449.55
954.15	880.27
1421.5	1291.4
1870.5	1724.76
2340.07	2120.43
2809.36	2556.05
3321.94	2965.79
3761.41	3437.3
4198.35	3830.24
1.15	1.01
1.28	1.17
1.27	1.03
1.36	1.05
1.53	1.31
1.85	1.62
2.38	2.02
3.8	2.37
6.17	3.73
11.16	5.71
21.15	9.85
41.79	19.48
82.59	35.11
160.53	67.95
316.45	130.75
626.65	258.45
1255.68	515.62
2439.56	989.71
3623.09	1463.32
4761.59	1945.1
6006.06	2432.75
7154.76	2890.39
8334.15	3364.43
9507.02	3878.08
10690.11	4343.24
1.08	1.03
1.31	0.93
1.37	1.06
1.29	1.96
1.49	1.27
1.69	1.58
2.05	2.42
2.23	2.21
2.8	3.16
3.83	3.85
5.8	5.72
10.02	9.72
17.71	17.62
33.44	32.04
63.49	60.37
115.39	118.79
224.8	224.3
453.91	443.55
658.51	651.33
884.84	839.46
1089.28	1061.11
1273.87	1276.88
1526.81	1443.67
1762.08	1687.73
1896.47	1850.6
1.24	1.1
1.08	1.13
1.38	1.2
1.3	1.15
1.5	1.54
1.79	1.72
2.37	2.02
3.73	2.57
6.69	3.41
11.18	5.31
21.08	9.6
41.69	17.1
79.93	32.96
160.72	62.46
312.88	123.66
617.8	244.43
1251.37	489.68
2428.88	945.16
3607.1	1390.92
4815.19	1851.09
5980.0	2307.38
7214.38	2772.66
8297.19	3238.72
9454.34	3688.9
10658.25	4100.12
1.15	1.11
1.24	1.13
1.27	1.13
1.36	1.29
1.54	1.44
2.28	1.57
2.26	1.82
2.28	2.95
3.26	3.12
4.07	3.89
5.75	5.49
9.74	9.02
17.72	15.35
33.2	28.49
61.07	52.22
117.43	95.52
230.46	189.62
438.53	357.36
645.95	526.32
871.76	693.88
1077.79	839.21
1313.55	1027.74
1465.9	1248.74
1707.84	1369.0
1921.73	1513.05
1.14	1.01
1.26	1.44
1.41	1.12
1.69	1.45
1.73	1.59
1.94	1.82
2.27	2.67
2.53	2.35
3.1	2.83
5.21	4.28
6.63	6.81
12.16	12.32
20.11	21.4
37.5	40.59
71.03	77.26
134.15	148.49
261.48	289.31
504.79	542.33
740.73	807.13
986.35	991.91
1235.9	1290.98
1487.72	1702.69
1702.3	1905.06
1941.66	2158.09
2163.11	2437.51
1.2	0.94
1.86	1.06
1.46	1.07
1.55	1.38
1.9	1.64
2.0	2.06
3.0	2.42
4.32	3.5
7.77	5.45
13.56	9.14
25.84	16.62
48.37	23.27
98.05	43.12
187.81	84.69
380.0	166.15
745.43	467.41
1486.41	1475.97
2897.37	1793.2
4346.8	2701.61
5694.89	4615.22
7162.03	4398.99
8520.9	3722.56
10093.3	6150.66
11352.74	7004.28
12721.47	5580.07
1.17	1.03
1.34	1.21
1.57	1.23
1.56	1.33
1.72	1.7
1.96	1.94
1.93	2.28
2.72	2.62
3.21	3.28
4.21	4.6
6.76	6.64
11.37	10.98
20.73	19.69
38.21	37.35
69.28	65.44
134.01	123.77
265.97	255.93
501.97	459.4
738.96	678.74
961.64	880.63
1241.59	1118.24
1446.89	1396.53
1701.58	1594.06
1906.87	1827.04
2204.33	2147.65
1.27	1.06
1.91	0.98
1.28	1.22
2.27	1.24
1.76	1.61
2.05	2.13
3.01	2.34
4.52	3.62
7.55	5.65
13.56	7.07
25.32	16.79
48.9	40.78
96.84	60.81
192.58	153.12
374.14	166.04
742.68	743.58
1483.84	650.75
2872.67	1830.3
4290.77	1879.19
5699.3	3545.74
7089.6	4445.6
8524.05	5310.29
10021.71	4326.93
11358.63	9085.14
12763.94	8048.09
1.21	1.19
1.33	1.09
1.54	1.31
1.68	1.32
1.59	1.69
1.93	1.67
2.22	2.71
2.94	2.71
3.98	4.0
7.02	6.23
10.35	10.76
19.32	19.98
36.53	37.02
71.02	71.3
133.9	142.84
259.34	281.87
527.64	554.15
1020.42	1077.13
1532.42	1554.67
2020.16	2124.41
2489.24	2638.35
3018.86	3218.21
3521.79	3618.19
3981.16	4228.53
4455.46	4752.9
1.13	1.14
1.37	1.29
1.45	1.17
1.72	1.49
1.88	1.62
2.11	1.95
2.85	2.43
4.25	3.18
6.79	4.92
11.91	7.81
22.89	14.67
44.11	19.11
85.07	35.48
165.35	99.86
323.56	261.47
645.62	268.13
1292.24	528.97
2505.5	1042.74
3732.03	3013.12
4917.83	2070.64
6130.52	3748.84
7403.94	4529.46
8633.64	3579.15
9853.56	7801.15
10986.94	6685.52
1.22	1.13
1.31	1.11
1.36	1.39
1.43	1.47
1.57	1.82
1.97	1.94
2.1	2.27
2.91	2.71
4.33	4.07
6.29	6.16
10.27	9.86
18.84	17.96
36.34	35.54
70.94	65.77
133.68	128.27
261.98	247.54
529.2	485.33
1018.28	976.75
1508.84	1415.7
2022.81	1786.87
2506.87	2311.84
2989.45	2700.11
3540.54	3408.98
4070.51	3699.47
4485.37	3928.27
1.38	1.1
1.26	1.28
1.42	1.86
1.54	1.32
1.83	1.72
2.95	2.18
2.92	2.79
4.13	3.26
6.72	4.69
11.91	8.2
23.91	14.36
42.88	19.85
85.26	37.44
168.54	103.73
328.75	143.98
648.75	518.05
1292.06	562.96
2486.94	1095.65
3720.33	2989.76
4919.67	3086.05
6147.18	2701.59
7373.41	4590.59
8579.29	3753.14
9710.53	4302.65
10940.97	4840.83
1.2	1.1
1.25	1.22
1.36	1.32
1.61	1.51
1.68	1.65
2.18	1.91
2.9	2.48
4.16	3.73
7.06	3.82
12.01	7.52
22.59	13.91
42.77	25.65
84.68	32.52
165.0	130.95
327.2	122.61
649.06	370.36
1285.42	477.55
2521.9	1455.67
3720.44	2166.12
4928.02	1902.56
6202.99	2412.66
7331.25	2911.07
8589.5	8669.77
9764.39	5898.05
10979.01	6632.38
1.15	1.08
1.18	1.77
1.41	1.23
1.35	1.4
1.53	1.34
2.02	1.84
2.27	2.04
2.6	2.9
4.13	4.27
6.02	6.3
11.47	10.86
18.79	20.43
36.35	38.47
70.31	75.63
137.72	140.91
266.27	274.39
518.35	536.38
1024.02	1054.75
1515.87	1532.28
2008.77	2098.32
2513.35	2664.23
3029.64	3146.88
3474.04	3643.98
4030.29	4251.66
4525.91	4590.35
1.3	1.06
1.28	1.23
1.39	1.42
2.65	1.39
1.83	2.13
2.08	2.07
2.91	3.46
4.03	3.14
6.72	4.67
12.06	6.37
22.6	14.71
42.67	35.52
83.2	36.64
165.4	102.38
322.98	199.46
646.79	400.51
1289.69	787.13
2506.12	1058.52
3732.45	2260.55
4931.74	2121.35
6122.78	5004.44
7412.58	5958.39
8658.74	6899.66
9736.13	4250.55
10955.91	6889.62
1.27	1.06
1.26	1.19
1.46	1.46
1.49	1.53
1.6	1.66
2.02	2.04
2.22	2.24
2.74	2.75
4.02	3.75
6.1	6.09
10.34	9.72
19.67	18.16
36.98	35.37
70.72	65.51
136.72	120.31
264.64	240.11
521.72	513.76
1024.46	914.92
1495.78	1409.39
1988.51	1865.25
2531.13	2230.64
3003.55	2927.5
3847.07	3232.5
4004.18	3600.74
4500.07	3960.68
1.11	1.19
1.32	1.21
1.25	1.41
1.38	1.54
1.69	1.66
2.13	1.97
2.85	2.62
4.25	3.16
7.24	4.28
13.16	9.26
25.23	12.57
50.18	41.57
96.64	61.73
188.64	156.29
375.35	235.12
744.69	470.31
1488.2	646.34
2891.48	1804.07
4312.94	1865.09
5761.19	3568.07
7105.2	3088.82
8434.5	5361.28
9903.4	4345.72
11292.71	4944.58
12721.84	5564.0
1.18	1.21
1.29	1.41
1.4	1.35
1.53	1.49
1.72	1.66
1.86	2.02
2.03	2.07
2.49	2.39
3.2	3.23
4.55	4.69
6.53	6.93
11.62	12.43
20.39	20.93
38.44	39.41
71.12	76.49
135.05	143.09
261.9	291.0
509.0	527.78
747.0	814.94
1013.76	1104.55
1232.9	1330.59
1491.22	1653.01
1712.88	1911.8
1989.33	2143.84
2150.43	2260.26
1.28	1.18
1.36	1.22
1.58	1.28
1.49	1.41
1.59	1.5
2.1	1.96
2.97	2.51
4.39	3.07
7.3	6.31
13.24	7.0
25.81	12.61
49.35	22.9
96.43	61.04
190.28	84.75
375.94	233.74
741.32	466.44
1477.13	933.55
2936.77	1823.78
4290.47	1877.76
5721.22	2501.12
7140.91	3125.79
8529.65	3737.71
9983.51	4352.21
11377.65	7072.1
12717.83	10509.14
1.05	0.91
1.28	1.16
1.52	1.25
1.43	1.43
1.61	1.55
1.73	2.01
2.01	1.96
2.37	2.57
3.18	3.21
4.15	4.42
6.61	6.68
11.06	10.88
20.38	20.66
37.51	36.44
70.6	66.58
136.59	124.63
268.3	257.49
503.12	449.87
739.51	692.62
966.14	909.89
1223.34	1149.85
1459.86	1388.16
1752.95	1620.91
1928.24	1869.67
2240.6	2065.03
1.3	1.19
1.35	1.44
1.78	1.67
1.94	2.21
2.63	2.36
3.01	2.9
3.76	3.15
4.36	3.97
5.86	4.93
7.7	7.3
12.26	11.87
21.1	21.32
36.26	37.5
69.18	72.15
128.56	139.66
249.69	264.28
467.3	509.9
696.38	763.07
914.26	989.63
1125.96	1242.22
1383.2	1512.26
1616.82	1708.09
1793.06	1964.52
1983.17	2206.1
1.23	1.24
1.41	1.36
1.48	1.61
2.18	1.83
2.56	2.63
3.49	2.58
4.82	3.29
7.33	4.43
12.91	6.89
22.85	10.98
43.53	20.92
85.25	39.86
164.78	75.43
325.64	145.07
641.62	295.46
1275.48	567.85
2486.88	1126.59
3715.87	1665.34
4935.04	2197.36
6179.39	2750.8
7346.55	3248.07
8572.3	3817.95
9812.46	4355.87
10988.0	4850.64
1.33	1.26
1.45	1.5
1.7	1.68
2.16	2.14
2.58	2.55
2.92	2.94
3.47	2.98
4.48	3.9
5.43	4.87
6.82	7.0
12.24	11.58
19.86	19.09
36.57	35.0
68.27	63.56
126.27	118.76
244.4	227.2
471.04	432.13
674.87	644.96
909.05	836.65
1122.93	1057.96
1330.24	1252.91
1614.19	1460.71
1789.81	1685.01
2052.18	1875.53
1.18	1.23
1.44	1.25
1.76	1.88
2.13	2.06
2.89	2.65
3.71	3.7
4.79	3.43
7.73	4.66
12.81	6.29
23.15	10.9
43.78	19.64
83.5	35.64
165.4	67.33
323.61	132.77
644.91	255.48
1284.88	512.29
2513.9	978.87
3696.82	1485.4
4893.0	1930.32
6111.56	2437.39
7327.05	2907.43
8594.71	3344.1
9769.88	3799.87
11026.08	4279.87
1.07	1.15
1.39	1.4
1.65	1.69
1.94	1.86
2.74	3.17
3.05	2.89
3.79	3.24
5.26	4.11
7.64	6.51
11.44	11.0
19.82	19.11
35.42	36.86
68.21	69.43
129.84	133.82
249.65	265.6
497.01	522.37
971.15	1013.3
1446.84	1511.53
1928.16	2004.45
2410.36	2491.36
2857.73	2974.34
3311.72	3479.55
3799.41	3990.22
4277.65	4422.42
1.15	1.24
1.48	1.2
1.68	1.56
2.01	2.2
2.87	2.25
3.51	2.82
4.27	2.76
6.72	4.21
10.34	5.48
18.71	8.36
35.17	14.34
66.44	26.03
130.97	48.45
259.93	92.24
507.58	180.96
1002.86	355.34
1980.58	692.33
2946.21	1041.7
3919.59	1354.85
4856.42	1691.73
5834.38	2025.09
6771.65	2358.12
7725.46	2711.11
8667.11	3084.9
1.19	1.12
1.25	1.85
1.74	1.61
2.04	2.25
2.68	2.57
3.39	3.28
4.19	3.0
5.07	4.71
8.09	6.77
11.72	10.13
20.79	18.27
36.16	34.28
68.47	64.42
129.7	120.17
254.38	237.79
500.01	470.48
979.35	902.35
1455.25	1340.0
1917.37	1780.3
2408.51	2191.79
2855.19	2652.85
3313.04	3066.71
3789.72	3466.97
4336.96	3942.1
1.29	1.18
1.35	1.33
2.01	1.67
2.21	2.09
2.53	2.61
3.3	3.01
4.48	3.47
6.55	4.05
10.26	5.53
18.68	8.4
36.55	13.12
66.38	23.66
131.35	43.32
256.95	85.1
508.91	166.96
1007.47	329.13
1980.46	628.76
2945.39	939.65
3902.95	1239.31
4845.43	1543.43
5815.47	1837.0
6798.81	2294.3
8441.38	2454.67
8695.5	2771.28
1.08	1.15
1.27	2.81
1.63	1.68
1.95	2.24
2.8	2.4
3.47	2.86
4.56	3.29
6.82	3.86
11.05	5.46
18.63	8.32
34.99	13.96
67.48	25.67
130.54	49.24
259.11	94.02
513.65	181.82
1011.36	360.64
1977.66	698.02
2938.8	1028.2
3899.75	1362.54
4881.42	1726.21
5821.68	2036.03
6822.31	2407.58
7787.15	2726.66
8771.82	3053.96
1.24	1.25
1.36	1.27
1.76	1.74
2.02	2.1
2.76	2.28
3.2	2.58
3.66	3.21
5.0	4.34
6.97	6.47
11.64	11.38
18.77	19.7
34.95	37.62
70.58	69.76
129.84	136.38
253.28	266.03
506.79	524.45
978.14	1026.4
1461.47	1517.73
1935.15	2003.8
2365.97	2515.6
2852.6	2990.35
3327.35	3474.04
3775.74	3963.76
4227.71	4430.4
1.17	1.08
1.44	1.66
1.66	1.83
2.06	2.08
2.65	2.53
3.13	3.12
4.63	4.1
6.49	3.82
10.25	5.13
17.8	7.85
35.73	13.21
67.35	24.06
129.34	44.72
259.09	85.53
513.46	164.84
1029.75	329.96
1993.61	632.91
2954.11	941.19
3886.61	1255.2
4904.02	1562.36
5813.88	1881.37
6774.8	2194.64
7717.1	2499.14
8758.25	2809.09
0.97	1.27
1.38	1.46
1.58	1.68
2.27	2.28
2.77	2.55
3.0	3.14
4.2	3.62
4.95	4.35
7.77	6.6
11.81	10.07
19.62	18.83
37.54	32.91
67.74	62.68
129.67	122.49
250.75	234.65
507.13	476.98
977.87	907.9
1450.29	1338.34
1920.59	1792.22
2406.32	2228.49
2856.73	2640.65
3315.96	3050.06
3816.45	3504.71
4285.12	3973.22
1.15	1.26
1.22	1.3
1.5	2.11
2.05	1.91
2.8	2.19
3.26	2.96
4.7	4.3
7.3	4.47
12.43	6.83
22.93	11.23
43.56	20.61
82.82	39.11
163.46	75.38
326.21	147.67
641.0	285.13
1279.14	574.22
2498.43	1108.61
3699.59	1647.56
4948.86	2193.14
6145.93	2722.09
7390.26	3282.92
8556.1	3825.19
9717.53	4343.24
11002.25	4926.18
1.01	1.32
1.51	1.47
1.95	1.55
2.09	2.38
2.39	2.15
3.17	2.65
3.03	2.73
4.22	3.77
5.7	4.95
7.31	7.6
11.75	12.39
20.46	21.0
37.36	38.37
70.34	72.01
128.31	136.18
252.64	268.1
504.09	520.49
729.93	763.89
960.55	982.78
1187.65	1237.16
1424.99	1488.15
1696.49	1771.1
1878.23	2015.27
2066.76	2214.21
1.1	1.12
1.37	1.98
1.46	1.64
2.04	2.11
2.67	2.86
3.3	2.97
4.63	3.04
7.63	4.21
11.86	6.44
22.55	11.32
42.92	19.56
83.63	34.92
162.05	66.33
321.89	131.58
640.9	260.27
1276.6	512.09
2502.42	986.25
3733.91	1451.48
4891.74	1940.72
6166.78	2413.22
7367.86	2873.91
8559.42	3351.54
9767.59	3802.2
10957.12	4303.78
1.11	1.14
1.37	1.3
1.43	1.8
2.03	2.0
2.63	2.48
2.82	2.7
3.23	3.27
3.88	3.57
5.25	4.78
8.4	7.26
10.65	11.23
20.71	18.44
34.66	35.35
65.77	63.46
132.11	124.36
245.5	235.14
467.65	437.73
673.26	687.35
927.96	866.8
1155.69	1064.44
1356.61	1358.79
1653.98	1494.14
1811.55	1684.61
1986.04	1997.11
0.91	0.9
1.07	1.0
1.18	1.35
1.52	1.53
1.85	1.82
1.89	2.01
2.05	2.3
1.91	2.2
2.76	2.19
2.13	2.64
2.88	3.13
3.38	3.45
4.42	4.4
6.16	5.65
9.31	9.47
16.13	16.15
29.12	29.9
54.49	55.58
104.36	117.71
200.05	202.97
392.73	397.23
770.31	767.69
1112.16	1116.64
1481.49	1502.92
1849.97	2117.6
2240.5	2230.75
2622.69	2981.95
2966.35	2939.82
3355.31	3341.86
0.88	0.84
1.08	1.09
1.13	1.17
1.54	1.6
1.8	1.82
2.11	2.15
2.09	2.17
2.99	2.35
2.41	2.58
2.84	2.8
3.41	3.23
5.19	5.11
8.26	8.34
14.97	13.61
27.92	28.27
54.16	54.48
105.21	105.49
209.14	205.41
407.64	354.21
816.58	811.78
1632.26	1415.57
3182.11	2746.94
4716.0	4734.65
6269.11	6266.71
7834.76	7837.42
9389.64	9333.76
10876.45	10959.7
12432.72	12381.74
14105.91	13974.54
0.84	0.98
0.98	1.05
1.22	1.23
1.28	1.62
1.92	1.79
2.02	2.03
1.81	2.39
2.18	2.31
1.84	2.32
2.6	2.91
2.94	3.03
3.43	3.2
4.22	4.58
5.89	5.94
9.32	10.2
16.3	16.35
28.69	29.61
54.29	55.33
103.96	104.81
198.7	200.02
394.07	454.09
758.13	768.15
1141.05	1148.58
1467.5	1497.43
1834.95	1878.8
2197.3	2550.0
2630.11	2598.34
2938.6	2956.1
3346.11	3813.11
0.84	0.96
0.99	1.02
1.54	1.16
1.54	1.53
1.58	1.94
1.85	1.77
2.19	2.14
2.9	2.22
2.32	2.72
2.54	3.23
3.65	3.65
5.18	5.38
8.56	8.5
15.76	13.42
27.75	27.71
53.89	54.07
104.73	104.75
207.16	208.33
412.89	411.89
820.61	704.05
1631.17	1398.96
3185.54	3183.47
4757.98	4726.21
6255.88	6307.18
7871.29	7826.22
9343.06	9390.46
10912.93	10935.15
13409.98	12498.19
14078.66	14103.97
1.01	0.92
1.21	1.05
1.36	1.16
1.59	1.56
1.93	1.86
2.23	2.17
2.09	2.13
2.56	2.36
2.27	2.47
2.56	2.64
3.01	3.06
4.15	3.85
5.12	5.27
7.97	8.53
13.96	13.19
24.58	24.05
45.95	47.78
89.38	90.58
172.16	172.98
342.05	339.45
667.56	670.94
1319.17	1313.16
1949.78	1938.12
2573.77	2811.42
3178.11	3215.01
3869.41	3874.17
4503.9	4467.35
5080.4	5099.17
5763.18	5777.16
