0.96	0.89	1
1.09	1.02	1
1.38	1.23	1
1.76	1.57	1
2.76	2.51	1
4.03	3.89	1
6.72	6.63	1
10.85	9.08	1
14.76	12.59	1
13.59	10.85	1
17.91	11.18	1
17.05	12.9	1
18.3	15.79	1
18.73	19.64	1
23.88	24.43	1
29.13	35.22	1
43.88	61.95	1
70.11	100.49	1
126.62	134.69	1
235.89	249.05	1
442.44	464.04	1
822.66	941.04	1
1261.27	1385.67	1
1635.09	1698.56	1
2064.22	2127.04	1
2502.7	2626.62	1
2839.68	2963.73	1
3168.91	3491.37	1
3652.78	3917.42	1
0.88	0.8	1
0.97	1.0	1
1.28	1.74	1
1.69	1.72	1
2.48	3.15	1
4.18	3.98	1
7.26	5.93	1
9.49	11.06	1
13.27	11.07	1
13.53	15.56	1
16.14	17.78	1
20.43	16.77	1
20.21	13.58	1
25.36	27.45	1
43.64	31.02	1
68.71	55.34	1
123.93	90.89	1
223.79	146.24	1
446.76	270.66	1
858.24	642.61	1
1709.77	1708.56	1
3326.56	3291.87	1
4962.09	4899.39	1
6576.44	6610.13	1
8235.76	8243.58	1
9750.29	9925.56	1
11493.21	11548.27	1
12956.97	12943.52	1
14608.19	14741.65	1
0.8	0.82	1
0.94	1.05	1
1.33	1.31	1
1.68	1.81	1
2.4	2.36	1
3.92	4.18	1
7.05	6.64	1
11.17	10.26	1
13.23	11.76	1
14.26	10.24	1
15.85	15.18	1
15.2	16.46	1
18.27	16.56	1
19.42	22.43	1
22.69	23.73	1
29.98	33.51	1
45.41	54.27	1
73.68	76.94	1
125.72	147.83	1
229.32	312.56	1
446.15	531.79	1
843.32	1010.89	1
1249.02	1716.48	1
1671.82	2587.85	1
2048.36	2862.6	1
2425.82	2912.24	1
2898.42	3927.05	1
3239.74	3926.3	1
3711.89	5772.25	1
0.84	0.87	1
1.0	0.95	1
1.31	1.28	1
1.6	1.93	1
2.45	2.46	1
4.06	3.97	1
6.65	6.91	1
10.5	10.9	1
12.27	13.08	1
15.83	12.15	1
16.25	16.99	1
19.41	12.3	1
22.58	18.26	1
30.17	25.74	1
39.39	36.56	1
68.84	53.06	1
119.42	94.8	1
230.48	227.6	1
440.45	439.81	1
860.3	830.95	1
1714.32	1765.99	1
3307.29	3396.44	1
4939.31	5231.03	1
6514.18	7021.74	1
8123.69	8708.16	1
9734.69	10473.66	1
11368.02	12147.86	1
12965.54	13861.84	1
14602.11	15075.98	1
0.96	0.96	2
0.98	1.05	2
1.21	1.24	2
1.72	1.66	2
2.26	2.64	2
4.17	4.0	2
6.86	6.7	2
9.75	10.1	2
10.21	14.19	2
14.09	13.98	2
16.68	12.64	2
18.26	18.4	2
19.83	16.66	2
19.96	16.84	2
28.19	29.73	2
38.42	42.98	2
58.6	70.22	2
106.55	120.66	2
197.0	204.54	2
370.06	400.54	2
713.84	778.43	2
1390.22	1467.01	2
2029.52	2144.1	2
2734.39	2866.05	2
3390.55	3451.5	2
4089.3	4190.45	2
4713.58	4972.05	2
5446.44	5702.48	2
6078.67	6343.06	2
1.0	0.92	2
0.96	1.08	2
1.2	1.25	2
1.68	1.7	2
2.56	2.35	2
4.22	4.05	2
6.2	6.78	2
9.77	10.09	2
12.86	15.07	2
15.99	15.0	2
17.77	16.81	2
15.69	10.66	2
23.35	21.39	2
27.47	18.6	2
40.94	30.87	2
61.13	40.33	2
109.24	78.93	2
195.32	175.01	2
384.5	221.06	2
746.75	461.22	2
1466.1	1484.34	2
2860.53	2869.4	2
4274.37	4214.96	2
5656.61	5634.6	2
7041.57	7116.62	2
8449.27	8674.3	2
9868.62	9882.08	2
11215.83	11515.89	2
12609.71	12933.12	2
0.98	0.98	2
1.25	1.07	2
1.21	1.32	2
1.63	1.73	2
2.6	2.62	2
4.24	4.06	2
6.96	6.35	2
10.39	11.04	2
13.91	12.65	2
16.88	14.97	2
17.71	9.97	2
18.36	12.52	2
21.32	19.79	2
21.91	20.15	2
28.98	25.22	2
37.11	39.95	2
58.94	70.38	2
107.03	130.42	2
193.02	223.19	2
367.99	402.01	2
726.88	731.45	2
1395.38	1385.32	2
2041.78	2242.23	2
2731.77	3193.6	2
3354.42	3445.83	2
4059.92	4426.89	2
4711.77	4803.04	2
5390.91	6365.41	2
6106.73	7141.0	2
0.95	0.85	2
0.96	0.98	2
1.22	1.18	2
1.72	1.63	2
2.58	2.7	2
4.09	3.84	2
7.04	7.08	2
10.93	9.52	2
14.73	15.47	2
15.46	10.74	2
16.75	8.98	2
17.31	14.04	2
23.26	16.02	2
27.3	26.36	2
40.93	37.46	2
63.43	47.28	2
109.31	64.71	2
199.81	175.59	2
379.74	219.83	2
754.18	648.82	2
1461.53	1574.36	2
2853.23	3040.14	2
4268.88	4416.69	2
5665.72	6004.74	2
7073.86	7632.09	2
9476.51	10063.84	2
9843.16	10205.41	2
11237.12	12119.61	2
12631.24	13682.83	2
0.89	1.49	3
1.13	1.19	3
1.24	1.2	3
1.83	1.8	3
2.53	2.65	3
4.22	3.6	3
6.6	6.64	3
10.54	9.81	3
14.37	13.12	3
16.01	15.05	3
17.63	15.58	3
19.13	16.11	3
21.0	17.6	3
28.31	19.74	3
39.95	29.74	3
62.43	57.08	3
111.12	81.21	3
198.44	149.51	3
385.31	329.86	3
748.11	650.13	3
1486.67	1413.67	3
2883.23	2724.83	3
4272.45	4225.32	3
5666.98	5655.75	3
7029.14	6877.4	3
8456.28	8631.44	3
9769.17	9907.22	3
11176.34	11454.09	3
12676.64	12835.98	3
0.96	0.94	3
1.05	1.0	3
1.31	1.28	3
1.68	1.72	3
2.51	2.5	3
3.89	4.35	3
7.04	5.3	3
9.87	7.9	3
14.82	13.39	3
13.78	14.25	3
17.57	14.37	3
17.96	14.01	3
20.94	19.8	3
20.83	20.39	3
26.93	28.65	3
39.85	46.95	3
63.11	68.71	3
106.91	114.81	3
194.09	200.85	3
375.19	390.02	3
721.65	756.15	3
1395.8	1436.58	3
2042.35	2125.82	3
2726.95	2806.04	3
3403.92	3486.39	3
4075.09	4158.36	3
4750.23	4860.96	3
5461.22	5608.6	3
6094.88	6263.11	3
0.93	0.98	3
1.12	1.09	3
1.27	1.22	3
1.72	1.81	3
2.47	2.51	3
4.01	3.89	3
6.64	5.42	3
11.1	10.52	3
14.91	13.14	3
16.55	9.98	3
16.21	15.01	3
20.02	12.69	3
19.26	13.38	3
26.76	22.75	3
35.93	31.36	3
65.17	36.64	3
111.28	94.91	3
201.89	175.39	3
383.14	274.88	3
739.56	754.51	3
1482.3	1497.08	3
2875.73	2897.92	3
4273.37	4443.53	3
5644.07	5996.51	3
7137.68	7115.93	3
8433.66	9532.4	3
9832.56	10550.36	3
11236.17	12155.59	3
12604.1	13133.0	3
1.03	0.92	3
1.03	1.02	3
1.24	1.22	3
1.76	1.63	3
2.58	2.49	3
4.09	4.11	3
6.94	6.24	3
11.04	11.15	3
12.93	10.97	3
14.28	14.97	3
17.3	14.8	3
18.31	14.75	3
18.04	17.16	3
22.54	22.38	3
27.47	27.99	3
36.47	44.82	3
61.8	73.43	3
101.21	105.65	3
196.46	225.52	3
377.26	408.21	3
726.84	781.52	3
1387.81	1530.08	3
2077.4	2420.79	3
2758.01	2991.95	3
3438.3	4242.53	3
4059.08	4471.6	3
4735.15	5980.04	3
5443.12	6368.94	3
6203.59	7232.9	3
0.87	0.88	4
1.0	1.0	4
1.21	1.27	4
1.61	1.7	4
2.33	2.4	4
4.08	4.01	4
6.59	6.75	4
10.71	9.56	4
13.68	13.74	4
16.15	13.15	4
17.38	16.67	4
19.72	14.54	4
20.83	15.6	4
28.45	25.23	4
41.01	34.5	4
69.62	48.59	4
117.23	78.2	4
232.64	141.69	4
433.67	275.69	4
856.14	645.97	4
1718.07	1636.5	4
3322.03	3381.69	4
4906.54	4872.49	4
6530.84	6590.13	4
8166.18	8145.76	4
9797.37	9744.02	4
11329.58	11465.32	4
13008.88	13123.56	4
14614.37	14730.23	4
0.92	0.86	4
1.04	1.02	4
1.26	1.25	4
1.83	1.63	4
2.66	2.44	4
4.18	4.03	4
6.66	6.52	4
11.7	9.64	4
11.39	12.84	4
14.31	12.52	4
17.12	8.1	4
17.67	15.02	4
18.06	17.75	4
20.82	18.42	4
24.7	23.02	4
31.9	31.88	4
43.19	50.5	4
73.66	75.08	4
126.56	150.55	4
233.63	263.91	4
441.68	457.93	4
846.45	880.92	4
1243.61	1321.4	4
1654.65	1704.25	4
2075.46	2204.41	4
2448.75	2711.43	4
2862.38	3034.76	4
3278.76	3300.6	4
3648.13	3860.41	4
0.97	0.86	4
0.98	0.97	4
1.25	1.34	4
1.72	1.67	4
2.53	2.49	4
4.04	4.08	4
6.91	5.16	4
9.86	10.63	4
14.77	9.82	4
15.81	13.46	4
17.89	15.74	4
20.21	19.09	4
23.76	20.96	4
26.96	28.64	4
41.95	32.96	4
72.17	64.51	4
125.31	114.21	4
230.94	175.31	4
438.2	428.11	4
863.95	801.78	4
1717.01	1743.62	4
3312.45	3418.97	4
4954.66	5142.38	4
6578.07	7181.17	4
8198.77	8672.43	4
9745.45	10461.36	4
11400.86	12230.06	4
12966.4	13513.09	4
14595.53	15054.94	4
0.86	0.89	4
0.95	1.02	4
1.24	1.31	4
1.64	1.67	4
2.67	2.3	4
4.04	4.17	4
5.8	6.48	4
9.9	11.21	4
15.09	14.25	4
14.64	13.95	4
16.42	13.09	4
17.49	12.76	4
16.45	18.7	4
21.68	17.92	4
20.68	25.62	4
30.7	31.11	4
45.5	46.74	4
73.34	91.73	4
126.18	147.2	4
232.97	309.34	4
444.35	590.95	4
846.85	1165.05	4
1277.94	1492.45	4
1646.38	2279.86	4
2077.94	2126.53	4
2463.22	2976.47	4
2892.85	3414.11	4
3271.95	3909.4	4
3646.37	5003.02	4
1.0	0.95	5
1.2	1.24	5
1.65	1.75	5
2.54	2.55	5
4.07	4.25	5
7.65	6.14	5
12.91	10.26	5
22.62	22.61	5
34.27	20.43	5
39.09	12.76	5
37.91	23.49	5
48.36	20.46	5
46.53	18.93	5
54.63	39.08	5
64.91	48.75	5
84.5	66.05	5
119.32	124.65	5
182.52	185.26	5
325.63	298.39	5
563.43	580.68	5
1023.35	1037.81	5
1545.23	1574.49	5
1954.88	2069.09	5
2502.54	2577.69	5
3018.29	3186.09	5
3511.35	3895.2	5
4032.57	4240.35	5
4534.07	4825.74	5
0.93	0.98	5
1.28	1.22	5
1.63	1.66	5
2.55	3.08	5
4.05	4.34	5
7.48	7.48	5
13.42	13.32	5
23.1	18.31	5
34.2	24.13	5
40.49	16.2	5
36.91	18.1	5
50.57	29.73	5
51.16	30.31	5
74.29	47.07	5
107.14	65.44	5
168.62	122.61	5
295.49	270.76	5
549.09	530.12	5
1068.17	1046.94	5
2101.51	2121.29	5
4056.95	4110.63	5
5990.86	6075.37	5
7979.56	8015.14	5
9936.98	10173.11	5
11937.58	12228.46	5
13913.08	14172.18	5
15799.79	16179.82	5
17759.34	18205.37	5
0.97	1.0	5
1.25	1.27	5
1.75	1.73	5
2.66	2.47	5
4.31	4.47	5
7.69	6.27	5
13.39	13.26	5
22.35	18.5	5
33.9	26.8	5
39.7	17.77	5
40.91	19.66	5
42.97	24.21	5
48.16	30.04	5
55.29	38.24	5
53.41	42.34	5
85.85	73.09	5
125.97	119.54	5
186.19	224.78	5
322.82	348.33	5
557.5	629.49	5
1025.08	1231.82	5
1539.0	2053.39	5
1978.45	2359.44	5
2533.11	2923.63	5
2940.86	3586.8	5
3470.46	4219.98	5
4004.68	4757.47	5
4567.75	6341.42	5
0.97	1.04	5
1.12	1.2	5
1.72	1.74	5
2.57	2.39	5
4.21	4.19	5
7.56	7.44	5
13.11	13.16	5
21.94	9.32	5
31.03	21.64	5
41.72	28.39	5
42.6	23.79	5
45.15	19.81	5
59.4	32.9	5
68.98	53.93	5
102.81	81.85	5
165.68	139.38	5
294.16	292.28	5
554.7	548.0	5
1063.24	1139.11	5
2100.46	2227.61	5
4089.83	4299.34	5
6019.22	6261.3	5
7949.37	8797.58	5
9938.86	10660.63	5
11946.04	12350.7	5
13832.12	15380.77	5
15915.5	18570.52	5
17797.34	19782.75	5
0.99	1.1	6
1.24	1.32	6
1.64	1.86	6
2.58	2.61	6
4.36	4.36	6
7.75	5.77	6
12.97	12.29	6
21.18	13.96	6
34.87	21.24	6
42.41	20.03	6
41.65	23.61	6
46.17	21.08	6
52.2	25.23	6
55.65	44.62	6
72.5	59.41	6
101.49	93.74	6
157.94	141.71	6
265.8	239.81	6
449.66	460.24	6
827.57	838.99	6
1572.8	1620.8	6
2381.42	2391.63	6
3205.09	3298.35	6
3930.73	4093.59	6
4740.59	4830.71	6
5555.61	5786.46	6
6378.46	6433.72	6
7159.01	7362.5	6
0.97	1.06	6
1.25	1.28	6
1.68	1.67	6
2.46	2.63	6
4.43	4.11	6
7.15	6.25	6
13.8	10.03	6
20.78	14.18	6
33.2	24.87	6
33.12	21.91	6
38.78	19.24	6
45.39	25.97	6
54.46	26.79	6
67.81	37.48	6
114.07	76.51	6
174.78	146.95	6
299.12	263.85	6
549.91	462.68	6
934.11	914.36	6
1844.93	1852.94	6
3543.66	3622.91	6
5311.11	5365.73	6
7003.85	7192.72	6
8740.36	8916.1	6
10430.25	10527.34	6
12215.89	12453.47	6
13948.71	14173.49	6
15653.09	15769.01	6
1.0	1.11	6
1.39	1.27	6
1.76	1.69	6
2.61	2.69	6
4.28	4.27	6
7.57	7.54	6
12.39	9.3	6
21.47	16.95	6
34.27	22.31	6
41.76	23.8	6
44.47	21.49	6
43.59	19.71	6
49.43	30.7	6
55.66	39.76	6
75.39	55.98	6
107.68	94.78	6
162.35	151.38	6
257.1	298.69	6
447.8	500.51	6
831.72	1074.37	6
1584.88	2031.03	6
2347.49	2574.04	6
3168.93	3508.01	6
3976.53	4724.89	6
4710.99	6072.56	6
5520.93	7061.89	6
6345.69	7536.02	6
7284.51	8513.73	6
1.12	1.09	6
1.22	1.36	6
1.61	1.8	6
2.68	2.66	6
4.22	4.18	6
7.29	7.82	6
13.48	10.54	6
21.61	18.68	6
33.29	17.31	6
35.63	17.7	6
32.89	21.16	6
44.52	17.38	6
56.52	32.23	6
69.31	46.02	6
97.15	65.69	6
150.9	132.39	6
259.21	253.18	6
481.79	520.92	6
937.2	1012.58	6
1820.19	1963.87	6
3551.73	3852.33	6
5304.63	5905.96	6
7050.34	7801.92	6
8681.36	9465.82	6
10456.11	10533.53	6
12145.99	13599.31	6
13802.62	15525.24	6
15649.13	16836.27	6
1.06	1.12	7
1.25	1.3	7
1.74	2.42	7
2.63	2.51	7
4.58	4.66	7
7.33	6.48	7
13.58	13.16	7
21.86	14.85	7
33.13	16.16	7
42.2	26.91	7
38.48	23.97	7
48.42	26.81	7
53.63	25.59	7
65.1	31.94	7
95.19	57.89	7
153.51	97.37	7
261.69	238.44	7
481.49	456.06	7
943.98	916.37	7
1845.4	1842.48	7
3545.32	3625.12	7
5302.09	5347.58	7
6980.64	7156.72	7
8709.74	8914.35	7
10397.55	10590.95	7
12108.08	12521.17	7
13771.97	13861.71	7
15538.22	15920.6	7
1.06	1.06	7
1.39	1.33	7
1.72	1.87	7
2.52	2.59	7
4.31	4.38	7
7.62	7.49	7
12.03	10.96	7
20.33	10.76	7
33.88	24.48	7
32.54	22.27	7
46.2	28.06	7
48.4	26.43	7
51.9	28.12	7
55.47	39.3	7
76.17	54.26	7
109.94	98.66	7
168.55	147.52	7
266.5	236.32	7
458.44	470.93	7
884.84	924.56	7
1699.55	1720.96	7
2461.4	2500.99	7
3214.53	3218.73	7
3936.33	3981.85	7
4704.28	4768.73	7
5465.53	5606.78	7
6321.38	6557.51	7
7177.61	7132.08	7
1.0	1.03	7
1.24	1.32	7
1.72	1.66	7
2.64	2.67	7
4.18	4.44	7
7.47	7.52	7
12.78	8.14	7
21.45	14.51	7
30.21	18.9	7
31.18	25.37	7
37.48	20.68	7
43.02	32.25	7
51.67	33.58	7
61.69	43.15	7
93.06	53.17	7
146.85	124.66	7
263.75	249.81	7
487.79	487.47	7
940.22	944.63	7
1837.66	1999.09	7
3562.66	3784.38	7
5289.5	5478.51	7
6991.99	7538.44	7
8717.92	9422.16	7
10358.89	11612.21	7
12123.16	13309.26	7
13987.72	15621.05	7
15565.29	16251.94	7
1.25	1.06	7
1.28	1.38	7
1.7	1.74	7
2.58	2.56	7
4.25	4.5	7
7.26	7.38	7
12.03	12.25	7
22.68	22.82	7
34.74	18.79	7
40.75	24.44	7
38.43	21.31	7
49.41	25.42	7
51.71	39.95	7
57.33	40.09	7
82.23	55.38	7
104.25	90.39	7
153.17	168.25	7
268.69	265.97	7
514.58	601.56	7
906.95	1112.59	7
1690.13	1947.75	7
2486.24	3124.59	7
3200.92	3566.06	7
3917.21	4720.16	7
4732.79	5583.07	7
5500.19	6661.08	7
6408.64	7568.99	7
7053.62	7835.16	7
0.89	0.93	8
1.24	1.15	8
1.53	1.77	8
2.45	2.49	8
4.22	3.59	8
7.1	6.74	8
12.84	7.62	8
22.4	16.36	8
31.5	13.72	8
44.21	22.95	8
45.61	24.91	8
50.8	28.61	8
57.88	32.44	8
64.9	46.4	8
99.75	75.88	8
173.67	136.9	8
297.87	260.46	8
564.48	520.89	8
1083.28	1067.83	8
2100.07	2105.91	8
4055.15	4140.47	8
6018.48	6081.92	8
7979.96	8138.7	8
9927.48	10143.35	8
11943.51	12137.36	8
13795.37	14197.94	8
15947.48	16159.14	8
17751.58	18479.16	8
1.12	0.92	8
1.21	1.21	8
1.54	1.54	8
2.5	2.64	8
4.13	4.25	8
7.58	7.62	8
13.35	11.79	8
18.21	20.47	8
34.1	16.66	8
40.14	23.8	8
42.69	27.54	8
39.35	30.63	8
46.92	34.95	8
57.73	38.04	8
67.54	48.04	8
81.31	69.69	8
115.63	107.12	8
177.29	182.31	8
294.9	318.7	8
557.42	620.62	8
980.02	1105.51	8
1496.26	1582.69	8
1958.8	2093.94	8
2352.98	2550.84	8
2873.59	3060.62	8
3468.77	3682.14	8
3859.51	4119.46	8
4385.73	4780.84	8
0.94	1.01	8
1.22	1.11	8
2.19	1.67	8
2.5	2.58	8
4.24	4.46	8
7.35	7.78	8
12.72	13.62	8
23.66	12.77	8
33.75	22.04	8
37.14	20.72	8
41.72	20.11	8
45.19	26.01	8
50.92	30.62	8
65.2	43.74	8
107.19	82.39	8
175.99	142.04	8
303.93	291.78	8
560.16	578.86	8
1065.76	1108.67	8
2106.48	2221.7	8
4080.35	4481.88	8
6044.98	6498.52	8
8023.55	8587.86	8
9949.62	10975.13	8
11847.44	12770.88	8
13901.18	13855.91	8
15853.14	16987.19	8
17740.75	19499.47	8
0.91	0.99	8
1.14	1.35	8
1.58	1.7	8
2.42	2.62	8
4.35	4.05	8
7.16	7.5	8
13.31	8.76	8
23.45	16.96	8
30.83	8.48	8
41.61	17.11	8
44.22	22.59	8
43.99	27.5	8
46.56	34.16	8
55.72	38.87	8
65.91	51.78	8
85.74	76.5	8
124.6	117.97	8
178.81	208.86	8
293.9	432.46	8
531.6	750.34	8
1012.42	1200.48	8
1455.8	1785.33	8
1979.82	3053.69	8
2390.5	3809.79	8
2930.03	4536.99	8
3458.7	5349.66	8
3834.79	4703.07	8
4424.09	6806.35	8
1.17	1.27	9
1.4	1.46	9
1.45	1.57	9
1.89	1.63	9
2.08	2.15	9
2.47	2.51	9
3.48	3.1	9
5.2	4.59	9
8.95	6.4	9
15.23	9.42	9
25.62	16.08	9
46.83	26.03	9
81.81	47.4	9
154.5	86.94	9
300.12	166.37	9
586.91	327.46	9
1157.31	633.55	9
1643.55	940.0	9
2310.33	1224.49	9
2711.89	1589.46	9
3349.88	1867.07	9
3816.82	2215.04	9
4524.68	2415.46	9
5022.5	2733.84	9
1.23	1.06	9
1.36	1.28	9
1.6	1.82	9
2.24	2.25	9
3.43	2.98	9
5.81	3.5	9
10.45	4.52	9
20.23	6.81	9
38.55	11.66	9
76.08	20.74	9
149.46	38.41	9
294.96	74.43	9
588.21	144.9	9
1171.47	292.13	9
2327.56	583.51	9
4659.35	1166.81	9
9005.25	2277.77	9
13482.6	3381.73	9
18008.99	4479.62	9
22061.55	5605.44	9
26764.95	6715.4	9
31551.97	7852.74	9
35186.9	8973.27	9
39669.52	10106.41	9
1.22	1.31	9
1.27	1.5	9
1.48	1.61	9
1.72	2.14	9
2.25	2.0	9
2.47	2.76	9
3.59	3.74	9
5.24	4.43	9
8.76	5.99	9
16.15	9.69	9
26.33	14.26	9
44.31	23.53	9
82.58	39.32	9
156.08	77.7	9
305.65	146.82	9
598.32	295.16	9
1135.42	521.09	9
1699.28	787.54	9
2282.93	1044.58	9
2832.51	1297.98	9
3276.09	1553.79	9
3832.65	1829.06	9
4334.16	2050.11	9
4885.23	2320.95	9
1.31	1.2	9
1.34	1.57	9
1.64	1.66	9
2.27	2.51	9
3.51	3.74	9
6.52	3.45	9
10.51	4.74	9
20.22	6.9	9
38.55	11.31	9
76.05	20.33	9
148.92	38.03	9
296.26	74.28	9
586.27	142.96	9
1176.8	283.28	9
2338.56	562.87	9
4607.11	1123.12	9
9017.96	2205.93	9
13473.18	3280.04	9
17840.28	4330.6	9
22383.69	5425.78	9
26641.96	6493.41	9
30947.07	7575.3	9
35510.93	8623.73	9
40221.67	9690.31	9
1.26	1.2	10
1.36	1.53	10
1.75	1.72	10
2.72	2.07	10
2.3	2.32	10
2.71	3.65	10
3.92	3.92	10
5.99	6.01	10
10.02	10.2	10
20.39	17.02	10
35.07	32.77	10
68.6	62.16	10
135.31	120.07	10
267.64	233.3	10
529.59	462.66	10
1052.67	923.7	10
2042.5	1784.44	10
3062.41	2658.99	10
4095.26	3521.74	10
5111.21	4407.32	10
6170.95	5219.74	10
7231.67	6110.22	10
8182.39	7004.81	10
9272.05	7878.04	10
1.26	1.35	10
1.44	1.55	10
1.69	2.06	10
2.31	2.45	10
3.5	3.13	10
5.93	3.97	10
10.73	4.97	10
19.8	7.62	10
38.31	11.89	10
73.83	21.41	10
144.16	39.81	10
287.19	76.46	10
564.25	151.19	10
1116.88	294.34	10
2266.85	586.63	10
4448.75	1162.23	10
8869.96	2261.18	10
13048.16	3358.13	10
17180.81	4470.55	10
21387.86	5553.86	10
25760.43	6638.51	10
29996.47	7747.59	10
34314.79	8847.09	10
38637.84	9970.09	10
1.25	1.3	10
1.35	1.39	10
2.48	1.76	10
1.97	2.05	10
2.35	2.34	10
2.82	3.09	10
4.07	4.25	10
6.14	6.15	10
9.93	11.66	10
19.51	17.73	10
36.0	30.91	10
68.87	59.1	10
131.47	111.07	10
267.46	217.47	10
534.12	430.43	10
1056.24	874.74	10
2034.82	1625.51	10
3021.7	2434.7	10
4118.77	3243.65	10
5159.31	4053.72	10
6261.5	4805.52	10
7218.03	5630.79	10
8268.08	6493.1	10
9332.73	7169.13	10
1.17	1.4	10
1.53	1.61	10
1.94	1.84	10
2.4	2.67	10
3.64	3.43	10
5.91	4.15	10
10.94	5.61	10
19.4	7.98	10
38.0	12.77	10
73.93	21.51	10
146.88	40.86	10
285.23	77.33	10
574.49	152.45	10
1117.95	301.42	10
2280.08	595.39	10
4529.95	1183.8	10
8707.19	2292.47	10
12956.43	3405.11	10
17372.4	4526.99	10
21502.11	5648.31	10
25684.21	6749.3	10
30217.08	7875.06	10
34176.23	8995.11	10
39382.99	10082.31	10
1.31	1.31	11
1.31	1.52	11
1.73	1.76	11
2.3	2.44	11
3.55	3.12	11
6.02	4.08	11
10.56	5.2	11
19.5	7.25	11
37.85	11.87	11
73.08	20.43	11
143.8	39.05	11
287.95	74.57	11
566.41	144.31	11
1119.15	287.2	11
2259.03	566.43	11
4504.35	1126.42	11
8806.4	2211.85	11
13017.95	3285.16	11
17182.36	4372.68	11
21516.86	5446.96	11
25384.94	6522.88	11
29941.06	7609.69	11
34161.12	8690.27	11
38044.42	9766.67	11
1.27	1.43	11
1.46	1.51	11
1.64	1.61	11
1.99	1.93	11
2.3	2.39	11
2.75	2.72	11
3.98	3.93	11
6.07	5.84	11
9.98	9.78	11
18.69	17.17	11
35.22	31.97	11
65.85	60.91	11
132.14	117.92	11
259.34	231.98	11
514.63	454.95	11
1015.96	913.31	11
1962.36	1768.59	11
3057.43	2637.56	11
4007.41	3501.54	11
5017.32	4378.68	11
6003.93	5245.97	11
7052.24	6120.04	11
8126.59	6905.42	11
9073.93	7833.5	11
1.23	1.33	11
1.33	1.46	11
1.7	1.72	11
2.33	2.42	11
3.82	3.46	11
5.71	4.21	11
10.39	5.74	11
19.61	7.54	11
38.22	12.72	11
74.37	20.94	11
145.0	39.27	11
286.14	74.99	11
560.16	145.84	11
1119.68	288.19	11
2254.55	572.31	11
4444.92	1142.42	11
8692.2	2239.47	11
13113.7	3333.78	11
17314.45	4412.93	11
21704.05	5511.86	11
25743.88	6609.04	11
30028.75	7696.45	11
34210.9	8776.81	11
38128.36	9862.61	11
1.14	1.49	11
1.31	1.53	11
1.68	1.69	11
1.92	2.23	11
2.41	2.54	11
2.78	3.47	11
3.91	4.16	11
6.23	5.54	11
10.36	9.35	11
19.2	17.4	11
36.7	31.27	11
67.31	56.11	11
132.44	108.92	11
260.8	216.21	11
506.52	427.04	11
1012.14	844.63	11
1986.11	1654.73	11
3037.4	2455.38	11
4015.53	3354.97	11
4995.55	4075.14	11
6030.64	4967.63	11
7093.29	5676.04	11
8983.84	7180.42	11
9066.32	7229.35	11
1.13	1.31	12
1.3	1.38	12
1.68	1.7	12
2.48	2.06	12
3.28	2.98	12
5.89	2.96	12
10.49	4.53	12
19.87	7.52	12
39.12	11.84	12
77.65	20.44	12
149.21	38.53	12
292.27	77.08	12
589.13	149.51	12
1156.55	298.68	12
2320.01	595.83	12
4661.56	1181.36	12
9117.37	2287.41	12
13585.24	3385.94	12
17749.49	4492.82	12
22181.07	5605.24	12
26764.0	6728.76	12
30879.98	7863.51	12
35616.93	8968.32	12
40412.44	10119.77	12
1.25	0.99	12
1.33	1.36	12
1.47	1.33	12
1.59	1.63	12
2.2	2.19	12
2.5	2.6	12
3.42	3.36	12
5.27	4.4	12
8.96	6.93	12
15.79	9.59	12
26.61	15.42	12
45.88	26.28	12
79.43	47.35	12
155.42	89.03	12
299.29	168.06	12
601.19	318.1	12
1168.25	620.75	12
1668.99	935.88	12
2199.41	1268.07	12
2798.61	1562.54	12
3267.14	1876.16	12
3766.68	2170.58	12
4376.1	2531.62	12
4917.39	2716.47	12
1.32	1.21	12
1.38	1.33	12
1.6	1.82	12
2.24	2.33	12
3.29	3.1	12
5.68	3.67	12
10.83	5.24	12
19.99	7.11	12
38.38	11.63	12
75.97	20.85	12
148.59	38.17	12
293.93	75.74	12
587.62	144.56	12
1158.18	290.47	12
2319.94	577.71	12
4609.16	1146.5	12
9076.67	2227.18	12
13507.67	3290.73	12
17833.87	4364.62	12
22171.8	5441.44	12
26717.33	6508.91	12
31232.24	7584.37	12
35770.35	8620.51	12
39832.86	9682.6	12
1.19	1.32	12
1.37	1.39	12
1.33	1.62	12
1.52	1.55	12
1.83	2.13	12
2.48	2.82	12
3.3	3.87	12
5.07	4.75	12
9.34	6.43	12
15.46	8.9	12
25.41	14.99	12
45.24	23.2	12
81.19	40.95	12
157.52	74.41	12
303.95	140.31	12
604.94	274.89	12
1167.08	531.92	12
1711.06	795.62	12
2264.94	1070.75	12
2852.18	1328.49	12
3297.91	1575.51	12
3874.75	1813.77	12
4410.55	2126.57	12
5041.8	2362.09	12
1.29	1.06	13
1.22	1.22	13
1.68	1.34	13
2.22	1.87	13
3.03	2.63	13
5.06	4.1	13
8.48	4.63	13
13.63	4.96	13
19.47	6.36	13
26.57	8.28	13
35.3	10.98	13
50.66	17.64	13
81.5	30.33	13
128.36	55.07	13
235.24	103.57	13
443.89	203.8	13
862.69	392.44	13
1654.49	760.1	13
2445.89	1128.49	13
3203.41	1478.89	13
4060.85	1847.66	13
4793.25	2224.4	13
5556.85	2589.34	13
6320.09	2920.13	13
7245.63	3303.22	13
1.12	0.97	13
1.31	1.16	13
1.59	1.49	13
1.99	2.44	13
3.22	2.47	13
4.95	3.92	13
8.1	4.1	13
14.08	5.4	13
22.04	7.3	13
29.08	9.87	13
43.59	14.96	13
71.4	25.49	13
125.98	45.84	13
233.82	84.41	13
450.73	162.57	13
879.6	319.61	13
1735.65	622.26	13
3422.76	1219.22	13
5080.5	1815.12	13
6677.26	2388.96	13
8309.6	2951.8	13
11736.67	3864.52	13
11682.89	4146.03	13
13181.28	4741.14	13
14814.24	5289.5	13
1.05	0.97	13
1.32	1.24	13
1.54	1.61	13
1.94	2.06	13
3.05	2.54	13
4.7	3.57	13
7.95	4.22	13
12.84	4.98	13
19.45	6.11	13
26.72	7.95	13
33.94	11.5	13
52.21	17.6	13
81.97	28.2	13
124.0	49.21	13
239.34	91.33	13
439.93	174.81	13
866.15	341.67	13
1677.05	663.07	13
2450.15	982.9	13
3180.13	1292.13	13
4040.84	1619.82	13
4817.2	1946.58	13
5562.39	2259.25	13
6369.83	2583.63	13
7238.26	2907.35	13
1.16	0.92	13
1.25	1.26	13
1.57	1.42	13
2.11	1.79	13
3.01	3.0	13
4.69	3.41	13
8.71	3.76	13
13.97	4.96	13
21.75	6.12	13
28.99	9.54	13
44.46	14.44	13
70.89	24.23	13
128.57	42.39	13
231.94	79.14	13
444.08	150.0	13
874.94	296.21	13
1739.0	587.21	13
3354.95	1129.51	13
5046.44	1662.01	13
6657.87	2208.42	13
8322.33	2703.2	13
9943.78	3307.89	13
11596.42	3894.93	13
13163.44	4430.75	13
14882.31	4931.88	13
1.03	1.08	14
1.17	1.17	14
1.45	1.45	14
1.93	1.92	14
3.02	2.41	14
4.72	3.56	14
7.96	3.66	14
13.36	5.46	14
21.75	6.9	14
29.21	9.93	14
40.41	14.86	14
62.87	25.32	14
101.75	46.02	14
193.49	83.68	14
345.0	162.25	14
706.51	318.17	14
1393.86	621.51	14
2726.19	1204.05	14
4055.79	1775.87	14
5413.12	2344.17	14
6766.37	2954.2	14
8030.99	3499.66	14
9468.53	4119.38	14
10678.34	4673.89	14
12074.29	5230.23	14
0.98	1.12	14
1.15	1.17	14
1.46	1.3	14
1.97	1.93	14
2.88	2.52	14
4.65	3.95	14
8.23	4.64	14
13.04	5.46	14
20.45	6.28	14
25.54	9.31	14
38.8	11.77	14
60.9	17.68	14
109.12	30.07	14
192.94	55.05	14
384.5	100.5	14
739.09	194.47	14
1469.86	382.74	14
2848.33	745.04	14
4208.12	1095.38	14
5642.84	1443.19	14
6962.49	1796.3	14
8378.19	2157.81	14
9839.37	2534.69	14
11215.24	2863.85	14
12558.94	3237.73	14
1.11	1.1	14
1.23	1.12	14
1.41	1.46	14
1.95	1.87	14
3.06	3.11	14
4.76	3.88	14
8.1	4.79	14
13.95	4.96	14
20.69	6.48	14
28.57	9.83	14
39.41	14.75	14
62.18	23.14	14
105.23	43.08	14
186.53	78.31	14
358.82	153.22	14
693.23	294.89	14
1388.57	580.49	14
2736.0	1136.32	14
4055.57	1665.27	14
5396.32	2198.53	14
6729.6	2705.15	14
8113.88	3261.24	14
9349.47	3838.21	14
10707.59	4403.0	14
12073.88	4899.83	14
1.21	1.05	14
1.11	1.11	14
1.43	1.43	14
2.39	1.98	14
3.08	2.92	14
4.94	3.57	14
8.41	4.31	14
13.71	4.74	14
20.32	5.86	14
26.69	7.33	14
37.34	10.88	14
59.46	17.09	14
107.07	29.32	14
197.85	49.91	14
377.56	92.34	14
744.41	180.58	14
1465.04	351.38	14
2825.66	684.75	14
4252.47	1004.44	14
5626.81	1329.76	14
6970.23	1655.11	14
8399.86	1971.36	14
9827.04	2323.24	14
11148.34	2655.9	14
12530.79	2947.99	14
1.13	1.07	15
1.33	1.14	15
1.45	2.32	15
2.11	1.79	15
3.21	2.39	15
4.84	3.29	15
8.1	4.32	15
14.01	4.67	15
19.98	5.63	15
27.29	8.4	15
38.94	11.02	15
62.24	18.3	15
107.73	30.29	15
201.71	54.31	15
379.3	102.67	15
741.55	194.07	15
1463.77	385.05	15
2864.86	737.84	15
4231.43	1099.01	15
5589.55	1451.13	15
6938.75	1818.22	15
8325.9	2155.77	15
9728.66	2503.31	15
11103.04	2865.21	15
12407.59	3233.92	15
0.97	0.94	15
1.29	1.09	15
1.58	1.5	15
2.04	1.74	15
3.01	2.55	15
4.98	3.59	15
8.31	3.73	15
14.08	4.92	15
21.29	7.67	15
28.86	9.81	15
39.99	15.19	15
64.11	23.59	15
111.95	45.43	15
193.63	85.02	15
385.11	163.61	15
729.82	313.16	15
1445.81	617.05	15
2756.16	1204.03	15
4152.05	1795.18	15
5422.46	2371.94	15
6798.2	2941.04	15
8059.37	3545.8	15
9489.17	4117.36	15
10739.57	4716.44	15
12076.46	5245.78	15
1.08	1.02	15
1.27	1.2	15
1.46	1.48	15
1.73	1.83	15
3.16	2.71	15
4.92	3.37	15
8.48	4.58	15
13.57	4.99	15
19.25	5.81	15
27.25	8.07	15
38.99	10.96	15
60.38	16.96	15
107.4	27.32	15
198.17	49.31	15
379.49	92.52	15
749.21	179.4	15
1462.61	350.76	15
2850.61	672.54	15
4240.06	1004.1	15
5564.66	1322.25	15
7006.49	1651.1	15
8329.15	1994.08	15
9730.59	2293.64	15
11122.12	2621.22	15
12503.99	2973.01	15
1.11	0.97	15
1.26	1.2	15
1.45	1.4	15
1.92	1.9	15
3.04	2.79	15
4.86	3.47	15
8.44	3.81	15
13.67	4.72	15
21.58	6.12	15
28.86	9.95	15
38.68	14.13	15
62.83	23.13	15
103.15	42.42	15
200.79	79.64	15
386.33	151.51	15
728.57	298.74	15
1431.73	579.27	15
2745.61	1121.76	15
4087.21	1659.74	15
5430.57	2213.82	15
6816.34	2722.77	15
8144.21	3299.06	15
9471.36	3816.87	15
10785.54	4333.12	15
12038.42	4934.77	15
1.25	0.94	16
1.26	1.1	16
1.5	1.4	16
1.95	1.97	16
3.2	2.82	16
4.69	3.51	16
8.44	3.63	16
14.38	5.49	16
21.6	7.41	16
30.4	10.05	16
44.29	15.07	16
70.72	25.81	16
126.94	45.51	16
238.01	85.32	16
455.53	159.93	16
884.19	319.91	16
1735.18	625.75	16
3383.36	1201.26	16
5026.0	1803.53	16
6739.73	2387.65	16
8278.25	2930.67	16
9933.02	3541.64	16
11511.69	4129.36	16
13294.34	4716.9	16
14769.82	5340.6	16
1.16	1.17	16
1.75	1.15	16
1.53	1.58	16
2.01	1.79	16
3.18	2.64	16
4.85	4.1	16
8.19	3.68	16
13.79	4.72	16
18.59	6.81	16
25.56	8.73	16
33.19	11.1	16
48.03	17.32	16
72.77	30.56	16
121.44	54.56	16
234.37	103.65	16
437.41	200.1	16
834.03	390.38	16
1693.74	762.09	16
2489.41	1125.98	16
3417.56	1480.97	16
4181.89	1867.5	16
4924.65	2227.03	16
5788.99	2582.8	16
6593.23	2912.95	16
7289.96	3304.98	16
1.18	1.12	16
1.27	1.31	16
1.53	1.49	16
2.12	1.96	16
3.07	2.81	16
4.9	3.9	16
8.3	4.31	16
14.22	5.24	16
20.93	6.73	16
30.84	8.87	16
45.48	14.9	16
71.91	23.85	16
126.01	42.32	16
236.63	77.35	16
450.25	153.24	16
883.15	298.42	16
1733.54	576.29	16
3360.03	1123.38	16
4994.89	1677.26	16
6659.04	2221.63	16
8256.51	2721.78	16
9872.06	3292.58	16
11570.47	3824.36	16
13250.34	4420.7	16
14882.14	4986.31	16
1.65	1.09	16
1.44	1.17	16
1.64	1.48	16
2.11	2.16	16
3.32	2.62	16
4.88	2.97	16
9.43	3.7	16
13.43	4.95	16
19.31	6.29	16
26.57	7.72	16
35.52	10.93	16
50.44	17.28	16
77.8	27.18	16
123.92	49.12	16
219.85	91.41	16
443.43	175.74	16
852.18	336.54	16
1657.94	661.86	16
2494.18	990.57	16
3336.39	1306.02	16
4144.41	1620.02	16
4893.56	1948.26	16
5694.28	2271.93	16
6486.78	2586.58	16
7324.06	2923.23	16
0.99	0.88	17
1.2	1.34	17
1.34	1.46	17
2.18	1.91	17
2.5	2.53	17
2.88	3.08	17
3.25	3.27	17
3.68	3.43	17
3.75	4.28	17
4.33	4.4	17
5.11	5.63	17
7.29	7.53	17
12.35	11.96	17
18.5	19.01	17
33.03	33.09	17
56.56	56.43	17
102.68	104.18	17
193.57	217.88	17
376.4	423.61	17
719.18	765.64	17
1427.98	1638.76	17
2139.22	2250.39	17
2811.09	2871.55	17
3578.5	4024.2	17
4116.43	4775.32	17
4909.25	4993.66	17
5576.28	5723.92	17
6110.78	6544.75	17
0.99	0.89	17
1.14	1.18	17
1.59	1.49	17
2.06	2.01	17
2.81	2.54	17
2.65	3.21	17
3.33	3.6	17
4.13	4.54	17
5.18	4.96	17
7.97	8.02	17
12.4	12.88	17
22.35	23.18	17
42.19	43.61	17
82.76	83.43	17
160.32	163.13	17
318.02	319.31	17
621.28	621.98	17
1229.38	1247.95	17
2453.06	2456.85	17
4888.38	4910.64	17
9637.05	9708.95	17
14331.83	14339.37	17
18797.74	19130.0	17
23746.24	23808.29	17
28232.91	28144.53	17
33296.21	32794.55	17
37587.49	37870.65	17
42809.7	42438.55	17
1.04	0.97	17
1.12	1.16	17
1.64	1.68	17
2.11	1.91	17
2.82	2.41	17
3.01	3.03	17
3.11	2.95	17
3.69	3.69	17
4.17	4.08	17
4.58	5.16	17
5.58	5.69	17
7.8	8.58	17
11.5	16.48	17
18.28	25.52	17
30.91	37.17	17
55.42	61.42	17
104.21	107.2	17
193.82	201.11	17
370.96	388.22	17
750.9	738.83	17
1427.73	1428.09	17
2154.23	2145.01	17
2816.66	2882.59	17
3574.72	3469.43	17
4082.22	4414.92	17
4951.21	4989.99	17
5562.73	5694.21	17
6233.02	6514.25	17
1.02	0.9	17
1.17	1.38	17
2.15	1.34	17
2.04	1.96	17
2.6	2.76	17
2.94	3.06	17
3.51	3.8	17
4.31	4.45	17
5.29	5.36	17
8.08	8.32	17
12.86	13.74	17
22.49	24.89	17
43.02	46.0	17
82.75	84.79	17
160.0	161.77	17
314.04	315.41	17
619.55	631.87	17
1231.75	1013.09	17
2473.11	2482.76	17
4920.82	4940.65	17
9652.48	9713.91	17
14328.33	14217.22	17
18952.85	18892.94	17
23516.54	23705.39	17
28075.59	28618.81	17
33080.48	33098.09	17
37296.0	37968.86	17
42486.83	42233.06	17
1.08	1.14	18
1.33	1.17	18
1.62	1.64	18
2.17	2.13	18
2.75	2.83	18
2.82	3.15	18
3.09	3.33	18
3.43	4.21	18
3.87	4.28	18
4.75	4.34	18
6.33	6.96	18
7.94	8.95	18
13.01	13.95	18
23.19	22.84	18
39.63	40.81	18
77.05	76.29	18
146.81	146.01	18
299.5	282.79	18
571.35	576.56	18
1115.05	1121.02	18
2254.2	2219.34	18
3304.7	3262.19	18
4265.34	4261.1	18
5906.76	6019.54	18
6654.89	6486.29	18
7600.81	7506.19	18
8601.34	8637.34	18
9587.42	9617.23	18
1.05	1.08	18
1.34	1.39	18
1.67	1.68	18
2.26	2.08	18
2.81	2.74	18
3.26	2.84	18
3.66	3.5	18
4.44	3.76	18
5.67	5.64	18
7.71	8.29	18
12.77	12.94	18
22.87	22.85	18
41.88	34.64	18
77.75	81.13	18
154.28	153.54	18
302.12	306.3	18
598.46	592.91	18
1172.63	1181.83	18
2352.34	2344.2	18
4671.8	4721.69	18
9125.4	9306.42	18
13680.07	13609.9	18
18227.23	18271.91	18
22513.03	22738.55	18
27143.77	27331.35	18
31709.25	31609.19	18
36192.66	35895.21	18
40295.05	40620.57	18
0.97	0.97	18
1.22	1.22	18
1.72	1.75	18
2.15	2.23	18
2.61	2.92	18
3.45	2.82	18
3.33	3.64	18
3.26	3.86	18
3.82	4.36	18
4.47	5.48	18
5.64	7.14	18
7.86	11.35	18
13.26	18.02	18
22.89	26.91	18
41.63	44.91	18
73.28	80.64	18
146.53	151.21	18
282.42	306.25	18
556.66	579.39	18
1148.4	1157.22	18
2161.9	2278.75	18
3231.48	3372.48	18
4313.49	4374.5	18
5480.27	5298.95	18
6414.49	6491.93	18
7499.39	7650.27	18
8509.67	8484.88	18
9643.01	9802.06	18
1.0	1.06	18
1.2	1.3	18
1.6	1.61	18
2.25	2.37	18
2.8	2.71	18
2.83	3.04	18
3.61	3.53	18
4.31	3.98	18
5.38	5.9	18
7.57	8.37	18
12.85	13.29	18
22.01	23.17	18
41.42	35.63	18
81.03	81.51	18
153.59	126.71	18
302.49	307.58	18
590.54	596.85	18
1183.79	1184.5	18
2367.38	2350.66	18
4713.21	4687.48	18
9172.77	9182.8	18
13748.86	13667.53	18
17979.62	14822.22	18
22418.37	22567.24	18
26856.28	22154.41	18
31304.91	31619.53	18
35912.47	36281.84	18
41003.6	40960.45	18
1.11	1.03	19
1.32	1.17	19
1.74	1.63	19
2.38	2.24	19
2.52	2.67	19
2.81	2.95	19
3.55	3.42	19
4.03	4.46	19
5.55	5.5	19
7.68	8.35	19
12.5	11.23	19
21.92	22.77	19
42.09	34.77	19
78.85	80.09	19
152.07	155.9	19
302.98	299.13	19
597.57	597.7	19
1175.33	1179.17	19
2367.72	2375.11	19
4737.72	4712.63	19
9126.62	9214.72	19
13715.79	13703.64	19
18151.73	18144.72	19
22843.85	22752.28	19
26939.7	27489.54	19
31677.34	31608.09	19
35865.26	36120.96	19
40564.56	40803.02	19
1.03	1.1	19
1.35	1.23	19
1.65	1.6	19
2.28	2.19	19
2.81	2.59	19
3.16	3.12	19
3.44	3.51	19
3.38	3.56	19
4.23	3.85	19
5.0	4.24	19
5.71	6.17	19
9.0	8.84	19
12.27	13.41	19
22.42	22.89	19
42.37	40.33	19
76.73	78.2	19
147.06	147.45	19
288.95	280.94	19
565.05	592.62	19
1114.93	1127.57	19
2205.66	2193.56	19
3250.44	3321.5	19
4409.06	4451.43	19
5483.1	5440.47	19
6962.43	6545.65	19
7583.25	7912.35	19
8728.41	8690.17	19
9801.85	9768.69	19
1.15	1.15	19
1.29	1.28	19
1.59	1.6	19
2.22	2.16	19
3.57	2.55	19
2.92	3.25	19
3.04	3.28	19
4.18	4.06	19
5.51	5.33	19
8.29	8.47	19
13.02	13.19	19
22.7	23.4	19
41.43	43.95	19
79.15	80.93	19
153.47	158.01	19
302.83	304.41	19
590.82	597.16	19
1181.57	1179.96	19
2352.47	2363.0	19
4737.24	4680.07	19
9187.01	9197.54	19
13545.21	13708.04	19
18206.18	18145.85	19
22785.83	22623.79	19
26858.31	27095.39	19
31181.46	31541.59	19
36235.17	36017.15	19
40431.52	40779.57	19
1.11	1.04	19
1.28	1.39	19
1.69	1.53	19
2.14	2.04	19
2.68	2.79	19
2.99	3.14	19
3.23	4.11	19
3.35	3.55	19
4.18	4.17	19
4.59	5.07	19
5.57	7.45	19
8.08	10.72	19
13.46	17.84	19
21.84	26.75	19
40.59	46.26	19
78.28	80.83	19
146.04	147.63	19
289.21	293.83	19
586.39	562.3	19
1082.2	1119.45	19
2193.23	2190.83	19
3345.75	3271.96	19
4430.23	4402.78	19
5430.27	5361.92	19
6465.87	6584.33	19
7668.38	7654.94	19
8573.73	8821.16	19
9777.59	9871.92	19
0.97	0.97	20
1.27	1.27	20
1.53	1.51	20
2.09	2.0	20
2.66	2.51	20
3.23	3.09	20
3.24	3.36	20
3.97	3.85	20
5.41	5.04	20
8.29	7.44	20
12.7	13.21	20
23.93	23.49	20
42.01	44.59	20
83.34	84.3	20
158.4	161.34	20
312.19	317.01	20
633.8	630.49	20
1234.0	1242.07	20
2444.54	2464.35	20
4915.65	4951.0	20
9521.65	9679.82	20
14307.09	11793.56	20
18698.43	19147.02	20
23781.67	19218.88	20
28458.83	28738.72	20
33130.56	33523.34	20
37477.55	38080.31	20
42425.62	42500.36	20
0.91	1.04	20
1.08	1.21	20
1.52	1.56	20
2.08	2.15	20
2.59	2.62	20
2.76	2.92	20
3.42	3.03	20
3.2	3.36	20
3.4	3.65	20
4.54	4.62	20
4.95	5.82	20
7.73	7.72	20
11.5	11.59	20
18.41	20.07	20
31.49	32.95	20
54.36	58.15	20
104.16	105.85	20
194.16	195.38	20
379.9	371.98	20
735.0	734.87	20
1413.05	1465.47	20
2174.9	2397.95	20
2804.08	2871.58	20
3574.27	4012.25	20
4345.05	4178.91	20
4774.04	4949.34	20
5523.9	5777.93	20
6491.98	6106.06	20
0.98	1.05	20
1.18	1.25	20
1.51	1.54	20
1.98	2.16	20
2.75	2.44	20
3.25	3.46	20
3.37	3.17	20
4.11	4.02	20
5.4	5.58	20
7.9	8.4	20
12.46	13.73	20
22.64	24.43	20
42.9	46.04	20
81.79	84.22	20
158.55	161.84	20
316.38	317.24	20
624.44	625.42	20
1224.42	1244.3	20
2490.38	2465.58	20
4906.73	4862.09	20
9587.27	9607.21	20
14231.14	14378.57	20
18857.31	19207.06	20
23826.85	23870.82	20
27893.08	28329.05	20
32950.77	27205.57	20
37790.46	37748.13	20
42486.71	42094.98	20
0.9	0.93	20
1.32	1.23	20
1.49	1.45	20
2.05	2.08	20
2.57	2.57	20
3.07	3.33	20
3.24	3.06	20
3.4	3.48	20
3.42	4.01	20
4.43	4.7	20
6.16	6.66	20
6.47	9.05	20
11.13	16.53	20
18.8	24.07	20
32.74	37.33	20
57.75	60.81	20
102.4	106.86	20
187.15	203.79	20
372.46	389.01	20
747.21	773.93	20
1406.41	1462.57	20
2127.73	2151.54	20
2765.41	2886.08	20
3583.05	3495.37	20
4198.6	4372.89	20
4739.09	4980.44	20
5644.59	5683.38	20
6123.52	6330.26	20
1.07	1.11	21
1.11	1.01	21
1.08	1.08	21
0.95	1.16	21
1.07	1.22	21
1.9	1.16	21
1.18	1.33	21
1.39	1.65	21
2.47	1.87	21
2.06	2.15	21
2.67	3.46	21
3.71	3.95	21
5.97	6.13	21
10.32	10.63	21
18.39	19.4	21
34.27	35.82	21
64.83	70.53	21
126.39	131.52	21
242.19	253.05	21
460.22	494.75	21
692.09	728.39	21
917.57	964.54	21
1119.06	1211.83	21
1389.57	1492.87	21
1561.7	1735.57	21
1811.19	1924.2	21
2097.06	2192.53	21
0.95	0.95	21
1.42	1.22	21
0.95	0.99	21
1.47	1.18	21
0.98	1.66	21
1.08	1.08	21
1.51	1.29	21
1.48	1.51	21
2.3	2.18	21
3.68	3.35	21
6.43	5.64	21
11.11	10.65	21
21.44	21.09	21
41.2	39.68	21
82.45	75.91	21
166.03	153.03	21
321.63	295.54	21
634.77	596.55	21
1266.22	1176.97	21
2455.87	2344.57	21
3650.71	3384.42	21
4858.02	4763.03	21
6018.12	6059.51	21
7280.21	6719.65	21
8481.06	7833.85	21
9632.77	9224.57	21
10850.22	10226.72	21
0.93	0.94	21
0.84	0.81	21
1.09	1.07	21
1.17	0.96	21
0.91	1.06	21
1.23	1.31	21
1.32	1.17	21
1.47	1.58	21
1.73	2.0	21
2.0	2.29	21
2.62	3.03	21
3.77	4.29	21
5.92	7.09	21
10.1	12.28	21
18.24	21.64	21
33.44	41.86	21
64.24	72.01	21
122.8	141.04	21
241.43	299.12	21
469.27	553.22	21
686.0	878.96	21
902.2	1112.39	21
1133.47	1334.76	21
1344.66	1501.11	21
1579.23	2075.66	21
1824.9	2215.91	21
2032.45	2552.84	21
0.92	1.04	21
0.98	1.07	21
1.02	0.97	21
1.07	1.23	21
0.95	1.03	21
1.14	1.26	21
1.25	1.32	21
1.73	1.77	21
2.26	2.39	21
3.71	4.74	21
6.29	6.61	21
10.99	11.7	21
21.4	23.11	21
41.07	43.12	21
82.57	82.98	21
164.15	167.54	21
319.44	332.49	21
634.57	655.42	21
1262.96	1302.85	21
2474.61	2561.33	21
3696.65	3805.71	21
4871.09	5011.1	21
6081.91	6376.98	21
7311.23	7539.62	21
8520.54	8676.16	21
9699.11	9940.22	21
10821.76	11312.82	21
0.89	1.16	22
0.87	0.97	22
1.06	1.1	22
1.07	1.0	22
1.14	1.23	22
1.14	1.28	22
1.29	1.25	22
2.01	1.8	22
1.82	1.87	22
2.35	2.49	22
3.77	3.68	22
5.65	5.59	22
9.91	10.36	22
18.28	18.41	22
33.95	35.01	22
65.55	68.59	22
128.64	135.38	22
251.49	264.9	22
500.56	523.72	22
969.87	1028.15	22
1448.19	1526.24	22
1925.7	2004.67	22
2451.49	2498.73	22
2892.71	2946.34	22
3398.32	3495.7	22
3839.12	3967.33	22
4310.04	4530.86	22
0.96	1.12	22
1.06	1.15	22
1.02	1.1	22
1.04	1.12	22
1.09	1.19	22
1.27	1.2	22
1.45	1.39	22
1.69	1.79	22
2.23	2.53	22
3.47	3.38	22
6.08	5.15	22
9.78	9.7	22
18.54	17.17	22
36.11	33.49	22
68.56	66.19	22
135.13	128.05	22
272.03	255.39	22
545.43	489.76	22
1078.31	1005.27	22
2093.22	1908.95	22
3118.02	2815.4	22
4128.29	3892.33	22
5149.35	4856.77	22
6142.6	5562.59	22
7368.9	6777.59	22
8167.23	7542.41	22
9255.3	8342.84	22
1.0	1.08	22
1.0	1.01	22
1.6	1.18	22
1.03	1.22	22
1.03	1.22	22
1.33	1.38	22
1.26	1.29	22
1.62	1.82	22
1.82	2.22	22
2.32	2.77	22
3.16	3.84	22
6.43	6.1	22
9.44	10.6	22
17.57	19.26	22
34.29	36.09	22
66.35	68.74	22
129.73	136.51	22
256.25	258.09	22
499.98	538.8	22
972.55	1062.11	22
1472.51	1537.68	22
1941.9	2037.17	22
2411.3	2558.89	22
2877.27	3053.46	22
3322.06	3480.73	22
3830.02	4188.65	22
4291.86	4756.45	22
0.91	1.12	22
1.04	1.11	22
1.11	1.12	22
0.95	1.12	22
1.12	1.15	22
1.17	1.31	22
1.51	1.56	22
1.61	1.83	22
2.33	2.38	22
3.3	4.1	22
5.31	5.44	22
10.27	10.04	22
18.35	18.42	22
36.95	35.56	22
69.52	67.77	22
136.97	134.03	22
271.17	263.36	22
541.73	516.07	22
1078.29	1078.59	22
2084.76	2033.13	22
3131.84	2989.35	22
4145.34	3948.48	22
5143.33	5187.56	22
6196.12	5985.58	22
8018.35	7985.32	22
8222.53	7913.63	22
9333.36	8806.98	22
0.95	1.07	23
1.04	1.17	23
0.96	1.16	23
0.96	1.19	23
1.19	1.17	23
1.16	1.43	23
1.32	1.49	23
1.66	1.61	23
2.21	2.27	23
3.46	3.27	23
5.5	5.26	23
9.91	9.04	23
18.5	17.71	23
35.4	33.66	23
69.99	63.55	23
136.73	126.28	23
271.5	245.85	23
541.14	506.24	23
1075.26	1042.72	23
2096.06	1907.54	23
3123.32	3037.75	23
4162.62	3916.29	23
5132.07	4811.48	23
6157.66	6140.4	23
7176.91	6947.25	23
8217.47	7379.98	23
9227.85	8697.5	23
0.9	0.88	23
0.97	0.97	23
0.9	0.86	23
1.0	1.0	23
1.17	1.13	23
1.24	1.28	23
1.34	1.29	23
1.45	1.39	23
2.02	1.79	23
2.27	2.7	23
3.42	3.52	23
5.66	5.35	23
9.97	10.38	23
18.54	19.21	23
35.04	36.3	23
66.39	70.57	23
129.41	135.72	23
258.57	264.12	23
505.09	527.42	23
980.68	1002.38	23
1460.64	1514.07	23
1931.39	1983.84	23
2406.74	2466.21	23
2904.15	2920.63	23
3392.6	3458.09	23
3876.93	3826.79	23
4331.39	4453.24	23
0.93	1.05	23
1.03	0.98	23
1.09	1.04	23
1.14	1.26	23
1.39	1.19	23
1.14	1.32	23
1.22	1.41	23
1.59	1.9	23
2.36	2.3	23
3.2	3.52	23
5.64	5.91	23
9.97	10.12	23
18.04	18.36	23
35.01	34.54	23
69.77	69.19	23
136.58	134.18	23
271.88	271.18	23
538.86	523.82	23
1074.71	1038.32	23
2088.26	1993.12	23
3131.19	3027.73	23
4152.97	3942.36	23
5145.06	5170.95	23
6184.48	6005.07	23
7211.48	6910.49	23
8258.58	7818.03	23
9223.69	8860.26	23
0.96	1.02	23
1.03	1.04	23
1.08	0.99	23
1.06	1.05	23
0.94	1.15	23
1.19	1.23	23
1.37	1.56	23
1.35	1.8	23
1.74	2.0	23
2.43	2.61	23
3.28	3.73	23
5.21	6.13	23
10.03	10.96	23
18.81	19.55	23
34.67	36.86	23
66.61	73.77	23
132.04	131.9	23
253.79	269.12	23
508.91	535.13	23
977.92	1065.29	23
1461.03	1528.67	23
1936.59	2061.29	23
2422.27	2609.15	23
2918.66	3126.89	23
3363.16	3513.56	23
3880.68	4090.25	23
4290.47	4533.07	23
0.98	0.95	24
0.97	0.95	24
0.96	0.95	24
1.01	1.06	24
1.01	1.61	24
1.01	1.13	24
1.45	1.34	24
1.61	1.6	24
2.78	2.22	24
3.64	3.55	24
6.37	5.87	24
11.14	10.51	24
21.11	20.11	24
42.56	39.39	24
86.54	76.31	24
161.45	150.36	24
318.28	301.29	24
633.8	586.18	24
1263.08	1188.81	24
2447.17	2262.9	24
3655.43	3400.89	24
4867.98	4619.37	24
6049.56	5934.26	24
7221.85	6966.23	24
8414.92	7996.48	24
9743.92	9472.9	24
10954.02	9848.66	24
0.93	0.97	24
0.98	0.98	24
0.91	0.98	24
1.06	1.03	24
1.24	1.06	24
1.13	1.22	24
1.31	1.2	24
1.36	1.57	24
1.62	1.77	24
1.96	2.05	24
2.48	2.66	24
3.57	3.96	24
5.75	6.32	24
10.18	10.59	24
18.05	20.0	24
34.26	36.34	24
65.58	69.03	24
121.78	131.32	24
240.19	260.83	24
472.88	490.77	24
707.14	732.76	24
914.66	995.26	24
1167.88	1264.25	24
1385.95	1434.82	24
1574.75	1749.64	24
1836.14	1933.78	24
2064.81	2215.7	24
0.84	0.75	24
0.99	0.81	24
0.93	0.87	24
0.92	0.83	24
0.94	0.88	24
1.03	1.15	24
1.29	1.73	24
1.4	1.77	24
2.18	2.2	24
3.39	3.57	24
5.96	6.18	24
11.11	11.5	24
21.86	22.0	24
41.96	43.06	24
82.14	84.86	24
161.72	170.37	24
319.49	331.87	24
638.36	649.27	24
1270.62	1316.55	24
2468.97	2559.26	24
3674.63	3733.33	24
4820.64	5019.77	24
6067.11	6264.22	24
7220.8	7476.13	24
8551.6	8826.46	24
9629.49	10055.35	24
10819.72	11166.42	24
1.01	0.84	24
0.97	0.85	24
0.93	0.96	24
0.96	0.86	24
1.07	0.89	24
1.05	1.11	24
1.18	1.77	24
1.41	1.55	24
1.76	2.49	24
2.05	2.18	24
2.64	2.81	24
3.63	3.98	24
5.87	7.3	24
9.95	11.21	24
18.43	20.68	24
33.45	40.51	24
65.32	69.22	24
123.27	149.61	24
238.64	320.76	24
459.75	523.85	24
691.93	768.22	24
935.12	1054.04	24
1152.57	1225.38	24
1374.96	1816.68	24
1593.13	2070.84	24
1803.36	2184.16	24
2072.4	2581.72	24
1.89	1.67	25
2.38	2.2	25
2.98	2.84	25
3.55	2.99	25
3.23	3.69	25
3.52	2.95	25
3.26	3.49	25
4.12	3.48	25
4.58	5.02	25
5.5	5.41	25
7.24	7.2	25
11.26	11.23	25
18.39	19.61	25
33.37	34.13	25
59.83	62.14	25
116.07	118.89	25
220.8	224.47	25
429.45	449.57	25
845.9	837.79	25
1260.15	1282.38	25
1688.16	1680.05	25
2065.91	2081.98	25
2452.46	2512.5	25
2863.36	3442.28	25
3245.99	3292.25	25
3682.12	4447.62	25
1.88	1.81	25
2.54	2.47	25
3.26	3.09	25
3.97	3.77	25
3.88	3.94	25
4.46	4.46	25
4.92	5.67	25
5.87	5.93	25
7.85	7.37	25
11.8	12.14	25
19.83	20.3	25
36.95	36.3	25
68.35	68.57	25
132.27	133.66	25
257.31	260.31	25
508.17	515.4	25
1009.55	1014.39	25
2017.69	2031.13	25
3930.05	3286.02	25
5870.92	5918.02	25
7704.2	7875.19	25
9706.55	8089.81	25
11687.06	11606.34	25
13457.58	13611.81	25
15333.9	15472.58	25
17340.86	14340.84	25
1.92	1.74	25
2.06	2.13	25
3.0	3.05	25
3.2	3.56	25
3.56	3.49	25
3.32	3.67	25
3.08	3.68	25
3.63	4.31	25
4.91	5.48	25
5.84	7.01	25
8.15	9.75	25
11.54	14.1	25
18.43	21.41	25
32.07	36.42	25
60.27	64.29	25
115.1	121.55	25
223.01	253.14	25
449.53	437.05	25
836.33	852.62	25
1245.31	1304.03	25
1674.15	1994.67	25
2077.03	2093.79	25
2463.65	2523.92	25
2912.18	2909.52	25
3344.91	3841.09	25
3668.77	3771.47	25
1.55	1.85	25
2.62	2.35	25
3.38	3.37	25
3.71	3.69	25
4.01	3.89	25
4.13	4.17	25
5.08	4.41	25
5.67	6.1	25
8.01	7.23	25
11.72	11.38	25
20.13	21.42	25
35.58	36.81	25
68.14	70.3	25
130.2	134.31	25
258.34	261.71	25
503.66	516.85	25
1012.94	844.36	25
2022.02	1334.23	25
3928.22	3936.86	25
5830.97	5874.59	25
7701.07	7769.0	25
9658.78	9751.32	25
11578.99	11652.54	25
13445.1	13636.43	25
15438.79	15498.61	25
17292.81	17359.72	25
1.9	1.94	26
2.31	2.58	26
3.14	3.07	26
3.75	3.82	26
3.86	3.77	26
3.92	4.19	26
4.39	4.16	26
4.73	4.77	26
5.55	5.74	26
7.29	7.29	26
10.22	10.0	26
15.55	16.14	26
27.48	27.43	26
50.79	55.81	26
95.32	96.7	26
181.47	186.0	26
359.8	360.6	26
715.44	730.73	26
1398.04	1402.27	26
2039.17	2098.0	26
2742.04	2780.3	26
3404.81	3466.55	26
4076.32	4096.32	26
4711.19	4802.84	26
5420.99	5492.42	26
6038.25	6207.39	26
1.78	1.92	26
2.12	2.31	26
2.82	2.97	26
3.27	3.21	26
3.68	3.24	26
3.62	3.98	26
4.2	4.5	26
5.56	5.49	26
7.41	7.23	26
10.96	10.76	26
17.57	17.97	26
32.06	31.79	26
61.07	60.66	26
118.71	117.13	26
230.37	232.34	26
455.25	457.89	26
902.02	909.52	26
1800.64	1466.67	26
3496.63	3517.11	26
5230.61	4264.78	26
6917.8	7000.51	26
8653.64	8692.86	26
10281.27	10396.71	26
12126.65	12114.5	26
13828.35	13836.54	26
15437.9	15588.1	26
1.88	1.83	26
2.34	2.26	26
3.08	2.93	26
3.84	3.89	26
4.15	3.94	26
4.08	4.02	26
4.82	4.54	26
5.38	4.91	26
5.27	6.39	26
7.81	8.22	26
10.23	12.08	26
16.03	18.33	26
26.48	30.05	26
50.6	51.95	26
92.8	97.93	26
181.7	187.06	26
360.0	392.53	26
707.37	723.32	26
1451.58	1491.27	26
2200.48	2235.81	26
2701.29	2793.59	26
3415.97	3448.46	26
4089.7	4105.85	26
4739.72	4830.73	26
5400.62	5509.74	26
6113.49	6161.71	26
1.72	2.4	26
2.37	2.29	26
3.01	2.55	26
3.53	3.05	26
2.9	3.3	26
3.67	4.23	26
4.35	4.33	26
5.06	5.95	26
6.87	7.45	26
10.69	11.71	26
17.75	19.61	26
31.84	34.33	26
61.38	51.23	26
118.65	119.72	26
228.42	232.67	26
458.47	458.04	26
905.27	908.83	26
1812.36	1804.73	26
3508.14	3533.06	26
5233.32	5268.55	26
6922.41	6987.01	26
8659.97	8715.53	26
10367.19	10466.32	26
12092.84	12086.03	26
13781.56	13798.68	26
15353.26	15475.57	26
1.73	2.02	27
2.46	2.35	27
2.94	3.16	27
3.24	3.75	27
3.78	4.11	27
3.76	4.08	27
3.9	3.89	27
4.97	4.41	27
6.92	7.52	27
10.57	10.54	27
18.62	18.51	27
31.86	32.0	27
60.68	61.5	27
117.96	118.08	27
230.9	230.97	27
453.31	377.9	27
907.37	899.45	27
1806.99	1473.6	27
3512.76	3527.83	27
5201.73	5253.48	27
6939.5	7002.51	27
8661.81	7114.55	27
10420.1	10390.94	27
12086.08	12133.92	27
13902.21	13828.92	27
15570.63	15611.85	27
1.58	1.79	27
2.2	2.96	27
3.09	2.93	27
3.78	3.74	27
3.87	4.41	27
4.13	4.29	27
4.28	4.29	27
4.88	4.91	27
5.62	5.77	27
7.12	7.03	27
10.35	10.39	27
16.11	15.93	27
27.35	27.68	27
50.31	51.7	27
97.55	105.13	27
184.05	185.66	27
358.91	366.52	27
707.27	720.68	27
1357.2	1401.63	27
2074.7	2107.84	27
2772.11	2760.4	27
3359.76	3470.64	27
4039.33	4136.46	27
4749.3	4810.82	27
5367.55	5420.72	27
6080.54	6179.41	27
1.69	1.86	27
2.15	2.43	27
3.12	2.66	27
3.21	3.12	27
3.15	3.85	27
3.8	4.0	27
4.67	5.11	27
5.49	5.62	27
7.23	7.78	27
10.83	11.69	27
17.82	19.26	27
32.13	33.72	27
60.54	61.77	27
117.4	119.27	27
230.24	232.17	27
456.57	459.62	27
908.86	746.1	27
1810.28	1808.44	27
3500.55	3552.2	27
5226.69	5244.6	27
6934.66	6949.33	27
8624.8	8713.39	27
10316.88	8496.86	27
12065.75	12127.36	27
13767.86	13921.15	27
15465.21	15545.93	27
1.83	1.73	27
2.28	2.42	27
3.13	3.45	27
3.79	3.69	27
3.96	4.17	27
4.11	4.24	27
4.24	4.64	27
4.7	5.07	27
5.48	6.26	27
6.95	8.42	27
10.19	12.51	27
16.95	17.72	27
27.01	30.22	27
51.85	53.52	27
95.5	97.88	27
186.57	201.45	27
364.21	365.3	27
722.16	728.56	27
1379.04	1409.82	27
2051.34	2074.5	27
2696.75	2766.92	27
3405.67	3425.42	27
4070.35	4101.97	27
4797.15	4773.62	27
5424.44	5465.4	27
6139.74	6206.76	27
1.74	1.81	28
2.18	2.47	28
3.2	3.39	28
4.09	3.46	28
4.65	4.3	28
4.29	4.64	28
5.4	5.11	28
5.85	6.22	28
7.93	8.07	28
11.96	10.37	28
20.38	20.38	28
37.03	36.75	28
69.16	69.11	28
130.2	131.86	28
259.41	258.5	28
507.22	426.43	28
1007.84	1021.66	28
2013.5	2023.96	28
3900.73	3290.0	28
5817.91	5924.87	28
7771.69	7719.24	28
9676.51	9664.62	28
11584.76	9712.49	28
13516.14	13510.46	28
15313.64	12787.5	28
17209.75	17454.0	28
1.82	1.68	28
2.21	2.19	28
2.99	3.06	28
3.23	2.77	28
3.3	3.29	28
3.15	3.67	28
3.1	3.94	28
3.85	4.07	28
4.16	5.06	28
5.66	5.38	28
8.0	8.18	28
11.76	12.59	28
18.75	19.66	28
33.64	33.77	28
61.98	62.47	28
113.03	117.17	28
220.17	226.53	28
436.61	449.59	28
851.29	838.94	28
1252.92	1273.43	28
1634.84	1691.42	28
2042.9	2133.23	28
2419.64	2540.76	28
2847.43	3385.16	28
3291.2	3951.72	28
3644.82	3746.26	28
1.64	1.8	28
2.21	2.25	28
3.17	3.06	28
3.62	3.76	28
3.97	4.24	28
4.82	4.47	28
5.34	5.17	28
6.2	6.24	28
7.94	8.51	28
11.85	12.79	28
20.46	21.64	28
35.97	32.05	28
68.53	69.65	28
131.4	133.46	28
256.81	259.88	28
508.8	511.08	28
1018.02	1015.58	28
2009.11	2025.65	28
3938.5	3929.65	28
5833.13	5855.01	28
7710.36	7837.95	28
9656.14	9773.93	28
11501.93	11682.99	28
13429.21	13685.8	28
15518.79	15469.31	28
17321.29	17339.47	28
1.74	1.78	28
2.23	2.39	28
2.85	2.64	28
3.29	3.28	28
3.38	3.37	28
3.13	3.92	28
4.2	3.7	28
3.83	4.7	28
4.61	5.81	28
5.73	7.24	28
7.25	9.67	28
12.11	14.64	28
18.72	21.55	28
33.32	35.58	28
59.69	71.59	28
114.07	148.31	28
221.26	224.01	28
441.55	442.9	28
844.76	974.47	28
1243.09	1459.51	28
1630.59	1680.84	28
2051.25	2073.16	28
2414.54	2872.8	28
2892.93	2870.03	28
3307.74	3337.78	28
3610.5	4286.41	28
0.8	0.84	29
0.89	1.01	29
1.1	1.24	29
1.57	1.61	29
2.31	2.03	29
2.69	2.38	29
3.01	3.39	29
3.01	3.04	29
3.17	3.47	29
3.56	3.62	29
3.53	3.89	29
4.28	4.35	29
5.31	5.56	29
7.17	7.2	29
10.79	11.2	29
16.82	17.3	29
30.39	32.01	29
56.25	57.29	29
105.49	109.01	29
205.18	210.69	29
408.53	416.68	29
789.07	778.87	29
1125.58	1177.96	29
1520.23	1572.22	29
1935.21	1944.89	29
2309.23	2302.8	29
2649.01	2748.06	29
3017.39	3074.14	29
3438.71	3502.91	29
0.94	0.8	29
0.99	0.98	29
1.29	1.19	29
1.66	1.58	29
2.2	1.9	29
2.72	2.78	29
3.04	3.5	29
3.4	3.13	29
3.18	3.44	29
4.51	3.88	29
4.77	4.78	29
6.33	6.54	29
10.08	10.4	29
17.09	16.51	29
30.9	31.6	29
59.55	59.73	29
114.32	115.77	29
225.26	225.69	29
441.38	446.05	29
876.0	882.74	29
1741.23	1750.07	29
3376.51	3411.46	29
4972.44	4985.8	29
6513.19	6551.72	29
8073.09	8153.91	29
9690.92	9665.57	29
11250.02	11207.93	29
12672.34	12754.24	29
14302.84	14324.7	29
0.82	0.8	29
0.98	0.94	29
1.21	1.16	29
1.45	1.44	29
2.17	2.12	29
2.72	2.61	29
3.07	2.93	29
2.99	3.02	29
3.36	3.55	29
3.44	3.56	29
3.87	4.2	29
4.63	4.8	29
5.5	6.41	29
6.58	8.31	29
10.55	12.66	29
17.58	19.07	29
29.39	37.05	29
55.75	65.91	29
106.96	108.92	29
204.22	215.18	29
397.0	415.21	29
782.68	793.85	29
1150.41	1161.89	29
1522.89	1548.99	29
1875.89	1938.68	29
2307.05	2280.28	29
2683.49	3163.99	29
3040.28	3589.54	29
3375.18	3458.06	29
0.76	0.9	29
0.87	0.99	29
1.17	1.14	29
1.51	1.7	29
2.14	2.28	29
2.58	2.57	29
3.0	2.95	29
3.02	3.25	29
3.53	3.26	29
3.82	4.69	29
4.5	5.07	29
6.48	6.9	29
10.14	10.5	29
16.71	18.41	29
30.93	32.68	29
57.66	59.61	29
110.25	115.13	29
220.29	223.13	29
436.29	440.89	29
859.62	861.11	29
1697.5	1436.99	29
3330.87	3339.18	29
4887.38	4905.57	29
6457.5	5502.04	29
9083.81	9150.31	29
9635.83	9711.17	29
11204.08	9563.04	29
12686.03	12808.11	29
14397.59	14358.28	29
0.97	1.06	30
1.09	1.57	30
1.33	1.35	30
1.64	1.75	30
2.23	1.98	30
2.64	2.52	30
3.28	3.31	30
3.27	3.37	30
3.26	3.85	30
3.25	3.67	30
4.11	3.92	30
4.84	5.14	30
6.42	6.84	30
8.94	8.53	30
14.58	15.65	30
25.8	26.59	30
48.4	48.2	30
90.82	90.36	30
173.73	175.02	30
341.45	349.86	30
680.14	743.94	30
1310.6	1320.31	30
1939.5	2175.95	30
2617.32	2653.43	30
3231.82	3242.06	30
3885.49	4318.96	30
4497.36	4627.53	30
5185.96	5240.59	30
5764.86	5797.81	30
0.97	0.99	30
1.08	1.16	30
1.32	1.33	30
1.79	1.65	30
2.02	2.22	30
2.59	2.91	30
3.18	3.26	30
3.38	3.74	30
3.49	3.26	30
4.3	4.09	30
4.75	4.57	30
6.05	6.58	30
9.46	9.76	30
14.62	15.21	30
25.95	25.89	30
48.92	48.59	30
93.33	92.39	30
181.28	181.66	30
358.73	361.66	30
713.4	594.41	30
1418.03	1187.85	30
2773.07	2770.1	30
4100.09	4130.32	30
5458.4	5473.46	30
6784.72	6836.96	30
8140.3	8153.43	30
9472.18	9502.46	30
10836.76	10881.57	30
12213.92	12221.97	30
1.11	0.91	30
1.16	1.0	30
1.28	1.17	30
1.65	1.77	30
2.14	2.21	30
2.68	2.8	30
3.01	3.18	30
3.34	3.37	30
3.09	3.36	30
3.75	3.8	30
4.13	4.32	30
4.7	5.06	30
6.3	6.86	30
8.64	10.3	30
14.14	15.47	30
25.1	27.07	30
46.97	50.26	30
90.13	91.76	30
174.81	177.23	30
343.69	344.41	30
676.04	686.67	30
1310.16	1340.04	30
1953.91	1979.09	30
2578.27	2642.82	30
3272.84	3300.93	30
3915.63	3915.03	30
4544.39	4613.01	30
5181.26	5626.07	30
5790.0	5960.12	30
0.89	0.94	30
1.02	1.01	30
1.27	1.36	30
1.67	1.77	30
2.34	2.21	30
2.81	2.87	30
3.22	3.2	30
3.22	4.11	30
2.99	3.41	30
3.83	3.77	30
4.86	4.98	30
5.87	6.87	30
9.07	9.85	30
14.66	15.54	30
26.0	27.48	30
48.64	49.19	30
92.09	80.47	30
181.35	182.01	30
360.09	362.85	30
716.41	713.45	30
1413.73	1423.04	30
2764.01	2776.68	30
4103.46	4126.91	30
5457.21	5460.9	30
6815.56	6832.09	30
8134.18	8176.62	30
9488.31	9543.73	30
10813.03	10849.26	30
12148.47	10184.53	30
0.99	1.01	31
1.19	1.19	31
1.43	1.61	31
2.52	1.71	31
2.35	2.26	31
2.71	3.15	31
3.03	3.31	31
3.22	2.91	31
3.76	3.61	31
4.17	4.12	31
4.57	4.63	31
6.58	6.42	31
9.0	9.42	31
14.82	14.83	31
26.04	26.29	31
48.05	48.76	31
94.08	93.15	31
181.63	181.92	31
359.04	358.89	31
712.64	715.2	31
1410.0	1426.79	31
2757.9	2767.46	31
4107.88	4111.08	31
5427.68	5449.5	31
6771.03	6814.56	31
8140.39	8139.08	31
9481.15	9536.11	31
10856.95	10887.9	31
12205.21	12200.96	31
0.97	0.94	31
1.25	1.18	31
1.3	1.28	31
1.64	1.67	31
2.22	2.28	31
2.66	2.66	31
3.2	3.41	31
3.17	3.41	31
3.51	3.7	31
3.53	3.81	31
4.39	4.18	31
4.55	5.22	31
6.38	6.58	31
8.96	9.3	31
14.95	14.75	31
25.61	27.81	31
48.75	49.16	31
91.87	91.58	31
176.46	192.74	31
342.13	347.16	31
686.85	692.3	31
1314.42	1355.47	31
1963.32	1993.35	31
2611.77	2646.38	31
3263.34	3294.87	31
3930.98	3895.97	31
4567.17	4613.81	31
5223.09	5273.85	31
5826.47	5911.77	31
0.97	0.97	31
1.09	1.1	31
1.85	1.23	31
1.69	1.63	31
2.27	2.09	31
2.63	2.73	31
3.51	3.18	31
3.47	3.5	31
3.58	3.74	31
3.96	4.28	31
4.68	5.0	31
5.85	6.48	31
9.79	9.49	31
14.44	16.19	31
26.01	27.12	31
47.87	49.79	31
92.59	79.73	31
180.58	153.88	31
359.2	360.09	31
710.89	714.11	31
1403.5	1426.69	31
2756.31	2784.5	31
4109.36	4116.55	31
5440.95	5474.47	31
6774.93	6824.38	31
8112.74	8143.88	31
9468.23	9533.17	31
10830.09	10895.9	31
12189.06	12220.5	31
1.03	0.96	31
1.23	1.14	31
1.35	1.34	31
1.81	1.67	31
2.21	2.29	31
2.72	2.96	31
3.32	3.58	31
3.27	2.81	31
3.59	3.88	31
3.43	3.91	31
4.77	4.5	31
5.31	5.26	31
6.46	7.0	31
9.07	10.73	31
14.64	16.43	31
25.99	27.81	31
48.2	49.26	31
90.4	92.03	31
178.45	177.99	31
342.85	351.04	31
677.63	686.73	31
1298.75	1336.11	31
1961.89	1990.64	31
2610.42	2609.04	31
3255.13	3288.19	31
3895.5	4222.6	31
4505.16	4631.73	31
5227.85	5217.6	31
5827.31	5873.23	31
1.08	1.13	32
1.15	1.01	32
1.43	1.28	32
1.54	1.87	32
2.23	2.18	32
2.82	2.33	32
3.13	3.11	32
3.03	3.19	32
3.57	3.09	32
4.25	3.96	32
4.86	5.02	32
6.63	6.0	32
10.29	10.54	32
17.71	17.82	32
31.81	31.8	32
59.68	50.79	32
115.73	117.47	32
229.47	193.73	32
446.38	448.37	32
854.48	853.87	32
1658.89	1679.11	32
3223.0	3236.5	32
4774.72	4805.87	32
6350.68	6367.1	32
7905.33	7938.74	32
9474.87	9548.17	32
10996.7	11101.85	32
12577.15	12606.44	32
14181.88	14268.78	32
0.99	0.86	32
1.08	1.06	32
1.33	1.25	32
1.64	1.87	32
2.31	2.22	32
2.51	2.83	32
3.19	2.98	32
2.8	3.07	32
3.17	2.79	32
3.53	3.83	32
3.86	3.68	32
4.38	4.2	32
5.39	5.63	32
7.26	7.43	32
10.49	10.88	32
17.55	17.81	32
30.5	35.97	32
57.44	56.81	32
107.19	109.41	32
209.57	206.06	32
399.51	408.08	32
793.89	783.02	32
1172.12	1159.91	32
1515.77	1537.61	32
1908.43	1928.17	32
2304.83	2371.59	32
2662.35	2735.1	32
3031.86	3092.15	32
3372.59	3494.07	32
0.92	0.89	32
1.14	1.08	32
1.3	1.21	32
1.6	1.72	32
2.09	2.2	32
2.95	2.8	32
3.4	2.89	32
3.49	3.47	32
3.54	3.58	32
4.06	4.26	32
4.83	5.11	32
6.4	6.71	32
9.76	10.15	32
16.02	17.65	32
29.06	30.92	32
55.47	56.43	32
106.76	109.14	32
211.32	211.2	32
413.98	416.38	32
819.89	829.69	32
1637.03	1651.88	32
3205.01	3213.92	32
4763.79	4802.98	32
6308.74	6315.56	32
7871.6	7898.43	32
9424.96	9450.41	32
11016.33	11042.19	32
12518.82	12642.56	32
14112.91	14176.7	32
0.97	0.97	32
1.13	1.1	32
1.35	1.49	32
1.67	2.64	32
2.68	2.42	32
3.04	3.98	32
3.62	3.47	32
3.13	3.17	32
3.83	3.13	32
3.83	3.82	32
4.19	3.94	32
4.68	4.78	32
5.51	6.58	32
6.73	9.26	32
10.21	12.51	32
16.71	19.2	32
30.17	32.83	32
56.91	58.89	32
107.0	111.0	32
206.91	241.87	32
402.88	473.28	32
788.58	805.54	32
1161.38	1183.5	32
1515.12	1575.59	32
1891.4	1949.37	32
2310.47	2657.09	32
2633.93	3140.26	32
3020.14	3077.74	32
3414.89	3464.36	32
1.29	1.22	33
1.3	1.29	33
1.43	1.47	33
1.33	1.39	33
1.46	1.59	33
1.48	1.57	33
1.63	1.71	33
1.79	1.65	33
2.04	2.13	33
2.29	2.41	33
3.34	3.38	33
4.86	5.1	33
7.65	8.16	33
13.37	14.14	33
24.94	25.42	33
46.3	48.04	33
91.54	91.04	33
173.37	177.47	33
337.31	350.73	33
662.28	682.18	33
982.79	1018.06	33
1320.45	1323.0	33
1615.37	1649.81	33
1925.97	1960.09	33
2275.04	2325.14	33
2590.0	2620.34	33
2877.45	2933.59	33
1.2	1.05	33
1.29	1.27	33
1.15	1.52	33
1.46	1.48	33
1.5	1.54	33
1.82	1.71	33
1.78	1.75	33
2.15	2.25	33
2.68	3.02	33
4.87	4.39	33
6.82	6.96	33
12.22	12.64	33
23.65	23.9	33
45.56	46.44	33
89.56	89.92	33
175.18	176.92	33
350.11	348.25	33
694.54	695.38	33
1371.23	1384.65	33
2695.3	2688.76	33
3999.47	4037.01	33
5288.4	5320.99	33
6614.54	6652.15	33
7920.41	7946.23	33
9221.21	9211.6	33
10496.7	10629.44	33
11877.71	11965.45	33
1.33	1.22	33
1.23	1.45	33
1.29	1.25	33
1.46	1.33	33
1.59	1.64	33
1.58	1.58	33
1.77	1.63	33
1.81	1.83	33
2.33	2.22	33
2.5	2.98	33
3.3	4.23	33
4.73	6.1	33
7.84	9.43	33
13.19	15.28	33
24.61	27.2	33
46.48	49.26	33
88.5	93.04	33
175.65	179.54	33
339.18	353.96	33
663.33	672.18	33
980.6	1006.29	33
1283.87	1308.81	33
1589.31	1673.87	33
1932.16	1970.75	33
2275.98	2342.25	33
2549.81	2629.62	33
2897.85	2975.25	33
1.2	1.09	33
1.4	1.23	33
1.34	1.42	33
1.59	1.48	33
1.6	1.49	33
1.58	1.7	33
1.87	2.03	33
2.11	2.38	33
2.97	3.15	33
4.16	4.93	33
7.28	7.79	33
12.25	13.55	33
23.45	24.71	33
45.56	47.32	33
89.15	90.17	33
177.36	176.53	33
347.62	352.36	33
688.9	694.85	33
1375.18	1389.18	33
2694.83	2706.03	33
4003.3	4023.04	33
5331.09	5352.52	33
6595.64	6665.22	33
7977.05	7925.64	33
9253.42	9242.81	33
10554.2	10564.62	33
11880.56	11964.23	33
1.25	1.25	34
1.31	1.34	34
1.41	1.51	34
1.6	1.55	34
1.59	1.65	34
2.23	1.74	34
1.82	1.82	34
2.11	1.96	34
2.51	2.67	34
3.39	3.21	34
4.29	4.26	34
7.11	7.13	34
12.21	12.27	34
22.52	22.79	34
42.0	43.65	34
80.63	82.8	34
158.91	160.28	34
309.16	312.29	34
606.66	616.23	34
1199.4	1186.32	34
1772.0	1808.75	34
2383.72	2385.64	34
2924.68	2947.54	34
3528.63	3583.15	34
4060.11	4148.0	34
4588.28	4739.12	34
5289.48	5296.53	34
1.33	1.39	34
1.54	1.43	34
1.47	1.49	34
1.71	1.51	34
1.46	2.22	34
2.24	1.68	34
1.95	2.03	34
2.27	2.46	34
2.9	2.87	34
3.99	3.91	34
6.0	6.33	34
10.85	11.0	34
20.57	20.07	34
37.68	37.33	34
73.26	72.79	34
145.15	144.31	34
285.09	288.06	34
573.61	569.63	34
1134.54	1141.24	34
2214.09	2212.75	34
3292.19	3296.7	34
4377.72	4377.37	34
5455.72	5468.45	34
6530.17	6534.81	34
7605.69	7622.79	34
8696.3	8726.46	34
9766.96	9791.58	34
1.32	1.29	34
1.32	1.48	34
1.39	1.65	34
1.65	1.51	34
1.67	1.79	34
1.77	1.58	34
1.9	2.09	34
2.07	2.29	34
2.37	2.52	34
2.99	3.52	34
5.44	5.23	34
6.77	8.26	34
12.03	13.31	34
22.9	23.5	34
42.47	43.77	34
80.74	82.86	34
156.2	160.99	34
311.46	313.79	34
614.49	621.57	34
1197.22	1195.64	34
1775.55	1786.04	34
2329.13	2397.73	34
2956.99	3017.37	34
3519.96	3599.91	34
4098.92	4160.42	34
4637.36	4738.39	34
5255.12	5352.14	34
1.34	1.26	34
1.39	1.6	34
1.51	1.5	34
1.41	1.67	34
1.53	1.71	34
1.75	1.75	34
1.85	1.89	34
2.19	2.45	34
3.48	3.14	34
4.08	4.3	34
6.28	6.77	34
10.56	12.04	34
19.46	20.83	34
37.5	38.93	34
73.0	74.95	34
145.0	144.72	34
285.96	290.0	34
568.9	570.97	34
1135.99	1136.72	34
2215.63	2212.51	34
3295.68	3296.37	34
4360.97	4384.77	34
5437.37	5457.24	34
6528.3	6545.81	34
7621.12	7634.7	34
8675.47	8698.93	34
9768.93	9788.7	34
1.42	1.26	35
1.37	1.39	35
1.35	1.41	35
1.41	1.47	35
1.52	1.45	35
1.58	1.78	35
1.81	1.8	35
2.26	2.14	35
2.68	2.92	35
4.13	4.23	35
6.34	6.38	35
10.99	10.81	35
19.86	20.13	35
36.88	38.51	35
72.27	74.11	35
143.2	143.54	35
283.65	285.21	35
567.46	571.34	35
1132.47	1135.73	35
2208.78	2218.76	35
3293.96	3297.17	35
4367.78	4373.35	35
5442.52	5476.69	35
6535.07	6544.99	35
7599.57	7619.94	35
8673.11	8684.76	35
9764.87	9778.88	35
1.14	1.18	35
1.36	1.39	35
1.43	1.51	35
1.49	1.45	35
2.11	1.51	35
1.74	1.72	35
1.86	1.82	35
2.06	2.32	35
2.45	2.36	35
2.77	3.27	35
4.61	4.46	35
6.84	7.11	35
12.13	12.5	35
22.01	22.56	35
42.31	43.08	35
82.93	81.76	35
159.77	159.33	35
309.5	315.75	35
611.56	621.35	35
1187.34	1208.14	35
1772.36	1787.65	35
2368.95	2360.87	35
2906.76	2995.68	35
3532.73	3530.54	35
4077.38	4153.0	35
5012.21	5026.77	35
5174.55	5286.81	35
1.42	1.27	35
1.47	1.51	35
1.48	1.41	35
1.59	1.68	35
1.53	1.5	35
1.66	1.79	35
1.96	1.94	35
2.12	2.4	35
2.85	3.08	35
3.82	4.15	35
6.11	7.16	35
10.54	12.06	35
19.4	21.22	35
37.39	38.54	35
72.7	74.0	35
143.4	145.3	35
286.26	286.34	35
566.76	571.39	35
1137.12	1137.78	35
2209.34	2215.01	35
3291.5	3301.03	35
4378.47	4385.77	35
5434.88	5480.42	35
6536.47	6549.51	35
7607.61	7616.02	35
8696.29	8702.56	35
9761.55	9780.49	35
1.51	1.26	35
1.33	1.39	35
1.42	1.62	35
1.5	1.45	35
1.53	1.82	35
1.88	1.68	35
2.04	1.87	35
2.01	2.16	35
2.64	2.76	35
3.3	3.58	35
4.45	4.95	35
6.98	8.39	35
12.13	13.37	35
22.36	23.97	35
42.97	46.46	35
80.86	83.47	35
156.37	161.76	35
308.79	316.38	35
608.98	627.1	35
1187.1	1224.49	35
1774.52	1798.5	35
2366.62	2368.55	35
2900.13	2973.03	35
3523.21	3597.19	35
4051.3	4141.68	35
4646.62	4704.26	35
5235.88	5365.72	35
0.97	1.22	36
1.35	1.24	36
1.18	1.29	36
1.37	1.39	36
1.35	1.41	36
1.46	1.56	36
1.58	1.63	36
2.24	1.99	36
2.79	2.71	36
4.17	4.15	36
6.76	7.32	36
12.51	12.6	36
23.91	24.09	36
45.42	46.54	36
88.47	91.92	36
179.04	179.05	36
348.7	348.57	36
695.2	697.01	36
1377.31	1387.5	36
2682.87	2706.73	36
3999.99	4049.8	36
5293.06	5341.81	36
6578.29	6684.17	36
7962.3	7971.41	36
9192.32	9306.96	36
10443.64	10633.28	36
11744.78	11943.74	36
1.07	1.14	36
1.27	1.3	36
1.35	1.43	36
1.47	1.45	36
1.2	1.46	36
1.39	1.54	36
1.62	1.84	36
2.57	1.88	36
2.13	2.21	36
2.23	2.49	36
3.14	3.5	36
4.72	5.14	36
7.48	7.91	36
13.3	13.6	36
24.72	26.01	36
47.07	48.16	36
89.67	92.48	36
174.73	178.67	36
340.72	349.21	36
653.3	682.36	36
977.86	998.86	36
1294.89	1334.94	36
1628.76	1650.67	36
1971.35	1972.97	36
2302.58	2309.67	36
2541.45	2622.7	36
2883.4	2944.14	36
1.16	1.18	36
1.22	1.31	36
1.45	1.36	36
1.93	1.57	36
2.68	1.64	36
1.53	1.59	36
1.78	2.31	36
1.94	2.31	36
2.81	2.93	36
3.96	4.55	36
6.89	7.88	36
12.45	14.04	36
23.01	25.28	36
44.82	46.66	36
88.75	90.61	36
174.9	180.18	36
349.97	350.35	36
692.05	697.31	36
1383.93	1396.2	36
2684.98	2696.94	36
4011.98	3999.98	36
5326.13	5346.22	36
6624.52	6632.71	36
7878.7	8007.15	36
9220.57	9246.23	36
10583.03	10599.88	36
11778.64	11923.11	36
1.16	1.29	36
1.27	1.21	36
1.42	1.55	36
1.32	1.37	36
1.51	1.4	36
1.44	1.59	36
1.61	1.81	36
2.4	2.04	36
1.93	2.39	36
2.26	2.92	36
3.06	4.44	36
4.57	6.32	36
7.66	9.24	36
12.95	15.33	36
25.04	26.87	36
46.52	49.17	36
88.95	92.37	36
172.05	178.25	36
343.2	350.54	36
665.0	677.06	36
991.38	994.77	36
1290.98	1333.5	36
1610.41	1643.18	36
1927.37	1995.01	36
2250.33	2283.27	36
2550.16	2583.75	36
2895.28	2935.15	36
0.83	0.94	37
0.97	1.01	37
1.14	1.23	37
1.67	1.81	37
2.64	2.57	37
4.53	4.44	37
7.51	7.51	37
13.37	11.39	37
24.55	22.1	37
42.55	28.55	37
59.29	21.51	37
70.51	14.65	37
69.9	31.42	37
76.68	40.54	37
76.02	40.29	37
87.4	54.7	37
105.96	80.61	37
125.91	126.36	37
217.34	186.38	37
331.9	322.38	37
588.65	600.71	37
1086.23	1158.84	37
1605.76	1645.88	37
2094.16	2194.06	37
2628.13	2672.89	37
2945.35	3212.7	37
3560.77	3745.8	37
3990.77	4277.63	37
4466.98	4844.23	37
0.86	0.85	37
1.02	1.02	37
1.18	1.22	37
1.63	1.7	37
2.52	2.55	37
4.31	4.14	37
7.5	7.04	37
13.86	12.29	37
25.39	12.99	37
42.58	20.6	37
47.54	25.04	37
48.45	19.38	37
67.38	29.75	37
77.89	36.95	37
101.91	39.43	37
123.91	59.1	37
201.4	117.77	37
314.02	228.62	37
566.27	470.02	37
1100.88	1007.92	37
2095.29	2067.87	37
4027.57	4081.34	37
6010.34	6045.82	37
7953.48	8032.95	37
9866.76	9999.96	37
11815.33	12069.2	37
13822.36	13991.68	37
15735.49	15991.36	37
17666.52	17874.82	37
0.89	0.93	37
1.03	1.1	37
1.37	1.27	37
1.58	1.81	37
2.44	2.7	37
4.33	4.24	37
7.4	7.78	37
13.58	8.79	37
23.44	14.94	37
36.43	22.36	37
55.49	21.53	37
48.23	25.99	37
68.29	34.27	37
65.51	30.74	37
72.01	38.21	37
76.49	53.84	37
110.72	78.92	37
148.88	141.86	37
206.79	239.08	37
330.46	432.64	37
570.08	849.48	37
1066.17	1592.77	37
1550.39	2361.39	37
2025.55	3119.14	37
2497.04	3884.06	37
3008.26	4664.31	37
3465.22	5372.5	37
4005.96	6120.13	37
4532.54	6918.79	37
0.9	0.81	37
0.93	0.99	37
1.25	1.16	37
1.61	1.6	37
2.65	2.56	37
4.17	4.3	37
7.5	7.55	37
14.28	13.21	37
23.85	16.58	37
38.6	32.39	37
52.35	22.33	37
66.74	16.01	37
70.73	34.8	37
77.81	30.26	37
96.41	53.91	37
127.32	64.12	37
189.23	141.97	37
323.42	248.35	37
567.62	511.2	37
1081.45	1093.44	37
2082.85	2248.13	37
4053.06	4312.34	37
5989.12	6540.31	37
7886.23	8704.38	37
9916.96	11052.56	37
11838.43	13014.36	37
13697.97	15242.64	37
15752.89	17404.94	37
17727.07	19481.8	37
0.96	0.96	38
1.07	0.99	38
1.27	1.2	38
1.66	1.77	38
2.72	2.72	38
4.44	4.38	38
7.33	4.96	38
12.61	13.59	38
23.12	20.77	38
36.38	15.84	38
55.17	24.71	38
62.18	29.52	38
62.94	27.5	38
73.56	32.71	38
77.84	32.45	38
98.86	61.75	38
119.75	96.94	38
154.21	161.13	38
267.55	269.0	38
460.92	456.52	38
855.8	901.5	38
1626.48	1683.09	38
2375.36	2492.3	38
3087.3	3381.82	38
3787.5	3982.39	38
4643.78	4612.19	38
5417.59	5376.34	38
6045.47	6351.08	38
6994.03	6983.36	38
0.83	0.97	38
0.96	1.02	38
1.28	1.3	38
1.74	1.72	38
2.69	2.79	38
4.55	4.45	38
8.29	6.95	38
14.68	14.85	38
26.65	21.67	38
40.12	26.78	38
65.89	26.11	38
53.72	25.13	38
66.24	35.19	38
67.13	28.69	38
100.17	54.2	38
116.62	59.31	38
181.62	107.56	38
294.41	158.41	38
531.42	447.88	38
999.65	895.16	38
1941.06	1861.27	38
3662.59	3713.74	38
5437.63	5395.36	38
7161.1	7252.27	38
8716.4	9014.36	38
10570.53	10819.25	38
12195.69	12532.94	38
14055.44	14310.71	38
15613.29	16147.28	38
0.91	1.01	38
1.03	1.02	38
1.35	1.33	38
1.64	1.79	38
2.48	2.5	38
4.43	4.29	38
8.12	7.86	38
14.42	13.31	38
25.18	14.1	38
41.31	19.65	38
53.83	29.07	38
56.59	30.89	38
73.76	27.42	38
68.58	30.09	38
78.21	36.57	38
91.54	57.05	38
126.19	108.69	38
174.36	176.91	38
301.8	299.98	38
496.93	594.16	38
892.66	1075.34	38
1604.44	2139.28	38
2357.45	3087.25	38
3226.46	4069.49	38
3802.36	5098.76	38
4586.04	6057.7	38
5302.92	7039.86	38
6171.2	7978.53	38
6828.1	9033.19	38
0.91	0.93	38
0.91	1.65	38
1.24	1.34	38
1.7	1.66	38
2.51	2.64	38
4.41	4.25	38
7.7	7.49	38
12.92	7.63	38
22.28	16.1	38
40.38	21.13	38
50.96	16.56	38
62.04	33.34	38
66.12	30.81	38
79.32	32.23	38
86.5	42.84	38
112.14	66.76	38
177.44	105.12	38
293.08	183.06	38
528.11	511.67	38
969.08	958.08	38
1859.72	1959.65	38
3566.82	3921.52	38
5293.55	5714.63	38
6994.44	7822.17	38
8783.54	9636.93	38
10475.39	11617.07	38
12238.48	13670.59	38
13892.08	14432.97	38
15595.78	17535.09	38
0.91	1.08	39
0.96	1.09	39
1.24	1.22	39
1.67	1.82	39
2.51	2.74	39
4.5	4.14	39
7.7	7.94	39
14.37	9.53	39
25.0	20.47	39
34.94	21.56	39
43.44	28.12	39
60.34	33.06	39
62.94	30.24	39
79.05	29.58	39
83.77	38.24	39
112.52	53.25	39
169.13	91.06	39
295.54	215.78	39
500.2	448.07	39
963.24	921.99	39
1876.68	1840.03	39
3576.93	3593.55	39
5357.41	5311.26	39
7042.41	7203.45	39
8765.94	8997.03	39
10385.22	10792.05	39
12222.77	12433.78	39
13932.46	14230.09	39
15600.81	16094.01	39
0.98	0.95	39
0.99	1.14	39
1.1	1.26	39
1.89	1.77	39
2.45	2.68	39
4.39	4.77	39
7.72	7.31	39
13.08	11.01	39
24.85	18.37	39
39.97	19.86	39
49.61	12.49	39
71.01	18.46	39
76.13	26.84	39
59.98	33.07	39
81.64	50.23	39
96.75	59.0	39
117.71	109.67	39
170.71	156.7	39
286.86	268.97	39
514.05	503.86	39
910.03	920.79	39
1610.15	1663.8	39
2311.92	2412.48	39
3083.97	3136.81	39
3810.51	3939.49	39
4558.23	4634.42	39
5311.74	5530.4	39
5971.43	6161.23	39
6787.37	6972.55	39
0.9	0.95	39
1.01	1.07	39
1.24	1.29	39
1.85	1.82	39
2.74	2.68	39
4.2	4.52	39
7.88	7.03	39
14.29	14.0	39
23.43	19.14	39
39.16	19.03	39
56.05	33.61	39
55.07	26.69	39
62.64	28.28	39
67.13	33.63	39
92.13	35.35	39
113.79	56.77	39
171.94	98.57	39
295.07	237.72	39
518.71	499.01	39
955.43	1001.75	39
1857.49	1937.55	39
3589.02	3916.83	39
5352.64	5935.09	39
7067.11	7909.89	39
8753.48	9793.72	39
10461.17	11750.17	39
12271.62	13630.39	39
14039.75	15972.91	39
15683.97	16899.81	39
0.93	0.92	39
1.07	1.1	39
1.26	1.3	39
1.61	1.78	39
2.57	2.69	39
4.28	4.23	39
7.37	7.33	39
13.91	14.48	39
22.99	23.47	39
38.64	18.8	39
53.91	16.69	39
68.69	19.01	39
65.63	26.17	39
56.35	32.47	39
79.7	50.25	39
98.73	68.17	39
121.33	86.43	39
170.49	168.18	39
283.42	319.23	39
520.17	579.73	39
895.46	1122.85	39
1623.31	2051.22	39
2341.57	3028.65	39
3110.24	4028.36	39
3858.02	5011.43	39
4594.95	6022.71	39
5291.75	6976.53	39
6065.41	7864.67	39
6761.11	8933.32	39
0.82	0.96	40
0.99	1.01	40
1.08	1.27	40
1.7	1.77	40
2.67	2.68	40
4.5	4.09	40
7.49	8.02	40
14.05	8.24	40
21.6	14.32	40
35.17	21.48	40
57.24	24.95	40
56.94	32.33	40
66.21	25.4	40
72.05	37.26	40
87.08	44.83	40
121.3	69.85	40
190.08	129.98	40
317.03	253.02	40
566.87	493.77	40
1076.44	954.82	40
2113.44	2118.96	40
4031.87	4063.87	40
5998.83	6104.18	40
7989.74	8053.97	40
9948.76	10014.84	40
11766.58	12104.86	40
13667.3	13970.24	40
15583.09	16114.02	40
17544.6	18067.06	40
0.9	0.89	40
1.0	1.02	40
1.27	1.22	40
1.68	1.87	40
3.27	2.59	40
4.47	4.36	40
7.41	7.51	40
14.06	13.79	40
21.25	18.32	40
38.84	22.02	40
49.3	25.79	40
54.05	21.73	40
74.78	33.0	40
62.53	38.33	40
78.02	33.12	40
86.85	52.29	40
111.77	76.29	40
140.66	116.97	40
228.28	186.38	40
330.72	336.81	40
581.13	609.89	40
1063.78	1160.5	40
1533.78	1699.92	40
2088.87	2123.82	40
2574.68	2693.95	40
3074.27	3200.12	40
3483.14	3757.01	40
4112.62	4359.98	40
4568.44	4888.57	40
0.97	0.97	40
1.14	1.1	40
1.31	1.26	40
1.65	1.71	40
2.53	2.61	40
4.25	4.42	40
7.74	7.38	40
13.18	10.33	40
23.61	17.87	40
34.61	17.43	40
58.64	25.26	40
59.5	26.76	40
68.3	31.21	40
66.09	37.74	40
88.67	52.59	40
112.17	69.41	40
196.29	109.37	40
313.62	282.32	40
560.7	502.64	40
1085.55	1091.92	40
2092.46	2275.25	40
4023.89	4428.93	40
5988.41	6566.1	40
7958.68	8708.55	40
9848.92	10881.32	40
11738.75	12583.41	40
13785.1	15232.32	40
15600.57	17376.93	40
17620.43	19518.73	40
0.93	0.93	40
0.94	1.03	40
1.75	1.39	40
1.76	1.74	40
2.64	2.53	40
4.26	4.25	40
7.76	7.77	40
13.66	13.98	40
25.01	19.32	40
41.73	20.45	40
55.03	30.37	40
65.16	21.78	40
64.93	16.81	40
71.18	37.0	40
65.36	35.69	40
83.22	52.51	40
113.68	91.3	40
139.34	135.13	40
208.47	241.83	40
330.68	423.96	40
611.8	859.22	40
1056.64	1610.0	40
1534.48	2390.27	40
2104.8	3152.25	40
2540.54	3944.88	40
2960.18	4642.7	40
3457.97	5407.99	40
4010.37	6295.79	40
4531.47	7103.3	40
0.92	1.06	41
1.1	1.28	41
1.33	1.65	41
2.13	2.14	41
3.08	3.37	41
5.25	5.48	41
9.93	9.73	41
18.89	11.16	41
33.26	8.91	41
52.47	12.2	41
86.75	21.65	41
116.5	28.6	41
129.5	34.07	41
157.8	45.07	41
207.56	58.33	41
296.02	97.07	41
496.06	173.32	41
891.24	312.68	41
1623.96	609.19	41
3021.36	1156.5	41
4442.54	1710.37	41
5808.05	2296.08	41
7259.68	2805.44	41
8750.31	3368.61	41
10100.13	3943.44	41
11548.34	4474.84	41
12813.11	4957.45	41
1.03	1.11	41
1.21	1.14	41
1.43	1.52	41
2.06	1.99	41
3.01	3.12	41
5.05	4.57	41
9.83	5.94	41
18.35	7.83	41
31.67	10.23	41
58.64	17.16	41
101.46	24.47	41
134.95	30.14	41
163.51	37.15	41
187.06	50.42	41
291.39	74.0	41
451.55	125.77	41
769.81	231.77	41
1382.06	430.99	41
2616.84	841.91	41
4930.29	1623.52	41
7182.56	2399.07	41
9555.03	3179.76	41
11778.29	3921.86	41
14053.28	4773.14	41
16398.88	5496.94	41
18796.99	6334.26	41
21138.72	7074.49	41
0.94	0.93	41
1.27	1.14	41
1.47	1.46	41
2.09	1.91	41
2.87	3.12	41
5.14	4.44	41
9.09	9.78	41
16.67	11.11	41
29.99	11.62	41
51.63	11.66	41
76.71	18.32	41
102.3	23.74	41
106.08	32.06	41
136.45	39.29	41
187.3	53.02	41
285.88	85.85	41
457.58	152.52	41
844.5	285.94	41
1559.14	546.06	41
2950.82	1053.96	41
4378.9	1551.84	41
5838.6	2022.2	41
7258.67	2543.51	41
8601.97	3020.82	41
10092.24	3493.0	41
11434.76	3992.99	41
12751.74	4522.47	41
0.96	0.91	41
1.12	1.11	41
1.33	1.39	41
1.95	2.13	41
3.17	3.03	41
5.34	5.05	41
9.92	8.65	41
18.02	12.62	41
32.49	7.9	41
60.52	15.42	41
101.81	21.78	41
136.73	22.29	41
151.99	32.21	41
202.85	49.45	41
272.61	67.85	41
449.8	122.23	41
770.46	222.49	41
1408.95	413.84	41
2607.72	805.68	41
4925.37	1528.4	41
7186.02	2268.83	41
9484.97	2974.72	41
11848.97	3744.87	41
14247.57	4380.86	41
16379.02	5160.7	41
18827.0	6387.19	41
21116.28	6571.92	41
0.97	0.96	42
1.06	1.73	42
1.52	1.42	42
1.9	1.98	42
2.87	3.04	42
5.11	5.12	42
8.78	8.88	42
16.31	10.76	42
29.14	10.63	42
55.33	13.91	42
89.2	19.16	42
117.64	27.4	42
149.21	35.89	42
167.12	47.45	42
251.34	70.19	42
399.07	124.47	42
678.74	225.82	42
1226.79	428.56	42
2331.51	834.18	42
4441.43	1599.72	42
6650.91	2375.26	42
8737.61	3125.04	42
10844.83	3936.5	42
12925.72	4684.3	42
15106.03	5480.02	42
17322.34	6249.65	42
19343.87	7025.6	42
1.04	1.07	42
1.12	1.21	42
1.43	1.3	42
1.97	1.96	42
3.08	3.18	42
5.68	4.29	42
9.29	6.33	42
17.55	8.32	42
32.26	11.95	42
54.45	13.84	42
72.99	22.68	42
110.75	23.9	42
122.3	26.8	42
151.7	42.84	42
199.21	54.42	42
334.04	91.51	42
584.32	167.92	42
1086.42	305.12	42
2046.15	589.84	42
3912.4	1122.31	42
5757.19	1655.59	42
7639.29	2204.0	42
9532.63	2755.31	42
11364.02	3277.97	42
13325.37	3791.17	42
15155.51	4354.09	42
17165.46	4888.95	42
1.03	1.6	42
1.09	1.19	42
1.95	1.5	42
1.84	2.62	42
2.91	2.9	42
4.94	4.41	42
9.12	9.67	42
15.96	8.16	42
30.47	12.05	42
56.69	12.73	42
87.97	19.76	42
109.39	24.16	42
150.83	30.66	42
176.43	44.22	42
252.43	71.59	42
394.65	118.19	42
666.6	215.16	42
1242.75	404.54	42
2346.13	785.6	42
4492.7	1507.55	42
6590.65	2282.75	42
8659.4	2999.65	42
10933.59	3689.72	42
12942.02	4465.85	42
15123.37	5102.46	42
17148.59	5894.02	42
19455.42	6580.96	42
1.13	0.97	42
1.11	1.74	42
1.39	1.6	42
1.92	1.84	42
2.95	3.18	42
5.09	5.24	42
9.4	7.55	42
16.44	8.93	42
31.62	11.38	42
54.52	16.83	42
86.95	18.62	42
106.58	23.56	42
125.11	29.88	42
160.09	34.26	42
217.12	57.48	42
336.61	86.66	42
595.49	156.44	42
1065.7	278.5	42
2052.86	545.39	42
3887.97	1029.5	42
5725.03	1513.27	42
7640.31	2031.69	42
9531.53	2532.37	42
11355.72	3017.37	42
13317.44	3573.95	42
15113.64	3939.59	42
16989.17	4404.14	42
1.06	1.08	43
1.12	1.17	43
1.38	1.49	43
2.13	2.04	43
3.2	2.98	43
5.38	5.55	43
9.04	9.08	43
17.79	6.88	43
32.53	9.25	43
54.99	15.52	43
78.38	22.41	43
105.75	24.03	43
123.06	32.64	43
155.26	39.54	43
209.68	54.32	43
324.48	92.32	43
587.52	162.82	43
1074.11	307.14	43
2056.9	588.95	43
3932.79	1124.42	43
5900.48	1671.79	43
7663.03	2210.28	43
9607.26	2728.33	43
11447.44	3289.72	43
13291.17	3828.9	43
15190.48	4360.38	43
17074.69	4906.96	43
1.03	1.03	43
1.2	1.17	43
1.32	1.42	43
2.55	1.81	43
3.21	2.75	43
4.85	4.97	43
9.21	8.58	43
16.5	8.62	43
30.22	11.2	43
56.18	14.13	43
82.29	19.5	43
124.4	28.24	43
140.19	34.17	43
157.89	44.73	43
253.91	69.87	43
392.09	125.18	43
664.49	234.07	43
1221.06	427.89	43
2313.28	844.1	43
4459.48	1616.17	43
6574.03	2376.58	43
8801.98	3144.57	43
10821.89	3943.56	43
12938.31	4749.67	43
15139.39	5434.97	43
17179.23	6227.94	43
19343.76	7020.76	43
1.14	1.1	43
1.22	1.15	43
1.36	1.51	43
1.94	2.68	43
3.23	3.19	43
5.43	5.14	43
9.49	7.77	43
17.36	6.66	43
31.5	10.76	43
53.71	10.46	43
72.51	16.81	43
109.01	22.54	43
131.25	30.8	43
157.05	40.2	43
221.79	53.08	43
340.22	87.09	43
580.06	152.61	43
1068.91	286.3	43
2008.54	536.18	43
3917.73	1043.33	43
5810.94	1540.36	43
7761.74	2002.65	43
9606.44	2503.13	43
11565.47	3014.23	43
13338.32	3465.77	43
15179.7	4008.86	43
17123.21	4473.1	43
1.03	1.01	43
1.81	1.16	43
1.42	1.27	43
1.94	1.77	43
2.81	2.99	43
5.0	4.86	43
9.11	8.02	43
16.31	7.55	43
29.57	9.68	43
53.22	13.04	43
94.02	18.37	43
99.32	21.2	43
144.75	33.66	43
191.34	45.1	43
256.77	69.16	43
393.45	116.95	43
667.86	212.98	43
1193.59	405.14	43
2309.84	804.66	43
4458.18	1498.68	43
6629.74	2265.88	43
8731.0	2919.06	43
10836.05	3741.74	43
12922.17	4354.43	43
15167.96	5060.97	43
17376.8	5908.86	43
19406.73	6595.34	43
0.97	1.22	44
1.11	1.06	44
1.34	1.31	44
1.91	1.84	44
2.81	2.94	44
4.87	4.27	44
8.83	6.02	44
16.87	8.19	44
31.02	12.03	44
55.78	14.16	44
80.01	21.72	44
122.49	29.17	44
148.67	32.57	44
187.45	46.57	44
264.77	76.11	44
399.66	125.39	44
720.6	228.51	44
1324.59	434.97	44
2517.19	843.9	44
4812.79	1626.49	44
7102.1	2388.96	44
9483.32	3144.22	44
11753.74	3939.19	44
14043.73	4720.52	44
16441.18	5500.47	44
18674.84	6261.13	44
20958.75	7067.78	44
1.49	1.14	44
1.1	1.11	44
1.99	1.34	44
1.82	2.12	44
2.97	2.95	44
5.31	5.22	44
9.2	7.22	44
17.45	9.36	44
30.53	11.17	44
55.05	15.08	44
84.02	18.43	44
107.7	22.53	44
97.09	31.77	44
143.62	39.95	44
199.89	58.79	44
282.09	94.35	44
465.66	163.91	44
813.41	309.72	44
1547.93	606.23	44
2984.04	1151.76	44
4414.91	1720.85	44
5814.65	2289.15	44
7224.6	2764.87	44
8747.7	3331.25	44
10153.17	3873.11	44
11371.69	4479.69	44
12835.0	5029.52	44
0.94	0.9	44
1.19	1.14	44
1.28	1.54	44
1.85	1.82	44
2.91	2.8	44
4.93	5.03	44
8.42	5.8	44
16.53	7.21	44
29.4	9.28	44
57.27	15.83	44
94.49	17.84	44
111.61	23.68	44
139.88	31.38	44
184.73	41.88	44
265.11	69.34	44
421.96	118.3	44
696.9	215.36	44
1325.47	411.38	44
2525.76	801.68	44
4817.84	1516.0	44
7076.71	2247.03	44
9438.18	2956.84	44
11814.92	3747.92	44
14073.45	4439.95	44
16316.53	5181.58	44
18793.33	5873.02	44
21045.56	6660.88	44
0.99	1.02	44
1.01	1.11	44
1.32	1.4	44
1.89	1.81	44
2.98	3.01	44
5.28	4.87	44
9.25	8.03	44
16.49	11.63	44
31.74	10.97	44
48.88	13.05	44
84.7	17.62	44
97.06	22.85	44
130.76	28.96	44
154.76	38.77	44
200.57	57.09	44
281.51	85.92	44
468.27	151.25	44
807.22	282.31	44
1559.29	550.42	44
3033.51	1038.03	44
4417.79	1537.99	44
5894.17	2042.45	44
7230.88	2532.96	44
8581.32	3046.78	44
9984.42	3527.11	44
11495.65	4038.22	44
13481.38	4894.67	44
0.93	0.91	45
1.09	1.18	45
1.63	1.65	45
2.45	2.51	45
4.04	3.71	45
6.1	5.65	45
7.47	6.74	45
8.91	9.03	45
9.68	9.1	45
10.57	9.9	45
11.76	13.11	45
15.86	13.75	45
21.3	17.51	45
28.56	27.18	45
47.97	41.56	45
68.12	72.67	45
118.61	128.84	45
222.27	237.05	45
404.91	421.14	45
785.49	914.27	45
1526.45	1646.04	45
2232.02	2196.35	45
2847.7	3031.57	45
3640.46	3949.91	45
4393.87	4362.32	45
4874.06	6132.16	45
5809.72	6273.63	45
6724.17	6484.22	45
0.9	1.0	45
1.13	1.3	45
1.73	1.59	45
2.41	2.49	45
3.95	3.55	45
5.85	5.28	45
8.02	8.25	45
10.46	7.85	45
10.75	12.29	45
12.46	11.12	45
20.03	19.07	45
29.97	24.44	45
49.26	51.47	45
89.94	90.42	45
168.85	171.46	45
326.26	256.79	45
647.77	503.24	45
1274.93	708.23	45
2523.37	2572.62	45
5088.11	3917.12	45
9983.49	5365.51	45
14662.97	11481.81	45
19497.25	19643.87	45
24365.83	18919.1	45
29107.11	29217.52	45
33975.57	18568.86	45
38983.96	39137.53	45
44038.75	23726.0	45
1.1	1.08	45
1.26	1.17	45
1.77	1.74	45
2.6	3.1	45
3.95	4.43	45
6.26	5.86	45
8.56	8.59	45
9.9	8.74	45
9.53	11.66	45
12.06	11.32	45
13.16	12.09	45
16.58	15.9	45
20.27	24.97	45
28.03	28.54	45
44.64	43.6	45
68.56	74.76	45
118.75	120.59	45
211.71	234.23	45
422.42	466.12	45
776.32	907.12	45
1501.72	1501.28	45
2202.08	2380.38	45
2915.07	3139.02	45
3646.37	3792.93	45
4372.73	4779.1	45
5058.47	5389.51	45
5627.97	5746.13	45
6521.75	6791.08	45
1.0	1.0	45
1.18	1.16	45
1.57	1.63	45
2.48	2.45	45
3.7	3.87	45
5.95	6.01	45
8.93	7.85	45
10.07	9.24	45
11.97	9.24	45
14.03	11.04	45
18.53	14.61	45
29.27	25.67	45
51.03	42.97	45
88.7	52.01	45
169.14	95.59	45
328.35	254.61	45
652.3	348.32	45
1275.09	1296.44	45
2529.61	2552.77	45
5059.89	3875.4	45
9866.98	9920.13	45
14724.58	14757.09	45
19497.46	10387.86	45
24358.69	12951.07	45
29240.46	22479.21	45
33942.74	26177.49	45
38798.41	38687.77	45
43818.61	23253.86	45
1.1	1.07	46
1.35	1.37	46
1.95	2.15	46
2.75	2.72	46
4.17	4.25	46
6.43	6.42	46
8.53	7.52	46
9.92	9.6	46
10.5	9.03	46
11.42	11.28	46
14.88	13.65	46
16.85	16.78	46
24.21	23.76	46
35.34	31.33	46
59.08	59.73	46
110.39	93.06	46
185.29	180.81	46
323.88	330.92	46
613.0	640.23	46
1242.73	1277.43	46
2385.56	2392.63	46
3546.74	3578.52	46
4613.25	4666.78	46
5743.39	5993.68	46
7016.39	7179.6	46
8058.46	8513.41	46
9319.46	9330.32	46
10187.71	10853.82	46
1.19	1.18	46
1.41	1.4	46
1.7	1.79	46
2.6	2.88	46
4.08	4.29	46
6.57	5.97	46
8.73	8.22	46
10.12	9.89	46
11.78	10.12	46
13.73	11.29	46
18.71	13.3	46
27.7	17.34	46
47.77	48.94	46
83.72	85.96	46
157.27	159.27	46
306.81	89.02	46
591.74	457.21	46
1181.51	915.86	46
2402.38	1816.58	46
4742.21	3650.71	46
9374.43	2793.86	46
13801.72	7370.39	46
18333.23	9877.46	46
22883.7	17710.5	46
27427.95	14844.52	46
31789.59	24713.11	46
36709.13	28264.61	46
41050.24	31630.23	46
1.05	1.08	46
1.19	1.25	46
2.39	1.78	46
2.52	2.64	46
3.76	4.06	46
6.15	6.24	46
8.73	8.84	46
9.88	8.48	46
11.23	8.9	46
13.08	11.36	46
12.44	13.36	46
18.75	18.51	46
23.22	28.07	46
36.48	36.31	46
52.5	59.0	46
95.55	107.63	46
164.28	205.59	46
303.04	360.09	46
651.13	665.25	46
1220.95	1290.49	46
2396.41	2339.99	46
3600.09	3564.92	46
4587.71	4973.28	46
5675.92	6076.87	46
7023.74	6998.79	46
8100.39	8263.87	46
9198.45	9631.59	46
10336.95	10955.5	46
1.11	1.06	46
1.28	1.32	46
1.74	1.72	46
2.55	2.46	46
3.93	4.13	46
6.39	6.0	46
8.15	8.16	46
9.77	7.36	46
11.79	11.65	46
12.8	12.52	46
18.97	17.97	46
27.47	24.21	46
47.57	40.59	46
85.45	48.71	46
161.2	126.25	46
310.98	239.1	46
601.43	177.34	46
1201.76	920.51	46
2380.77	2419.8	46
4801.65	2522.91	46
9353.69	9417.76	46
13993.39	13851.49	46
18389.23	14135.92	46
22800.36	6559.18	46
27407.41	14467.72	46
33342.85	27208.36	46
36972.23	27703.1	46
41375.99	21542.31	46
1.18	1.11	47
1.39	1.26	47
1.82	1.92	47
2.45	2.67	47
4.09	3.97	47
5.6	6.15	47
8.1	8.28	47
9.83	7.92	47
11.32	9.09	47
13.91	9.7	47
18.18	12.88	47
27.66	23.36	47
46.97	16.44	47
84.93	58.44	47
162.07	49.83	47
312.45	205.81	47
602.67	391.65	47
1191.83	344.58	47
2375.06	2394.28	47
4760.39	3058.76	47
9341.29	5958.37	47
13769.66	8915.19	47
18444.09	18299.67	47
22638.94	14677.8	47
27781.6	7779.06	47
32142.12	20743.15	47
36520.19	36705.83	47
41089.74	11609.13	47
