0.96	0.92	1
1.09	1.02	1
1.38	1.21	1
1.76	1.61	1
2.76	2.62	1
4.03	3.99	1
6.72	7.12	1
10.85	8.43	1
14.76	14.78	1
13.59	15.82	1
17.91	14.63	1
17.05	15.7	1
18.3	11.3	1
18.73	14.71	1
23.88	22.19	1
29.13	39.66	1
43.88	61.77	1
70.11	109.79	1
126.62	198.29	1
235.89	375.35	1
442.44	725.8	1
822.66	1435.87	1
1261.27	2120.06	1
1635.09	2777.76	1
2064.22	3542.2	1
2502.7	3611.28	1
2839.68	4801.62	1
3168.91	5460.43	1
3652.78	6219.81	1
0.88	0.87	1
0.97	1.04	1
1.28	1.31	1
1.69	1.79	1
2.48	2.11	1
4.18	4.85	1
7.26	6.57	1
9.49	11.61	1
13.27	12.28	1
13.53	12.84	1
16.14	12.48	1
20.43	15.63	1
20.21	19.44	1
25.36	21.75	1
43.64	29.44	1
68.71	49.33	1
123.93	78.41	1
223.79	143.21	1
446.76	276.9	1
858.24	530.29	1
1709.77	1049.88	1
3326.56	2011.71	1
4962.09	3011.12	1
6576.44	3978.0	1
8235.76	5004.75	1
9750.29	5923.73	1
11493.21	6902.53	1
12956.97	7815.32	1
14608.19	8997.69	1
0.8	0.9	1
0.94	0.94	1
1.33	1.25	1
1.68	1.64	1
2.4	2.37	1
3.92	4.09	1
7.05	6.68	1
11.17	9.49	1
13.23	12.46	1
14.26	10.55	1
15.85	11.9	1
15.2	14.88	1
18.27	13.43	1
19.42	14.93	1
22.69	24.13	1
29.98	38.55	1
45.41	61.25	1
73.68	103.11	1
125.72	195.28	1
229.32	377.11	1
446.15	724.91	1
843.32	1421.32	1
1249.02	2066.44	1
1671.82	2811.92	1
2048.36	3465.45	1
2425.82	4093.03	1
2898.42	4711.45	1
3239.74	5395.03	1
3711.89	6154.29	1
0.84	0.91	1
1.0	0.96	1
1.31	1.3	1
1.6	1.72	1
2.45	2.56	1
4.06	4.43	1
6.65	5.15	1
10.5	10.09	1
12.27	12.4	1
15.83	10.56	1
16.25	14.52	1
19.41	16.54	1
22.58	18.0	1
30.17	20.39	1
39.39	31.64	1
68.84	45.21	1
119.42	75.26	1
230.48	140.78	1
440.45	266.79	1
860.3	517.35	1
1714.32	1036.98	1
3307.29	1991.1	1
4939.31	2947.31	1
6514.18	3935.83	1
8123.69	4851.4	1
9734.69	5705.31	1
11368.02	6695.46	1
12965.54	7647.96	1
14602.11	8614.17	1
0.96	0.98	2
0.98	1.17	2
1.21	1.68	2
1.72	1.69	2
2.26	2.43	2
4.17	4.0	2
6.86	5.97	2
9.75	6.3	2
10.21	13.35	2
14.09	11.08	2
16.68	12.61	2
18.26	11.34	2
19.83	14.38	2
19.96	22.83	2
28.19	31.19	2
38.42	45.7	2
58.6	75.0	2
106.55	139.7	2
197.0	243.09	2
370.06	510.52	2
713.84	997.45	2
1390.22	1919.81	2
2029.52	2901.2	2
2734.39	3817.7	2
3390.55	4760.33	2
4089.3	5630.01	2
4713.58	6602.65	2
5446.44	7576.46	2
6078.67	8581.7	2
1.0	1.02	2
0.96	1.04	2
1.2	1.35	2
1.68	2.38	2
2.56	2.71	2
4.22	3.25	2
6.2	6.65	2
9.77	10.44	2
12.86	13.78	2
15.99	13.64	2
17.77	16.35	2
15.69	18.17	2
23.35	12.7	2
27.47	20.6	2
40.94	29.35	2
61.13	40.43	2
109.24	65.76	2
195.32	118.76	2
384.5	224.77	2
746.75	422.49	2
1466.1	835.91	2
2860.53	1599.47	2
4274.37	2371.59	2
5656.61	3145.81	2
7041.57	3919.4	2
8449.27	4756.66	2
9868.62	5456.8	2
11215.83	6355.57	2
12609.71	7164.59	2
0.98	0.94	2
1.25	1.07	2
1.21	1.38	2
1.63	2.43	2
2.6	2.64	2
4.24	4.12	2
6.96	6.94	2
10.39	8.59	2
13.91	14.0	2
16.88	8.08	2
17.71	12.2	2
18.36	11.32	2
21.32	15.47	2
21.91	21.92	2
28.98	27.52	2
37.11	43.17	2
58.94	73.78	2
107.03	137.05	2
193.02	261.84	2
367.99	506.0	2
726.88	984.98	2
1395.38	1892.03	2
2041.78	2836.41	2
2731.77	3744.22	2
3354.42	4679.19	2
4059.92	5627.87	2
4711.77	6612.88	2
5390.91	6780.77	2
6106.73	8182.31	2
0.95	1.1	2
0.96	1.04	2
1.22	1.29	2
1.72	1.72	2
2.58	3.17	2
4.09	3.87	2
7.04	6.36	2
10.93	8.15	2
14.73	12.94	2
15.46	11.53	2
16.75	12.64	2
17.31	13.45	2
23.26	13.53	2
27.3	18.53	2
40.93	30.3	2
63.43	42.43	2
109.31	63.36	2
199.81	113.3	2
379.74	217.47	2
754.18	414.47	2
1461.53	798.4	2
2853.23	1575.54	2
4268.88	2268.31	2
5665.72	3031.03	2
7073.86	3787.65	2
9476.51	4556.62	2
9843.16	5253.19	2
11237.12	6047.31	2
12631.24	6709.44	2
0.89	0.92	3
1.13	1.02	3
1.24	1.3	3
1.83	1.69	3
2.53	2.81	3
4.22	4.32	3
6.6	6.54	3
10.54	9.3	3
14.37	14.21	3
16.01	15.27	3
17.63	15.59	3
19.13	14.35	3
21.0	18.32	3
28.31	21.05	3
39.95	27.29	3
62.43	40.48	3
111.12	65.92	3
198.44	114.53	3
385.31	226.59	3
748.11	420.55	3
1486.67	828.59	3
2883.23	1612.74	3
4272.45	2362.53	3
5666.98	3177.01	3
7029.14	3950.96	3
8456.28	4733.47	3
9769.17	5486.55	3
11176.34	6302.63	3
12676.64	7084.26	3
0.96	0.95	3
1.05	1.02	3
1.31	1.28	3
1.68	1.71	3
2.51	2.58	3
3.89	4.09	3
7.04	6.43	3
9.87	7.8	3
14.82	15.41	3
13.78	14.46	3
17.57	12.67	3
17.96	12.97	3
20.94	12.05	3
20.83	22.63	3
26.93	29.36	3
39.85	44.09	3
63.11	79.47	3
106.91	138.3	3
194.09	262.18	3
375.19	511.76	3
721.65	990.5	3
1395.8	1933.14	3
2042.35	2864.3	3
2726.95	3817.52	3
3403.92	4764.5	3
4075.09	5643.49	3
4750.23	6644.59	3
5461.22	7507.3	3
6094.88	8429.52	3
0.93	0.89	3
1.12	0.98	3
1.27	1.23	3
1.72	1.66	3
2.47	2.5	3
4.01	3.89	3
6.64	6.42	3
11.1	11.27	3
14.91	10.38	3
16.55	12.04	3
16.21	12.94	3
20.02	14.55	3
19.26	12.8	3
26.76	20.11	3
35.93	24.16	3
65.17	40.19	3
111.28	66.92	3
201.89	114.93	3
383.14	215.66	3
739.56	405.84	3
1482.3	815.06	3
2875.73	1556.59	3
4273.37	2314.34	3
5644.07	3045.67	3
7137.68	3771.8	3
8433.66	4489.25	3
9832.56	5301.65	3
11236.17	6001.9	3
12604.1	6678.19	3
1.03	0.99	3
1.03	1.06	3
1.24	1.25	3
1.76	2.86	3
2.58	2.41	3
4.09	4.13	3
6.94	5.63	3
11.04	9.29	3
12.93	12.28	3
14.28	9.2	3
17.3	12.5	3
18.31	15.4	3
18.04	18.12	3
22.54	24.13	3
27.47	27.85	3
36.47	43.04	3
61.8	75.06	3
101.21	138.07	3
196.46	259.86	3
377.26	508.81	3
726.84	999.55	3
1387.81	1907.2	3
2077.4	2806.76	3
2758.01	3801.76	3
3438.3	4639.73	3
4059.08	5603.12	3
4735.15	6557.69	3
5443.12	7447.59	3
6203.59	8356.49	3
0.87	1.09	4
1.0	1.05	4
1.21	1.33	4
1.61	1.76	4
2.33	2.72	4
4.08	3.73	4
6.59	5.97	4
10.71	9.79	4
13.68	12.53	4
16.15	12.03	4
17.38	12.21	4
19.72	11.86	4
20.83	17.23	4
28.45	23.28	4
41.01	32.29	4
69.62	50.34	4
117.23	84.03	4
232.64	144.7	4
433.67	275.81	4
856.14	533.85	4
1718.07	1040.16	4
3322.03	2014.27	4
4906.54	2971.94	4
6530.84	3964.78	4
8166.18	4980.8	4
9797.37	5965.92	4
11329.58	6947.72	4
13008.88	7866.68	4
14614.37	9238.02	4
0.92	1.0	4
1.04	1.2	4
1.26	1.35	4
1.83	1.87	4
2.66	2.72	4
4.18	4.28	4
6.66	6.52	4
11.7	9.75	4
11.39	11.39	4
14.31	13.14	4
17.12	17.39	4
17.67	18.18	4
18.06	17.32	4
20.82	20.16	4
24.7	26.67	4
31.9	40.18	4
43.19	62.58	4
73.66	106.42	4
126.56	196.06	4
233.63	382.13	4
441.68	733.34	4
846.45	1422.47	4
1243.61	2103.93	4
1654.65	2791.85	4
2075.46	3480.0	4
2448.75	4119.1	4
2862.38	4858.1	4
3278.76	4786.44	4
3648.13	5437.05	4
0.97	0.89	4
0.98	0.98	4
1.25	1.21	4
1.72	1.73	4
2.53	2.47	4
4.04	4.07	4
6.91	7.19	4
9.86	10.73	4
14.77	10.47	4
15.81	14.5	4
17.89	12.57	4
20.21	17.1	4
23.76	19.62	4
26.96	20.66	4
41.95	30.45	4
72.17	44.87	4
125.31	81.54	4
230.94	141.98	4
438.2	270.29	4
863.95	522.02	4
1717.01	1018.02	4
3312.45	1960.7	4
4954.66	2939.49	4
6578.07	3834.17	4
8198.77	4861.39	4
9745.45	5842.93	4
11400.86	6813.44	4
12966.4	7703.05	4
14595.53	8639.96	4
0.86	0.94	4
0.95	0.97	4
1.24	1.23	4
1.64	1.97	4
2.67	2.57	4
4.04	4.1	4
5.8	6.91	4
9.9	9.05	4
15.09	12.45	4
14.64	14.72	4
16.42	13.19	4
17.49	16.67	4
16.45	16.31	4
21.68	18.99	4
20.68	25.24	4
30.7	38.14	4
45.5	60.1	4
73.34	105.42	4
126.18	188.71	4
232.97	378.53	4
444.35	733.7	4
846.85	1411.86	4
1277.94	2056.28	4
1646.38	2738.53	4
2077.94	3364.5	4
2463.22	4120.2	4
2892.85	4739.81	4
3271.95	5510.23	4
3646.37	5977.55	4
1.0	1.06	5
1.2	1.2	5
1.65	1.68	5
2.54	2.37	5
4.07	4.22	5
7.65	6.91	5
12.91	12.16	5
22.62	19.77	5
34.27	21.62	5
39.09	21.8	5
37.91	19.65	5
48.36	29.57	5
46.53	27.53	5
54.63	44.68	5
64.91	47.88	5
84.5	71.71	5
119.32	129.57	5
182.52	226.03	5
325.63	425.45	5
563.43	825.46	5
1023.35	1579.45	5
1545.23	2319.35	5
1954.88	3042.92	5
2502.54	3865.38	5
3018.29	4538.6	5
3511.35	5342.83	5
4032.57	6029.1	5
4534.07	6826.88	5
0.93	1.05	5
1.28	1.77	5
1.63	1.74	5
2.55	2.55	5
4.05	4.27	5
7.48	7.3	5
13.42	11.65	5
23.1	14.75	5
34.2	22.36	5
40.49	26.16	5
36.91	20.47	5
50.57	23.18	5
51.16	28.35	5
74.29	41.73	5
107.14	62.35	5
168.62	99.1	5
295.49	168.61	5
549.09	319.66	5
1068.17	620.3	5
2101.51	1201.82	5
4056.95	2352.1	5
5990.86	3489.0	5
7979.56	4588.39	5
9936.98	5754.38	5
11937.58	6912.4	5
13913.08	8008.5	5
15799.79	9122.0	5
17759.34	10251.6	5
0.97	1.06	5
1.25	1.39	5
1.75	1.66	5
2.66	2.61	5
4.31	4.38	5
7.69	7.53	5
13.39	9.33	5
22.35	14.22	5
33.9	21.3	5
39.7	20.81	5
40.91	18.77	5
42.97	20.43	5
48.16	27.96	5
55.29	28.95	5
53.41	47.65	5
85.85	75.77	5
125.97	128.16	5
186.19	221.93	5
322.82	400.41	5
557.5	807.98	5
1025.08	1541.21	5
1539.0	2294.36	5
1978.45	3022.36	5
2533.11	3827.99	5
2940.86	4446.05	5
3470.46	5230.31	5
4004.68	5991.75	5
4567.75	6602.91	5
0.97	1.08	5
1.12	1.36	5
1.72	1.83	5
2.57	2.49	5
4.21	4.38	5
7.56	7.27	5
13.11	12.1	5
21.94	20.58	5
31.03	16.5	5
41.72	11.86	5
42.6	21.95	5
45.15	21.01	5
59.4	29.02	5
68.98	41.34	5
102.81	60.01	5
165.68	91.68	5
294.16	153.54	5
554.7	293.35	5
1063.24	570.22	5
2100.46	1106.1	5
4089.83	2131.68	5
6019.22	3168.71	5
7949.37	4189.55	5
9938.86	5214.02	5
11946.04	6272.92	5
13832.12	7262.6	5
15915.5	8356.93	5
17797.34	9327.62	5
0.99	1.16	6
1.24	1.36	6
1.64	1.74	6
2.58	2.57	6
4.36	3.26	6
7.75	7.7	6
12.97	13.13	6
21.18	18.41	6
34.87	20.68	6
42.41	17.34	6
41.65	30.96	6
46.17	24.32	6
52.2	34.28	6
55.65	40.69	6
72.5	64.05	6
101.49	91.88	6
157.94	160.87	6
265.8	296.32	6
449.66	561.42	6
827.57	1090.93	6
1572.8	2091.95	6
2381.42	3080.83	6
3205.09	4012.19	6
3930.73	5114.56	6
4740.59	6140.31	6
5555.61	7114.46	6
6378.46	8076.21	6
7159.01	9213.76	6
0.97	1.04	6
1.25	1.43	6
1.68	1.83	6
2.46	2.52	6
4.43	4.28	6
7.15	7.46	6
13.8	10.67	6
20.78	15.97	6
33.2	18.91	6
33.12	20.99	6
38.78	20.61	6
45.39	23.67	6
54.46	35.29	6
67.81	32.29	6
114.07	65.08	6
174.78	87.04	6
299.12	157.23	6
549.91	266.58	6
934.11	503.47	6
1844.93	991.11	6
3543.66	1926.32	6
5311.11	2854.39	6
7003.85	3787.79	6
8740.36	4686.22	6
10430.25	5576.61	6
12215.89	6542.15	6
13948.71	7404.71	6
15653.09	8399.11	6
1.0	1.08	6
1.39	1.3	6
1.76	1.75	6
2.61	2.67	6
4.28	5.05	6
7.57	6.21	6
12.39	11.08	6
21.47	17.97	6
34.27	10.14	6
41.76	20.27	6
44.47	18.79	6
43.59	28.02	6
49.43	28.29	6
55.66	38.32	6
75.39	58.47	6
107.68	85.47	6
162.35	157.4	6
257.1	291.69	6
447.8	553.3	6
831.72	1081.73	6
1584.88	2085.66	6
2347.49	3079.43	6
3168.93	4100.61	6
3976.53	5066.44	6
4710.99	6047.58	6
5520.93	7128.64	6
6345.69	8015.33	6
7284.51	9071.09	6
1.12	1.76	6
1.22	1.34	6
1.61	1.81	6
2.68	2.79	6
4.22	4.0	6
7.29	7.93	6
13.48	12.23	6
21.61	22.2	6
33.29	25.04	6
35.63	22.85	6
32.89	20.93	6
44.52	18.46	6
56.52	27.64	6
69.31	29.77	6
97.15	44.73	6
150.9	84.86	6
259.21	127.41	6
481.79	243.04	6
937.2	451.79	6
1820.19	881.06	6
3551.73	1714.28	6
5304.63	2539.26	6
7050.34	3316.69	6
8681.36	4149.35	6
10456.11	4972.52	6
12145.99	5807.95	6
13802.62	6523.12	6
15649.13	7512.58	6
1.06	1.1	7
1.25	1.42	7
1.74	1.76	7
2.63	2.6	7
4.58	4.61	7
7.33	6.48	7
13.58	13.06	7
21.86	18.87	7
33.13	23.96	7
42.2	20.96	7
38.48	16.21	7
48.42	23.83	7
53.63	28.22	7
65.1	31.96	7
95.19	51.81	7
153.51	73.78	7
261.69	141.81	7
481.49	265.64	7
943.98	503.08	7
1845.4	1001.13	7
3545.32	1915.19	7
5302.09	3665.3	7
6980.64	4809.66	7
8709.74	4717.19	7
10397.55	5552.93	7
12108.08	6501.2	7
13771.97	7385.17	7
15538.22	8279.51	7
1.06	1.11	7
1.39	1.54	7
1.72	1.81	7
2.52	2.78	7
4.31	4.23	7
7.62	7.17	7
12.03	11.71	7
20.33	6.45	7
33.88	21.33	7
32.54	25.8	7
46.2	28.4	7
48.4	22.55	7
51.9	33.28	7
55.47	34.58	7
76.17	53.64	7
109.94	88.67	7
168.55	160.79	7
266.5	289.81	7
458.44	551.63	7
884.84	1082.76	7
1699.55	2107.57	7
2461.4	3104.91	7
3214.53	4090.31	7
3936.33	5070.44	7
4704.28	6104.93	7
5465.53	7133.03	7
6321.38	8148.06	7
7177.61	9148.78	7
1.0	1.04	7
1.24	1.3	7
1.72	1.73	7
2.64	2.52	7
4.18	4.32	7
7.47	7.34	7
12.78	11.59	7
21.45	14.71	7
30.21	22.45	7
31.18	24.85	7
37.48	18.37	7
43.02	27.07	7
51.67	25.21	7
61.69	34.72	7
93.06	52.14	7
146.85	76.4	7
263.75	129.63	7
487.79	230.49	7
940.22	451.29	7
1837.66	883.67	7
3562.66	1707.03	7
5289.5	2516.46	7
6991.99	3286.44	7
8717.92	4107.34	7
10358.89	4958.25	7
12123.16	5756.98	7
13987.72	6438.39	7
15565.29	7325.71	7
1.25	1.06	7
1.28	1.34	7
1.7	1.82	7
2.58	2.65	7
4.25	4.37	7
7.26	7.41	7
12.03	13.5	7
22.68	17.75	7
34.74	19.21	7
40.75	14.91	7
38.43	19.71	7
49.41	27.83	7
51.71	31.42	7
57.33	47.16	7
82.23	54.33	7
104.25	92.64	7
153.17	155.67	7
268.69	288.11	7
514.58	561.74	7
906.95	1091.72	7
1690.13	1917.74	7
2486.24	3146.05	7
3200.92	4067.05	7
3917.21	5113.95	7
4732.79	6068.87	7
5500.19	7045.89	7
6408.64	8168.17	7
7053.62	9103.4	7
0.89	1.09	8
1.24	1.32	8
1.53	1.77	8
2.45	2.79	8
4.22	4.45	8
7.1	7.25	8
12.84	13.35	8
22.4	17.5	8
31.5	13.73	8
44.21	10.98	8
45.61	25.89	8
50.8	26.52	8
57.88	33.94	8
64.9	36.05	8
99.75	64.06	8
173.67	103.68	8
297.87	172.34	8
564.48	318.5	8
1083.28	618.03	8
2100.07	1202.58	8
4055.15	2334.33	8
6018.48	3446.67	8
7979.96	4595.78	8
9927.48	5745.61	8
11943.51	6871.51	8
13795.37	8006.13	8
15947.48	9069.37	8
17751.58	10169.99	8
1.12	1.11	8
1.21	1.43	8
1.54	1.72	8
2.5	2.63	8
4.13	4.45	8
7.58	7.66	8
13.35	11.62	8
18.21	14.23	8
34.1	16.25	8
40.14	24.06	8
42.69	27.7	8
39.35	23.93	8
46.92	25.81	8
57.73	39.3	8
67.54	50.96	8
81.31	74.8	8
115.63	133.43	8
177.29	227.44	8
294.9	420.33	8
557.42	821.63	8
980.02	1561.78	8
1496.26	2329.52	8
1958.8	3087.9	8
2352.98	3830.23	8
2873.59	4522.9	8
3468.77	5240.91	8
3859.51	6082.41	8
4385.73	6801.33	8
0.94	1.04	8
1.22	1.21	8
2.19	1.78	8
2.5	2.7	8
4.24	4.27	8
7.35	7.34	8
12.72	10.93	8
23.66	21.71	8
33.75	19.71	8
37.14	20.11	8
41.72	17.87	8
45.19	29.5	8
50.92	36.17	8
65.2	36.08	8
107.19	53.52	8
175.99	95.49	8
303.93	155.8	8
560.16	295.55	8
1065.76	570.36	8
2106.48	1125.28	8
4080.35	2130.14	8
6044.98	3196.76	8
8023.55	4221.24	8
9949.62	5334.6	8
11847.44	6298.22	8
13901.18	7217.8	8
15853.14	8305.66	8
17740.75	9376.62	8
0.91	1.11	8
1.14	1.29	8
1.58	1.78	8
2.42	2.8	8
4.35	4.41	8
7.16	7.83	8
13.31	11.58	8
23.45	21.36	8
30.83	18.2	8
41.61	21.59	8
44.22	17.69	8
43.99	20.95	8
46.56	30.55	8
55.72	28.46	8
65.91	47.4	8
85.74	73.91	8
124.6	123.02	8
178.81	217.04	8
293.9	421.34	8
531.6	796.09	8
1012.42	1539.16	8
1455.8	2262.98	8
1979.82	2965.64	8
2390.5	3716.48	8
2930.03	4505.26	8
3458.7	5265.66	8
3834.79	5869.59	8
4424.09	6767.21	8
1.17	1.44	9
1.4	1.63	9
1.45	1.77	9
1.89	2.05	9
2.08	2.41	9
2.47	2.63	9
3.48	3.43	9
5.2	4.7	9
8.95	6.29	9
15.23	9.51	9
25.62	15.32	9
46.83	26.33	9
81.81	46.46	9
154.5	86.06	9
300.12	162.5	9
586.91	314.14	9
1157.31	631.47	9
1643.55	918.8	9
2310.33	1208.74	9
2711.89	1586.63	9
3349.88	1864.43	9
3816.82	2212.22	9
4524.68	2382.52	9
5022.5	2684.04	9
1.23	1.45	9
1.36	1.55	9
1.6	1.94	9
2.24	2.25	9
3.43	2.73	9
5.81	4.01	9
10.45	4.98	9
20.23	6.46	9
38.55	11.73	9
76.08	20.88	9
149.46	39.01	9
294.96	73.93	9
588.21	147.57	9
1171.47	292.72	9
2327.56	580.45	9
4659.35	1164.82	9
9005.25	2270.6	9
13482.6	3381.45	9
18008.99	4486.81	9
22061.55	5604.64	9
26764.95	6731.53	9
31551.97	7854.52	9
35186.9	8989.41	9
39669.52	10107.98	9
1.22	1.43	9
1.27	1.5	9
1.48	1.65	9
1.72	2.03	9
2.25	2.41	9
2.47	2.96	9
3.59	3.98	9
5.24	4.6	9
8.76	6.11	9
16.15	9.13	9
26.33	14.18	9
44.31	23.53	9
82.58	39.09	9
156.08	77.66	9
305.65	150.46	9
598.32	291.29	9
1135.42	532.36	9
1699.28	784.32	9
2282.93	1029.83	9
2832.51	1289.34	9
3276.09	1546.19	9
3832.65	1781.56	9
4334.16	2066.62	9
4885.23	2348.63	9
1.31	1.53	9
1.34	1.49	9
1.64	1.82	9
2.27	2.48	9
3.51	3.35	9
6.52	3.69	9
10.51	5.44	9
20.22	7.27	9
38.55	11.74	9
76.05	20.26	9
148.92	38.29	9
296.26	73.78	9
586.27	143.16	9
1176.8	281.09	9
2338.56	563.4	9
4607.11	1124.63	9
9017.96	2195.3	9
13473.18	3286.13	9
17840.28	4349.76	9
22383.69	5437.75	9
26641.96	6507.76	9
30947.07	7565.1	9
35510.93	8632.28	9
40221.67	9732.01	9
1.26	1.35	10
1.36	1.58	10
1.75	1.7	10
2.72	3.09	10
2.3	2.39	10
2.71	3.41	10
3.92	4.18	10
5.99	6.68	10
10.02	10.45	10
20.39	17.55	10
35.07	33.62	10
68.6	60.69	10
135.31	120.57	10
267.64	233.82	10
529.59	469.46	10
1052.67	929.19	10
2042.5	1783.12	10
3062.41	2646.57	10
4095.26	3508.9	10
5111.21	4409.42	10
6170.95	5292.55	10
7231.67	6161.59	10
8182.39	7022.55	10
9272.05	7898.9	10
1.26	1.44	10
1.44	1.61	10
1.69	1.88	10
2.31	2.48	10
3.5	3.07	10
5.93	4.32	10
10.73	5.3	10
19.8	7.8	10
38.31	12.21	10
73.83	20.68	10
144.16	39.29	10
287.19	76.44	10
564.25	148.32	10
1116.88	294.39	10
2266.85	586.83	10
4448.75	1165.44	10
8869.96	2261.18	10
13048.16	3358.25	10
17180.81	4451.61	10
21387.86	5542.77	10
25760.43	6647.99	10
29996.47	7740.1	10
34314.79	8849.84	10
38637.84	9962.95	10
1.25	1.53	10
1.35	1.75	10
2.48	1.71	10
1.97	2.2	10
2.35	2.57	10
2.82	3.29	10
4.07	4.57	10
6.14	6.77	10
9.93	9.82	10
19.51	17.17	10
36.0	31.35	10
68.87	58.68	10
131.47	110.08	10
267.46	215.26	10
534.12	439.99	10
1056.24	850.36	10
2034.82	1626.44	10
3021.7	2435.95	10
4118.77	3224.83	10
5159.31	4001.9	10
6261.5	4947.15	10
7218.03	5751.49	10
8268.08	6513.06	10
9332.73	7328.49	10
1.17	1.39	10
1.53	1.77	10
1.94	2.05	10
2.4	2.55	10
3.64	3.34	10
5.91	4.1	10
10.94	5.29	10
19.4	7.95	10
38.0	12.07	10
73.93	21.86	10
146.88	40.21	10
285.23	77.49	10
574.49	152.01	10
1117.95	299.54	10
2280.08	595.09	10
4529.95	1186.47	10
8707.19	2298.82	10
12956.43	3403.57	10
17372.4	4526.78	10
21502.11	5638.87	10
25684.21	6765.2	10
30217.08	7875.57	10
34176.23	8999.14	10
39382.99	10098.25	10
1.31	1.3	11
1.31	1.54	11
1.73	1.84	11
2.3	2.27	11
3.55	2.79	11
6.02	3.56	11
10.56	5.13	11
19.5	6.95	11
37.85	11.89	11
73.08	20.31	11
143.8	38.6	11
287.95	74.8	11
566.41	144.41	11
1119.15	285.97	11
2259.03	566.87	11
4504.35	1127.18	11
8806.4	2198.03	11
13017.95	3284.75	11
17182.36	4370.71	11
21516.86	5453.29	11
25384.94	6537.2	11
29941.06	7618.18	11
34161.12	8687.16	11
38044.42	9759.69	11
1.27	1.33	11
1.46	1.43	11
1.64	1.75	11
1.99	1.94	11
2.3	2.29	11
2.75	3.04	11
3.98	3.9	11
6.07	6.17	11
9.98	9.83	11
18.69	17.19	11
35.22	32.12	11
65.85	60.49	11
132.14	119.58	11
259.34	229.95	11
514.63	456.49	11
1015.96	909.71	11
1962.36	1739.57	11
3057.43	2641.57	11
4007.41	3486.55	11
5017.32	4369.87	11
6003.93	5250.33	11
7052.24	6033.73	11
8126.59	6991.36	11
9073.93	7801.81	11
1.23	1.31	11
1.33	1.62	11
1.7	1.99	11
2.33	2.56	11
3.82	2.93	11
5.71	4.12	11
10.39	5.19	11
19.61	7.53	11
38.22	12.23	11
74.37	21.2	11
145.0	38.8	11
286.14	74.46	11
560.16	146.81	11
1119.68	287.57	11
2254.55	572.13	11
4444.92	1142.09	11
8692.2	2229.91	11
13113.7	3321.22	11
17314.45	4425.39	11
21704.05	5512.91	11
25743.88	6595.55	11
30028.75	7694.14	11
34210.9	8785.93	11
38128.36	9892.31	11
1.14	1.4	11
1.31	1.53	11
1.68	1.89	11
1.92	2.06	11
2.41	2.63	11
2.78	3.33	11
3.91	4.12	11
6.23	6.36	11
10.36	11.06	11
19.2	16.41	11
36.7	30.9	11
67.31	57.31	11
132.44	110.42	11
260.8	211.63	11
506.52	430.84	11
1012.14	833.97	11
1986.11	1649.38	11
3037.4	2514.7	11
4015.53	3272.99	11
4995.55	4069.32	11
6030.64	4842.67	11
7093.29	5588.53	11
8983.84	6365.81	11
9066.32	7346.41	11
1.13	1.29	12
1.3	1.45	12
1.68	1.68	12
2.48	2.12	12
3.28	2.91	12
5.89	3.35	12
10.49	4.9	12
19.87	6.97	12
39.12	11.95	12
77.65	21.09	12
149.21	39.06	12
292.27	75.23	12
589.13	151.3	12
1156.55	295.53	12
2320.01	591.97	12
4661.56	1182.57	12
9117.37	2293.76	12
13585.24	3390.34	12
17749.49	4503.91	12
22181.07	5597.65	12
26764.0	6730.12	12
30879.98	7861.16	12
35616.93	8975.78	12
40412.44	10101.85	12
1.25	1.25	12
1.33	1.4	12
1.47	1.59	12
1.59	1.69	12
2.2	2.03	12
2.5	2.55	12
3.42	3.39	12
5.27	4.53	12
8.96	6.19	12
15.79	9.22	12
26.61	15.91	12
45.88	25.83	12
79.43	46.02	12
155.42	84.77	12
299.29	163.88	12
601.19	321.04	12
1168.25	614.3	12
1668.99	918.93	12
2199.41	1249.7	12
2798.61	1575.69	12
3267.14	1873.84	12
3766.68	2062.89	12
4376.1	2356.23	12
4917.39	2641.97	12
1.32	1.15	12
1.38	1.36	12
1.6	1.72	12
2.24	2.77	12
3.29	2.96	12
5.68	3.69	12
10.83	4.83	12
19.99	6.51	12
38.38	11.64	12
75.97	20.4	12
148.59	38.48	12
293.93	74.99	12
587.62	146.83	12
1158.18	289.94	12
2319.94	577.74	12
4609.16	1148.24	12
9076.67	2221.76	12
13507.67	3288.11	12
17833.87	4370.62	12
22171.8	5445.69	12
26717.33	6515.53	12
31232.24	7588.72	12
35770.35	8632.66	12
39832.86	9721.52	12
1.19	1.25	12
1.37	1.5	12
1.33	1.71	12
1.52	1.9	12
1.83	2.22	12
2.48	2.83	12
3.3	3.68	12
5.07	4.49	12
9.34	6.13	12
15.46	8.78	12
25.41	14.17	12
45.24	22.83	12
81.19	39.82	12
157.52	72.43	12
303.95	141.93	12
604.94	266.45	12
1167.08	531.35	12
1711.06	797.42	12
2264.94	1059.72	12
2852.18	1313.33	12
3297.91	1567.72	12
3874.75	1823.05	12
4410.55	2102.24	12
5041.8	2368.61	12
1.29	1.42	13
1.22	1.3	13
1.68	1.57	13
2.22	2.0	13
3.03	2.77	13
5.06	3.16	13
8.48	3.94	13
13.63	5.13	13
19.47	6.08	13
26.57	7.37	13
35.3	12.33	13
50.66	18.05	13
81.5	30.86	13
128.36	55.28	13
235.24	103.2	13
443.89	198.13	13
862.69	388.56	13
1654.49	762.2	13
2445.89	1101.4	13
3203.41	1467.4	13
4060.85	1835.91	13
4793.25	2145.93	13
5556.85	2523.46	13
6320.09	2967.39	13
7245.63	3291.04	13
1.12	1.01	13
1.31	1.18	13
1.59	1.47	13
1.99	1.88	13
3.22	2.7	13
4.95	3.34	13
8.1	3.91	13
14.08	4.6	13
22.04	6.34	13
29.08	8.86	13
43.59	15.43	13
71.4	25.82	13
125.98	46.31	13
233.82	86.72	13
450.73	161.9	13
879.6	317.69	13
1735.65	625.93	13
3422.76	1218.88	13
5080.5	1786.47	13
6677.26	2390.37	13
8309.6	2964.39	13
11736.67	3725.17	13
11682.89	4139.12	13
13181.28	4739.11	13
14814.24	5274.07	13
1.05	1.11	13
1.32	1.27	13
1.54	1.54	13
1.94	2.07	13
3.05	3.04	13
4.7	3.31	13
7.95	3.99	13
12.84	3.58	13
19.45	5.81	13
26.72	7.55	13
33.94	10.12	13
52.21	17.75	13
81.97	27.04	13
124.0	48.54	13
239.34	89.21	13
439.93	174.95	13
866.15	338.7	13
1677.05	658.11	13
2450.15	963.3	13
3180.13	1278.6	13
4040.84	1622.62	13
4817.2	1916.84	13
5562.39	2211.42	13
6369.83	2500.64	13
7238.26	2802.36	13
1.16	1.12	13
1.25	1.36	13
1.57	1.5	13
2.11	1.85	13
3.01	2.5	13
4.69	3.99	13
8.71	3.91	13
13.97	4.28	13
21.75	6.11	13
28.99	8.68	13
44.46	14.66	13
70.89	23.35	13
128.57	42.31	13
231.94	78.48	13
444.08	151.02	13
874.94	299.12	13
1739.0	578.75	13
3354.95	1132.91	13
5046.44	1667.53	13
6657.87	2208.65	13
8322.33	2739.68	13
9943.78	3307.76	13
11596.42	3791.13	13
13163.44	4304.23	13
14882.31	4913.83	13
1.03	1.09	14
1.17	1.13	14
1.45	1.51	14
1.93	1.86	14
3.02	2.61	14
4.72	3.5	14
7.96	4.42	14
13.36	4.56	14
21.75	6.32	14
29.21	9.67	14
40.41	15.08	14
62.87	25.76	14
101.75	45.95	14
193.49	83.8	14
345.0	161.44	14
706.51	314.88	14
1393.86	624.76	14
2726.19	1207.42	14
4055.79	1767.1	14
5413.12	2344.82	14
6766.37	2948.45	14
8030.99	3493.86	14
9468.53	4095.61	14
10678.34	4674.54	14
12074.29	5265.93	14
0.98	1.22	14
1.15	1.3	14
1.46	1.55	14
1.97	1.85	14
2.88	2.85	14
4.65	4.11	14
8.23	4.35	14
13.04	4.56	14
20.45	6.08	14
25.54	7.69	14
38.8	11.08	14
60.9	17.91	14
109.12	30.33	14
192.94	54.22	14
384.5	101.22	14
739.09	193.76	14
1469.86	384.25	14
2848.33	736.68	14
4208.12	1091.77	14
5642.84	1420.55	14
6962.49	1766.82	14
8378.19	2142.74	14
9839.37	2498.69	14
11215.24	2838.53	14
12558.94	3202.18	14
1.11	1.12	14
1.23	1.18	14
1.41	1.39	14
1.95	1.94	14
3.06	2.84	14
4.76	3.06	14
8.1	3.36	14
13.95	4.79	14
20.69	6.73	14
28.57	9.65	14
39.41	13.31	14
62.18	24.81	14
105.23	42.76	14
186.53	79.09	14
358.82	151.66	14
693.23	293.46	14
1388.57	583.69	14
2736.0	1124.5	14
4055.57	1651.65	14
5396.32	2217.2	14
6729.6	2674.06	14
8113.88	3242.21	14
9349.47	3751.98	14
10707.59	4295.09	14
12073.88	4936.88	14
1.21	1.17	14
1.11	1.13	14
1.43	1.62	14
2.39	2.12	14
3.08	3.32	14
4.94	3.15	14
8.41	4.73	14
13.71	3.96	14
20.32	6.21	14
26.69	6.93	14
37.34	10.67	14
59.46	15.78	14
107.07	28.71	14
197.85	49.1	14
377.56	92.51	14
744.41	180.64	14
1465.04	351.54	14
2825.66	666.3	14
4252.47	989.17	14
5626.81	1303.55	14
6970.23	1609.57	14
8399.86	1911.44	14
9827.04	2220.22	14
11148.34	2530.25	14
12530.79	2820.84	14
1.13	1.12	15
1.33	1.23	15
1.45	1.44	15
2.11	1.95	15
3.21	2.36	15
4.84	3.79	15
8.1	4.37	15
14.01	4.2	15
19.98	5.81	15
27.29	8.34	15
38.94	10.54	15
62.24	17.29	15
107.73	31.05	15
201.71	52.51	15
379.3	100.94	15
741.55	193.72	15
1463.77	382.72	15
2864.86	739.7	15
4231.43	1079.2	15
5589.55	1450.51	15
6938.75	1787.92	15
8325.9	2110.17	15
9728.66	2482.17	15
11103.04	2768.86	15
12407.59	3209.77	15
0.97	1.21	15
1.29	1.24	15
1.58	1.47	15
2.04	1.77	15
3.01	2.56	15
4.98	3.5	15
8.31	4.11	15
14.08	4.81	15
21.29	6.57	15
28.86	8.92	15
39.99	14.62	15
64.11	25.83	15
111.95	43.73	15
193.63	83.47	15
385.11	160.99	15
729.82	314.06	15
1445.81	625.68	15
2756.16	1205.08	15
4152.05	1782.0	15
5422.46	2348.53	15
6798.2	2960.78	15
8059.37	3577.58	15
9489.17	4082.69	15
10739.57	4622.89	15
12076.46	5328.35	15
1.08	1.07	15
1.27	1.25	15
1.46	1.44	15
1.73	2.03	15
3.16	3.1	15
4.92	2.95	15
8.48	4.72	15
13.57	5.6	15
19.25	5.95	15
27.25	7.55	15
38.99	10.22	15
60.38	16.59	15
107.4	28.5	15
198.17	49.45	15
379.49	92.82	15
749.21	177.57	15
1462.61	343.1	15
2850.61	636.42	15
4240.06	988.54	15
5564.66	1309.04	15
7006.49	1578.43	15
8329.15	1904.51	15
9730.59	2268.87	15
11122.12	2594.31	15
12503.99	2862.95	15
1.11	1.05	15
1.26	1.21	15
1.45	1.3	15
1.92	2.0	15
3.04	2.51	15
4.86	4.2	15
8.44	4.27	15
13.67	5.52	15
21.58	6.49	15
28.86	8.57	15
38.68	14.25	15
62.83	24.08	15
103.15	42.32	15
200.79	79.25	15
386.33	148.91	15
728.57	293.63	15
1431.73	582.51	15
2745.61	1105.56	15
4087.21	1668.59	15
5430.57	2199.42	15
6816.34	2736.51	15
8144.21	3233.7	15
9471.36	3722.24	15
10785.54	4295.28	15
12038.42	4813.73	15
1.25	1.09	16
1.26	1.2	16
1.5	1.3	16
1.95	1.7	16
3.2	2.87	16
4.69	3.9	16
8.44	2.93	16
14.38	4.69	16
21.6	7.19	16
30.4	9.27	16
44.29	15.3	16
70.72	24.79	16
126.94	44.37	16
238.01	85.21	16
455.53	162.17	16
884.19	317.24	16
1735.18	624.87	16
3383.36	1207.29	16
5026.0	1795.28	16
6739.73	2380.41	16
8278.25	2946.24	16
9933.02	3510.58	16
11511.69	4157.6	16
13294.34	4652.35	16
14769.82	5333.62	16
1.16	1.21	16
1.75	1.22	16
1.53	1.59	16
2.01	1.89	16
3.18	2.46	16
4.85	2.75	16
8.19	3.68	16
13.79	4.86	16
18.59	6.79	16
25.56	8.98	16
33.19	11.58	16
48.03	17.85	16
72.77	30.4	16
121.44	55.59	16
234.37	103.03	16
437.41	196.64	16
834.03	382.47	16
1693.74	746.64	16
2489.41	1100.56	16
3417.56	1444.41	16
4181.89	1811.89	16
4924.65	2209.23	16
5788.99	2568.62	16
6593.23	2933.02	16
7289.96	3300.18	16
1.18	1.48	16
1.27	1.16	16
1.53	1.56	16
2.12	1.93	16
3.07	2.82	16
4.9	3.8	16
8.3	3.49	16
14.22	4.49	16
20.93	5.94	16
30.84	9.16	16
45.48	13.81	16
71.91	23.28	16
126.01	42.85	16
236.63	78.81	16
450.25	152.88	16
883.15	291.16	16
1733.54	589.66	16
3360.03	1119.3	16
4994.89	1655.77	16
6659.04	2178.95	16
8256.51	2756.95	16
9872.06	3262.9	16
11570.47	3810.75	16
13250.34	4303.02	16
14882.14	4899.61	16
1.65	1.02	16
1.44	1.19	16
1.64	1.72	16
2.11	2.09	16
3.32	2.67	16
4.88	3.2	16
9.43	3.5	16
13.43	4.39	16
19.31	5.8	16
26.57	7.52	16
35.52	10.37	16
50.44	16.3	16
77.8	28.09	16
123.92	49.56	16
219.85	90.35	16
443.43	173.57	16
852.18	339.21	16
1657.94	651.3	16
2494.18	952.48	16
3336.39	1298.87	16
4144.41	1625.69	16
4893.56	1900.09	16
5694.28	2258.67	16
6486.78	2532.32	16
7324.06	2869.45	16
0.99	0.95	17
1.2	1.17	17
1.34	1.55	17
2.18	2.08	17
2.5	2.7	17
2.88	2.72	17
3.25	3.02	17
3.68	3.41	17
3.75	4.1	17
4.33	4.68	17
5.11	5.7	17
7.29	8.31	17
12.35	12.15	17
18.5	21.17	17
33.03	38.37	17
56.56	69.0	17
102.68	132.05	17
193.57	258.45	17
376.4	503.62	17
719.18	1011.92	17
1427.98	1925.42	17
2139.22	2946.09	17
2811.09	3811.86	17
3578.5	4800.78	17
4116.43	5658.41	17
4909.25	6666.12	17
5576.28	7453.07	17
6110.78	8619.24	17
0.99	0.96	17
1.14	1.25	17
1.59	1.48	17
2.06	2.02	17
2.81	2.54	17
2.65	2.94	17
3.33	3.19	17
4.13	4.26	17
5.18	5.44	17
7.97	6.58	17
12.4	9.61	17
22.35	15.84	17
42.19	22.08	17
82.76	41.74	17
160.32	74.51	17
318.02	141.95	17
621.28	273.54	17
1229.38	549.42	17
2453.06	1078.39	17
4888.38	2172.09	17
9637.05	4223.48	17
14331.83	6275.01	17
18797.74	8348.27	17
23746.24	10408.95	17
28232.91	12467.89	17
33296.21	14519.56	17
37587.49	16552.01	17
42809.7	18565.71	17
1.04	1.06	17
1.12	1.12	17
1.64	1.66	17
2.11	2.2	17
2.82	3.07	17
3.01	2.98	17
3.11	2.6	17
3.69	3.66	17
4.17	3.95	17
4.58	4.69	17
5.58	6.33	17
7.8	7.61	17
11.5	12.49	17
18.28	18.71	17
30.91	33.3	17
55.42	57.81	17
104.21	104.5	17
193.82	200.63	17
370.96	389.78	17
750.9	765.02	17
1427.73	1467.59	17
2154.23	2170.07	17
2816.66	2894.46	17
3574.72	3595.82	17
4082.22	4355.12	17
4951.21	5095.89	17
5562.73	5693.77	17
6233.02	6458.03	17
1.02	1.01	17
1.17	1.14	17
2.15	1.62	17
2.04	2.16	17
2.6	2.62	17
2.94	3.14	17
3.51	2.82	17
4.31	4.29	17
5.29	5.11	17
8.08	7.59	17
12.86	9.57	17
22.49	16.25	17
43.02	24.21	17
82.75	42.68	17
160.0	74.44	17
314.04	143.68	17
619.55	282.01	17
1231.75	562.66	17
2473.11	1113.07	17
4920.82	2238.83	17
9652.48	4354.9	17
14328.33	6486.74	17
18952.85	8645.69	17
23516.54	10757.16	17
28075.59	12798.55	17
33080.48	14896.13	17
37296.0	17059.32	17
42486.83	19179.84	17
1.08	1.01	18
1.33	1.33	18
1.62	1.69	18
2.17	2.26	18
2.75	2.86	18
2.82	2.82	18
3.09	3.26	18
3.43	3.47	18
3.87	4.2	18
4.75	5.05	18
6.33	6.15	18
7.94	9.57	18
13.01	14.87	18
23.19	24.96	18
39.63	45.9	18
77.05	86.29	18
146.81	167.07	18
299.5	327.13	18
571.35	653.55	18
1115.05	1272.89	18
2254.2	2502.91	18
3304.7	3696.68	18
4265.34	4891.33	18
5906.76	6266.26	18
6654.89	7419.31	18
7600.81	8653.84	18
8601.34	9736.93	18
9587.42	11023.25	18
1.05	1.03	18
1.34	1.85	18
1.67	1.51	18
2.26	2.12	18
2.81	2.43	18
3.26	2.71	18
3.66	3.61	18
4.44	4.58	18
5.67	5.22	18
7.71	7.1	18
12.77	10.96	18
22.87	13.87	18
41.88	21.57	18
77.75	37.53	18
154.28	70.05	18
302.12	133.42	18
598.46	259.84	18
1172.63	512.96	18
2352.34	1009.12	18
4671.8	2023.1	18
9125.4	3952.89	18
13680.07	5889.82	18
18227.23	7802.28	18
22513.03	9738.83	18
27143.77	11640.47	18
31709.25	13672.62	18
36192.66	15557.31	18
40295.05	17507.3	18
0.97	1.0	18
1.22	1.21	18
1.72	1.57	18
2.15	2.09	18
2.61	2.68	18
3.45	3.19	18
3.33	3.4	18
3.26	3.75	18
3.82	4.49	18
4.47	5.36	18
5.64	6.92	18
7.86	9.23	18
13.26	13.09	18
22.89	22.63	18
41.63	41.08	18
73.28	73.92	18
146.53	140.62	18
282.42	294.23	18
556.66	556.57	18
1148.4	1082.68	18
2161.9	2134.57	18
3231.48	3149.24	18
4313.49	4186.11	18
5480.27	5246.64	18
6414.49	6101.33	18
7499.39	7213.01	18
8509.67	8202.38	18
9643.01	9385.88	18
1.0	1.09	18
1.2	1.25	18
1.6	1.69	18
2.25	2.16	18
2.8	2.75	18
2.83	2.96	18
3.61	3.7	18
4.31	4.41	18
5.38	5.4	18
7.57	7.61	18
12.85	10.22	18
22.01	14.35	18
41.42	22.87	18
81.03	41.5	18
153.59	71.75	18
302.49	139.55	18
590.54	270.55	18
1183.79	537.26	18
2367.38	1059.61	18
4713.21	2109.18	18
9172.77	4140.3	18
13748.86	6157.83	18
17979.62	8138.86	18
22418.37	10198.18	18
26856.28	12221.89	18
31304.91	14206.77	18
35912.47	16243.35	18
41003.6	18304.55	18
1.11	1.1	19
1.32	1.18	19
1.74	1.54	19
2.38	2.08	19
2.52	2.77	19
2.81	3.32	19
3.55	3.1	19
4.03	4.9	19
5.55	5.66	19
7.68	6.58	19
12.5	9.89	19
21.92	16.69	19
42.09	21.73	19
78.85	36.83	19
152.07	74.61	19
302.98	131.51	19
597.57	260.93	19
1175.33	509.62	19
2367.72	1005.14	19
4737.72	2006.75	19
9126.62	3957.99	19
13715.79	5878.82	19
18151.73	7820.95	19
22843.85	9726.27	19
26939.7	11668.77	19
31677.34	13540.34	19
35865.26	15497.7	19
40564.56	17383.62	19
1.03	1.1	19
1.35	1.51	19
1.65	1.54	19
2.28	2.29	19
2.81	2.83	19
3.16	3.27	19
3.44	2.88	19
3.38	3.42	19
4.23	3.68	19
5.0	4.23	19
5.71	6.01	19
9.0	8.56	19
12.27	14.31	19
22.42	24.96	19
42.37	46.51	19
76.73	89.15	19
147.06	164.59	19
288.95	333.47	19
565.05	647.2	19
1114.93	1278.48	19
2205.66	2516.85	19
3250.44	3675.7	19
4409.06	4912.52	19
5483.1	6543.74	19
6962.43	7471.64	19
7583.25	8595.03	19
8728.41	9888.47	19
9801.85	11053.19	19
1.15	1.07	19
1.29	1.32	19
1.59	1.55	19
2.22	2.35	19
3.57	2.63	19
2.92	3.08	19
3.04	3.45	19
4.18	3.59	19
5.51	5.53	19
8.29	6.5	19
13.02	8.8	19
22.7	14.69	19
41.43	21.3	19
79.15	40.53	19
153.47	72.42	19
302.83	139.36	19
590.82	270.71	19
1181.57	529.55	19
2352.47	1052.47	19
4737.24	2110.18	19
9187.01	4130.83	19
13545.21	6165.29	19
18206.18	8191.04	19
22785.83	10161.51	19
26858.31	12053.7	19
31181.46	14196.22	19
36235.17	16175.94	19
40431.52	18223.91	19
1.11	1.02	19
1.28	1.26	19
1.69	1.68	19
2.14	2.09	19
2.68	2.83	19
2.99	3.23	19
3.23	3.4	19
3.35	3.68	19
4.18	4.14	19
4.59	5.4	19
5.57	6.62	19
8.08	9.41	19
13.46	14.54	19
21.84	23.49	19
40.59	41.29	19
78.28	75.27	19
146.04	143.49	19
289.21	275.13	19
586.39	547.33	19
1082.2	1082.85	19
2193.23	2097.58	19
3345.75	3264.71	19
4430.23	4203.93	19
5430.27	5150.99	19
6465.87	6229.94	19
7668.38	7227.2	19
8573.73	8177.79	19
9777.59	9439.11	19
0.97	1.03	20
1.27	1.25	20
1.53	1.66	20
2.09	2.18	20
2.66	2.62	20
3.23	3.21	20
3.24	3.61	20
3.97	4.21	20
5.41	5.52	20
8.29	5.74	20
12.7	7.47	20
23.93	12.14	20
42.01	21.31	20
83.34	39.23	20
158.4	74.75	20
312.19	139.25	20
633.8	275.35	20
1234.0	550.06	20
2444.54	1079.5	20
4915.65	2160.15	20
9521.65	4213.72	20
14307.09	6264.15	20
18698.43	8354.78	20
23781.67	10345.94	20
28458.83	12437.17	20
33130.56	14568.2	20
37477.55	16529.11	20
42425.62	18732.81	20
0.91	1.03	20
1.08	1.31	20
1.52	1.69	20
2.08	2.31	20
2.59	2.84	20
2.76	3.15	20
3.42	3.05	20
3.2	3.45	20
3.4	4.04	20
4.54	4.4	20
4.95	5.71	20
7.73	7.77	20
11.5	12.11	20
18.41	21.71	20
31.49	38.68	20
54.36	70.25	20
104.16	132.07	20
194.16	262.82	20
379.9	502.74	20
735.0	1009.27	20
1413.05	2006.53	20
2174.9	2893.73	20
2804.08	3832.29	20
3574.27	4811.55	20
4345.05	5704.26	20
4774.04	6817.2	20
5523.9	7639.87	20
6491.98	8661.15	20
0.98	1.02	20
1.18	1.19	20
1.51	1.59	20
1.98	2.01	20
2.75	2.34	20
3.25	3.22	20
3.37	3.45	20
4.11	4.06	20
5.4	4.98	20
7.9	7.89	20
12.46	10.01	20
22.64	13.99	20
42.9	21.36	20
81.79	40.53	20
158.55	76.32	20
316.38	143.66	20
624.44	283.94	20
1224.42	563.43	20
2490.38	1112.67	20
4906.73	2231.5	20
9587.27	4354.66	20
14231.14	6463.13	20
18857.31	8595.77	20
23826.85	10707.82	20
27893.08	12850.77	20
32950.77	14997.79	20
37790.46	17075.49	20
42486.71	19231.48	20
0.9	0.96	20
1.32	1.18	20
1.49	1.48	20
2.05	2.12	20
2.57	2.88	20
3.07	3.21	20
3.24	3.49	20
3.4	3.44	20
3.42	4.31	20
4.43	4.41	20
6.16	5.95	20
6.47	9.42	20
11.13	13.01	20
18.8	19.34	20
32.74	33.44	20
57.75	56.79	20
102.4	107.72	20
187.15	201.38	20
372.46	395.07	20
747.21	766.13	20
1406.41	1478.68	20
2127.73	2198.89	20
2765.41	2933.25	20
3583.05	3635.69	20
4198.6	4339.72	20
4739.09	5028.55	20
5644.59	5614.73	20
6123.52	6485.86	20
1.07	0.99	21
1.11	1.06	21
1.08	1.68	21
0.95	1.08	21
1.07	0.96	21
1.9	1.11	21
1.18	1.28	21
1.39	1.42	21
2.47	1.89	21
2.06	2.15	21
2.67	2.8	21
3.71	3.88	21
5.97	6.31	21
10.32	10.92	21
18.39	19.96	21
34.27	37.9	21
64.83	74.31	21
126.39	140.94	21
242.19	275.86	21
460.22	532.51	21
692.09	781.88	21
917.57	1039.65	21
1119.06	1278.73	21
1389.57	1585.71	21
1561.7	1812.88	21
1811.19	2120.28	21
2097.06	2254.3	21
0.95	0.96	21
1.42	1.07	21
0.95	1.09	21
1.47	1.07	21
0.98	1.01	21
1.08	1.07	21
1.51	1.22	21
1.48	1.43	21
2.3	1.86	21
3.68	2.75	21
6.43	4.72	21
11.11	7.11	21
21.44	12.67	21
41.2	24.09	21
82.45	46.68	21
166.03	109.89	21
321.63	213.51	21
634.77	356.96	21
1266.22	713.01	21
2455.87	1374.92	21
3650.71	2034.34	21
4858.02	2700.69	21
6018.12	3388.07	21
7280.21	4035.77	21
8481.06	4815.61	21
9632.77	5427.8	21
10850.22	6096.1	21
0.93	0.96	21
0.84	1.07	21
1.09	1.08	21
1.17	1.25	21
0.91	1.19	21
1.23	1.48	21
1.32	1.52	21
1.47	1.48	21
1.73	1.95	21
2.0	2.18	21
2.62	3.12	21
3.77	4.11	21
5.92	6.39	21
10.1	10.59	21
18.24	18.41	21
33.44	35.15	21
64.24	64.35	21
122.8	123.38	21
241.43	244.6	21
469.27	457.8	21
686.0	707.08	21
902.2	917.23	21
1133.47	1115.83	21
1344.66	1336.43	21
1579.23	1566.41	21
1824.9	1797.48	21
2032.45	1956.89	21
0.92	1.13	21
0.98	1.17	21
1.02	1.11	21
1.07	1.06	21
0.95	1.2	21
1.14	1.22	21
1.25	1.61	21
1.73	1.61	21
2.26	2.49	21
3.71	3.28	21
6.29	4.67	21
10.99	8.94	21
21.4	16.22	21
41.07	30.68	21
82.57	48.01	21
164.15	93.17	21
319.44	197.28	21
634.57	365.02	21
1262.96	723.43	21
2474.61	1461.88	21
3696.65	2152.37	21
4871.09	2790.06	21
6081.91	3465.08	21
7311.23	4167.68	21
8520.54	4806.25	21
9699.11	5540.22	21
10821.76	6278.53	21
0.89	0.95	22
0.87	1.04	22
1.06	1.11	22
1.07	1.13	22
1.14	1.21	22
1.14	1.86	22
1.29	1.26	22
2.01	1.5	22
1.82	1.78	22
2.35	2.58	22
3.77	3.77	22
5.65	5.96	22
9.91	10.4	22
18.28	18.91	22
33.95	36.52	22
65.55	70.48	22
128.64	138.04	22
251.49	272.84	22
500.56	529.56	22
969.87	1056.26	22
1448.19	1550.58	22
1925.7	2040.03	22
2451.49	2542.96	22
2892.71	3054.09	22
3398.32	3593.48	22
3839.12	4020.52	22
4310.04	4599.9	22
0.96	1.06	22
1.06	1.08	22
1.02	1.08	22
1.04	1.14	22
1.09	1.2	22
1.27	1.26	22
1.45	1.51	22
1.69	1.67	22
2.23	2.21	22
3.47	2.88	22
6.08	3.97	22
9.78	7.3	22
18.54	13.11	22
36.11	24.32	22
68.56	48.02	22
135.13	93.32	22
272.03	213.18	22
545.43	361.97	22
1078.31	841.14	22
2093.22	1656.61	22
3118.02	2084.2	22
4128.29	2873.9	22
5149.35	2851.27	22
6142.6	3450.2	22
7368.9	3947.57	22
8167.23	4471.65	22
9255.3	5503.36	22
1.0	1.09	22
1.0	1.01	22
1.6	1.07	22
1.03	1.09	22
1.03	1.25	22
1.33	1.39	22
1.26	1.46	22
1.62	2.33	22
1.82	1.84	22
2.32	2.63	22
3.16	3.59	22
6.43	5.49	22
9.44	10.0	22
17.57	17.32	22
34.29	33.68	22
66.35	63.53	22
129.73	126.77	22
256.25	241.15	22
499.98	494.06	22
972.55	925.32	22
1472.51	1485.4	22
1941.9	1829.05	22
2411.3	2361.54	22
2877.27	2726.4	22
3322.06	3360.34	22
3830.02	3640.31	22
4291.86	4085.69	22
0.91	0.99	22
1.04	1.18	22
1.11	1.09	22
0.95	1.11	22
1.12	1.17	22
1.17	1.19	22
1.51	1.51	22
1.61	1.75	22
2.33	2.37	22
3.3	2.85	22
5.31	4.61	22
10.27	6.73	22
18.35	16.16	22
36.95	21.77	22
69.52	41.71	22
136.97	99.67	22
271.17	159.6	22
541.73	379.61	22
1078.29	624.54	22
2084.76	1214.69	22
3131.84	1811.52	22
4145.34	3429.8	22
5143.33	3001.35	22
6196.12	3886.47	22
8018.35	4240.27	22
8222.53	6260.23	22
9333.36	5819.61	22
0.95	1.09	23
1.04	1.11	23
0.96	1.08	23
0.96	1.22	23
1.19	1.15	23
1.16	1.26	23
1.32	1.51	23
1.66	1.69	23
2.21	2.07	23
3.46	2.63	23
5.5	3.81	23
9.91	6.04	23
18.5	12.95	23
35.4	24.87	23
69.99	49.29	23
136.73	76.05	23
271.5	149.21	23
541.14	360.18	23
1075.26	751.96	23
2096.06	1883.91	23
3123.32	1721.31	23
4162.62	2974.64	23
5132.07	2923.64	23
6157.66	3391.04	23
7176.91	3920.48	23
8217.47	4515.69	23
9227.85	5279.36	23
0.9	1.0	23
0.97	1.05	23
0.9	1.04	23
1.0	1.04	23
1.17	1.12	23
1.24	1.28	23
1.34	1.36	23
1.45	1.51	23
2.02	2.0	23
2.27	2.65	23
3.42	3.6	23
5.66	5.77	23
9.97	10.15	23
18.54	20.05	23
35.04	38.06	23
66.39	71.01	23
129.41	140.56	23
258.57	268.91	23
505.09	536.03	23
980.68	1050.94	23
1460.64	1552.31	23
1931.39	2051.1	23
2406.74	2606.76	23
2904.15	3065.58	23
3392.6	3652.74	23
3876.93	4135.32	23
4331.39	4641.92	23
0.93	1.08	23
1.03	1.12	23
1.09	1.05	23
1.14	1.05	23
1.39	1.28	23
1.14	1.17	23
1.22	1.42	23
1.59	1.88	23
2.36	2.24	23
3.2	3.37	23
5.64	4.14	23
9.97	8.96	23
18.04	14.26	23
35.01	21.43	23
69.77	59.61	23
136.58	98.2	23
271.88	159.04	23
538.86	381.55	23
1074.71	630.79	23
2088.26	1258.86	23
3131.19	2242.25	23
4152.97	2469.73	23
5145.06	3101.37	23
6184.48	3604.51	23
7211.48	4198.15	23
8258.58	4785.4	23
9223.69	5409.77	23
0.96	1.01	23
1.03	1.13	23
1.08	1.08	23
1.06	1.07	23
0.94	1.03	23
1.19	1.24	23
1.37	1.42	23
1.35	1.74	23
1.74	2.02	23
2.43	2.7	23
3.28	3.67	23
5.21	5.41	23
10.03	9.79	23
18.81	17.58	23
34.67	37.11	23
66.61	66.75	23
132.04	126.58	23
253.79	257.57	23
508.91	492.6	23
977.92	964.95	23
1461.03	1390.03	23
1936.59	1888.23	23
2422.27	2321.91	23
2918.66	2729.88	23
3363.16	3236.87	23
3880.68	3713.89	23
4290.47	4091.23	23
0.98	0.93	24
0.97	0.93	24
0.96	0.95	24
1.01	0.97	24
1.01	0.99	24
1.01	1.06	24
1.45	1.2	24
1.61	1.43	24
2.78	2.14	24
3.64	3.08	24
6.37	5.33	24
11.14	8.08	24
21.11	14.97	24
42.56	28.5	24
86.54	46.58	24
161.45	91.85	24
318.28	178.48	24
633.8	447.73	24
1263.08	746.58	24
2447.17	1376.25	24
3655.43	2043.03	24
4867.98	2718.42	24
6049.56	3395.88	24
7221.85	4069.57	24
8414.92	4730.03	24
9743.92	5397.01	24
10954.02	6101.71	24
0.93	0.97	24
0.98	1.08	24
0.91	0.87	24
1.06	1.08	24
1.24	1.14	24
1.13	1.2	24
1.31	1.33	24
1.36	1.5	24
1.62	1.8	24
1.96	2.09	24
2.48	2.74	24
3.57	3.9	24
5.75	6.2	24
10.18	11.01	24
18.05	19.72	24
34.26	37.9	24
65.58	67.36	24
121.78	138.67	24
240.19	266.42	24
472.88	529.55	24
707.14	789.19	24
914.66	1049.84	24
1167.88	1295.15	24
1385.95	1556.36	24
1574.75	1753.76	24
1836.14	2039.04	24
2064.81	2311.66	24
0.84	0.91	24
0.99	1.08	24
0.93	0.99	24
0.92	1.12	24
0.94	1.04	24
1.03	1.1	24
1.29	1.27	24
1.4	1.73	24
2.18	2.13	24
3.39	3.33	24
5.96	4.34	24
11.11	7.47	24
21.86	12.89	24
41.96	30.61	24
82.14	47.7	24
161.72	117.03	24
319.49	182.94	24
638.36	381.54	24
1270.62	717.87	24
2468.97	1428.43	24
3674.63	2068.95	24
4820.64	2898.9	24
6067.11	4344.15	24
7220.8	4172.65	24
8551.6	4846.6	24
9629.49	5532.04	24
10819.72	6224.52	24
1.01	1.0	24
0.97	0.9	24
0.93	1.07	24
0.96	1.07	24
1.07	1.14	24
1.05	1.2	24
1.18	1.45	24
1.41	1.49	24
1.76	1.9	24
2.05	2.33	24
2.64	2.61	24
3.63	4.18	24
5.87	5.95	24
9.95	10.99	24
18.43	19.09	24
33.45	34.41	24
65.32	64.1	24
123.27	124.4	24
238.64	243.33	24
459.75	466.32	24
691.93	702.28	24
935.12	930.74	24
1152.57	1111.69	24
1374.96	1342.41	24
1593.13	1565.6	24
1803.36	1782.65	24
2072.4	1985.9	24
1.89	1.75	25
2.38	2.34	25
2.98	2.61	25
3.55	2.82	25
3.23	3.79	25
3.52	2.99	25
3.26	3.72	25
4.12	4.0	25
4.58	4.89	25
5.5	6.32	25
7.24	8.94	25
11.26	14.78	25
18.39	25.8	25
33.37	47.81	25
59.83	89.66	25
116.07	171.85	25
220.8	340.12	25
429.45	670.84	25
845.9	1296.46	25
1260.15	1721.51	25
1688.16	2565.45	25
2065.91	3157.2	25
2452.46	3432.94	25
2863.36	4495.23	25
3245.99	5062.8	25
3682.12	5731.75	25
1.88	1.7	25
2.54	2.17	25
3.26	2.94	25
3.97	3.58	25
3.88	3.88	25
4.46	4.18	25
4.92	4.33	25
5.87	5.16	25
7.85	6.91	25
11.8	9.85	25
19.83	16.39	25
36.95	25.43	25
68.35	37.3	25
132.27	70.38	25
257.31	134.33	25
508.17	254.87	25
1009.55	508.48	25
2017.69	994.15	25
3930.05	2609.95	25
5870.92	2853.61	25
7704.2	3808.34	25
9706.55	8113.49	25
11687.06	5705.03	25
13457.58	6620.05	25
15333.9	7566.88	25
17340.86	8591.37	25
1.92	1.77	25
2.06	2.12	25
3.0	3.06	25
3.2	3.23	25
3.56	3.59	25
3.32	4.16	25
3.08	3.54	25
3.63	4.39	25
4.91	4.71	25
5.84	6.89	25
8.15	9.02	25
11.54	14.89	25
18.43	25.08	25
32.07	44.8	25
60.27	83.76	25
115.1	163.22	25
223.01	284.16	25
449.53	555.39	25
836.33	1083.55	25
1245.31	1775.96	25
1674.15	2358.89	25
2077.03	2940.22	25
2463.65	3515.41	25
2912.18	4125.53	25
3344.91	4686.78	25
3668.77	5181.67	25
1.55	1.84	25
2.62	2.14	25
3.38	3.01	25
3.71	3.69	25
4.01	3.85	25
4.13	4.2	25
5.08	4.93	25
5.67	5.72	25
8.01	9.08	25
11.72	11.14	25
20.13	14.38	25
35.58	21.36	25
68.14	36.59	25
130.2	90.52	25
258.34	132.33	25
503.66	254.48	25
1012.94	508.75	25
2022.02	985.01	25
3928.22	1945.22	25
5830.97	2896.97	25
7701.07	3775.68	25
9658.78	4751.62	25
11578.99	5663.56	25
13445.1	6631.63	25
15438.79	12752.2	25
17292.81	8538.58	25
1.9	1.65	26
2.31	2.28	26
3.14	2.8	26
3.75	3.79	26
3.86	3.82	26
3.92	3.81	26
4.39	4.11	26
4.73	4.58	26
5.55	5.8	26
7.29	6.73	26
10.22	11.66	26
15.55	19.21	26
27.48	34.0	26
50.79	64.35	26
95.32	121.79	26
181.47	236.87	26
359.8	470.87	26
715.44	929.35	26
1398.04	1780.27	26
2039.17	2692.44	26
2742.04	3555.98	26
3404.81	4497.93	26
4076.32	5302.03	26
4711.19	6192.85	26
5420.99	6998.26	26
6038.25	7916.96	26
1.78	1.66	26
2.12	2.09	26
2.82	2.69	26
3.27	3.48	26
3.68	3.32	26
3.62	3.68	26
4.2	3.69	26
5.56	5.19	26
7.41	4.57	26
10.96	8.16	26
17.57	11.15	26
32.06	18.05	26
61.07	29.56	26
118.71	77.41	26
230.37	107.34	26
455.25	201.12	26
902.02	399.65	26
1800.64	787.06	26
3496.63	1552.08	26
5230.61	2319.74	26
6917.8	4361.99	26
8653.64	3840.57	26
10281.27	4616.81	26
12126.65	5364.84	26
13828.35	6155.36	26
15437.9	6949.75	26
1.88	1.51	26
2.34	2.36	26
3.08	3.0	26
3.84	3.81	26
4.15	3.84	26
4.08	4.1	26
4.82	4.56	26
5.38	5.14	26
5.27	5.71	26
7.81	8.02	26
10.23	11.36	26
16.03	18.88	26
26.48	33.21	26
50.6	62.49	26
92.8	117.02	26
181.7	225.2	26
360.0	435.34	26
707.37	886.76	26
1451.58	1770.58	26
2200.48	2503.08	26
2701.29	3307.3	26
3415.97	4177.64	26
4089.7	4965.08	26
4739.72	5753.68	26
5400.62	6528.42	26
6113.49	7330.88	26
1.72	1.76	26
2.37	2.33	26
3.01	2.78	26
3.53	3.84	26
2.9	3.43	26
3.67	4.19	26
4.35	4.76	26
5.06	4.64	26
6.87	6.34	26
10.69	7.37	26
17.75	11.0	26
31.84	21.39	26
61.38	32.14	26
118.65	56.63	26
228.42	105.47	26
458.47	204.55	26
905.27	400.45	26
1812.36	787.07	26
3508.14	2219.42	26
5233.32	2340.82	26
6922.41	3120.74	26
8659.97	3925.82	26
10367.19	4646.78	26
12092.84	5450.7	26
13781.56	8709.33	26
15353.26	7093.28	26
1.73	1.67	27
2.46	2.47	27
2.94	2.37	27
3.24	3.39	27
3.78	3.51	27
3.76	3.76	27
3.9	4.01	27
4.97	5.54	27
6.92	6.98	27
10.57	8.36	27
18.62	11.9	27
31.86	18.3	27
60.68	32.27	27
117.96	57.19	27
230.9	108.11	27
453.31	210.24	27
907.37	410.96	27
1806.99	808.43	27
3512.76	1585.99	27
5201.73	2362.01	27
6939.5	3106.78	27
8661.81	5460.71	27
10420.1	6579.77	27
12086.08	9877.56	27
13902.21	6143.69	27
15570.63	9797.43	27
1.58	1.78	27
2.2	2.18	27
3.09	3.08	27
3.78	3.66	27
3.87	3.98	27
4.13	3.93	27
4.28	4.2	27
4.88	4.81	27
5.62	5.61	27
7.12	7.27	27
10.35	11.88	27
16.11	18.46	27
27.35	33.66	27
50.31	64.45	27
97.55	121.89	27
184.05	234.83	27
358.91	461.98	27
707.27	920.3	27
1357.2	1788.93	27
2074.7	2704.99	27
2772.11	3605.25	27
3359.76	4475.4	27
4039.33	5296.02	27
4749.3	6079.29	27
5367.55	7056.55	27
6080.54	7351.9	27
1.69	1.76	27
2.15	2.28	27
3.12	2.98	27
3.21	3.21	27
3.15	3.57	27
3.8	4.05	27
4.67	4.38	27
5.49	5.27	27
7.23	6.51	27
10.83	7.66	27
17.82	10.39	27
32.13	21.73	27
60.54	31.99	27
117.4	60.66	27
230.24	110.36	27
456.57	213.96	27
908.86	581.13	27
1810.28	825.52	27
3500.55	1608.8	27
5226.69	2373.77	27
6934.66	3208.33	27
8624.8	4004.98	27
10316.88	4766.91	27
12065.75	7763.32	27
13767.86	6281.28	27
15465.21	7114.1	27
1.83	1.74	27
2.28	2.26	27
3.13	3.14	27
3.79	3.76	27
3.96	4.05	27
4.11	4.33	27
4.24	4.49	27
4.7	5.08	27
5.48	5.57	27
6.95	7.3	27
10.19	12.68	27
16.95	19.51	27
27.01	32.9	27
51.85	60.78	27
95.5	116.86	27
186.57	224.65	27
364.21	438.63	27
722.16	869.92	27
1379.04	1685.61	27
2051.34	2564.23	27
2696.75	3286.75	27
3405.67	3878.38	27
4070.35	4645.97	27
4797.15	5472.96	27
5424.44	6485.68	27
6139.74	7489.13	27
1.74	1.55	28
2.18	2.31	28
3.2	2.96	28
4.09	3.52	28
4.65	4.17	28
4.29	4.88	28
5.4	4.64	28
5.85	5.88	28
7.93	7.34	28
11.96	10.88	28
20.38	11.99	28
37.03	26.63	28
69.16	38.7	28
130.2	69.17	28
259.41	132.21	28
507.22	255.77	28
1007.84	506.13	28
2013.5	999.4	28
3900.73	1926.53	28
5817.91	2875.01	28
7771.69	3841.76	28
9676.51	4760.67	28
11584.76	7643.34	28
13516.14	6594.3	28
15313.64	7539.65	28
17209.75	8524.37	28
1.82	1.72	28
2.21	2.29	28
2.99	2.81	28
3.23	3.37	28
3.3	4.03	28
3.15	4.17	28
3.1	3.88	28
3.85	4.21	28
4.16	4.99	28
5.66	6.39	28
8.0	8.27	28
11.76	13.74	28
18.75	26.19	28
33.64	42.08	28
61.98	89.87	28
113.03	173.97	28
220.17	335.28	28
436.61	675.31	28
851.29	1276.89	28
1252.92	1958.84	28
1634.84	2549.11	28
2042.9	3218.66	28
2419.64	3372.53	28
2847.43	4394.61	28
3291.2	5078.61	28
3644.82	5643.65	28
1.64	1.78	28
2.21	3.08	28
3.17	2.86	28
3.62	3.69	28
3.97	3.99	28
4.82	4.03	28
5.34	5.29	28
6.2	6.04	28
7.94	6.98	28
11.85	9.88	28
20.46	16.27	28
35.97	22.42	28
68.53	38.43	28
131.4	70.24	28
256.81	133.65	28
508.8	338.08	28
1018.02	500.02	28
2009.11	999.61	28
3938.5	1938.44	28
5833.13	2848.67	28
7710.36	3836.72	28
9656.14	4697.76	28
11501.93	5706.56	28
13429.21	6599.25	28
15518.79	7499.63	28
17321.29	8361.33	28
1.74	1.63	28
2.23	2.33	28
2.85	3.02	28
3.29	3.35	28
3.38	3.42	28
3.13	3.65	28
4.2	3.7	28
3.83	3.63	28
4.61	5.17	28
5.73	6.87	28
7.25	8.71	28
12.11	15.61	28
18.72	25.16	28
33.32	45.77	28
59.69	83.79	28
114.07	162.43	28
221.26	290.71	28
441.55	620.07	28
844.76	1193.69	28
1243.09	1775.47	28
1630.59	2364.75	28
2051.25	2960.0	28
2414.54	3539.75	28
2892.93	4077.84	28
3307.74	4246.9	28
3610.5	4838.66	28
0.8	0.75	29
0.89	1.01	29
1.1	1.28	29
1.57	1.44	29
2.31	2.16	29
2.69	2.64	29
3.01	2.89	29
3.01	3.17	29
3.17	3.28	29
3.56	3.04	29
3.53	3.88	29
4.28	4.42	29
5.31	5.11	29
7.17	7.24	29
10.79	10.75	29
16.82	17.62	29
30.39	36.03	29
56.25	66.3	29
105.49	108.71	29
205.18	279.64	29
408.53	480.51	29
789.07	773.83	29
1125.58	1371.68	29
1520.23	1552.12	29
1935.21	2279.39	29
2309.23	2756.55	29
2649.01	2652.72	29
3017.39	3066.57	29
3438.71	3511.32	29
0.94	0.87	29
0.99	0.96	29
1.29	1.28	29
1.66	1.56	29
2.2	2.11	29
2.72	2.69	29
3.04	3.11	29
3.4	3.11	29
3.18	3.43	29
4.51	3.77	29
4.77	4.33	29
6.33	5.71	29
10.08	9.97	29
17.09	14.23	29
30.9	31.83	29
59.55	59.22	29
114.32	98.92	29
225.26	226.25	29
441.38	379.29	29
876.0	881.67	29
1741.23	928.91	29
3376.51	2903.81	29
4972.44	4206.55	29
6513.19	5533.0	29
8073.09	8082.81	29
9690.92	9681.94	29
11250.02	11252.93	29
12672.34	10820.8	29
14302.84	14370.48	29
0.82	0.88	29
0.98	0.97	29
1.21	1.13	29
1.45	1.53	29
2.17	2.13	29
2.72	2.63	29
3.07	3.02	29
2.99	3.14	29
3.36	3.56	29
3.44	3.83	29
3.87	3.91	29
4.63	5.05	29
5.5	6.12	29
6.58	9.26	29
10.55	12.41	29
17.58	19.48	29
29.39	33.37	29
55.75	73.0	29
106.96	109.51	29
204.22	207.43	29
397.0	407.82	29
782.68	916.17	29
1150.41	1176.59	29
1522.89	1580.05	29
1875.89	1928.67	29
2307.05	2330.83	29
2683.49	2672.44	29
3040.28	3571.51	29
3375.18	3974.54	29
0.76	0.87	29
0.87	1.0	29
1.17	1.34	29
1.51	1.83	29
2.14	2.36	29
2.58	2.71	29
3.0	2.65	29
3.02	3.45	29
3.53	3.31	29
3.82	3.87	29
4.5	4.84	29
6.48	7.29	29
10.14	10.74	29
16.71	18.46	29
30.93	32.11	29
57.66	59.2	29
110.25	114.68	29
220.29	189.18	29
436.29	298.8	29
859.62	862.95	29
1697.5	922.92	29
3330.87	2795.16	29
4887.38	4894.75	29
6457.5	5460.92	29
9083.81	6779.01	29
9635.83	6721.23	29
11204.08	9512.09	29
12686.03	10831.43	29
14397.59	14321.0	29
0.97	0.97	30
1.09	1.21	30
1.33	1.35	30
1.64	1.57	30
2.23	2.11	30
2.64	2.82	30
3.28	3.04	30
3.27	2.96	30
3.26	3.15	30
3.25	3.36	30
4.11	3.6	30
4.84	4.63	30
6.42	6.72	30
8.94	9.11	30
14.58	14.95	30
25.8	25.97	30
48.4	48.43	30
90.82	98.75	30
173.73	175.9	30
341.45	342.19	30
680.14	682.35	30
1310.6	1580.59	30
1939.5	1955.04	30
2617.32	2620.15	30
3231.82	3884.09	30
3885.49	3947.58	30
4497.36	5067.18	30
5185.96	5275.45	30
5764.86	5921.94	30
0.97	0.92	30
1.08	1.03	30
1.32	1.24	30
1.79	1.7	30
2.02	2.2	30
2.59	2.68	30
3.18	3.05	30
3.38	3.48	30
3.49	3.34	30
4.3	3.95	30
4.75	4.7	30
6.05	6.03	30
9.46	7.95	30
14.62	12.86	30
25.95	19.22	30
48.92	41.13	30
93.33	93.12	30
181.28	154.49	30
358.73	363.28	30
713.4	595.02	30
1418.03	1431.18	30
2773.07	2766.99	30
4100.09	3429.6	30
5458.4	2761.48	30
6784.72	3469.09	30
8140.3	6842.74	30
9472.18	9499.33	30
10836.76	10853.59	30
12213.92	10179.16	30
1.11	0.94	30
1.16	1.11	30
1.28	1.29	30
1.65	1.59	30
2.14	2.07	30
2.68	2.99	30
3.01	3.01	30
3.34	3.38	30
3.09	3.11	30
3.75	3.98	30
4.13	4.23	30
4.7	5.16	30
6.3	6.49	30
8.64	10.45	30
14.14	15.75	30
25.1	27.96	30
46.97	48.29	30
90.13	92.8	30
174.81	189.45	30
343.69	394.85	30
676.04	694.27	30
1310.16	1447.12	30
1953.91	1972.18	30
2578.27	2627.74	30
3272.84	3498.89	30
3915.63	4183.18	30
4544.39	4534.14	30
5181.26	5177.01	30
5790.0	6276.97	30
0.89	0.87	30
1.02	0.97	30
1.27	1.19	30
1.67	1.73	30
2.34	2.33	30
2.81	2.46	30
3.22	2.84	30
3.22	3.38	30
2.99	3.54	30
3.83	4.07	30
4.86	4.55	30
5.87	5.66	30
9.07	9.3	30
14.66	13.92	30
26.0	21.02	30
48.64	43.42	30
92.09	93.39	30
181.35	154.0	30
360.09	362.66	30
716.41	484.29	30
1413.73	1417.72	30
2764.01	2323.96	30
4103.46	3451.71	30
5457.21	4581.0	30
6815.56	3567.12	30
8134.18	5561.02	30
9488.31	9502.59	30
10813.03	9040.63	30
12148.47	6359.09	30
0.99	0.87	31
1.19	1.01	31
1.43	1.96	31
2.52	1.73	31
2.35	2.04	31
2.71	2.66	31
3.03	2.67	31
3.22	3.25	31
3.76	3.38	31
4.17	3.82	31
4.57	4.85	31
6.58	6.39	31
9.0	9.1	31
14.82	14.83	31
26.04	22.88	31
48.05	42.02	31
94.08	77.96	31
181.63	152.43	31
359.04	300.82	31
712.64	479.87	31
1410.0	1188.81	31
2757.9	1851.61	31
4107.88	4113.66	31
5427.68	5459.11	31
6771.03	5695.65	31
8140.39	5449.45	31
9481.15	9482.28	31
10856.95	10844.85	31
12205.21	10197.6	31
0.97	1.03	31
1.25	1.07	31
1.3	1.25	31
1.64	1.55	31
2.22	2.05	31
2.66	2.77	31
3.2	2.96	31
3.17	3.52	31
3.51	3.11	31
3.53	3.35	31
4.39	5.01	31
4.55	4.74	31
6.38	6.63	31
8.96	9.96	31
14.95	15.55	31
25.61	28.66	31
48.75	56.17	31
91.87	89.88	31
176.46	193.93	31
342.13	348.53	31
686.85	747.74	31
1314.42	1559.39	31
1963.32	2352.56	31
2611.77	2862.05	31
3263.34	3914.48	31
3930.98	3941.47	31
4567.17	4972.79	31
5223.09	5733.25	31
5826.47	6409.3	31
0.97	0.97	31
1.09	1.08	31
1.85	1.25	31
1.69	1.51	31
2.27	2.23	31
2.63	2.97	31
3.51	2.66	31
3.47	3.06	31
3.58	3.67	31
3.96	4.47	31
4.68	5.2	31
5.85	6.08	31
9.79	9.7	31
14.44	15.41	31
26.01	27.32	31
47.87	44.72	31
92.59	64.41	31
180.58	182.35	31
359.2	304.76	31
710.89	595.67	31
1403.5	1191.88	31
2756.31	2773.19	31
4109.36	4118.22	31
5440.95	4578.82	31
6774.93	5672.98	31
8112.74	4244.31	31
9468.23	6457.95	31
10830.09	10887.17	31
12189.06	10148.05	31
1.03	0.93	31
1.23	1.17	31
1.35	1.8	31
1.81	1.71	31
2.21	2.32	31
2.72	2.72	31
3.32	3.57	31
3.27	3.03	31
3.59	3.27	31
3.43	3.61	31
4.77	4.75	31
5.31	4.96	31
6.46	6.72	31
9.07	10.6	31
14.64	16.71	31
25.99	31.17	31
48.2	54.75	31
90.4	99.88	31
178.45	202.34	31
342.85	419.36	31
677.63	735.26	31
1298.75	1534.51	31
1961.89	2270.44	31
2610.42	2832.83	31
3255.13	3798.89	31
3895.5	4240.73	31
4505.16	5335.2	31
5227.85	5897.24	31
5827.31	6229.79	31
1.08	0.91	32
1.15	1.05	32
1.43	1.66	32
1.54	1.57	32
2.23	2.17	32
2.82	2.63	32
3.13	2.9	32
3.03	3.38	32
3.57	3.47	32
4.25	4.16	32
4.86	4.67	32
6.63	6.91	32
10.29	9.52	32
17.71	17.54	32
31.81	28.22	32
59.68	52.94	32
115.73	117.3	32
229.47	193.08	32
446.38	384.36	32
854.48	473.33	32
1658.89	1178.5	32
3223.0	2268.69	32
4774.72	4809.23	32
6350.68	5381.86	32
7905.33	7909.6	32
9474.87	5263.48	32
10996.7	9410.77	32
12577.15	12629.14	32
14181.88	12039.18	32
0.99	0.85	32
1.08	0.97	32
1.33	1.25	32
1.64	1.56	32
2.31	2.1	32
2.51	2.64	32
3.19	3.18	32
2.8	3.04	32
3.17	3.35	32
3.53	3.75	32
3.86	4.01	32
4.38	4.26	32
5.39	5.45	32
7.26	7.88	32
10.49	10.69	32
17.55	20.04	32
30.5	36.13	32
57.44	65.7	32
107.19	108.54	32
209.57	208.83	32
399.51	406.26	32
793.89	944.49	32
1172.12	1388.01	32
1515.77	1818.42	32
1908.43	1953.13	32
2304.83	2280.12	32
2662.35	2731.98	32
3031.86	3021.39	32
3372.59	3433.89	32
0.92	0.93	32
1.14	1.04	32
1.3	1.09	32
1.6	1.53	32
2.09	2.18	32
2.95	2.74	32
3.4	3.09	32
3.49	2.7	32
3.54	3.58	32
4.06	3.5	32
4.83	4.7	32
6.4	6.72	32
9.76	9.71	32
16.02	12.22	32
29.06	25.75	32
55.47	57.25	32
106.76	93.54	32
211.32	182.34	32
413.98	353.65	32
819.89	584.05	32
1637.03	1649.93	32
3205.01	2725.95	32
4763.79	3321.3	32
6308.74	5373.19	32
7871.6	6752.9	32
9424.96	8061.59	32
11016.33	7704.88	32
12518.82	12585.89	32
14112.91	11928.53	32
0.97	0.98	32
1.13	1.08	32
1.35	1.72	32
1.67	2.03	32
2.68	2.09	32
3.04	2.92	32
3.62	2.73	32
3.13	3.21	32
3.83	3.56	32
3.83	3.57	32
4.19	4.32	32
4.68	5.04	32
5.51	6.16	32
6.73	9.1	32
10.21	12.44	32
16.71	20.11	32
30.17	32.94	32
56.91	59.31	32
107.0	125.54	32
206.91	211.16	32
402.88	413.46	32
788.58	793.41	32
1161.38	1160.97	32
1515.12	1558.79	32
1891.4	2259.88	32
2310.47	2669.93	32
2633.93	2705.72	32
3020.14	4026.7	32
3414.89	3462.42	32
1.29	1.14	33
1.3	1.4	33
1.43	1.24	33
1.33	1.31	33
1.46	1.66	33
1.48	1.48	33
1.63	1.61	33
1.79	1.49	33
2.04	1.95	33
2.29	2.77	33
3.34	3.53	33
4.86	4.99	33
7.65	7.86	33
13.37	13.65	33
24.94	25.32	33
46.3	52.21	33
91.54	89.95	33
173.37	173.77	33
337.31	347.09	33
662.28	662.24	33
982.79	1091.41	33
1320.45	1305.66	33
1615.37	1639.47	33
1925.97	1964.65	33
2275.04	2251.45	33
2590.0	2846.87	33
2877.45	2948.52	33
1.2	0.99	33
1.29	1.25	33
1.15	1.13	33
1.46	1.57	33
1.5	1.41	33
1.82	1.53	33
1.78	1.6	33
2.15	2.14	33
2.68	2.68	33
4.87	4.28	33
6.82	6.27	33
12.22	12.57	33
23.65	18.82	33
45.56	45.87	33
89.56	79.77	33
175.18	177.48	33
350.11	348.34	33
694.54	692.01	33
1371.23	1395.92	33
2695.3	2686.18	33
3999.47	4026.21	33
5288.4	5348.89	33
6614.54	6623.15	33
7920.41	7959.45	33
9221.21	9230.99	33
10496.7	10600.58	33
11877.71	11840.92	33
1.33	1.12	33
1.23	1.35	33
1.29	1.27	33
1.46	1.33	33
1.59	1.48	33
1.58	1.77	33
1.77	1.66	33
1.81	2.06	33
2.33	2.33	33
2.5	2.82	33
3.3	4.09	33
4.73	6.06	33
7.84	9.26	33
13.19	15.31	33
24.61	26.79	33
46.48	48.86	33
88.5	92.8	33
175.65	175.91	33
339.18	349.15	33
663.33	663.69	33
980.6	1003.95	33
1283.87	1311.92	33
1589.31	1658.42	33
1932.16	1955.08	33
2275.98	2289.72	33
2549.81	2639.45	33
2897.85	2929.75	33
1.2	1.03	33
1.4	1.2	33
1.34	1.53	33
1.59	1.48	33
1.6	1.48	33
1.58	1.42	33
1.87	1.93	33
2.11	2.18	33
2.97	2.89	33
4.16	4.66	33
7.28	7.58	33
12.25	13.74	33
23.45	25.07	33
45.56	47.05	33
89.15	91.56	33
177.36	177.04	33
347.62	350.21	33
688.9	697.83	33
1375.18	1388.4	33
2694.83	2401.16	33
4003.3	3998.57	33
5331.09	5315.75	33
6595.64	6613.01	33
7977.05	7878.09	33
9253.42	9325.44	33
10554.2	9434.06	33
11880.56	10566.39	33
1.25	1.1	34
1.31	1.34	34
1.41	1.44	34
1.6	1.39	34
1.59	1.46	34
2.23	1.61	34
1.82	1.91	34
2.11	1.84	34
2.51	2.41	34
3.39	3.04	34
4.29	4.82	34
7.11	7.7	34
12.21	12.36	34
22.52	23.66	34
42.0	42.71	34
80.63	83.49	34
158.91	158.34	34
309.16	313.64	34
606.66	622.49	34
1199.4	1256.27	34
1772.0	1787.91	34
2383.72	2391.76	34
2924.68	3285.95	34
3528.63	3528.37	34
4060.11	4548.22	34
4588.28	4668.99	34
5289.48	5321.25	34
1.33	1.21	34
1.54	1.32	34
1.47	1.96	34
1.71	1.55	34
1.46	1.55	34
2.24	1.75	34
1.95	1.67	34
2.27	2.17	34
2.9	2.86	34
3.99	3.5	34
6.0	6.46	34
10.85	10.99	34
20.57	20.24	34
37.68	37.36	34
73.26	72.89	34
145.15	144.27	34
285.09	286.08	34
573.61	569.97	34
1134.54	1138.43	34
2214.09	2228.55	34
3292.19	3290.79	34
4377.72	4380.34	34
5455.72	5458.31	34
6530.17	6524.94	34
7605.69	7630.05	34
8696.3	8702.87	34
9766.96	9776.13	34
1.32	1.1	34
1.32	1.38	34
1.39	1.41	34
1.65	1.39	34
1.67	1.59	34
1.77	1.76	34
1.9	1.83	34
2.07	2.06	34
2.37	2.46	34
2.99	3.49	34
5.44	5.09	34
6.77	7.79	34
12.03	13.49	34
22.9	23.47	34
42.47	44.76	34
80.74	82.04	34
156.2	163.46	34
311.46	310.33	34
614.49	622.19	34
1197.22	1266.71	34
1775.55	1805.79	34
2329.13	2466.41	34
2956.99	2994.55	34
3519.96	3549.9	34
4098.92	4371.49	34
4637.36	4745.02	34
5255.12	5354.45	34
1.34	1.26	34
1.39	1.32	34
1.51	1.36	34
1.41	1.22	34
1.53	1.4	34
1.75	1.41	34
1.85	2.04	34
2.19	2.26	34
3.48	2.91	34
4.08	4.22	34
6.28	6.15	34
10.56	11.68	34
19.46	20.91	34
37.5	39.21	34
73.0	74.97	34
145.0	145.27	34
285.96	285.96	34
568.9	573.97	34
1135.99	1137.82	34
2215.63	2217.72	34
3295.68	3297.51	34
4360.97	4380.06	34
5437.37	5460.18	34
6528.3	5842.67	34
7621.12	7614.19	34
8675.47	8702.0	34
9768.93	9766.86	34
1.42	1.25	35
1.37	1.29	35
1.35	1.28	35
1.41	1.47	35
1.52	1.53	35
1.58	1.53	35
1.81	1.68	35
2.26	2.08	35
2.68	2.82	35
4.13	3.94	35
6.34	6.22	35
10.99	11.61	35
19.86	20.12	35
36.88	37.42	35
72.27	73.61	35
143.2	144.59	35
283.65	284.46	35
567.46	568.42	35
1132.47	1133.56	35
2208.78	1964.17	35
3293.96	3289.13	35
4367.78	4369.15	35
5442.52	4860.01	35
6535.07	6534.53	35
7599.57	7627.66	35
8673.11	8702.81	35
9764.87	9771.53	35
1.14	1.22	35
1.36	1.39	35
1.43	1.3	35
1.49	1.42	35
2.11	1.64	35
1.74	1.58	35
1.86	1.88	35
2.06	2.03	35
2.45	2.58	35
2.77	3.27	35
4.61	4.84	35
6.84	7.0	35
12.13	12.17	35
22.01	22.12	35
42.31	43.37	35
82.93	82.2	35
159.77	157.34	35
309.5	311.17	35
611.56	619.27	35
1187.34	1196.71	35
1772.36	1795.06	35
2368.95	2370.53	35
2906.76	2979.37	35
3532.73	3504.51	35
4077.38	4085.5	35
5012.21	4662.53	35
5174.55	5504.85	35
1.42	1.25	35
1.47	1.39	35
1.48	1.39	35
1.59	1.47	35
1.53	1.41	35
1.66	1.53	35
1.96	1.78	35
2.12	2.26	35
2.85	2.75	35
3.82	4.42	35
6.11	6.92	35
10.54	11.9	35
19.4	18.73	35
37.39	38.15	35
72.7	75.0	35
143.4	130.23	35
286.26	285.11	35
566.76	566.68	35
1137.12	1136.75	35
2209.34	2212.77	35
3291.5	3297.82	35
4378.47	3911.53	35
5434.88	5470.5	35
6536.47	5846.28	35
7607.61	7612.85	35
8696.29	8701.7	35
9761.55	9780.75	35
1.51	1.04	35
1.33	1.21	35
1.42	1.45	35
1.5	1.44	35
1.53	1.46	35
1.88	1.58	35
2.04	1.85	35
2.01	2.02	35
2.64	2.6	35
3.3	3.46	35
4.45	4.95	35
6.98	8.07	35
12.13	13.12	35
22.36	23.35	35
42.97	45.1	35
80.86	82.64	35
156.37	162.67	35
308.79	315.63	35
608.98	624.37	35
1187.1	1215.86	35
1774.52	1788.4	35
2366.62	2394.41	35
2900.13	2990.73	35
3523.21	3678.43	35
4051.3	4099.46	35
4646.62	4699.59	35
5235.88	5347.83	35
0.97	1.06	36
1.35	1.28	36
1.18	1.34	36
1.37	1.35	36
1.35	1.44	36
1.46	1.54	36
1.58	1.6	36
2.24	2.21	36
2.79	2.69	36
4.17	4.12	36
6.76	6.29	36
12.51	12.93	36
23.91	21.13	36
45.42	46.02	36
88.47	90.13	36
179.04	176.14	36
348.7	348.28	36
695.2	693.72	36
1377.31	1386.25	36
2682.87	2675.24	36
3999.99	4008.82	36
5293.06	5325.29	36
6578.29	6627.83	36
7962.3	7004.72	36
9192.32	9277.01	36
10443.64	10544.51	36
11744.78	11891.0	36
1.07	1.17	36
1.27	1.2	36
1.35	1.39	36
1.47	1.25	36
1.2	1.36	36
1.39	1.48	36
1.62	1.53	36
2.57	2.0	36
2.13	2.03	36
2.23	2.46	36
3.14	3.31	36
4.72	5.14	36
7.48	7.88	36
13.3	13.8	36
24.72	25.52	36
47.07	52.0	36
89.67	90.52	36
174.73	175.77	36
340.72	344.95	36
653.3	670.84	36
977.86	989.38	36
1294.89	1478.47	36
1628.76	1668.89	36
1971.35	1968.18	36
2302.58	2503.22	36
2541.45	2613.19	36
2883.4	3263.47	36
1.16	1.11	36
1.22	1.28	36
1.45	1.31	36
1.93	1.33	36
2.68	1.59	36
1.53	1.66	36
1.78	1.82	36
1.94	2.2	36
2.81	2.78	36
3.96	4.43	36
6.89	7.47	36
12.45	13.61	36
23.01	25.28	36
44.82	46.54	36
88.75	90.27	36
174.9	178.21	36
349.97	350.86	36
692.05	698.09	36
1383.93	1378.09	36
2684.98	2393.11	36
4011.98	4013.91	36
5326.13	5349.44	36
6624.52	6642.38	36
7878.7	7073.95	36
9220.57	9295.84	36
10583.03	10599.33	36
11778.64	11851.46	36
1.16	1.04	36
1.27	1.16	36
1.42	1.34	36
1.32	1.36	36
1.51	1.28	36
1.44	1.48	36
1.61	1.68	36
2.4	1.86	36
1.93	2.51	36
2.26	3.05	36
3.06	3.95	36
4.57	6.17	36
7.66	9.35	36
12.95	15.56	36
25.04	26.75	36
46.52	49.11	36
88.95	92.01	36
172.05	176.48	36
343.2	394.19	36
665.0	672.56	36
991.38	1003.98	36
1290.98	1316.11	36
1610.41	1645.48	36
1927.37	1954.74	36
2250.33	2266.99	36
2550.16	2619.57	36
2895.28	2917.07	36
0.83	0.93	37
0.97	1.01	37
1.14	1.19	37
1.67	1.67	37
2.64	2.48	37
4.53	3.57	37
7.51	7.76	37
13.37	11.52	37
24.55	25.45	37
42.55	28.64	37
59.29	23.43	37
70.51	24.83	37
69.9	24.25	37
76.68	31.8	37
76.02	35.55	37
87.4	56.2	37
105.96	80.7	37
125.91	127.2	37
217.34	232.65	37
331.9	429.49	37
588.65	824.1	37
1086.23	1594.58	37
1605.76	2369.55	37
2094.16	3104.76	37
2628.13	3849.51	37
2945.35	4586.07	37
3560.77	5442.2	37
3990.77	6154.11	37
4466.98	7006.83	37
0.86	0.87	37
1.02	0.98	37
1.18	1.16	37
1.63	1.58	37
2.52	2.57	37
4.31	3.84	37
7.5	6.88	37
13.86	13.53	37
25.39	13.7	37
42.58	21.11	37
47.54	25.53	37
48.45	28.38	37
67.38	31.63	37
77.89	44.62	37
101.91	44.56	37
123.91	63.0	37
201.4	91.62	37
314.02	172.79	37
566.27	316.83	37
1100.88	614.5	37
2095.29	1177.92	37
4027.57	2292.3	37
6010.34	3398.92	37
7953.48	4544.71	37
9866.76	5659.28	37
11815.33	6756.68	37
13822.36	7984.33	37
15735.49	9014.55	37
17666.52	10137.91	37
0.89	0.86	37
1.03	1.07	37
1.37	1.24	37
1.58	1.66	37
2.44	2.65	37
4.33	4.23	37
7.4	7.04	37
13.58	12.73	37
23.44	19.48	37
36.43	17.95	37
55.49	25.11	37
48.23	28.72	37
68.29	19.09	37
65.51	30.08	37
72.01	37.64	37
76.49	54.54	37
110.72	76.32	37
148.88	120.48	37
206.79	222.92	37
330.46	416.77	37
570.08	797.01	37
1066.17	1527.17	37
1550.39	2211.73	37
2025.55	2977.75	37
2497.04	3663.34	37
3008.26	4453.61	37
3465.22	5161.61	37
4005.96	5830.4	37
4532.54	6611.25	37
0.9	0.9	37
0.93	1.05	37
1.25	1.25	37
1.61	1.65	37
2.65	2.48	37
4.17	4.42	37
7.5	6.63	37
14.28	12.41	37
23.85	20.28	37
38.6	17.82	37
52.35	25.36	37
66.74	21.0	37
70.73	23.53	37
77.81	27.02	37
96.41	38.86	37
127.32	65.9	37
189.23	94.9	37
323.42	161.84	37
567.62	288.28	37
1081.45	578.99	37
2082.85	1083.96	37
4053.06	2100.33	37
5989.12	3141.54	37
7886.23	4216.01	37
9916.96	5246.76	37
11838.43	6201.03	37
13697.97	7275.01	37
15752.89	8344.03	37
17727.07	9425.23	37
0.96	1.01	38
1.07	0.95	38
1.27	1.35	38
1.66	1.72	38
2.72	2.67	38
4.44	4.23	38
7.33	7.34	38
12.61	13.68	38
23.12	24.2	38
36.38	25.85	38
55.17	20.46	38
62.18	32.31	38
62.94	34.61	38
73.56	36.87	38
77.84	39.44	38
98.86	53.6	38
119.75	96.21	38
154.21	163.93	38
267.55	303.77	38
460.92	555.7	38
855.8	1079.85	38
1626.48	2087.73	38
2375.36	3108.4	38
3087.3	4087.76	38
3787.5	5130.45	38
4643.78	6043.6	38
5417.59	7173.86	38
6045.47	8085.34	38
6994.03	9121.45	38
0.83	1.05	38
0.96	1.09	38
1.28	1.28	38
1.74	1.67	38
2.69	2.99	38
4.55	4.59	38
8.29	7.85	38
14.68	13.97	38
26.65	25.85	38
40.12	22.44	38
65.89	25.1	38
53.72	16.22	38
66.24	23.48	38
67.13	33.74	38
100.17	37.64	38
116.62	60.66	38
181.62	95.35	38
294.41	141.74	38
531.42	266.36	38
999.65	497.72	38
1941.06	997.78	38
3662.59	1870.61	38
5437.63	2774.18	38
7161.1	3689.76	38
8716.4	4622.07	38
10570.53	5546.06	38
12195.69	6468.34	38
14055.44	7355.19	38
15613.29	8709.25	38
0.91	0.85	38
1.03	1.07	38
1.35	1.36	38
1.64	1.68	38
2.48	2.7	38
4.43	4.31	38
8.12	7.54	38
14.42	12.01	38
25.18	17.85	38
41.31	21.6	38
53.83	27.37	38
56.59	26.97	38
73.76	35.28	38
68.58	40.22	38
78.21	42.24	38
91.54	63.09	38
126.19	85.73	38
174.36	161.07	38
301.8	289.75	38
496.93	559.19	38
892.66	1085.58	38
1604.44	2055.18	38
2357.45	3076.06	38
3226.46	4043.2	38
3802.36	5015.23	38
4586.04	6018.62	38
5302.92	7079.09	38
6171.2	7983.52	38
6828.1	9016.08	38
0.91	0.88	38
0.91	1.04	38
1.24	1.23	38
1.7	1.78	38
2.51	2.6	38
4.41	4.29	38
7.7	8.01	38
12.92	12.53	38
22.28	19.93	38
40.38	22.44	38
50.96	26.27	38
62.04	27.19	38
66.12	32.75	38
79.32	30.55	38
86.5	44.76	38
112.14	57.94	38
177.44	90.29	38
293.08	142.75	38
528.11	236.03	38
969.08	452.02	38
1859.72	882.51	38
3566.82	1683.31	38
5293.55	2461.56	38
6994.44	3267.22	38
8783.54	4135.97	38
10475.39	4898.72	38
12238.48	5660.17	38
13892.08	6522.89	38
15595.78	7314.17	38
0.91	0.93	39
0.96	1.01	39
1.24	1.34	39
1.67	1.79	39
2.51	2.64	39
4.5	4.36	39
7.7	6.13	39
14.37	8.98	39
25.0	13.9	39
34.94	18.82	39
43.44	15.01	39
60.34	32.44	39
62.94	28.65	39
79.05	33.09	39
83.77	53.59	39
112.52	43.77	39
169.13	78.14	39
295.54	140.17	39
500.2	261.38	39
963.24	499.26	39
1876.68	962.87	39
3576.93	1851.4	39
5357.41	2793.57	39
7042.41	3650.68	39
8765.94	4602.11	39
10385.22	5570.03	39
12222.77	6499.76	39
13932.46	7321.47	39
15600.81	8210.31	39
0.98	0.85	39
0.99	1.01	39
1.1	1.3	39
1.89	1.77	39
2.45	2.68	39
4.39	4.43	39
7.72	6.29	39
13.08	14.29	39
24.85	12.89	39
39.97	24.52	39
49.61	23.3	39
71.01	26.98	39
76.13	26.28	39
59.98	30.33	39
81.64	42.53	39
96.75	49.74	39
117.71	92.28	39
170.71	162.58	39
286.86	290.93	39
514.05	557.24	39
910.03	1088.19	39
1610.15	2083.04	39
2311.92	3072.64	39
3083.97	4100.62	39
3810.51	5080.3	39
4558.23	6118.56	39
5311.74	7059.53	39
5971.43	8115.49	39
6787.37	9189.56	39
0.9	0.93	39
1.01	1.09	39
1.24	1.33	39
1.85	1.82	39
2.74	2.64	39
4.2	4.46	39
7.88	7.8	39
14.29	13.8	39
23.43	21.95	39
39.16	26.78	39
56.05	26.69	39
55.07	19.29	39
62.64	34.65	39
67.13	33.87	39
92.13	47.23	39
113.79	52.17	39
171.94	93.32	39
295.07	139.87	39
518.71	243.66	39
955.43	454.74	39
1857.49	877.64	39
3589.02	1680.59	39
5352.64	2499.33	39
7067.11	3225.43	39
8753.48	4071.55	39
10461.17	4901.63	39
12271.62	5668.79	39
14039.75	6541.99	39
15683.97	7315.04	39
0.93	1.4	39
1.07	1.01	39
1.26	1.3	39
1.61	1.69	39
2.57	2.71	39
4.28	3.34	39
7.37	7.93	39
13.91	13.37	39
22.99	18.34	39
38.64	17.97	39
53.91	25.12	39
68.69	17.42	39
65.63	28.79	39
56.35	39.47	39
79.7	40.74	39
98.73	58.49	39
121.33	100.28	39
170.49	149.86	39
283.42	289.79	39
520.17	555.67	39
895.46	1081.63	39
1623.31	2055.9	39
2341.57	3079.13	39
3110.24	4100.19	39
3858.02	5101.95	39
4594.95	6056.75	39
5291.75	7067.68	39
6065.41	8050.08	39
6761.11	9004.69	39
0.82	0.9	40
0.99	0.94	40
1.08	1.19	40
1.7	1.75	40
2.67	2.62	40
4.5	4.1	40
7.49	7.58	40
14.05	12.87	40
21.6	23.31	40
35.17	26.81	40
57.24	20.89	40
56.94	16.5	40
66.21	24.58	40
72.05	37.06	40
87.08	38.03	40
121.3	55.24	40
190.08	98.78	40
317.03	176.68	40
566.87	324.9	40
1076.44	606.37	40
2113.44	1193.31	40
4031.87	2312.8	40
5998.83	3405.86	40
7989.74	4543.76	40
9948.76	5652.62	40
11766.58	6770.88	40
13667.3	7853.31	40
15583.09	8925.8	40
17544.6	10123.65	40
0.9	1.07	40
1.0	1.56	40
1.27	1.15	40
1.68	1.73	40
3.27	2.56	40
4.47	4.29	40
7.41	7.54	40
14.06	11.41	40
21.25	18.0	40
38.84	14.41	40
49.3	27.75	40
54.05	23.19	40
74.78	25.92	40
62.53	29.67	40
78.02	45.34	40
86.85	58.61	40
111.77	74.73	40
140.66	133.99	40
228.28	237.87	40
330.72	427.58	40
581.13	834.48	40
1063.78	1587.7	40
1533.78	2365.47	40
2088.87	3063.88	40
2574.68	3853.67	40
3074.27	4613.07	40
3483.14	5294.63	40
4112.62	6145.54	40
4568.44	6895.99	40
0.97	0.77	40
1.14	0.99	40
1.31	1.13	40
1.65	1.67	40
2.53	2.63	40
4.25	4.47	40
7.74	7.79	40
13.18	10.08	40
23.61	17.35	40
34.61	17.84	40
58.64	31.2	40
59.5	22.93	40
68.3	26.94	40
66.09	28.14	40
88.67	44.64	40
112.17	73.14	40
196.29	94.05	40
313.62	162.72	40
560.7	296.32	40
1085.55	565.19	40
2092.46	1115.23	40
4023.89	2147.96	40
5988.41	3149.2	40
7958.68	4207.67	40
9848.92	5238.69	40
11738.75	6268.22	40
13785.1	7290.05	40
15600.57	8279.66	40
17620.43	9256.26	40
0.93	0.84	40
0.94	0.94	40
1.75	1.28	40
1.76	1.71	40
2.64	2.44	40
4.26	4.07	40
7.76	7.76	40
13.66	11.41	40
25.01	13.24	40
41.73	15.11	40
55.03	33.9	40
65.16	21.8	40
64.93	19.62	40
71.18	28.19	40
65.36	38.03	40
83.22	59.18	40
113.68	80.86	40
139.34	116.66	40
208.47	230.22	40
330.68	414.25	40
611.8	808.3	40
1056.64	1536.39	40
1534.48	2243.94	40
2104.8	2972.99	40
2540.54	3691.95	40
2960.18	4404.06	40
3457.97	5070.77	40
4010.37	5835.82	40
4531.47	6611.28	40
0.92	0.99	41
1.1	1.18	41
1.33	1.52	41
2.13	1.99	41
3.08	3.85	41
5.25	5.47	41
9.93	7.69	41
18.89	11.76	41
33.26	9.95	41
52.47	18.5	41
86.75	22.23	41
116.5	25.45	41
129.5	32.91	41
157.8	41.36	41
207.56	59.76	41
296.02	94.74	41
496.06	165.57	41
891.24	315.51	41
1623.96	599.69	41
3021.36	1134.42	41
4442.54	1689.81	41
5808.05	2295.46	41
7259.68	2779.15	41
8750.31	3358.88	41
10100.13	3906.39	41
11548.34	4440.82	41
12813.11	4959.84	41
1.03	0.99	41
1.21	1.13	41
1.43	1.5	41
2.06	2.02	41
3.01	2.91	41
5.05	4.61	41
9.83	8.69	41
18.35	8.79	41
31.67	12.28	41
58.64	15.0	41
101.46	22.47	41
134.95	26.12	41
163.51	36.79	41
187.06	47.02	41
291.39	74.44	41
451.55	126.71	41
769.81	232.9	41
1382.06	439.18	41
2616.84	845.97	41
4930.29	1617.8	41
7182.56	2385.34	41
9555.03	3174.02	41
11778.29	3955.72	41
14053.28	4720.67	41
16398.88	5514.25	41
18796.99	6266.9	41
21138.72	7052.02	41
0.94	0.93	41
1.27	1.15	41
1.47	1.45	41
2.09	1.77	41
2.87	2.67	41
5.14	5.38	41
9.09	4.56	41
16.67	8.63	41
29.99	9.8	41
51.63	13.14	41
76.71	20.79	41
102.3	23.15	41
106.08	29.42	41
136.45	37.25	41
187.3	51.11	41
285.88	84.53	41
457.58	152.08	41
844.5	284.52	41
1559.14	540.32	41
2950.82	1029.39	41
4378.9	1538.25	41
5838.6	2032.72	41
7258.67	2543.53	41
8601.97	2975.9	41
10092.24	3490.81	41
11434.76	4064.05	41
12751.74	4491.4	41
0.96	1.01	41
1.12	1.18	41
1.33	1.27	41
1.95	1.92	41
3.17	3.0	41
5.34	4.64	41
9.92	7.4	41
18.02	7.7	41
32.49	12.48	41
60.52	14.27	41
101.81	19.49	41
136.73	30.92	41
151.99	31.81	41
202.85	48.25	41
272.61	69.44	41
449.8	124.9	41
770.46	223.53	41
1408.95	410.89	41
2607.72	800.95	41
4925.37	1553.1	41
7186.02	2242.13	41
9484.97	2994.18	41
11848.97	3760.54	41
14247.57	4380.23	41
16379.02	5103.5	41
18827.0	6387.78	41
21116.28	6680.3	41
0.97	1.06	42
1.06	1.15	42
1.52	1.49	42
1.9	1.97	42
2.87	2.94	42
5.11	4.94	42
8.78	5.05	42
16.31	8.19	42
29.14	9.18	42
55.33	9.59	42
89.2	17.94	42
117.64	27.45	42
149.21	36.81	42
167.12	43.12	42
251.34	72.03	42
399.07	125.65	42
678.74	227.05	42
1226.79	430.01	42
2331.51	832.49	42
4441.43	1607.85	42
6650.91	2387.96	42
8737.61	3145.87	42
10844.83	3923.58	42
12925.72	4792.11	42
15106.03	5464.68	42
17322.34	6274.27	42
19343.87	7030.87	42
1.04	1.13	42
1.12	1.12	42
1.43	1.59	42
1.97	2.74	42
3.08	2.16	42
5.68	4.79	42
9.29	6.34	42
17.55	9.42	42
32.26	8.21	42
54.45	13.01	42
72.99	21.1	42
110.75	26.37	42
122.3	30.68	42
151.7	39.51	42
199.21	58.91	42
334.04	94.14	42
584.32	161.91	42
1086.42	307.35	42
2046.15	586.54	42
3912.4	1125.46	42
5757.19	1666.1	42
7639.29	2235.32	42
9532.63	2721.65	42
11364.02	3313.85	42
13325.37	3775.68	42
15155.51	4329.03	42
17165.46	4893.24	42
1.03	1.09	42
1.09	1.45	42
1.95	1.44	42
1.84	2.0	42
2.91	2.97	42
4.94	4.8	42
9.12	4.22	42
15.96	11.21	42
30.47	9.17	42
56.69	14.94	42
87.97	18.77	42
109.39	24.98	42
150.83	30.34	42
176.43	42.8	42
252.43	67.94	42
394.65	116.3	42
666.6	214.45	42
1242.75	410.24	42
2346.13	799.78	42
4492.7	1526.3	42
6590.65	2213.14	42
8659.4	3011.3	42
10933.59	3662.53	42
12942.02	4351.03	42
15123.37	5161.73	42
17148.59	5875.19	42
19455.42	6583.04	42
1.13	1.01	42
1.11	1.12	42
1.39	1.43	42
1.92	1.91	42
2.95	2.85	42
5.09	4.46	42
9.4	6.53	42
16.44	7.28	42
31.62	8.23	42
54.52	10.47	42
86.95	16.67	42
106.58	23.18	42
125.11	25.48	42
160.09	38.46	42
217.12	56.02	42
336.61	86.88	42
595.49	150.57	42
1065.7	278.47	42
2052.86	547.58	42
3887.97	1038.04	42
5725.03	1534.1	42
7640.31	2060.69	42
9531.53	2504.89	42
11355.72	2994.99	42
13317.44	3505.71	42
15113.64	3978.27	42
16989.17	4371.27	42
1.06	0.94	43
1.12	1.11	43
1.38	1.56	43
2.13	1.86	43
3.2	2.54	43
5.38	4.14	43
9.04	8.55	43
17.79	5.0	43
32.53	11.61	43
54.99	14.99	43
78.38	18.13	43
105.75	24.52	43
123.06	28.18	43
155.26	39.59	43
209.68	57.07	43
324.48	92.58	43
587.52	164.39	43
1074.11	307.44	43
2056.9	585.37	43
3932.79	1123.4	43
5900.48	1684.3	43
7663.03	2198.33	43
9607.26	2724.7	43
11447.44	3246.6	43
13291.17	3828.56	43
15190.48	4366.74	43
17074.69	4898.53	43
1.03	0.97	43
1.2	1.19	43
1.32	1.43	43
2.55	1.77	43
3.21	2.81	43
4.85	4.88	43
9.21	7.69	43
16.5	7.74	43
30.22	6.57	43
56.18	15.06	43
82.29	22.27	43
124.4	25.56	43
140.19	32.13	43
157.89	47.27	43
253.91	72.06	43
392.09	121.26	43
664.49	228.41	43
1221.06	430.56	43
2313.28	839.72	43
4459.48	1636.19	43
6574.03	2385.93	43
8801.98	3156.28	43
10821.89	3946.33	43
12938.31	4729.79	43
15139.39	5492.09	43
17179.23	6321.0	43
19343.76	7034.89	43
1.14	0.85	43
1.22	1.15	43
1.36	1.51	43
1.94	1.93	43
3.23	3.05	43
5.43	5.03	43
9.49	7.48	43
17.36	7.94	43
31.5	6.48	43
53.71	13.83	43
72.51	13.33	43
109.01	23.59	43
131.25	25.44	43
157.05	39.06	43
221.79	51.55	43
340.22	85.45	43
580.06	150.6	43
1068.91	278.18	43
2008.54	540.85	43
3917.73	1035.08	43
5810.94	1530.44	43
7761.74	2027.34	43
9606.44	2535.07	43
11565.47	2961.0	43
13338.32	3477.44	43
15179.7	4005.31	43
17123.21	4320.38	43
1.03	0.96	43
1.81	1.01	43
1.42	1.32	43
1.94	1.86	43
2.81	2.84	43
5.0	5.2	43
9.11	8.5	43
16.31	7.49	43
29.57	9.87	43
53.22	12.91	43
94.02	17.39	43
99.32	26.47	43
144.75	29.59	43
191.34	46.99	43
256.77	69.28	43
393.45	118.55	43
667.86	216.46	43
1193.59	403.04	43
2309.84	786.98	43
4458.18	1517.82	43
6629.74	2271.36	43
8731.0	2961.47	43
10836.05	3709.58	43
12922.17	4361.86	43
15167.96	5041.0	43
17376.8	5930.87	43
19406.73	6515.16	43
0.97	0.89	44
1.11	1.08	44
1.34	1.28	44
1.91	1.78	44
2.81	2.5	44
4.87	5.03	44
8.83	7.15	44
16.87	9.38	44
31.02	9.44	44
55.78	13.16	44
80.01	19.79	44
122.49	25.83	44
148.67	33.94	44
187.45	44.23	44
264.77	74.11	44
399.66	123.63	44
720.6	227.58	44
1324.59	433.37	44
2517.19	840.77	44
4812.79	1626.94	44
7102.1	2370.07	44
9483.32	3199.81	44
11753.74	3952.64	44
14043.73	4743.36	44
16441.18	5476.71	44
18674.84	6370.31	44
20958.75	7040.83	44
1.49	0.91	44
1.1	0.94	44
1.99	1.44	44
1.82	1.87	44
2.97	2.99	44
5.31	5.46	44
9.2	7.0	44
17.45	5.21	44
30.53	12.35	44
55.05	11.18	44
84.02	18.2	44
107.7	24.86	44
97.09	27.75	44
143.62	40.8	44
199.89	58.07	44
282.09	96.95	44
465.66	163.13	44
813.41	308.47	44
1547.93	594.61	44
2984.04	1156.71	44
4414.91	1707.01	44
5814.65	2235.68	44
7224.6	2800.61	44
8747.7	3351.19	44
10153.17	3894.87	44
11371.69	4492.08	44
12835.0	5028.31	44
0.94	1.22	44
1.19	1.0	44
1.28	1.44	44
1.85	2.04	44
2.91	2.86	44
4.93	5.1	44
8.42	3.59	44
16.53	10.18	44
29.4	11.22	44
57.27	16.6	44
94.49	21.46	44
111.61	24.49	44
139.88	30.73	44
184.73	44.61	44
265.11	70.12	44
421.96	116.51	44
696.9	213.92	44
1325.47	415.05	44
2525.76	798.81	44
4817.84	1522.66	44
7076.71	2287.45	44
9438.18	2974.84	44
11814.92	3714.44	44
14073.45	4473.8	44
16316.53	5225.37	44
18793.33	5826.95	44
21045.56	6666.23	44
0.99	1.0	44
1.01	1.16	44
1.32	1.31	44
1.89	1.82	44
2.98	2.88	44
5.28	5.33	44
9.25	6.27	44
16.49	5.96	44
31.74	10.18	44
48.88	14.19	44
84.7	19.45	44
97.06	21.01	44
130.76	30.06	44
154.76	38.93	44
200.57	49.49	44
281.51	84.15	44
468.27	150.83	44
807.22	280.79	44
1559.29	546.36	44
3033.51	1046.2	44
4417.79	1551.91	44
5894.17	2047.75	44
7230.88	2508.41	44
8581.32	3034.52	44
9984.42	3469.35	44
11495.65	3988.4	44
13481.38	4582.43	44
0.93	1.01	45
1.09	1.88	45
1.63	1.57	45
2.45	2.4	45
4.04	3.79	45
6.1	5.31	45
7.47	7.95	45
8.91	10.33	45
9.68	10.35	45
10.57	8.84	45
11.76	12.55	45
15.86	14.17	45
21.3	19.09	45
28.56	28.88	45
47.97	44.79	45
68.12	76.64	45
118.61	140.16	45
222.27	265.49	45
404.91	517.66	45
785.49	992.45	45
1526.45	1953.97	45
2232.02	2867.36	45
2847.7	3870.32	45
3640.46	4821.71	45
4393.87	5704.13	45
4874.06	6747.16	45
5809.72	7686.72	45
6724.17	8525.85	45
0.9	0.97	45
1.13	1.25	45
1.73	1.61	45
2.41	2.54	45
3.95	3.59	45
5.85	5.12	45
8.02	8.47	45
10.46	9.91	45
10.75	9.33	45
12.46	11.33	45
20.03	13.3	45
29.97	14.86	45
49.26	24.41	45
89.94	33.96	45
168.85	61.27	45
326.26	111.24	45
647.77	212.49	45
1274.93	414.09	45
2523.37	819.36	45
5088.11	1616.16	45
9983.49	3139.46	45
14662.97	4689.6	45
19497.25	6266.97	45
24365.83	7794.53	45
29107.11	9354.64	45
33975.57	10819.55	45
38983.96	12434.07	45
44038.75	13955.52	45
1.1	0.99	45
1.26	1.2	45
1.77	1.66	45
2.6	2.48	45
3.95	4.36	45
6.26	5.8	45
8.56	7.96	45
9.9	7.63	45
9.53	8.46	45
12.06	8.17	45
13.16	9.08	45
16.58	14.8	45
20.27	18.83	45
28.03	28.11	45
44.64	41.63	45
68.56	71.39	45
118.75	128.59	45
211.71	241.77	45
422.42	465.58	45
776.32	933.99	45
1501.72	1781.55	45
2202.08	2676.53	45
2915.07	3533.94	45
3646.37	4396.06	45
4372.73	5258.11	45
5058.47	6165.57	45
5627.97	7021.46	45
6521.75	7716.28	45
1.0	1.0	45
1.18	1.15	45
1.57	1.65	45
2.48	2.38	45
3.7	3.32	45
5.95	5.55	45
8.93	8.63	45
10.07	9.93	45
11.97	10.0	45
14.03	9.73	45
18.53	9.38	45
29.27	12.83	45
51.03	20.09	45
88.7	32.36	45
169.14	57.2	45
328.35	103.12	45
652.3	196.71	45
1275.09	384.34	45
2529.61	760.72	45
5059.89	1500.46	45
9866.98	2933.9	45
14724.58	4380.83	45
19497.46	5807.36	45
24358.69	7226.68	45
29240.46	8628.7	45
33942.74	10032.79	45
38798.41	11487.0	45
43818.61	12954.54	45
1.1	1.05	46
1.35	1.31	46
1.95	1.66	46
2.75	2.37	46
4.17	3.74	46
6.43	6.32	46
8.53	7.95	46
9.92	9.08	46
10.5	9.86	46
11.42	10.03	46
14.88	11.88	46
16.85	13.6	46
24.21	19.65	46
35.34	32.13	46
59.08	53.59	46
110.39	96.11	46
185.29	179.43	46
323.88	328.97	46
613.0	652.91	46
1242.73	1306.02	46
2385.56	2566.43	46
3546.74	3796.64	46
4613.25	4983.53	46
5743.39	6187.78	46
7016.39	7472.4	46
8058.46	8728.46	46
9319.46	10019.59	46
10187.71	11043.91	46
1.19	1.13	46
1.41	1.26	46
1.7	1.76	46
2.6	2.72	46
4.08	4.24	46
6.57	6.54	46
8.73	8.33	46
10.12	8.45	46
11.78	8.01	46
13.73	8.95	46
18.71	7.84	46
27.7	15.2	46
47.77	20.76	46
83.72	29.7	46
157.27	51.25	46
306.81	91.16	46
591.74	174.76	46
1181.51	338.76	46
2402.38	698.5	46
4742.21	1414.97	46
9374.43	2785.47	46
13801.72	4139.36	46
18333.23	5507.89	46
22883.7	6909.54	46
27427.95	8255.97	46
31789.59	9614.87	46
36709.13	10986.63	46
41050.24	12393.14	46
1.05	1.02	46
1.19	1.29	46
2.39	1.58	46
2.52	2.71	46
3.76	3.82	46
6.15	6.21	46
8.73	6.04	46
9.88	8.27	46
11.23	9.12	46
13.08	8.72	46
12.44	10.95	46
18.75	15.36	46
23.22	20.56	46
36.48	31.75	46
52.5	51.39	46
95.55	91.63	46
164.28	173.92	46
303.04	330.79	46
651.13	652.43	46
1220.95	1282.82	46
2396.41	2504.74	46
3600.09	3704.22	46
4587.71	4912.69	46
5675.92	6095.45	46
7023.74	7326.46	46
8100.39	8572.32	46
9198.45	9812.1	46
10336.95	10871.3	46
1.11	1.08	46
1.28	1.28	46
1.74	1.61	46
2.55	2.63	46
3.93	3.76	46
6.39	5.92	46
8.15	7.42	46
9.77	8.11	46
11.79	10.49	46
12.8	10.86	46
18.97	12.68	46
27.47	12.54	46
47.57	20.75	46
85.45	30.75	46
161.2	51.99	46
310.98	93.47	46
601.43	176.78	46
1201.76	341.34	46
2380.77	685.22	46
4801.65	1370.98	46
9353.69	2662.81	46
13993.39	3944.52	46
18389.23	5232.17	46
22800.36	6515.41	46
27407.41	7799.01	46
33342.85	9081.41	46
36972.23	10349.7	46
41375.99	11643.88	46
1.18	1.04	47
1.39	1.28	47
1.82	1.61	47
2.45	2.42	47
4.09	3.64	47
5.6	5.52	47
8.1	6.52	47
9.83	8.22	47
11.32	9.77	47
13.91	12.08	47
18.18	10.64	47
27.66	15.28	47
46.97	19.59	47
84.93	29.94	47
162.07	52.12	47
312.45	94.97	47
602.67	173.48	47
1191.83	337.41	47
2375.06	671.74	47
4760.39	1353.8	47
9341.29	2640.64	47
13769.66	3931.37	47
18444.09	5198.81	47
22638.94	6478.57	47
27781.6	7762.57	47
32142.12	9020.59	47
36520.19	10321.58	47
41089.74	11533.6	47
