1.01	0.87	1
1.01	0.98	1
1.13	1.15	1
1.12	1.2	1
1.42	1.43	1
1.61	1.36	1
1.76	1.89	1
2.18	2.15	1
2.66	2.77	1
3.68	3.62	1
5.69	5.59	1
9.79	9.69	1
17.86	17.84	1
31.74	31.43	1
61.19	60.24	1
117.68	117.72	1
229.93	227.49	1
425.89	425.74	1
651.36	650.8	1
864.18	827.81	1
1068.36	1030.35	1
1273.11	1261.97	1
1442.85	1440.31	1
1686.83	1684.99	1
1887.88	1836.83	1
1.07	1.1	1
1.8	1.02	1
1.62	0.82	1
1.09	1.04	1
1.39	1.3	1
1.68	1.55	1
2.71	1.9	1
2.59	2.45	1
3.93	3.73	1
5.75	5.73	1
9.83	10.31	1
18.66	18.33	1
35.04	34.66	1
67.97	67.7	1
129.72	130.29	1
258.81	256.41	1
506.05	516.01	1
988.98	995.05	1
1486.14	1473.73	1
1940.5	1956.21	1
2432.08	2425.0	1
2897.55	2888.23	1
3359.29	3371.65	1
3907.75	3815.0	1
4286.39	4340.05	1
1.12	1.04	1
1.16	1.04	1
1.94	1.0	1
1.21	1.16	1
1.46	1.41	1
1.74	1.63	1
2.64	1.97	1
2.23	2.21	1
3.0	2.92	1
3.65	3.6	1
5.38	5.37	1
9.02	8.87	1
16.45	15.23	1
27.99	28.14	1
51.63	49.74	1
97.0	94.44	1
181.97	178.75	1
356.13	342.14	1
526.98	516.68	1
688.55	708.66	1
851.17	850.26	1
1022.44	1000.86	1
1182.23	1159.98	1
1372.87	1367.89	1
1536.03	1526.81	1
0.97	0.95	1
1.0	1.12	1
1.07	1.08	1
1.27	1.14	1
1.33	1.4	1
1.7	1.74	1
2.21	2.28	1
2.29	2.45	1
3.52	3.52	1
5.33	5.45	1
10.27	9.43	1
17.59	17.13	1
33.24	33.66	1
63.71	63.53	1
126.18	123.48	1
244.76	246.7	1
487.95	486.58	1
942.22	949.44	1
1397.11	1385.76	1
1862.67	1862.28	1
2288.39	2311.46	1
2751.23	2749.32	1
3230.68	3217.47	1
3700.15	3647.26	1
4123.21	4109.31	1
1.03	1.02	2
1.02	1.02	2
1.1	1.09	2
1.17	1.25	2
1.33	1.44	2
1.51	1.55	2
2.0	1.84	2
2.47	2.53	2
3.56	3.67	2
6.42	6.65	2
10.21	9.82	2
18.84	18.93	2
35.4	34.85	2
66.89	67.97	2
132.25	134.84	2
258.96	257.09	2
503.88	518.68	2
967.09	1007.05	2
1476.69	1477.26	2
1999.99	1967.91	2
2435.13	2447.41	2
2948.15	2952.29	2
3382.28	3424.81	2
3792.4	3904.06	2
4380.4	4384.14	2
1.18	1.09	2
1.04	1.06	2
1.09	1.13	2
1.18	1.31	2
1.43	1.54	2
2.38	1.67	2
2.01	1.95	2
2.88	2.28	2
3.17	3.32	2
6.24	5.54	2
7.79	7.99	2
20.96	17.46	2
40.53	26.12	2
50.86	53.74	2
98.52	98.4	2
193.25	192.03	2
383.03	383.18	2
1190.7	749.01	2
1108.8	1112.06	2
1468.69	1472.28	2
1827.65	1834.36	2
2208.51	2190.93	2
2544.38	2544.48	2
4655.01	2909.37	2
3270.95	3303.79	2
1.65	0.99	2
1.23	1.04	2
1.05	1.17	2
1.17	1.1	2
1.38	1.34	2
2.16	1.68	2
2.03	2.08	2
2.4	2.44	2
3.6	3.43	2
5.53	5.17	2
9.0	9.0	2
16.53	16.7	2
30.9	31.17	2
60.18	61.93	2
116.7	115.89	2
226.77	227.6	2
449.46	450.99	2
865.41	882.32	2
1310.89	1285.08	2
1710.04	1695.9	2
2136.9	2142.92	2
2551.2	2539.56	2
2933.61	2954.25	2
3372.31	3415.51	2
3832.91	3853.18	2
1.12	1.01	2
1.06	1.08	2
1.2	1.08	2
1.21	1.22	2
1.54	1.49	2
1.79	1.84	2
2.14	2.15	2
2.59	2.76	2
3.51	3.98	2
4.85	4.82	2
8.01	8.04	2
13.76	13.52	2
26.1	26.16	2
49.94	50.05	2
97.75	97.41	2
190.31	190.8	2
378.76	379.79	2
735.6	733.92	2
1091.26	1097.32	2
1453.18	1451.09	2
1800.65	1809.13	2
2166.34	2170.12	2
2525.06	2519.87	2
2895.54	2881.83	2
3238.16	3234.0	2
1.22	1.05	3
1.05	1.09	3
1.02	1.02	3
1.27	1.29	3
1.98	1.6	3
1.59	2.27	3
2.01	2.13	3
2.27	2.27	3
3.14	2.99	3
6.09	4.98	3
7.86	7.86	3
13.8	13.72	3
41.05	26.22	3
50.72	49.84	3
97.48	101.18	3
192.08	198.88	3
380.99	378.87	3
743.17	742.57	3
2429.79	1104.71	3
1461.58	1460.11	3
1832.52	1811.97	3
4809.22	3526.36	3
2539.4	2539.51	3
2907.35	2902.18	3
3252.55	3252.34	3
1.08	1.03	3
1.04	0.92	3
1.19	1.15	3
1.23	1.26	3
1.37	1.24	3
1.53	1.78	3
1.79	1.98	3
2.54	2.59	3
3.52	3.7	3
5.43	5.69	3
9.8	9.99	3
18.78	18.04	3
35.56	35.13	3
67.05	66.67	3
132.05	131.7	3
264.28	259.41	3
522.2	514.78	3
986.99	996.97	3
1454.12	1484.26	3
1933.9	1969.1	3
2455.88	2470.71	3
2918.74	2938.15	3
3405.28	3466.47	3
3870.8	3898.26	3
4368.12	4387.19	3
1.11	0.96	3
1.04	0.98	3
1.22	1.62	3
1.26	1.38	3
1.58	1.45	3
1.85	1.85	3
2.15	2.3	3
2.58	2.65	3
3.73	3.99	3
5.0	4.89	3
8.31	7.98	3
21.12	13.99	3
25.53	25.84	3
49.7	49.63	3
96.88	96.97	3
305.46	190.87	3
377.74	377.62	3
735.8	736.41	3
1091.56	1089.39	3
2330.38	1448.53	3
1805.63	1802.98	3
2164.94	2164.78	3
2520.03	2523.37	3
2883.75	2877.01	3
3240.97	3233.24	3
1.09	1.04	3
1.13	1.78	3
1.05	1.11	3
1.18	1.43	3
1.49	1.45	3
1.6	1.68	3
1.95	1.99	3
2.47	2.42	3
3.5	3.39	3
5.47	5.5	3
9.35	8.91	3
16.43	16.84	3
30.95	31.08	3
59.81	60.29	3
116.42	116.3	3
229.82	226.87	3
449.55	451.43	3
880.27	881.64	3
1291.4	1278.23	3
1724.76	1717.91	3
2120.43	2133.01	3
2556.05	2563.97	3
2965.79	2980.73	3
3437.3	3377.32	3
3830.24	3836.04	3
1.01	1.59	4
1.17	1.03	4
1.03	1.08	4
1.05	1.12	4
1.31	1.37	4
1.62	1.57	4
2.02	1.88	4
2.37	2.56	4
3.73	3.64	4
5.71	6.01	4
9.85	10.02	4
19.48	19.26	4
35.11	35.48	4
67.95	69.29	4
130.75	132.94	4
258.45	255.27	4
515.62	505.18	4
989.71	981.6	4
1463.32	1473.14	4
1945.1	1943.38	4
2432.75	2430.27	4
2890.39	2857.32	4
3364.43	3356.72	4
3878.08	3881.6	4
4343.24	4346.47	4
1.03	0.96	4
0.93	1.19	4
1.06	1.87	4
1.96	1.37	4
1.27	1.38	4
1.58	1.54	4
2.42	1.79	4
2.21	1.97	4
3.16	2.86	4
3.85	3.87	4
5.72	6.16	4
9.72	9.99	4
17.62	18.7	4
32.04	31.37	4
60.37	61.44	4
118.79	114.69	4
224.3	221.2	4
443.55	436.48	4
651.33	657.34	4
839.46	851.82	4
1061.11	1047.55	4
1276.88	1251.15	4
1443.67	1459.55	4
1687.73	1700.92	4
1850.6	1978.83	4
1.1	1.04	4
1.13	1.07	4
1.2	1.12	4
1.15	1.25	4
1.54	1.56	4
1.72	1.91	4
2.02	2.02	4
2.57	2.38	4
3.41	3.56	4
5.31	5.7	4
9.6	9.28	4
17.1	17.36	4
32.96	32.67	4
62.46	63.66	4
123.66	122.25	4
244.43	247.71	4
489.68	478.63	4
945.16	948.33	4
1390.92	1398.2	4
1851.09	1850.91	4
2307.38	2300.48	4
2772.66	2768.37	4
3238.72	3179.4	4
3688.9	3639.01	4
4100.12	4077.9	4
1.11	1.1	4
1.13	1.09	4
1.13	1.2	4
1.29	1.34	4
1.44	1.63	4
1.57	1.66	4
1.82	1.88	4
2.95	2.87	4
3.12	2.92	4
3.89	3.69	4
5.49	5.55	4
9.02	8.88	4
15.35	15.57	4
28.49	27.83	4
52.22	51.96	4
95.52	94.97	4
189.62	181.47	4
357.36	355.41	4
526.32	511.77	4
693.88	680.08	4
839.21	860.21	4
1027.74	1057.86	4
1248.74	1180.73	4
1369.0	1338.15	4
1513.05	1483.48	4
1.01	1.05	5
1.44	1.17	5
1.12	1.33	5
1.45	1.64	5
1.59	1.65	5
1.82	1.82	5
2.67	1.94	5
2.35	2.51	5
2.83	3.19	5
4.28	4.27	5
6.81	6.69	5
12.32	12.0	5
21.4	21.51	5
40.59	41.01	5
77.26	79.0	5
148.49	150.75	5
289.31	296.63	5
542.33	554.94	5
807.13	836.16	5
991.91	1097.78	5
1290.98	1339.49	5
1702.69	1661.58	5
1905.06	1908.76	5
2158.09	2183.47	5
2437.51	2414.56	5
0.94	1.15	5
1.06	1.11	5
1.07	1.26	5
1.38	1.51	5
1.64	1.68	5
2.06	2.24	5
2.42	2.74	5
3.5	3.08	5
5.45	4.61	5
9.14	7.16	5
16.62	12.16	5
23.27	22.86	5
43.12	43.63	5
84.69	84.41	5
166.15	164.43	5
467.41	326.31	5
1475.97	652.12	5
1793.2	1260.16	5
2701.61	1881.66	5
4615.22	2471.2	5
4398.99	3102.01	5
3722.56	3686.95	5
6150.66	4299.87	5
7004.28	4877.25	5
5580.07	5564.91	5
1.03	0.96	5
1.21	1.08	5
1.23	1.37	5
1.33	1.38	5
1.7	1.48	5
1.94	1.83	5
2.28	2.34	5
2.62	2.3	5
3.28	3.22	5
4.6	4.09	5
6.64	6.39	5
10.98	11.14	5
19.69	19.16	5
37.35	35.91	5
65.44	64.79	5
123.77	124.19	5
255.93	240.03	5
459.4	456.2	5
678.74	686.06	5
880.63	896.02	5
1118.24	1100.8	5
1396.53	1316.63	5
1594.06	1650.66	5
1827.04	1736.0	5
2147.65	1967.14	5
1.06	1.05	5
0.98	1.65	5
1.22	1.19	5
1.24	1.37	5
1.61	1.76	5
2.13	2.18	5
2.34	2.54	5
3.62	3.72	5
5.65	4.78	5
7.07	7.18	5
16.79	12.52	5
40.78	22.65	5
60.81	43.54	5
153.12	85.23	5
166.04	168.52	5
743.58	328.96	5
650.75	652.48	5
1830.3	1269.15	5
1879.19	1878.44	5
3545.74	2494.26	5
4445.6	3107.25	5
5310.29	3719.23	5
4326.93	4333.31	5
9085.14	4960.69	5
8048.09	5552.15	5
1.19	1.12	6
1.09	1.05	6
1.31	1.37	6
1.32	1.43	6
1.69	1.5	6
1.67	1.85	6
2.71	2.31	6
2.71	2.95	6
4.0	4.0	6
6.23	6.54	6
10.76	11.54	6
19.98	20.39	6
37.02	38.89	6
71.3	72.34	6
142.84	143.45	6
281.87	284.98	6
554.15	572.33	6
1077.13	1086.1	6
1554.67	1616.57	6
2124.41	2163.05	6
2638.35	2625.54	6
3218.21	3197.64	6
3618.19	3672.51	6
4228.53	4195.72	6
4752.9	4784.86	6
1.14	1.16	6
1.29	1.19	6
1.17	1.43	6
1.49	1.48	6
1.62	1.61	6
1.95	1.87	6
2.43	2.27	6
3.18	2.79	6
4.92	4.92	6
7.81	6.99	6
14.67	10.54	6
19.11	19.24	6
35.48	36.78	6
99.86	70.76	6
261.47	135.44	6
268.13	269.84	6
528.97	533.36	6
1042.74	1045.64	6
3013.12	1542.83	6
2070.64	2055.89	6
3748.84	2555.2	6
4529.46	3074.18	6
3579.15	3572.18	6
7801.15	4093.78	6
6685.52	4600.68	6
1.13	1.2	6
1.11	1.32	6
1.39	1.3	6
1.47	1.49	6
1.82	1.64	6
1.94	2.15	6
2.27	2.3	6
2.71	2.69	6
4.07	4.04	6
6.16	6.16	6
9.86	9.9	6
17.96	17.56	6
35.54	32.6	6
65.77	62.24	6
128.27	124.08	6
247.54	237.91	6
485.33	463.31	6
976.75	902.05	6
1415.7	1330.38	6
1786.87	1813.55	6
2311.84	2257.25	6
2700.11	2649.38	6
3408.98	3064.93	6
3699.47	3534.44	6
3928.27	3962.97	6
1.1	1.16	6
1.28	1.26	6
1.86	2.45	6
1.32	1.43	6
1.72	1.92	6
2.18	2.19	6
2.79	2.72	6
3.26	3.16	6
4.69	5.19	6
8.2	6.48	6
14.36	11.63	6
19.85	20.41	6
37.44	38.48	6
103.73	73.21	6
143.98	143.57	6
518.05	281.98	6
562.96	558.46	6
1095.65	1098.33	6
2989.76	1628.18	6
3086.05	2163.81	6
2701.59	2702.92	6
4590.59	3243.2	6
3753.14	3770.23	6
4302.65	4319.76	6
4840.83	4860.29	6
1.1	1.06	7
1.22	1.19	7
1.32	1.38	7
1.51	1.64	7
1.65	1.77	7
1.91	2.14	7
2.48	2.47	7
3.73	2.73	7
3.82	3.84	7
7.52	6.07	7
13.91	10.02	7
25.65	17.43	7
32.52	32.51	7
130.95	63.67	7
122.61	122.79	7
370.36	238.73	7
477.55	476.99	7
1455.67	925.83	7
2166.12	1384.27	7
1902.56	1908.03	7
2412.66	2406.09	7
2911.07	2919.09	7
8669.77	3437.37	7
5898.05	3936.55	7
6632.38	4435.23	7
1.08	1.18	7
1.77	1.33	7
1.23	1.32	7
1.4	2.03	7
1.34	2.15	7
1.84	1.88	7
2.04	2.56	7
2.9	2.8	7
4.27	4.06	7
6.3	6.57	7
10.86	11.62	7
20.43	20.88	7
38.47	38.98	7
75.63	76.47	7
140.91	144.5	7
274.39	285.0	7
536.38	562.05	7
1054.75	1081.37	7
1532.28	1607.35	7
2098.32	2117.32	7
2664.23	2660.99	7
3146.88	3265.24	7
3643.98	3693.76	7
4251.66	4300.77	7
4590.35	4748.67	7
1.06	1.2	7
1.23	1.41	7
1.42	1.36	7
1.39	1.47	7
2.13	1.7	7
2.07	2.07	7
3.46	2.68	7
3.14	3.65	7
4.67	4.48	7
6.37	6.42	7
14.71	11.04	7
35.52	19.99	7
36.64	36.85	7
102.38	70.68	7
199.46	137.02	7
400.51	273.52	7
787.13	543.1	7
1058.52	1049.08	7
2260.55	1580.56	7
2121.35	2111.91	7
5004.44	2646.51	7
5958.39	3184.47	7
6899.66	3698.25	7
4250.55	4230.41	7
6889.62	4771.97	7
1.06	1.03	7
1.19	1.35	7
1.46	1.34	7
1.53	1.43	7
1.66	1.56	7
2.04	2.04	7
2.24	2.9	7
2.75	2.6	7
3.75	3.85	7
6.09	5.95	7
9.72	9.76	7
18.16	18.08	7
35.37	33.15	7
65.51	63.69	7
120.31	121.34	7
240.11	235.59	7
513.76	460.11	7
914.92	905.1	7
1409.39	1364.83	7
1865.25	1755.93	7
2230.64	2203.36	7
2927.5	2630.17	7
3232.5	3086.87	7
3600.74	3530.34	7
3960.68	4014.35	7
1.19	1.18	8
1.21	1.25	8
1.41	1.21	8
1.54	1.33	8
1.66	1.8	8
1.97	2.23	8
2.62	2.61	8
3.16	3.09	8
4.28	4.67	8
9.26	7.11	8
12.57	12.45	8
41.57	22.85	8
61.73	43.47	8
156.29	83.85	8
235.12	163.96	8
470.31	326.29	8
646.34	645.7	8
1804.07	1256.52	8
1865.09	1868.35	8
3568.07	2476.43	8
3088.82	3111.67	8
5361.28	3717.23	8
4345.72	4342.47	8
4944.58	4936.19	8
5564.0	5552.71	8
1.21	1.2	8
1.41	1.85	8
1.35	1.5	8
1.49	1.31	8
1.66	1.6	8
2.02	1.76	8
2.07	1.98	8
2.39	2.49	8
3.23	3.26	8
4.69	4.55	8
6.93	6.81	8
12.43	12.26	8
20.93	22.09	8
39.41	42.03	8
76.49	78.84	8
143.09	153.26	8
291.0	291.76	8
527.78	557.93	8
814.94	830.31	8
1104.55	1069.96	8
1330.59	1421.33	8
1653.01	1612.7	8
1911.8	1960.53	8
2143.84	2212.82	8
2260.26	2478.61	8
1.18	1.27	8
1.22	1.33	8
1.28	1.33	8
1.41	1.5	8
1.5	1.74	8
1.96	2.25	8
2.51	2.85	8
3.07	2.95	8
6.31	5.19	8
7.0	7.04	8
12.61	12.82	8
22.9	22.66	8
61.04	43.76	8
84.75	85.54	8
233.74	164.8	8
466.44	327.83	8
933.55	650.52	8
1823.78	1265.69	8
1877.76	1884.54	8
2501.12	2511.04	8
3125.79	3108.25	8
3737.71	3737.82	8
4352.21	4359.85	8
7072.1	4993.77	8
10509.14	5587.91	8
0.91	1.21	8
1.16	1.15	8
1.25	1.2	8
1.43	1.81	8
1.55	1.55	8
2.01	1.84	8
1.96	2.25	8
2.57	2.68	8
3.21	3.21	8
4.42	4.54	8
6.68	6.47	8
10.88	10.76	8
20.66	18.65	8
36.44	36.48	8
66.58	64.6	8
124.63	124.07	8
257.49	235.77	8
449.87	453.85	8
692.62	664.42	8
909.89	898.73	8
1149.85	1086.64	8
1388.16	1342.72	8
1620.91	1538.4	8
1869.67	1731.28	8
2065.03	1970.89	8
1.19	1.18	9
1.44	1.22	9
1.67	1.71	9
2.21	2.12	9
2.36	2.12	9
2.9	2.5	9
3.15	3.13	9
3.97	3.72	9
4.93	4.45	9
7.3	7.24	9
11.87	11.87	9
21.32	21.57	9
37.5	37.54	9
72.15	72.39	9
139.66	137.51	9
264.28	259.88	9
509.9	510.39	9
763.07	763.56	9
989.63	1006.64	9
1242.22	1251.1	9
1512.26	1463.44	9
1708.09	1706.36	9
1964.52	1959.1	9
2206.1	2206.15	9
1.24	0.93	9
1.36	1.18	9
1.61	1.63	9
1.83	1.8	9
2.63	2.33	9
2.58	2.59	9
3.29	3.3	9
4.43	4.37	9
6.89	6.69	9
10.98	11.71	9
20.92	20.83	9
39.86	38.98	9
75.43	75.78	9
145.07	148.02	9
295.46	289.47	9
567.85	572.22	9
1126.59	1117.83	9
1665.34	1653.43	9
2197.36	2166.13	9
2750.8	2731.62	9
3248.07	3262.39	9
3817.95	3832.26	9
4355.87	4302.49	9
4850.64	4873.74	9
1.26	1.37	9
1.5	1.31	9
1.68	1.66	9
2.14	2.29	9
2.55	2.69	9
2.94	2.76	9
2.98	3.27	9
3.9	3.95	9
4.87	5.09	9
7.0	7.1	9
11.58	11.0	9
19.09	18.73	9
35.0	34.04	9
63.56	63.27	9
118.76	113.88	9
227.2	227.73	9
432.13	443.29	9
644.96	632.42	9
836.65	856.96	9
1057.96	1020.54	9
1252.91	1241.5	9
1460.71	1415.07	9
1685.01	1643.53	9
1875.53	1853.76	9
1.23	0.99	9
1.25	1.28	9
1.88	1.57	9
2.06	2.08	9
2.65	2.64	9
3.7	2.97	9
3.43	3.17	9
4.66	4.63	9
6.29	6.71	9
10.9	10.84	9
19.64	19.22	9
35.64	35.35	9
67.33	67.92	9
132.77	130.58	9
255.48	257.62	9
512.29	509.33	9
978.87	981.43	9
1485.4	1486.65	9
1930.32	1950.99	9
2437.39	2415.33	9
2907.43	2891.55	9
3344.1	3344.82	9
3799.87	3800.63	9
4279.87	4310.63	9
1.15	1.15	10
1.4	1.14	10
1.69	2.42	10
1.86	1.74	10
3.17	2.34	10
2.89	2.48	10
3.24	3.43	10
4.11	4.76	10
6.51	6.42	10
11.0	10.95	10
19.11	19.12	10
36.86	36.47	10
69.43	70.11	10
133.82	135.21	10
265.6	262.98	10
522.37	525.72	10
1013.3	1012.93	10
1511.53	1517.76	10
2004.45	1988.03	10
2491.36	2467.39	10
2974.34	2984.7	10
3479.55	3485.8	10
3990.22	3969.96	10
4422.42	4480.25	10
1.24	1.23	10
1.2	1.32	10
1.56	1.74	10
2.2	1.99	10
2.25	2.29	10
2.82	2.47	10
2.76	3.07	10
4.21	3.47	10
5.48	5.55	10
8.36	8.24	10
14.34	14.29	10
26.03	25.77	10
48.45	47.9	10
92.24	92.94	10
180.96	178.83	10
355.34	363.64	10
692.33	689.45	10
1041.7	1036.31	10
1354.85	1371.53	10
1691.73	1690.14	10
2025.09	2030.47	10
2358.12	2366.88	10
2711.11	2714.94	10
3084.9	3068.74	10
1.12	1.84	10
1.85	1.95	10
1.61	1.57	10
2.25	1.9	10
2.57	2.5	10
3.28	2.89	10
3.0	2.95	10
4.71	4.4	10
6.77	6.12	10
10.13	9.9	10
18.27	17.77	10
34.28	33.53	10
64.42	62.67	10
120.17	122.7	10
237.79	235.38	10
470.48	463.46	10
902.35	909.16	10
1340.0	1341.87	10
1780.3	1777.06	10
2191.79	2213.49	10
2652.85	2633.2	10
3066.71	3083.6	10
3466.97	3556.95	10
3942.1	3952.25	10
1.18	1.24	10
1.33	1.23	10
1.67	1.8	10
2.09	2.23	10
2.61	2.65	10
3.01	2.91	10
3.47	3.2	10
4.05	3.89	10
5.53	5.63	10
8.4	8.11	10
13.12	13.16	10
23.66	23.58	10
43.32	45.65	10
85.1	84.62	10
166.96	165.33	10
329.13	326.95	10
628.76	627.57	10
939.65	931.4	10
1239.31	1236.93	10
1543.43	1549.26	10
1837.0	1846.3	10
2294.3	2146.24	10
2454.67	2448.29	10
2771.28	2754.85	10
1.15	1.81	11
2.81	1.28	11
1.68	1.62	11
2.24	2.24	11
2.4	2.1	11
2.86	2.41	11
3.29	3.19	11
3.86	4.12	11
5.46	5.34	11
8.32	7.81	11
13.96	14.38	11
25.67	25.68	11
49.24	48.31	11
94.02	92.01	11
181.82	182.41	11
360.64	361.8	11
698.02	683.81	11
1028.2	1027.15	11
1362.54	1348.65	11
1726.21	1716.22	11
2036.03	2045.96	11
2407.58	2399.16	11
2726.66	2733.15	11
3053.96	3107.59	11
1.25	1.18	11
1.27	1.23	11
1.74	1.67	11
2.1	1.99	11
2.28	2.65	11
2.58	2.5	11
3.21	3.19	11
4.34	4.68	11
6.47	6.89	11
11.38	10.69	11
19.7	19.82	11
37.62	36.65	11
69.76	69.58	11
136.38	135.51	11
266.03	266.65	11
524.45	526.17	11
1026.4	1012.83	11
1517.73	1493.86	11
2003.8	2003.66	11
2515.6	2483.57	11
2990.35	2950.72	11
3474.04	3480.73	11
3963.76	4001.83	11
4430.4	4477.65	11
1.08	1.03	11
1.66	1.37	11
1.83	1.72	11
2.08	2.08	11
2.53	2.68	11
3.12	3.1	11
4.1	3.17	11
3.82	4.05	11
5.13	5.0	11
7.85	7.86	11
13.21	13.5	11
24.06	23.38	11
44.72	44.48	11
85.53	85.38	11
164.84	166.6	11
329.96	325.59	11
632.91	636.18	11
941.19	939.41	11
1255.2	1248.39	11
1562.36	1554.96	11
1881.37	1873.85	11
2194.64	2193.34	11
2499.14	2489.42	11
2809.09	2815.37	11
1.27	1.09	11
1.46	1.24	11
1.68	1.43	11
2.28	2.06	11
2.55	2.48	11
3.14	2.78	11
3.62	3.55	11
4.35	4.47	11
6.6	6.0	11
10.07	10.68	11
18.83	18.36	11
32.91	32.88	11
62.68	64.77	11
122.49	122.58	11
234.65	239.79	11
476.98	468.92	11
907.9	907.53	11
1338.34	1332.92	11
1792.22	1765.12	11
2228.49	2194.03	11
2640.65	2655.9	11
3050.06	3048.39	11
3504.71	3523.17	11
3973.22	3976.94	11
1.26	1.11	12
1.3	1.24	12
2.11	1.52	12
1.91	1.96	12
2.19	2.12	12
2.96	2.72	12
4.3	3.21	12
4.47	4.41	12
6.83	6.92	12
11.23	11.24	12
20.61	21.09	12
39.11	39.22	12
75.38	75.12	12
147.67	147.62	12
285.13	288.24	12
574.22	573.01	12
1108.61	1108.09	12
1647.56	1643.67	12
2193.14	2186.26	12
2722.09	2742.11	12
3282.92	3249.77	12
3825.19	3811.78	12
4343.24	4344.89	12
4926.18	4933.08	12
1.32	1.14	12
1.47	1.33	12
1.55	1.66	12
2.38	1.81	12
2.15	2.25	12
2.65	2.45	12
2.73	2.96	12
3.77	4.02	12
4.95	5.24	12
7.6	7.91	12
12.39	12.09	12
21.0	20.84	12
38.37	38.29	12
72.01	71.56	12
136.18	136.18	12
268.1	272.95	12
520.49	510.84	12
763.89	744.35	12
982.78	1006.35	12
1237.16	1244.36	12
1488.15	1471.57	12
1771.1	1752.14	12
2015.27	1982.2	12
2214.21	2224.05	12
1.12	1.1	12
1.98	1.47	12
1.64	1.48	12
2.11	2.12	12
2.86	2.85	12
2.97	2.69	12
3.04	3.49	12
4.21	4.19	12
6.44	6.31	12
11.32	11.26	12
19.56	18.76	12
34.92	35.35	12
66.33	67.68	12
131.58	127.67	12
260.27	258.84	12
512.09	508.83	12
986.25	974.33	12
1451.48	1454.99	12
1940.72	1943.42	12
2413.22	2416.36	12
2873.91	2867.61	12
3351.54	3328.12	12
3802.2	3834.85	12
4303.78	4323.26	12
1.14	1.14	12
1.3	1.2	12
1.8	1.51	12
2.0	2.06	12
2.48	2.75	12
2.7	3.18	12
3.27	2.87	12
3.57	3.78	12
4.78	4.67	12
7.26	6.97	12
11.23	11.17	12
18.44	19.54	12
35.35	34.15	12
63.46	63.88	12
124.36	120.63	12
235.14	232.55	12
437.73	468.4	12
687.35	650.11	12
866.8	887.88	12
1064.44	1072.92	12
1358.79	1328.14	12
1494.14	1496.54	12
1684.61	1764.34	12
1997.11	1911.18	12
0.9	0.83	13
1.0	0.97	13
1.35	1.16	13
1.53	1.63	13
1.82	1.58	13
2.01	1.97	13
2.3	2.56	13
2.2	2.23	13
2.19	2.33	13
2.64	2.92	13
3.13	2.82	13
3.45	3.59	13
4.4	4.86	13
5.65	6.25	13
9.47	10.34	13
16.15	16.07	13
29.9	29.47	13
55.58	69.1	13
117.71	104.65	13
202.97	202.3	13
397.23	397.69	13
767.69	776.68	13
1116.64	1138.52	13
1502.92	1750.73	13
2117.6	1890.98	13
2230.75	2229.98	13
2981.95	2592.54	13
2939.82	3034.95	13
3341.86	3294.29	13
0.84	0.83	13
1.09	1.06	13
1.17	1.26	13
1.6	1.46	13
1.82	1.78	13
2.15	2.07	13
2.17	2.0	13
2.35	2.15	13
2.58	2.33	13
2.8	2.77	13
3.23	3.71	13
5.11	5.22	13
8.34	8.94	13
13.61	13.65	13
28.27	29.1	13
54.48	54.81	13
105.49	106.23	13
205.41	207.23	13
354.21	410.51	13
811.78	712.15	13
1415.57	1405.21	13
2746.94	3169.77	13
4734.65	4721.46	13
6266.71	6293.82	13
7837.42	7848.61	13
9333.76	8068.76	13
10959.7	11001.69	13
12381.74	10815.33	13
13974.54	13990.28	13
0.98	0.86	13
1.05	1.08	13
1.23	1.13	13
1.62	1.55	13
1.79	1.9	13
2.03	1.96	13
2.39	2.05	13
2.31	2.19	13
2.32	2.47	13
2.91	2.81	13
3.03	3.0	13
3.2	3.7	13
4.58	5.31	13
5.94	7.7	13
10.2	11.26	13
16.35	17.73	13
29.61	30.88	13
55.33	62.51	13
104.81	105.88	13
200.02	204.88	13
454.09	407.4	13
768.15	773.45	13
1148.58	1143.12	13
1497.43	1710.26	13
1878.8	1852.19	13
2550.0	2262.82	13
2598.34	2637.37	13
2956.1	2972.7	13
3813.11	3330.0	13
0.96	0.86	13
1.02	1.01	13
1.16	1.04	13
1.53	1.57	13
1.94	1.84	13
1.77	2.49	13
2.14	1.85	13
2.22	2.35	13
2.72	2.27	13
3.23	3.04	13
3.65	3.97	13
5.38	5.96	13
8.5	9.27	13
13.42	16.3	13
27.71	28.66	13
54.07	54.82	13
104.75	107.97	13
208.33	209.23	13
411.89	353.46	13
704.05	825.82	13
1398.96	1188.4	13
3183.47	2746.8	13
4726.21	4070.98	13
6307.18	6289.91	13
7826.22	7824.08	13
9390.46	9372.2	13
10935.15	10909.54	13
12498.19	10790.8	13
14103.97	14024.61	13
0.86	1.02	14
1.05	1.11	14
1.32	1.32	14
1.42	2.28	14
1.72	1.79	14
2.13	1.98	14
2.14	2.21	14
2.36	2.38	14
2.21	2.41	14
2.54	2.57	14
2.84	3.14	14
3.74	4.05	14
4.94	5.29	14
8.6	8.05	14
13.65	14.01	14
25.02	24.77	14
48.68	50.26	14
101.75	89.35	14
173.37	173.91	14
363.56	344.41	14
666.98	672.93	14
1320.34	1303.9	14
1932.55	1950.4	14
2554.61	2569.53	14
3243.68	3203.22	14
3809.41	3827.07	14
4457.31	4468.76	14
5111.53	5093.88	14
5795.78	5756.13	14
1.01	0.98	14
1.71	1.03	14
1.29	1.31	14
1.59	1.59	14
1.73	1.91	14
1.88	1.91	14
1.96	2.31	14
2.34	2.41	14
2.25	2.42	14
2.88	3.06	14
3.38	3.7	14
5.12	5.35	14
8.16	8.42	14
11.61	13.85	14
24.27	24.81	14
34.6	47.19	14
93.02	92.57	14
153.13	180.91	14
355.62	358.06	14
708.01	605.58	14
1410.57	1413.85	14
2751.34	1947.18	14
4096.72	3502.03	14
4621.22	5428.18	14
6782.73	6766.87	14
8144.7	8123.17	14
9467.0	9462.32	14
10751.35	9222.38	14
12101.82	12163.99	14
0.92	0.97	14
1.05	1.16	14
1.16	1.38	14
1.56	1.53	14
1.86	1.76	14
2.17	2.06	14
2.13	2.49	14
2.36	2.41	14
2.47	2.46	14
2.64	2.92	14
3.06	3.04	14
3.85	4.09	14
5.27	6.08	14
8.53	9.46	14
13.19	15.28	14
24.05	26.49	14
47.78	47.78	14
90.58	92.53	14
172.98	174.16	14
339.45	343.16	14
670.94	665.16	14
1313.16	1378.59	14
1938.12	1928.46	14
2902.64	2602.14	14
3202.28	3209.01	14
3853.37	4054.61	14
4460.87	4496.01	14
5099.29	5119.73	14
5772.63	5751.15	14
0.82	0.88	14
1.01	1.1	14
1.14	1.33	14
1.51	1.67	14
1.78	1.76	14
2.04	2.02	14
2.1	2.24	14
2.19	2.37	14
2.28	2.39	14
2.75	2.99	14
3.41	3.96	14
4.98	5.47	14
8.42	8.74	14
13.23	14.76	14
24.86	26.05	14
46.41	48.39	14
91.42	81.41	14
181.2	179.77	14
307.72	355.57	14
613.77	612.01	14
1224.17	1221.23	14
2750.8	2361.15	14
3519.84	4100.36	14
5438.31	5446.98	14
6803.71	6798.31	14
8115.52	7002.1	14
9448.93	9485.61	14
10841.73	10784.31	14
12157.25	12153.21	14
1.09	0.95	15
1.05	1.06	15
1.22	1.15	15
1.62	2.23	15
1.86	1.8	15
1.9	2.03	15
2.69	2.29	15
2.16	2.19	15
2.64	2.7	15
2.82	2.8	15
3.35	3.57	15
5.03	4.86	15
7.83	7.86	15
13.47	12.01	15
24.61	25.08	15
47.44	47.46	15
91.6	52.32	15
177.74	153.76	15
306.99	306.82	15
602.12	711.37	15
1206.96	1415.83	15
2751.11	2769.55	15
4093.0	4099.55	15
4629.76	5457.73	15
5804.78	4806.42	15
8080.28	8131.87	15
8070.61	8070.59	15
10783.87	9239.73	15
12135.87	8567.1	15
0.89	0.96	15
0.93	0.98	15
1.22	1.29	15
1.4	1.58	15
2.0	1.85	15
1.93	2.19	15
2.16	1.96	15
2.01	2.21	15
2.32	2.32	15
2.73	2.73	15
3.11	3.99	15
4.21	4.14	15
5.31	5.01	15
8.57	8.29	15
13.84	13.52	15
24.25	24.42	15
52.88	46.68	15
90.42	90.73	15
188.52	179.67	15
349.95	377.13	15
688.93	686.52	15
1337.59	1334.42	15
2005.27	1989.04	15
2639.76	2651.2	15
3271.26	3282.41	15
4183.64	3937.73	15
4599.43	4597.67	15
5210.8	5233.45	15
5979.99	5871.19	15
0.93	0.97	15
1.1	1.08	15
1.25	1.27	15
1.67	1.57	15
1.74	1.85	15
1.85	2.17	15
2.25	2.12	15
2.24	2.38	15
3.17	3.49	15
3.15	2.94	15
3.76	3.76	15
5.11	5.42	15
7.29	8.48	15
14.07	15.07	15
24.72	25.56	15
47.58	41.93	15
78.67	91.32	15
180.44	181.29	15
354.68	307.69	15
708.71	514.26	15
1214.05	1016.06	15
2757.87	2754.99	15
4095.04	4095.95	15
5463.3	5443.1	15
5844.31	6777.18	15
8118.01	8123.99	15
8138.83	8149.46	15
10813.46	10860.62	15
12210.87	12174.19	15
1.0	1.04	15
1.06	1.0	15
1.21	1.18	15
1.66	1.58	15
1.96	1.82	15
1.7	2.14	15
1.82	2.42	15
2.05	2.36	15
2.3	2.43	15
2.53	2.7	15
3.12	3.08	15
3.9	3.82	15
4.9	6.06	15
8.3	9.43	15
14.15	15.54	15
25.15	27.02	15
45.94	46.79	15
89.54	89.67	15
183.33	185.1	15
344.61	342.45	15
716.3	672.68	15
1333.22	1321.38	15
2057.77	1958.14	15
2591.69	2557.56	15
3386.41	3177.96	15
3822.82	3806.14	15
4515.06	4499.93	15
5098.48	5127.82	15
5756.66	5769.74	15
1.14	0.92	16
1.01	1.78	16
1.15	1.27	16
1.59	1.55	16
1.67	1.71	16
1.81	2.0	16
1.95	2.12	16
2.23	2.35	16
2.7	2.38	16
2.98	3.17	16
3.71	3.63	16
5.18	5.38	16
8.68	8.16	16
15.46	15.54	16
28.52	27.84	16
46.11	54.29	16
105.61	105.98	16
178.59	208.65	16
411.11	357.15	16
820.43	826.54	16
1639.62	1416.74	16
3417.28	3612.39	16
4754.43	4741.64	16
4594.8	5465.35	16
6835.95	6823.24	16
9418.96	8165.22	16
10981.03	9497.49	16
12660.35	12549.01	16
14080.31	14188.95	16
1.38	0.92	16
1.05	0.96	16
1.1	1.15	16
1.37	1.5	16
1.69	2.08	16
1.92	1.76	16
2.34	2.06	16
2.04	2.02	16
2.29	2.18	16
2.49	2.34	16
2.87	3.02	16
3.17	3.27	16
4.68	4.62	16
6.17	6.59	16
9.29	9.95	16
16.22	16.35	16
28.97	29.73	16
61.22	54.74	16
103.04	105.41	16
258.62	203.68	16
399.4	392.93	16
756.55	895.45	16
1145.5	1484.62	16
1507.85	1508.55	16
2152.76	2172.6	16
2216.83	2559.5	16
2974.32	2566.59	16
2938.94	2955.29	16
3417.78	3348.82	16
0.88	0.89	16
0.95	0.95	16
1.11	1.73	16
1.39	1.53	16
1.6	1.57	16
1.84	1.95	16
2.15	2.13	16
2.19	2.57	16
2.63	2.37	16
2.61	3.06	16
3.96	3.59	16
5.45	5.73	16
8.25	9.12	16
13.16	15.73	16
23.99	25.8	16
54.13	55.27	16
77.47	106.95	16
179.94	209.68	16
412.78	415.36	16
819.0	816.55	16
1636.96	1635.24	16
3189.55	3189.85	16
4743.8	4723.28	16
5417.09	6251.97	16
6741.59	7817.64	16
9357.09	9442.85	16
9417.2	10979.14	16
12402.64	12448.86	16
13992.16	14037.07	16
1.14	0.92	16
0.92	1.12	16
1.16	1.24	16
1.38	1.73	16
1.64	1.86	16
2.01	1.98	16
1.81	2.16	16
2.88	2.08	16
2.63	2.39	16
2.67	2.71	16
3.14	3.0	16
3.49	3.9	16
4.69	5.74	16
5.95	7.81	16
9.84	11.27	16
16.62	18.71	16
32.66	31.01	16
60.77	62.83	16
104.29	105.19	16
201.5	230.35	16
391.76	454.08	16
773.62	762.12	16
1141.81	1136.02	16
1729.29	1713.1	16
1926.48	2133.34	16
2255.4	2196.07	16
2612.26	2605.61	16
2983.92	3022.57	16
3372.61	3304.24	16
1.16	1.18	17
1.5	1.62	17
2.33	2.26	17
4.18	3.55	17
5.32	5.32	17
8.95	7.61	17
9.23	7.64	17
9.11	10.87	17
10.51	10.03	17
13.24	12.71	17
13.56	14.58	17
20.9	18.9	17
25.41	26.93	17
40.82	41.87	17
75.25	74.28	17
128.14	131.96	17
248.95	249.46	17
483.91	477.38	17
940.52	938.74	17
1806.28	1779.42	17
2683.89	2693.05	17
3634.3	3563.13	17
4533.76	4504.25	17
5367.35	5332.87	17
6221.91	6224.23	17
7086.63	7037.22	17
8069.51	7997.9	17
1.33	1.22	17
1.64	1.49	17
2.26	2.04	17
3.31	3.32	17
5.6	5.73	17
6.58	9.06	17
9.15	9.26	17
14.68	12.24	17
13.21	15.0	17
17.22	15.42	17
17.58	18.21	17
23.82	17.42	17
37.53	37.29	17
63.25	60.68	17
107.46	111.01	17
205.83	202.35	17
392.93	393.14	17
778.04	775.75	17
1545.48	1539.77	17
2971.38	2988.69	17
4448.08	4439.92	17
5877.43	5886.72	17
7358.92	7349.72	17
8789.24	8855.45	17
10286.54	10295.04	17
11752.16	11713.89	17
13191.49	13160.78	17
1.09	1.29	17
1.52	1.59	17
2.38	2.29	17
3.73	3.58	17
5.53	4.79	17
8.39	7.8	17
10.19	10.1	17
7.48	10.4	17
8.69	10.12	17
12.08	11.77	17
14.39	14.7	17
19.67	16.35	17
25.0	25.49	17
40.56	39.85	17
67.26	68.26	17
120.42	120.24	17
225.31	222.28	17
436.06	433.21	17
856.61	855.81	17
1631.25	1624.21	17
2416.71	2521.83	17
3192.13	3187.13	17
3993.27	4042.48	17
4808.45	4774.83	17
5674.69	5596.99	17
6410.67	6367.68	17
7216.92	7195.17	17
1.13	1.39	17
1.72	1.52	17
2.26	2.17	17
3.25	3.27	17
5.63	5.03	17
8.1	9.04	17
10.22	13.91	17
16.48	16.24	17
17.69	14.83	17
16.02	16.77	17
16.41	18.31	17
18.18	24.12	17
35.93	34.85	17
57.97	54.11	17
104.66	101.18	17
193.08	193.86	17
374.82	371.14	17
731.69	734.19	17
1449.85	1438.28	17
2797.3	2786.0	17
4195.49	4144.05	17
5506.39	5528.88	17
6837.55	6866.74	17
8244.3	8240.67	17
9565.98	9659.44	17
10929.41	10948.76	17
12334.04	12319.11	17
1.39	1.33	18
1.57	1.7	18
2.45	2.27	18
3.76	3.28	18
4.74	6.26	18
7.44	8.35	18
13.67	11.18	18
11.7	14.39	18
13.39	12.24	18
15.61	14.72	18
18.55	16.42	18
27.57	24.47	18
37.16	33.1	18
59.76	57.89	18
96.61	104.18	18
181.07	180.89	18
332.75	348.88	18
680.48	668.1	18
1372.82	1370.87	18
2611.56	2644.55	18
3878.9	3891.9	18
5173.54	5198.58	18
6420.13	6453.28	18
7722.02	7639.84	18
9062.53	8950.56	18
10271.19	10406.62	18
11573.58	11592.53	18
1.37	1.28	18
1.82	1.63	18
2.35	2.39	18
3.47	3.56	18
5.62	4.26	18
8.46	7.73	18
8.05	7.99	18
10.99	10.4	18
7.65	10.41	18
13.76	13.01	18
15.52	14.47	18
20.73	20.82	18
29.17	31.81	18
53.63	51.58	18
94.22	95.16	18
178.2	175.84	18
336.08	335.08	18
653.19	658.31	18
1297.2	1308.29	18
2536.98	2551.99	18
3770.17	3786.78	18
5022.81	5008.21	18
6251.56	6287.23	18
7510.85	7491.06	18
8728.14	8753.92	18
9986.57	9976.71	18
11235.02	11143.39	18
1.36	1.24	18
1.49	1.41	18
2.37	2.14	18
3.36	3.28	18
5.89	5.76	18
7.6	7.46	18
11.78	10.76	18
12.92	11.22	18
10.8	10.59	18
14.63	16.93	18
18.4	18.69	18
21.52	23.16	18
35.69	33.27	18
52.79	53.93	18
97.3	93.38	18
177.93	174.8	18
327.06	327.23	18
648.41	642.49	18
1288.25	1297.57	18
2494.24	2513.05	18
3656.13	3722.62	18
4879.73	4930.6	18
6162.05	6123.75	18
7303.89	7310.53	18
8505.25	8504.97	18
9760.47	9784.0	18
10987.4	10813.06	18
1.35	1.4	18
1.89	2.29	18
2.24	2.44	18
3.65	3.29	18
5.75	5.76	18
7.3	8.57	18
10.16	6.93	18
9.1	11.36	18
13.07	11.26	18
12.12	13.46	18
16.51	14.81	18
20.3	20.29	18
31.19	32.09	18
47.46	50.05	18
88.11	87.16	18
161.58	162.34	18
313.61	310.78	18
610.96	609.05	18
1223.77	1214.92	18
2372.17	2384.94	18
3520.57	3542.86	18
4686.27	4686.43	18
5825.71	5836.13	18
6945.12	6979.98	18
8134.54	8106.95	18
9283.51	9223.33	18
10431.77	10397.97	18
1.28	1.22	19
1.67	1.65	19
2.23	2.26	19
3.87	3.81	19
5.6	5.91	19
8.36	6.3	19
10.25	10.2	19
10.09	12.92	19
11.46	10.05	19
13.53	12.09	19
14.59	14.87	19
20.0	20.04	19
27.46	30.62	19
49.91	50.8	19
87.83	87.88	19
164.63	162.94	19
316.73	310.91	19
617.71	611.13	19
1243.87	1240.27	19
2460.93	2462.39	19
3722.1	3713.15	19
4936.66	4954.59	19
6182.36	6184.51	19
7408.15	7378.9	19
8613.62	8621.01	19
9863.52	9851.6	19
11098.0	11129.08	19
1.41	1.24	19
1.75	1.58	19
2.43	2.39	19
3.47	3.87	19
5.15	6.04	19
9.99	10.57	19
14.15	11.91	19
13.2	11.28	19
14.32	16.33	19
18.06	19.76	19
20.26	15.09	19
25.14	22.16	19
34.63	35.73	19
61.76	59.3	19
93.65	94.82	19
185.41	175.87	19
346.64	337.08	19
667.53	669.56	19
1346.14	1332.34	19
2595.38	2626.0	19
3871.72	3902.32	19
5146.95	5161.34	19
6392.89	6359.76	19
7702.39	7765.08	19
8992.07	8975.08	19
10256.14	10168.79	19
11448.73	11562.93	19
1.4	1.15	19
1.65	1.66	19
2.4	2.28	19
3.52	3.73	19
4.85	4.91	19
8.49	8.38	19
8.44	9.76	19
9.72	10.73	19
11.12	11.82	19
13.93	12.94	19
14.03	12.81	19
21.04	19.75	19
30.96	28.31	19
47.9	48.96	19
87.78	89.29	19
167.85	164.07	19
318.32	316.25	19
617.48	615.53	19
1223.94	1229.8	19
2368.28	2365.76	19
3504.95	3506.17	19
4648.37	4643.31	19
5767.97	5787.4	19
6905.53	6943.11	19
8084.84	8052.35	19
9177.83	9244.86	19
10331.32	10356.24	19
1.37	1.11	19
1.54	1.61	19
2.46	2.26	19
3.55	3.5	19
5.86	5.38	19
9.1	9.25	19
11.52	13.03	19
11.86	11.14	19
11.67	13.01	19
14.05	15.61	19
19.24	19.06	19
25.45	23.26	19
32.94	36.19	19
53.08	54.8	19
94.47	96.51	19
175.78	177.99	19
329.83	330.34	19
651.53	653.44	19
1264.79	1296.96	19
2502.01	2508.63	19
3686.64	3657.9	19
4872.62	4868.73	19
6052.71	6119.68	19
7189.16	7310.21	19
8528.97	8458.61	19
9662.04	9759.03	19
10845.25	10851.06	19
1.41	1.22	20
1.74	1.77	20
2.44	2.35	20
3.52	3.88	20
6.23	6.19	20
8.3	9.69	20
12.06	14.77	20
12.74	12.94	20
14.95	14.63	20
18.72	16.89	20
17.43	20.93	20
28.07	28.26	20
41.81	36.02	20
63.76	62.66	20
107.17	112.08	20
204.99	203.47	20
395.95	394.32	20
767.54	773.42	20
1519.85	1525.13	20
3009.65	3006.48	20
4510.57	4479.25	20
5955.47	5950.72	20
7417.45	7415.18	20
8902.65	8920.94	20
10378.66	10320.05	20
11817.35	11879.07	20
13283.07	13303.1	20
1.51	1.37	20
1.69	1.8	20
2.34	2.16	20
3.44	3.66	20
5.18	4.78	20
8.29	7.04	20
11.26	11.16	20
12.55	9.5	20
8.45	8.62	20
13.61	12.39	20
14.97	14.6	20
19.62	18.95	20
27.95	26.37	20
43.58	42.86	20
72.88	72.28	20
138.74	132.94	20
257.25	251.11	20
486.99	488.71	20
954.98	958.66	20
1842.64	1826.76	20
2709.31	2683.53	20
3587.89	3647.84	20
4489.31	4486.42	20
5364.69	5395.06	20
6332.74	6320.8	20
7174.49	7233.92	20
7972.16	7987.57	20
1.36	1.19	20
1.73	1.53	20
2.33	2.24	20
3.57	3.38	20
5.99	4.77	20
7.51	8.46	20
13.61	11.59	20
14.85	11.56	20
13.33	12.47	20
17.17	15.45	20
19.61	20.27	20
20.38	23.58	20
32.98	29.57	20
55.29	59.64	20
100.09	101.95	20
192.4	190.68	20
370.16	372.62	20
729.9	724.14	20
1456.38	1454.03	20
2838.5	2841.11	20
4235.01	4185.95	20
5558.94	5572.03	20
6920.59	6913.64	20
8273.47	8512.11	20
9638.39	9613.57	20
10995.26	11017.79	20
12390.58	12407.16	20
1.48	1.16	20
1.69	1.63	20
2.57	2.33	20
3.8	3.68	20
6.33	5.63	20
8.01	7.12	20
8.64	8.43	20
10.49	9.95	20
9.19	12.23	20
12.48	12.99	20
14.08	11.89	20
18.69	17.43	20
23.95	23.58	20
41.06	39.94	20
66.92	68.13	20
120.23	120.17	20
225.56	223.53	20
429.47	433.28	20
850.78	847.26	20
1653.69	1651.57	20
2434.01	2459.87	20
3228.25	3259.03	20
4078.03	4047.78	20
4770.66	4836.83	20
5660.35	5653.54	20
6396.5	6451.33	20
7264.7	7191.89	20
1.05	1.0	21
1.1	1.17	21
1.46	1.42	21
1.99	2.11	21
3.25	2.65	21
4.15	4.96	21
6.54	8.89	21
9.33	7.15	21
6.57	10.93	21
16.01	14.3	21
18.34	19.25	21
32.73	29.56	21
49.43	51.41	21
75.41	77.11	21
109.87	106.82	21
149.19	157.28	21
225.06	241.55	21
368.87	367.02	21
676.31	668.02	21
1246.3	1231.04	21
1781.07	1796.44	21
2360.55	2358.0	21
2903.62	2858.91	21
3456.57	3438.73	21
3995.54	3946.17	21
4589.36	4593.64	21
5117.53	5017.58	21
0.91	0.93	21
1.22	1.0	21
1.38	1.33	21
1.94	1.86	21
2.92	2.89	21
4.06	4.8	21
7.78	4.09	21
8.15	8.69	21
8.03	8.11	21
13.84	14.76	21
21.51	22.71	21
32.48	33.71	21
54.23	54.61	21
85.15	84.4	21
130.77	127.22	21
194.33	190.03	21
289.46	295.39	21
487.31	493.16	21
961.81	917.16	21
1735.52	1727.4	21
2509.18	2475.5	21
3320.74	3254.68	21
4077.39	4022.71	21
4832.47	4843.59	21
5593.3	5648.86	21
6421.18	6464.17	21
7175.6	7191.03	21
1.19	1.06	21
1.29	1.12	21
1.51	1.56	21
2.13	2.04	21
3.17	3.17	21
3.64	4.98	21
8.96	7.26	21
5.94	10.9	21
10.61	12.88	21
11.9	12.97	21
22.62	18.01	21
28.85	34.35	21
43.53	51.94	21
73.02	73.58	21
109.11	105.19	21
144.84	144.3	21
205.66	211.32	21
342.22	337.56	21
599.81	595.63	21
1125.26	1094.83	21
1637.97	1600.91	21
2094.34	2137.28	21
2588.26	2607.3	21
3061.37	3113.31	21
3642.67	3573.1	21
4069.83	4031.51	21
4546.33	4610.26	21
0.93	0.92	21
1.22	1.28	21
1.4	1.52	21
1.85	1.8	21
2.86	2.73	21
5.31	4.97	21
6.66	8.11	21
11.56	7.22	21
8.85	12.57	21
16.12	12.56	21
21.31	19.33	21
33.42	34.02	21
50.07	57.16	21
88.38	79.97	21
122.66	116.15	21
179.22	178.55	21
272.12	281.93	21
502.05	480.36	21
896.32	868.83	21
1615.72	1570.73	21
2355.77	2312.58	21
3075.49	3024.19	21
3767.18	3730.48	21
4534.58	4486.58	21
5245.8	5206.31	21
5883.35	5894.99	21
6677.15	6596.38	21
1.12	1.02	22
1.09	1.16	22
1.39	1.34	22
1.91	1.89	22
2.49	2.83	22
4.95	4.3	22
7.12	7.88	22
5.64	11.4	22
11.88	11.22	22
16.46	14.41	22
22.23	19.86	22
36.44	32.54	22
56.04	52.87	22
86.03	86.38	22
125.43	133.8	22
185.1	187.22	22
284.8	286.22	22
488.38	503.94	22
908.34	904.31	22
1696.12	1678.38	22
2458.83	2447.01	22
3305.83	3216.2	22
4092.3	4047.84	22
4795.71	4816.27	22
5581.76	5620.1	22
6427.83	6421.99	22
7163.33	7124.91	22
1.05	0.94	22
1.14	1.18	22
1.54	1.51	22
1.91	2.03	22
3.0	2.77	22
4.49	4.15	22
8.93	7.05	22
7.98	8.86	22
8.81	10.51	22
11.06	12.02	22
18.77	17.52	22
33.34	29.47	22
49.26	50.12	22
76.92	77.02	22
108.4	107.48	22
151.65	158.81	22
229.75	226.6	22
388.29	382.84	22
673.91	673.17	22
1232.08	1250.34	22
1798.57	1803.49	22
2362.52	2322.4	22
2907.14	2906.0	22
3469.62	3471.41	22
4072.93	4038.78	22
4579.98	4479.2	22
5147.15	5098.48	22
0.98	0.95	22
1.11	1.91	22
1.41	1.53	22
1.9	1.96	22
2.76	2.92	22
4.97	4.9	22
7.04	8.72	22
8.61	11.21	22
10.44	11.0	22
15.65	12.83	22
22.1	18.83	22
30.67	34.5	22
51.54	51.34	22
84.32	81.29	22
121.68	119.98	22
173.55	174.54	22
275.86	273.37	22
457.99	464.45	22
850.47	849.35	22
1569.01	1586.57	22
2322.65	2287.06	22
3001.15	2987.37	22
3748.96	3746.61	22
4431.34	4464.23	22
5182.93	5122.28	22
5929.21	5899.03	22
6593.52	6596.91	22
0.92	0.97	22
1.21	1.17	22
1.4	1.73	22
1.99	2.69	22
3.01	2.92	22
4.91	4.5	22
9.39	9.41	22
9.35	8.76	22
14.53	8.64	22
11.32	14.45	22
20.24	21.16	22
31.77	34.2	22
46.5	49.71	22
98.48	101.21	22
109.25	116.32	22
146.23	149.28	22
215.41	214.48	22
361.24	358.82	22
632.84	624.67	22
1159.61	1125.79	22
1642.36	1618.19	22
2162.8	2124.97	22
2643.04	2578.94	22
3088.5	3050.72	22
3641.15	3579.69	22
4127.87	4144.91	22
4587.18	4567.42	22
1.15	0.94	23
1.3	1.09	23
1.39	1.33	23
2.01	2.04	23
3.01	3.43	23
5.59	5.09	23
9.24	8.26	23
8.63	9.38	23
10.52	8.22	23
15.85	12.73	23
18.54	19.37	23
34.24	26.25	23
47.13	48.44	23
74.15	79.3	23
110.37	110.35	23
159.05	160.53	23
236.68	228.54	23
374.2	372.22	23
683.43	666.8	23
1227.29	1223.36	23
1791.97	1794.39	23
2337.88	2341.06	23
2895.62	2891.42	23
3467.5	3467.63	23
4023.22	3991.22	23
4580.35	4588.11	23
5219.55	5045.08	23
1.04	1.06	23
1.18	1.11	23
1.49	1.33	23
2.07	1.89	23
2.93	2.68	23
4.03	4.66	23
7.16	6.55	23
9.79	8.27	23
11.48	9.91	23
12.72	12.5	23
22.3	22.37	23
32.77	32.55	23
51.6	50.88	23
87.3	88.67	23
130.91	131.77	23
180.29	189.33	23
296.52	292.58	23
507.02	513.84	23
929.75	906.22	23
1683.92	1698.15	23
2473.52	2454.76	23
3267.35	3293.03	23
4052.11	4077.45	23
4779.87	4813.66	23
5610.33	5643.18	23
6421.58	6376.99	23
7170.26	7234.06	23
1.05	0.93	23
1.29	1.71	23
1.42	1.34	23
2.63	1.92	23
3.08	3.07	23
5.02	4.06	23
6.7	5.56	23
10.61	13.47	23
9.11	10.18	23
15.66	15.22	23
21.37	15.36	23
32.09	30.26	23
46.89	46.86	23
68.81	77.52	23
101.74	104.04	23
148.55	144.2	23
224.02	214.24	23
356.85	357.82	23
627.42	629.72	23
1119.51	1126.54	23
1624.22	1643.24	23
2094.61	2105.07	23
2601.14	2618.43	23
3146.2	3121.23	23
3634.16	3632.97	23
4144.48	4049.68	23
4609.35	4546.18	23
1.1	0.96	23
1.12	1.16	23
1.48	1.29	23
1.9	1.86	23
2.79	2.8	23
4.46	4.67	23
5.36	6.45	23
12.45	5.68	23
9.7	12.4	23
12.72	14.76	23
16.64	23.28	23
32.79	33.7	23
55.87	47.1	23
84.0	85.2	23
121.71	123.94	23
174.24	178.41	23
275.78	272.71	23
466.45	468.02	23
847.84	851.13	23
1554.8	1564.95	23
2270.28	2293.92	23
3027.98	3044.65	23
3756.67	3756.68	23
4448.46	4480.57	23
5160.41	5247.59	23
5956.32	5970.3	23
6615.15	6621.16	23
0.9	0.98	24
1.14	1.08	24
1.36	1.33	24
1.74	1.93	24
2.7	2.66	24
4.84	4.06	24
8.24	6.06	24
8.98	6.92	24
9.94	10.54	24
12.75	15.01	24
21.28	16.87	24
31.72	33.16	24
54.73	50.16	24
81.09	83.71	24
125.08	130.17	24
181.38	180.74	24
290.53	280.65	24
509.28	491.48	24
895.05	903.41	24
1695.73	1717.93	24
2490.05	2482.47	24
3293.22	3255.96	24
4006.77	4040.78	24
4880.06	4816.73	24
5635.49	5627.21	24
6443.1	6424.42	24
7218.95	7242.5	24
1.2	0.92	24
1.06	1.09	24
1.44	1.36	24
1.75	1.92	24
2.66	2.86	24
4.73	5.46	24
5.86	6.47	24
8.65	9.43	24
10.11	11.49	24
12.72	14.42	24
18.19	22.89	24
29.27	33.2	24
50.41	45.72	24
73.07	73.74	24
111.8	109.47	24
152.69	149.71	24
223.25	224.66	24
380.33	373.83	24
657.26	671.32	24
1215.59	1221.16	24
1829.44	1779.7	24
2343.32	2328.62	24
2867.01	2929.18	24
3495.3	3466.07	24
3969.63	3992.03	24
4586.94	4505.63	24
5141.28	5168.33	24
0.96	0.9	24
1.13	1.11	24
1.33	1.26	24
1.76	1.8	24
2.83	2.43	24
3.96	4.74	24
7.71	4.93	24
9.56	4.95	24
9.73	11.28	24
14.79	12.51	24
22.09	18.35	24
28.48	30.52	24
50.0	48.97	24
81.59	84.19	24
131.14	127.34	24
187.66	186.71	24
276.43	278.99	24
490.28	480.91	24
877.76	873.74	24
1591.09	1611.03	24
2358.2	2307.34	24
3082.7	3077.48	24
3716.81	3765.7	24
4466.54	4482.75	24
5201.31	5144.96	24
5889.05	5926.36	24
6637.67	6643.07	24
1.01	0.96	24
1.04	1.09	24
1.26	1.21	24
1.91	1.92	24
2.78	2.75	24
4.04	4.44	24
7.02	6.01	24
11.79	6.82	24
10.53	8.81	24
13.54	17.37	24
22.63	21.37	24
30.42	30.73	24
45.78	46.92	24
71.26	73.17	24
106.25	106.27	24
149.54	142.58	24
207.39	212.21	24
353.01	342.65	24
604.11	602.99	24
1099.78	1087.04	24
1568.3	1612.17	24
2110.04	2122.87	24
2642.6	2588.56	24
3057.72	3053.83	24
3549.31	3613.07	24
4029.93	3976.5	24
4565.71	4600.55	24
1.22	1.12	25
1.18	1.2	25
1.2	1.14	25
1.17	1.17	25
1.08	1.26	25
1.43	1.29	25
1.45	1.94	25
1.73	1.54	25
1.65	1.94	25
2.37	2.27	25
3.15	3.26	25
4.49	4.46	25
8.3	7.58	25
12.61	12.65	25
25.93	23.71	25
43.84	44.22	25
85.54	84.65	25
180.79	164.64	25
359.94	317.14	25
619.01	609.13	25
941.04	998.59	25
1251.63	1227.55	25
1690.61	1511.1	25
1833.91	1815.47	25
2083.7	2092.17	25
2410.24	2503.83	25
2790.84	2823.97	25
0.91	1.06	25
1.19	1.18	25
1.12	1.19	25
1.1	1.03	25
1.36	1.11	25
1.27	1.31	25
1.58	1.38	25
1.98	1.89	25
1.91	2.03	25
2.3	2.77	25
3.01	3.88	25
4.67	5.73	25
7.51	8.84	25
12.91	14.83	25
24.73	25.6	25
46.15	46.08	25
84.13	86.15	25
171.19	168.95	25
324.79	319.83	25
617.87	628.41	25
921.13	924.28	25
1226.6	1234.07	25
1596.15	1545.07	25
1810.07	1837.65	25
2147.72	2139.53	25
2433.49	2502.43	25
2815.33	2709.59	25
1.08	0.98	25
1.08	1.08	25
1.08	1.01	25
1.17	1.19	25
1.2	1.23	25
1.23	1.24	25
1.72	1.84	25
1.79	2.04	25
3.33	2.98	25
4.47	4.3	25
7.36	7.97	25
13.57	15.29	25
26.03	21.78	25
50.02	53.31	25
89.55	105.05	25
200.41	179.32	25
392.23	393.11	25
788.91	788.72	25
1561.76	1564.14	25
3021.43	2724.58	25
4017.65	4539.8	25
5372.99	6009.64	25
6726.45	7481.5	25
9002.68	8955.9	25
10481.0	10664.74	25
10708.51	11975.94	25
13400.9	13411.28	25
