1.24	1.01
0.96	1.01
1.12	1.13
1.23	1.12
1.4	1.42
1.56	1.61
1.92	1.76
2.0	2.18
2.81	2.66
3.79	3.68
5.74	5.69
10.02	9.79
17.66	17.86
32.67	31.74
62.14	61.19
118.27	117.68
221.23	229.93
436.26	425.89
633.14	651.36
829.42	864.18
1066.4	1068.36
1268.54	1273.11
1476.74	1442.85
1653.5	1686.83
1859.66	1887.88
1.04	1.07
1.19	1.8
1.05	1.62
1.2	1.09
1.48	1.39
1.73	1.68
1.95	2.71
2.66	2.59
3.81	3.93
5.87	5.75
9.89	9.83
18.67	18.66
35.52	35.04
68.2	67.97
131.56	129.72
260.63	258.81
507.25	506.05
982.89	988.98
1463.34	1486.14
1937.54	1940.5
2413.9	2432.08
2888.34	2897.55
3377.27	3359.29
3938.53	3907.75
4300.41	4286.39
1.1	1.12
1.03	1.16
1.35	1.94
1.39	1.21
1.38	1.46
1.62	1.74
1.96	2.64
2.52	2.23
2.79	3.0
3.65	3.65
5.4	5.38
9.0	9.02
15.46	16.45
27.22	27.99
50.48	51.63
93.93	97.0
188.54	181.97
346.28	356.13
531.66	526.98
696.9	688.55
855.36	851.17
998.91	1022.44
1188.82	1182.23
1333.77	1372.87
1507.65	1536.03
1.18	0.97
1.15	1.0
1.12	1.07
1.25	1.27
1.54	1.33
1.68	1.7
2.4	2.21
2.72	2.29
3.9	3.52
6.02	5.33
9.7	10.27
17.04	17.59
32.65	33.24
63.26	63.71
124.87	126.18
246.71	244.76
483.29	487.95
938.82	942.22
1406.49	1397.11
1860.2	1862.67
2285.02	2288.39
2750.45	2751.23
3224.08	3230.68
3656.87	3700.15
4105.3	4123.21
1.21	1.03
1.2	1.02
1.25	1.1
1.38	1.17
1.48	1.33
1.85	1.51
1.96	2.0
2.44	2.47
3.58	3.56
5.76	6.42
9.84	10.21
18.35	18.84
35.64	35.4
67.82	66.89
133.24	132.25
255.4	258.96
518.8	503.88
979.57	967.09
1466.04	1476.69
1949.79	1999.99
2413.87	2435.13
2860.41	2948.15
3385.04	3382.28
3831.63	3792.4
4300.13	4380.4
1.19	1.18
1.2	1.04
1.2	1.09
1.4	1.18
1.53	1.43
1.76	2.38
2.25	2.01
3.43	2.88
5.58	3.17
9.07	6.24
17.02	7.79
31.91	20.96
64.32	40.53
101.42	50.86
162.63	98.52
277.62	193.25
518.4	383.03
1306.81	1190.7
1247.15	1108.8
1914.92	1468.69
1942.18	1827.65
2370.22	2208.51
4195.06	2544.38
3204.19	4655.01
3318.32	3270.95
1.11	1.65
1.12	1.23
1.24	1.05
1.38	1.17
1.47	1.38
1.97	2.16
2.04	2.03
2.65	2.4
3.86	3.6
5.78	5.53
9.68	9.0
20.06	16.53
34.7	30.9
66.14	60.18
128.46	116.7
251.12	226.77
500.69	449.46
979.65	865.41
1448.87	1310.89
1907.97	1710.04
2382.45	2136.9
2836.33	2551.2
3340.45	2933.61
3780.35	3372.31
4262.77	3832.91
1.08	1.12
1.1	1.06
1.23	1.2
1.42	1.21
1.51	1.54
1.91	1.79
2.35	2.14
3.53	2.59
5.62	3.51
9.63	4.85
17.46	8.01
29.78	13.76
58.67	26.1
103.41	49.94
182.8	97.75
284.67	190.31
443.05	378.76
1210.38	735.6
1261.57	1091.26
1945.33	1453.18
1916.48	1800.65
2346.54	2166.34
2810.38	2525.06
3143.06	2895.54
3289.41	3238.16
1.12	1.22
1.14	1.05
1.12	1.02
1.25	1.27
1.35	1.98
1.76	1.59
2.29	2.01
3.25	2.27
5.21	3.14
8.94	6.09
16.82	7.86
31.6	13.8
57.77	41.05
108.0	50.72
175.4	97.48
312.15	192.08
600.46	380.99
1631.21	743.17
1275.79	2429.79
1534.53	1461.58
1867.23	1832.52
3599.28	4809.22
2655.83	2539.4
3371.76	2907.35
3422.49	3252.55
1.12	1.08
1.09	1.04
1.19	1.19
1.3	1.23
1.52	1.37
1.6	1.53
1.86	1.79
2.43	2.54
3.43	3.52
5.56	5.43
10.24	9.8
17.71	18.78
35.09	35.56
67.67	67.05
128.24	132.05
259.04	264.28
509.76	522.2
982.36	986.99
1463.76	1454.12
1923.47	1933.9
2431.82	2455.88
2967.43	2918.74
3330.03	3405.28
3914.64	3870.8
4336.01	4368.12
1.08	1.11
1.62	1.04
1.09	1.22
1.19	1.26
1.48	1.58
2.12	1.85
2.48	2.15
3.6	2.58
5.54	3.73
9.6	5.0
17.66	8.31
33.68	21.12
66.41	25.53
132.07	49.7
216.81	96.88
318.16	305.46
601.51	377.74
779.41	735.8
1167.82	1091.56
2355.55	2330.38
2968.17	1805.63
2272.59	2164.94
2647.67	2520.03
3650.47	2883.75
5262.37	3240.97
1.12	1.09
1.12	1.13
1.16	1.05
1.34	1.18
1.6	1.49
1.81	1.6
2.57	1.95
2.54	2.47
3.72	3.5
5.64	5.47
9.54	9.35
18.44	16.43
34.7	30.95
65.83	59.81
127.82	116.42
247.11	229.82
505.42	449.55
964.01	880.27
1422.1	1291.4
1926.02	1724.76
2400.93	2120.43
2849.33	2556.05
3325.54	2965.79
3799.1	3437.3
4298.05	3830.24
1.14	1.01
1.16	1.17
1.14	1.03
1.43	1.05
1.26	1.31
2.29	1.62
2.15	2.02
2.78	2.37
3.66	3.73
5.83	5.71
10.05	9.85
18.79	19.48
35.7	35.11
67.86	67.95
131.07	130.75
257.96	258.45
504.62	515.62
987.1	989.71
1459.11	1463.32
1943.89	1945.1
2416.92	2432.75
2886.89	2890.39
3374.95	3364.43
3826.64	3878.08
4326.3	4343.24
1.11	1.03
1.36	0.93
1.2	1.06
1.22	1.96
1.53	1.27
1.68	1.58
1.95	2.42
1.98	2.21
2.65	3.16
3.96	3.85
5.83	5.72
9.92	9.72
17.43	17.62
32.4	32.04
60.76	60.37
115.4	118.79
223.14	224.3
436.02	443.55
629.75	651.33
851.0	839.46
1045.23	1061.11
1235.29	1276.88
1461.73	1443.67
1662.97	1687.73
1820.96	1850.6
1.0	1.1
1.02	1.13
1.13	1.2
1.05	1.15
1.95	1.54
1.8	1.72
2.27	2.02
2.65	2.57
3.66	3.41
5.69	5.31
9.57	9.6
17.32	17.1
33.31	32.96
63.56	62.46
123.54	123.66
246.09	244.43
480.72	489.68
936.49	945.16
1396.49	1390.92
1855.68	1851.09
2289.1	2307.38
2739.35	2772.66
3205.01	3238.72
3674.0	3688.9
4071.77	4100.12
1.72	1.11
1.14	1.13
1.16	1.13
1.26	1.29
1.46	1.44
1.72	1.57
1.91	1.82
2.27	2.95
3.12	3.12
4.28	3.89
5.53	5.49
9.45	9.02
14.86	15.35
27.52	28.49
50.49	52.22
95.87	95.52
185.63	189.62
352.91	357.36
509.79	526.32
687.91	693.88
863.78	839.21
1029.2	1027.74
1177.1	1248.74
1325.24	1369.0
1516.09	1513.05
1.13	1.01
1.24	1.44
1.31	1.12
1.45	1.45
1.34	1.59
1.97	1.82
2.01	2.67
2.38	2.35
2.97	2.83
4.42	4.28
6.99	6.81
11.68	12.32
21.63	21.4
41.08	40.59
74.6	77.26
141.05	148.49
288.41	289.31
511.33	542.33
802.12	807.13
1048.71	991.91
1354.42	1290.98
1686.66	1702.69
1810.0	1905.06
2074.22	2158.09
2427.62	2437.51
1.14	0.94
1.31	1.06
1.32	1.07
1.49	1.38
1.7	1.64
2.07	2.06
2.77	2.42
4.64	3.5
7.55	5.45
13.37	9.14
25.16	16.62
49.3	23.27
96.74	43.12
186.69	84.69
381.0	166.15
567.44	467.41
758.22	1475.97
2635.69	1793.2
2984.16	2701.61
4334.23	4615.22
4706.21	4398.99
4673.76	3722.56
4936.69	6150.66
9469.65	7004.28
8201.23	5580.07
0.94	1.03
1.3	1.21
1.3	1.23
1.52	1.33
1.69	1.7
1.95	1.94
2.22	2.28
2.7	2.62
3.59	3.28
5.76	4.6
9.0	6.64
15.25	10.98
30.08	19.69
52.8	37.35
85.84	65.44
225.17	123.77
439.3	255.93
618.82	459.4
949.09	678.74
1130.34	880.63
1453.62	1118.24
1670.16	1396.53
1934.84	1594.06
2019.39	1827.04
2325.95	2147.65
1.04	1.06
1.16	0.98
1.27	1.22
1.54	1.24
1.69	1.61
2.03	2.13
2.84	2.34
4.61	3.62
7.68	5.65
14.01	7.07
26.58	16.79
43.55	40.78
102.8	60.81
182.92	153.12
333.45	166.04
654.48	743.58
843.37	650.75
2312.51	1830.3
2914.8	1879.19
4554.89	3545.74
3320.94	4445.6
6137.51	5310.29
4577.68	4326.93
5508.94	9085.14
6053.63	8048.09
0.96	1.19
1.18	1.09
1.23	1.31
1.38	1.32
1.62	1.69
1.79	1.67
2.14	2.71
2.62	2.71
4.21	4.0
6.19	6.23
10.79	10.76
20.94	19.98
36.49	37.02
72.02	71.3
141.88	142.84
275.87	281.87
531.43	554.15
1064.01	1077.13
1609.71	1554.67
2167.06	2124.41
2612.99	2638.35
3169.81	3218.21
3580.18	3618.19
4212.81	4228.53
4676.45	4752.9
0.96	1.14
1.22	1.29
1.22	1.17
1.29	1.49
1.7	1.62
1.93	1.95
2.8	2.43
3.97	3.18
6.86	4.92
11.94	7.81
21.94	14.67
43.3	19.11
82.76	35.48
164.33	99.86
326.66	261.47
636.05	268.13
1282.55	528.97
2028.63	1042.74
2740.19	3013.12
3539.81	2070.64
4862.59	3748.84
6479.22	4529.46
7698.74	3579.15
8349.39	7801.15
10012.23	6685.52
1.09	1.13
1.12	1.11
1.47	1.39
1.62	1.47
1.67	1.82
1.95	1.94
2.22	2.27
2.85	2.71
4.57	4.07
7.9	6.16
12.56	9.86
21.13	17.96
42.49	35.54
77.58	65.77
150.32	128.27
285.25	247.54
537.26	485.33
956.43	976.75
1482.08	1415.7
1921.07	1786.87
2414.13	2311.84
2862.07	2700.11
3304.71	3408.98
3873.57	3699.47
4036.27	3928.27
1.6	1.1
1.28	1.28
1.28	1.86
2.05	1.32
1.75	1.72
2.14	2.18
3.49	2.79
4.24	3.26
6.99	4.69
13.0	8.2
23.0	14.36
44.33	19.85
85.73	37.44
170.52	103.73
332.85	143.98
669.21	518.05
1311.8	562.96
1673.03	1095.65
2934.51	2989.76
3684.42	3086.05
5380.16	2701.59
6265.21	4590.59
7808.78	3753.14
9089.85	4302.65
10297.2	4840.83
1.08	1.1
1.15	1.22
1.34	1.32
1.57	1.51
1.54	1.65
2.72	1.91
2.49	2.48
4.08	3.73
6.42	3.82
12.02	7.52
22.22	13.91
42.54	25.65
83.08	32.52
164.18	130.95
324.22	122.61
651.76	370.36
1288.25	477.55
2513.53	1455.67
3739.57	2166.12
4905.84	1902.56
6157.72	2412.66
7428.5	2911.07
8537.31	8669.77
9644.51	5898.05
10961.59	6632.38
1.13	1.08
1.17	1.77
1.28	1.23
1.52	1.4
1.54	1.34
1.81	1.84
1.93	2.04
2.78	2.9
3.89	4.27
6.42	6.3
10.7	10.86
19.55	20.43
37.46	38.47
72.87	75.63
143.17	140.91
277.04	274.39
559.08	536.38
1046.03	1054.75
1574.17	1532.28
2138.36	2098.32
2624.86	2664.23
3134.02	3146.88
3708.97	3643.98
4241.34	4251.66
4545.69	4590.35
1.08	1.06
1.15	1.23
1.4	1.42
1.59	1.39
1.66	2.13
2.31	2.07
3.03	3.46
4.23	3.14
7.26	4.67
12.37	6.37
22.85	14.71
43.79	35.52
87.24	36.64
170.18	102.38
331.99	199.46
659.35	400.51
1310.42	787.13
2585.71	1058.52
3806.55	2260.55
5129.05	2121.35
6316.17	5004.44
7598.22	5958.39
8785.84	6899.66
9848.73	4250.55
11295.84	6889.62
1.04	1.06
1.28	1.19
1.28	1.46
1.5	1.53
1.64	1.66
1.98	2.04
2.21	2.24
2.93	2.75
4.4	3.75
7.08	6.09
12.46	9.72
22.18	18.16
42.65	35.37
85.85	65.51
168.6	120.31
321.6	240.11
546.52	513.76
1017.59	914.92
1502.92	1409.39
1885.76	1865.25
2411.02	2230.64
2728.15	2927.5
3186.41	3232.5
3589.47	3600.74
4230.13	3960.68
1.09	1.19
1.19	1.21
1.36	1.41
1.46	1.54
1.81	1.66
1.93	1.97
2.92	2.62
4.41	3.16
7.35	4.28
13.49	9.26
25.65	12.57
49.13	41.57
96.95	61.73
189.98	156.29
374.24	235.12
747.09	470.31
1125.18	646.34
2528.96	1804.07
4068.17	1865.09
4434.88	3568.07
3551.85	3088.82
5013.22	5361.28
7791.91	4345.72
5423.82	4944.58
7999.52	5564.0
1.12	1.21
1.21	1.41
1.33	1.35
1.47	1.49
1.66	1.66
1.92	2.02
2.11	2.07
2.4	2.39
3.21	3.23
4.38	4.69
6.84	6.93
11.62	12.43
21.36	20.93
40.43	39.41
75.32	76.49
138.93	143.09
279.23	291.0
567.91	527.78
810.99	814.94
1072.52	1104.55
1290.3	1330.59
1578.41	1653.01
1897.75	1911.8
2160.05	2143.84
2267.16	2260.26
1.1	1.18
1.86	1.22
1.37	1.28
1.18	1.41
1.73	1.5
2.06	1.96
3.05	2.51
4.48	3.07
7.72	6.31
14.39	7.0
27.25	12.61
51.4	22.9
101.78	61.04
194.58	84.75
400.7	233.74
796.76	466.44
1301.42	933.55
2447.1	1823.78
4020.0	1877.76
3710.58	2501.12
3722.1	3125.79
6382.74	3737.71
7750.92	4352.21
7383.28	7072.1
8030.11	10509.14
1.14	0.91
1.19	1.16
1.39	1.25
1.36	1.43
1.4	1.55
1.92	2.01
2.33	1.96
2.75	2.57
3.76	3.21
5.61	4.42
9.32	6.68
16.48	10.88
31.28	20.66
57.97	36.44
102.07	66.58
197.84	124.63
377.19	257.49
846.12	449.87
945.54	692.62
1277.4	909.89
1257.13	1149.85
1619.52	1388.16
1749.66	1620.91
2048.39	1869.67
2383.62	2065.03
1.18	1.19
1.17	1.44
1.62	1.67
2.0	2.21
2.65	2.36
2.42	2.9
3.23	3.15
3.7	3.97
5.08	4.93
7.27	7.3
11.99	11.87
20.71	21.32
38.8	37.5
70.16	72.15
135.97	139.66
266.27	264.28
503.17	509.9
759.79	763.07
965.95	989.63
1245.37	1242.22
1464.5	1512.26
1685.73	1708.09
1954.48	1964.52
2215.91	2206.1
1.14	1.24
1.29	1.36
1.56	1.61
1.83	1.83
2.26	2.63
2.88	2.58
3.59	3.29
4.69	4.43
6.76	6.89
11.89	10.98
20.37	20.92
40.58	39.86
75.13	75.43
147.84	145.07
295.03	295.46
572.78	567.85
1120.2	1126.59
1664.0	1665.34
2155.67	2197.36
2724.91	2750.8
3251.02	3248.07
3789.73	3817.95
4324.55	4355.87
4867.49	4850.64
1.17	1.26
1.44	1.5
1.62	1.68
2.27	2.14
2.59	2.55
2.89	2.94
3.23	2.98
4.0	3.9
5.19	4.87
7.09	7.0
11.18	11.58
19.59	19.09
34.67	35.0
62.0	63.56
119.48	118.76
227.17	227.2
432.52	432.13
630.95	644.96
838.35	836.65
1056.25	1057.96
1222.77	1252.91
1443.42	1460.71
1647.26	1685.01
1874.61	1875.53
1.18	1.23
1.32	1.25
1.6	1.88
2.7	2.06
2.62	2.65
3.11	3.7
3.5	3.43
4.6	4.66
6.49	6.29
10.78	10.9
19.0	19.64
38.04	35.64
66.86	67.33
135.24	132.77
258.01	255.48
510.54	512.29
989.51	978.87
1468.78	1485.4
1935.87	1930.32
2448.71	2437.39
2915.96	2907.43
3356.75	3344.1
3846.32	3799.87
4294.97	4279.87
1.05	1.15
1.23	1.4
1.48	1.69
1.89	1.86
3.74	3.17
2.75	2.89
3.41	3.24
4.65	4.11
6.64	6.51
10.73	11.0
19.68	19.11
36.63	36.86
68.84	69.43
135.91	133.82
267.04	265.6
518.16	522.37
1019.89	1013.3
1511.0	1511.53
1995.71	2004.45
2485.14	2491.36
2994.78	2974.34
3448.16	3479.55
3965.69	3990.22
4455.32	4422.42
1.07	1.24
1.35	1.2
1.61	1.56
1.99	2.2
2.34	2.25
3.17	2.82
3.34	2.76
4.35	4.21
5.62	5.48
8.48	8.36
14.26	14.34
25.91	26.03
48.61	48.45
92.52	92.24
183.02	180.96
356.66	355.34
692.5	692.33
1019.73	1041.7
1360.18	1354.85
1681.74	1691.73
2019.84	2025.09
2368.23	2358.12
2689.24	2711.11
3035.01	3084.9
1.21	1.12
1.35	1.85
2.12	1.61
2.02	2.25
3.27	2.57
3.05	3.28
3.33	3.0
4.33	4.71
6.59	6.77
10.57	10.13
18.02	18.27
32.43	34.28
63.53	64.42
119.64	120.17
235.47	237.79
466.76	470.48
897.92	902.35
1332.78	1340.0
1731.52	1780.3
2193.03	2191.79
2629.57	2652.85
3029.71	3066.71
3502.54	3466.97
3908.79	3942.1
1.17	1.18
1.36	1.33
1.75	1.67
2.11	2.09
3.09	2.61
3.21	3.01
3.4	3.47
4.06	4.05
5.79	5.53
7.63	8.4
13.72	13.12
24.26	23.66
44.69	43.32
85.53	85.1
165.28	166.96
334.21	329.13
629.75	628.76
936.75	939.65
1238.03	1239.31
1544.78	1543.43
1839.12	1837.0
2147.87	2294.3
2445.71	2454.67
2765.48	2771.28
1.12	1.15
1.14	2.81
1.59	1.68
1.91	2.24
2.29	2.4
2.72	2.86
3.29	3.29
3.7	3.86
6.72	5.46
8.13	8.32
14.13	13.96
25.95	25.67
48.65	49.24
92.86	94.02
183.68	181.82
359.31	360.64
693.42	698.02
1023.9	1028.2
1379.24	1362.54
1705.24	1726.21
2026.45	2036.03
2381.98	2407.58
2712.9	2726.66
3078.88	3053.96
1.21	1.25
1.16	1.27
1.55	1.74
1.93	2.1
2.39	2.28
3.17	2.58
3.59	3.21
4.66	4.34
7.51	6.47
11.02	11.38
19.8	19.7
36.12	37.62
70.53	69.76
135.52	136.38
261.36	266.03
530.9	524.45
1008.25	1026.4
1516.09	1517.73
1999.46	2003.8
2477.84	2515.6
2968.58	2990.35
3467.44	3474.04
3955.46	3963.76
4442.96	4430.4
1.07	1.08
1.15	1.66
1.65	1.83
2.02	2.08
2.88	2.53
3.19	3.12
3.59	4.1
4.78	3.82
5.71	5.13
8.06	7.85
13.79	13.21
24.4	24.06
44.1	44.72
86.01	85.53
165.36	164.84
329.45	329.96
635.24	632.91
939.0	941.19
1245.72	1255.2
1560.51	1562.36
1881.44	1881.37
2181.09	2194.64
2488.85	2499.14
2799.9	2809.09
1.17	1.27
1.28	1.46
1.41	1.68
2.43	2.28
2.48	2.55
2.6	3.14
3.46	3.62
4.51	4.35
6.14	6.6
10.48	10.07
17.77	18.83
33.69	32.91
63.42	62.68
120.08	122.49
235.32	234.65
462.55	476.98
888.53	907.9
1340.72	1338.34
1738.31	1792.22
2198.88	2228.49
2602.68	2640.65
3060.74	3050.06
3498.6	3504.71
3928.36	3973.22
1.13	1.26
1.35	1.3
1.46	2.11
1.74	1.91
2.46	2.19
3.0	2.96
3.44	4.3
4.82	4.47
6.38	6.83
11.01	11.23
20.66	20.61
38.77	39.11
74.14	75.38
146.85	147.67
289.27	285.13
573.52	574.22
1113.89	1108.61
1673.84	1647.56
2172.78	2193.14
2717.07	2722.09
3241.0	3282.92
3780.14	3825.19
4357.59	4343.24
4881.24	4926.18
1.1	1.32
1.38	1.47
1.41	1.55
1.94	2.38
2.34	2.15
2.88	2.65
3.14	2.73
3.84	3.77
5.25	4.95
8.01	7.6
12.11	12.39
20.51	21.0
38.65	38.37
71.33	72.01
136.52	136.18
273.65	268.1
509.82	520.49
745.55	763.89
1036.72	982.78
1241.17	1237.16
1522.02	1488.15
1715.79	1771.1
1950.59	2015.27
2205.76	2214.21
1.14	1.12
1.3	1.98
1.58	1.64
2.23	2.11
2.66	2.86
3.08	2.97
3.5	3.04
4.49	4.21
6.26	6.44
10.98	11.32
20.08	19.56
38.98	34.92
67.62	66.33
130.7	131.58
261.33	260.27
508.5	512.09
983.77	986.25
1462.32	1451.48
1938.74	1940.72
2406.87	2413.22
2872.77	2873.91
3410.72	3351.54
3800.74	3802.2
4312.59	4303.78
1.19	1.14
1.32	1.3
1.43	1.8
2.0	2.0
2.42	2.48
2.89	2.7
3.36	3.27
4.04	3.57
5.1	4.78
6.66	7.26
11.13	11.23
19.59	18.44
34.57	35.35
63.15	63.46
119.67	124.36
234.81	235.14
445.82	437.73
661.72	687.35
860.86	866.8
1093.61	1064.44
1275.01	1358.79
1445.98	1494.14
1720.59	1684.61
2025.83	1997.11
0.9	0.9
0.98	1.0
1.22	1.35
1.34	1.53
1.94	1.82
2.2	2.01
2.28	2.3
2.31	2.2
2.51	2.19
2.63	2.64
3.01	3.13
3.42	3.45
4.72	4.4
6.42	5.65
9.68	9.47
16.58	16.15
29.69	29.9
56.56	55.58
104.41	117.71
200.36	202.97
402.94	397.23
767.58	767.69
1140.92	1116.64
1490.99	1502.92
1857.05	2117.6
2224.16	2230.75
2608.34	2981.95
3013.08	2939.82
3384.17	3341.86
0.88	0.84
0.94	1.09
1.08	1.17
1.42	1.6
1.7	1.82
2.09	2.15
2.27	2.17
2.19	2.35
2.41	2.58
2.82	2.8
3.58	3.23
5.28	5.11
8.68	8.34
15.5	13.61
28.46	28.27
53.71	54.48
104.93	105.49
210.0	205.41
412.03	354.21
820.56	811.78
1635.32	1415.57
3172.04	2746.94
4735.66	4734.65
6259.0	6266.71
7810.57	7837.42
9414.05	9333.76
10950.95	10959.7
12406.29	12381.74
14008.47	13974.54
0.85	0.98
1.21	1.05
1.16	1.23
1.36	1.62
1.69	1.79
2.04	2.03
1.95	2.39
2.22	2.31
2.44	2.32
2.7	2.91
2.99	3.03
3.76	3.2
5.31	4.58
7.56	5.94
11.37	10.2
18.28	16.35
31.03	29.61
58.33	55.33
105.04	104.81
202.64	200.02
406.25	454.09
766.32	768.15
1150.02	1148.58
1506.91	1497.43
1872.63	1878.8
2315.38	2550.0
2651.42	2598.34
2982.62	2956.1
3349.34	3813.11
0.92	0.96
0.89	1.02
1.11	1.16
1.57	1.53
1.79	1.94
2.11	1.77
1.9	2.14
1.95	2.22
2.16	2.72
2.95	3.23
3.79	3.65
5.79	5.38
9.07	8.5
16.81	13.42
29.72	27.71
55.05	54.07
106.73	104.75
210.72	208.33
409.86	411.89
819.63	704.05
1644.56	1398.96
3175.04	3183.47
4735.08	4726.21
6302.83	6307.18
7848.18	7826.22
9399.02	9390.46
10971.1	10935.15
12549.45	12498.19
14023.53	14103.97
0.85	0.92
1.13	1.05
1.22	1.16
1.55	1.56
1.86	1.86
2.04	2.17
2.29	2.13
2.31	2.36
2.35	2.47
2.79	2.64
3.1	3.06
4.29	3.85
6.02	5.27
9.35	8.53
15.12	13.19
25.44	24.05
48.25	47.78
91.06	90.58
175.61	172.98
342.52	339.45
685.79	670.94
1319.02	1313.16
1980.52	1938.12
2562.65	2811.42
3263.1	3215.01
3855.46	3874.17
4483.59	4467.35
5151.94	5099.17
5756.2	5777.16
