1.0	0.96	1
1.0	1.09	1
1.41	1.38	1
1.82	1.76	1
2.76	2.76	1
3.89	4.03	1
6.6	6.72	1
8.28	10.85	1
9.84	14.76	1
14.4	13.59	1
15.74	17.91	1
14.33	17.05	1
13.97	18.3	1
18.52	18.73	1
25.21	23.88	1
32.5	29.13	1
60.45	43.88	1
108.37	70.11	1
196.04	126.62	1
374.69	235.89	1
737.79	442.44	1
1401.74	822.66	1
2112.79	1261.27	1
2791.31	1635.09	1
3497.6	2064.22	1
4140.72	2502.7	1
4803.55	2839.68	1
5513.04	3168.91	1
6291.98	3652.78	1
0.95	0.88	1
1.88	0.97	1
1.19	1.28	1
1.76	1.69	1
2.41	2.48	1
4.14	4.18	1
6.41	7.26	1
8.8	9.49	1
11.88	13.27	1
9.32	13.53	1
12.9	16.14	1
16.49	20.43	1
14.04	20.21	1
23.75	25.36	1
31.18	43.64	1
47.03	68.71	1
78.81	123.93	1
148.1	223.79	1
276.12	446.76	1
530.62	858.24	1
1043.18	1709.77	1
2005.91	3326.56	1
3014.38	4962.09	1
3972.51	6576.44	1
4984.6	8235.76	1
5933.83	9750.29	1
6910.9	11493.21	1
7876.83	12956.97	1
8840.62	14608.19	1
0.88	0.8	1
1.02	0.94	1
1.31	1.33	1
1.68	1.68	1
2.44	2.4	1
3.94	3.92	1
6.51	7.05	1
10.13	11.17	1
11.72	13.23	1
13.6	14.26	1
14.54	15.85	1
11.71	15.2	1
17.97	18.27	1
17.97	19.42	1
23.82	22.69	1
33.16	29.98	1
58.75	45.41	1
104.97	73.68	1
193.33	125.72	1
366.47	229.32	1
718.86	446.15	1
1383.34	843.32	1
2053.72	1249.02	1
2774.51	1671.82	1
3004.4	2048.36	1
4080.7	2425.82	1
4706.62	2898.42	1
5408.62	3239.74	1
6059.64	3711.89	1
0.98	0.84	1
1.1	1.0	1
1.31	1.31	1
1.7	1.6	1
2.54	2.45	1
4.2	4.06	1
6.74	6.65	1
8.67	10.5	1
13.19	12.27	1
15.99	15.83	1
15.31	16.25	1
14.4	19.41	1
19.42	22.58	1
19.69	30.17	1
30.28	39.39	1
40.78	68.84	1
78.4	119.42	1
144.14	230.48	1
265.32	440.45	1
520.36	860.3	1
1026.87	1714.32	1
1926.02	3307.29	1
2938.02	4939.31	1
3941.51	6514.18	1
4847.97	8123.69	1
5778.15	9734.69	1
6783.41	11368.02	1
7675.27	12965.54	1
8608.09	14602.11	1
0.95	0.96	2
1.13	0.98	2
1.28	1.21	2
1.76	1.72	2
2.46	2.26	2
4.16	4.17	2
6.94	6.86	2
9.23	9.75	2
15.26	10.21	2
10.42	14.09	2
17.31	16.68	2
16.49	18.26	2
15.74	19.83	2
20.81	19.96	2
33.34	28.19	2
46.22	38.42	2
79.77	58.6	2
136.92	106.55	2
264.72	197.0	2
513.4	370.06	2
989.24	713.84	2
1955.55	1390.22	2
2855.78	2029.52	2
3788.77	2734.39	2
4696.55	3390.55	2
5618.82	4089.3	2
6605.81	4713.58	2
7540.27	5446.44	2
8481.75	6078.67	2
0.89	1.0	2
1.13	0.96	2
1.43	1.2	2
1.84	1.68	2
2.4	2.56	2
4.32	4.22	2
6.85	6.2	2
10.15	9.77	2
14.59	12.86	2
14.41	15.99	2
13.12	17.77	2
15.44	15.69	2
17.63	23.35	2
21.22	27.47	2
26.72	40.94	2
39.8	61.13	2
64.78	109.24	2
118.01	195.32	2
226.32	384.5	2
427.12	746.75	2
821.39	1466.1	2
1630.21	2860.53	2
2381.19	4274.37	2
3144.59	5656.61	2
3957.72	7041.57	2
4701.79	8449.27	2
5446.45	9868.62	2
6222.51	11215.83	2
7057.29	12609.71	2
1.02	0.98	2
1.13	1.25	2
1.32	1.21	2
1.84	1.63	2
2.54	2.6	2
4.32	4.24	2
7.16	6.96	2
9.57	10.39	2
12.88	13.91	2
11.42	16.88	2
12.83	17.71	2
13.71	18.36	2
16.22	21.32	2
21.76	21.91	2
27.16	28.98	2
46.88	37.11	2
76.41	58.94	2
138.84	107.03	2
262.13	193.02	2
510.58	367.99	2
987.88	726.88	2
1919.49	1395.38	2
2898.35	2041.78	2
3779.44	2731.77	2
4693.88	3354.42	2
5540.93	4059.92	2
6450.97	4711.77	2
7370.43	5390.91	2
8345.27	6106.73	2
0.94	0.95	2
1.16	0.96	2
1.32	1.22	2
1.87	1.72	2
2.71	2.58	2
4.3	4.09	2
6.4	7.04	2
8.11	10.93	2
10.71	14.73	2
11.39	15.46	2
15.66	16.75	2
15.67	17.31	2
17.55	23.26	2
20.66	27.3	2
26.55	40.93	2
38.47	63.43	2
64.36	109.31	2
115.11	199.81	2
215.7	379.74	2
411.21	754.18	2
805.27	1461.53	2
1546.9	2853.23	2
2296.72	4268.88	2
3024.21	5665.72	2
4168.18	7073.86	2
4498.42	9476.51	2
5215.32	9843.16	2
5994.88	11237.12	2
6695.55	12631.24	2
0.88	0.89	3
1.06	1.13	3
1.26	1.24	3
1.67	1.83	3
2.69	2.53	3
3.74	4.22	3
6.84	6.6	3
11.54	10.54	3
8.04	14.37	3
14.65	16.01	3
9.09	17.63	3
14.65	19.13	3
14.93	21.0	3
22.11	28.31	3
29.38	39.95	3
40.86	62.43	3
66.9	111.12	3
116.1	198.44	3
219.67	385.31	3
424.07	748.11	3
828.71	1486.67	3
1617.55	2883.23	3
2395.6	4272.45	3
3162.71	5666.98	3
3958.5	7029.14	3
4702.92	8456.28	3
5524.62	9769.17	3
6232.42	11176.34	3
7038.48	12676.64	3
0.88	0.96	3
0.99	1.05	3
1.35	1.31	3
1.66	1.68	3
2.36	2.51	3
4.23	3.89	3
6.47	7.04	3
8.68	9.87	3
8.87	14.82	3
11.54	13.78	3
12.63	17.57	3
10.87	17.96	3
16.32	20.94	3
19.66	20.83	3
32.68	26.93	3
48.28	39.85	3
76.75	63.11	3
140.35	106.91	3
259.87	194.09	3
514.07	375.19	3
1002.55	721.65	3
1925.54	1395.8	3
2853.02	2042.35	3
3802.18	2726.95	3
4709.33	3403.92	3
5680.4	4075.09	3
6617.0	4750.23	3
7528.27	5461.22	3
8574.81	6094.88	3
1.05	0.93	3
1.09	1.12	3
1.43	1.27	3
1.77	1.72	3
2.74	2.47	3
3.73	4.01	3
6.54	6.64	3
10.35	11.1	3
13.24	14.91	3
11.0	16.55	3
13.88	16.21	3
15.37	20.02	3
16.35	19.26	3
20.36	26.76	3
25.57	35.93	3
38.94	65.17	3
61.92	111.28	3
113.81	201.89	3
211.77	383.14	3
408.38	739.56	3
803.6	1482.3	3
1559.97	2875.73	3
2330.69	4273.37	3
3094.76	5644.07	3
3790.22	7137.68	3
4488.52	8433.66	3
5211.28	9832.56	3
6019.36	11236.17	3
6760.57	12604.1	3
1.08	1.03	3
1.09	1.03	3
1.33	1.24	3
1.71	1.76	3
2.56	2.58	3
3.9	4.09	3
6.19	6.94	3
9.18	11.04	3
11.96	12.93	3
10.96	14.28	3
12.7	17.3	3
16.64	18.31	3
16.71	18.04	3
19.39	22.54	3
31.02	27.47	3
46.5	36.47	3
76.77	61.8	3
138.81	101.21	3
262.12	196.46	3
518.94	377.26	3
996.67	726.84	3
1895.6	1387.81	3
2838.51	2077.4	3
3735.56	2758.01	3
4679.07	3438.3	3
5590.28	4059.08	3
6582.23	4735.15	3
7361.38	5443.12	3
8351.8	6203.59	3
0.85	0.87	4
0.91	1.0	4
1.29	1.21	4
1.66	1.61	4
2.46	2.33	4
4.17	4.08	4
5.99	6.59	4
8.08	10.71	4
12.67	13.68	4
15.84	16.15	4
14.55	17.38	4
15.75	19.72	4
18.51	20.83	4
20.55	28.45	4
32.06	41.01	4
49.01	69.62	4
77.14	117.23	4
147.11	232.64	4
269.24	433.67	4
529.69	856.14	4
1051.09	1718.07	4
2037.38	3322.03	4
3015.46	4906.54	4
3937.12	6530.84	4
4994.07	8166.18	4
5927.32	9797.37	4
6846.73	11329.58	4
7922.86	13008.88	4
8858.88	14614.37	4
0.86	0.92	4
1.05	1.04	4
1.29	1.26	4
1.55	1.83	4
2.61	2.66	4
3.83	4.18	4
6.58	6.66	4
8.16	11.7	4
11.53	11.39	4
10.12	14.31	4
15.97	17.12	4
13.0	17.67	4
15.17	18.06	4
16.84	20.82	4
24.28	24.7	4
37.84	31.9	4
58.69	43.19	4
104.08	73.66	4
196.21	126.56	4
378.15	233.63	4
739.33	441.68	4
1409.22	846.45	4
1814.62	1243.61	4
2832.53	1654.65	4
3472.97	2075.46	4
4134.4	2448.75	4
4894.8	2862.38	4
5554.12	3278.76	4
6308.34	3648.13	4
0.91	0.97	4
0.92	0.98	4
1.25	1.25	4
1.78	1.72	4
2.45	2.53	4
4.02	4.04	4
6.91	6.91	4
9.04	9.86	4
15.7	14.77	4
13.87	15.81	4
13.12	17.89	4
15.34	20.21	4
16.62	23.76	4
19.79	26.96	4
29.25	41.95	4
42.1	72.17	4
82.1	125.31	4
143.04	230.94	4
263.86	438.2	4
511.82	863.95	4
1038.27	1717.01	4
1974.23	3312.45	4
2984.27	4954.66	4
3939.23	6578.07	4
4819.23	8198.77	4
5744.7	9745.45	4
6755.51	11400.86	4
7765.52	12966.4	4
8683.41	14595.53	4
0.78	0.86	4
0.98	0.95	4
1.2	1.24	4
1.71	1.64	4
2.5	2.67	4
3.93	4.04	4
6.69	5.8	4
7.64	9.9	4
14.96	15.09	4
8.05	14.64	4
17.12	16.42	4
12.54	17.49	4
15.18	16.45	4
21.66	21.68	4
24.03	20.68	4
36.55	30.7	4
60.65	45.5	4
104.84	73.34	4
193.55	126.18	4
365.37	232.97	4
714.08	444.35	4
1402.41	846.85	4
2090.07	1277.94	4
2806.72	1646.38	4
3393.17	2077.94	4
4094.06	2463.22	4
4672.2	2892.85	4
5430.4	3271.95	4
6131.25	3646.37	4
0.96	1.0	5
1.17	1.2	5
1.72	1.65	5
2.44	2.54	5
4.4	4.07	5
7.68	7.65	5
9.16	12.91	5
15.88	22.62	5
22.54	34.27	5
21.38	39.09	5
22.58	37.91	5
22.81	48.36	5
31.39	46.53	5
43.09	54.63	5
46.85	64.91	5
72.13	84.5	5
125.13	119.32	5
225.89	182.52	5
424.49	325.63	5
822.78	563.43	5
1571.02	1023.35	5
2299.16	1545.23	5
3035.84	1954.88	5
3809.19	2502.54	5
4610.5	3018.29	5
5401.37	3511.35	5
6097.04	4032.57	5
6782.47	4534.07	5
0.96	0.93	5
1.15	1.28	5
1.68	1.63	5
2.51	2.55	5
4.26	4.05	5
7.4	7.48	5
10.2	13.42	5
18.86	23.1	5
18.37	34.2	5
23.21	40.49	5
22.37	36.91	5
25.53	50.57	5
27.81	51.16	5
41.9	74.29	5
64.52	107.14	5
99.4	168.62	5
176.09	295.49	5
320.15	549.09	5
620.21	1068.17	5
1215.03	2101.51	5
2344.96	4056.95	5
3459.16	5990.86	5
4596.04	7979.56	5
5676.08	9936.98	5
6855.27	11937.58	5
7973.32	13913.08	5
9094.18	15799.79	5
10273.08	17759.34	5
1.02	0.97	5
1.3	1.25	5
1.64	1.75	5
2.46	2.66	5
4.2	4.31	5
6.12	7.69	5
10.03	13.39	5
16.16	22.35	5
16.37	33.9	5
27.09	39.7	5
17.4	40.91	5
24.29	42.97	5
24.99	48.16	5
29.59	55.29	5
53.88	53.41	5
75.66	85.85	5
124.88	125.97	5
216.28	186.19	5
413.12	322.82	5
798.68	557.5	5
1522.19	1025.08	5
2329.04	1539.0	5
3006.5	1978.45	5
3778.49	2533.11	5
4522.53	2940.86	5
5067.54	3470.46	5
5896.28	4004.68	5
6613.37	4567.75	5
1.05	0.97	5
1.2	1.12	5
1.61	1.72	5
2.64	2.57	5
4.23	4.21	5
7.31	7.56	5
12.7	13.11	5
13.29	21.94	5
19.77	31.03	5
21.6	41.72	5
25.05	42.6	5
30.73	45.15	5
33.69	59.4	5
45.55	68.98	5
46.99	102.81	5
81.33	165.68	5
153.75	294.16	5
294.15	554.7	5
575.35	1063.24	5
1127.62	2100.46	5
2121.66	4089.83	5
3173.6	6019.22	5
4181.67	7949.37	5
5295.41	9938.86	5
6347.46	11946.04	5
7291.29	13832.12	5
8380.15	15915.5	5
9262.58	17797.34	5
1.09	0.99	6
1.21	1.24	6
1.74	1.64	6
2.54	2.58	6
4.52	4.36	6
6.6	7.75	6
11.73	12.97	6
13.78	21.18	6
21.26	34.87	6
24.09	42.41	6
14.75	41.65	6
26.35	46.17	6
34.33	52.2	6
38.97	55.65	6
58.7	72.5	6
89.46	101.49	6
150.79	157.94	6
282.2	265.8	6
557.92	449.66	6
1082.71	827.57	6
2083.91	1572.8	6
3055.2	2381.42	6
4089.35	3205.09	6
5126.24	3930.73	6
6126.52	4740.59	6
7041.32	5555.61	6
8085.17	6378.46	6
9151.84	7159.01	6
1.19	0.97	6
1.23	1.25	6
1.84	1.68	6
2.61	2.46	6
4.15	4.43	6
7.44	7.15	6
13.92	13.8	6
18.7	20.78	6
18.12	33.2	6
19.95	33.12	6
24.11	38.78	6
24.91	45.39	6
30.35	54.46	6
38.16	67.81	6
60.23	114.07	6
92.34	174.78	6
146.53	299.12	6
266.78	549.91	6
505.88	934.11	6
976.34	1844.93	6
1900.01	3543.66	6
2811.78	5311.11	6
3771.78	7003.85	6
4614.4	8740.36	6
5579.51	10430.25	6
6444.92	12215.89	6
7411.25	13948.71	6
8528.66	15653.09	6
0.98	1.0	6
1.33	1.39	6
1.75	1.76	6
2.56	2.61	6
4.07	4.28	6
7.63	7.57	6
13.39	12.39	6
15.8	21.47	6
13.03	34.27	6
18.84	41.76	6
17.29	44.47	6
25.43	43.59	6
30.38	49.43	6
40.64	55.66	6
47.34	75.39	6
85.16	107.68	6
152.02	162.35	6
282.94	257.1	6
550.82	447.8	6
1080.75	831.72	6
2092.48	1584.88	6
3107.15	2347.49	6
4093.23	3168.93	6
5072.79	3976.53	6
6083.42	4710.99	6
7143.35	5520.93	6
8116.08	6345.69	6
9015.02	7284.51	6
1.05	1.12	6
1.23	1.22	6
1.73	1.61	6
2.59	2.68	6
4.32	4.22	6
7.57	7.29	6
11.94	13.48	6
13.36	21.61	6
17.32	33.29	6
21.52	35.63	6
21.09	32.89	6
19.63	44.52	6
32.79	56.52	6
32.94	69.31	6
49.19	97.15	6
79.76	150.9	6
133.14	259.21	6
240.4	481.79	6
456.27	937.2	6
878.66	1820.19	6
1713.58	3551.73	6
2576.92	5304.63	6
3361.71	7050.34	6
4130.34	8681.36	6
4938.02	10456.11	6
5716.71	12145.99	6
6571.74	13802.62	6
7349.7	15649.13	6
1.01	1.06	7
1.36	1.25	7
1.73	1.74	7
2.55	2.63	7
4.37	4.58	7
7.37	7.33	7
9.06	13.58	7
22.37	21.86	7
13.11	33.13	7
28.54	42.2	7
26.24	38.48	7
22.56	48.42	7
22.26	53.63	7
38.06	65.1	7
48.59	95.19	7
88.8	153.51	7
133.42	261.69	7
269.74	481.49	7
495.18	943.98	7
988.7	1845.4	7
1908.66	3545.32	7
2849.31	5302.09	7
3720.92	6980.64	7
4697.41	8709.74	7
5560.87	10397.55	7
6480.71	12108.08	7
7313.2	13771.97	7
8324.06	15538.22	7
1.11	1.06	7
1.21	1.39	7
1.68	1.72	7
2.63	2.52	7
4.15	4.31	7
7.54	7.62	7
13.16	12.03	7
18.96	20.33	7
21.2	33.88	7
16.38	32.54	7
16.28	46.2	7
27.85	48.4	7
32.34	51.9	7
32.42	55.47	7
62.48	76.17	7
89.18	109.94	7
157.26	168.55	7
295.18	266.5	7
561.1	458.44	7
1068.6	884.84	7
2085.78	1699.55	7
3110.46	2461.4	7
4182.7	3214.53	7
5067.87	3936.33	7
6076.06	4704.28	7
7139.01	5465.53	7
8114.12	6321.38	7
9130.58	7177.61	7
1.07	1.0	7
1.35	1.24	7
1.72	1.72	7
2.74	2.64	7
3.79	4.18	7
7.83	7.47	7
10.23	12.78	7
17.3	21.45	7
19.11	30.21	7
13.9	31.18	7
25.21	37.48	7
33.47	43.02	7
32.26	51.67	7
30.26	61.69	7
43.71	93.06	7
74.32	146.85	7
137.17	263.75	7
235.04	487.79	7
452.49	940.22	7
892.25	1837.66	7
1712.42	3562.66	7
2521.0	5289.5	7
3301.21	6991.99	7
4086.07	8717.92	7
4883.07	10358.89	7
5813.9	12123.16	7
6534.66	13987.72	7
7398.3	15565.29	7
1.14	1.25	7
1.17	1.28	7
1.72	1.7	7
2.52	2.58	7
4.23	4.25	7
7.0	7.26	7
13.54	12.03	7
23.23	22.68	7
20.6	34.74	7
21.23	40.75	7
23.67	38.43	7
18.79	49.41	7
32.1	51.71	7
37.36	57.33	7
53.06	82.23	7
85.1	104.25	7
153.2	153.17	7
285.88	268.69	7
557.45	514.58	7
1070.07	906.95	7
2088.89	1690.13	7
3057.29	2486.24	7
4079.89	3200.92	7
5130.53	3917.21	7
6073.49	4732.79	7
6597.71	5500.19	7
8154.93	6408.64	7
9197.62	7053.62	7
0.94	0.89	8
1.22	1.24	8
1.7	1.53	8
2.17	2.45	8
4.21	4.22	8
5.78	7.1	8
10.71	12.84	8
19.35	22.4	8
17.49	31.5	8
25.78	44.21	8
18.3	45.61	8
28.92	50.8	8
25.56	57.88	8
38.64	64.9	8
55.34	99.75	8
93.38	173.67	8
173.09	297.87	8
316.59	564.48	8
615.87	1083.28	8
1196.01	2100.07	8
2338.28	4055.15	8
3473.85	6018.48	8
4548.79	7979.96	8
5686.07	9927.48	8
6905.2	11943.51	8
7990.85	13795.37	8
9073.95	15947.48	8
10211.58	17751.58	8
0.82	1.12	8
1.14	1.21	8
1.65	1.54	8
2.51	2.5	8
4.14	4.13	8
6.41	7.58	8
13.15	13.35	8
17.35	18.21	8
18.39	34.1	8
15.27	40.14	8
25.82	42.69	8
30.17	39.35	8
32.21	46.92	8
40.74	57.73	8
46.24	67.54	8
82.33	81.31	8
123.99	115.63	8
226.82	177.29	8
425.89	294.9	8
803.88	557.42	8
1560.7	980.02	8
2300.22	1496.26	8
3069.68	1958.8	8
3780.52	2352.98	8
4587.8	2873.59	8
5236.53	3468.77	8
6017.15	3859.51	8
6687.28	4385.73	8
0.95	0.94	8
1.19	1.22	8
1.62	2.19	8
2.38	2.5	8
4.2	4.24	8
7.36	7.35	8
12.95	12.72	8
16.11	23.66	8
14.59	33.75	8
15.7	37.14	8
21.33	41.72	8
19.77	45.19	8
23.2	50.92	8
42.66	65.2	8
50.27	107.19	8
93.44	175.99	8
157.03	303.93	8
297.35	560.16	8
573.47	1065.76	8
1112.59	2106.48	8
2160.46	4080.35	8
3222.85	6044.98	8
4204.63	8023.55	8
5258.4	9949.62	8
6297.76	11847.44	8
7295.27	13901.18	8
8265.37	15853.14	8
9403.05	17740.75	8
1.06	0.91	8
1.17	1.14	8
1.64	1.58	8
2.53	2.42	8
4.3	4.35	8
7.61	7.16	8
13.35	13.31	8
19.03	23.45	8
16.08	30.83	8
21.37	41.61	8
22.42	44.22	8
19.55	43.99	8
24.77	46.56	8
44.72	55.72	8
53.7	65.91	8
73.17	85.74	8
113.54	124.6	8
218.11	178.81	8
416.24	293.9	8
796.72	531.6	8
1536.06	1012.42	8
2300.91	1455.8	8
3004.1	1979.82	8
3738.49	2390.5	8
4450.59	2930.03	8
5257.19	3458.7	8
5986.95	3834.79	8
6612.23	4424.09	8
1.25	1.17	9
1.48	1.4	9
1.56	1.45	9
1.37	1.89	9
2.63	2.08	9
2.46	2.47	9
3.75	3.48	9
4.45	5.2	9
6.3	8.95	9
8.85	15.23	9
15.17	25.62	9
25.33	46.83	9
46.88	81.81	9
83.94	154.5	9
161.68	300.12	9
320.93	586.91	9
616.69	1157.31	9
930.16	1643.55	9
1243.47	2310.33	9
1500.62	2711.89	9
1893.52	3349.88	9
2100.69	3816.82	9
2441.09	4524.68	9
2704.33	5022.5	9
1.49	1.23	9
1.32	1.36	9
1.67	1.6	9
2.21	2.24	9
2.59	3.43	9
3.79	5.81	9
5.1	10.45	9
6.66	20.23	9
12.15	38.55	9
20.42	76.08	9
38.34	149.46	9
75.67	294.96	9
147.26	588.21	9
288.79	1171.47	9
581.16	2327.56	9
1163.08	4659.35	9
2273.31	9005.25	9
3373.52	13482.6	9
4482.81	18008.99	9
5609.38	22061.55	9
6719.09	26764.95	9
7858.51	31551.97	9
8971.72	35186.9	9
10103.85	39669.52	9
1.12	1.22	9
1.53	1.27	9
1.39	1.48	9
1.92	1.72	9
2.33	2.25	9
3.03	2.47	9
3.64	3.59	9
4.03	5.24	9
5.74	8.76	9
9.04	16.15	9
13.6	26.33	9
22.92	44.31	9
40.23	82.58	9
79.21	156.08	9
147.18	305.65	9
291.71	598.32	9
529.73	1135.42	9
779.0	1699.28	9
1038.63	2282.93	9
1283.17	2832.51	9
1520.76	3276.09	9
1818.81	3832.65	9
2051.39	4334.16	9
2301.82	4885.23	9
1.21	1.31	9
1.55	1.34	9
1.73	1.64	9
2.5	2.27	9
2.97	3.51	9
3.98	6.52	9
4.69	10.51	9
7.45	20.22	9
11.67	38.55	9
20.53	76.05	9
37.27	148.92	9
73.33	296.26	9
142.03	586.27	9
282.72	1176.8	9
558.64	2338.56	9
1131.57	4607.11	9
2196.38	9017.96	9
3277.63	13473.18	9
4347.72	17840.28	9
5423.09	22383.69	9
6502.16	26641.96	9
7568.67	30947.07	9
8627.91	35510.93	9
9698.7	40221.67	9
1.18	1.26	10
1.29	1.36	10
1.64	1.75	10
2.1	2.72	10
2.25	2.3	10
2.82	2.71	10
3.7	3.92	10
6.05	5.99	10
9.63	10.02	10
17.88	20.39	10
34.33	35.07	10
61.6	68.6	10
119.11	135.31	10
236.73	267.64	10
462.61	529.59	10
920.09	1052.67	10
1781.84	2042.5	10
2676.7	3062.41	10
3514.14	4095.26	10
4425.14	5111.21	10
5268.3	6170.95	10
6153.35	7231.67	10
7010.44	8182.39	10
7875.38	9272.05	10
1.81	1.26	10
1.31	1.44	10
1.78	1.69	10
2.29	2.31	10
3.32	3.5	10
3.86	5.93	10
4.91	10.73	10
7.46	19.8	10
11.9	38.31	10
21.4	73.83	10
39.4	144.16	10
76.44	287.19	10
147.92	564.25	10
296.62	1116.88	10
581.21	2266.85	10
1159.7	4448.75	10
2261.27	8869.96	10
3361.86	13048.16	10
4444.52	17180.81	10
5549.62	21387.86	10
6643.16	25760.43	10
7738.98	29996.47	10
8853.68	34314.79	10
9965.76	38637.84	10
1.25	1.25	10
1.98	1.35	10
1.82	2.48	10
1.95	1.97	10
2.46	2.35	10
3.08	2.82	10
4.31	4.07	10
6.58	6.14	10
10.11	9.93	10
18.89	19.51	10
30.01	36.0	10
57.43	68.87	10
113.91	131.47	10
221.7	267.46	10
422.24	534.12	10
836.65	1056.24	10
1677.9	2034.82	10
2399.32	3021.7	10
3268.52	4118.77	10
4061.22	5159.31	10
4762.5	6261.5	10
5618.2	7218.03	10
6441.04	8268.08	10
7236.78	9332.73	10
1.35	1.17	10
1.47	1.53	10
1.65	1.94	10
2.11	2.4	10
3.32	3.64	10
3.8	5.91	10
4.96	10.94	10
7.95	19.4	10
12.65	38.0	10
21.49	73.93	10
40.81	146.88	10
76.94	285.23	10
150.9	574.49	10
298.52	1117.95	10
597.13	2280.08	10
1182.43	4529.95	10
2306.95	8707.19	10
3405.4	12956.43	10
4522.9	17372.4	10
5651.45	21502.11	10
6763.38	25684.21	10
7886.96	30217.08	10
8992.15	34176.23	10
10126.35	39382.99	10
1.25	1.31	11
1.44	1.31	11
1.76	1.73	11
2.35	2.3	11
3.0	3.55	11
3.29	6.02	11
4.76	10.56	11
7.21	19.5	11
11.65	37.85	11
20.34	73.08	11
38.02	143.8	11
73.84	287.95	11
144.36	566.41	11
282.74	1119.15	11
564.43	2259.03	11
1132.13	4504.35	11
2208.81	8806.4	11
3298.9	13017.95	11
4363.61	17182.36	11
5440.34	21516.86	11
6524.83	25384.94	11
7611.63	29941.06	11
8675.4	34161.12	11
9782.69	38044.42	11
1.29	1.27	11
1.48	1.46	11
1.71	1.64	11
1.89	1.99	11
2.18	2.3	11
2.84	2.75	11
3.85	3.98	11
5.7	6.07	11
10.04	9.98	11
17.88	18.69	11
31.42	35.22	11
60.32	65.85	11
116.52	132.14	11
228.68	259.34	11
452.1	514.63	11
917.7	1015.96	11
1795.47	1962.36	11
2607.17	3057.43	11
3521.69	4007.41	11
4392.04	5017.32	11
5162.58	6003.93	11
6094.56	7052.24	11
6916.61	8126.59	11
7821.93	9073.93	11
2.01	1.23	11
1.54	1.33	11
1.75	1.7	11
2.48	2.33	11
3.22	3.82	11
3.63	5.71	11
5.06	10.39	11
7.71	19.61	11
11.84	38.22	11
20.92	74.37	11
39.05	145.0	11
74.39	286.14	11
145.28	560.16	11
287.06	1119.68	11
571.11	2254.55	11
1141.15	4444.92	11
2234.25	8692.2	11
3337.53	13113.7	11
4416.35	17314.45	11
5507.23	21704.05	11
6595.53	25743.88	11
7722.03	30028.75	11
8775.71	34210.9	11
9830.25	38128.36	11
1.23	1.14	11
1.56	1.31	11
1.64	1.68	11
2.18	1.92	11
2.38	2.41	11
2.96	2.78	11
4.15	3.91	11
6.49	6.23	11
9.65	10.36	11
17.03	19.2	11
31.08	36.7	11
58.29	67.31	11
109.3	132.44	11
215.97	260.8	11
425.17	506.52	11
834.74	1012.14	11
1657.9	1986.11	11
2450.62	3037.4	11
3238.39	4015.53	11
4070.26	4995.55	11
4906.67	6030.64	11
6216.17	7093.29	11
6513.85	8983.84	11
7371.63	9066.32	11
1.26	1.13	12
1.4	1.3	12
1.83	1.68	12
2.07	2.48	12
3.0	3.28	12
3.46	5.89	12
5.64	10.49	12
6.2	19.87	12
11.58	39.12	12
20.98	77.65	12
39.32	149.21	12
76.67	292.27	12
149.86	589.13	12
297.35	1156.55	12
593.71	2320.01	12
1177.6	4661.56	12
2280.3	9117.37	12
3389.25	13585.24	12
4489.9	17749.49	12
5594.15	22181.07	12
6721.06	26764.0	12
7853.07	30879.98	12
8976.47	35616.93	12
10082.42	40412.44	12
1.31	1.25	12
1.46	1.33	12
1.62	1.47	12
1.76	1.59	12
1.95	2.2	12
2.46	2.5	12
3.26	3.42	12
4.41	5.27	12
6.13	8.96	12
9.3	15.79	12
15.4	26.61	12
26.49	45.88	12
45.26	79.43	12
86.31	155.42	12
162.25	299.29	12
330.38	601.19	12
622.17	1168.25	12
900.34	1668.99	12
1220.38	2199.41	12
1530.85	2798.61	12
1793.72	3267.14	12
2123.77	3766.68	12
2307.79	4376.1	12
2696.53	4917.39	12
1.39	1.32	12
1.38	1.38	12
1.64	1.6	12
2.35	2.24	12
2.73	3.29	12
3.6	5.68	12
4.67	10.83	12
6.68	19.99	12
11.83	38.38	12
20.95	75.97	12
38.12	148.59	12
73.44	293.93	12
145.99	587.62	12
291.15	1158.18	12
576.02	2319.94	12
1146.36	4609.16	12
2220.26	9076.67	12
3285.74	13507.67	12
4359.81	17833.87	12
5434.4	22171.8	12
6508.6	26717.33	12
7555.77	31232.24	12
8634.88	35770.35	12
9691.79	39832.86	12
1.33	1.19	12
1.38	1.37	12
1.61	1.33	12
1.84	1.52	12
2.33	1.83	12
2.65	2.48	12
3.87	3.3	12
4.15	5.07	12
6.06	9.34	12
9.05	15.46	12
14.29	25.41	12
23.27	45.24	12
39.48	81.19	12
72.13	157.52	12
136.89	303.95	12
270.74	604.94	12
525.59	1167.08	12
783.06	1711.06	12
1031.08	2264.94	12
1312.84	2852.18	12
1564.1	3297.91	12
1804.64	3874.75	12
2089.19	4410.55	12
2353.98	5041.8	12
1.12	1.29	13
1.11	1.22	13
1.41	1.68	13
1.89	2.22	13
2.22	3.03	13
3.82	5.06	13
4.63	8.48	13
4.02	13.63	13
6.36	19.47	13
8.21	26.57	13
11.56	35.3	13
17.74	50.66	13
30.26	81.5	13
54.47	128.36	13
102.62	235.24	13
197.62	443.89	13
385.59	862.69	13
744.1	1654.49	13
1093.55	2445.89	13
1473.07	3203.41	13
1832.79	4060.85	13
2178.03	4793.25	13
2504.54	5556.85	13
2885.82	6320.09	13
3260.18	7245.63	13
1.1	1.12	13
1.25	1.31	13
1.36	1.59	13
1.76	1.99	13
2.22	3.22	13
3.02	4.95	13
3.6	8.1	13
4.84	14.08	13
6.63	22.04	13
9.6	29.08	13
14.21	43.59	13
25.24	71.4	13
44.89	125.98	13
83.34	233.82	13
161.84	450.73	13
311.72	879.6	13
614.8	1735.65	13
1199.38	3422.76	13
1800.23	5080.5	13
2378.67	6677.26	13
2944.3	8309.6	13
3531.07	11736.67	13
4112.43	11682.89	13
4682.27	13181.28	13
5324.18	14814.24	13
1.11	1.05	13
1.09	1.32	13
1.46	1.54	13
2.08	1.94	13
2.99	3.05	13
2.99	4.7	13
4.02	7.95	13
4.47	12.84	13
6.08	19.45	13
7.09	26.72	13
9.9	33.94	13
16.71	52.21	13
27.94	81.97	13
49.15	124.0	13
91.23	239.34	13
175.25	439.93	13
337.0	866.15	13
634.6	1677.05	13
979.38	2450.15	13
1282.68	3180.13	13
1601.65	4040.84	13
1898.75	4817.2	13
2202.95	5562.39	13
2490.46	6369.83	13
2838.38	7238.26	13
1.01	1.16	13
1.18	1.25	13
1.36	1.57	13
2.22	2.11	13
3.18	3.01	13
3.04	4.69	13
3.96	8.71	13
4.67	13.97	13
7.17	21.75	13
9.72	28.99	13
13.51	44.46	13
22.69	70.89	13
41.78	128.57	13
78.26	231.94	13
152.93	444.08	13
299.06	874.94	13
573.13	1739.0	13
1152.89	3354.95	13
1667.64	5046.44	13
2254.63	6657.87	13
2757.01	8322.33	13
3258.02	9943.78	13
3802.93	11596.42	13
4300.6	13163.44	13
4962.78	14882.31	13
0.98	1.03	14
1.12	1.17	14
1.51	1.45	14
1.96	1.93	14
2.87	3.02	14
3.13	4.72	14
3.31	7.96	14
4.48	13.36	14
6.63	21.75	14
9.84	29.21	14
15.32	40.41	14
23.97	62.87	14
45.71	101.75	14
83.51	193.49	14
161.8	345.0	14
315.78	706.51	14
611.74	1393.86	14
1197.11	2726.19	14
1783.97	4055.79	14
2383.77	5413.12	14
2898.9	6766.37	14
3488.22	8030.99	14
4084.81	9468.53	14
4633.32	10678.34	14
5249.52	12074.29	14
1.03	0.98	14
1.26	1.15	14
1.35	1.46	14
2.0	1.97	14
2.78	2.88	14
3.74	4.65	14
3.76	8.23	14
4.36	13.04	14
6.06	20.45	14
7.43	25.54	14
10.98	38.8	14
17.34	60.9	14
30.14	109.12	14
54.36	192.94	14
100.63	384.5	14
193.98	739.09	14
376.96	1469.86	14
733.66	2848.33	14
1056.1	4208.12	14
1425.62	5642.84	14
1758.71	6962.49	14
2124.63	8378.19	14
2473.28	9839.37	14
2833.47	11215.24	14
3121.3	12558.94	14
1.08	1.11	14
1.21	1.23	14
1.36	1.41	14
2.13	1.95	14
2.85	3.06	14
3.25	4.76	14
4.79	8.1	14
5.07	13.95	14
7.09	20.69	14
9.08	28.57	14
14.32	39.41	14
23.59	62.18	14
42.96	105.23	14
77.75	186.53	14
151.05	358.82	14
297.45	693.23	14
581.61	1388.57	14
1123.41	2736.0	14
1622.69	4055.57	14
2209.22	5396.32	14
2672.2	6729.6	14
3234.64	8113.88	14
3781.66	9349.47	14
4360.45	10707.59	14
4842.38	12073.88	14
1.06	1.21	14
1.17	1.11	14
1.64	1.43	14
1.94	2.39	14
2.69	3.08	14
2.88	4.94	14
3.97	8.41	14
4.48	13.71	14
6.34	20.32	14
7.94	26.69	14
10.73	37.34	14
16.05	59.46	14
27.24	107.07	14
48.85	197.85	14
93.91	377.56	14
174.72	744.41	14
348.93	1465.04	14
671.99	2825.66	14
980.22	4252.47	14
1331.36	5626.81	14
1621.22	6970.23	14
1909.44	8399.86	14
2266.16	9827.04	14
2579.88	11148.34	14
2874.63	12530.79	14
1.14	1.13	15
1.2	1.33	15
1.4	1.45	15
2.15	2.11	15
2.25	3.21	15
2.91	4.84	15
4.36	8.1	15
5.24	14.01	15
6.05	19.98	15
8.81	27.29	15
11.45	38.94	15
17.47	62.24	15
29.93	107.73	15
55.06	201.71	15
101.02	379.3	15
191.16	741.55	15
382.5	1463.77	15
733.64	2864.86	15
1068.05	4231.43	15
1417.65	5589.55	15
1773.72	6938.75	15
2097.78	8325.9	15
2457.18	9728.66	15
2820.17	11103.04	15
3102.26	12407.59	15
1.05	0.97	15
1.28	1.29	15
1.35	1.58	15
1.97	2.04	15
2.77	3.01	15
2.99	4.98	15
3.65	8.31	15
4.88	14.08	15
7.2	21.29	15
9.57	28.86	15
14.61	39.99	15
25.03	64.11	15
43.34	111.95	15
83.32	193.63	15
159.96	385.11	15
312.44	729.82	15
611.26	1445.81	15
1211.84	2756.16	15
1777.78	4152.05	15
2358.61	5422.46	15
2902.31	6798.2	15
3522.65	8059.37	15
4100.17	9489.17	15
4641.62	10739.57	15
5203.71	12076.46	15
1.05	1.08	15
1.14	1.27	15
1.44	1.46	15
2.02	1.73	15
2.96	3.16	15
3.55	4.92	15
4.69	8.48	15
4.96	13.57	15
5.61	19.25	15
8.05	27.25	15
9.91	38.99	15
15.83	60.38	15
28.62	107.4	15
47.88	198.17	15
91.17	379.49	15
178.49	749.21	15
342.35	1462.61	15
668.78	2850.61	15
1001.26	4240.06	15
1271.58	5564.66	15
1583.8	7006.49	15
1904.51	8329.15	15
2227.09	9730.59	15
2604.86	11122.12	15
2833.51	12503.99	15
1.11	1.11	15
1.14	1.26	15
1.44	1.45	15
1.98	1.92	15
2.86	3.04	15
2.98	4.86	15
4.21	8.44	15
5.54	13.67	15
7.12	21.58	15
8.72	28.86	15
14.25	38.68	15
23.62	62.83	15
41.79	103.15	15
76.21	200.79	15
151.47	386.33	15
290.94	728.57	15
576.68	1431.73	15
1116.41	2745.61	15
1634.58	4087.21	15
2189.13	5430.57	15
2683.91	6816.34	15
3314.72	8144.21	15
3749.92	9471.36	15
4416.01	10785.54	15
4891.92	12038.42	15
1.21	1.25	16
1.15	1.26	16
1.55	1.5	16
1.95	1.95	16
2.84	3.2	16
3.23	4.69	16
3.77	8.44	16
5.48	14.38	16
6.24	21.6	16
9.8	30.4	16
15.12	44.29	16
25.41	70.72	16
45.18	126.94	16
83.64	238.01	16
161.81	455.53	16
315.76	884.19	16
623.79	1735.18	16
1217.69	3383.36	16
1791.56	5026.0	16
2387.22	6739.73	16
2944.68	8278.25	16
3493.24	9933.02	16
4135.9	11511.69	16
4716.16	13294.34	16
5298.9	14769.82	16
1.16	1.16	16
1.26	1.75	16
2.1	1.53	16
2.04	2.01	16
2.48	3.18	16
3.57	4.85	16
4.09	8.19	16
4.48	13.79	16
6.6	18.59	16
8.61	25.56	16
11.08	33.19	16
17.54	48.03	16
29.75	72.77	16
54.26	121.44	16
104.65	234.37	16
199.69	437.41	16
384.89	834.03	16
750.37	1693.74	16
1114.63	2489.41	16
1474.17	3417.56	16
1832.64	4181.89	16
2165.04	4924.65	16
2533.04	5788.99	16
2907.44	6593.23	16
3316.95	7289.96	16
1.14	1.18	16
1.32	1.27	16
1.38	1.53	16
1.99	2.12	16
2.98	3.07	16
3.53	4.9	16
4.17	8.3	16
4.6	14.22	16
6.81	20.93	16
9.7	30.84	16
14.76	45.48	16
23.55	71.91	16
42.89	126.01	16
78.74	236.63	16
149.44	450.25	16
295.93	883.15	16
590.18	1733.54	16
1109.38	3360.03	16
1676.49	4994.89	16
2212.46	6659.04	16
2683.41	8256.51	16
3264.33	9872.06	16
3813.72	11570.47	16
4393.92	13250.34	16
4817.95	14882.14	16
1.17	1.65	16
1.17	1.44	16
1.48	1.64	16
2.17	2.11	16
2.74	3.32	16
3.41	4.88	16
4.33	9.43	16
4.44	13.43	16
6.68	19.31	16
7.43	26.57	16
10.52	35.52	16
16.44	50.44	16
28.09	77.8	16
49.62	123.92	16
90.66	219.85	16
172.52	443.43	16
342.51	852.18	16
648.2	1657.94	16
960.51	2494.18	16
1320.25	3336.39	16
1617.65	4144.41	16
1928.92	4893.56	16
2216.03	5694.28	16
2525.39	6486.78	16
2847.12	7324.06	16
1.2	0.99	17
1.44	1.2	17
1.54	1.34	17
2.06	2.18	17
2.64	2.5	17
3.11	2.88	17
3.27	3.25	17
3.58	3.68	17
3.68	3.75	17
4.4	4.33	17
5.54	5.11	17
8.26	7.29	17
12.85	12.35	17
20.95	18.5	17
39.13	33.03	17
70.01	56.56	17
131.54	102.68	17
260.07	193.57	17
505.5	376.4	17
1002.19	719.18	17
1960.13	1427.98	17
2903.39	2139.22	17
3759.6	2811.09	17
4832.94	3578.5	17
5715.47	4116.43	17
6632.32	4909.25	17
7629.49	5576.28	17
8473.68	6110.78	17
1.06	0.99	17
1.26	1.14	17
1.57	1.59	17
2.12	2.06	17
2.73	2.81	17
3.16	2.65	17
3.49	3.33	17
4.0	4.13	17
5.68	5.18	17
6.8	7.97	17
10.69	12.4	17
16.6	22.35	17
27.83	42.19	17
42.85	82.76	17
72.72	160.32	17
143.84	318.02	17
275.0	621.28	17
543.67	1229.38	17
1079.07	2453.06	17
2157.69	4888.38	17
4233.42	9637.05	17
6303.3	14331.83	17
8349.5	18797.74	17
10354.51	23746.24	17
12478.81	28232.91	17
14483.03	33296.21	17
16543.43	37587.49	17
18634.5	42809.7	17
1.0	1.04	17
1.24	1.12	17
1.47	1.64	17
2.59	2.11	17
2.75	2.82	17
3.11	3.01	17
3.24	3.11	17
4.15	3.69	17
3.67	4.17	17
4.76	4.58	17
7.36	5.58	17
7.86	7.8	17
11.93	11.5	17
20.07	18.28	17
33.88	30.91	17
57.38	55.42	17
104.63	104.21	17
197.92	193.82	17
385.93	370.96	17
761.82	750.9	17
1471.8	1427.73	17
2166.1	2154.23	17
2922.24	2816.66	17
3592.63	3574.72	17
4199.2	4082.22	17
5095.9	4951.21	17
5741.3	5562.73	17
6470.6	6233.02	17
1.06	1.02	17
1.76	1.17	17
1.59	2.15	17
2.18	2.04	17
2.54	2.6	17
3.0	2.94	17
3.49	3.51	17
4.36	4.31	17
4.9	5.29	17
6.53	8.08	17
9.95	12.86	17
15.72	22.49	17
23.59	43.02	17
41.13	82.75	17
78.03	160.0	17
145.79	314.04	17
286.77	619.55	17
562.48	1231.75	17
1113.38	2473.11	17
2242.84	4920.82	17
4354.28	9652.48	17
6470.68	14328.33	17
8608.07	18952.85	17
10700.23	23516.54	17
12824.64	28075.59	17
14901.85	33080.48	17
16923.33	37296.0	17
19179.32	42486.83	17
1.12	1.08	18
1.91	1.33	18
1.61	1.62	18
2.17	2.17	18
2.61	2.75	18
3.25	2.82	18
3.64	3.09	18
3.62	3.43	18
4.47	3.87	18
5.37	4.75	18
6.41	6.33	18
9.15	7.94	18
14.41	13.01	18
26.0	23.19	18
46.81	39.63	18
87.06	77.05	18
166.69	146.81	18
327.73	299.5	18
645.99	571.35	18
1279.14	1115.05	18
2522.87	2254.2	18
3680.4	3304.7	18
4956.09	4265.34	18
6196.97	5906.76	18
7447.06	6654.89	18
8654.2	7600.81	18
9668.63	8601.34	18
11120.31	9587.42	18
1.11	1.05	18
1.36	1.34	18
1.6	1.67	18
2.8	2.26	18
2.69	2.81	18
3.24	3.26	18
3.3	3.66	18
4.03	4.44	18
5.58	5.67	18
7.1	7.71	18
9.94	12.77	18
13.99	22.87	18
21.45	41.88	18
37.74	77.75	18
71.61	154.28	18
132.5	302.12	18
264.04	598.46	18
512.04	1172.63	18
1017.15	2352.34	18
2015.6	4671.8	18
3957.49	9125.4	18
5879.42	13680.07	18
7809.84	18227.23	18
9752.35	22513.03	18
11655.32	27143.77	18
13597.57	31709.25	18
15466.9	36192.66	18
17458.69	40295.05	18
1.72	0.97	18
1.94	1.22	18
1.76	1.72	18
2.27	2.15	18
3.01	2.61	18
3.07	3.45	18
3.72	3.33	18
3.79	3.26	18
4.22	3.82	18
4.94	4.47	18
6.87	5.64	18
9.0	7.86	18
13.99	13.26	18
23.36	22.89	18
41.2	41.63	18
75.59	73.28	18
143.08	146.53	18
280.15	282.42	18
545.44	556.66	18
1098.99	1148.4	18
2129.6	2161.9	18
3108.04	3231.48	18
4040.15	4313.49	18
5150.86	5480.27	18
6216.01	6414.49	18
7225.51	7499.39	18
8251.16	8509.67	18
9413.84	9643.01	18
1.2	1.0	18
1.39	1.2	18
2.03	1.6	18
1.94	2.25	18
2.82	2.8	18
3.15	2.83	18
3.77	3.61	18
4.28	4.31	18
5.63	5.38	18
7.07	7.57	18
10.71	12.85	18
13.94	22.01	18
27.32	41.42	18
39.87	81.03	18
74.03	153.59	18
138.53	302.49	18
270.56	590.54	18
532.77	1183.79	18
1059.31	2367.38	18
2110.72	4713.21	18
4140.44	9172.77	18
6156.85	13748.86	18
8167.27	17979.62	18
10199.76	22418.37	18
12169.97	26856.28	18
14238.54	31304.91	18
16266.43	35912.47	18
18247.55	41003.6	18
1.09	1.11	19
1.43	1.32	19
1.73	1.74	19
2.15	2.38	19
2.61	2.52	19
3.45	2.81	19
3.46	3.55	19
4.51	4.03	19
5.06	5.55	19
6.57	7.68	19
9.62	12.5	19
12.14	21.92	19
24.77	42.09	19
37.5	78.85	19
68.6	152.07	19
133.56	302.98	19
264.9	597.57	19
504.97	1175.33	19
1007.81	2367.72	19
2011.03	4737.72	19
3954.84	9126.62	19
5869.93	13715.79	19
7805.7	18151.73	19
9733.83	22843.85	19
11676.39	26939.7	19
13563.36	31677.34	19
15529.15	35865.26	19
17414.54	40564.56	19
1.1	1.03	19
1.4	1.35	19
1.79	1.65	19
2.25	2.28	19
2.88	2.81	19
3.15	3.16	19
3.43	3.44	19
3.69	3.38	19
4.19	4.23	19
5.18	5.0	19
6.25	5.71	19
9.7	9.0	19
15.22	12.27	19
24.91	22.42	19
45.74	42.37	19
86.02	76.73	19
172.32	147.06	19
324.86	288.95	19
646.53	565.05	19
1282.46	1114.93	19
2472.77	2205.66	19
3675.16	3250.44	19
4878.61	4409.06	19
6651.62	5483.1	19
7309.24	6962.43	19
8640.5	7583.25	19
9732.64	8728.41	19
11122.24	9801.85	19
1.17	1.15	19
1.41	1.29	19
1.75	1.59	19
2.17	2.22	19
2.96	3.57	19
3.11	2.92	19
3.35	3.04	19
4.28	4.18	19
5.57	5.51	19
7.93	8.29	19
10.57	13.02	19
15.41	22.7	19
20.49	41.43	19
41.11	79.15	19
73.91	153.47	19
137.18	302.83	19
276.63	590.82	19
529.51	1181.57	19
1048.86	2352.47	19
2115.91	4737.24	19
4133.87	9187.01	19
6140.7	13545.21	19
8153.51	18206.18	19
10180.53	22785.83	19
12192.69	26858.31	19
14197.13	31181.46	19
16171.55	36235.17	19
18237.67	40431.52	19
1.12	1.11	19
1.35	1.28	19
1.7	1.69	19
2.2	2.14	19
2.8	2.68	19
3.42	2.99	19
3.76	3.23	19
3.55	3.35	19
3.99	4.18	19
5.13	4.59	19
7.33	5.57	19
10.53	8.08	19
14.4	13.46	19
23.93	21.84	19
41.5	40.59	19
75.09	78.28	19
143.15	146.04	19
276.02	289.21	19
558.91	586.39	19
1086.99	1082.2	19
2105.35	2193.23	19
3129.6	3345.75	19
4152.6	4430.23	19
5205.63	5430.27	19
6175.49	6465.87	19
7255.55	7668.38	19
8259.44	8573.73	19
9253.4	9777.59	19
1.05	0.97	20
1.42	1.27	20
1.63	1.53	20
2.35	2.09	20
2.52	2.66	20
2.82	3.23	20
3.42	3.24	20
4.08	3.97	20
4.99	5.41	20
7.16	8.29	20
10.27	12.7	20
15.79	23.93	20
22.37	42.01	20
39.68	83.34	20
72.55	158.4	20
140.37	312.19	20
272.5	633.8	20
548.97	1234.0	20
1083.03	2444.54	20
2153.53	4915.65	20
4213.5	9521.65	20
6264.89	14307.09	20
8366.7	18698.43	20
10403.88	23781.67	20
12470.15	28458.83	20
14497.69	33130.56	20
16526.77	37477.55	20
18626.18	42425.62	20
0.97	0.91	20
1.16	1.08	20
1.56	1.52	20
1.94	2.08	20
2.55	2.59	20
2.63	2.76	20
3.27	3.42	20
3.32	3.2	20
4.13	3.4	20
4.95	4.54	20
6.09	4.95	20
7.89	7.73	20
13.02	11.5	20
21.42	18.41	20
37.93	31.49	20
70.12	54.36	20
132.4	104.16	20
257.06	194.16	20
512.91	379.9	20
1006.63	735.0	20
1915.12	1413.05	20
2934.92	2174.9	20
3861.57	2804.08	20
4738.17	3574.27	20
5638.88	4345.05	20
6770.08	4774.04	20
7765.45	5523.9	20
8615.35	6491.98	20
1.06	0.98	20
1.25	1.18	20
1.54	1.51	20
1.92	1.98	20
3.21	2.75	20
2.99	3.25	20
3.48	3.37	20
3.7	4.11	20
5.63	5.4	20
7.59	7.9	20
10.68	12.46	20
14.1	22.64	20
23.28	42.9	20
41.53	81.79	20
77.05	158.55	20
144.36	316.38	20
284.17	624.44	20
559.05	1224.42	20
1108.28	2490.38	20
2224.08	4906.73	20
4353.33	9587.27	20
6463.04	14231.14	20
8600.39	18857.31	20
10722.9	23826.85	20
12834.77	27893.08	20
14960.47	32950.77	20
17023.81	37790.46	20
19137.43	42486.71	20
1.08	0.9	20
1.31	1.32	20
1.65	1.49	20
1.89	2.05	20
2.53	2.57	20
2.72	3.07	20
3.17	3.24	20
3.7	3.4	20
3.97	3.42	20
5.43	4.43	20
5.83	6.16	20
7.92	6.47	20
13.01	11.13	20
19.78	18.8	20
32.62	32.74	20
57.06	57.75	20
104.61	102.4	20
203.86	187.15	20
398.62	372.46	20
765.01	747.21	20
1513.47	1406.41	20
2224.73	2127.73	20
2893.65	2765.41	20
3587.64	3583.05	20
4340.62	4198.6	20
5130.42	4739.09	20
5694.25	5644.59	20
6439.6	6123.52	20
1.07	1.07	21
1.13	1.11	21
0.86	1.08	21
1.01	0.95	21
1.1	1.07	21
1.16	1.9	21
1.35	1.18	21
1.56	1.39	21
1.76	2.47	21
2.4	2.06	21
2.69	2.67	21
3.94	3.71	21
6.4	5.97	21
11.33	10.32	21
20.22	18.39	21
37.47	34.27	21
71.92	64.83	21
138.99	126.39	21
277.94	242.19	21
522.17	460.22	21
767.73	692.09	21
1032.6	917.57	21
1302.76	1119.06	21
1530.33	1389.57	21
1784.87	1561.7	21
2048.82	1811.19	21
2307.28	2097.06	21
0.98	0.95	21
0.93	1.42	21
0.96	0.95	21
0.88	1.47	21
1.05	0.98	21
1.02	1.08	21
1.34	1.51	21
1.62	1.48	21
2.12	2.3	21
3.22	3.68	21
4.16	6.43	21
7.0	11.11	21
17.86	21.44	21
23.99	41.2	21
46.82	82.45	21
90.78	166.03	21
184.55	321.63	21
463.84	634.77	21
714.97	1266.22	21
2100.37	2455.87	21
2124.89	3650.71	21
2706.81	4858.02	21
3402.96	6018.12	21
4037.81	7280.21	21
4813.52	8481.06	21
5410.09	9632.77	21
6053.27	10850.22	21
0.89	0.93	21
1.07	0.84	21
0.96	1.09	21
0.98	1.17	21
1.16	0.91	21
0.98	1.23	21
1.41	1.32	21
1.53	1.47	21
1.82	1.73	21
2.32	2.0	21
2.81	2.62	21
4.15	3.77	21
6.03	5.92	21
10.23	10.1	21
18.53	18.24	21
33.27	33.44	21
63.8	64.24	21
124.88	122.8	21
240.49	241.43	21
459.28	469.27	21
682.95	686.0	21
907.52	902.2	21
1128.35	1133.47	21
1361.48	1344.66	21
1555.15	1579.23	21
1753.28	1824.9	21
1988.83	2032.45	21
0.95	0.92	21
0.99	0.98	21
1.0	1.02	21
1.04	1.07	21
1.14	0.95	21
1.12	1.14	21
1.24	1.25	21
1.66	1.73	21
2.4	2.26	21
2.77	3.71	21
4.1	6.29	21
7.26	10.99	21
18.76	21.4	21
30.81	41.07	21
59.76	82.57	21
116.42	164.15	21
183.54	319.44	21
362.68	634.57	21
729.6	1262.96	21
1505.45	2474.61	21
2101.35	3696.65	21
2783.84	4871.09	21
3448.17	6081.91	21
4150.88	7311.23	21
4853.85	8520.54	21
5540.14	9699.11	21
6242.7	10821.76	21
0.97	0.89	22
1.11	0.87	22
0.98	1.06	22
1.08	1.07	22
1.19	1.14	22
1.14	1.14	22
1.32	1.29	22
1.49	2.01	22
2.19	1.82	22
2.29	2.35	22
3.55	3.77	22
5.84	5.65	22
10.28	9.91	22
19.38	18.28	22
36.06	33.95	22
69.22	65.55	22
134.67	128.64	22
272.96	251.49	22
543.08	500.56	22
1042.87	969.87	22
1524.03	1448.19	22
2060.08	1925.7	22
2567.29	2451.49	22
3069.72	2892.71	22
3609.25	3398.32	22
4123.52	3839.12	22
4592.0	4310.04	22
1.05	0.96	22
0.98	1.06	22
0.99	1.02	22
1.11	1.04	22
1.09	1.09	22
1.21	1.27	22
1.44	1.45	22
1.75	1.69	22
2.07	2.23	22
3.13	3.47	22
4.34	6.08	22
7.16	9.78	22
13.03	18.54	22
20.52	36.11	22
46.91	68.56	22
75.96	135.13	22
148.69	272.03	22
294.38	545.43	22
831.81	1078.31	22
1402.1	2093.22	22
1694.44	3118.02	22
2278.22	4128.29	22
2821.51	5149.35	22
3366.44	6142.6	22
5051.73	7368.9	22
4786.82	8167.23	22
5490.24	9255.3	22
1.05	1.0	22
0.99	1.0	22
0.97	1.6	22
1.04	1.03	22
1.05	1.03	22
1.82	1.33	22
1.29	1.26	22
2.29	1.62	22
1.97	1.82	22
2.46	2.32	22
3.7	3.16	22
5.67	6.43	22
10.24	9.44	22
18.62	17.57	22
33.79	34.29	22
67.69	66.35	22
123.92	129.73	22
241.05	256.25	22
493.38	499.98	22
922.77	972.55	22
1444.85	1472.51	22
2023.65	1941.9	22
2514.05	2411.3	22
2726.69	2877.27	22
3210.46	3322.06	22
3605.55	3830.02	22
4110.64	4291.86	22
1.01	0.91	22
1.07	1.04	22
1.52	1.11	22
1.1	0.95	22
1.13	1.12	22
1.21	1.17	22
1.36	1.51	22
1.76	1.61	22
2.37	2.33	22
2.78	3.3	22
4.84	5.31	22
9.03	10.27	22
12.18	18.35	22
21.88	36.95	22
59.76	69.52	22
100.01	136.97	22
157.95	271.17	22
313.92	541.73	22
626.27	1078.29	22
1484.12	2084.76	22
1809.38	3131.84	22
2402.1	4145.34	22
2977.28	5143.33	22
4040.4	6196.12	22
5215.18	8018.35	22
4801.45	8222.53	22
5871.09	9333.36	22
1.01	0.95	23
1.09	1.04	23
1.01	0.96	23
1.15	0.96	23
1.11	1.19	23
1.29	1.16	23
1.38	1.32	23
1.8	1.66	23
1.95	2.21	23
2.46	3.46	23
4.4	5.5	23
8.4	9.91	23
10.81	18.5	23
29.21	35.4	23
47.78	69.99	23
92.75	136.73	23
224.65	271.5	23
296.33	541.14	23
588.03	1075.26	23
1156.63	2096.06	23
2075.13	3123.32	23
2982.47	4162.62	23
2839.08	5132.07	23
3351.54	6157.66	23
4044.84	7176.91	23
4520.69	8217.47	23
5054.11	9227.85	23
1.61	0.9	23
0.97	0.97	23
1.08	0.9	23
1.02	1.0	23
1.14	1.17	23
1.24	1.24	23
1.21	1.34	23
1.48	1.45	23
1.74	2.02	23
2.37	2.27	23
3.4	3.42	23
5.94	5.66	23
10.34	9.97	23
20.11	18.54	23
37.28	35.04	23
71.51	66.39	23
136.92	129.41	23
274.17	258.57	23
531.14	505.09	23
1040.09	980.68	23
1488.58	1460.64	23
2087.53	1931.39	23
2571.53	2406.74	23
3055.44	2904.15	23
3503.97	3392.6	23
4078.06	3876.93	23
4573.82	4331.39	23
0.98	0.93	23
1.04	1.03	23
1.07	1.09	23
0.97	1.14	23
1.05	1.39	23
1.23	1.14	23
1.54	1.22	23
1.9	1.59	23
2.04	2.36	23
2.91	3.2	23
4.16	5.64	23
8.88	9.97	23
11.68	18.04	23
21.67	35.01	23
60.01	69.77	23
81.29	136.58	23
197.73	271.88	23
316.23	538.86	23
761.09	1074.71	23
1472.36	2088.26	23
2182.57	3131.19	23
2483.95	4152.97	23
3005.07	5145.06	23
3584.47	6184.48	23
4340.84	7211.48	23
5924.9	8258.58	23
5370.22	9223.69	23
1.04	0.96	23
0.98	1.03	23
1.08	1.08	23
1.07	1.06	23
1.16	0.94	23
1.13	1.19	23
1.36	1.37	23
1.86	1.35	23
2.12	1.74	23
2.28	2.43	23
3.38	3.28	23
5.51	5.21	23
9.52	10.03	23
19.54	18.81	23
32.58	34.67	23
66.39	66.61	23
124.22	132.04	23
248.56	253.79	23
489.17	508.91	23
967.65	977.92	23
1373.52	1461.03	23
1913.53	1936.59	23
2284.39	2422.27	23
2706.08	2918.66	23
3243.92	3363.16	23
3715.28	3880.68	23
4273.0	4290.47	23
0.91	0.98	24
1.06	0.97	24
0.91	0.96	24
0.96	1.01	24
1.01	1.01	24
1.04	1.01	24
1.22	1.45	24
1.81	1.61	24
2.11	2.78	24
2.62	3.64	24
4.36	6.37	24
9.32	11.14	24
12.62	21.11	24
24.29	42.56	24
51.36	86.54	24
114.63	161.45	24
178.59	318.28	24
448.0	633.8	24
703.63	1263.08	24
1367.94	2447.17	24
2050.49	3655.43	24
2736.4	4867.98	24
3366.15	6049.56	24
4097.01	7221.85	24
4754.53	8414.92	24
5407.79	9743.92	24
6107.39	10954.02	24
0.95	0.93	24
0.92	0.98	24
0.85	0.91	24
1.05	1.06	24
1.08	1.24	24
0.98	1.13	24
1.2	1.31	24
1.46	1.36	24
1.63	1.62	24
2.2	1.96	24
2.52	2.48	24
3.95	3.57	24
6.2	5.75	24
11.04	10.18	24
19.8	18.05	24
35.8	34.26	24
72.42	65.58	24
140.7	121.78	24
274.57	240.19	24
496.68	472.88	24
784.69	707.14	24
1046.06	914.66	24
1304.65	1167.88	24
1520.37	1385.95	24
1767.63	1574.75	24
2080.46	1836.14	24
2298.25	2064.81	24
0.9	0.84	24
0.93	0.99	24
0.91	0.93	24
0.92	0.92	24
0.92	0.94	24
1.1	1.03	24
1.16	1.29	24
1.48	1.4	24
2.18	2.18	24
2.73	3.39	24
5.73	5.96	24
8.61	11.11	24
16.19	21.86	24
24.69	41.96	24
47.41	82.14	24
92.65	161.72	24
232.7	319.49	24
379.34	638.36	24
723.7	1270.62	24
1424.48	2468.97	24
2089.11	3674.63	24
2937.68	4820.64	24
3461.16	6067.11	24
4137.78	7220.8	24
4831.37	8551.6	24
5554.69	9629.49	24
6212.16	10819.72	24
0.85	1.01	24
0.83	0.97	24
1.01	0.93	24
1.13	0.96	24
1.03	1.07	24
1.14	1.05	24
1.94	1.18	24
1.56	1.41	24
2.58	1.76	24
2.21	2.05	24
2.83	2.64	24
3.98	3.63	24
6.08	5.87	24
10.15	9.95	24
20.77	18.43	24
36.45	33.45	24
65.47	65.32	24
124.16	123.27	24
249.04	238.64	24
482.27	459.75	24
666.11	691.93	24
906.26	935.12	24
1109.36	1152.57	24
1327.81	1374.96	24
1528.77	1593.13	24
1775.11	1803.36	24
2017.29	2072.4	24
1.95	1.89	25
2.04	2.38	25
2.64	2.98	25
3.32	3.55	25
3.49	3.23	25
3.41	3.52	25
4.05	3.26	25
4.42	4.12	25
4.87	4.58	25
6.1	5.5	25
8.78	7.24	25
14.81	11.26	25
25.95	18.39	25
47.77	33.37	25
88.68	59.83	25
171.39	116.07	25
332.37	220.8	25
678.2	429.45	25
1281.54	845.9	25
1909.67	1260.15	25
2552.63	1688.16	25
3218.74	2065.91	25
3762.26	2452.46	25
4474.14	2863.36	25
5077.66	3245.99	25
5742.62	3682.12	25
1.69	1.88	25
2.34	2.54	25
2.93	3.26	25
3.67	3.97	25
3.55	3.88	25
4.05	4.46	25
4.31	4.92	25
5.73	5.87	25
7.17	7.85	25
10.11	11.8	25
15.31	19.83	25
22.33	36.95	25
37.27	68.35	25
71.82	132.27	25
130.49	257.31	25
255.03	508.17	25
503.63	1009.55	25
995.21	2017.69	25
1922.63	3930.05	25
2882.75	5870.92	25
3844.05	7704.2	25
4746.55	9706.55	25
5673.08	11687.06	25
8962.44	13457.58	25
7501.92	15333.9	25
8464.24	17340.86	25
1.55	1.92	25
2.26	2.06	25
2.84	3.0	25
3.21	3.2	25
3.43	3.56	25
3.51	3.32	25
4.41	3.08	25
4.66	3.63	25
5.02	4.91	25
6.94	5.84	25
9.34	8.15	25
13.83	11.54	25
24.84	18.43	25
44.6	32.07	25
84.16	60.27	25
161.63	115.1	25
315.98	223.01	25
568.15	449.53	25
1207.57	836.33	25
1764.32	1245.31	25
2099.86	1674.15	25
2974.67	2077.03	25
3501.6	2463.65	25
4060.45	2912.18	25
4199.09	3344.91	25
5262.49	3668.77	25
1.54	1.55	25
2.1	2.62	25
2.98	3.38	25
3.78	3.71	25
3.9	4.01	25
4.15	4.13	25
4.78	5.08	25
6.13	5.67	25
6.1	8.01	25
10.76	11.72	25
14.35	20.13	25
24.05	35.58	25
37.82	68.14	25
71.35	130.2	25
135.49	258.34	25
255.32	503.66	25
499.57	1012.94	25
1000.1	2022.02	25
1960.22	3928.22	25
2860.14	5830.97	25
3811.41	7701.07	25
4680.68	9658.78	25
5722.84	11578.99	25
6562.4	13445.1	25
10227.99	15438.79	25
8468.95	17292.81	25
1.65	1.9	26
2.19	2.31	26
2.86	3.14	26
3.31	3.75	26
3.94	3.86	26
3.92	3.92	26
4.08	4.39	26
4.17	4.73	26
5.8	5.55	26
7.93	7.29	26
11.54	10.22	26
18.94	15.55	26
34.55	27.48	26
59.17	50.79	26
111.84	95.32	26
236.54	181.47	26
432.55	359.8	26
923.68	715.44	26
1811.86	1398.04	26
2707.09	2039.17	26
3518.25	2742.04	26
4427.88	3404.81	26
5316.19	4076.32	26
6139.25	4711.19	26
7072.81	5420.99	26
7912.57	6038.25	26
1.66	1.78	26
2.42	2.12	26
2.91	2.82	26
3.36	3.27	26
3.48	3.68	26
4.08	3.62	26
3.95	4.2	26
4.61	5.56	26
6.12	7.41	26
9.65	10.96	26
12.56	17.57	26
22.34	32.06	26
30.76	61.07	26
56.21	118.71	26
106.92	230.37	26
201.86	455.25	26
563.4	902.02	26
793.15	1800.64	26
1545.53	3496.63	26
2323.22	5230.61	26
3095.15	6917.8	26
3858.93	8653.64	26
8450.17	10281.27	26
5368.94	12126.65	26
6152.55	13828.35	26
6923.55	15437.9	26
1.73	1.88	26
2.36	2.34	26
3.55	3.08	26
3.55	3.84	26
4.02	4.15	26
4.3	4.08	26
4.22	4.82	26
4.84	5.38	26
5.96	5.27	26
7.91	7.81	26
11.62	10.23	26
18.72	16.03	26
33.78	26.48	26
60.8	50.6	26
116.02	92.8	26
224.56	181.7	26
444.01	360.0	26
817.06	707.37	26
1692.34	1451.58	26
2485.97	2200.48	26
3331.68	2701.29	26
4101.09	3415.97	26
4952.27	4089.7	26
5760.53	4739.72	26
6551.58	5400.62	26
6927.02	6113.49	26
1.86	1.72	26
2.16	2.37	26
2.9	3.01	26
2.82	3.53	26
3.64	2.9	26
3.31	3.67	26
4.07	4.35	26
4.75	5.06	26
6.61	6.87	26
10.08	10.69	26
12.3	17.75	26
18.97	31.84	26
32.66	61.38	26
54.13	118.65	26
106.19	228.42	26
205.01	458.47	26
566.81	905.27	26
1134.27	1812.36	26
1557.98	3508.14	26
2363.43	5233.32	26
3117.84	6922.41	26
5563.25	8659.97	26
6619.73	10367.19	26
5371.27	12092.84	26
6233.06	13781.56	26
7075.05	15353.26	26
1.68	1.73	27
2.41	2.46	27
2.52	2.94	27
2.96	3.24	27
3.61	3.78	27
3.57	3.76	27
4.53	3.9	27
5.47	4.97	27
6.5	6.92	27
10.26	10.57	27
12.51	18.62	27
18.33	31.86	27
33.62	60.68	27
59.48	117.96	27
108.22	230.9	27
208.88	453.31	27
409.47	907.37	27
816.72	1806.99	27
2236.64	3512.76	27
2349.25	5201.73	27
3119.62	6939.5	27
3881.42	8661.81	27
4651.95	10420.1	27
7605.64	12086.08	27
6167.95	13902.21	27
6956.14	15570.63	27
1.51	1.58	27
2.14	2.2	27
2.98	3.09	27
3.5	3.78	27
4.13	3.87	27
4.16	4.13	27
4.23	4.28	27
4.9	4.88	27
5.26	5.62	27
8.02	7.12	27
11.62	10.35	27
19.2	16.11	27
34.39	27.35	27
63.12	50.31	27
121.9	97.55	27
218.91	184.05	27
465.04	358.91	27
925.97	707.27	27
1781.53	1357.2	27
2468.92	2074.7	27
3524.38	2772.11	27
4368.24	3359.76	27
5162.76	4039.33	27
6094.75	4749.3	27
6967.83	5367.55	27
7855.22	6080.54	27
1.64	1.69	27
2.13	2.15	27
3.09	3.12	27
3.18	3.21	27
3.16	3.15	27
3.74	3.8	27
4.43	4.67	27
5.41	5.49	27
7.63	7.23	27
8.31	10.83	27
11.44	17.82	27
18.97	32.13	27
33.01	60.54	27
59.68	117.4	27
152.06	230.24	27
214.83	456.57	27
419.91	908.86	27
829.25	1810.28	27
1597.4	3500.55	27
3351.09	5226.69	27
3158.62	6934.66	27
3946.5	8624.8	27
4734.27	10316.88	27
5517.59	12065.75	27
6369.17	13767.86	27
7036.09	15465.21	27
1.47	1.83	27
2.17	2.28	27
3.0	3.13	27
3.37	3.79	27
3.26	3.96	27
3.89	4.11	27
4.58	4.24	27
5.14	4.7	27
6.05	5.48	27
8.44	6.95	27
11.42	10.19	27
18.71	16.95	27
33.38	27.01	27
60.38	51.85	27
110.9	95.5	27
226.57	186.57	27
438.44	364.21	27
870.47	722.16	27
1685.62	1379.04	27
2485.12	2051.34	27
3297.48	2696.75	27
4087.94	3405.67	27
4938.49	4070.35	27
5719.05	4797.15	27
6459.77	5424.44	27
7276.43	6139.74	27
1.43	1.74	28
2.41	2.18	28
3.04	3.2	28
3.91	4.09	28
4.04	4.65	28
4.04	4.29	28
5.01	5.4	28
5.41	5.85	28
6.08	7.93	28
8.6	11.96	28
16.86	20.38	28
22.05	37.03	28
37.92	69.16	28
68.66	130.2	28
131.42	259.41	28
255.82	507.22	28
500.65	1007.84	28
983.5	2013.5	28
1933.47	3900.73	28
2851.2	5817.91	28
3841.08	7771.69	28
4775.48	9676.51	28
5656.69	11584.76	28
6579.46	13516.14	28
10195.54	15313.64	28
8509.94	17209.75	28
1.87	1.82	28
2.28	2.21	28
2.87	2.99	28
3.12	3.23	28
3.05	3.3	28
3.31	3.15	28
4.06	3.1	28
4.59	3.85	28
4.64	4.16	28
5.69	5.66	28
8.79	8.0	28
13.75	11.76	28
25.5	18.75	28
47.89	33.64	28
90.74	61.98	28
173.09	113.03	28
336.92	220.17	28
648.15	436.61	28
1152.03	851.29	28
1919.32	1252.92	28
2549.25	1634.84	28
2765.29	2042.9	28
3797.17	2419.64	28
4422.7	2847.43	28
5069.71	3291.2	28
5652.84	3644.82	28
1.73	1.64	28
2.18	2.21	28
3.07	3.17	28
3.62	3.62	28
3.9	3.97	28
4.13	4.82	28
4.43	5.34	28
6.07	6.2	28
8.02	7.94	28
11.92	11.85	28
13.3	20.46	28
21.07	35.97	28
38.64	68.53	28
89.66	131.4	28
131.29	256.81	28
253.58	508.8	28
673.38	1018.02	28
991.64	2009.11	28
1912.92	3938.5	28
2892.41	5833.13	28
3756.86	7710.36	28
4715.03	9656.14	28
5707.56	11501.93	28
6485.27	13429.21	28
7559.47	15518.79	28
8404.28	17321.29	28
1.72	1.74	28
2.17	2.23	28
2.89	2.85	28
3.04	3.29	28
3.11	3.38	28
3.97	3.13	28
3.4	4.2	28
4.24	3.83	28
4.88	4.61	28
6.38	5.73	28
9.14	7.25	28
13.58	12.11	28
25.58	18.72	28
45.08	33.32	28
84.99	59.69	28
162.99	114.07	28
315.26	221.26	28
561.6	441.55	28
1215.18	844.76	28
1776.14	1243.09	28
2214.52	1630.59	28
2930.19	2051.25	28
3175.49	2414.54	28
3695.11	2892.93	28
4616.12	3307.74	28
5190.25	3610.5	28
0.9	0.8	29
0.95	0.89	29
1.19	1.1	29
1.54	1.57	29
2.29	2.31	29
2.9	2.69	29
3.17	3.01	29
3.1	3.01	29
3.49	3.17	29
3.65	3.56	29
3.42	3.53	29
4.58	4.28	29
6.31	5.31	29
8.13	7.17	29
11.76	10.79	29
20.18	16.82	29
31.0	30.39	29
67.3	56.25	29
126.76	105.49	29
208.36	205.18	29
410.99	408.53	29
1075.03	789.07	29
1156.1	1125.58	29
1568.61	1520.23	29
1913.24	1935.21	29
2333.06	2309.23	29
3193.96	2649.01	29
3586.32	3017.39	29
3423.25	3438.71	29
1.74	0.94	29
1.55	0.99	29
1.19	1.29	29
1.49	1.66	29
2.13	2.2	29
2.68	2.72	29
3.25	3.04	29
3.33	3.4	29
3.44	3.18	29
3.97	4.51	29
4.76	4.77	29
6.76	6.33	29
9.48	10.08	29
14.87	17.09	29
22.99	30.9	29
59.69	59.55	29
99.35	114.32	29
192.17	225.26	29
374.13	441.38	29
744.06	876.0	29
1210.62	1741.23	29
2862.96	3376.51	29
4235.89	4972.44	29
6556.01	6513.19	29
8082.52	8073.09	29
9621.48	9690.92	29
11263.5	11250.02	29
12778.21	12672.34	29
14366.4	14302.84	29
0.92	0.82	29
0.98	0.98	29
1.15	1.21	29
1.46	1.45	29
1.97	2.17	29
2.49	2.72	29
2.93	3.07	29
4.03	2.99	29
3.36	3.36	29
3.81	3.44	29
3.64	3.87	29
4.85	4.63	29
6.18	5.5	29
8.21	6.58	29
12.84	10.55	29
19.43	17.58	29
36.18	29.39	29
59.22	55.75	29
125.3	106.96	29
211.25	204.22	29
405.48	397.0	29
785.57	782.68	29
1162.76	1150.41	29
1803.25	1522.89	29
1939.67	1875.89	29
2301.61	2307.05	29
3109.13	2683.49	29
3552.0	3040.28	29
4497.79	3375.18	29
0.96	0.76	29
0.98	0.87	29
1.21	1.17	29
1.5	1.51	29
1.94	2.14	29
2.31	2.58	29
2.99	3.0	29
3.1	3.02	29
3.19	3.53	29
3.23	3.82	29
4.95	4.5	29
7.51	6.48	29
7.89	10.14	29
14.43	16.71	29
29.12	30.93	29
50.21	57.66	29
96.4	110.25	29
155.19	220.29	29
435.01	436.29	29
738.71	859.62	29
919.81	1697.5	29
2803.43	3330.87	29
4908.99	4887.38	29
6507.72	6457.5	29
6895.14	9083.81	29
8198.18	9635.83	29
11220.74	11204.08	29
12753.33	12686.03	29
14421.14	14397.59	29
1.19	0.97	30
1.09	1.09	30
1.22	1.33	30
2.5	1.64	30
2.3	2.23	30
2.61	2.64	30
2.95	3.28	30
3.48	3.27	30
3.63	3.26	30
3.96	3.25	30
4.07	4.11	30
5.0	4.84	30
6.29	6.42	30
8.96	8.94	30
14.49	14.58	30
26.2	25.8	30
48.31	48.4	30
98.81	90.82	30
174.79	173.73	30
376.14	341.45	30
684.52	680.14	30
1439.25	1310.6	30
2159.93	1939.5	30
2615.2	2617.32	30
3554.17	3231.82	30
4284.7	3885.49	30
4948.48	4497.36	30
5196.97	5185.96	30
5858.83	5764.86	30
1.15	0.97	30
1.12	1.08	30
1.24	1.32	30
1.65	1.79	30
2.17	2.02	30
2.64	2.59	30
2.95	3.18	30
3.42	3.38	30
3.56	3.49	30
4.17	4.3	30
4.81	4.75	30
5.23	6.05	30
9.3	9.46	30
12.7	14.62	30
26.43	25.95	30
35.52	48.92	30
92.53	93.33	30
156.32	181.28	30
358.22	358.73	30
480.68	713.4	30
1421.4	1418.03	30
2760.41	2773.07	30
4112.68	4100.09	30
3679.39	5458.4	30
4585.88	6784.72	30
5490.4	8140.3	30
9503.19	9472.18	30
7343.67	10836.76	30
12210.37	12213.92	30
1.04	1.11	30
1.06	1.16	30
1.3	1.28	30
1.57	1.65	30
2.36	2.14	30
2.91	2.68	30
3.06	3.01	30
3.34	3.34	30
3.25	3.09	30
3.27	3.75	30
4.54	4.13	30
4.86	4.7	30
7.11	6.3	30
10.6	8.64	30
15.7	14.14	30
28.45	25.1	30
53.67	46.97	30
109.32	90.13	30
177.47	174.81	30
371.37	343.69	30
684.95	676.04	30
1336.23	1310.16	30
1962.56	1953.91	30
2838.23	2578.27	30
3291.73	3272.84	30
4147.5	3915.63	30
4613.2	4544.39	30
5189.12	5181.26	30
5884.2	5790.0	30
1.04	0.89	30
1.12	1.02	30
1.24	1.27	30
1.57	1.67	30
2.16	2.34	30
2.5	2.81	30
2.91	3.22	30
3.56	3.22	30
3.83	2.99	30
3.91	3.83	30
4.76	4.86	30
6.14	5.87	30
9.76	9.07	30
15.03	14.66	30
24.99	26.0	30
43.0	48.64	30
94.59	92.09	30
155.61	181.35	30
361.08	360.09	30
717.7	716.41	30
1422.35	1413.73	30
2309.52	2764.01	30
4123.34	4103.46	30
4597.33	5457.21	30
3397.99	6815.56	30
5547.92	8134.18	30
9531.93	9488.31	30
10845.55	10813.03	30
12229.35	12148.47	30
0.97	0.99	31
1.26	1.19	31
1.2	1.43	31
1.58	2.52	31
2.36	2.35	31
2.64	2.71	31
3.86	3.03	31
3.58	3.22	31
3.65	3.76	31
3.97	4.17	31
4.59	4.57	31
6.06	6.58	31
8.61	9.0	31
14.78	14.82	31
22.77	26.04	31
42.14	48.05	31
93.19	94.08	31
179.66	181.63	31
300.76	359.04	31
595.94	712.64	31
1414.83	1410.0	31
2312.5	2757.9	31
3457.83	4107.88	31
5460.12	5427.68	31
6829.69	6771.03	31
5450.95	8140.39	31
6375.78	9481.15	31
9023.12	10856.95	31
12225.67	12205.21	31
1.04	0.97	31
1.14	1.25	31
1.3	1.3	31
1.53	1.64	31
2.26	2.22	31
2.76	2.66	31
3.12	3.2	31
3.04	3.17	31
3.47	3.51	31
3.74	3.53	31
3.69	4.39	31
4.82	4.55	31
6.48	6.38	31
9.32	8.96	31
17.11	14.95	31
26.46	25.61	31
56.24	48.75	31
108.08	91.87	31
206.97	176.46	31
376.75	342.13	31
755.99	686.85	31
1333.0	1314.42	31
2342.43	1963.32	31
3288.13	2611.77	31
3578.01	3263.34	31
3941.64	3930.98	31
5348.9	4567.17	31
6649.36	5223.09	31
6391.97	5826.47	31
1.06	0.97	31
0.95	1.09	31
1.28	1.85	31
1.53	1.69	31
2.05	2.27	31
2.84	2.63	31
2.78	3.51	31
3.07	3.47	31
3.79	3.58	31
4.18	3.96	31
5.05	4.68	31
5.91	5.85	31
9.84	9.79	31
14.11	14.44	31
26.96	26.01	31
42.58	47.87	31
79.7	92.59	31
182.23	180.58	31
302.91	359.2	31
595.14	710.89	31
1421.07	1403.5	31
2772.32	2756.31	31
3457.02	4109.36	31
5462.85	5440.95	31
5708.11	6774.93	31
4230.03	8112.74	31
9524.19	9468.23	31
10849.58	10830.09	31
12263.81	12189.06	31
1.03	1.03	31
0.98	1.23	31
1.18	1.35	31
1.54	1.81	31
2.04	2.21	31
2.59	2.72	31
3.13	3.32	31
3.41	3.27	31
3.99	3.59	31
4.1	3.43	31
4.19	4.77	31
5.41	5.31	31
6.46	6.46	31
10.17	9.07	31
15.92	14.64	31
28.24	25.99	31
52.79	48.2	31
104.24	90.4	31
189.02	178.45	31
375.48	342.85	31
844.95	677.63	31
1363.31	1298.75	31
2154.19	1961.89	31
2830.59	2610.42	31
3540.68	3255.13	31
4234.91	3895.5	31
5225.18	4505.16	31
6396.69	5227.85	31
6266.75	5827.31	31
0.84	1.08	32
1.07	1.15	32
1.21	1.43	32
1.68	1.54	32
2.06	2.23	32
2.85	2.82	32
2.89	3.13	32
3.19	3.03	32
3.21	3.57	32
4.07	4.25	32
4.56	4.86	32
5.96	6.63	32
9.5	10.29	32
15.88	17.71	32
31.28	31.81	32
60.77	59.68	32
81.0	115.73	32
158.55	229.47	32
312.48	446.38	32
473.81	854.48	32
1670.67	1658.89	32
2753.54	3223.0	32
4844.99	4774.72	32
4472.46	6350.68	32
4421.49	7905.33	32
6620.28	9474.87	32
9432.97	10996.7	32
8892.73	12577.15	32
14235.94	14181.88	32
0.97	0.99	32
1.01	1.08	32
1.29	1.33	32
1.56	1.64	32
2.43	2.31	32
2.76	2.51	32
3.07	3.19	32
3.08	2.8	32
3.51	3.17	32
3.51	3.53	32
3.65	3.86	32
4.88	4.38	32
5.54	5.39	32
7.29	7.26	32
10.81	10.49	32
17.87	17.55	32
31.05	30.5	32
57.5	57.44	32
124.87	107.19	32
209.5	209.57	32
409.34	399.51	32
784.8	793.89	32
1379.83	1172.12	32
1820.73	1515.77	32
2680.21	1908.43	32
2731.08	2304.83	32
3204.75	2662.35	32
3063.36	3031.86	32
4114.32	3372.59	32
0.9	0.92	32
1.06	1.14	32
1.29	1.3	32
1.47	1.6	32
2.15	2.09	32
2.51	2.95	32
3.0	3.4	32
3.26	3.49	32
3.6	3.54	32
3.97	4.06	32
5.26	4.83	32
6.66	6.4	32
8.97	9.76	32
15.41	16.02	32
25.8	29.06	32
49.63	55.47	32
108.59	106.76	32
149.57	211.32	32
355.67	413.98	32
702.77	819.89	32
1401.83	1637.03	32
2232.5	3205.01	32
4786.57	4763.79	32
3430.42	6308.74	32
7897.51	7871.6	32
6604.06	9424.96	32
11026.92	11016.33	32
12569.29	12518.82	32
9811.36	14112.91	32
0.93	0.97	32
1.0	1.13	32
1.11	1.35	32
1.91	1.67	32
3.49	2.68	32
2.73	3.04	32
3.07	3.62	32
3.26	3.13	32
3.37	3.83	32
3.8	3.83	32
4.07	4.19	32
4.89	4.68	32
5.19	5.51	32
8.89	6.73	32
12.88	10.21	32
19.14	16.71	32
32.7	30.17	32
65.75	56.91	32
125.35	107.0	32
212.28	206.91	32
480.85	402.88	32
916.28	788.58	32
1359.71	1161.38	32
1546.33	1515.12	32
1941.85	1891.4	32
2651.68	2310.47	32
2721.38	2633.93	32
3555.32	3020.14	32
3963.67	3414.89	32
1.05	1.29	33
1.2	1.3	33
1.27	1.43	33
1.46	1.33	33
1.41	1.46	33
1.39	1.48	33
1.78	1.63	33
1.74	1.79	33
2.04	2.04	33
2.53	2.29	33
3.63	3.34	33
5.29	4.86	33
7.89	7.65	33
13.61	13.37	33
25.48	24.94	33
51.12	46.3	33
92.12	91.54	33
178.06	173.37	33
348.56	337.31	33
677.38	662.28	33
1072.56	982.79	33
1321.09	1320.45	33
1650.25	1615.37	33
1968.94	1925.97	33
2312.07	2275.04	33
2625.82	2590.0	33
2923.75	2877.45	33
1.17	1.2	33
1.8	1.29	33
1.4	1.15	33
1.36	1.46	33
1.36	1.5	33
1.56	1.82	33
1.83	1.78	33
2.23	2.15	33
2.93	2.68	33
4.2	4.87	33
7.01	6.82	33
11.37	12.22	33
21.34	23.65	33
45.72	45.56	33
89.39	89.56	33
177.11	175.18	33
347.89	350.11	33
700.25	694.54	33
1376.07	1371.23	33
2704.19	2695.3	33
4027.73	3999.47	33
5324.37	5288.4	33
6606.99	6614.54	33
7926.97	7920.41	33
8221.18	9221.21	33
10566.55	10496.7	33
11863.01	11877.71	33
1.2	1.33	33
1.25	1.23	33
1.42	1.29	33
1.39	1.46	33
1.42	1.59	33
1.44	1.58	33
1.71	1.77	33
2.25	1.81	33
2.12	2.33	33
3.04	2.5	33
4.17	3.3	33
6.1	4.73	33
9.25	7.84	33
15.22	13.19	33
26.55	24.61	33
48.92	46.48	33
90.67	88.5	33
178.96	175.65	33
347.95	339.18	33
664.14	663.33	33
1008.32	980.6	33
1313.6	1283.87	33
1638.31	1589.31	33
2188.73	1932.16	33
2282.41	2275.98	33
2597.22	2549.81	33
2969.71	2897.85	33
1.17	1.2	33
1.29	1.4	33
1.28	1.34	33
1.5	1.59	33
1.33	1.6	33
1.68	1.58	33
1.88	1.87	33
2.25	2.11	33
3.3	2.97	33
4.41	4.16	33
7.53	7.28	33
12.08	12.25	33
24.47	23.45	33
46.48	45.56	33
90.61	89.15	33
176.67	177.36	33
350.37	347.62	33
693.26	688.9	33
1386.36	1375.18	33
2703.07	2694.83	33
4025.89	4003.3	33
5315.48	5331.09	33
6649.74	6595.64	33
7074.31	7977.05	33
9229.58	9253.42	33
10589.04	10554.2	33
11874.44	11880.56	33
1.15	1.25	34
1.52	1.31	34
1.33	1.41	34
1.64	1.6	34
1.53	1.59	34
1.84	2.23	34
1.78	1.82	34
2.01	2.11	34
2.36	2.51	34
3.26	3.39	34
4.82	4.29	34
7.26	7.11	34
12.55	12.21	34
23.18	22.52	34
42.98	42.0	34
81.07	80.63	34
167.58	158.91	34
347.28	309.16	34
618.18	606.66	34
1201.0	1199.4	34
1782.58	1772.0	34
2348.03	2383.72	34
2960.53	2924.68	34
3545.3	3528.63	34
4123.2	4060.11	34
4733.57	4588.28	34
5582.55	5289.48	34
1.28	1.33	34
1.6	1.54	34
1.45	1.47	34
1.74	1.71	34
1.59	1.46	34
1.69	2.24	34
1.88	1.95	34
2.25	2.27	34
3.02	2.9	34
4.02	3.99	34
6.36	6.0	34
11.3	10.85	34
20.2	20.57	34
37.98	37.68	34
66.41	73.26	34
144.23	145.15	34
284.34	285.09	34
505.57	573.61	34
1137.0	1134.54	34
2217.19	2214.09	34
3298.14	3292.19	34
3887.87	4377.72	34
5461.25	5455.72	34
5784.36	6530.17	34
7633.34	7605.69	34
8710.18	8696.3	34
9773.87	9766.96	34
0.97	1.32	34
1.49	1.32	34
1.52	1.39	34
1.42	1.65	34
1.66	1.67	34
1.67	1.77	34
2.01	1.9	34
2.38	2.07	34
2.68	2.37	34
3.49	2.99	34
5.17	5.44	34
8.19	6.77	34
13.09	12.03	34
23.94	22.9	34
43.46	42.47	34
85.95	80.74	34
162.48	156.2	34
316.95	311.46	34
617.53	614.49	34
1195.61	1197.22	34
1794.94	1775.55	34
2387.43	2329.13	34
2984.25	2956.99	34
3592.47	3519.96	34
4104.78	4098.92	34
4684.43	4637.36	34
5368.19	5255.12	34
1.31	1.34	34
1.34	1.39	34
1.41	1.51	34
1.52	1.41	34
1.66	1.53	34
1.67	1.75	34
1.9	1.85	34
2.36	2.19	34
2.94	3.48	34
4.3	4.08	34
6.23	6.28	34
11.92	10.56	34
20.9	19.46	34
39.61	37.5	34
74.21	73.0	34
146.12	145.0	34
256.54	285.96	34
570.34	568.9	34
1139.07	1135.99	34
2212.59	2215.63	34
3312.08	3295.68	34
4390.45	4360.97	34
4864.35	5437.37	34
6539.74	6528.3	34
7619.74	7621.12	34
8695.18	8675.47	34
9765.17	9768.93	34
1.38	1.42	35
1.26	1.37	35
1.35	1.35	35
1.48	1.41	35
1.51	1.52	35
1.7	1.58	35
1.69	1.81	35
2.38	2.26	35
3.06	2.68	35
4.07	4.13	35
6.02	6.34	35
10.66	10.99	35
19.81	19.86	35
37.9	36.88	35
73.42	72.27	35
144.38	143.2	35
284.77	283.65	35
569.7	567.46	35
1135.17	1132.47	35
1962.74	2208.78	35
3295.1	3293.96	35
4369.81	4367.78	35
5464.76	5442.52	35
5795.53	6535.07	35
6740.8	7599.57	35
8700.3	8673.11	35
9766.03	9764.87	35
1.35	1.14	35
1.49	1.36	35
1.6	1.43	35
1.45	1.49	35
1.69	2.11	35
1.57	1.74	35
1.89	1.86	35
1.88	2.06	35
2.45	2.45	35
3.16	2.77	35
4.72	4.61	35
7.47	6.84	35
12.73	12.13	35
22.89	22.01	35
43.21	42.31	35
81.23	82.93	35
169.76	159.77	35
310.53	309.5	35
621.93	611.56	35
1192.81	1187.34	35
1782.04	1772.36	35
2399.34	2368.95	35
3108.69	2906.76	35
3498.19	3532.73	35
4281.64	4077.38	35
4674.73	5012.21	35
5228.53	5174.55	35
1.25	1.42	35
1.34	1.47	35
1.35	1.48	35
1.58	1.59	35
1.74	1.53	35
1.62	1.66	35
1.87	1.96	35
2.36	2.12	35
3.09	2.85	35
4.13	3.82	35
6.94	6.11	35
11.99	10.54	35
20.76	19.4	35
38.36	37.39	35
73.9	72.7	35
145.57	143.4	35
285.1	286.26	35
569.99	566.76	35
1014.55	1137.12	35
2217.98	2209.34	35
3304.16	3291.5	35
3905.34	4378.47	35
5469.71	5434.88	35
6544.31	6536.47	35
7626.42	7607.61	35
8708.28	8696.29	35
9771.89	9761.55	35
1.19	1.51	35
1.43	1.33	35
1.42	1.42	35
1.49	1.5	35
1.72	1.53	35
1.54	1.88	35
2.05	2.04	35
2.29	2.01	35
2.64	2.64	35
3.46	3.3	35
5.04	4.45	35
8.06	6.98	35
12.94	12.13	35
23.17	22.36	35
43.48	42.97	35
83.96	80.86	35
161.21	156.37	35
334.47	308.79	35
621.16	608.98	35
1267.22	1187.1	35
1819.91	1774.52	35
2397.41	2366.62	35
2971.68	2900.13	35
3542.89	3523.21	35
4159.2	4051.3	35
4654.07	4646.62	35
5313.05	5235.88	35
1.25	0.97	36
1.39	1.35	36
1.33	1.18	36
1.41	1.37	36
1.44	1.35	36
1.64	1.46	36
1.77	1.58	36
2.11	2.24	36
2.91	2.79	36
4.07	4.17	36
6.75	6.76	36
12.89	12.51	36
23.31	23.91	36
45.86	45.42	36
89.77	88.47	36
177.79	179.04	36
350.47	348.7	36
699.71	695.2	36
1393.26	1377.31	36
2388.33	2682.87	36
4013.88	3999.99	36
5331.68	5293.06	36
6671.39	6578.29	36
7968.24	7962.3	36
9349.78	9192.32	36
10683.48	10443.64	36
11894.75	11744.78	36
1.27	1.07	36
1.38	1.27	36
1.35	1.35	36
1.4	1.47	36
1.49	1.2	36
1.59	1.39	36
1.62	1.62	36
1.88	2.57	36
2.23	2.13	36
2.69	2.23	36
3.57	3.14	36
5.27	4.72	36
8.18	7.48	36
14.11	13.3	36
25.18	24.72	36
47.11	47.07	36
92.14	89.67	36
176.94	174.73	36
352.47	340.72	36
679.77	653.3	36
1003.24	977.86	36
1289.54	1294.89	36
1667.24	1628.76	36
1948.39	1971.35	36
2288.33	2302.58	36
2620.79	2541.45	36
2920.25	2883.4	36
1.11	1.16	36
1.29	1.22	36
1.3	1.45	36
1.46	1.93	36
1.53	2.68	36
1.7	1.53	36
2.0	1.78	36
2.3	1.94	36
3.1	2.81	36
4.76	3.96	36
7.5	6.89	36
13.46	12.45	36
25.05	23.01	36
46.95	44.82	36
92.13	88.75	36
177.21	174.9	36
310.87	349.97	36
700.37	692.05	36
1391.86	1383.93	36
2387.26	2684.98	36
4000.08	4011.98	36
5321.16	5326.13	36
6618.5	6624.52	36
7958.97	7878.7	36
9235.92	9220.57	36
10582.07	10583.03	36
10580.89	11778.64	36
1.29	1.16	36
1.23	1.27	36
1.47	1.42	36
1.39	1.32	36
1.66	1.51	36
1.24	1.44	36
1.69	1.61	36
2.1	2.4	36
2.72	1.93	36
2.7	2.26	36
3.87	3.06	36
6.36	4.57	36
9.57	7.66	36
15.85	12.95	36
26.85	25.04	36
49.35	46.52	36
92.79	88.95	36
178.13	172.05	36
345.25	343.2	36
670.8	665.0	36
1000.77	991.38	36
1323.79	1290.98	36
1662.67	1610.41	36
1976.66	1927.37	36
2308.87	2250.33	36
2610.65	2550.16	36
3306.5	2895.28	36
1.03	0.83	37
1.08	0.97	37
1.31	1.14	37
1.83	1.67	37
2.66	2.64	37
4.49	4.53	37
7.58	7.51	37
12.71	13.37	37
15.52	24.55	37
15.35	42.55	37
15.17	59.29	37
26.44	70.51	37
28.06	69.9	37
28.14	76.68	37
44.54	76.02	37
50.59	87.4	37
89.61	105.96	37
132.54	125.91	37
235.08	217.34	37
427.21	331.9	37
824.27	588.65	37
1589.52	1086.23	37
2375.74	1605.76	37
3098.83	2094.16	37
3905.73	2628.13	37
4689.44	2945.35	37
5405.78	3560.77	37
6050.12	3990.77	37
6893.48	4466.98	37
1.01	0.86	37
1.09	1.02	37
1.86	1.18	37
1.86	1.63	37
2.77	2.52	37
4.34	4.31	37
7.21	7.5	37
11.33	13.86	37
23.97	25.39	37
28.72	42.58	37
26.59	47.54	37
27.41	48.45	37
29.53	67.38	37
32.87	77.89	37
39.01	101.91	37
53.29	123.91	37
97.79	201.4	37
169.84	314.02	37
314.99	566.27	37
607.67	1100.88	37
1198.98	2095.29	37
2323.26	4027.57	37
3375.39	6010.34	37
4540.37	7953.48	37
5617.32	9866.76	37
6786.25	11815.33	37
7939.55	13822.36	37
9048.33	15735.49	37
10107.47	17666.52	37
0.97	0.89	37
1.07	1.03	37
1.37	1.37	37
1.81	1.58	37
2.6	2.44	37
4.43	4.33	37
7.7	7.4	37
10.96	13.58	37
15.05	23.44	37
28.22	36.43	37
26.64	55.49	37
21.97	48.23	37
31.07	68.29	37
30.95	65.51	37
39.61	72.01	37
46.52	76.49	37
77.77	110.72	37
120.0	148.88	37
218.38	206.79	37
405.53	330.46	37
792.98	570.08	37
1491.52	1066.17	37
2235.69	1550.39	37
2968.72	2025.55	37
3722.19	2497.04	37
4351.55	3008.26	37
5138.08	3465.22	37
5895.07	4005.96	37
6655.47	4532.54	37
1.01	0.9	37
1.67	0.93	37
1.41	1.25	37
1.83	1.61	37
2.66	2.65	37
4.35	4.17	37
6.91	7.5	37
13.52	14.28	37
18.1	23.85	37
21.36	38.6	37
24.15	52.35	37
32.41	66.74	37
34.05	70.73	37
40.47	77.81	37
45.9	96.41	37
63.87	127.32	37
99.1	189.23	37
152.77	323.42	37
304.62	567.62	37
563.85	1081.45	37
1110.33	2082.85	37
2133.57	4053.06	37
3101.51	5989.12	37
4116.7	7886.23	37
5220.91	9916.96	37
6165.44	11838.43	37
7273.35	13697.97	37
8306.38	15752.89	37
9388.64	17727.07	37
0.98	0.96	38
1.08	1.07	38
1.24	1.27	38
1.74	1.66	38
2.72	2.72	38
4.34	4.44	38
5.86	7.33	38
14.02	12.61	38
24.18	23.12	38
27.29	36.38	38
21.09	55.17	38
34.4	62.18	38
24.68	62.94	38
43.94	73.56	38
46.9	77.84	38
58.56	98.86	38
91.66	119.75	38
156.03	154.21	38
296.01	267.55	38
572.8	460.92	38
1100.15	855.8	38
2088.55	1626.48	38
3104.54	2375.36	38
4055.02	3087.3	38
5092.23	3787.5	38
6117.27	4643.78	38
7122.09	5417.59	38
8122.3	6045.47	38
9048.18	6994.03	38
1.11	0.83	38
1.19	0.96	38
1.43	1.28	38
1.82	1.74	38
3.34	2.69	38
4.55	4.55	38
7.46	8.29	38
14.48	14.68	38
16.35	26.65	38
28.63	40.12	38
27.61	65.89	38
27.61	53.72	38
27.39	66.24	38
37.87	67.13	38
49.49	100.17	38
46.61	116.62	38
98.44	181.62	38
144.35	294.41	38
258.86	531.42	38
502.43	999.65	38
990.74	1941.06	38
1894.62	3662.59	38
2746.77	5437.63	38
3672.83	7161.1	38
4593.63	8716.4	38
5468.78	10570.53	38
6375.81	12195.69	38
7368.87	14055.44	38
8710.02	15613.29	38
0.95	0.91	38
1.15	1.03	38
1.41	1.35	38
1.82	1.64	38
2.84	2.48	38
4.4	4.43	38
7.94	8.12	38
8.82	14.42	38
11.62	25.18	38
22.99	41.31	38
26.09	53.83	38
29.39	56.59	38
27.0	73.76	38
32.52	68.58	38
41.28	78.21	38
65.65	91.54	38
100.1	126.19	38
161.55	174.36	38
298.64	301.8	38
540.79	496.93	38
1068.95	892.66	38
2069.32	1604.44	38
3040.43	2357.45	38
4033.82	3226.46	38
5065.86	3802.36	38
6067.62	4586.04	38
6968.45	5302.92	38
8080.6	6171.2	38
8978.19	6828.1	38
0.92	0.91	38
1.11	0.91	38
1.3	1.24	38
1.78	1.7	38
2.79	2.51	38
4.66	4.41	38
8.29	7.7	38
13.04	12.92	38
10.1	22.28	38
28.02	40.38	38
24.37	50.96	38
24.31	62.04	38
36.65	66.12	38
32.15	79.32	38
33.36	86.5	38
64.67	112.14	38
84.64	177.44	38
141.69	293.08	38
249.26	528.11	38
451.79	969.08	38
874.3	1859.72	38
1666.09	3566.82	38
2470.03	5293.55	38
3300.58	6994.44	38
4085.47	8783.54	38
4906.85	10475.39	38
5784.42	12238.48	38
6528.15	13892.08	38
7216.54	15595.78	38
0.92	0.91	39
1.01	0.96	39
1.23	1.24	39
1.8	1.67	39
2.72	2.51	39
4.37	4.5	39
8.03	7.7	39
14.15	14.37	39
14.91	25.0	39
16.46	34.94	39
22.47	43.44	39
24.48	60.34	39
27.15	62.94	39
37.15	79.05	39
46.91	83.77	39
60.78	112.52	39
76.85	169.13	39
150.68	295.54	39
261.59	500.2	39
503.01	963.24	39
976.02	1876.68	39
1847.93	3576.93	39
2754.03	5357.41	39
3708.48	7042.41	39
4569.98	8765.94	39
5448.67	10385.22	39
6372.86	12222.77	39
7296.2	13932.46	39
8169.6	15600.81	39
1.05	0.98	39
1.12	0.99	39
1.27	1.1	39
1.79	1.89	39
2.77	2.45	39
4.42	4.39	39
4.82	7.72	39
14.41	13.08	39
15.42	24.85	39
20.24	39.97	39
28.26	49.61	39
35.44	71.01	39
32.23	76.13	39
36.21	59.98	39
39.15	81.64	39
61.44	96.75	39
98.67	117.71	39
155.58	170.71	39
294.33	286.86	39
551.59	514.05	39
1097.24	910.03	39
2066.31	1610.15	39
3106.62	2311.92	39
4064.16	3083.97	39
5067.92	3810.51	39
6067.32	4558.23	39
7080.9	5311.74	39
8050.92	5971.43	39
9088.61	6787.37	39
1.02	0.9	39
1.12	1.01	39
1.47	1.24	39
1.89	1.85	39
2.71	2.74	39
4.59	4.2	39
7.62	7.88	39
13.58	14.29	39
22.84	23.43	39
16.25	39.16	39
26.0	56.05	39
21.65	55.07	39
25.98	62.64	39
42.19	67.13	39
40.12	92.13	39
59.53	113.79	39
78.3	171.94	39
143.29	295.07	39
237.02	518.71	39
448.07	955.43	39
855.88	1857.49	39
1676.98	3589.02	39
2466.61	5352.64	39
3296.49	7067.11	39
4155.87	8753.48	39
4876.57	10461.17	39
5680.1	12271.62	39
6341.25	14039.75	39
7287.44	15683.97	39
0.94	0.93	39
1.07	1.07	39
1.33	1.26	39
1.77	1.61	39
2.59	2.57	39
4.52	4.28	39
7.75	7.37	39
11.77	13.91	39
24.11	22.99	39
15.35	38.64	39
22.15	53.91	39
25.62	68.69	39
28.81	65.63	39
31.17	56.35	39
46.73	79.7	39
63.58	98.73	39
92.04	121.33	39
150.14	170.49	39
288.53	283.42	39
549.69	520.17	39
1076.93	895.46	39
2091.38	1623.31	39
3095.78	2341.57	39
4130.16	3110.24	39
5067.79	3858.02	39
6058.33	4594.95	39
7182.09	5291.75	39
7973.78	6065.41	39
9116.82	6761.11	39
0.96	0.82	40
1.09	0.99	40
1.35	1.08	40
1.79	1.7	40
2.65	2.67	40
4.49	4.5	40
7.79	7.49	40
13.61	14.05	40
14.23	21.6	40
21.49	35.17	40
25.02	57.24	40
30.81	56.94	40
19.44	66.21	40
30.44	72.05	40
37.63	87.08	40
52.32	121.3	40
95.5	190.08	40
180.53	317.03	40
316.65	566.87	40
613.86	1076.44	40
1176.83	2113.44	40
2312.41	4031.87	40
3394.44	5998.83	40
4508.24	7989.74	40
5638.15	9948.76	40
6715.44	11766.58	40
7898.05	13667.3	40
8939.69	15583.09	40
10055.41	17544.6	40
0.99	0.9	40
1.17	1.0	40
1.38	1.27	40
1.84	1.68	40
2.89	3.27	40
4.02	4.47	40
7.98	7.41	40
10.73	14.06	40
24.91	21.25	40
21.16	38.84	40
23.09	49.3	40
25.98	54.05	40
24.66	74.78	40
34.87	62.53	40
39.36	78.02	40
49.47	86.85	40
71.26	111.77	40
136.03	140.66	40
235.5	228.28	40
426.07	330.72	40
825.97	581.13	40
1573.01	1063.78	40
2326.81	1533.78	40
3108.93	2088.87	40
3863.54	2574.68	40
4593.77	3074.27	40
5426.46	3483.14	40
6093.12	4112.62	40
6825.3	4568.44	40
0.94	0.97	40
1.11	1.14	40
1.34	1.31	40
1.74	1.65	40
2.69	2.53	40
4.32	4.25	40
7.47	7.74	40
11.4	13.18	40
16.65	23.61	40
16.45	34.61	40
27.09	58.64	40
23.19	59.5	40
30.97	68.3	40
35.9	66.09	40
41.96	88.67	40
68.07	112.17	40
89.94	196.29	40
171.1	313.62	40
308.43	560.7	40
574.66	1085.55	40
1118.68	2092.46	40
2120.87	4023.89	40
3145.48	5988.41	40
4227.52	7958.68	40
5264.09	9848.92	40
6259.91	11738.75	40
7198.03	13785.1	40
8310.42	15600.57	40
9261.98	17620.43	40
1.0	0.93	40
1.0	0.94	40
1.36	1.75	40
1.76	1.76	40
2.7	2.64	40
4.4	4.26	40
7.37	7.76	40
13.03	13.66	40
24.49	25.01	40
27.53	41.73	40
26.51	55.03	40
12.63	65.16	40
26.6	64.93	40
36.31	71.18	40
41.88	65.36	40
52.38	83.22	40
75.4	113.68	40
123.38	139.34	40
216.36	208.47	40
416.76	330.68	40
784.88	611.8	40
1501.82	1056.64	40
2212.54	1534.48	40
2976.11	2104.8	40
3699.0	2540.54	40
4390.29	2960.18	40
5107.06	3457.97	40
5794.23	4010.37	40
6511.44	4531.47	40
1.09	0.92	41
1.26	1.1	41
2.23	1.33	41
2.17	2.13	41
3.22	3.08	41
4.69	5.25	41
7.81	9.93	41
8.31	18.89	41
12.65	33.26	41
15.57	52.47	41
20.86	86.75	41
25.03	116.5	41
34.01	129.5	41
44.88	157.8	41
54.91	207.56	41
92.71	296.02	41
168.8	496.06	41
321.48	891.24	41
600.66	1623.96	41
1161.68	3021.36	41
1714.58	4442.54	41
2254.82	5808.05	41
2802.02	7259.68	41
3321.47	8750.31	41
3934.53	10100.13	41
4468.81	11548.34	41
5060.73	12813.11	41
1.11	1.03	41
1.21	1.21	41
1.43	1.43	41
1.8	2.06	41
3.11	3.01	41
4.4	5.05	41
6.62	9.83	41
8.91	18.35	41
12.74	31.67	41
13.28	58.64	41
20.77	101.46	41
24.04	134.95	41
38.15	163.51	41
47.65	187.06	41
78.45	291.39	41
127.73	451.55	41
231.13	769.81	41
439.06	1382.06	41
839.83	2616.84	41
1626.35	4930.29	41
2383.84	7182.56	41
3163.3	9555.03	41
3924.71	11778.29	41
4706.58	14053.28	41
5488.87	16398.88	41
6278.21	18796.99	41
7089.36	21138.72	41
1.14	0.94	41
1.26	1.27	41
1.49	1.47	41
2.07	2.09	41
2.98	2.87	41
5.46	5.14	41
9.82	9.09	41
9.48	16.67	41
10.68	29.99	41
15.88	51.63	41
20.27	76.71	41
21.29	102.3	41
30.02	106.08	41
37.09	136.45	41
53.41	187.3	41
83.43	285.88	41
148.25	457.58	41
280.78	844.5	41
542.73	1559.14	41
1057.87	2950.82	41
1523.51	4378.9	41
2019.0	5838.6	41
2567.63	7258.67	41
3004.14	8601.97	41
3481.09	10092.24	41
4014.43	11434.76	41
4502.85	12751.74	41
1.12	0.96	41
1.21	1.12	41
1.59	1.33	41
2.07	1.95	41
3.27	3.17	41
4.42	5.34	41
8.93	9.92	41
9.5	18.02	41
10.73	32.49	41
15.64	60.52	41
20.26	101.81	41
26.1	136.73	41
35.88	151.99	41
45.12	202.85	41
69.77	272.61	41
123.21	449.8	41
215.25	770.46	41
410.95	1408.95	41
804.24	2607.72	41
1533.22	4925.37	41
2254.5	7186.02	41
2952.57	9484.97	41
3767.61	11848.97	41
4435.68	14247.57	41
5146.73	16379.02	41
5884.18	18827.0	41
6540.75	21116.28	41
1.23	0.97	42
1.2	1.06	42
1.42	1.52	42
2.1	1.9	42
2.85	2.87	42
4.63	5.11	42
8.59	8.78	42
11.45	16.31	42
9.81	29.14	42
15.49	55.33	42
20.32	89.2	42
26.91	117.64	42
34.8	149.21	42
45.08	167.12	42
74.55	251.34	42
125.1	399.07	42
229.29	678.74	42
428.82	1226.79	42
836.26	2331.51	42
1615.14	4441.43	42
2403.45	6650.91	42
3170.03	8737.61	42
3949.65	10844.83	42
4700.02	12925.72	42
5489.03	15106.03	42
6263.83	17322.34	42
7035.04	19343.87	42
1.15	1.04	42
1.45	1.12	42
1.66	1.43	42
2.18	1.97	42
3.32	3.08	42
5.01	5.68	42
8.75	9.29	42
6.56	17.55	42
10.46	32.26	42
13.56	54.45	42
18.81	72.99	42
21.04	110.75	42
26.41	122.3	42
36.24	151.7	42
56.42	199.21	42
89.89	334.04	42
163.94	584.32	42
301.01	1086.42	42
599.07	2046.15	42
1121.84	3912.4	42
1649.89	5757.19	42
2215.51	7639.29	42
2760.01	9532.63	42
3254.34	11364.02	42
3813.44	13325.37	42
4331.89	15155.51	42
4890.69	17165.46	42
1.11	1.03	42
1.28	1.09	42
1.41	1.95	42
1.95	1.84	42
3.28	2.91	42
5.09	4.94	42
6.91	9.12	42
8.36	15.96	42
14.42	30.47	42
13.36	56.69	42
19.59	87.97	42
27.14	109.39	42
30.68	150.83	42
43.93	176.43	42
67.01	252.43	42
114.54	394.65	42
212.84	666.6	42
404.99	1242.75	42
781.82	2346.13	42
1522.7	4492.7	42
2255.09	6590.65	42
3022.4	8659.4	42
3648.37	10933.59	42
4421.1	12942.02	42
5060.22	15123.37	42
5838.6	17148.59	42
6678.92	19455.42	42
1.17	1.13	42
1.29	1.11	42
1.64	1.39	42
2.12	1.92	42
2.94	2.95	42
5.77	5.09	42
7.84	9.4	42
8.37	16.44	42
10.43	31.62	42
13.44	54.52	42
17.45	86.95	42
21.9	106.58	42
27.46	125.11	42
36.48	160.09	42
51.07	217.12	42
85.54	336.61	42
153.5	595.49	42
280.86	1065.7	42
533.16	2052.86	42
1031.02	3887.97	42
1554.53	5725.03	42
2004.69	7640.31	42
2554.65	9531.53	42
2982.16	11355.72	42
3486.04	13317.44	42
3946.59	15113.64	42
4496.66	16989.17	42
1.16	1.06	43
1.18	1.12	43
1.71	1.38	43
2.06	2.13	43
3.15	3.2	43
3.6	5.38	43
8.15	9.04	43
8.93	17.79	43
11.26	32.53	43
11.08	54.99	43
18.93	78.38	43
21.01	105.75	43
29.41	123.06	43
36.89	155.26	43
58.41	209.68	43
94.57	324.48	43
167.51	587.52	43
304.84	1074.11	43
584.8	2056.9	43
1127.64	3932.79	43
1670.66	5900.48	43
2207.39	7663.03	43
2727.97	9607.26	43
3259.94	11447.44	43
3817.89	13291.17	43
4334.18	15190.48	43
4881.94	17074.69	43
1.2	1.03	43
1.26	1.2	43
1.5	1.32	43
1.93	2.55	43
2.93	3.21	43
5.17	4.85	43
4.69	9.21	43
6.42	16.5	43
10.01	30.22	43
11.67	56.18	43
18.76	82.29	43
25.53	124.4	43
35.87	140.19	43
47.39	157.89	43
74.49	253.91	43
124.89	392.09	43
228.54	664.49	43
433.72	1221.06	43
842.53	2313.28	43
1614.35	4459.48	43
2383.46	6574.03	43
3183.88	8801.98	43
3928.45	10821.89	43
4728.14	12938.31	43
5499.78	15139.39	43
6237.53	17179.23	43
7075.74	19343.76	43
1.24	1.14	43
1.44	1.22	43
1.61	1.36	43
2.18	1.94	43
3.07	3.23	43
5.37	5.43	43
6.41	9.49	43
9.38	17.36	43
8.4	31.5	43
11.34	53.71	43
17.39	72.51	43
19.89	109.01	43
29.54	131.25	43
38.8	157.05	43
57.89	221.79	43
87.1	340.22	43
155.05	580.06	43
282.86	1068.91	43
540.35	2008.54	43
1030.32	3917.73	43
1544.08	5810.94	43
2053.04	7761.74	43
2512.89	9606.44	43
2996.93	11565.47	43
3525.41	13338.32	43
4009.45	15179.7	43
4414.19	17123.21	43
1.13	1.03	43
1.28	1.81	43
1.61	1.42	43
2.15	1.94	43
3.14	2.81	43
4.87	5.0	43
8.48	9.11	43
8.69	16.31	43
10.63	29.57	43
15.85	53.22	43
16.45	94.02	43
26.93	99.32	43
33.5	144.75	43
44.41	191.34	43
68.33	256.77	43
119.59	393.45	43
217.93	667.86	43
409.7	1193.59	43
790.42	2309.84	43
1535.88	4458.18	43
2265.04	6629.74	43
2970.98	8731.0	43
3763.82	10836.05	43
4452.0	12922.17	43
5121.91	15167.96	43
5823.67	17376.8	43
6433.58	19406.73	43
1.09	0.97	44
1.32	1.11	44
1.53	1.34	44
1.93	1.91	44
3.02	2.81	44
3.25	4.87	44
5.18	8.83	44
9.74	16.87	44
8.04	31.02	44
12.81	55.78	44
19.01	80.01	44
23.21	122.49	44
32.13	148.67	44
47.82	187.45	44
74.09	264.77	44
125.02	399.66	44
228.77	720.6	44
428.15	1324.59	44
832.78	2517.19	44
1606.93	4812.79	44
2398.94	7102.1	44
3198.83	9483.32	44
3960.61	11753.74	44
4732.5	14043.73	44
5555.82	16441.18	44
6310.86	18674.84	44
7037.04	20958.75	44
1.18	1.49	44
1.22	1.1	44
1.58	1.99	44
2.08	1.82	44
3.32	2.97	44
5.16	5.31	44
7.96	9.2	44
8.14	17.45	44
8.79	30.53	44
10.6	55.05	44
18.68	84.02	44
23.2	107.7	44
32.34	97.09	44
39.3	143.62	44
53.19	199.89	44
93.89	282.09	44
166.24	465.66	44
309.74	813.41	44
596.41	1547.93	44
1146.24	2984.04	44
1690.77	4414.91	44
2254.97	5814.65	44
2804.73	7224.6	44
3323.96	8747.7	44
3909.57	10153.17	44
4442.41	11371.69	44
4926.76	12835.0	44
1.03	0.94	44
1.79	1.19	44
1.63	1.28	44
2.04	1.85	44
2.99	2.91	44
3.93	4.93	44
8.92	8.42	44
8.8	16.53	44
9.61	29.4	44
14.79	57.27	44
16.42	94.49	44
24.64	111.61	44
31.12	139.88	44
44.61	184.73	44
68.9	265.11	44
119.08	421.96	44
219.03	696.9	44
412.41	1325.47	44
790.2	2525.76	44
1532.69	4817.84	44
2290.02	7076.71	44
2980.16	9438.18	44
3690.79	11814.92	44
4458.35	14073.45	44
5163.62	16316.53	44
5964.83	18793.33	44
6656.45	21045.56	44
1.1	0.99	44
1.38	1.01	44
1.47	1.32	44
2.13	1.89	44
2.99	2.98	44
5.03	5.28	44
8.31	9.25	44
10.57	16.49	44
11.99	31.74	44
15.5	48.88	44
20.44	84.7	44
23.73	97.06	44
27.54	130.76	44
34.25	154.76	44
49.93	200.57	44
85.74	281.51	44
151.67	468.27	44
281.26	807.22	44
542.41	1559.29	44
1035.44	3033.51	44
1536.59	4417.79	44
2059.23	5894.17	44
2485.54	7230.88	44
2962.85	8581.32	44
3527.82	9984.42	44
3979.18	11495.65	44
4496.81	13481.38	44
1.11	0.93	45
1.34	1.09	45
1.74	1.63	45
2.49	2.45	45
4.33	4.04	45
6.17	6.1	45
6.72	7.47	45
8.57	8.91	45
8.81	9.68	45
10.08	10.57	45
9.73	11.76	45
14.23	15.86	45
19.89	21.3	45
25.82	28.56	45
45.67	47.97	45
77.74	68.12	45
138.92	118.61	45
265.72	222.27	45
511.3	404.91	45
1020.18	785.49	45
1946.88	1526.45	45
2864.67	2232.02	45
3869.47	2847.7	45
4698.44	3640.46	45
5642.93	4393.87	45
6612.97	4874.06	45
7613.6	5809.72	45
8541.76	6724.17	45
1.11	0.9	45
1.36	1.13	45
1.71	1.73	45
2.64	2.41	45
4.13	3.95	45
5.07	5.85	45
8.47	8.02	45
7.71	10.46	45
10.75	10.75	45
11.67	12.46	45
12.71	20.03	45
16.04	29.97	45
21.0	49.26	45
34.22	89.94	45
60.09	168.85	45
110.66	326.26	45
214.14	647.77	45
415.35	1274.93	45
810.59	2523.37	45
1628.52	5088.11	45
3142.73	9983.49	45
4668.13	14662.97	45
6191.63	19497.25	45
7772.13	24365.83	45
9299.04	29107.11	45
10877.88	33975.57	45
12453.17	38983.96	45
14013.3	44038.75	45
1.13	1.1	45
1.36	1.26	45
1.79	1.77	45
2.6	2.6	45
4.36	3.95	45
6.75	6.26	45
7.16	8.56	45
9.5	9.9	45
10.65	9.53	45
11.11	12.06	45
12.27	13.16	45
14.88	16.58	45
19.0	20.27	45
27.32	28.03	45
42.16	44.64	45
71.54	68.56	45
129.16	118.75	45
245.32	211.71	45
471.3	422.42	45
929.67	776.32	45
1807.58	1501.72	45
2635.6	2202.08	45
3518.1	2915.07	45
4381.47	3646.37	45
5286.32	4372.73	45
6053.1	5058.47	45
7044.43	5627.97	45
7837.11	6521.75	45
1.02	1.0	45
1.26	1.18	45
1.77	1.57	45
2.55	2.48	45
3.86	3.7	45
4.58	5.95	45
7.81	8.93	45
10.0	10.07	45
10.18	11.97	45
10.14	14.03	45
12.72	18.53	45
15.2	29.27	45
17.22	51.03	45
32.49	88.7	45
55.0	169.14	45
104.17	328.35	45
198.98	652.3	45
385.88	1275.09	45
760.15	2529.61	45
1500.84	5059.89	45
2936.12	9866.98	45
4341.52	14724.58	45
5785.35	19497.46	45
7219.58	24358.69	45
8654.54	29240.46	45
10094.54	33942.74	45
11486.76	38798.41	45
12919.76	43818.61	45
2.4	1.1	46
1.24	1.35	46
1.77	1.95	46
2.42	2.75	46
3.89	4.17	46
5.85	6.43	46
8.22	8.53	46
9.07	9.92	46
8.77	10.5	46
9.73	11.42	46
13.26	14.88	46
14.88	16.85	46
21.47	24.21	46
30.81	35.34	46
51.53	59.08	46
94.78	110.39	46
180.86	185.29	46
338.44	323.88	46
682.39	613.0	46
1311.45	1242.73	46
2518.41	2385.56	46
3707.07	3546.74	46
4937.12	4613.25	46
6184.46	5743.39	46
7413.22	7016.39	46
8715.4	8058.46	46
9919.02	9319.46	46
11187.87	10187.71	46
1.07	1.19	46
1.94	1.41	46
1.71	1.7	46
2.74	2.6	46
3.89	4.08	46
5.98	6.57	46
6.6	8.73	46
9.47	10.12	46
7.5	11.78	46
11.53	13.73	46
11.7	18.71	46
14.08	27.7	46
20.93	47.77	46
31.43	83.72	46
50.76	157.27	46
95.18	306.81	46
174.39	591.74	46
333.92	1181.51	46
706.25	2402.38	46
1420.45	4742.21	46
2795.95	9374.43	46
4161.15	13801.72	46
5521.01	18333.23	46
6891.32	22883.7	46
8250.76	27427.95	46
9646.43	31789.59	46
11001.63	36709.13	46
12359.49	41050.24	46
1.04	1.05	46
1.18	1.19	46
1.65	2.39	46
2.48	2.52	46
3.59	3.76	46
6.21	6.15	46
8.59	8.73	46
7.52	9.88	46
10.03	11.23	46
10.64	13.08	46
10.5	12.44	46
16.13	18.75	46
20.44	23.22	46
30.71	36.48	46
51.21	52.5	46
89.05	95.55	46
170.36	164.28	46
329.14	303.04	46
657.29	651.13	46
1296.82	1220.95	46
2501.63	2396.41	46
3749.96	3600.09	46
4922.4	4587.71	46
6112.02	5675.92	46
7313.29	7023.74	46
8484.81	8100.39	46
9818.08	9198.45	46
11099.28	10336.95	46
1.07	1.11	46
1.25	1.28	46
1.71	1.74	46
2.43	2.55	46
4.04	3.93	46
6.0	6.39	46
5.75	8.15	46
8.95	9.77	46
10.93	11.79	46
11.35	12.8	46
12.03	18.97	46
15.53	27.47	46
21.89	47.57	46
32.03	85.45	46
53.01	161.2	46
93.62	310.98	46
178.67	601.43	46
341.12	1201.76	46
687.14	2380.77	46
1364.04	4801.65	46
2656.19	9353.69	46
3942.67	13993.39	46
5230.31	18389.23	46
6528.06	22800.36	46
7810.9	27407.41	46
9061.08	33342.85	46
10331.04	36972.23	46
11672.8	41375.99	46
1.23	1.18	47
1.31	1.39	47
1.83	1.82	47
2.54	2.45	47
4.01	4.09	47
6.3	5.6	47
7.54	8.1	47
9.25	9.83	47
7.69	11.32	47
8.34	13.91	47
10.89	18.18	47
16.55	27.66	47
18.74	46.97	47
29.93	84.93	47
54.08	162.07	47
94.4	312.45	47
173.77	602.67	47
346.0	1191.83	47
673.01	2375.06	47
1349.22	4760.39	47
2635.4	9341.29	47
3920.84	13769.66	47
5198.93	18444.09	47
6480.18	22638.94	47
7729.16	27781.6	47
9030.18	32142.12	47
10298.95	36520.19	47
11525.48	41089.74	47
