0.92	1.01	1
1.02	1.07	1
1.21	1.39	1
1.61	1.77	1
2.62	2.62	1
3.99	4.33	1
7.12	5.37	1
8.43	11.01	1
14.78	12.31	1
15.82	14.66	1
14.63	13.91	1
15.7	12.45	1
11.3	12.28	1
14.71	18.25	1
22.19	24.17	1
39.66	33.59	1
61.77	55.21	1
109.79	81.82	1
198.29	146.14	1
375.35	261.09	1
725.8	487.37	1
1435.87	937.92	1
2120.06	1360.85	1
2777.76	1743.71	1
3542.2	2265.24	1
3611.28	2738.82	1
4801.62	3174.88	1
5460.43	3675.2	1
6219.81	3919.97	1
0.87	2.16	1
1.04	1.07	1
1.31	1.37	1
1.79	1.68	1
2.11	2.62	1
4.85	4.18	1
6.57	6.77	1
11.61	9.35	1
12.28	15.12	1
12.84	14.31	1
12.48	12.15	1
15.63	16.17	1
19.44	22.71	1
21.75	24.21	1
29.44	34.73	1
49.33	53.77	1
78.41	92.62	1
143.21	172.1	1
276.9	389.79	1
530.29	528.6	1
1049.88	1717.08	1
2011.71	3273.32	1
3011.12	4888.26	1
3978.0	6626.94	1
5004.75	8222.71	1
5923.73	9941.82	1
6902.53	11684.16	1
7815.32	12948.03	1
8997.69	14721.1	1
0.9	0.98	1
0.94	1.08	1
1.25	1.3	1
1.64	1.76	1
2.37	2.49	1
4.09	3.6	1
6.68	6.7	1
9.49	7.71	1
12.46	13.46	1
10.55	14.45	1
11.9	14.64	1
14.88	13.28	1
13.43	13.44	1
14.93	16.31	1
24.13	27.23	1
38.55	36.37	1
61.25	51.81	1
103.11	88.99	1
195.28	180.63	1
377.11	311.9	1
724.91	683.49	1
1421.32	1022.96	1
2066.44	1954.56	1
2811.92	2254.47	1
3465.45	2496.9	1
4093.03	3484.12	1
4711.45	4487.1	1
5395.03	4550.2	1
6154.29	5088.21	1
0.91	0.98	1
0.96	1.1	1
1.3	1.49	1
1.72	1.74	1
2.56	2.41	1
4.43	4.06	1
5.15	5.69	1
10.09	12.11	1
12.4	12.64	1
10.56	12.98	1
14.52	8.26	1
16.54	13.46	1
18.0	20.0	1
20.39	23.62	1
31.64	31.17	1
45.21	48.88	1
75.26	77.34	1
140.78	231.18	1
266.79	446.49	1
517.35	762.23	1
1036.98	1788.03	1
1991.1	3473.83	1
2947.31	5206.19	1
3935.83	7075.32	1
4851.4	9066.96	1
5705.31	10100.29	1
6695.46	12211.61	1
7647.96	13862.28	1
8614.17	16111.79	1
0.98	1.0	2
1.17	1.2	2
1.68	1.29	2
1.69	1.76	2
2.43	3.15	2
4.0	4.11	2
5.97	5.96	2
6.3	10.34	2
13.35	11.41	2
11.08	14.49	2
12.61	11.75	2
11.34	14.33	2
14.38	14.8	2
22.83	18.52	2
31.19	25.93	2
45.7	43.72	2
75.0	78.03	2
139.7	124.69	2
243.09	221.61	2
510.52	388.28	2
997.45	739.52	2
1919.81	1471.73	2
2901.2	2139.79	2
3817.7	2783.63	2
4760.33	3581.34	2
5630.01	4231.25	2
6602.65	4906.0	2
7576.46	5625.49	2
8581.7	6231.8	2
1.02	0.94	2
1.04	1.0	2
1.35	1.23	2
2.38	1.81	2
2.71	2.65	2
3.25	3.94	2
6.65	6.96	2
10.44	10.66	2
13.78	11.79	2
13.64	13.29	2
16.35	16.25	2
18.17	13.31	2
12.7	16.06	2
20.6	23.7	2
29.35	37.92	2
40.43	54.68	2
65.76	96.46	2
118.76	147.35	2
224.77	312.2	2
422.49	680.21	2
835.91	1494.95	2
1599.47	2903.46	2
2371.59	4309.13	2
3145.81	5689.07	2
3919.4	7156.93	2
4756.66	8579.5	2
5456.8	9850.33	2
6355.57	11447.0	2
7164.59	12871.51	2
0.94	1.06	2
1.07	1.1	2
1.38	1.44	2
2.43	1.82	2
2.64	2.81	2
4.12	4.21	2
6.94	6.38	2
8.59	10.37	2
14.0	10.86	2
8.08	13.65	2
12.2	13.21	2
11.32	16.23	2
15.47	16.77	2
21.92	20.46	2
27.52	30.72	2
43.17	42.0	2
73.78	68.25	2
137.05	124.49	2
261.84	207.88	2
506.0	438.53	2
984.98	837.49	2
1892.03	1501.8	2
2836.41	2248.86	2
3744.22	3179.95	2
4679.19	3998.2	2
5627.87	4769.87	2
6612.88	4782.83	2
6780.77	6810.41	2
8182.31	7166.02	2
1.1	1.07	2
1.04	1.22	2
1.29	1.32	2
1.72	1.85	2
3.17	2.66	2
3.87	3.74	2
6.36	7.06	2
8.15	10.23	2
12.94	13.57	2
11.53	13.15	2
12.64	11.5	2
13.45	16.42	2
13.53	17.11	2
18.53	23.24	2
30.3	43.6	2
42.43	41.58	2
63.36	62.51	2
113.3	146.03	2
217.47	217.12	2
414.47	536.96	2
798.4	1614.21	2
1575.54	3049.92	2
2268.31	4520.81	2
3031.03	6004.74	2
3787.65	7555.36	2
4556.62	8881.94	2
5253.19	9842.73	2
6047.31	11720.19	2
6709.44	13693.72	2
0.92	0.95	3
1.02	1.11	3
1.3	1.31	3
1.69	1.76	3
2.81	2.7	3
4.32	3.97	3
6.54	6.83	3
9.3	10.02	3
14.21	10.96	3
15.27	14.69	3
15.59	15.48	3
14.35	15.16	3
18.32	20.21	3
21.05	24.61	3
27.29	32.94	3
40.48	57.07	3
65.92	82.04	3
114.53	118.61	3
226.59	223.67	3
420.55	528.98	3
828.59	1371.29	3
1612.74	2634.48	3
2362.53	4268.91	3
3177.01	5704.0	3
3950.96	7183.8	3
4733.47	8674.81	3
5486.55	9982.51	3
6302.63	11331.89	3
7084.26	12819.69	3
0.95	1.01	3
1.02	1.65	3
1.28	1.31	3
1.71	1.75	3
2.58	2.66	3
4.09	4.2	3
6.43	6.32	3
7.8	9.9	3
15.41	12.95	3
14.46	16.78	3
12.67	15.34	3
12.97	15.57	3
12.05	15.81	3
22.63	20.44	3
29.36	32.32	3
44.09	43.76	3
79.47	63.51	3
138.3	111.07	3
262.18	202.85	3
511.76	386.35	3
990.5	752.37	3
1933.14	1426.33	3
2864.3	2074.9	3
3817.52	2870.78	3
4764.5	3513.59	3
5643.49	4262.14	3
6644.59	4866.88	3
7507.3	5562.48	3
8429.52	6307.28	3
0.89	1.01	3
0.98	0.99	3
1.23	1.27	3
1.66	1.72	3
2.5	2.57	3
3.89	4.15	3
6.42	6.91	3
11.27	9.78	3
10.38	12.51	3
12.04	13.46	3
12.94	12.04	3
14.55	16.12	3
12.8	18.95	3
20.11	22.57	3
24.16	35.35	3
40.19	57.08	3
66.92	79.73	3
114.93	205.16	3
215.66	268.29	3
405.84	604.8	3
815.06	1504.29	3
1556.59	2934.27	3
2314.34	4450.99	3
3045.67	6043.4	3
3771.8	8416.83	3
4489.25	9197.85	3
5301.65	11050.2	3
6001.9	12103.41	3
6678.19	13129.98	3
0.99	1.07	3
1.06	1.04	3
1.25	1.31	3
2.86	1.94	3
2.41	2.5	3
4.13	4.05	3
5.63	7.11	3
9.29	7.49	3
12.28	13.78	3
9.2	15.17	3
12.5	14.74	3
15.4	14.91	3
18.12	20.7	3
24.13	16.63	3
27.85	29.24	3
43.04	42.64	3
75.06	70.38	3
138.07	130.46	3
259.86	212.75	3
508.81	464.62	3
999.55	844.37	3
1907.2	1618.86	3
2806.76	2259.81	3
3801.76	3225.69	3
4639.73	3999.71	3
5603.12	4498.22	3
6557.69	5173.58	3
7447.59	5988.36	3
8356.49	6646.68	3
1.09	0.9	4
1.05	0.98	4
1.33	1.23	4
1.76	1.55	4
2.72	2.49	4
3.73	3.98	4
5.97	6.86	4
9.79	10.66	4
12.53	11.87	4
12.03	12.39	4
12.21	18.9	4
11.86	18.09	4
17.23	19.6	4
23.28	23.36	4
32.29	32.8	4
50.34	58.59	4
84.03	109.35	4
144.7	177.24	4
275.81	273.85	4
533.85	526.89	4
1040.16	1668.95	4
2014.27	3376.3	4
2971.94	4888.98	4
3964.78	6638.44	4
4980.8	8242.65	4
5965.92	9678.53	4
6947.72	11381.12	4
7866.68	13337.84	4
9238.02	16703.69	4
1.0	0.96	4
1.2	1.01	4
1.35	1.24	4
1.87	1.54	4
2.72	2.54	4
4.28	4.22	4
6.52	6.74	4
9.75	6.97	4
11.39	11.16	4
13.14	11.46	4
17.39	12.62	4
18.18	15.89	4
17.32	19.29	4
20.16	22.3	4
26.67	27.27	4
40.18	31.52	4
62.58	49.64	4
106.42	74.24	4
196.06	129.59	4
382.13	254.6	4
733.34	449.37	4
1422.47	879.79	4
2103.93	1385.5	4
2791.85	1766.87	4
3480.0	2191.47	4
4119.1	2593.1	4
4858.1	2948.76	4
4786.44	3343.34	4
5437.05	3979.22	4
0.89	0.93	4
0.98	0.99	4
1.21	1.28	4
1.73	1.67	4
2.47	2.69	4
4.07	4.14	4
7.19	6.99	4
10.73	10.88	4
10.47	11.43	4
14.5	14.03	4
12.57	19.11	4
17.1	14.41	4
19.62	21.76	4
20.66	17.95	4
30.45	34.45	4
44.87	57.88	4
81.54	120.26	4
141.98	201.14	4
270.29	437.83	4
522.02	792.55	4
1018.02	1818.59	4
1960.7	3428.87	4
2939.49	5157.25	4
3834.17	7188.21	4
4861.39	8677.43	4
5842.93	10371.34	4
6813.44	12155.94	4
7703.05	13839.91	4
8639.96	15170.69	4
0.94	0.86	4
0.97	1.01	4
1.23	1.21	4
1.97	1.76	4
2.57	2.43	4
4.1	4.25	4
6.91	6.23	4
9.05	9.26	4
12.45	11.29	4
14.72	15.79	4
13.19	14.94	4
16.67	18.82	4
16.31	18.17	4
18.99	16.17	4
25.24	20.96	4
38.14	30.6	4
60.1	46.55	4
105.42	81.89	4
188.71	130.16	4
378.53	274.35	4
733.7	458.85	4
1411.86	1008.22	4
2056.28	1709.84	4
2738.53	2304.15	4
3364.5	2845.44	4
4120.2	2982.06	4
4739.81	2893.99	4
5510.23	3917.28	4
5977.55	3774.88	4
1.06	1.09	5
1.2	1.3	5
1.68	1.66	5
2.37	2.64	5
4.22	4.4	5
6.91	7.54	5
12.16	10.88	5
19.77	16.87	5
21.62	17.6	5
21.8	28.06	5
19.65	27.98	5
29.57	22.29	5
27.53	25.13	5
44.68	26.7	5
47.88	44.13	5
71.71	66.56	5
129.57	109.32	5
226.03	191.8	5
425.45	324.28	5
825.46	573.31	5
1579.45	1074.26	5
2319.35	1605.68	5
3042.92	2116.53	5
3865.38	2594.39	5
4538.6	3148.5	5
5342.83	3619.89	5
6029.1	4332.72	5
6826.88	4687.1	5
1.05	1.05	5
1.77	1.44	5
1.74	1.71	5
2.55	3.15	5
4.27	4.03	5
7.3	7.19	5
11.65	12.95	5
14.75	17.02	5
22.36	14.5	5
26.16	18.0	5
20.47	16.99	5
23.18	26.37	5
28.35	30.75	5
41.73	40.35	5
62.35	71.2	5
99.1	144.46	5
168.61	265.6	5
319.66	532.37	5
620.3	1064.44	5
1201.82	2116.43	5
2352.1	4129.69	5
3489.0	6131.19	5
4588.39	8089.41	5
5754.38	10050.97	5
6912.4	12190.06	5
8008.5	14134.69	5
9122.0	16292.36	5
10251.6	18237.3	5
1.06	1.0	5
1.39	1.27	5
1.66	1.76	5
2.61	2.64	5
4.38	4.13	5
7.53	7.71	5
9.33	13.11	5
14.22	15.16	5
21.3	19.13	5
20.81	18.78	5
18.77	23.83	5
20.43	27.44	5
27.96	27.76	5
28.95	37.3	5
47.65	48.05	5
75.77	78.01	5
128.16	126.89	5
221.93	212.91	5
400.41	389.75	5
807.98	739.72	5
1541.21	1235.88	5
2294.36	2049.01	5
3022.36	2049.12	5
3827.99	2511.89	5
4446.05	4097.31	5
5230.31	4166.93	5
5991.75	4727.21	5
6602.91	6239.0	5
1.08	1.02	5
1.36	1.91	5
1.83	1.83	5
2.49	2.63	5
4.38	5.08	5
7.27	7.77	5
12.1	10.33	5
20.58	8.76	5
16.5	21.59	5
11.86	21.8	5
21.95	21.55	5
21.01	32.48	5
29.02	25.0	5
41.34	46.8	5
60.01	84.63	5
91.68	144.68	5
153.54	279.37	5
293.35	554.69	5
570.22	1143.94	5
1106.1	2223.15	5
2131.68	4469.88	5
3168.71	6637.28	5
4189.55	8836.51	5
5214.02	10310.01	5
6272.92	12321.96	5
7262.6	14863.84	5
8356.93	16494.77	5
9327.62	19694.78	5
1.16	1.0	6
1.36	1.25	6
1.74	1.78	6
2.57	2.58	6
3.26	4.33	6
7.7	7.29	6
13.13	13.29	6
18.41	15.57	6
20.68	20.88	6
17.34	24.66	6
30.96	19.5	6
24.32	27.36	6
34.28	32.88	6
40.69	38.96	6
64.05	50.85	6
91.88	89.06	6
160.87	138.42	6
296.32	264.64	6
561.42	461.48	6
1090.93	832.41	6
2091.95	1597.0	6
3080.83	2370.46	6
4012.19	3228.85	6
5114.56	4111.64	6
6140.31	4825.87	6
7114.46	5688.24	6
8076.21	6612.84	6
9213.76	7283.32	6
1.04	1.08	6
1.43	1.31	6
1.83	1.67	6
2.52	2.53	6
4.28	4.26	6
7.46	6.49	6
10.67	10.9	6
15.97	12.29	6
18.91	16.05	6
20.99	29.26	6
20.61	27.15	6
23.67	23.09	6
35.29	28.63	6
32.29	39.12	6
65.08	62.23	6
87.04	155.96	6
157.23	274.31	6
266.58	474.78	6
503.47	928.27	6
991.11	1854.88	6
1926.32	3616.02	6
2854.39	5392.82	6
3787.79	7145.44	6
4686.22	8830.77	6
5576.61	10487.8	6
6542.15	12462.2	6
7404.71	14310.29	6
8399.11	15838.54	6
1.08	1.13	6
1.3	1.37	6
1.75	1.72	6
2.67	2.67	6
5.05	4.4	6
6.21	6.39	6
11.08	11.12	6
17.97	15.82	6
10.14	16.85	6
20.27	23.33	6
18.79	26.96	6
28.02	20.1	6
28.29	33.11	6
38.32	43.96	6
58.47	58.45	6
85.47	83.19	6
157.4	157.69	6
291.69	273.41	6
553.3	465.45	6
1081.73	1068.57	6
2085.66	2021.51	6
3079.43	3063.71	6
4100.61	3797.24	6
5066.44	4343.99	6
6047.58	5660.06	6
7128.64	6541.66	6
8015.33	6926.87	6
9071.09	8557.87	6
1.76	1.15	6
1.34	1.23	6
1.81	1.71	6
2.79	2.51	6
4.0	4.04	6
7.93	7.77	6
12.23	13.1	6
22.2	17.5	6
25.04	23.02	6
22.85	20.43	6
20.93	16.7	6
18.46	20.5	6
27.64	34.39	6
29.77	43.45	6
44.73	73.5	6
84.86	127.84	6
127.41	248.3	6
243.04	484.95	6
451.79	984.32	6
881.06	1944.73	6
1714.28	3962.81	6
2539.26	5475.85	6
3316.69	7584.74	6
4149.35	9737.77	6
4972.52	11697.47	6
5807.95	13113.42	6
6523.12	15483.56	6
7512.58	16844.23	6
1.1	0.96	7
1.42	1.29	7
1.76	1.73	7
2.6	2.64	7
4.61	4.21	7
6.48	7.12	7
13.06	13.5	7
18.87	18.41	7
23.96	14.88	7
20.96	24.99	7
16.21	20.8	7
23.83	28.82	7
28.22	30.82	7
31.96	37.85	7
51.81	68.2	7
73.78	134.0	7
141.81	237.35	7
265.64	432.57	7
503.08	913.21	7
1001.13	1855.08	7
1915.19	3545.13	7
3665.3	5379.09	7
4809.66	7095.62	7
4717.19	8788.79	7
5552.93	10567.51	7
6501.2	12464.26	7
7385.17	13975.3	7
8279.51	16108.46	7
1.11	0.95	7
1.54	1.23	7
1.81	1.73	7
2.78	2.54	7
4.23	4.01	7
7.17	7.29	7
11.71	10.44	7
6.45	10.73	7
21.33	20.24	7
25.8	23.08	7
28.4	19.54	7
22.55	17.73	7
33.28	35.9	7
34.58	37.14	7
53.64	58.95	7
88.67	91.15	7
160.79	140.36	7
289.81	256.81	7
551.63	479.64	7
1082.76	887.02	7
2107.57	1741.64	7
3104.91	2486.73	7
4090.31	3304.43	7
5070.44	4015.09	7
6104.93	4880.8	7
7133.03	5535.34	7
8148.06	6532.12	7
9148.78	7346.79	7
1.04	0.98	7
1.3	1.31	7
1.73	1.65	7
2.52	2.48	7
4.32	4.34	7
7.34	7.22	7
11.59	12.84	7
14.71	18.52	7
22.45	19.24	7
24.85	15.03	7
18.37	13.56	7
27.07	15.42	7
25.21	33.07	7
34.72	33.52	7
52.14	62.99	7
76.4	131.39	7
129.63	256.12	7
230.49	481.35	7
451.29	988.01	7
883.67	2029.2	7
1707.03	3798.86	7
2516.46	5877.23	7
3286.44	7784.64	7
4107.34	9396.57	7
4958.25	11663.47	7
5756.98	12740.55	7
6438.39	15500.2	7
7325.71	16922.88	7
1.06	1.09	7
1.34	1.22	7
1.82	1.67	7
2.65	2.53	7
4.37	4.22	7
7.41	7.25	7
13.5	10.36	7
17.75	19.29	7
19.21	25.29	7
14.91	20.57	7
19.71	26.07	7
27.83	30.69	7
31.42	27.39	7
47.16	39.21	7
54.33	55.57	7
92.64	97.82	7
155.67	141.38	7
288.11	272.89	7
561.74	540.86	7
1091.72	1004.94	7
1917.74	1972.62	7
3146.05	2683.2	7
4067.05	3712.36	7
5113.95	4396.36	7
6068.87	5599.36	7
7045.89	6554.2	7
8168.17	7118.24	7
9103.4	8540.63	7
1.09	0.94	8
1.32	1.09	8
1.77	1.56	8
2.79	2.45	8
4.45	3.62	8
7.25	6.88	8
13.35	11.69	8
17.5	17.3	8
13.73	21.24	8
10.98	23.93	8
25.89	24.71	8
26.52	32.93	8
33.94	31.48	8
36.05	50.96	8
64.06	61.13	8
103.68	142.07	8
172.34	272.53	8
318.5	531.92	8
618.03	1047.93	8
1202.58	2083.57	8
2334.33	4174.02	8
3446.67	6087.47	8
4595.78	8057.89	8
5745.61	10133.65	8
6871.51	12200.51	8
8006.13	14101.52	8
9069.37	16071.05	8
10169.99	18298.08	8
1.11	0.85	8
1.43	1.2	8
1.72	1.73	8
2.63	2.57	8
4.45	4.33	8
7.66	6.04	8
11.62	8.96	8
14.23	15.76	8
16.25	19.22	8
24.06	21.2	8
27.7	21.92	8
23.93	34.25	8
25.81	31.53	8
39.3	38.48	8
50.96	49.25	8
74.8	72.57	8
133.43	116.72	8
227.44	174.58	8
420.33	311.06	8
821.63	626.05	8
1561.78	1126.83	8
2329.52	1557.33	8
3087.9	2068.38	8
3830.23	2683.81	8
4522.9	3191.52	8
5240.91	3604.06	8
6082.41	4327.26	8
6801.33	4718.17	8
1.04	0.89	8
1.21	1.16	8
1.78	1.53	8
2.7	2.42	8
4.27	4.3	8
7.34	5.6	8
10.93	10.29	8
21.71	15.58	8
19.71	22.99	8
20.11	17.18	8
17.87	23.65	8
29.5	35.39	8
36.17	34.5	8
36.08	54.59	8
53.52	78.09	8
95.49	143.93	8
155.8	290.79	8
295.55	567.75	8
570.36	1139.98	8
1125.28	2277.72	8
2130.14	4354.32	8
3196.76	6719.98	8
4221.24	8237.93	8
5334.6	10635.14	8
6298.22	12778.08	8
7217.8	14421.6	8
8305.66	16985.07	8
9376.62	19828.76	8
1.11	0.85	8
1.29	1.08	8
1.78	1.68	8
2.8	2.49	8
4.41	4.24	8
7.83	7.64	8
11.58	11.81	8
21.36	10.01	8
18.2	24.5	8
21.59	20.63	8
17.69	21.89	8
20.95	29.25	8
30.55	25.47	8
28.46	41.45	8
47.4	51.29	8
73.91	77.92	8
123.02	127.74	8
217.04	237.97	8
421.34	433.7	8
796.09	745.59	8
1539.16	1601.93	8
2262.98	2031.24	8
2965.64	3142.55	8
3716.48	3751.69	8
4505.26	4006.47	8
5265.66	5321.04	8
5869.59	5416.75	8
6767.21	6972.71	8
1.44	1.16	9
1.63	1.46	9
1.77	1.39	9
2.05	1.49	9
2.41	2.02	9
2.63	2.58	9
3.43	3.3	9
4.7	4.52	9
6.29	6.11	9
9.51	9.62	9
15.32	15.71	9
26.33	26.52	9
46.46	47.4	9
86.06	88.2	9
162.5	165.99	9
314.14	323.3	9
631.47	608.56	9
918.8	952.4	9
1208.74	1305.78	9
1586.63	1582.45	9
1864.43	1853.16	9
2212.22	2104.23	9
2382.52	2332.99	9
2684.04	2696.74	9
1.45	1.28	9
1.55	1.36	9
1.94	1.67	9
2.25	2.18	9
2.73	2.9	9
4.01	3.88	9
4.98	4.57	9
6.46	7.2	9
11.73	11.46	9
20.88	20.31	9
39.01	39.51	9
73.93	75.38	9
147.57	147.41	9
292.72	290.69	9
580.45	585.92	9
1164.82	1166.66	9
2270.6	2274.14	9
3381.45	3376.87	9
4486.81	4473.72	9
5604.64	5597.34	9
6731.53	6732.06	9
7854.52	7862.99	9
8989.41	8985.75	9
10107.98	10097.31	9
1.43	1.33	9
1.5	1.35	9
1.65	1.48	9
2.03	1.7	9
2.41	2.21	9
2.96	2.81	9
3.98	3.97	9
4.6	4.55	9
6.11	5.96	9
9.13	8.98	9
14.18	15.01	9
23.53	22.92	9
39.09	40.89	9
77.66	78.89	9
150.46	147.53	9
291.29	296.63	9
532.36	534.91	9
784.32	793.76	9
1029.83	1039.62	9
1289.34	1283.74	9
1546.19	1530.32	9
1781.56	1823.0	9
2066.62	2072.21	9
2348.63	2315.1	9
1.53	1.2	9
1.49	1.46	9
1.82	1.58	9
2.48	2.27	9
3.35	3.15	9
3.69	3.9	9
5.44	5.06	9
7.27	7.37	9
11.74	11.62	9
20.26	21.1	9
38.29	37.19	9
73.78	73.05	9
143.16	141.67	9
281.09	281.36	9
563.4	562.67	9
1124.63	1131.79	9
2195.3	2193.69	9
3286.13	3285.34	9
4349.76	4351.71	9
5437.75	5424.57	9
6507.76	6492.76	9
7565.1	7555.05	9
8632.28	8635.41	9
9732.01	9717.17	9
1.35	1.7	10
1.58	1.42	10
1.7	1.7	10
3.09	1.95	10
2.39	2.39	10
3.41	3.7	10
4.18	3.9	10
6.68	6.41	10
10.45	9.65	10
17.55	17.64	10
33.62	32.28	10
60.69	62.58	10
120.57	119.55	10
233.82	234.04	10
469.46	464.36	10
929.19	905.08	10
1783.12	1799.36	10
2646.57	2667.32	10
3508.9	3529.0	10
4409.42	4368.41	10
5292.55	5252.13	10
6161.59	6111.74	10
7022.55	7001.51	10
7898.9	7879.72	10
1.44	1.27	10
1.61	1.4	10
1.88	1.87	10
2.48	2.39	10
3.07	3.11	10
4.32	3.84	10
5.3	5.4	10
7.8	7.55	10
12.21	12.3	10
20.68	20.74	10
39.29	40.05	10
76.44	75.52	10
148.32	149.4	10
294.39	293.59	10
586.83	590.15	10
1165.44	1166.98	10
2261.18	2252.72	10
3358.25	3354.81	10
4451.61	4456.4	10
5542.77	5561.72	10
6647.99	6670.52	10
7740.1	7758.11	10
8849.84	8859.31	10
9962.95	9960.17	10
1.53	1.33	10
1.75	1.52	10
1.71	1.76	10
2.2	2.09	10
2.57	3.0	10
3.29	3.15	10
4.57	3.86	10
6.77	5.83	10
9.82	10.24	10
17.17	17.2	10
31.35	30.8	10
58.68	57.96	10
110.08	109.87	10
215.26	222.76	10
439.99	429.42	10
850.36	844.6	10
1626.44	1612.36	10
2435.95	2454.32	10
3224.83	3240.32	10
4001.9	4094.61	10
4947.15	4866.73	10
5751.49	5613.99	10
6513.06	6380.5	10
7328.49	7207.27	10
1.39	1.27	10
1.77	1.48	10
2.05	1.82	10
2.55	2.59	10
3.34	3.37	10
4.1	3.85	10
5.29	5.44	10
7.95	7.79	10
12.07	12.5	10
21.86	21.13	10
40.21	40.02	10
77.49	76.45	10
152.01	152.08	10
299.54	300.88	10
595.09	595.67	10
1186.47	1188.45	10
2298.82	2295.72	10
3403.57	3423.11	10
4526.78	4528.09	10
5638.87	5643.28	10
6765.2	6768.71	10
7875.57	7869.09	10
8999.14	9003.76	10
10098.25	10128.75	10
1.3	1.34	11
1.54	1.77	11
1.84	1.71	11
2.27	2.41	11
2.79	3.31	11
3.56	3.74	11
5.13	4.8	11
6.95	6.97	11
11.89	12.01	11
20.31	20.51	11
38.6	38.08	11
74.8	74.62	11
144.41	145.85	11
285.97	285.55	11
566.87	565.8	11
1127.18	1124.04	11
2198.03	2211.7	11
3284.75	3292.98	11
4370.71	4371.35	11
5453.29	5445.12	11
6537.2	6534.01	11
7618.18	7619.09	11
8687.16	8708.89	11
9759.69	9775.15	11
1.33	1.17	11
1.43	1.5	11
1.75	1.63	11
1.94	1.91	11
2.29	2.34	11
3.04	2.79	11
3.9	3.8	11
6.17	5.95	11
9.83	9.96	11
17.19	18.03	11
32.12	32.28	11
60.49	61.84	11
119.58	119.28	11
229.95	229.78	11
456.49	457.89	11
909.71	915.64	11
1739.57	1767.75	11
2641.57	2634.78	11
3486.55	3500.21	11
4369.87	4354.68	11
5250.33	5239.74	11
6033.73	6079.29	11
6991.36	6954.0	11
7801.81	7883.39	11
1.31	1.33	11
1.62	2.1	11
1.99	1.76	11
2.56	2.41	11
2.93	3.54	11
4.12	4.11	11
5.19	5.44	11
7.53	7.56	11
12.23	12.01	11
21.2	20.58	11
38.8	38.77	11
74.46	75.77	11
146.81	145.86	11
287.57	287.62	11
572.13	572.34	11
1142.09	1140.14	11
2229.91	2232.15	11
3321.22	3333.12	11
4425.39	4426.72	11
5512.91	5510.81	11
6595.55	6596.94	11
7694.14	7684.27	11
8785.93	8777.96	11
9892.31	9871.08	11
1.4	1.31	11
1.53	1.53	11
1.89	1.84	11
2.06	2.23	11
2.63	2.54	11
3.33	2.9	11
4.12	4.05	11
6.36	6.6	11
11.06	10.24	11
16.41	16.79	11
30.9	31.03	11
57.31	56.58	11
110.42	111.37	11
211.63	220.26	11
430.84	427.61	11
833.97	829.02	11
1649.38	1678.22	11
2514.7	2488.77	11
3272.99	3260.02	11
4069.32	4052.46	11
4842.67	4866.66	11
5588.53	5748.33	11
6365.81	6482.84	11
7346.41	7268.89	11
1.29	1.31	12
1.45	1.34	12
1.68	1.78	12
2.12	2.09	12
2.91	2.85	12
3.35	3.21	12
4.9	4.48	12
6.97	7.28	12
11.95	11.47	12
21.09	20.61	12
39.06	38.3	12
75.23	75.67	12
151.3	152.0	12
295.53	298.52	12
591.97	590.41	12
1182.57	1181.45	12
2293.76	2292.76	12
3390.34	3391.37	12
4503.91	4490.71	12
5597.65	5605.29	12
6730.12	6730.25	12
7861.16	7857.49	12
8975.78	8963.07	12
10101.85	10106.44	12
1.25	1.32	12
1.4	1.32	12
1.59	1.64	12
1.69	1.67	12
2.03	2.13	12
2.55	2.54	12
3.39	3.25	12
4.53	4.58	12
6.19	6.62	12
9.22	9.59	12
15.91	15.52	12
25.83	26.75	12
46.02	45.57	12
84.77	85.28	12
163.88	163.71	12
321.04	330.29	12
614.3	611.17	12
918.93	927.94	12
1249.7	1208.19	12
1575.69	1542.89	12
1873.84	1895.21	12
2062.89	2184.83	12
2356.23	2475.53	12
2641.97	2799.41	12
1.15	1.23	12
1.36	1.41	12
1.72	1.78	12
2.77	2.2	12
2.96	3.19	12
3.69	3.6	12
4.83	4.24	12
6.51	7.06	12
11.64	11.59	12
20.4	21.19	12
38.48	38.78	12
74.99	75.17	12
146.83	147.44	12
289.94	286.23	12
577.74	576.73	12
1148.24	1146.61	12
2221.76	2227.12	12
3288.11	3290.49	12
4370.62	4347.55	12
5445.69	5435.31	12
6515.53	6509.85	12
7588.72	7587.81	12
8632.66	8628.82	12
9721.52	9691.87	12
1.25	1.32	12
1.5	1.52	12
1.71	1.37	12
1.9	1.89	12
2.22	2.27	12
2.83	2.99	12
3.68	3.97	12
4.49	4.48	12
6.13	6.19	12
8.78	9.47	12
14.17	14.08	12
22.83	22.95	12
39.82	39.97	12
72.43	74.98	12
141.93	141.22	12
266.45	265.73	12
531.35	529.78	12
797.42	777.27	12
1059.72	1032.86	12
1313.33	1325.71	12
1567.72	1584.38	12
1823.05	1812.73	12
2102.24	2062.61	12
2368.61	2366.87	12
1.42	1.02	13
1.3	1.09	13
1.57	1.32	13
2.0	1.87	13
2.77	2.68	13
3.16	3.39	13
3.94	3.84	13
5.13	5.34	13
6.08	6.25	13
7.37	8.51	13
12.33	11.25	13
18.05	17.99	13
30.86	30.45	13
55.28	55.78	13
103.2	103.92	13
198.13	201.83	13
388.56	393.24	13
762.2	751.36	13
1101.4	1126.73	13
1467.4	1475.02	13
1835.91	1837.25	13
2145.93	2205.03	13
2523.46	2570.3	13
2967.39	2909.15	13
3291.04	3261.57	13
1.01	1.1	13
1.18	1.17	13
1.47	1.35	13
1.88	1.95	13
2.7	2.57	13
3.34	3.38	13
3.91	3.89	13
4.6	4.53	13
6.34	7.35	13
8.86	10.8	13
15.43	14.98	13
25.82	25.76	13
46.31	45.32	13
86.72	84.91	13
161.9	164.87	13
317.69	319.41	13
625.93	627.16	13
1218.88	1206.54	13
1786.47	1786.11	13
2390.37	2415.27	13
2964.39	2950.0	13
3725.17	3826.81	13
4139.12	4118.15	13
4739.11	4722.11	13
5274.07	5293.9	13
1.11	1.06	13
1.27	1.17	13
1.54	1.49	13
2.07	2.06	13
3.04	2.71	13
3.31	4.36	13
3.99	3.57	13
3.58	4.95	13
5.81	5.11	13
7.55	7.42	13
10.12	10.5	13
17.75	15.9	13
27.04	27.81	13
48.54	50.6	13
89.21	92.83	13
174.95	174.64	13
338.7	345.79	13
658.11	663.01	13
963.3	991.98	13
1278.6	1294.33	13
1622.62	1578.2	13
1916.84	1893.73	13
2211.42	2286.15	13
2500.64	2572.03	13
2802.36	2881.95	13
1.12	1.21	13
1.36	1.18	13
1.5	1.4	13
1.85	2.17	13
2.5	2.38	13
3.99	3.67	13
3.91	4.01	13
4.28	6.08	13
6.11	6.67	13
8.68	9.28	13
14.66	13.92	13
23.35	23.9	13
42.31	40.85	13
78.48	79.5	13
151.02	153.25	13
299.12	299.47	13
578.75	580.42	13
1132.91	1134.75	13
1667.53	1640.48	13
2208.65	2221.96	13
2739.68	2768.32	13
3307.76	3349.7	13
3791.13	3806.15	13
4304.23	4299.06	13
4913.83	4924.7	13
1.09	0.89	14
1.13	1.18	14
1.51	1.45	14
1.86	1.95	14
2.61	2.84	14
3.5	3.4	14
4.42	3.43	14
4.56	4.39	14
6.32	6.98	14
9.67	9.84	14
15.08	15.01	14
25.76	26.05	14
45.95	45.26	14
83.8	84.5	14
161.44	162.2	14
314.88	316.38	14
624.76	623.79	14
1207.42	1183.98	14
1767.1	1793.52	14
2344.82	2379.64	14
2948.45	2969.18	14
3493.86	3505.64	14
4095.61	4065.01	14
4674.54	4675.74	14
5265.93	5258.18	14
1.22	0.85	14
1.3	1.26	14
1.55	1.4	14
1.85	2.09	14
2.85	2.23	14
4.11	2.68	14
4.35	4.63	14
4.56	4.56	14
6.08	6.97	14
7.69	8.06	14
11.08	11.16	14
17.91	18.04	14
30.33	31.21	14
54.22	54.24	14
101.22	101.94	14
193.76	196.28	14
384.25	373.8	14
736.68	734.52	14
1091.77	1100.93	14
1420.55	1445.69	14
1766.82	1772.35	14
2142.74	2112.71	14
2498.69	2473.02	14
2838.53	2831.06	14
3202.18	3177.88	14
1.12	1.03	14
1.18	1.15	14
1.39	1.51	14
1.94	1.77	14
2.84	2.47	14
3.06	3.39	14
3.36	3.78	14
4.79	4.5	14
6.73	6.81	14
9.65	9.41	14
13.31	14.08	14
24.81	24.62	14
42.76	44.43	14
79.09	78.57	14
151.66	151.68	14
293.46	291.32	14
583.69	571.75	14
1124.5	1110.58	14
1651.65	1633.73	14
2217.2	2192.57	14
2674.06	2720.24	14
3242.21	3227.66	14
3751.98	3782.21	14
4295.09	4322.66	14
4936.88	4837.77	14
1.17	1.01	14
1.13	1.09	14
1.62	1.47	14
2.12	1.88	14
3.32	2.68	14
3.15	4.01	14
4.73	4.01	14
3.96	4.72	14
6.21	5.91	14
6.93	8.46	14
10.67	11.88	14
15.78	16.01	14
28.71	28.67	14
49.1	50.19	14
92.51	93.61	14
180.64	178.09	14
351.54	350.73	14
666.3	671.82	14
989.17	1002.92	14
1303.55	1295.9	14
1609.57	1645.82	14
1911.44	1923.02	14
2220.22	2251.3	14
2530.25	2523.57	14
2820.84	2816.11	14
1.12	1.51	15
1.23	1.4	15
1.44	1.49	15
1.95	1.88	15
2.36	2.6	15
3.79	3.08	15
4.37	3.74	15
4.2	5.54	15
5.81	6.37	15
8.34	8.76	15
10.54	11.61	15
17.29	18.28	15
31.05	30.09	15
52.51	54.2	15
100.94	100.72	15
193.72	193.09	15
382.72	379.18	15
739.7	727.35	15
1079.2	1089.98	15
1450.51	1421.82	15
1787.92	1769.79	15
2110.17	2105.14	15
2482.17	2460.1	15
2768.86	2842.58	15
3209.77	3150.68	15
1.21	1.52	15
1.24	1.31	15
1.47	1.54	15
1.77	1.84	15
2.56	2.88	15
3.5	3.21	15
4.11	3.63	15
4.81	4.89	15
6.57	6.99	15
8.92	10.04	15
14.62	15.18	15
25.83	26.29	15
43.73	46.84	15
83.47	82.96	15
160.99	162.94	15
314.06	314.23	15
625.68	631.81	15
1205.08	1213.02	15
1782.0	1788.15	15
2348.53	2382.26	15
2960.78	2924.33	15
3577.58	3524.53	15
4082.69	4111.72	15
4622.89	4659.88	15
5328.35	5211.65	15
1.07	1.17	15
1.25	1.19	15
1.44	1.37	15
2.03	2.15	15
3.1	2.51	15
2.95	3.17	15
4.72	4.6	15
5.6	4.42	15
5.95	5.67	15
7.55	7.82	15
10.22	11.36	15
16.59	17.54	15
28.5	26.77	15
49.45	50.49	15
92.82	94.23	15
177.57	177.84	15
343.1	349.89	15
636.42	665.61	15
988.54	977.6	15
1309.04	1282.95	15
1578.43	1622.51	15
1904.51	1955.84	15
2268.87	2193.26	15
2594.31	2576.67	15
2862.95	2830.91	15
1.05	1.07	15
1.21	1.31	15
1.3	1.44	15
2.0	1.96	15
2.51	3.07	15
4.2	3.61	15
4.27	3.64	15
5.52	5.02	15
6.49	6.48	15
8.57	8.74	15
14.25	14.31	15
24.08	25.3	15
42.32	41.6	15
79.25	76.76	15
148.91	149.21	15
293.63	290.67	15
582.51	562.71	15
1105.56	1133.96	15
1668.59	1674.87	15
2199.42	2200.25	15
2736.51	2667.06	15
3233.7	3275.3	15
3722.24	3708.24	15
4295.28	4321.92	15
4813.73	4788.95	15
1.09	1.31	16
1.2	1.23	16
1.3	1.35	16
1.7	1.84	16
2.87	2.89	16
3.9	3.9	16
2.93	4.22	16
4.69	4.81	16
7.19	7.04	16
9.27	9.84	16
15.3	16.0	16
24.79	26.2	16
44.37	44.62	16
85.21	85.74	16
162.17	163.31	16
317.24	317.65	16
624.87	625.84	16
1207.29	1197.23	16
1795.28	1795.1	16
2380.41	2356.34	16
2946.24	2969.55	16
3510.58	3575.0	16
4157.6	4119.07	16
4652.35	4778.33	16
5333.62	5317.07	16
1.21	1.17	16
1.22	1.24	16
1.59	1.57	16
1.89	2.07	16
2.46	2.78	16
2.75	3.83	16
3.68	4.02	16
4.86	4.9	16
6.79	5.41	16
8.98	7.88	16
11.58	10.79	16
17.85	18.65	16
30.4	30.73	16
55.59	54.88	16
103.03	103.67	16
196.64	199.23	16
382.47	387.07	16
746.64	752.61	16
1100.56	1114.48	16
1444.41	1485.01	16
1811.89	1828.74	16
2209.23	2205.99	16
2568.62	2550.65	16
2933.02	2880.29	16
3300.18	3252.76	16
1.48	1.02	16
1.16	1.31	16
1.56	1.3	16
1.93	1.88	16
2.82	2.92	16
3.8	3.26	16
3.49	4.19	16
4.49	4.17	16
5.94	6.71	16
9.16	10.01	16
13.81	14.52	16
23.28	23.58	16
42.85	43.15	16
78.81	78.82	16
152.88	151.71	16
291.16	293.32	16
589.66	573.41	16
1119.3	1141.29	16
1655.77	1666.85	16
2178.95	2207.88	16
2756.95	2800.27	16
3262.9	3344.66	16
3810.75	3830.19	16
4303.02	4348.18	16
4899.61	4874.53	16
1.02	1.09	16
1.19	1.72	16
1.72	1.41	16
2.09	1.96	16
2.67	2.87	16
3.2	3.43	16
3.5	3.4	16
4.39	4.39	16
5.8	6.38	16
7.52	7.14	16
10.37	10.04	16
16.3	16.74	16
28.09	27.71	16
49.56	49.68	16
90.35	92.77	16
173.57	173.55	16
339.21	332.16	16
651.3	658.19	16
952.48	950.25	16
1298.87	1260.75	16
1625.69	1622.95	16
1900.09	1954.53	16
2258.67	2254.04	16
2532.32	2571.2	16
2869.45	2848.12	16
0.95	1.0	17
1.17	1.23	17
1.55	1.63	17
2.08	2.05	17
2.7	2.88	17
2.72	3.31	17
3.02	3.56	17
3.41	3.13	17
4.1	4.3	17
4.68	4.38	17
5.7	5.67	17
8.31	7.87	17
12.15	11.27	17
21.17	18.68	17
38.37	33.75	17
69.0	57.79	17
132.05	102.32	17
258.45	198.17	17
503.62	386.41	17
1011.92	841.24	17
1925.42	1631.75	17
2946.09	2135.99	17
3811.86	2868.09	17
4800.78	3623.64	17
5658.41	4136.19	17
6666.12	5555.39	17
7453.07	5624.85	17
8619.24	6571.41	17
0.96	0.97	17
1.25	1.24	17
1.48	1.6	17
2.02	2.21	17
2.54	2.72	17
2.94	3.13	17
3.19	3.24	17
4.26	4.2	17
5.44	5.49	17
6.58	7.71	17
9.61	13.25	17
15.84	23.89	17
22.08	43.72	17
41.74	83.07	17
74.51	160.82	17
141.95	317.16	17
273.54	509.2	17
549.42	1233.6	17
1078.39	1996.39	17
2172.09	4941.71	17
4223.48	9689.98	17
6275.01	14530.43	17
8348.27	19144.68	17
10408.95	23639.08	17
12467.89	28413.23	17
14519.56	32856.47	17
16552.01	38052.41	17
18565.71	42498.61	17
1.06	1.11	17
1.12	1.23	17
1.66	1.82	17
2.2	2.24	17
3.07	2.81	17
2.98	3.36	17
2.6	3.27	17
3.66	3.58	17
3.95	4.17	17
4.69	5.07	17
6.33	6.75	17
7.61	9.68	17
12.49	15.2	17
18.71	22.06	17
33.3	37.02	17
57.81	60.47	17
104.5	109.38	17
200.63	200.81	17
389.78	381.31	17
765.02	754.39	17
1467.59	1443.18	17
2170.07	2197.05	17
2894.46	2755.93	17
3595.82	3619.13	17
4355.12	4227.85	17
5095.89	4895.72	17
5693.77	5809.26	17
6458.03	6381.56	17
1.01	2.32	17
1.14	1.21	17
1.62	1.55	17
2.16	2.02	17
2.62	2.71	17
3.14	3.02	17
2.82	3.65	17
4.29	4.01	17
5.11	5.63	17
7.59	8.73	17
9.57	13.86	17
16.25	24.66	17
24.21	45.66	17
42.68	85.4	17
74.44	132.37	17
143.68	320.51	17
282.01	619.61	17
562.66	1238.51	17
1113.07	2457.24	17
2238.83	4986.7	17
4354.9	9606.58	17
6486.74	14259.68	17
8645.69	19078.8	17
10757.16	23666.62	17
12798.55	28588.05	17
14896.13	33260.93	17
17059.32	37906.4	17
19179.84	42741.42	17
1.01	1.23	18
1.33	1.5	18
1.69	1.74	18
2.26	2.15	18
2.86	2.78	18
2.82	3.23	18
3.26	3.42	18
3.47	4.06	18
4.2	4.04	18
5.05	4.99	18
6.15	6.29	18
9.57	8.61	18
14.87	13.68	18
24.96	22.6	18
45.9	40.98	18
86.29	78.14	18
167.07	144.53	18
327.13	294.38	18
653.55	567.99	18
1272.89	1182.5	18
2502.91	2149.85	18
3696.68	3338.55	18
4891.33	4444.54	18
6266.26	6101.2	18
7419.31	6476.8	18
8653.84	7497.3	18
9736.93	8705.61	18
11023.25	9779.21	18
1.03	1.16	18
1.85	1.44	18
1.51	2.27	18
2.12	2.47	18
2.43	2.6	18
2.71	3.44	18
3.61	3.58	18
4.58	3.93	18
5.22	5.45	18
7.1	7.92	18
10.96	13.16	18
13.87	22.89	18
21.57	42.94	18
37.53	79.31	18
70.05	156.93	18
133.42	303.16	18
259.84	605.99	18
512.96	1177.74	18
1009.12	2372.35	18
2023.1	4696.86	18
3952.89	9201.89	18
5889.82	13706.83	18
7802.28	18282.82	18
9738.83	22598.72	18
11640.47	26810.14	18
13672.62	32001.64	18
15557.31	36211.61	18
17507.3	40542.4	18
1.0	1.19	18
1.21	1.31	18
1.57	1.56	18
2.09	2.09	18
2.68	2.66	18
3.19	3.17	18
3.4	3.55	18
3.75	3.59	18
4.49	4.05	18
5.36	6.18	18
6.92	6.91	18
9.23	9.85	18
13.09	18.01	18
22.63	27.26	18
41.08	43.23	18
73.92	82.05	18
140.62	148.72	18
294.23	296.09	18
556.57	578.83	18
1082.68	1152.86	18
2134.57	2186.95	18
3149.24	3414.66	18
4186.11	4405.93	18
5246.64	5454.22	18
6101.33	6491.74	18
7213.01	7673.66	18
8202.38	8545.51	18
9385.88	9497.1	18
1.09	1.12	18
1.25	1.4	18
1.69	1.46	18
2.16	2.07	18
2.75	2.92	18
2.96	3.75	18
3.7	3.73	18
4.41	4.42	18
5.4	5.47	18
7.61	8.38	18
10.22	13.44	18
14.35	23.8	18
22.87	43.7	18
41.5	67.47	18
71.75	156.44	18
139.55	304.57	18
270.55	485.32	18
537.26	1190.51	18
1059.61	2360.15	18
2109.18	4697.9	18
4140.3	9255.75	18
6157.83	13622.78	18
8138.86	18055.08	18
10198.18	22561.43	18
12221.89	27091.61	18
14206.77	32073.36	18
16243.35	35956.97	18
18304.55	40420.04	18
1.1	1.14	19
1.18	1.31	19
1.54	1.66	19
2.08	2.21	19
2.77	2.83	19
3.32	3.15	19
3.1	3.87	19
4.9	4.09	19
5.66	5.38	19
6.58	8.04	19
9.89	12.92	19
16.69	23.1	19
21.73	42.71	19
36.83	81.13	19
74.61	153.46	19
131.51	303.73	19
260.93	598.2	19
509.62	1191.84	19
1005.14	2346.78	19
2006.75	4702.07	19
3957.99	9146.92	19
5878.82	13600.64	19
7820.95	18076.22	19
9726.27	22964.41	19
11668.77	26880.13	19
13540.34	31607.28	19
15497.7	36006.0	19
17383.62	40349.19	19
1.1	1.15	19
1.51	1.23	19
1.54	1.61	19
2.29	2.06	19
2.83	2.77	19
3.27	2.93	19
2.88	3.24	19
3.42	3.61	19
3.68	4.03	19
4.23	4.53	19
6.01	6.55	19
8.56	8.7	19
14.31	13.18	19
24.96	23.71	19
46.51	40.66	19
89.15	76.91	19
164.59	146.16	19
333.47	289.45	19
647.2	595.67	19
1278.48	1141.41	19
2516.85	2309.89	19
3675.7	3225.66	19
4912.52	4594.23	19
6543.74	6024.68	19
7471.64	6673.47	19
8595.03	7630.74	19
9888.47	9099.6	19
11053.19	9615.46	19
1.07	1.18	19
1.32	1.52	19
1.55	1.7	19
2.35	2.43	19
2.63	2.69	19
3.08	3.1	19
3.45	3.92	19
3.59	4.58	19
5.53	5.91	19
6.5	8.41	19
8.8	13.54	19
14.69	23.64	19
21.3	35.67	19
40.53	82.84	19
72.42	128.18	19
139.36	250.41	19
270.71	597.6	19
529.55	1176.38	19
1052.47	2353.39	19
2110.18	3811.76	19
4130.83	9231.73	19
6165.29	13501.34	19
8191.04	18063.43	19
10161.51	22775.22	19
12053.7	27138.65	19
14196.22	32029.31	19
16175.94	35765.87	19
18223.91	40388.28	19
1.02	1.26	19
1.26	1.44	19
1.68	1.91	19
2.09	2.28	19
2.83	3.06	19
3.23	3.24	19
3.4	3.47	19
3.68	3.55	19
4.14	4.31	19
5.4	5.53	19
6.62	7.77	19
9.41	10.85	19
14.54	18.42	19
23.49	27.63	19
41.29	44.76	19
75.27	80.37	19
143.49	156.01	19
275.13	292.5	19
547.33	569.9	19
1082.85	1130.21	19
2097.58	2142.22	19
3264.71	3346.9	19
4203.93	4339.48	19
5150.99	5457.48	19
6229.94	6537.32	19
7227.2	7632.81	19
8177.79	8750.86	19
9439.11	9795.63	19
1.03	1.1	20
1.25	1.29	20
1.66	1.58	20
2.18	2.29	20
2.62	2.81	20
3.21	3.31	20
3.61	3.56	20
4.21	4.32	20
5.52	4.94	20
5.74	8.06	20
7.47	13.52	20
12.14	19.5	20
21.31	42.88	20
39.23	83.99	20
74.75	161.27	20
139.25	318.44	20
275.35	625.14	20
550.06	1239.16	20
1079.5	2501.79	20
2160.15	4913.29	20
4213.72	9570.39	20
6264.15	14250.62	20
8354.78	18936.05	20
10345.94	23620.29	20
12437.17	28502.46	20
14568.2	33053.65	20
16529.11	30390.9	20
18732.81	42808.56	20
1.03	1.15	20
1.31	1.23	20
1.69	1.62	20
2.31	2.2	20
2.84	2.99	20
3.15	2.88	20
3.05	3.21	20
3.45	3.54	20
4.04	4.05	20
4.4	4.74	20
5.71	5.59	20
7.77	7.34	20
12.11	11.8	20
21.71	19.18	20
38.68	31.9	20
70.25	55.59	20
132.07	103.22	20
262.82	194.18	20
502.74	395.42	20
1009.27	750.37	20
2006.53	1447.84	20
2893.73	2118.18	20
3832.29	2789.43	20
4811.55	3548.56	20
5704.26	4257.27	20
6817.2	4830.42	20
7639.87	5765.82	20
8661.15	6474.11	20
1.02	1.05	20
1.19	1.2	20
1.59	1.73	20
2.01	2.24	20
2.34	2.69	20
3.22	3.23	20
3.45	3.54	20
4.06	4.48	20
4.98	5.65	20
7.89	8.22	20
10.01	11.77	20
13.99	19.78	20
21.36	44.8	20
40.53	83.75	20
76.32	163.01	20
143.66	318.35	20
283.94	640.27	20
563.43	1237.72	20
1112.67	2474.61	20
2231.5	4926.75	20
4354.66	9583.45	20
6463.13	14360.6	20
8595.77	15541.69	20
10707.82	23622.09	20
12850.77	28227.1	20
14997.79	33445.05	20
17075.49	37810.75	20
19231.48	42679.6	20
0.96	1.07	20
1.18	1.29	20
1.48	1.43	20
2.12	2.24	20
2.88	2.69	20
3.21	3.13	20
3.49	3.71	20
3.44	3.38	20
4.31	4.2	20
4.41	5.41	20
5.95	7.26	20
9.42	10.34	20
13.01	16.02	20
19.34	24.08	20
33.44	36.59	20
56.79	59.89	20
107.72	109.52	20
201.38	200.09	20
395.07	397.78	20
766.13	730.39	20
1478.68	1505.14	20
2198.89	2178.69	20
2933.25	2779.97	20
3635.69	3584.14	20
4339.72	4360.91	20
5028.55	5098.65	20
5614.73	5783.93	20
6485.86	6381.79	20
0.99	1.17	21
1.06	1.25	21
1.68	1.17	21
1.08	1.12	21
0.96	1.15	21
1.11	1.3	21
1.28	1.63	21
1.42	1.68	21
1.89	1.98	21
2.15	2.17	21
2.8	2.94	21
3.88	4.13	21
6.31	6.31	21
10.92	11.4	21
19.96	19.54	21
37.9	36.37	21
74.31	68.86	21
140.94	134.95	21
275.86	254.22	21
532.51	488.32	21
781.88	743.63	21
1039.65	965.35	21
1278.73	1214.9	21
1585.71	1454.92	21
1812.88	1689.1	21
2120.28	1928.45	21
2254.3	2272.54	21
0.96	1.12	21
1.07	1.03	21
1.09	1.02	21
1.07	1.06	21
1.01	1.04	21
1.07	1.08	21
1.22	1.28	21
1.43	1.6	21
1.86	2.18	21
2.75	3.44	21
4.72	5.79	21
7.11	10.3	21
12.67	20.47	21
24.09	40.44	21
46.68	77.5	21
109.89	154.55	21
213.51	303.16	21
356.96	590.98	21
713.01	1194.7	21
1374.92	2349.92	21
2034.34	3345.12	21
2700.69	4671.38	21
3388.07	5747.77	21
4035.77	6662.74	21
4815.61	7780.62	21
5427.8	9175.28	21
6096.1	10272.03	21
0.96	1.08	21
1.07	1.08	21
1.08	1.11	21
1.25	1.24	21
1.19	1.26	21
1.48	1.45	21
1.52	1.81	21
1.48	1.85	21
1.95	2.05	21
2.18	2.62	21
3.12	3.06	21
4.11	4.49	21
6.39	7.36	21
10.59	12.62	21
18.41	19.82	21
35.15	36.48	21
64.35	79.52	21
123.38	142.89	21
244.6	287.61	21
457.8	613.92	21
707.08	913.94	21
917.23	1074.47	21
1115.83	1377.64	21
1336.43	1605.52	21
1566.41	1856.62	21
1797.48	2204.37	21
1956.89	2654.81	21
1.13	1.22	21
1.17	1.18	21
1.11	1.26	21
1.06	1.08	21
1.2	1.13	21
1.22	1.29	21
1.61	1.5	21
1.61	1.94	21
2.49	2.66	21
3.28	3.85	21
4.67	6.63	21
8.94	11.72	21
16.22	22.46	21
30.68	42.52	21
48.01	84.86	21
93.17	166.24	21
197.28	326.73	21
365.02	659.99	21
723.43	1315.35	21
1461.88	2552.04	21
2152.37	3759.49	21
2790.06	5012.14	21
3465.08	6138.62	21
4167.68	7595.54	21
4806.25	8580.04	21
5540.22	10160.17	21
6278.53	11246.46	21
0.95	1.03	22
1.04	1.14	22
1.11	1.21	22
1.13	1.1	22
1.21	1.43	22
1.86	1.14	22
1.26	1.32	22
1.5	1.62	22
1.78	1.86	22
2.58	2.38	22
3.77	3.79	22
5.96	5.83	22
10.4	9.93	22
18.91	18.86	22
36.52	36.2	22
70.48	69.73	22
138.04	133.04	22
272.84	268.37	22
529.56	523.47	22
1056.26	1012.08	22
1550.58	1523.16	22
2040.03	2025.04	22
2542.96	2478.26	22
3054.09	2988.19	22
3593.48	3423.15	22
4020.52	4041.93	22
4599.9	4393.92	22
1.06	1.04	22
1.08	0.94	22
1.08	1.04	22
1.14	0.95	22
1.2	1.18	22
1.26	1.19	22
1.51	1.36	22
1.67	2.25	22
2.21	2.22	22
2.88	3.19	22
3.97	5.34	22
7.3	9.65	22
13.11	17.59	22
24.32	34.03	22
48.02	64.01	22
93.32	130.01	22
213.18	249.44	22
361.97	525.88	22
841.14	1046.88	22
1656.61	2061.05	22
2084.2	2959.19	22
2873.9	4004.38	22
2851.27	4810.01	22
3450.2	6208.64	22
3947.57	6489.95	22
4471.65	8256.58	22
5503.36	8960.76	22
1.09	0.95	22
1.01	1.83	22
1.07	1.12	22
1.09	1.13	22
1.25	0.99	22
1.39	1.22	22
1.46	1.5	22
2.33	1.82	22
1.84	2.04	22
2.63	2.54	22
3.59	3.85	22
5.49	6.11	22
10.0	10.5	22
17.32	19.36	22
33.68	36.93	22
63.53	70.23	22
126.77	139.15	22
241.15	268.5	22
494.06	521.11	22
925.32	1021.71	22
1485.4	1545.53	22
1829.05	1980.46	22
2361.54	2467.15	22
2726.4	3033.55	22
3360.34	3549.72	22
3640.31	4010.75	22
4085.69	4394.5	22
0.99	0.99	22
1.18	1.61	22
1.09	1.01	22
1.11	1.08	22
1.17	1.0	22
1.19	1.29	22
1.51	1.42	22
1.75	1.82	22
2.37	2.57	22
2.85	3.7	22
4.61	5.76	22
6.73	9.85	22
16.16	18.09	22
21.77	34.95	22
41.71	69.49	22
99.67	137.64	22
159.6	270.33	22
379.61	513.41	22
624.54	1069.5	22
1214.69	2039.05	22
1811.52	3041.87	22
3429.8	4015.81	22
3001.35	5092.96	22
3886.47	5978.09	22
4240.27	7002.34	22
6260.23	8001.18	22
5819.61	8962.44	22
1.09	1.62	23
1.11	1.03	23
1.08	1.06	23
1.22	1.08	23
1.15	1.14	23
1.26	1.29	23
1.51	1.48	23
1.69	1.64	23
2.07	2.2	23
2.63	3.74	23
3.81	5.2	23
6.04	9.42	23
12.95	17.26	23
24.87	34.36	23
49.29	69.1	23
76.05	133.65	23
149.21	264.22	23
360.18	504.44	23
751.96	1044.35	23
1883.91	1944.99	23
1721.31	3014.03	23
2974.64	3861.49	23
2923.64	4712.51	23
3391.04	5536.29	23
3920.48	6708.2	23
4515.69	7717.01	23
5279.36	8279.7	23
1.0	0.99	23
1.05	1.03	23
1.04	1.05	23
1.04	1.03	23
1.12	1.2	23
1.28	1.38	23
1.36	1.38	23
1.51	1.48	23
2.0	1.8	23
2.65	2.48	23
3.6	3.53	23
5.77	6.03	23
10.15	10.65	23
20.05	19.24	23
38.06	37.11	23
71.01	68.74	23
140.56	133.4	23
268.91	270.44	23
536.03	531.94	23
1050.94	1009.26	23
1552.31	1520.87	23
2051.1	2016.11	23
2606.76	2459.49	23
3065.58	2994.95	23
3652.74	3438.82	23
4135.32	4004.33	23
4641.92	4441.99	23
1.08	1.04	23
1.12	1.02	23
1.05	1.65	23
1.05	1.03	23
1.28	1.01	23
1.17	1.25	23
1.42	1.55	23
1.88	1.74	23
2.24	2.5	23
3.37	3.8	23
4.14	5.63	23
8.96	10.14	23
14.26	18.06	23
21.43	35.27	23
59.61	67.27	23
98.2	133.32	23
159.04	267.99	23
381.55	528.07	23
630.79	1031.3	23
1258.86	2004.17	23
2242.25	3009.56	23
2469.73	3982.99	23
3101.37	4905.16	23
3604.51	5958.22	23
4198.15	6961.05	23
4785.4	8088.97	23
5409.77	9188.56	23
1.01	1.55	23
1.13	1.0	23
1.08	0.97	23
1.07	0.96	23
1.03	1.15	23
1.24	1.2	23
1.42	1.43	23
1.74	1.6	23
2.02	2.0	23
2.7	2.57	23
3.67	3.58	23
5.41	5.88	23
9.79	10.52	23
17.58	19.9	23
37.11	36.27	23
66.75	68.5	23
126.58	139.25	23
257.57	264.07	23
492.6	535.39	23
964.95	1007.38	23
1390.03	1570.5	23
1888.23	2048.2	23
2321.91	2582.76	23
2729.88	3126.43	23
3236.87	3449.04	23
3713.89	4005.48	23
4091.23	4542.41	23
0.93	0.9	24
0.93	1.0	24
0.95	0.92	24
0.97	0.99	24
0.99	1.01	24
1.06	1.24	24
1.2	1.33	24
1.43	1.49	24
2.14	2.11	24
3.08	3.57	24
5.33	5.72	24
8.08	10.38	24
14.97	20.03	24
28.5	39.77	24
46.58	80.57	24
91.85	151.91	24
178.48	315.45	24
447.73	582.86	24
746.58	1207.02	24
1376.25	2334.34	24
2043.03	3366.06	24
2718.42	4453.81	24
3395.88	5579.77	24
4069.57	6657.21	24
4730.03	8025.82	24
5397.01	9088.77	24
6101.71	10063.79	24
0.97	1.04	24
1.08	1.02	24
0.87	0.87	24
1.08	1.04	24
1.14	1.09	24
1.2	1.3	24
1.33	1.34	24
1.5	1.44	24
1.8	1.6	24
2.09	2.29	24
2.74	2.54	24
3.9	3.96	24
6.2	5.86	24
11.01	10.77	24
19.72	19.79	24
37.9	34.8	24
67.36	70.75	24
138.67	129.89	24
266.42	250.89	24
529.55	504.8	24
789.19	742.72	24
1049.84	1005.03	24
1295.15	1197.09	24
1556.36	1477.12	24
1753.76	1698.35	24
2039.04	1910.67	24
2311.66	2201.6	24
0.91	0.92	24
1.08	0.93	24
0.99	0.95	24
1.12	0.98	24
1.04	1.07	24
1.1	1.13	24
1.27	1.39	24
1.73	1.8	24
2.13	2.35	24
3.33	3.64	24
4.34	6.65	24
7.47	11.83	24
12.89	21.96	24
30.61	42.7	24
47.7	84.14	24
117.03	166.53	24
182.94	327.44	24
381.54	665.3	24
717.87	1304.79	24
1428.43	2545.49	24
2068.95	3843.02	24
2898.9	4993.27	24
4344.15	6303.3	24
4172.65	7546.85	24
4846.6	8892.63	24
5532.04	9992.76	24
6224.52	11168.41	24
1.0	1.06	24
0.9	0.91	24
1.07	0.95	24
1.07	1.03	24
1.14	1.12	24
1.2	1.11	24
1.45	1.24	24
1.49	1.47	24
1.9	1.85	24
2.33	2.3	24
2.61	2.91	24
4.18	4.21	24
5.95	7.24	24
10.99	11.94	24
19.09	24.09	24
34.41	38.14	24
64.1	81.12	24
124.4	136.86	24
243.33	300.35	24
466.32	594.51	24
702.28	837.22	24
930.74	1100.41	24
1111.69	1358.27	24
1342.41	1568.17	24
1565.6	1882.63	24
1782.65	2362.91	24
1985.9	2442.23	24
1.75	1.83	25
2.34	2.3	25
2.61	2.33	25
2.82	3.14	25
3.79	3.92	25
2.99	3.3	25
3.72	4.18	25
4.0	3.81	25
4.89	4.46	25
6.32	5.86	25
8.94	8.29	25
14.78	12.4	25
25.8	19.59	25
47.81	39.03	25
89.66	62.06	25
171.85	116.48	25
340.12	227.6	25
670.84	440.99	25
1296.46	863.16	25
1721.51	1285.0	25
2565.45	1947.92	25
3157.2	2158.25	25
3432.94	2535.78	25
4495.23	2946.63	25
5062.8	3945.12	25
5731.75	3812.68	25
1.7	1.9	25
2.17	2.31	25
2.94	3.14	25
3.58	4.3	25
3.88	4.32	25
4.18	4.42	25
4.33	4.33	25
5.16	5.76	25
6.91	7.93	25
9.85	12.21	25
16.39	20.44	25
25.43	36.51	25
37.3	69.26	25
70.38	132.26	25
134.33	215.0	25
254.87	514.41	25
508.48	1024.62	25
994.15	2026.23	25
2609.95	3960.06	25
2853.61	5858.97	25
3808.34	7764.96	25
8113.49	8046.86	25
5705.03	11655.31	25
6620.05	13514.29	25
7566.88	15571.62	25
8591.37	17579.91	25
1.77	1.8	25
2.12	2.2	25
3.06	3.18	25
3.23	3.51	25
3.59	3.8	25
4.16	3.89	25
3.54	4.47	25
4.39	3.81	25
4.71	5.11	25
6.89	7.39	25
9.02	10.29	25
14.89	13.87	25
25.08	21.28	25
44.8	36.08	25
83.76	64.43	25
163.22	117.49	25
284.16	229.1	25
555.39	451.47	25
1083.55	869.7	25
1775.96	1270.57	25
2358.89	1700.72	25
2940.22	2128.57	25
3515.41	2862.59	25
4125.53	3334.51	25
4686.78	3360.68	25
5181.67	3800.24	25
1.84	1.97	25
2.14	2.33	25
3.01	2.84	25
3.69	3.85	25
3.85	4.55	25
4.2	4.6	25
4.93	5.01	25
5.72	6.3	25
9.08	7.99	25
11.14	12.93	25
14.38	21.39	25
21.36	37.35	25
36.59	34.45	25
90.52	133.67	25
132.33	259.06	25
254.48	512.05	25
508.75	1027.61	25
985.01	1676.42	25
1945.22	3936.33	25
2896.97	5866.27	25
3775.68	6491.78	25
4751.62	9709.56	25
5663.56	11587.86	25
6631.63	13620.75	25
12752.2	15562.06	25
8538.58	17344.47	25
1.65	1.99	26
2.28	2.53	26
2.8	3.44	26
3.79	3.57	26
3.82	4.01	26
3.81	4.25	26
4.11	4.59	26
4.58	4.8	26
5.8	6.01	26
6.73	7.17	26
11.66	11.07	26
19.21	16.85	26
34.0	27.21	26
64.35	51.67	26
121.79	96.38	26
236.87	184.75	26
470.87	368.01	26
929.35	723.87	26
1780.27	1411.68	26
2692.44	2086.87	26
3555.98	2981.4	26
4497.93	3783.32	26
5302.03	4524.61	26
6192.85	4843.56	26
6998.26	5453.68	26
7916.96	6858.71	26
1.66	1.91	26
2.09	2.47	26
2.69	3.2	26
3.48	3.27	26
3.32	3.97	26
3.68	3.69	26
3.69	4.37	26
5.19	4.68	26
4.57	7.04	26
8.16	10.65	26
11.15	18.14	26
18.05	27.21	26
29.56	61.31	26
77.41	119.43	26
107.34	231.35	26
201.12	457.45	26
399.65	907.7	26
787.06	1826.18	26
1552.08	3553.08	26
2319.74	5230.43	26
4361.99	6997.93	26
3840.57	8604.18	26
4616.81	10450.54	26
5364.84	7617.13	26
6155.36	13927.94	26
6949.75	12689.99	26
1.51	1.81	26
2.36	2.33	26
3.0	3.19	26
3.81	3.86	26
3.84	4.09	26
4.1	3.77	26
4.56	4.66	26
5.14	5.4	26
5.71	6.5	26
8.02	7.88	26
11.36	12.1	26
18.88	18.31	26
33.21	29.63	26
62.49	55.06	26
117.02	98.81	26
225.2	187.05	26
435.34	367.49	26
886.76	731.58	26
1770.58	1498.9	26
2503.08	2092.93	26
3307.3	2710.31	26
4177.64	3688.73	26
4965.08	4096.31	26
5753.68	5086.26	26
6528.42	5436.0	26
7330.88	6187.9	26
1.76	1.89	26
2.33	2.66	26
2.78	2.9	26
3.84	3.59	26
3.43	3.9	26
4.19	4.15	26
4.76	4.66	26
4.64	5.29	26
6.34	7.5	26
7.37	11.78	26
11.0	16.09	26
21.39	34.58	26
32.14	61.57	26
56.63	119.59	26
105.47	233.25	26
204.55	457.78	26
400.45	906.69	26
787.07	1824.34	26
2219.42	3540.52	26
2340.82	5230.68	26
3120.74	6964.16	26
3925.82	8650.42	26
4646.78	10486.53	26
5450.7	9888.57	26
8709.33	13773.99	26
7093.28	15587.7	26
1.67	1.94	27
2.47	2.16	27
2.37	2.74	27
3.39	3.14	27
3.51	3.4	27
3.76	3.88	27
4.01	4.32	27
5.54	5.48	27
6.98	7.26	27
8.36	8.31	27
11.9	18.19	27
18.3	27.39	27
32.27	61.24	27
57.19	120.41	27
108.11	192.23	27
210.24	454.74	27
410.96	911.84	27
808.43	1818.03	27
1585.99	3525.39	27
2362.01	4305.08	27
3106.78	5698.23	27
5460.71	8704.05	27
6579.77	10370.28	27
9877.56	9917.49	27
6143.69	13828.82	27
9797.43	15584.58	27
1.78	1.81	27
2.18	2.39	27
3.08	3.3	27
3.66	3.87	27
3.98	3.86	27
3.93	4.2	27
4.2	3.77	27
4.81	5.34	27
5.61	6.81	27
7.27	6.84	27
11.88	10.18	27
18.46	15.56	27
33.66	28.75	27
64.45	51.73	27
121.89	96.77	27
234.83	184.07	27
461.98	360.17	27
920.3	716.32	27
1788.93	1393.17	27
2704.99	2087.17	27
3605.25	2744.23	27
4475.4	3743.1	27
5296.02	4104.24	27
6079.29	4817.59	27
7056.55	5476.67	27
7351.9	6165.44	27
1.76	1.9	27
2.28	2.34	27
2.98	2.9	27
3.21	3.3	27
3.57	3.45	27
4.05	3.88	27
4.38	4.54	27
5.27	5.04	27
6.51	7.78	27
7.66	11.74	27
10.39	19.51	27
21.73	28.06	27
31.99	62.61	27
60.66	99.62	27
110.36	233.27	27
213.96	457.02	27
581.13	909.34	27
825.52	1807.59	27
1608.8	3506.53	27
2373.77	5250.62	27
3208.33	7012.53	27
4004.98	8687.38	27
4766.91	10368.95	27
7763.32	9938.05	27
6281.28	13866.84	27
7114.1	15582.13	27
1.74	1.82	27
2.26	2.39	27
3.14	2.96	27
3.76	3.67	27
4.05	4.09	27
4.33	4.12	27
4.49	4.6	27
5.08	5.13	27
5.57	5.93	27
7.3	7.56	27
12.68	11.73	27
19.51	18.02	27
32.9	30.91	27
60.78	52.72	27
116.86	98.88	27
224.65	190.11	27
438.63	366.21	27
869.92	721.81	27
1685.61	1493.56	27
2564.23	2093.65	27
3286.75	2757.55	27
3878.38	3467.82	27
4645.97	4125.14	27
5472.96	4759.39	27
6485.68	5519.72	27
7489.13	6115.44	27
1.55	1.58	28
2.31	2.23	28
2.96	3.21	28
3.52	3.9	28
4.17	3.81	28
4.88	4.68	28
4.64	4.61	28
5.88	5.84	28
7.34	8.11	28
10.88	10.64	28
11.99	20.11	28
26.63	36.32	28
38.7	68.64	28
69.17	132.91	28
132.21	258.78	28
255.77	426.37	28
506.13	1010.71	28
999.4	2011.54	28
1926.53	3945.5	28
2875.01	5868.65	28
3841.76	7792.8	28
4760.67	9734.9	28
7643.34	11662.65	28
6594.3	13642.95	28
7539.65	12906.4	28
8524.37	14319.77	28
1.72	1.73	28
2.29	2.26	28
2.81	2.53	28
3.37	3.62	28
4.03	3.71	28
4.17	4.14	28
3.88	3.75	28
4.21	3.98	28
4.99	4.87	28
6.39	5.59	28
8.27	8.5	28
13.74	12.22	28
26.19	19.12	28
42.08	34.4	28
89.87	71.63	28
173.97	135.47	28
335.28	230.72	28
675.31	440.12	28
1276.89	868.43	28
1958.84	1250.13	28
2549.11	1949.9	28
3218.66	2084.06	28
3372.53	2951.94	28
4394.61	2958.03	28
5078.61	3304.52	28
5643.65	3748.91	28
1.78	1.67	28
3.08	2.49	28
2.86	2.96	28
3.69	3.64	28
3.99	3.83	28
4.03	4.22	28
5.29	5.08	28
6.04	6.33	28
6.98	8.24	28
9.88	12.31	28
16.27	18.46	28
22.42	37.54	28
38.43	70.92	28
70.24	133.26	28
133.65	215.17	28
338.08	511.82	28
500.02	673.43	28
999.61	2019.45	28
1938.44	2592.05	28
2848.67	3891.8	28
3836.72	7836.2	28
4697.76	9701.91	28
5706.56	11696.6	28
6599.25	13466.03	28
7499.63	15583.27	28
8361.33	14507.26	28
1.63	1.93	28
2.33	2.03	28
3.02	2.77	28
3.35	3.26	28
3.42	3.16	28
3.65	3.6	28
3.7	3.64	28
3.63	4.33	28
5.17	4.94	28
6.87	6.35	28
8.71	10.05	28
15.61	14.01	28
25.16	21.51	28
45.77	36.22	28
83.79	64.07	28
162.43	120.89	28
290.71	261.68	28
620.07	444.01	28
1193.69	846.68	28
1775.47	1279.26	28
2364.75	1669.55	28
2960.0	2068.74	28
3539.75	2512.91	28
4077.84	3363.13	28
4246.9	3306.03	28
4838.66	3754.03	28
0.75	0.85	29
1.01	0.99	29
1.28	1.2	29
1.44	1.63	29
2.16	2.13	29
2.64	2.71	29
2.89	3.01	29
3.17	2.61	29
3.28	3.34	29
3.04	3.77	29
3.88	3.7	29
4.42	4.22	29
5.11	5.6	29
7.24	7.08	29
10.75	11.33	29
17.62	20.25	29
36.03	35.87	29
66.3	57.46	29
108.71	108.15	29
279.64	210.94	29
480.51	409.9	29
773.83	805.97	29
1371.68	1174.52	29
1552.12	1562.1	29
2279.39	2322.99	29
2756.55	2738.88	29
2652.72	2702.2	29
3066.57	3070.49	29
3511.32	3453.83	29
0.87	0.95	29
0.96	1.06	29
1.28	1.3	29
1.56	1.73	29
2.11	2.94	29
2.69	2.68	29
3.11	2.96	29
3.11	3.11	29
3.43	3.28	29
3.77	4.74	29
4.33	5.01	29
5.71	6.81	29
9.97	9.09	29
14.23	17.46	29
31.83	31.25	29
59.22	58.95	29
98.92	116.1	29
226.25	228.66	29
379.29	379.19	29
881.67	884.23	29
928.91	1756.01	29
2903.81	3397.2	29
4206.55	5004.81	29
5533.0	6572.42	29
8082.81	8140.1	29
9681.94	9708.43	29
11252.93	11266.78	29
10820.8	12869.18	29
14370.48	14433.09	29
0.88	0.91	29
0.97	1.0	29
1.13	1.17	29
1.53	1.43	29
2.13	1.84	29
2.63	2.37	29
3.02	3.19	29
3.14	3.18	29
3.56	3.12	29
3.83	3.52	29
3.91	3.78	29
5.05	4.84	29
6.12	6.17	29
9.26	8.66	29
12.41	11.92	29
19.48	19.55	29
33.37	36.09	29
73.0	58.46	29
109.51	110.25	29
207.43	216.36	29
407.82	404.65	29
916.17	803.57	29
1176.59	1357.26	29
1580.05	1562.33	29
1928.67	1960.07	29
2330.83	2324.38	29
2672.44	2717.6	29
3571.51	3105.33	29
3974.54	3480.61	29
0.87	0.87	29
1.0	0.93	29
1.34	1.3	29
1.83	1.55	29
2.36	1.83	29
2.71	2.7	29
2.65	2.94	29
3.45	2.64	29
3.31	3.31	29
3.87	4.02	29
4.84	4.06	29
7.29	6.97	29
10.74	11.07	29
18.46	17.17	29
32.11	27.31	29
59.2	59.59	29
114.68	112.95	29
189.18	220.97	29
298.8	437.18	29
862.95	863.81	29
922.92	1719.26	29
2795.16	3341.85	29
4894.75	4951.88	29
5460.92	6502.04	29
6779.01	8872.51	29
6721.23	9677.83	29
9512.09	11193.96	29
10831.43	12903.11	29
14321.0	14352.78	29
0.97	1.06	30
1.21	1.17	30
1.35	1.75	30
1.57	1.64	30
2.11	2.18	30
2.82	2.74	30
3.04	3.21	30
2.96	3.2	30
3.15	3.57	30
3.36	3.51	30
3.6	4.2	30
4.63	4.52	30
6.72	6.37	30
9.11	9.43	30
14.95	15.77	30
25.97	25.73	30
48.43	49.15	30
98.75	90.77	30
175.9	177.81	30
342.19	342.53	30
682.35	681.1	30
1580.59	1452.52	30
1955.04	1971.05	30
2620.15	2654.28	30
3884.09	3266.61	30
3947.58	3936.95	30
5067.18	4568.65	30
5275.45	5251.27	30
5921.94	5814.01	30
0.92	0.98	30
1.03	1.03	30
1.24	1.3	30
1.7	1.58	30
2.2	2.23	30
2.68	2.62	30
3.05	2.92	30
3.48	3.11	30
3.34	3.29	30
3.95	4.24	30
4.7	4.62	30
6.03	6.2	30
7.95	9.28	30
12.86	13.07	30
19.22	25.69	30
41.13	48.68	30
93.12	93.21	30
154.49	183.06	30
363.28	360.5	30
595.02	717.97	30
1431.18	1423.81	30
2766.99	2767.8	30
3429.6	4131.3	30
2761.48	5465.89	30
3469.09	6831.26	30
6842.74	8171.19	30
9499.33	7938.81	30
10853.59	10868.9	30
10179.16	12235.68	30
0.94	0.99	30
1.11	1.2	30
1.29	1.23	30
1.59	1.74	30
2.07	2.25	30
2.99	2.85	30
3.01	3.23	30
3.38	3.53	30
3.11	3.34	30
3.98	3.45	30
4.23	4.61	30
5.16	5.4	30
6.49	7.32	30
10.45	10.23	30
15.75	16.25	30
27.96	27.09	30
48.29	49.27	30
92.8	90.11	30
189.45	177.98	30
394.85	347.07	30
694.27	687.58	30
1447.12	1339.24	30
1972.18	1984.52	30
2627.74	2623.32	30
3498.89	3294.85	30
4183.18	4203.8	30
4534.14	4611.91	30
5177.01	5283.51	30
6276.97	5896.88	30
0.87	1.09	30
0.97	1.13	30
1.19	1.32	30
1.73	1.61	30
2.33	2.27	30
2.46	2.84	30
2.84	3.29	30
3.38	2.99	30
3.54	3.59	30
4.07	4.02	30
4.55	5.1	30
5.66	6.41	30
9.3	9.91	30
13.92	16.77	30
21.02	27.33	30
43.42	50.03	30
93.39	94.32	30
154.0	183.85	30
362.66	361.31	30
484.29	716.68	30
1417.72	1420.81	30
2323.96	2339.36	30
3451.71	4134.43	30
4581.0	5467.14	30
3567.12	6826.36	30
5561.02	8163.44	30
9502.59	9547.01	30
9040.63	10842.84	30
6359.09	12235.79	30
0.87	1.01	31
1.01	1.63	31
1.96	1.33	31
1.73	1.74	31
2.04	2.34	31
2.66	3.43	31
2.67	3.33	31
3.25	2.76	31
3.38	3.16	31
3.82	4.03	31
4.85	4.61	31
6.39	5.76	31
9.1	9.27	31
14.83	15.29	31
22.88	22.47	31
42.02	49.08	31
77.96	78.65	31
152.43	181.04	31
300.82	360.35	31
479.87	709.41	31
1188.81	1424.11	31
1851.61	2770.81	31
4113.66	4138.29	31
5459.11	5491.18	31
5695.65	6817.29	31
5449.45	8190.26	31
9482.28	9550.84	31
10844.85	10853.69	31
10197.6	12219.77	31
1.03	1.05	31
1.07	1.21	31
1.25	1.28	31
1.55	1.64	31
2.05	2.2	31
2.77	2.85	31
2.96	3.35	31
3.52	3.09	31
3.11	3.62	31
3.35	3.51	31
5.01	4.35	31
4.74	4.93	31
6.63	6.49	31
9.96	9.07	31
15.55	15.83	31
28.66	26.57	31
56.17	48.29	31
89.88	92.32	31
193.93	177.94	31
348.53	345.76	31
747.74	685.58	31
1559.39	1462.67	31
2352.56	2000.8	31
2862.05	2649.49	31
3914.48	3281.08	31
3941.47	3965.73	31
4972.79	5071.16	31
5733.25	5221.66	31
6409.3	5896.56	31
0.97	0.95	31
1.08	1.07	31
1.25	1.2	31
1.51	1.53	31
2.23	2.16	31
2.97	2.83	31
2.66	2.89	31
3.06	3.77	31
3.67	3.36	31
4.47	4.15	31
5.2	5.04	31
6.08	6.53	31
9.7	10.04	31
15.41	15.78	31
27.32	27.3	31
44.72	49.01	31
64.41	94.35	31
182.35	152.87	31
304.76	361.41	31
595.67	713.25	31
1191.88	1418.62	31
2773.19	2771.11	31
4118.22	4135.28	31
4578.82	5464.46	31
5672.98	6843.73	31
4244.31	8152.27	31
6457.95	9530.93	31
10887.17	10857.24	31
10148.05	12215.07	31
0.93	1.04	31
1.17	1.12	31
1.8	1.4	31
1.71	1.69	31
2.32	2.02	31
2.72	2.86	31
3.57	2.91	31
3.03	3.36	31
3.27	3.39	31
3.61	3.72	31
4.75	4.34	31
4.96	5.52	31
6.72	6.91	31
10.6	10.38	31
16.71	16.46	31
31.17	26.74	31
54.75	49.03	31
99.88	92.25	31
202.34	177.64	31
419.36	348.47	31
735.26	686.93	31
1534.51	1356.06	31
2270.44	1973.83	31
2832.83	2637.1	31
3798.89	3288.37	31
4240.73	3972.51	31
5335.2	4556.78	31
5897.24	5264.91	31
6229.79	6314.6	31
0.91	1.0	32
1.05	1.16	32
1.66	1.36	32
1.57	1.72	32
2.17	2.31	32
2.63	2.31	32
2.9	2.93	32
3.38	3.52	32
3.47	3.37	32
4.16	3.93	32
4.67	4.37	32
6.91	6.78	32
9.52	9.19	32
17.54	17.98	32
28.22	32.34	32
52.94	51.86	32
117.3	114.99	32
193.08	227.99	32
384.36	448.95	32
473.33	865.43	32
1178.5	1671.52	32
2268.69	3260.59	32
4809.23	4833.89	32
5381.86	6338.75	32
7909.6	7947.06	32
5263.48	9502.11	32
9410.77	11009.68	32
12629.14	12604.57	32
12039.18	14238.28	32
0.85	1.05	32
0.97	1.03	32
1.25	1.3	32
1.56	1.66	32
2.1	1.99	32
2.64	2.63	32
3.18	3.3	32
3.04	2.95	32
3.35	3.1	32
3.75	3.5	32
4.01	3.98	32
4.26	3.96	32
5.45	5.69	32
7.88	7.39	32
10.69	11.05	32
20.04	17.92	32
36.13	31.25	32
65.7	57.69	32
108.54	108.71	32
208.83	209.96	32
406.26	414.37	32
944.49	930.46	32
1388.01	1391.66	32
1818.42	1549.58	32
1953.13	2294.3	32
2280.12	2321.43	32
2731.98	2676.1	32
3021.39	3062.71	32
3433.89	3447.22	32
0.93	0.98	32
1.04	1.05	32
1.09	1.3	32
1.53	1.61	32
2.18	2.21	32
2.74	2.74	32
3.09	3.07	32
2.7	3.59	32
3.58	4.42	32
3.5	3.98	32
4.7	5.24	32
6.72	7.19	32
9.71	10.67	32
12.22	17.79	32
25.75	30.75	32
57.25	48.58	32
93.54	108.17	32
182.34	213.11	32
353.65	420.78	32
584.05	832.23	32
1649.93	1656.08	32
2725.95	3197.84	32
3321.3	4047.8	32
5373.19	6355.4	32
6752.9	7947.59	32
8061.59	9511.0	32
7704.88	11062.68	32
12585.89	12538.02	32
11928.53	14106.11	32
0.98	1.05	32
1.08	1.05	32
1.72	1.58	32
2.03	2.44	32
2.09	2.23	32
2.92	2.74	32
2.73	3.29	32
3.21	3.98	32
3.56	3.13	32
3.57	3.92	32
4.32	3.87	32
5.04	4.66	32
6.16	5.92	32
9.1	8.73	32
12.44	12.31	32
20.11	19.26	32
32.94	36.21	32
59.31	59.19	32
125.54	108.73	32
211.16	210.71	32
413.46	418.48	32
793.41	798.21	32
1160.97	1183.2	32
1558.79	1540.63	32
2259.88	1969.66	32
2669.93	2337.06	32
2705.72	2721.78	32
4026.7	3127.02	32
3462.42	3468.83	32
1.14	1.12	33
1.4	1.21	33
1.24	1.45	33
1.31	1.51	33
1.66	1.4	33
1.48	1.69	33
1.61	1.61	33
1.49	1.92	33
1.95	2.18	33
2.77	2.45	33
3.53	3.19	33
4.99	5.6	33
7.86	8.05	33
13.65	13.77	33
25.32	25.71	33
52.21	47.16	33
89.95	92.66	33
173.77	178.32	33
347.09	352.22	33
662.24	664.95	33
1091.41	991.37	33
1305.66	1328.83	33
1639.47	1663.47	33
1964.65	1954.34	33
2251.45	2349.44	33
2846.87	2630.93	33
2948.52	3011.86	33
0.99	1.13	33
1.25	1.21	33
1.13	1.39	33
1.57	1.47	33
1.41	1.44	33
1.53	1.74	33
1.6	1.9	33
2.14	2.25	33
2.68	2.83	33
4.28	4.96	33
6.27	7.21	33
12.57	13.04	33
18.82	23.48	33
45.87	46.19	33
79.77	89.05	33
177.48	177.9	33
348.34	351.92	33
692.01	695.65	33
1395.92	1388.27	33
2686.18	2691.57	33
4026.21	4034.25	33
5348.89	5306.87	33
6623.15	6616.2	33
7959.45	7926.68	33
9230.99	9283.22	33
10600.58	10521.04	33
11840.92	11896.76	33
1.12	1.22	33
1.35	1.32	33
1.27	1.35	33
1.33	1.48	33
1.48	1.52	33
1.77	1.54	33
1.66	1.71	33
2.06	1.99	33
2.33	2.17	33
2.82	2.91	33
4.09	4.14	33
6.06	6.36	33
9.26	9.34	33
15.31	15.35	33
26.79	27.36	33
48.86	48.89	33
92.8	92.44	33
175.91	181.49	33
349.15	352.41	33
663.69	683.86	33
1003.95	992.93	33
1311.92	1346.82	33
1658.42	1627.14	33
1955.08	2033.08	33
2289.72	2341.04	33
2639.45	2614.92	33
2929.75	2949.2	33
1.03	1.17	33
1.2	1.21	33
1.53	1.34	33
1.48	1.42	33
1.48	1.68	33
1.42	1.58	33
1.93	1.69	33
2.18	2.45	33
2.89	2.99	33
4.66	4.47	33
7.58	8.38	33
13.74	13.81	33
25.07	25.48	33
47.05	46.41	33
91.56	90.16	33
177.04	177.7	33
350.21	352.53	33
697.83	694.26	33
1388.4	1379.52	33
2401.16	2680.76	33
3998.57	4031.79	33
5315.75	5330.1	33
6613.01	6641.99	33
7878.09	8003.13	33
9325.44	9258.2	33
9434.06	10535.64	33
10566.39	11921.95	33
1.1	1.18	34
1.34	1.39	34
1.44	1.27	34
1.39	1.58	34
1.46	1.74	34
1.61	1.6	34
1.91	1.76	34
1.84	2.06	34
2.41	2.54	34
3.04	2.99	34
4.82	4.81	34
7.7	7.34	34
12.36	12.28	34
23.66	22.29	34
42.71	42.86	34
83.49	82.35	34
158.34	162.91	34
313.64	322.28	34
622.49	621.38	34
1256.27	1212.3	34
1787.91	1788.25	34
2391.76	2377.87	34
3285.95	2951.33	34
3528.37	3598.14	34
4548.22	4158.44	34
4668.99	4674.23	34
5321.25	5340.49	34
1.21	1.37	34
1.32	1.29	34
1.96	1.37	34
1.55	1.53	34
1.55	1.32	34
1.75	1.46	34
1.67	1.82	34
2.17	2.12	34
2.86	2.57	34
3.5	3.77	34
6.46	6.25	34
10.99	11.09	34
20.24	20.03	34
37.36	37.48	34
72.89	73.72	34
144.27	145.2	34
286.08	288.33	34
569.97	566.38	34
1138.43	1140.69	34
2228.55	2214.97	34
3290.79	3287.2	34
4380.34	4381.16	34
5458.31	5449.74	34
6524.94	6539.67	34
7630.05	7611.12	34
8702.87	8705.35	34
9776.13	9779.83	34
1.1	1.22	34
1.38	1.33	34
1.41	1.45	34
1.39	1.51	34
1.59	1.57	34
1.76	1.68	34
1.83	1.76	34
2.06	2.18	34
2.46	2.86	34
3.49	3.23	34
5.09	4.96	34
7.79	8.57	34
13.49	13.4	34
23.47	23.98	34
44.76	42.91	34
82.04	82.61	34
163.46	163.48	34
310.33	321.68	34
622.19	625.59	34
1266.71	1199.22	34
1805.79	1800.43	34
2466.41	2389.14	34
2994.55	2976.96	34
3549.9	3532.0	34
4371.49	4155.99	34
4745.02	4765.63	34
5354.45	5345.72	34
1.26	1.28	34
1.32	1.37	34
1.36	1.52	34
1.22	1.42	34
1.4	1.58	34
1.41	1.78	34
2.04	1.59	34
2.26	2.11	34
2.91	2.86	34
4.22	4.39	34
6.15	6.89	34
11.68	11.92	34
20.91	21.07	34
39.21	38.21	34
74.97	75.29	34
145.27	144.61	34
285.96	287.15	34
573.97	567.09	34
1137.82	1140.83	34
2217.72	2221.28	34
3297.51	3303.33	34
4380.06	4385.59	34
5460.18	5454.27	34
5842.67	6544.36	34
7614.19	7616.56	34
8702.0	8705.51	34
9766.86	9771.0	34
1.25	1.12	35
1.29	1.25	35
1.28	1.39	35
1.47	1.48	35
1.53	1.49	35
1.53	1.59	35
1.68	1.9	35
2.08	2.13	35
2.82	2.81	35
3.94	3.81	35
6.22	6.5	35
11.61	10.92	35
20.12	19.64	35
37.42	37.98	35
73.61	73.73	35
144.59	144.9	35
284.46	286.8	35
568.42	570.71	35
1133.56	1137.32	35
1964.17	2221.41	35
3289.13	3292.43	35
4369.15	4378.48	35
4860.01	5450.82	35
6534.53	6539.0	35
7627.66	7620.22	35
8702.81	8684.99	35
9771.53	9796.66	35
1.22	1.73	35
1.39	1.32	35
1.3	1.47	35
1.42	1.41	35
1.64	1.55	35
1.58	1.77	35
1.88	1.76	35
2.03	2.06	35
2.58	2.45	35
3.27	3.02	35
4.84	4.56	35
7.0	8.08	35
12.17	12.3	35
22.12	22.72	35
43.37	43.31	35
82.2	83.43	35
157.34	161.66	35
311.17	317.23	35
619.27	622.1	35
1196.71	1206.7	35
1795.06	1797.22	35
2370.53	2380.51	35
2979.37	2970.2	35
3504.51	3565.65	35
4085.5	4154.79	35
4662.53	5105.56	35
5504.85	5313.85	35
1.25	1.11	35
1.39	1.47	35
1.39	1.46	35
1.47	1.45	35
1.41	1.67	35
1.53	1.6	35
1.78	1.96	35
2.26	2.27	35
2.75	2.84	35
4.42	4.25	35
6.92	6.99	35
11.9	12.09	35
18.73	20.74	35
38.15	38.94	35
75.0	74.79	35
130.23	144.32	35
285.11	287.37	35
566.68	569.49	35
1136.75	1137.2	35
2212.77	2218.01	35
3297.82	3294.17	35
3911.53	4384.55	35
5470.5	5467.15	35
5846.28	6552.11	35
7612.85	7626.32	35
8701.7	8703.7	35
9780.75	9781.27	35
1.04	1.12	35
1.21	1.26	35
1.45	1.4	35
1.44	1.4	35
1.46	1.54	35
1.58	1.67	35
1.85	1.8	35
2.02	2.19	35
2.6	2.49	35
3.46	3.48	35
4.95	4.67	35
8.07	7.96	35
13.12	13.37	35
23.35	22.53	35
45.1	44.46	35
82.64	83.53	35
162.67	162.1	35
315.63	311.33	35
624.37	626.71	35
1215.86	1194.25	35
1788.4	1815.94	35
2394.41	2358.25	35
2990.73	2953.53	35
3678.43	3604.53	35
4099.46	4171.42	35
4699.59	4768.99	35
5347.83	5332.6	35
1.06	1.08	36
1.28	1.13	36
1.34	1.29	36
1.35	1.44	36
1.44	1.4	36
1.54	1.58	36
1.6	1.74	36
2.21	2.1	36
2.69	2.85	36
4.12	5.03	36
6.29	7.19	36
12.93	12.51	36
21.13	23.87	36
46.02	45.37	36
90.13	90.72	36
176.14	179.6	36
348.28	349.92	36
693.72	694.72	36
1386.25	1386.88	36
2675.24	2707.3	36
4008.82	4037.53	36
5325.29	5335.03	36
6627.83	6660.71	36
7004.72	8039.95	36
9277.01	9331.91	36
10544.51	10576.39	36
11891.0	12012.47	36
1.17	1.13	36
1.2	1.22	36
1.39	1.44	36
1.25	1.3	36
1.36	2.15	36
1.48	1.35	36
1.53	1.5	36
2.0	1.99	36
2.03	2.33	36
2.46	2.43	36
3.31	3.23	36
5.14	4.98	36
7.88	8.12	36
13.8	14.3	36
25.52	25.5	36
52.0	48.01	36
90.52	91.37	36
175.77	177.79	36
344.95	350.73	36
670.84	672.65	36
989.38	1015.13	36
1478.47	1321.4	36
1668.89	1664.24	36
1968.18	2036.81	36
2503.22	2290.32	36
2613.19	2640.34	36
3263.47	2987.69	36
1.11	1.25	36
1.28	1.36	36
1.31	1.34	36
1.33	1.41	36
1.59	1.36	36
1.66	1.6	36
1.82	1.89	36
2.2	2.28	36
2.78	3.63	36
4.43	4.4	36
7.47	8.14	36
13.61	13.61	36
25.28	24.83	36
46.54	46.75	36
90.27	91.05	36
178.21	178.32	36
350.86	350.85	36
698.09	694.86	36
1378.09	1388.95	36
2393.11	2729.79	36
4013.91	4003.03	36
5349.44	5322.63	36
6642.38	6627.78	36
7073.95	7922.83	36
9295.84	9310.4	36
10599.33	10580.82	36
11851.46	12010.22	36
1.04	1.26	36
1.16	1.19	36
1.34	2.02	36
1.36	1.42	36
1.28	1.25	36
1.48	1.42	36
1.68	1.74	36
1.86	1.94	36
2.51	2.15	36
3.05	2.97	36
3.95	4.58	36
6.17	6.15	36
9.35	9.27	36
15.56	15.34	36
26.75	26.76	36
49.11	48.58	36
92.01	93.64	36
176.48	179.74	36
394.19	355.92	36
672.56	675.85	36
1003.98	998.66	36
1316.11	1330.89	36
1645.48	1675.78	36
1954.74	1984.37	36
2266.99	2348.32	36
2619.57	2631.49	36
2917.07	2960.24	36
0.93	0.93	37
1.01	1.01	37
1.19	1.28	37
1.67	1.71	37
2.48	2.4	37
3.57	4.1	37
7.76	7.78	37
11.52	12.73	37
25.45	19.59	37
28.64	23.27	37
23.43	24.54	37
24.83	24.56	37
24.25	30.76	37
31.8	40.11	37
35.55	42.46	37
56.2	48.36	37
80.7	82.38	37
127.2	121.22	37
232.65	184.85	37
429.49	321.56	37
824.1	595.58	37
1594.58	1127.07	37
2369.55	1633.66	37
3104.76	2161.51	37
3849.51	2731.82	37
4586.07	3223.62	37
5442.2	3747.24	37
6154.11	4296.82	37
7006.83	4874.18	37
0.87	0.86	37
0.98	1.02	37
1.16	1.38	37
1.58	1.8	37
2.57	2.59	37
3.84	4.29	37
6.88	6.18	37
13.53	13.82	37
13.7	18.01	37
21.11	26.99	37
25.53	25.38	37
28.38	25.82	37
31.63	26.53	37
44.62	33.97	37
44.56	41.44	37
63.0	74.34	37
91.62	116.71	37
172.79	226.45	37
316.83	470.87	37
614.5	1017.35	37
1177.92	2080.59	37
2292.3	4098.55	37
3398.92	6076.96	37
4544.71	8125.95	37
5659.28	10053.19	37
6756.68	12107.36	37
7984.33	13878.08	37
9014.55	16029.72	37
10137.91	17860.24	37
0.86	0.83	37
1.07	1.05	37
1.24	1.19	37
1.66	1.79	37
2.65	2.66	37
4.23	4.2	37
7.04	7.0	37
12.73	13.41	37
19.48	14.67	37
17.95	13.8	37
25.11	21.73	37
28.72	20.19	37
19.09	26.65	37
30.08	29.4	37
37.64	39.27	37
54.54	54.67	37
76.32	85.67	37
120.48	148.34	37
222.92	233.16	37
416.77	444.15	37
797.01	834.22	37
1527.17	1582.79	37
2211.73	2358.19	37
2977.75	3106.03	37
3663.34	3896.84	37
4453.61	4665.65	37
5161.61	5433.02	37
5830.4	6201.12	37
6611.25	6943.78	37
0.9	0.86	37
1.05	0.98	37
1.25	1.28	37
1.65	1.75	37
2.48	2.64	37
4.42	4.3	37
6.63	7.08	37
12.41	10.52	37
20.28	18.96	37
17.82	20.84	37
25.36	31.15	37
21.0	25.48	37
23.53	33.94	37
27.02	25.07	37
38.86	50.58	37
65.9	75.68	37
94.9	125.03	37
161.84	228.1	37
288.28	505.9	37
578.99	1113.03	37
1083.96	2245.9	37
2100.33	4440.93	37
3141.54	6596.7	37
4216.01	8486.09	37
5246.76	11005.6	37
6201.03	13066.06	37
7275.01	15381.74	37
8344.03	17357.91	37
9425.23	19543.96	37
1.01	0.99	38
0.95	1.14	38
1.35	1.28	38
1.72	1.73	38
2.67	3.3	38
4.23	4.34	38
7.34	7.63	38
13.68	10.42	38
24.2	14.89	38
25.85	26.66	38
20.46	16.28	38
32.31	26.3	38
34.61	33.03	38
36.87	36.41	38
39.44	43.25	38
53.6	54.56	38
96.21	99.81	38
163.93	142.51	38
303.77	248.46	38
555.7	484.63	38
1079.85	876.45	38
2087.73	1702.82	38
3108.4	2491.67	38
4087.76	3293.26	38
5130.45	3997.85	38
6043.6	4805.46	38
7173.86	5528.35	38
8085.34	6416.31	38
9121.45	7101.18	38
1.05	0.9	38
1.09	1.06	38
1.28	1.35	38
1.67	1.79	38
2.99	2.87	38
4.59	4.34	38
7.85	8.21	38
13.97	13.25	38
25.85	18.7	38
22.44	24.54	38
25.1	20.95	38
16.22	34.73	38
23.48	25.14	38
33.74	35.36	38
37.64	43.61	38
60.66	69.26	38
95.35	101.78	38
141.74	151.93	38
266.36	464.16	38
497.72	908.37	38
997.78	1851.4	38
1870.61	3665.61	38
2774.18	5441.93	38
3689.76	7240.04	38
4622.07	8921.83	38
5546.06	10739.04	38
6468.34	12519.91	38
7355.19	14250.91	38
8709.25	16838.88	38
0.85	0.95	38
1.07	1.09	38
1.36	1.38	38
1.68	1.78	38
2.7	2.73	38
4.31	4.59	38
7.54	7.45	38
12.01	11.86	38
17.85	10.2	38
21.6	17.28	38
27.37	21.71	38
26.97	26.1	38
35.28	29.52	38
40.22	29.1	38
42.24	36.62	38
63.09	59.37	38
85.73	100.45	38
161.07	171.96	38
289.75	288.11	38
559.19	650.74	38
1085.58	1085.25	38
2055.18	2139.79	38
3076.06	3103.82	38
4043.2	4090.64	38
5015.23	5105.67	38
6018.62	6094.57	38
7079.09	7075.78	38
7983.52	7943.63	38
9016.08	9111.45	38
0.88	0.94	38
1.04	1.14	38
1.23	1.3	38
1.78	1.78	38
2.6	2.71	38
4.29	4.28	38
8.01	6.92	38
12.53	12.94	38
19.93	21.17	38
22.44	11.34	38
26.27	30.82	38
27.19	29.7	38
32.75	28.2	38
30.55	37.26	38
44.76	39.43	38
57.94	62.92	38
90.29	112.55	38
142.75	191.66	38
236.03	490.15	38
452.02	974.11	38
882.51	1956.39	38
1683.31	3921.45	38
2461.56	5868.43	38
3267.22	7837.81	38
4135.97	9646.68	38
4898.72	11654.86	38
5660.17	13713.47	38
6522.89	15637.92	38
7314.17	17529.19	38
0.93	0.85	39
1.01	1.06	39
1.34	1.33	39
1.79	1.69	39
2.64	2.72	39
4.36	4.34	39
6.13	6.64	39
8.98	9.66	39
13.9	19.05	39
18.82	29.17	39
15.01	22.77	39
32.44	25.96	39
28.65	31.84	39
33.09	31.45	39
53.59	43.2	39
43.77	59.91	39
78.14	89.16	39
140.17	228.81	39
261.38	466.08	39
499.26	911.47	39
962.87	1867.02	39
1851.4	3646.75	39
2793.57	5345.1	39
3650.68	7156.42	39
4602.11	8979.53	39
5570.03	10706.57	39
6499.76	12454.52	39
7321.47	14224.68	39
8210.31	16091.5	39
0.85	0.85	39
1.01	1.04	39
1.3	1.22	39
1.77	1.88	39
2.68	2.67	39
4.43	4.36	39
6.29	6.93	39
14.29	12.55	39
12.89	16.94	39
24.52	20.12	39
23.3	23.99	39
26.98	34.18	39
26.28	36.88	39
30.33	33.49	39
42.53	44.9	39
49.74	60.87	39
92.28	99.22	39
162.58	150.43	39
290.93	272.66	39
557.24	501.63	39
1088.19	897.81	39
2083.04	1653.17	39
3072.64	2365.01	39
4100.62	3173.37	39
5080.3	3957.9	39
6118.56	4776.42	39
7059.53	5525.95	39
8115.49	6155.72	39
9189.56	6945.09	39
0.93	0.98	39
1.09	1.04	39
1.33	1.3	39
1.82	1.81	39
2.64	2.53	39
4.46	4.48	39
7.8	7.64	39
13.8	14.18	39
21.95	22.78	39
26.78	30.42	39
26.69	33.8	39
19.29	31.31	39
34.65	26.4	39
33.87	39.71	39
47.23	41.16	39
52.17	58.82	39
93.32	99.13	39
139.87	241.5	39
243.66	518.27	39
454.74	997.48	39
877.64	2028.79	39
1680.59	3911.09	39
2499.33	5869.14	39
3225.43	7875.13	39
4071.55	9764.14	39
4901.63	11751.93	39
5668.79	13524.95	39
6541.99	15504.7	39
7315.04	17461.74	39
1.4	0.87	39
1.01	1.06	39
1.3	1.27	39
1.69	1.88	39
2.71	2.71	39
3.34	4.23	39
7.93	7.73	39
13.37	13.65	39
18.34	18.95	39
17.97	24.11	39
25.12	23.78	39
17.42	32.95	39
28.79	33.66	39
39.47	34.91	39
40.74	49.6	39
58.49	59.39	39
100.28	100.95	39
149.86	166.15	39
289.79	301.98	39
555.67	590.13	39
1081.63	1101.32	39
2055.9	2069.69	39
3079.13	3017.92	39
4100.19	4090.07	39
5101.95	5052.41	39
6056.75	6016.26	39
7067.68	6930.05	39
8050.08	8160.2	39
9004.69	8844.36	39
0.9	0.87	40
0.94	0.87	40
1.19	1.22	40
1.75	1.75	40
2.62	2.63	40
4.1	4.22	40
7.58	7.89	40
12.87	9.72	40
23.31	20.05	40
26.81	24.56	40
20.89	18.9	40
16.5	21.5	40
24.58	32.56	40
37.06	26.65	40
38.03	39.01	40
55.24	76.21	40
98.78	120.36	40
176.68	252.94	40
324.9	510.87	40
606.37	951.89	40
1193.31	2091.36	40
2312.8	4040.97	40
3405.86	6057.66	40
4543.76	8120.88	40
5652.62	9953.47	40
6770.88	11902.09	40
7853.31	14127.36	40
8925.8	16094.47	40
10123.65	17840.8	40
1.07	0.77	40
1.56	1.49	40
1.15	1.24	40
1.73	1.66	40
2.56	2.61	40
4.29	4.16	40
7.54	5.99	40
11.41	10.63	40
18.0	17.84	40
14.41	13.37	40
27.75	34.54	40
23.19	27.2	40
25.92	29.84	40
29.67	34.02	40
45.34	51.33	40
58.61	59.89	40
74.73	71.34	40
133.99	110.65	40
237.87	184.51	40
427.58	343.8	40
834.48	612.14	40
1587.7	1153.25	40
2365.47	1643.53	40
3063.88	2150.0	40
3853.67	2721.9	40
4613.07	3191.89	40
5294.63	3774.84	40
6145.54	4374.71	40
6895.99	4783.52	40
0.77	0.85	40
0.99	1.63	40
1.13	1.16	40
1.67	1.62	40
2.63	2.49	40
4.47	3.44	40
7.79	7.51	40
10.08	12.53	40
17.35	10.25	40
17.84	29.09	40
31.2	14.76	40
22.93	24.54	40
26.94	30.88	40
28.14	42.54	40
44.64	45.3	40
73.14	59.71	40
94.05	116.93	40
162.72	268.53	40
296.32	533.0	40
565.19	1047.49	40
1115.23	2257.4	40
2147.96	4416.68	40
3149.2	6602.06	40
4207.67	8811.94	40
5238.69	10904.14	40
6268.22	12593.56	40
7290.05	15238.83	40
8279.66	17382.16	40
9256.26	19628.17	40
0.84	0.84	40
0.94	0.98	40
1.28	1.16	40
1.71	1.72	40
2.44	2.61	40
4.07	4.73	40
7.76	7.46	40
11.41	13.85	40
13.24	14.99	40
15.11	23.99	40
33.9	21.84	40
21.8	18.69	40
19.62	35.05	40
28.19	36.05	40
38.03	39.68	40
59.18	46.64	40
80.86	81.62	40
116.66	143.88	40
230.22	240.67	40
414.25	447.56	40
808.3	857.08	40
1536.39	1616.69	40
2243.94	2351.02	40
2972.99	3115.56	40
3691.95	3836.18	40
4404.06	4608.01	40
5070.77	5432.28	40
5835.82	6348.98	40
6611.28	7135.04	40
0.99	1.03	41
1.18	1.3	41
1.52	1.62	41
1.99	2.23	41
3.85	2.92	41
5.47	4.63	41
7.69	7.35	41
11.76	8.19	41
9.95	9.75	41
18.5	15.19	41
22.23	21.3	41
25.45	25.7	41
32.91	35.07	41
41.36	42.99	41
59.76	62.89	41
94.74	97.3	41
165.57	168.8	41
315.51	307.22	41
599.69	599.67	41
1134.42	1157.84	41
1689.81	1698.32	41
2295.46	2303.89	41
2779.15	2809.77	41
3358.88	3372.93	41
3906.39	3938.86	41
4440.82	4509.11	41
4959.84	5033.83	41
0.99	0.96	41
1.13	1.35	41
1.5	1.47	41
2.02	1.99	41
2.91	3.43	41
4.61	4.93	41
8.69	9.52	41
8.79	11.2	41
12.28	9.3	41
15.0	14.62	41
22.47	19.89	41
26.12	27.78	41
36.79	36.61	41
47.02	51.44	41
74.44	78.39	41
126.71	125.65	41
232.9	229.97	41
439.18	429.23	41
845.97	855.37	41
1617.8	1628.49	41
2385.34	2416.36	41
3174.02	3220.58	41
3955.72	3969.47	41
4720.67	4710.23	41
5514.25	5560.58	41
6266.9	6291.56	41
7052.02	7121.07	41
0.93	0.99	41
1.15	1.21	41
1.45	1.41	41
1.77	2.05	41
2.67	2.87	41
5.38	4.49	41
4.56	5.76	41
8.63	9.09	41
9.8	10.49	41
13.14	14.4	41
20.79	15.52	41
23.15	22.31	41
29.42	30.03	41
37.25	36.79	41
51.11	51.14	41
84.53	86.13	41
152.08	150.91	41
284.52	279.33	41
540.32	540.55	41
1029.39	1051.87	41
1538.25	1545.39	41
2032.72	2043.64	41
2543.53	2556.34	41
2975.9	3032.49	41
3490.81	3481.1	41
4064.05	3997.55	41
4491.4	4510.3	41
1.01	0.94	41
1.18	1.1	41
1.27	2.12	41
1.92	1.98	41
3.0	3.45	41
4.64	5.16	41
7.4	5.94	41
7.7	12.12	41
12.48	13.93	41
14.27	16.43	41
19.49	24.27	41
30.92	27.84	41
31.81	30.16	41
48.25	45.94	41
69.44	73.84	41
124.9	120.29	41
223.53	219.16	41
410.89	419.13	41
800.95	794.96	41
1553.1	1531.06	41
2242.13	2262.33	41
2994.18	2981.94	41
3760.54	3726.44	41
4380.23	4512.16	41
5103.5	5165.73	41
6387.78	6573.54	41
6680.3	6761.16	41
1.06	1.13	42
1.15	1.13	42
1.49	1.34	42
1.97	1.79	42
2.94	2.67	42
4.94	4.83	42
5.05	5.0	42
8.19	8.15	42
9.18	9.41	42
9.59	12.05	42
17.94	20.06	42
27.45	29.4	42
36.81	33.75	42
43.12	47.77	42
72.03	73.26	42
125.65	125.53	42
227.05	230.97	42
430.01	418.84	42
832.49	829.37	42
1607.85	1607.69	42
2387.96	2422.31	42
3145.87	3154.36	42
3923.58	3957.36	42
4792.11	4646.85	42
5464.68	5463.16	42
6274.27	6277.74	42
7030.87	7023.2	42
1.13	0.96	42
1.12	1.0	42
1.59	1.48	42
2.74	1.81	42
2.16	3.01	42
4.79	5.04	42
6.34	6.78	42
9.42	6.41	42
8.21	14.86	42
13.01	16.54	42
21.1	22.09	42
26.37	27.6	42
30.68	30.51	42
39.51	38.64	42
58.91	56.73	42
94.14	94.06	42
161.91	165.31	42
307.35	306.77	42
586.54	590.4	42
1125.46	1122.67	42
1666.1	1652.82	42
2235.32	2158.6	42
2721.65	2741.42	42
3313.85	3271.31	42
3775.68	3788.17	42
4329.03	4333.01	42
4893.24	4997.18	42
1.09	1.3	42
1.45	1.22	42
1.44	1.4	42
2.0	1.9	42
2.97	2.88	42
4.8	4.18	42
4.22	7.27	42
11.21	7.77	42
9.17	11.42	42
14.94	13.54	42
18.77	18.58	42
24.98	23.57	42
30.34	31.17	42
42.8	44.22	42
67.94	68.08	42
116.3	115.71	42
214.45	214.28	42
410.24	405.01	42
799.78	802.85	42
1526.3	1527.62	42
2213.14	2242.3	42
3011.3	2961.01	42
3662.53	3675.72	42
4351.03	4443.84	42
5161.73	5231.26	42
5875.19	5875.88	42
6583.04	6567.33	42
1.01	0.98	42
1.12	1.18	42
1.43	1.51	42
1.91	1.93	42
2.85	3.09	42
4.46	4.8	42
6.53	6.25	42
7.28	8.62	42
8.23	6.04	42
10.47	14.12	42
16.67	18.94	42
23.18	24.31	42
25.48	28.92	42
38.46	36.99	42
56.02	50.8	42
86.88	88.02	42
150.57	152.45	42
278.47	278.74	42
547.58	534.67	42
1038.04	1036.8	42
1534.1	1537.78	42
2060.69	2026.47	42
2504.89	2496.15	42
2994.99	2955.99	42
3505.71	3458.47	42
3978.27	3961.75	42
4371.27	4420.57	42
0.94	1.06	43
1.11	1.16	43
1.56	1.46	43
1.86	2.12	43
2.54	3.0	43
4.14	4.68	43
8.55	7.54	43
5.0	8.63	43
11.61	8.84	43
14.99	14.77	43
18.13	19.45	43
24.52	19.55	43
28.18	30.06	43
39.59	38.15	43
57.07	56.04	43
92.58	93.8	43
164.39	169.98	43
307.44	313.0	43
585.37	588.05	43
1123.4	1132.22	43
1684.3	1639.22	43
2198.33	2214.11	43
2724.7	2735.35	43
3246.6	3260.83	43
3828.56	3845.71	43
4366.74	4343.21	43
4898.53	4860.41	43
0.97	1.04	43
1.19	1.11	43
1.43	1.51	43
1.77	1.98	43
2.81	2.66	43
4.88	3.61	43
7.69	5.42	43
7.74	7.72	43
6.57	11.37	43
15.06	13.44	43
22.27	18.84	43
25.56	24.73	43
32.13	36.48	43
47.27	48.49	43
72.06	73.64	43
121.26	122.44	43
228.41	226.8	43
430.56	429.79	43
839.72	836.27	43
1636.19	1604.49	43
2385.93	2386.04	43
3156.28	3137.35	43
3946.33	3906.71	43
4729.79	4749.48	43
5492.09	5485.26	43
6321.0	6248.91	43
7034.89	7069.3	43
0.85	0.95	43
1.15	1.06	43
1.51	1.39	43
1.93	2.01	43
3.05	3.03	43
5.03	4.26	43
7.48	6.16	43
7.94	11.32	43
6.48	12.16	43
13.83	10.78	43
13.33	22.79	43
23.59	21.5	43
25.44	29.16	43
39.06	37.65	43
51.55	52.94	43
85.45	86.48	43
150.6	152.5	43
278.18	280.25	43
540.85	535.74	43
1035.08	1040.35	43
1530.44	1516.54	43
2027.34	2029.31	43
2535.07	2500.2	43
2961.0	2987.22	43
3477.44	3456.59	43
4005.31	3993.68	43
4320.38	4513.22	43
0.96	1.0	43
1.01	1.15	43
1.32	1.46	43
1.86	2.02	43
2.84	2.78	43
5.2	5.04	43
8.5	9.08	43
7.49	7.32	43
9.87	10.2	43
12.91	10.82	43
17.39	21.32	43
26.47	25.97	43
29.59	33.59	43
46.99	45.39	43
69.28	68.75	43
118.55	118.43	43
216.46	215.23	43
403.04	410.58	43
786.98	787.16	43
1517.82	1495.96	43
2271.36	2248.18	43
2961.47	3007.19	43
3709.58	3777.31	43
4361.86	4443.15	43
5041.0	5198.88	43
5930.87	5809.95	43
6515.16	6623.94	43
0.89	0.88	44
1.08	1.1	44
1.28	1.32	44
1.78	1.83	44
2.5	2.95	44
5.03	4.53	44
7.15	7.08	44
9.38	8.81	44
9.44	13.12	44
13.16	13.71	44
19.79	20.16	44
25.83	26.75	44
33.94	36.21	44
44.23	47.28	44
74.11	75.26	44
123.63	124.24	44
227.58	229.9	44
433.37	430.31	44
840.77	842.53	44
1626.94	1620.75	44
2370.07	2393.18	44
3199.81	3189.75	44
3952.64	3938.0	44
4743.36	4672.16	44
5476.71	5484.26	44
6370.31	6205.86	44
7040.83	7067.43	44
0.91	0.97	44
0.94	1.12	44
1.44	1.41	44
1.87	1.9	44
2.99	3.03	44
5.46	5.2	44
7.0	6.59	44
5.21	6.75	44
12.35	9.44	44
11.18	13.79	44
18.2	15.87	44
24.86	20.88	44
27.75	31.16	44
40.8	43.25	44
58.07	59.6	44
96.95	92.33	44
163.13	165.43	44
308.47	308.93	44
594.61	601.06	44
1156.71	1146.19	44
1707.01	1723.93	44
2235.68	2253.19	44
2800.61	2826.17	44
3351.19	3355.85	44
3894.87	3888.95	44
4492.08	4485.53	44
5028.31	5019.28	44
1.22	0.89	44
1.0	1.17	44
1.44	1.21	44
2.04	1.83	44
2.86	2.96	44
5.1	4.8	44
3.59	7.38	44
10.18	7.54	44
11.22	11.4	44
16.6	13.81	44
21.46	17.08	44
24.49	24.83	44
30.73	31.75	44
44.61	49.37	44
70.12	71.1	44
116.51	117.73	44
213.92	220.0	44
415.05	416.78	44
798.81	782.02	44
1522.66	1529.69	44
2287.45	2287.21	44
2974.84	3006.69	44
3714.44	3690.87	44
4473.8	4422.26	44
5225.37	5144.46	44
5826.95	5825.29	44
6666.23	6678.3	44
1.0	1.12	44
1.16	1.04	44
1.31	1.43	44
1.82	1.82	44
2.88	3.05	44
5.33	4.18	44
6.27	8.19	44
5.96	7.87	44
10.18	10.72	44
14.19	12.79	44
19.45	20.69	44
21.01	24.2	44
30.06	26.5	44
38.93	36.88	44
49.49	56.7	44
84.15	86.58	44
150.83	153.39	44
280.79	282.67	44
546.36	530.71	44
1046.2	1034.22	44
1551.91	1526.34	44
2047.75	2032.97	44
2508.41	2551.29	44
3034.52	3026.35	44
3469.35	3515.21	44
3988.4	4021.11	44
4582.43	4986.68	44
1.01	1.01	45
1.88	1.14	45
1.57	1.65	45
2.4	2.55	45
3.79	4.25	45
5.31	6.22	45
7.95	6.88	45
10.33	9.44	45
10.35	9.54	45
8.84	11.9	45
12.55	11.12	45
14.17	13.98	45
19.09	20.64	45
28.88	27.43	45
44.79	43.88	45
76.64	74.75	45
140.16	119.54	45
265.49	229.49	45
517.66	473.67	45
992.45	866.32	45
1953.97	1479.16	45
2867.36	2686.18	45
3870.32	3551.26	45
4821.71	3603.53	45
5704.13	5303.24	45
6747.16	4970.05	45
7686.72	6476.76	45
8525.85	6339.04	45
0.97	0.99	45
1.25	1.23	45
1.61	1.72	45
2.54	2.46	45
3.59	3.79	45
5.12	5.1	45
8.47	7.81	45
9.91	9.68	45
9.33	10.13	45
11.33	12.24	45
13.3	16.31	45
14.86	30.5	45
24.41	50.54	45
33.96	73.8	45
61.27	134.84	45
111.24	182.47	45
212.49	644.68	45
414.09	995.25	45
819.36	1962.04	45
1616.16	5124.96	45
3139.46	5395.89	45
4689.6	4692.25	45
6266.97	10606.01	45
7794.53	7845.66	45
9354.64	22692.5	45
10819.55	34264.97	45
12434.07	12404.89	45
13955.52	33653.62	45
0.99	0.94	45
1.2	1.7	45
1.66	1.63	45
2.48	2.53	45
4.36	3.73	45
5.8	5.51	45
7.96	8.09	45
7.63	8.3	45
8.46	10.8	45
8.17	10.78	45
9.08	11.1	45
14.8	18.82	45
18.83	17.51	45
28.11	31.52	45
41.63	46.89	45
71.39	76.78	45
128.59	127.25	45
241.77	231.12	45
465.58	431.6	45
933.99	892.93	45
1781.55	1737.2	45
2676.53	2623.76	45
3533.94	3220.81	45
4396.06	4274.01	45
5258.11	4648.16	45
6165.57	5815.96	45
7021.46	6769.83	45
7716.28	6560.17	45
1.0	0.97	45
1.15	1.28	45
1.65	1.67	45
2.38	2.19	45
3.32	3.63	45
5.55	5.79	45
8.63	8.08	45
9.93	9.3	45
10.0	12.05	45
9.73	14.5	45
9.38	10.38	45
12.83	25.48	45
20.09	43.36	45
32.36	28.88	45
57.2	95.68	45
103.12	179.09	45
196.71	503.56	45
384.34	687.04	45
760.72	1937.51	45
1500.46	3909.99	45
2933.9	7625.95	45
4380.83	11271.84	45
5807.36	5798.77	45
7226.68	13186.16	45
8628.7	15632.34	45
10032.79	26020.09	45
11487.0	20727.22	45
12954.54	23440.44	45
1.05	1.12	46
1.31	1.27	46
1.66	1.74	46
2.37	2.58	46
3.74	3.71	46
6.32	6.44	46
7.95	8.53	46
9.08	8.29	46
9.86	7.73	46
10.03	12.75	46
11.88	12.66	46
13.6	16.21	46
19.65	22.44	46
32.13	31.57	46
53.59	50.84	46
96.11	96.05	46
179.43	192.61	46
328.97	338.47	46
652.91	621.15	46
1306.02	1292.71	46
2566.43	2452.87	46
3796.64	3738.48	46
4983.53	4753.67	46
6187.78	5757.15	46
7472.4	7215.66	46
8728.46	8516.08	46
10019.59	9521.33	46
11043.91	10897.02	46
1.13	0.92	46
1.26	1.2	46
1.76	1.78	46
2.72	2.58	46
4.24	4.08	46
6.54	6.28	46
8.33	7.46	46
8.45	10.34	46
8.01	8.06	46
8.95	14.1	46
7.84	11.36	46
15.2	18.81	46
20.76	38.11	46
29.7	65.75	46
51.25	95.09	46
91.16	241.23	46
174.76	174.54	46
338.76	898.72	46
698.5	1277.71	46
1414.97	3653.28	46
2785.47	4988.23	46
4139.36	13938.76	46
5507.89	18658.12	46
6909.54	12185.74	46
8255.97	21123.79	46
9614.87	17081.02	46
10986.63	19691.74	46
12393.14	22042.08	46
1.02	1.16	46
1.29	1.3	46
1.58	1.69	46
2.71	2.49	46
3.82	3.72	46
6.21	5.08	46
6.04	7.31	46
8.27	9.69	46
9.12	8.77	46
8.72	11.1	46
10.95	11.82	46
15.36	19.17	46
20.56	21.55	46
31.75	41.45	46
51.39	57.48	46
91.63	103.95	46
173.92	174.85	46
330.79	364.54	46
652.43	663.01	46
1282.82	1285.13	46
2504.74	2377.88	46
3704.22	3670.42	46
4912.69	4801.04	46
6095.45	5914.94	46
7326.46	7404.67	46
8572.32	8290.65	46
9812.1	9746.4	46
10871.3	10390.59	46
1.08	1.02	46
1.28	1.36	46
1.61	1.75	46
2.63	2.49	46
3.76	3.79	46
5.92	5.44	46
7.42	8.39	46
8.11	9.5	46
10.49	11.57	46
10.86	12.95	46
12.68	15.4	46
12.54	26.1	46
20.75	29.67	46
30.75	87.74	46
51.99	164.08	46
93.47	241.32	46
176.78	468.86	46
341.34	929.98	46
685.22	1841.87	46
1370.98	4821.53	46
2662.81	9380.92	46
3944.52	7267.7	46
5232.17	9638.64	46
6515.41	23082.29	46
7799.01	21070.49	46
9081.41	24386.84	46
10349.7	28071.67	46
11643.88	31537.11	46
1.04	1.0	47
1.28	1.16	47
1.61	1.57	47
2.42	2.37	47
3.64	4.29	47
5.52	6.2	47
6.52	7.96	47
8.22	9.34	47
9.77	11.81	47
12.08	9.79	47
10.64	18.26	47
15.28	31.11	47
19.59	16.76	47
29.94	91.09	47
52.12	107.91	47
94.97	203.3	47
173.48	392.86	47
337.41	1207.59	47
671.74	1534.6	47
1353.8	4785.6	47
2640.64	2656.03	47
3931.37	8928.06	47
5198.81	5221.0	47
6478.57	14749.23	47
7762.57	17676.39	47
9020.59	9063.57	47
10321.58	23274.76	47
11533.6	40891.09	47
