1.01	1.24	1
1.01	0.96	1
1.13	1.12	1
1.12	1.23	1
1.42	1.4	1
1.61	1.56	1
1.76	1.92	1
2.18	2.0	1
2.66	2.81	1
3.68	3.79	1
5.69	5.74	1
9.79	10.02	1
17.86	17.66	1
31.74	32.67	1
61.19	62.14	1
117.68	118.27	1
229.93	221.23	1
425.89	436.26	1
651.36	633.14	1
864.18	829.42	1
1068.36	1066.4	1
1273.11	1268.54	1
1442.85	1476.74	1
1686.83	1653.5	1
1887.88	1859.66	1
1.07	1.04	1
1.8	1.19	1
1.62	1.05	1
1.09	1.2	1
1.39	1.48	1
1.68	1.73	1
2.71	1.95	1
2.59	2.66	1
3.93	3.81	1
5.75	5.87	1
9.83	9.89	1
18.66	18.67	1
35.04	35.52	1
67.97	68.2	1
129.72	131.56	1
258.81	260.63	1
506.05	507.25	1
988.98	982.89	1
1486.14	1463.34	1
1940.5	1937.54	1
2432.08	2413.9	1
2897.55	2888.34	1
3359.29	3377.27	1
3907.75	3938.53	1
4286.39	4300.41	1
1.12	1.1	1
1.16	1.03	1
1.94	1.35	1
1.21	1.39	1
1.46	1.38	1
1.74	1.62	1
2.64	1.96	1
2.23	2.52	1
3.0	2.79	1
3.65	3.65	1
5.38	5.4	1
9.02	9.0	1
16.45	15.46	1
27.99	27.22	1
51.63	50.48	1
97.0	93.93	1
181.97	188.54	1
356.13	346.28	1
526.98	531.66	1
688.55	696.9	1
851.17	855.36	1
1022.44	998.91	1
1182.23	1188.82	1
1372.87	1333.77	1
1536.03	1507.65	1
0.97	1.18	1
1.0	1.15	1
1.07	1.12	1
1.27	1.25	1
1.33	1.54	1
1.7	1.68	1
2.21	2.4	1
2.29	2.72	1
3.52	3.9	1
5.33	6.02	1
10.27	9.7	1
17.59	17.04	1
33.24	32.65	1
63.71	63.26	1
126.18	124.87	1
244.76	246.71	1
487.95	483.29	1
942.22	938.82	1
1397.11	1406.49	1
1862.67	1860.2	1
2288.39	2285.02	1
2751.23	2750.45	1
3230.68	3224.08	1
3700.15	3656.87	1
4123.21	4105.3	1
1.03	1.21	2
1.02	1.2	2
1.1	1.25	2
1.17	1.38	2
1.33	1.48	2
1.51	1.85	2
2.0	1.96	2
2.47	2.44	2
3.56	3.58	2
6.42	5.76	2
10.21	9.84	2
18.84	18.35	2
35.4	35.64	2
66.89	67.82	2
132.25	133.24	2
258.96	255.4	2
503.88	518.8	2
967.09	979.57	2
1476.69	1466.04	2
1999.99	1949.79	2
2435.13	2413.87	2
2948.15	2860.41	2
3382.28	3385.04	2
3792.4	3831.63	2
4380.4	4300.13	2
1.18	1.19	2
1.04	1.2	2
1.09	1.2	2
1.18	1.4	2
1.43	1.53	2
2.38	1.76	2
2.01	2.25	2
2.88	3.43	2
3.17	5.58	2
6.24	9.07	2
7.79	17.02	2
20.96	31.91	2
40.53	64.32	2
50.86	101.42	2
98.52	162.63	2
193.25	277.62	2
383.03	518.4	2
1190.7	1306.81	2
1108.8	1247.15	2
1468.69	1914.92	2
1827.65	1942.18	2
2208.51	2370.22	2
2544.38	4195.06	2
4655.01	3204.19	2
3270.95	3318.32	2
1.65	1.11	2
1.23	1.12	2
1.05	1.24	2
1.17	1.38	2
1.38	1.47	2
2.16	1.97	2
2.03	2.04	2
2.4	2.65	2
3.6	3.86	2
5.53	5.78	2
9.0	9.68	2
16.53	20.06	2
30.9	34.7	2
60.18	66.14	2
116.7	128.46	2
226.77	251.12	2
449.46	500.69	2
865.41	979.65	2
1310.89	1448.87	2
1710.04	1907.97	2
2136.9	2382.45	2
2551.2	2836.33	2
2933.61	3340.45	2
3372.31	3780.35	2
3832.91	4262.77	2
1.12	1.08	2
1.06	1.1	2
1.2	1.23	2
1.21	1.42	2
1.54	1.51	2
1.79	1.91	2
2.14	2.35	2
2.59	3.53	2
3.51	5.62	2
4.85	9.63	2
8.01	17.46	2
13.76	29.78	2
26.1	58.67	2
49.94	103.41	2
97.75	182.8	2
190.31	284.67	2
378.76	443.05	2
735.6	1210.38	2
1091.26	1261.57	2
1453.18	1945.33	2
1800.65	1916.48	2
2166.34	2346.54	2
2525.06	2810.38	2
2895.54	3143.06	2
3238.16	3289.41	2
1.22	1.12	3
1.05	1.14	3
1.02	1.12	3
1.27	1.25	3
1.98	1.35	3
1.59	1.76	3
2.01	2.29	3
2.27	3.25	3
3.14	5.21	3
6.09	8.94	3
7.86	16.82	3
13.8	31.6	3
41.05	57.77	3
50.72	108.0	3
97.48	175.4	3
192.08	312.15	3
380.99	600.46	3
743.17	1631.21	3
2429.79	1275.79	3
1461.58	1534.53	3
1832.52	1867.23	3
4809.22	3599.28	3
2539.4	2655.83	3
2907.35	3371.76	3
3252.55	3422.49	3
1.08	1.12	3
1.04	1.09	3
1.19	1.19	3
1.23	1.3	3
1.37	1.52	3
1.53	1.6	3
1.79	1.86	3
2.54	2.43	3
3.52	3.43	3
5.43	5.56	3
9.8	10.24	3
18.78	17.71	3
35.56	35.09	3
67.05	67.67	3
132.05	128.24	3
264.28	259.04	3
522.2	509.76	3
986.99	982.36	3
1454.12	1463.76	3
1933.9	1923.47	3
2455.88	2431.82	3
2918.74	2967.43	3
3405.28	3330.03	3
3870.8	3914.64	3
4368.12	4336.01	3
1.11	1.08	3
1.04	1.62	3
1.22	1.09	3
1.26	1.19	3
1.58	1.48	3
1.85	2.12	3
2.15	2.48	3
2.58	3.6	3
3.73	5.54	3
5.0	9.6	3
8.31	17.66	3
21.12	33.68	3
25.53	66.41	3
49.7	132.07	3
96.88	216.81	3
305.46	318.16	3
377.74	601.51	3
735.8	779.41	3
1091.56	1167.82	3
2330.38	2355.55	3
1805.63	2968.17	3
2164.94	2272.59	3
2520.03	2647.67	3
2883.75	3650.47	3
3240.97	5262.37	3
1.09	1.12	3
1.13	1.12	3
1.05	1.16	3
1.18	1.34	3
1.49	1.6	3
1.6	1.81	3
1.95	2.57	3
2.47	2.54	3
3.5	3.72	3
5.47	5.64	3
9.35	9.54	3
16.43	18.44	3
30.95	34.7	3
59.81	65.83	3
116.42	127.82	3
229.82	247.11	3
449.55	505.42	3
880.27	964.01	3
1291.4	1422.1	3
1724.76	1926.02	3
2120.43	2400.93	3
2556.05	2849.33	3
2965.79	3325.54	3
3437.3	3799.1	3
3830.24	4298.05	3
1.01	1.14	4
1.17	1.16	4
1.03	1.14	4
1.05	1.43	4
1.31	1.26	4
1.62	2.29	4
2.02	2.15	4
2.37	2.78	4
3.73	3.66	4
5.71	5.83	4
9.85	10.05	4
19.48	18.79	4
35.11	35.7	4
67.95	67.86	4
130.75	131.07	4
258.45	257.96	4
515.62	504.62	4
989.71	987.1	4
1463.32	1459.11	4
1945.1	1943.89	4
2432.75	2416.92	4
2890.39	2886.89	4
3364.43	3374.95	4
3878.08	3826.64	4
4343.24	4326.3	4
1.03	1.11	4
0.93	1.36	4
1.06	1.2	4
1.96	1.22	4
1.27	1.53	4
1.58	1.68	4
2.42	1.95	4
2.21	1.98	4
3.16	2.65	4
3.85	3.96	4
5.72	5.83	4
9.72	9.92	4
17.62	17.43	4
32.04	32.4	4
60.37	60.76	4
118.79	115.4	4
224.3	223.14	4
443.55	436.02	4
651.33	629.75	4
839.46	851.0	4
1061.11	1045.23	4
1276.88	1235.29	4
1443.67	1461.73	4
1687.73	1662.97	4
1850.6	1820.96	4
1.1	1.0	4
1.13	1.02	4
1.2	1.13	4
1.15	1.05	4
1.54	1.95	4
1.72	1.8	4
2.02	2.27	4
2.57	2.65	4
3.41	3.66	4
5.31	5.69	4
9.6	9.57	4
17.1	17.32	4
32.96	33.31	4
62.46	63.56	4
123.66	123.54	4
244.43	246.09	4
489.68	480.72	4
945.16	936.49	4
1390.92	1396.49	4
1851.09	1855.68	4
2307.38	2289.1	4
2772.66	2739.35	4
3238.72	3205.01	4
3688.9	3674.0	4
4100.12	4071.77	4
1.11	1.72	4
1.13	1.14	4
1.13	1.16	4
1.29	1.26	4
1.44	1.46	4
1.57	1.72	4
1.82	1.91	4
2.95	2.27	4
3.12	3.12	4
3.89	4.28	4
5.49	5.53	4
9.02	9.45	4
15.35	14.86	4
28.49	27.52	4
52.22	50.49	4
95.52	95.87	4
189.62	185.63	4
357.36	352.91	4
526.32	509.79	4
693.88	687.91	4
839.21	863.78	4
1027.74	1029.2	4
1248.74	1177.1	4
1369.0	1325.24	4
1513.05	1516.09	4
1.01	1.13	5
1.44	1.24	5
1.12	1.31	5
1.45	1.45	5
1.59	1.34	5
1.82	1.97	5
2.67	2.01	5
2.35	2.38	5
2.83	2.97	5
4.28	4.42	5
6.81	6.99	5
12.32	11.68	5
21.4	21.63	5
40.59	41.08	5
77.26	74.6	5
148.49	141.05	5
289.31	288.41	5
542.33	511.33	5
807.13	802.12	5
991.91	1048.71	5
1290.98	1354.42	5
1702.69	1686.66	5
1905.06	1810.0	5
2158.09	2074.22	5
2437.51	2427.62	5
0.94	1.14	5
1.06	1.31	5
1.07	1.32	5
1.38	1.49	5
1.64	1.7	5
2.06	2.07	5
2.42	2.77	5
3.5	4.64	5
5.45	7.55	5
9.14	13.37	5
16.62	25.16	5
23.27	49.3	5
43.12	96.74	5
84.69	186.69	5
166.15	381.0	5
467.41	567.44	5
1475.97	758.22	5
1793.2	2635.69	5
2701.61	2984.16	5
4615.22	4334.23	5
4398.99	4706.21	5
3722.56	4673.76	5
6150.66	4936.69	5
7004.28	9469.65	5
5580.07	8201.23	5
1.03	0.94	5
1.21	1.3	5
1.23	1.3	5
1.33	1.52	5
1.7	1.69	5
1.94	1.95	5
2.28	2.22	5
2.62	2.7	5
3.28	3.59	5
4.6	5.76	5
6.64	9.0	5
10.98	15.25	5
19.69	30.08	5
37.35	52.8	5
65.44	85.84	5
123.77	225.17	5
255.93	439.3	5
459.4	618.82	5
678.74	949.09	5
880.63	1130.34	5
1118.24	1453.62	5
1396.53	1670.16	5
1594.06	1934.84	5
1827.04	2019.39	5
2147.65	2325.95	5
1.06	1.04	5
0.98	1.16	5
1.22	1.27	5
1.24	1.54	5
1.61	1.69	5
2.13	2.03	5
2.34	2.84	5
3.62	4.61	5
5.65	7.68	5
7.07	14.01	5
16.79	26.58	5
40.78	43.55	5
60.81	102.8	5
153.12	182.92	5
166.04	333.45	5
743.58	654.48	5
650.75	843.37	5
1830.3	2312.51	5
1879.19	2914.8	5
3545.74	4554.89	5
4445.6	3320.94	5
5310.29	6137.51	5
4326.93	4577.68	5
9085.14	5508.94	5
8048.09	6053.63	5
1.19	0.96	6
1.09	1.18	6
1.31	1.23	6
1.32	1.38	6
1.69	1.62	6
1.67	1.79	6
2.71	2.14	6
2.71	2.62	6
4.0	4.21	6
6.23	6.19	6
10.76	10.79	6
19.98	20.94	6
37.02	36.49	6
71.3	72.02	6
142.84	141.88	6
281.87	275.87	6
554.15	531.43	6
1077.13	1064.01	6
1554.67	1609.71	6
2124.41	2167.06	6
2638.35	2612.99	6
3218.21	3169.81	6
3618.19	3580.18	6
4228.53	4212.81	6
4752.9	4676.45	6
1.14	0.96	6
1.29	1.22	6
1.17	1.22	6
1.49	1.29	6
1.62	1.7	6
1.95	1.93	6
2.43	2.8	6
3.18	3.97	6
4.92	6.86	6
7.81	11.94	6
14.67	21.94	6
19.11	43.3	6
35.48	82.76	6
99.86	164.33	6
261.47	326.66	6
268.13	636.05	6
528.97	1282.55	6
1042.74	2028.63	6
3013.12	2740.19	6
2070.64	3539.81	6
3748.84	4862.59	6
4529.46	6479.22	6
3579.15	7698.74	6
7801.15	8349.39	6
6685.52	10012.23	6
1.13	1.09	6
1.11	1.12	6
1.39	1.47	6
1.47	1.62	6
1.82	1.67	6
1.94	1.95	6
2.27	2.22	6
2.71	2.85	6
4.07	4.57	6
6.16	7.9	6
9.86	12.56	6
17.96	21.13	6
35.54	42.49	6
65.77	77.58	6
128.27	150.32	6
247.54	285.25	6
485.33	537.26	6
976.75	956.43	6
1415.7	1482.08	6
1786.87	1921.07	6
2311.84	2414.13	6
2700.11	2862.07	6
3408.98	3304.71	6
3699.47	3873.57	6
3928.27	4036.27	6
1.1	1.6	6
1.28	1.28	6
1.86	1.28	6
1.32	2.05	6
1.72	1.75	6
2.18	2.14	6
2.79	3.49	6
3.26	4.24	6
4.69	6.99	6
8.2	13.0	6
14.36	23.0	6
19.85	44.33	6
37.44	85.73	6
103.73	170.52	6
143.98	332.85	6
518.05	669.21	6
562.96	1311.8	6
1095.65	1673.03	6
2989.76	2934.51	6
3086.05	3684.42	6
2701.59	5380.16	6
4590.59	6265.21	6
3753.14	7808.78	6
4302.65	9089.85	6
4840.83	10297.2	6
1.1	1.08	7
1.22	1.15	7
1.32	1.34	7
1.51	1.57	7
1.65	1.54	7
1.91	2.72	7
2.48	2.49	7
3.73	4.08	7
3.82	6.42	7
7.52	12.02	7
13.91	22.22	7
25.65	42.54	7
32.52	83.08	7
130.95	164.18	7
122.61	324.22	7
370.36	651.76	7
477.55	1288.25	7
1455.67	2513.53	7
2166.12	3739.57	7
1902.56	4905.84	7
2412.66	6157.72	7
2911.07	7428.5	7
8669.77	8537.31	7
5898.05	9644.51	7
6632.38	10961.59	7
1.08	1.13	7
1.77	1.17	7
1.23	1.28	7
1.4	1.52	7
1.34	1.54	7
1.84	1.81	7
2.04	1.93	7
2.9	2.78	7
4.27	3.89	7
6.3	6.42	7
10.86	10.7	7
20.43	19.55	7
38.47	37.46	7
75.63	72.87	7
140.91	143.17	7
274.39	277.04	7
536.38	559.08	7
1054.75	1046.03	7
1532.28	1574.17	7
2098.32	2138.36	7
2664.23	2624.86	7
3146.88	3134.02	7
3643.98	3708.97	7
4251.66	4241.34	7
4590.35	4545.69	7
1.06	1.08	7
1.23	1.15	7
1.42	1.4	7
1.39	1.59	7
2.13	1.66	7
2.07	2.31	7
3.46	3.03	7
3.14	4.23	7
4.67	7.26	7
6.37	12.37	7
14.71	22.85	7
35.52	43.79	7
36.64	87.24	7
102.38	170.18	7
199.46	331.99	7
400.51	659.35	7
787.13	1310.42	7
1058.52	2585.71	7
2260.55	3806.55	7
2121.35	5129.05	7
5004.44	6316.17	7
5958.39	7598.22	7
6899.66	8785.84	7
4250.55	9848.73	7
6889.62	11295.84	7
1.06	1.04	7
1.19	1.28	7
1.46	1.28	7
1.53	1.5	7
1.66	1.64	7
2.04	1.98	7
2.24	2.21	7
2.75	2.93	7
3.75	4.4	7
6.09	7.08	7
9.72	12.46	7
18.16	22.18	7
35.37	42.65	7
65.51	85.85	7
120.31	168.6	7
240.11	321.6	7
513.76	546.52	7
914.92	1017.59	7
1409.39	1502.92	7
1865.25	1885.76	7
2230.64	2411.02	7
2927.5	2728.15	7
3232.5	3186.41	7
3600.74	3589.47	7
3960.68	4230.13	7
1.19	1.09	8
1.21	1.19	8
1.41	1.36	8
1.54	1.46	8
1.66	1.81	8
1.97	1.93	8
2.62	2.92	8
3.16	4.41	8
4.28	7.35	8
9.26	13.49	8
12.57	25.65	8
41.57	49.13	8
61.73	96.95	8
156.29	189.98	8
235.12	374.24	8
470.31	747.09	8
646.34	1125.18	8
1804.07	2528.96	8
1865.09	4068.17	8
3568.07	4434.88	8
3088.82	3551.85	8
5361.28	5013.22	8
4345.72	7791.91	8
4944.58	5423.82	8
5564.0	7999.52	8
1.21	1.12	8
1.41	1.21	8
1.35	1.33	8
1.49	1.47	8
1.66	1.66	8
2.02	1.92	8
2.07	2.11	8
2.39	2.4	8
3.23	3.21	8
4.69	4.38	8
6.93	6.84	8
12.43	11.62	8
20.93	21.36	8
39.41	40.43	8
76.49	75.32	8
143.09	138.93	8
291.0	279.23	8
527.78	567.91	8
814.94	810.99	8
1104.55	1072.52	8
1330.59	1290.3	8
1653.01	1578.41	8
1911.8	1897.75	8
2143.84	2160.05	8
2260.26	2267.16	8
1.18	1.1	8
1.22	1.86	8
1.28	1.37	8
1.41	1.18	8
1.5	1.73	8
1.96	2.06	8
2.51	3.05	8
3.07	4.48	8
6.31	7.72	8
7.0	14.39	8
12.61	27.25	8
22.9	51.4	8
61.04	101.78	8
84.75	194.58	8
233.74	400.7	8
466.44	796.76	8
933.55	1301.42	8
1823.78	2447.1	8
1877.76	4020.0	8
2501.12	3710.58	8
3125.79	3722.1	8
3737.71	6382.74	8
4352.21	7750.92	8
7072.1	7383.28	8
10509.14	8030.11	8
0.91	1.14	8
1.16	1.19	8
1.25	1.39	8
1.43	1.36	8
1.55	1.4	8
2.01	1.92	8
1.96	2.33	8
2.57	2.75	8
3.21	3.76	8
4.42	5.61	8
6.68	9.32	8
10.88	16.48	8
20.66	31.28	8
36.44	57.97	8
66.58	102.07	8
124.63	197.84	8
257.49	377.19	8
449.87	846.12	8
692.62	945.54	8
909.89	1277.4	8
1149.85	1257.13	8
1388.16	1619.52	8
1620.91	1749.66	8
1869.67	2048.39	8
2065.03	2383.62	8
1.19	1.18	9
1.44	1.17	9
1.67	1.62	9
2.21	2.0	9
2.36	2.65	9
2.9	2.42	9
3.15	3.23	9
3.97	3.7	9
4.93	5.08	9
7.3	7.27	9
11.87	11.99	9
21.32	20.71	9
37.5	38.8	9
72.15	70.16	9
139.66	135.97	9
264.28	266.27	9
509.9	503.17	9
763.07	759.79	9
989.63	965.95	9
1242.22	1245.37	9
1512.26	1464.5	9
1708.09	1685.73	9
1964.52	1954.48	9
2206.1	2215.91	9
1.24	1.14	9
1.36	1.29	9
1.61	1.56	9
1.83	1.83	9
2.63	2.26	9
2.58	2.88	9
3.29	3.59	9
4.43	4.69	9
6.89	6.76	9
10.98	11.89	9
20.92	20.37	9
39.86	40.58	9
75.43	75.13	9
145.07	147.84	9
295.46	295.03	9
567.85	572.78	9
1126.59	1120.2	9
1665.34	1664.0	9
2197.36	2155.67	9
2750.8	2724.91	9
3248.07	3251.02	9
3817.95	3789.73	9
4355.87	4324.55	9
4850.64	4867.49	9
1.26	1.17	9
1.5	1.44	9
1.68	1.62	9
2.14	2.27	9
2.55	2.59	9
2.94	2.89	9
2.98	3.23	9
3.9	4.0	9
4.87	5.19	9
7.0	7.09	9
11.58	11.18	9
19.09	19.59	9
35.0	34.67	9
63.56	62.0	9
118.76	119.48	9
227.2	227.17	9
432.13	432.52	9
644.96	630.95	9
836.65	838.35	9
1057.96	1056.25	9
1252.91	1222.77	9
1460.71	1443.42	9
1685.01	1647.26	9
1875.53	1874.61	9
1.23	1.18	9
1.25	1.32	9
1.88	1.6	9
2.06	2.7	9
2.65	2.62	9
3.7	3.11	9
3.43	3.5	9
4.66	4.6	9
6.29	6.49	9
10.9	10.78	9
19.64	19.0	9
35.64	38.04	9
67.33	66.86	9
132.77	135.24	9
255.48	258.01	9
512.29	510.54	9
978.87	989.51	9
1485.4	1468.78	9
1930.32	1935.87	9
2437.39	2448.71	9
2907.43	2915.96	9
3344.1	3356.75	9
3799.87	3846.32	9
4279.87	4294.97	9
1.15	1.05	10
1.4	1.23	10
1.69	1.48	10
1.86	1.89	10
3.17	3.74	10
2.89	2.75	10
3.24	3.41	10
4.11	4.65	10
6.51	6.64	10
11.0	10.73	10
19.11	19.68	10
36.86	36.63	10
69.43	68.84	10
133.82	135.91	10
265.6	267.04	10
522.37	518.16	10
1013.3	1019.89	10
1511.53	1511.0	10
2004.45	1995.71	10
2491.36	2485.14	10
2974.34	2994.78	10
3479.55	3448.16	10
3990.22	3965.69	10
4422.42	4455.32	10
1.24	1.07	10
1.2	1.35	10
1.56	1.61	10
2.2	1.99	10
2.25	2.34	10
2.82	3.17	10
2.76	3.34	10
4.21	4.35	10
5.48	5.62	10
8.36	8.48	10
14.34	14.26	10
26.03	25.91	10
48.45	48.61	10
92.24	92.52	10
180.96	183.02	10
355.34	356.66	10
692.33	692.5	10
1041.7	1019.73	10
1354.85	1360.18	10
1691.73	1681.74	10
2025.09	2019.84	10
2358.12	2368.23	10
2711.11	2689.24	10
3084.9	3035.01	10
1.12	1.21	10
1.85	1.35	10
1.61	2.12	10
2.25	2.02	10
2.57	3.27	10
3.28	3.05	10
3.0	3.33	10
4.71	4.33	10
6.77	6.59	10
10.13	10.57	10
18.27	18.02	10
34.28	32.43	10
64.42	63.53	10
120.17	119.64	10
237.79	235.47	10
470.48	466.76	10
902.35	897.92	10
1340.0	1332.78	10
1780.3	1731.52	10
2191.79	2193.03	10
2652.85	2629.57	10
3066.71	3029.71	10
3466.97	3502.54	10
3942.1	3908.79	10
1.18	1.17	10
1.33	1.36	10
1.67	1.75	10
2.09	2.11	10
2.61	3.09	10
3.01	3.21	10
3.47	3.4	10
4.05	4.06	10
5.53	5.79	10
8.4	7.63	10
13.12	13.72	10
23.66	24.26	10
43.32	44.69	10
85.1	85.53	10
166.96	165.28	10
329.13	334.21	10
628.76	629.75	10
939.65	936.75	10
1239.31	1238.03	10
1543.43	1544.78	10
1837.0	1839.12	10
2294.3	2147.87	10
2454.67	2445.71	10
2771.28	2765.48	10
1.15	1.12	11
2.81	1.14	11
1.68	1.59	11
2.24	1.91	11
2.4	2.29	11
2.86	2.72	11
3.29	3.29	11
3.86	3.7	11
5.46	6.72	11
8.32	8.13	11
13.96	14.13	11
25.67	25.95	11
49.24	48.65	11
94.02	92.86	11
181.82	183.68	11
360.64	359.31	11
698.02	693.42	11
1028.2	1023.9	11
1362.54	1379.24	11
1726.21	1705.24	11
2036.03	2026.45	11
2407.58	2381.98	11
2726.66	2712.9	11
3053.96	3078.88	11
1.25	1.21	11
1.27	1.16	11
1.74	1.55	11
2.1	1.93	11
2.28	2.39	11
2.58	3.17	11
3.21	3.59	11
4.34	4.66	11
6.47	7.51	11
11.38	11.02	11
19.7	19.8	11
37.62	36.12	11
69.76	70.53	11
136.38	135.52	11
266.03	261.36	11
524.45	530.9	11
1026.4	1008.25	11
1517.73	1516.09	11
2003.8	1999.46	11
2515.6	2477.84	11
2990.35	2968.58	11
3474.04	3467.44	11
3963.76	3955.46	11
4430.4	4442.96	11
1.08	1.07	11
1.66	1.15	11
1.83	1.65	11
2.08	2.02	11
2.53	2.88	11
3.12	3.19	11
4.1	3.59	11
3.82	4.78	11
5.13	5.71	11
7.85	8.06	11
13.21	13.79	11
24.06	24.4	11
44.72	44.1	11
85.53	86.01	11
164.84	165.36	11
329.96	329.45	11
632.91	635.24	11
941.19	939.0	11
1255.2	1245.72	11
1562.36	1560.51	11
1881.37	1881.44	11
2194.64	2181.09	11
2499.14	2488.85	11
2809.09	2799.9	11
1.27	1.17	11
1.46	1.28	11
1.68	1.41	11
2.28	2.43	11
2.55	2.48	11
3.14	2.6	11
3.62	3.46	11
4.35	4.51	11
6.6	6.14	11
10.07	10.48	11
18.83	17.77	11
32.91	33.69	11
62.68	63.42	11
122.49	120.08	11
234.65	235.32	11
476.98	462.55	11
907.9	888.53	11
1338.34	1340.72	11
1792.22	1738.31	11
2228.49	2198.88	11
2640.65	2602.68	11
3050.06	3060.74	11
3504.71	3498.6	11
3973.22	3928.36	11
1.26	1.13	12
1.3	1.35	12
2.11	1.46	12
1.91	1.74	12
2.19	2.46	12
2.96	3.0	12
4.3	3.44	12
4.47	4.82	12
6.83	6.38	12
11.23	11.01	12
20.61	20.66	12
39.11	38.77	12
75.38	74.14	12
147.67	146.85	12
285.13	289.27	12
574.22	573.52	12
1108.61	1113.89	12
1647.56	1673.84	12
2193.14	2172.78	12
2722.09	2717.07	12
3282.92	3241.0	12
3825.19	3780.14	12
4343.24	4357.59	12
4926.18	4881.24	12
1.32	1.1	12
1.47	1.38	12
1.55	1.41	12
2.38	1.94	12
2.15	2.34	12
2.65	2.88	12
2.73	3.14	12
3.77	3.84	12
4.95	5.25	12
7.6	8.01	12
12.39	12.11	12
21.0	20.51	12
38.37	38.65	12
72.01	71.33	12
136.18	136.52	12
268.1	273.65	12
520.49	509.82	12
763.89	745.55	12
982.78	1036.72	12
1237.16	1241.17	12
1488.15	1522.02	12
1771.1	1715.79	12
2015.27	1950.59	12
2214.21	2205.76	12
1.12	1.14	12
1.98	1.3	12
1.64	1.58	12
2.11	2.23	12
2.86	2.66	12
2.97	3.08	12
3.04	3.5	12
4.21	4.49	12
6.44	6.26	12
11.32	10.98	12
19.56	20.08	12
34.92	38.98	12
66.33	67.62	12
131.58	130.7	12
260.27	261.33	12
512.09	508.5	12
986.25	983.77	12
1451.48	1462.32	12
1940.72	1938.74	12
2413.22	2406.87	12
2873.91	2872.77	12
3351.54	3410.72	12
3802.2	3800.74	12
4303.78	4312.59	12
1.14	1.19	12
1.3	1.32	12
1.8	1.43	12
2.0	2.0	12
2.48	2.42	12
2.7	2.89	12
3.27	3.36	12
3.57	4.04	12
4.78	5.1	12
7.26	6.66	12
11.23	11.13	12
18.44	19.59	12
35.35	34.57	12
63.46	63.15	12
124.36	119.67	12
235.14	234.81	12
437.73	445.82	12
687.35	661.72	12
866.8	860.86	12
1064.44	1093.61	12
1358.79	1275.01	12
1494.14	1445.98	12
1684.61	1720.59	12
1997.11	2025.83	12
0.9	0.9	13
1.0	0.98	13
1.35	1.22	13
1.53	1.34	13
1.82	1.94	13
2.01	2.2	13
2.3	2.28	13
2.2	2.31	13
2.19	2.51	13
2.64	2.63	13
3.13	3.01	13
3.45	3.42	13
4.4	4.72	13
5.65	6.42	13
9.47	9.68	13
16.15	16.58	13
29.9	29.69	13
55.58	56.56	13
117.71	104.41	13
202.97	200.36	13
397.23	402.94	13
767.69	767.58	13
1116.64	1140.92	13
1502.92	1490.99	13
2117.6	1857.05	13
2230.75	2224.16	13
2981.95	2608.34	13
2939.82	3013.08	13
3341.86	3384.17	13
0.84	0.88	13
1.09	0.94	13
1.17	1.08	13
1.6	1.42	13
1.82	1.7	13
2.15	2.09	13
2.17	2.27	13
2.35	2.19	13
2.58	2.41	13
2.8	2.82	13
3.23	3.58	13
5.11	5.28	13
8.34	8.68	13
13.61	15.5	13
28.27	28.46	13
54.48	53.71	13
105.49	104.93	13
205.41	210.0	13
354.21	412.03	13
811.78	820.56	13
1415.57	1635.32	13
2746.94	3172.04	13
4734.65	4735.66	13
6266.71	6259.0	13
7837.42	7810.57	13
9333.76	9414.05	13
10959.7	10950.95	13
12381.74	12406.29	13
13974.54	14008.47	13
0.98	0.85	13
1.05	1.21	13
1.23	1.16	13
1.62	1.36	13
1.79	1.69	13
2.03	2.04	13
2.39	1.95	13
2.31	2.22	13
2.32	2.44	13
2.91	2.7	13
3.03	2.99	13
3.2	3.76	13
4.58	5.31	13
5.94	7.56	13
10.2	11.37	13
16.35	18.28	13
29.61	31.03	13
55.33	58.33	13
104.81	105.04	13
200.02	202.64	13
454.09	406.25	13
768.15	766.32	13
1148.58	1150.02	13
1497.43	1506.91	13
1878.8	1872.63	13
2550.0	2315.38	13
2598.34	2651.42	13
2956.1	2982.62	13
3813.11	3349.34	13
0.96	0.92	13
1.02	0.89	13
1.16	1.11	13
1.53	1.57	13
1.94	1.79	13
1.77	2.11	13
2.14	1.9	13
2.22	1.95	13
2.72	2.16	13
3.23	2.95	13
3.65	3.79	13
5.38	5.79	13
8.5	9.07	13
13.42	16.81	13
27.71	29.72	13
54.07	55.05	13
104.75	106.73	13
208.33	210.72	13
411.89	409.86	13
704.05	819.63	13
1398.96	1644.56	13
3183.47	3175.04	13
4726.21	4735.08	13
6307.18	6302.83	13
7826.22	7848.18	13
9390.46	9399.02	13
10935.15	10971.1	13
12498.19	12549.45	13
14103.97	14023.53	13
0.92	0.85	14
1.05	1.13	14
1.16	1.22	14
1.56	1.55	14
1.86	1.86	14
2.17	2.04	14
2.13	2.29	14
2.36	2.31	14
2.47	2.35	14
2.64	2.79	14
3.06	3.1	14
3.85	4.29	14
5.27	6.02	14
8.53	9.35	14
13.19	15.12	14
24.05	25.44	14
47.78	48.25	14
90.58	91.06	14
172.98	175.61	14
339.45	342.52	14
670.94	685.79	14
1313.16	1319.02	14
1938.12	1980.52	14
2811.42	2562.65	14
3215.01	3263.1	14
3874.17	3855.46	14
4467.35	4483.59	14
5099.17	5151.94	14
5777.16	5756.2	14
