1.24	1.06	1
0.96	1.01	1
1.12	1.24	1
1.23	1.27	1
1.4	1.54	1
1.56	1.76	1
1.92	1.93	1
2.0	2.16	1
2.81	2.81	1
3.79	3.58	1
5.74	5.72	1
10.02	9.96	1
17.66	16.81	1
32.67	32.51	1
62.14	60.69	1
118.27	115.39	1
221.23	227.53	1
436.26	426.2	1
633.14	643.82	1
829.42	835.25	1
1066.4	1046.02	1
1268.54	1250.73	1
1476.74	1478.12	1
1653.5	1652.34	1
1859.66	1882.83	1
1.04	1.07	1
1.19	1.04	1
1.05	1.15	1
1.2	1.37	1
1.48	1.34	1
1.73	1.67	1
1.95	2.11	1
2.66	2.3	1
3.81	3.73	1
5.87	5.84	1
9.89	10.29	1
18.67	18.72	1
35.52	35.83	1
68.2	67.66	1
131.56	131.19	1
260.63	254.58	1
507.25	510.6	1
982.89	1003.44	1
1463.34	1466.35	1
1937.54	1944.72	1
2413.9	2422.79	1
2888.34	2875.69	1
3377.27	3370.94	1
3938.53	3873.08	1
4300.41	4294.28	1
1.1	1.17	1
1.03	1.16	1
1.35	1.17	1
1.39	1.36	1
1.38	1.43	1
1.62	1.61	1
1.96	2.07	1
2.52	2.08	1
2.79	2.83	1
3.65	3.89	1
5.4	5.41	1
9.0	8.93	1
15.46	15.3	1
27.22	28.52	1
50.48	52.6	1
93.93	97.09	1
188.54	186.36	1
346.28	358.11	1
531.66	521.16	1
696.9	706.39	1
855.36	854.01	1
998.91	1056.18	1
1188.82	1241.95	1
1333.77	1353.27	1
1507.65	1514.35	1
1.18	0.98	1
1.15	1.14	1
1.12	1.21	1
1.25	1.24	1
1.54	1.28	1
1.68	1.76	1
2.4	2.19	1
2.72	2.57	1
3.9	3.55	1
6.02	5.63	1
9.7	9.69	1
17.04	17.57	1
32.65	32.89	1
63.26	64.24	1
124.87	124.37	1
246.71	244.39	1
483.29	486.26	1
938.82	948.41	1
1406.49	1412.56	1
1860.2	1840.46	1
2285.02	2308.19	1
2750.45	2725.31	1
3224.08	3228.7	1
3656.87	3710.01	1
4105.3	4121.91	1
1.21	1.04	2
1.2	1.14	2
1.25	1.32	2
1.38	1.19	2
1.48	1.41	2
1.85	2.36	2
1.96	1.93	2
2.44	2.62	2
3.58	3.97	2
5.76	5.62	2
9.84	10.24	2
18.35	19.0	2
35.64	34.72	2
67.82	69.13	2
133.24	130.75	2
255.4	260.8	2
518.8	510.07	2
979.57	994.68	2
1466.04	1476.62	2
1949.79	1987.12	2
2413.87	2465.04	2
2860.41	2930.78	2
3385.04	3390.07	2
3831.63	3897.79	2
4300.13	4432.44	2
1.19	1.06	2
1.2	1.07	2
1.2	1.16	2
1.4	1.42	2
1.53	1.52	2
1.76	2.04	2
2.25	2.03	2
3.43	2.61	2
5.58	3.19	2
9.07	4.94	2
17.02	8.14	2
31.91	14.32	2
64.32	26.88	2
101.42	50.65	2
162.63	98.12	2
277.62	193.43	2
518.4	388.17	2
1306.81	745.91	2
1247.15	1110.72	2
1914.92	1466.2	2
1942.18	1822.55	2
2370.22	2191.56	2
4195.06	2563.78	2
3204.19	2941.11	2
3318.32	3272.61	2
1.11	1.11	2
1.12	1.21	2
1.24	1.23	2
1.38	1.2	2
1.47	1.77	2
1.97	1.9	2
2.04	2.06	2
2.65	2.5	2
3.86	3.34	2
5.78	5.24	2
9.68	9.05	2
20.06	16.78	2
34.7	30.46	2
66.14	59.66	2
128.46	115.56	2
251.12	226.11	2
500.69	447.61	2
979.65	870.95	2
1448.87	1290.67	2
1907.97	1705.1	2
2382.45	2114.28	2
2836.33	2549.76	2
3340.45	2943.03	2
3780.35	3390.81	2
4262.77	3817.44	2
1.08	1.16	2
1.1	1.82	2
1.23	1.24	2
1.42	1.22	2
1.51	1.52	2
1.91	1.82	2
2.35	2.28	2
3.53	2.64	2
5.62	3.38	2
9.63	5.82	2
17.46	7.91	2
29.78	14.06	2
58.67	26.25	2
103.41	49.28	2
182.8	97.46	2
284.67	190.47	2
443.05	378.14	2
1210.38	739.28	2
1261.57	1093.46	2
1945.33	1449.1	2
1916.48	1804.51	2
2346.54	2163.1	2
2810.38	2524.64	2
3143.06	2880.75	2
3289.41	3256.83	2
1.12	1.26	3
1.14	1.25	3
1.12	1.27	3
1.25	1.36	3
1.35	1.57	3
1.76	1.86	3
2.29	2.02	3
3.25	2.31	3
5.21	3.93	3
8.94	4.7	3
16.82	7.72	3
31.6	14.61	3
57.77	27.34	3
108.0	49.97	3
175.4	98.97	3
312.15	195.9	3
600.46	380.31	3
1631.21	740.95	3
1275.79	1097.85	3
1534.53	1457.06	3
1867.23	1815.05	3
3599.28	2168.82	3
2655.83	2538.47	3
3371.76	2910.96	3
3422.49	3248.19	3
1.12	1.11	3
1.09	1.32	3
1.19	1.22	3
1.3	1.93	3
1.52	1.56	3
1.6	1.76	3
1.86	2.03	3
2.43	2.71	3
3.43	3.56	3
5.56	6.11	3
10.24	10.08	3
17.71	18.39	3
35.09	35.88	3
67.67	68.48	3
128.24	133.66	3
259.04	262.75	3
509.76	516.44	3
982.36	1000.89	3
1463.76	1489.46	3
1923.47	1952.34	3
2431.82	2484.28	3
2967.43	2936.37	3
3330.03	3448.89	3
3914.64	3919.65	3
4336.01	4381.7	3
1.08	1.1	3
1.62	1.03	3
1.09	1.12	3
1.19	1.27	3
1.48	1.54	3
2.12	2.04	3
2.48	2.36	3
3.6	2.68	3
5.54	3.48	3
9.6	5.04	3
17.66	10.51	3
33.68	13.87	3
66.41	26.01	3
132.07	49.73	3
216.81	97.28	3
318.16	197.2	3
601.51	378.82	3
779.41	735.22	3
1167.82	1087.31	3
2355.55	1445.51	3
2968.17	1790.93	3
2272.59	2159.1	3
2647.67	2522.65	3
3650.47	2884.11	3
5262.37	3229.12	3
1.12	1.16	3
1.12	0.99	3
1.16	1.08	3
1.34	1.39	3
1.6	1.41	3
1.81	1.7	3
2.57	2.06	3
2.54	2.36	3
3.72	3.71	3
5.64	5.24	3
9.54	8.91	3
18.44	16.18	3
34.7	30.83	3
65.83	59.24	3
127.82	117.02	3
247.11	229.19	3
505.42	446.82	3
964.01	862.61	3
1422.1	1301.87	3
1926.02	1714.0	3
2400.93	2124.99	3
2849.33	2538.55	3
3325.54	2976.77	3
3799.1	3383.21	3
4298.05	3825.76	3
1.14	1.17	4
1.16	1.32	4
1.14	1.14	4
1.43	1.26	4
1.26	1.43	4
2.29	1.64	4
2.15	2.11	4
2.78	2.6	4
3.66	3.66	4
5.83	6.07	4
10.05	10.13	4
18.79	18.78	4
35.7	34.64	4
67.86	67.92	4
131.07	131.08	4
257.96	261.83	4
504.62	512.28	4
987.1	993.41	4
1459.11	1467.76	4
1943.89	1937.21	4
2416.92	2405.39	4
2886.89	2887.85	4
3374.95	3374.19	4
3826.64	3847.14	4
4326.3	4300.86	4
1.11	1.35	4
1.36	1.17	4
1.2	1.0	4
1.22	1.5	4
1.53	1.38	4
1.68	1.59	4
1.95	1.91	4
1.98	2.08	4
2.65	2.6	4
3.96	3.76	4
5.83	6.45	4
9.92	9.97	4
17.43	17.29	4
32.4	31.68	4
60.76	63.95	4
115.4	115.28	4
223.14	222.55	4
436.02	442.56	4
629.75	637.58	4
851.0	837.66	4
1045.23	1051.15	4
1235.29	1251.25	4
1461.73	1470.31	4
1662.97	1630.65	4
1820.96	1923.0	4
1.0	1.16	4
1.02	1.11	4
1.13	1.17	4
1.05	1.34	4
1.95	1.49	4
1.8	1.89	4
2.27	2.77	4
2.65	2.58	4
3.66	3.43	4
5.69	5.63	4
9.57	9.51	4
17.32	17.17	4
33.31	33.17	4
63.56	64.65	4
123.54	124.43	4
246.09	245.91	4
480.72	482.44	4
936.49	935.36	4
1396.49	1402.73	4
1855.68	1832.59	4
2289.1	2312.03	4
2739.35	2722.37	4
3205.01	3179.0	4
3674.0	3671.73	4
4071.77	4108.88	4
1.72	1.24	4
1.14	1.24	4
1.16	1.4	4
1.26	1.17	4
1.46	1.61	4
1.72	1.58	4
1.91	1.86	4
2.27	3.2	4
3.12	2.85	4
4.28	3.93	4
5.53	5.63	4
9.45	8.75	4
14.86	15.45	4
27.52	28.21	4
50.49	53.13	4
95.87	95.53	4
185.63	183.0	4
352.91	364.22	4
509.79	517.94	4
687.91	681.58	4
863.78	855.79	4
1029.2	1010.4	4
1177.1	1215.97	4
1325.24	1321.58	4
1516.09	1493.39	4
1.13	1.23	5
1.24	1.27	5
1.31	1.32	5
1.45	1.28	5
1.34	1.6	5
1.97	1.67	5
2.01	2.1	5
2.38	2.41	5
2.97	3.22	5
4.42	4.4	5
6.99	7.0	5
11.68	12.24	5
21.63	22.27	5
41.08	42.16	5
74.6	78.22	5
141.05	145.91	5
288.41	293.35	5
511.33	563.47	5
802.12	831.34	5
1048.71	1146.08	5
1354.42	1354.98	5
1686.66	1644.9	5
1810.0	1930.04	5
2074.22	2155.62	5
2427.62	2399.78	5
1.14	1.11	5
1.31	1.24	5
1.32	1.35	5
1.49	1.3	5
1.7	1.67	5
2.07	1.96	5
2.77	2.49	5
4.64	3.1	5
7.55	4.28	5
13.37	7.19	5
25.16	12.75	5
49.3	22.74	5
96.74	44.35	5
186.69	85.42	5
381.0	164.2	5
567.44	327.37	5
758.22	645.93	5
2635.69	1253.12	5
2984.16	1859.11	5
4334.23	2474.39	5
4706.21	3090.88	5
4673.76	3673.81	5
4936.69	4299.9	5
9469.65	4922.63	5
8201.23	5537.59	5
0.94	1.1	5
1.3	1.76	5
1.3	1.33	5
1.52	1.7	5
1.69	1.94	5
1.95	1.95	5
2.22	2.17	5
2.7	2.38	5
3.59	3.11	5
5.76	4.49	5
9.0	7.11	5
15.25	10.63	5
30.08	18.68	5
52.8	37.57	5
85.84	65.69	5
225.17	122.55	5
439.3	238.07	5
618.82	446.04	5
949.09	685.92	5
1130.34	879.59	5
1453.62	1093.58	5
1670.16	1332.5	5
1934.84	1558.99	5
2019.39	1751.39	5
2325.95	1946.09	5
1.04	1.12	5
1.16	1.34	5
1.27	1.38	5
1.54	1.51	5
1.69	1.59	5
2.03	2.35	5
2.84	2.64	5
4.61	3.59	5
7.68	4.91	5
14.01	7.44	5
26.58	13.22	5
43.55	22.88	5
102.8	43.36	5
182.92	84.35	5
333.45	166.83	5
654.48	327.1	5
843.37	654.73	5
2312.51	1258.84	5
2914.8	1885.12	5
4554.89	2481.92	5
3320.94	3120.44	5
6137.51	3709.93	5
4577.68	4339.96	5
5508.94	4951.1	5
6053.63	5562.83	5
0.96	1.12	6
1.18	1.1	6
1.23	1.43	6
1.38	1.34	6
1.62	1.5	6
1.79	2.02	6
2.14	2.2	6
2.62	2.79	6
4.21	3.95	6
6.19	6.28	6
10.79	11.19	6
20.94	19.62	6
36.49	38.92	6
72.02	75.25	6
141.88	144.13	6
275.87	289.26	6
531.43	549.78	6
1064.01	1084.31	6
1609.71	1600.09	6
2167.06	2127.08	6
2612.99	2640.41	6
3169.81	3164.79	6
3580.18	3728.35	6
4212.81	4270.97	6
4676.45	4815.32	6
0.96	1.19	6
1.22	1.16	6
1.22	1.38	6
1.29	1.49	6
1.7	1.78	6
1.93	1.99	6
2.8	2.27	6
3.97	2.93	6
6.86	4.0	6
11.94	7.05	6
21.94	10.41	6
43.3	19.62	6
82.76	35.73	6
164.33	69.89	6
326.66	135.52	6
636.05	269.52	6
1282.55	533.9	6
2028.63	1044.99	6
2740.19	1549.56	6
3539.81	2053.3	6
4862.59	2557.98	6
6479.22	3068.86	6
7698.74	3582.23	6
8349.39	4099.49	6
10012.23	4609.34	6
1.09	1.11	6
1.12	1.23	6
1.47	1.34	6
1.62	1.54	6
1.67	1.68	6
1.95	2.07	6
2.22	2.32	6
2.85	2.9	6
4.57	4.19	6
7.9	5.91	6
12.56	9.82	6
21.13	18.2	6
42.49	32.66	6
77.58	62.98	6
150.32	122.11	6
285.25	239.88	6
537.26	464.14	6
956.43	897.73	6
1482.08	1334.73	6
1921.07	1808.71	6
2414.13	2246.97	6
2862.07	2629.68	6
3304.71	3065.21	6
3873.57	3525.93	6
4036.27	3966.81	6
1.6	1.16	6
1.28	1.3	6
1.28	1.31	6
2.05	1.51	6
1.75	1.71	6
2.14	2.31	6
3.49	2.77	6
4.24	3.92	6
6.99	4.39	6
13.0	7.04	6
23.0	11.68	6
44.33	20.37	6
85.73	38.05	6
170.52	73.38	6
332.85	143.86	6
669.21	282.33	6
1311.8	564.87	6
1673.03	1098.33	6
2934.51	1631.65	6
3684.42	2159.41	6
5380.16	2708.05	6
6265.21	3242.55	6
7808.78	3765.3	6
9089.85	4321.33	6
10297.2	4843.39	6
1.08	1.15	7
1.15	1.04	7
1.34	1.37	7
1.57	1.71	7
1.54	1.65	7
2.72	1.96	7
2.49	2.56	7
4.08	2.97	7
6.42	3.79	7
12.02	6.33	7
22.22	9.71	7
42.54	18.34	7
83.08	33.09	7
164.18	61.99	7
324.22	121.61	7
651.76	238.37	7
1288.25	481.64	7
2513.53	924.83	7
3739.57	1398.7	7
4905.84	1912.87	7
6157.72	2399.14	7
7428.5	2938.59	7
8537.31	3409.55	7
9644.51	3940.62	7
10961.59	4445.59	7
1.13	1.74	7
1.17	1.22	7
1.28	2.16	7
1.52	1.53	7
1.54	1.59	7
1.81	1.78	7
1.93	2.06	7
2.78	2.82	7
3.89	3.77	7
6.42	6.55	7
10.7	11.09	7
19.55	20.35	7
37.46	38.74	7
72.87	73.07	7
143.17	142.38	7
277.04	281.47	7
559.08	565.72	7
1046.03	1090.75	7
1574.17	1580.05	7
2138.36	2137.54	7
2624.86	2676.19	7
3134.02	3139.2	7
3708.97	3641.65	7
4241.34	4236.74	7
4545.69	4793.4	7
1.08	1.79	7
1.15	1.16	7
1.4	1.23	7
1.59	1.52	7
1.66	1.79	7
2.31	2.27	7
3.03	2.84	7
4.23	3.32	7
7.26	4.27	7
12.37	6.27	7
22.85	11.01	7
43.79	20.32	7
87.24	36.75	7
170.18	70.12	7
331.99	139.2	7
659.35	274.08	7
1310.42	542.54	7
2585.71	1051.71	7
3806.55	1589.57	7
5129.05	2116.17	7
6316.17	2650.1	7
7598.22	3198.2	7
8785.84	3705.22	7
9848.73	4247.33	7
11295.84	4799.93	7
1.04	1.11	7
1.28	1.22	7
1.28	1.25	7
1.5	1.35	7
1.64	1.53	7
1.98	1.73	7
2.21	2.15	7
2.93	2.71	7
4.4	3.74	7
7.08	5.91	7
12.46	9.87	7
22.18	18.04	7
42.65	33.17	7
85.85	63.03	7
168.6	121.48	7
321.6	235.3	7
546.52	462.91	7
1017.59	902.01	7
1502.92	1325.92	7
1885.76	1774.58	7
2411.02	2244.59	7
2728.15	2916.78	7
3186.41	3069.46	7
3589.47	3551.16	7
4230.13	3930.37	7
1.09	1.06	8
1.19	1.37	8
1.36	1.06	8
1.46	1.52	8
1.81	1.74	8
1.93	1.89	8
2.92	2.62	8
4.41	3.46	8
7.35	4.42	8
13.49	8.07	8
25.65	12.2	8
49.13	22.15	8
96.95	44.0	8
189.98	84.26	8
374.24	165.02	8
747.09	325.46	8
1125.18	646.15	8
2528.96	1261.1	8
4068.17	1870.07	8
4434.88	2487.71	8
3551.85	3113.03	8
5013.22	3725.9	8
7791.91	4321.82	8
5423.82	4911.31	8
7999.52	5564.31	8
1.12	0.96	8
1.21	1.22	8
1.33	1.7	8
1.47	1.48	8
1.66	1.42	8
1.92	1.73	8
2.11	2.05	8
2.4	2.54	8
3.21	3.23	8
4.38	4.32	8
6.84	6.9	8
11.62	12.06	8
21.36	22.01	8
40.43	40.52	8
75.32	78.92	8
138.93	148.41	8
279.23	294.68	8
567.91	545.25	8
810.99	825.53	8
1072.52	1116.18	8
1290.3	1380.78	8
1578.41	1678.44	8
1897.75	1899.4	8
2160.05	2162.07	8
2267.16	2513.02	8
1.1	1.03	8
1.86	1.02	8
1.37	1.42	8
1.18	1.46	8
1.73	1.75	8
2.06	1.99	8
3.05	2.69	8
4.48	3.23	8
7.72	4.67	8
14.39	7.23	8
27.25	12.72	8
51.4	22.49	8
101.78	43.98	8
194.58	84.32	8
400.7	164.83	8
796.76	329.32	8
1301.42	650.05	8
2447.1	1276.92	8
4020.0	1890.12	8
3710.58	2503.94	8
3722.1	3121.2	8
6382.74	3752.32	8
7750.92	4387.56	8
7383.28	5005.9	8
8030.11	5628.94	8
1.14	1.18	8
1.19	1.11	8
1.39	1.33	8
1.36	1.4	8
1.4	1.57	8
1.92	1.92	8
2.33	2.21	8
2.75	2.64	8
3.76	3.27	8
5.61	4.64	8
9.32	6.67	8
16.48	10.78	8
31.28	19.32	8
57.97	34.77	8
102.07	65.12	8
197.84	125.41	8
377.19	240.94	8
846.12	460.48	8
945.54	698.2	8
1277.4	878.82	8
1257.13	1101.45	8
1619.52	1318.39	8
1749.66	1593.35	8
2048.39	1762.93	8
2383.62	1994.83	8
1.18	1.05	9
1.17	1.39	9
1.62	1.71	9
2.0	2.08	9
2.65	2.43	9
2.42	2.44	9
3.23	2.79	9
3.7	4.39	9
5.08	4.84	9
7.27	7.1	9
11.99	11.93	9
20.71	20.95	9
38.8	38.03	9
70.16	70.32	9
135.97	135.64	9
266.27	264.83	9
503.17	518.48	9
759.79	764.04	9
965.95	992.26	9
1245.37	1202.77	9
1464.5	1468.7	9
1685.73	1696.27	9
1954.48	1974.28	9
2215.91	2220.49	9
1.14	1.15	9
1.29	1.36	9
1.56	1.55	9
1.83	2.0	9
2.26	2.16	9
2.88	2.41	9
3.59	3.46	9
4.69	4.4	9
6.76	7.12	9
11.89	11.5	9
20.37	19.58	9
40.58	39.12	9
75.13	74.12	9
147.84	147.19	9
295.03	288.27	9
572.78	578.07	9
1120.2	1110.34	9
1664.0	1663.24	9
2155.67	2201.31	9
2724.91	2722.31	9
3251.02	3237.81	9
3789.73	3781.78	9
4324.55	4303.19	9
4867.49	4901.99	9
1.17	1.2	9
1.44	1.39	9
1.62	1.5	9
2.27	1.98	9
2.59	2.24	9
2.89	2.89	9
3.23	2.99	9
4.0	3.78	9
5.19	4.64	9
7.09	7.22	9
11.18	10.86	9
19.59	19.2	9
34.67	34.08	9
62.0	61.02	9
119.48	122.75	9
227.17	226.88	9
432.52	426.72	9
630.95	624.37	9
838.35	846.12	9
1056.25	1043.66	9
1222.77	1248.75	9
1443.42	1416.11	9
1647.26	1637.16	9
1874.61	1830.0	9
1.18	1.19	9
1.32	1.39	9
1.6	1.55	9
2.7	1.94	9
2.62	2.39	9
3.11	3.12	9
3.5	2.87	9
4.6	4.6	9
6.49	6.35	9
10.78	10.46	9
19.0	19.09	9
38.04	35.13	9
66.86	67.84	9
135.24	133.09	9
258.01	259.17	9
510.54	507.11	9
989.51	971.84	9
1468.78	1462.78	9
1935.87	1958.72	9
2448.71	2405.91	9
2915.96	2880.31	9
3356.75	3344.71	9
3846.32	3799.35	9
4294.97	4292.27	9
1.05	1.1	10
1.23	1.39	10
1.48	1.69	10
1.89	1.95	10
3.74	2.12	10
2.75	2.47	10
3.41	3.3	10
4.65	4.1	10
6.64	6.24	10
10.73	10.82	10
19.68	19.64	10
36.63	36.34	10
68.84	69.3	10
135.91	136.43	10
267.04	262.07	10
518.16	524.63	10
1019.89	1005.61	10
1511.0	1490.21	10
1995.71	2013.89	10
2485.14	2498.43	10
2994.78	2973.31	10
3448.16	3471.78	10
3965.69	3935.34	10
4455.32	4524.38	10
1.07	1.29	10
1.35	1.24	10
1.61	1.68	10
1.99	1.87	10
2.34	2.11	10
3.17	2.51	10
3.34	3.03	10
4.35	3.93	10
5.62	5.28	10
8.48	8.14	10
14.26	14.12	10
25.91	25.84	10
48.61	47.93	10
92.52	93.59	10
183.02	181.65	10
356.66	355.95	10
692.5	690.78	10
1019.73	1027.28	10
1360.18	1346.25	10
1681.74	1676.85	10
2019.84	2048.29	10
2368.23	2357.82	10
2689.24	2711.38	10
3035.01	3020.19	10
1.21	0.89	10
1.35	1.36	10
2.12	1.57	10
2.02	2.11	10
3.27	2.67	10
3.05	3.06	10
3.33	3.44	10
4.33	5.24	10
6.59	6.42	10
10.57	10.58	10
18.02	17.91	10
32.43	32.59	10
63.53	61.04	10
119.64	121.75	10
235.47	235.03	10
466.76	462.6	10
897.92	914.24	10
1332.78	1324.71	10
1731.52	1761.03	10
2193.03	2216.98	10
2629.57	2604.86	10
3029.71	3080.03	10
3502.54	3483.47	10
3908.79	3924.01	10
1.17	1.16	10
1.36	1.37	10
1.75	1.65	10
2.11	2.25	10
3.09	2.42	10
3.21	2.49	10
3.4	3.28	10
4.06	3.97	10
5.79	5.63	10
7.63	7.64	10
13.72	13.48	10
24.26	23.71	10
44.69	44.25	10
85.53	85.04	10
165.28	164.62	10
334.21	326.75	10
629.75	629.31	10
936.75	928.49	10
1238.03	1241.13	10
1544.78	1537.4	10
1839.12	1837.55	10
2147.87	2450.78	10
2445.71	2456.9	10
2765.48	2753.77	10
1.12	1.0	11
1.14	1.31	11
1.59	1.43	11
1.91	1.91	11
2.29	2.35	11
2.72	2.53	11
3.29	3.14	11
3.7	3.86	11
6.72	5.71	11
8.13	8.21	11
14.13	14.09	11
25.95	25.35	11
48.65	48.31	11
92.86	92.92	11
183.68	182.11	11
359.31	359.62	11
693.42	700.91	11
1023.9	1041.71	11
1379.24	1389.71	11
1705.24	1698.27	11
2026.45	2057.81	11
2381.98	2385.15	11
2712.9	2731.28	11
3078.88	3091.63	11
1.21	1.16	11
1.16	1.26	11
1.55	1.57	11
1.93	1.91	11
2.39	2.5	11
3.17	2.55	11
3.59	3.08	11
4.66	4.96	11
7.51	6.51	11
11.02	10.51	11
19.8	19.41	11
36.12	36.19	11
70.53	70.76	11
135.52	134.69	11
261.36	263.14	11
530.9	521.98	11
1008.25	1001.5	11
1516.09	1506.19	11
1999.46	2005.43	11
2477.84	2487.79	11
2968.58	3001.23	11
3467.44	3486.17	11
3955.46	3950.15	11
4442.96	4469.53	11
1.07	1.13	11
1.15	1.44	11
1.65	1.68	11
2.02	1.94	11
2.88	2.74	11
3.19	3.16	11
3.59	3.2	11
4.78	3.66	11
5.71	5.46	11
8.06	8.38	11
13.79	13.56	11
24.4	23.55	11
44.1	43.76	11
86.01	84.86	11
165.36	167.22	11
329.45	323.21	11
635.24	631.57	11
939.0	935.59	11
1245.72	1246.27	11
1560.51	1563.61	11
1881.44	1884.66	11
2181.09	2180.45	11
2488.85	2503.09	11
2799.9	2812.99	11
1.17	1.2	11
1.28	1.25	11
1.41	1.62	11
2.43	2.04	11
2.48	2.49	11
2.6	3.69	11
3.46	3.72	11
4.51	4.31	11
6.14	6.1	11
10.48	10.86	11
17.77	18.28	11
33.69	33.31	11
63.42	63.8	11
120.08	123.47	11
235.32	236.9	11
462.55	461.43	11
888.53	899.85	11
1340.72	1344.42	11
1738.31	1754.68	11
2198.88	2178.39	11
2602.68	2625.09	11
3060.74	3075.31	11
3498.6	3505.29	11
3928.36	3944.52	11
1.13	1.14	12
1.35	1.22	12
1.46	1.56	12
1.74	2.0	12
2.46	2.26	12
3.0	2.71	12
3.44	3.46	12
4.82	4.46	12
6.38	6.81	12
11.01	10.78	12
20.66	20.54	12
38.77	38.88	12
74.14	75.7	12
146.85	148.72	12
289.27	286.68	12
573.52	571.28	12
1113.89	1118.94	12
1673.84	1673.54	12
2172.78	2206.28	12
2717.07	2769.99	12
3241.0	3243.17	12
3780.14	3752.81	12
4357.59	4293.66	12
4881.24	4915.11	12
1.1	1.24	12
1.38	1.35	12
1.41	1.4	12
1.94	1.87	12
2.34	2.35	12
2.88	2.27	12
3.14	3.47	12
3.84	3.6	12
5.25	5.14	12
8.01	7.62	12
12.11	12.4	12
20.51	21.08	12
38.65	38.43	12
71.33	71.52	12
136.52	137.72	12
273.65	261.13	12
509.82	507.14	12
745.55	746.62	12
1036.72	981.86	12
1241.17	1248.66	12
1522.02	1460.95	12
1715.79	1772.7	12
1950.59	1942.11	12
2205.76	2253.39	12
1.14	1.16	12
1.3	1.14	12
1.58	1.62	12
2.23	2.17	12
2.66	2.81	12
3.08	2.87	12
3.5	3.41	12
4.49	4.45	12
6.26	6.69	12
10.98	10.73	12
20.08	18.81	12
38.98	35.9	12
67.62	66.86	12
130.7	132.24	12
261.33	258.68	12
508.5	508.11	12
983.77	985.6	12
1462.32	1486.21	12
1938.74	1927.88	12
2406.87	2416.9	12
2872.77	2877.49	12
3410.72	3344.26	12
3800.74	3845.47	12
4312.59	4340.32	12
1.19	1.13	12
1.32	1.25	12
1.43	1.64	12
2.0	2.11	12
2.42	2.35	12
2.89	2.94	12
3.36	3.44	12
4.04	3.71	12
5.1	4.92	12
6.66	7.56	12
11.13	11.02	12
19.59	20.27	12
34.57	34.13	12
63.15	66.02	12
119.67	119.47	12
234.81	228.61	12
445.82	448.62	12
661.72	636.15	12
860.86	860.37	12
1093.61	1094.2	12
1275.01	1263.21	12
1445.98	1517.5	12
1720.59	1712.77	12
2025.83	1890.13	12
0.9	0.83	13
0.98	1.05	13
1.22	1.14	13
1.34	1.35	13
1.94	1.86	13
2.2	2.19	13
2.28	2.16	13
2.31	2.22	13
2.51	2.5	13
2.63	2.6	13
3.01	3.13	13
3.42	3.1	13
4.72	4.82	13
6.42	6.53	13
9.68	9.7	13
16.58	17.13	13
29.69	34.21	13
56.56	66.4	13
104.41	137.23	13
200.36	282.24	13
402.94	557.97	13
767.58	1093.11	13
1140.92	1641.92	13
1490.99	2185.23	13
1857.05	2706.31	13
2224.16	3277.87	13
2608.34	3762.85	13
3013.08	4368.7	13
3384.17	4825.82	13
0.88	0.92	13
0.94	1.05	13
1.08	1.24	13
1.42	1.56	13
1.7	1.8	13
2.09	2.03	13
2.27	2.08	13
2.19	2.1	13
2.41	2.53	13
2.82	2.89	13
3.58	3.77	13
5.28	5.05	13
8.68	8.48	13
15.5	15.11	13
28.46	28.92	13
53.71	54.85	13
104.93	75.91	13
210.0	171.66	13
412.03	294.65	13
820.56	485.33	13
1635.32	963.55	13
3172.04	2080.46	13
4735.66	2794.18	13
6259.0	3687.27	13
7810.57	4651.55	13
9414.05	5551.12	13
10950.95	6509.01	13
12406.29	7431.0	13
14008.47	8323.6	13
0.85	0.88	13
1.21	0.99	13
1.16	1.28	13
1.36	1.58	13
1.69	1.66	13
2.04	2.01	13
1.95	2.06	13
2.22	2.06	13
2.44	2.46	13
2.7	2.59	13
2.99	3.56	13
3.76	3.84	13
5.31	5.32	13
7.56	7.93	13
11.37	12.51	13
18.28	23.37	13
31.03	43.54	13
58.33	79.91	13
105.04	148.78	13
202.64	290.79	13
406.25	569.58	13
766.32	1103.99	13
1150.02	1654.39	13
1506.91	2149.27	13
1872.63	2693.61	13
2315.38	3189.9	13
2651.42	3662.84	13
2982.62	4262.39	13
3349.34	4742.87	13
0.92	0.88	13
0.89	0.99	13
1.11	1.22	13
1.57	1.42	13
1.79	1.5	13
2.11	2.02	13
1.9	2.1	13
1.95	2.53	13
2.16	2.18	13
2.95	3.52	13
3.79	3.91	13
5.79	5.61	13
9.07	8.22	13
16.81	16.27	13
29.72	29.69	13
55.05	59.51	13
106.73	68.09	13
210.72	189.34	13
409.86	272.04	13
819.63	492.16	13
1644.56	964.99	13
3175.04	2222.94	13
4735.08	2802.09	13
6302.83	3683.86	13
7848.18	4628.18	13
9399.02	5441.85	13
10971.1	6469.54	13
12549.45	7304.16	13
14023.53	8249.1	13
0.93	1.0	14
1.08	1.09	14
1.24	1.35	14
1.51	1.54	14
1.85	2.03	14
2.03	2.0	14
2.29	2.06	14
2.32	2.55	14
2.17	2.31	14
2.74	2.8	14
3.25	3.02	14
4.27	4.15	14
5.21	5.22	14
8.13	8.64	14
14.03	14.82	14
26.17	26.12	14
46.09	49.37	14
90.1	93.04	14
176.16	181.37	14
341.53	359.82	14
678.98	774.56	14
1319.11	1527.38	14
1954.08	2294.68	14
2577.89	3058.63	14
3234.88	3802.89	14
3847.33	4587.67	14
4506.32	5286.51	14
5179.55	6095.52	14
5760.93	6853.19	14
1.53	1.04	14
0.96	1.04	14
1.2	1.42	14
1.5	1.53	14
1.59	2.4	14
2.04	1.93	14
2.12	2.75	14
2.17	2.37	14
2.39	2.2	14
3.19	3.02	14
3.76	3.55	14
5.26	5.22	14
8.02	8.38	14
13.35	12.18	14
25.02	25.01	14
46.99	47.62	14
91.52	57.76	14
180.84	116.85	14
355.35	290.08	14
710.45	418.01	14
1411.23	1013.02	14
2757.66	1537.42	14
4089.92	2536.3	14
5457.48	3331.35	14
6801.69	3807.78	14
8124.84	4631.6	14
9450.13	5323.87	14
10828.78	6112.2	14
12157.7	6928.4	14
0.85	0.95	14
1.13	1.21	14
1.22	1.33	14
1.55	1.48	14
1.86	1.68	14
2.04	1.98	14
2.29	2.16	14
2.31	2.48	14
2.35	2.38	14
2.79	2.73	14
3.1	3.52	14
4.29	4.19	14
6.02	6.02	14
9.35	9.35	14
15.12	16.56	14
25.44	30.34	14
48.25	57.21	14
91.06	111.96	14
175.61	210.02	14
342.52	427.45	14
685.79	802.46	14
1319.02	1577.57	14
1980.52	2324.26	14
2562.65	3042.74	14
3257.07	3801.34	14
3862.74	4590.31	14
4495.12	5293.23	14
5126.17	6066.26	14
5769.35	6798.97	14
0.95	0.94	14
1.03	1.03	14
1.28	1.3	14
1.42	1.64	14
1.9	1.7	14
1.81	2.37	14
2.26	2.32	14
2.63	2.38	14
2.32	2.78	14
3.0	3.18	14
3.67	3.84	14
5.44	5.27	14
8.4	8.83	14
14.58	14.92	14
25.37	27.21	14
47.67	51.66	14
91.44	72.04	14
182.07	116.08	14
358.41	310.9	14
707.6	431.07	14
1417.3	947.37	14
2762.55	1689.94	14
4117.36	2643.97	14
5461.27	3482.21	14
6801.13	3999.11	14
8131.2	4778.21	14
9482.49	5531.61	14
10854.46	6369.08	14
12189.38	7241.71	14
1.03	0.88	15
1.04	0.92	15
1.25	1.24	15
1.55	1.52	15
1.78	1.79	15
1.98	2.01	15
2.31	2.46	15
3.1	2.13	15
2.75	2.4	15
3.22	2.94	15
3.73	3.5	15
5.11	4.88	15
8.16	8.0	15
13.97	13.75	15
25.13	25.22	15
47.22	46.85	15
92.14	79.09	15
179.34	181.65	15
303.94	358.9	15
708.88	404.14	15
1413.98	830.74	15
2757.08	1679.85	15
4085.02	2402.96	15
5436.34	3237.06	15
6795.72	3822.33	15
8128.53	4578.62	15
9491.88	5307.86	15
10806.9	6268.71	15
12169.49	6919.52	15
0.86	0.98	15
1.08	0.95	15
1.2	1.17	15
1.46	1.49	15
1.83	1.82	15
2.12	2.04	15
1.99	2.06	15
2.04	2.17	15
2.28	2.17	15
2.62	2.84	15
3.41	3.05	15
3.73	3.74	15
5.47	5.54	15
8.43	8.3	15
13.05	14.58	15
25.28	25.39	15
47.18	52.76	15
90.1	104.22	15
189.28	208.64	15
348.3	410.67	15
686.98	819.99	15
1356.11	1608.53	15
1996.31	2372.73	15
2634.04	3108.91	15
3315.28	3918.56	15
3934.86	4737.22	15
4614.46	5509.74	15
5282.45	6301.49	15
5911.66	7051.07	15
1.01	0.93	15
1.09	1.06	15
1.29	1.46	15
1.45	1.44	15
1.72	2.9	15
1.96	2.2	15
2.32	2.18	15
2.65	2.51	15
3.36	2.77	15
3.11	2.96	15
3.56	3.77	15
5.39	5.37	15
8.43	8.84	15
14.69	14.65	15
26.24	27.51	15
48.4	44.72	15
93.58	100.12	15
181.92	196.94	15
359.71	383.46	15
711.71	430.86	15
1419.2	862.59	15
2753.14	1754.08	15
4104.58	2520.19	15
4703.23	3315.26	15
6814.45	4014.91	15
8120.67	4762.4	15
9481.0	5542.36	15
10836.75	6375.77	15
12175.54	7197.92	15
0.95	0.89	15
1.06	0.99	15
1.29	1.24	15
1.43	1.49	15
1.68	1.88	15
2.21	2.13	15
1.97	1.83	15
2.67	1.97	15
2.41	2.22	15
2.62	2.88	15
3.09	3.23	15
4.46	4.07	15
5.77	5.56	15
9.25	8.81	15
15.13	16.51	15
26.1	30.14	15
47.69	56.88	15
89.86	107.54	15
177.43	203.77	15
340.65	404.74	15
681.8	802.25	15
1316.84	1540.11	15
1963.77	2309.6	15
2620.32	3042.39	15
3200.73	3783.45	15
3857.06	4561.7	15
4521.03	5308.27	15
5132.45	6059.67	15
5726.81	6744.59	15
0.96	0.85	16
1.09	0.92	16
1.21	1.99	16
1.6	1.34	16
2.02	1.78	16
2.08	2.01	16
2.07	2.14	16
2.37	2.05	16
2.44	2.83	16
2.82	2.89	16
3.66	3.41	16
5.49	5.26	16
8.4	8.2	16
15.37	13.79	16
28.46	29.22	16
55.55	56.08	16
105.4	107.93	16
209.2	214.13	16
412.61	310.76	16
818.43	635.86	16
1632.4	1117.5	16
3184.03	1977.4	16
4805.22	2823.33	16
6314.52	3765.7	16
7894.45	4792.37	16
9441.65	5635.58	16
10975.48	6515.01	16
12537.39	7425.56	16
14061.99	8430.53	16
0.99	0.94	16
1.16	0.97	16
1.23	1.11	16
1.48	1.39	16
1.78	1.66	16
2.18	1.96	16
2.13	2.0	16
2.43	2.13	16
2.52	2.26	16
2.82	2.43	16
3.13	2.99	16
3.72	3.45	16
4.3	4.37	16
6.9	6.69	16
10.17	10.04	16
16.56	17.42	16
29.35	31.63	16
56.53	59.3	16
105.07	128.71	16
200.19	280.75	16
400.85	561.94	16
769.33	1101.01	16
1126.71	1619.17	16
1519.66	2180.42	16
1858.26	2726.38	16
2235.06	3303.65	16
2593.8	3885.23	16
3028.03	4387.79	16
3397.58	4826.14	16
0.95	0.89	16
0.92	0.88	16
1.35	1.11	16
1.42	1.46	16
2.5	1.63	16
2.1	1.97	16
1.97	2.06	16
2.25	2.16	16
2.54	2.51	16
3.13	3.2	16
3.94	3.9	16
5.58	5.35	16
9.06	9.17	16
15.83	14.46	16
29.76	30.03	16
55.5	59.7	16
106.63	114.26	16
207.91	227.93	16
416.57	243.56	16
823.13	665.15	16
1640.81	1140.48	16
3201.36	1905.74	16
4783.73	2788.48	16
6313.37	3706.08	16
7843.14	4731.06	16
9400.93	5579.32	16
9450.84	6388.03	16
12503.85	7351.25	16
14098.01	8328.87	16
1.01	0.94	16
1.04	0.97	16
1.23	1.07	16
1.42	1.46	16
1.83	1.72	16
2.03	1.79	16
2.09	2.13	16
2.29	2.21	16
2.53	2.37	16
2.56	2.68	16
3.4	3.37	16
3.86	3.54	16
5.02	5.12	16
8.12	7.82	16
11.08	12.74	16
18.26	23.03	16
31.55	43.97	16
56.15	83.33	16
106.28	156.52	16
206.36	289.45	16
394.86	574.79	16
786.62	1105.97	16
1135.13	1646.61	16
1515.93	2149.25	16
1914.98	2673.57	16
2241.57	3226.92	16
2622.7	3759.11	16
3017.56	4222.63	16
3342.0	4788.75	16
1.21	1.07	17
1.49	1.66	17
2.36	2.18	17
3.36	3.46	17
5.57	5.11	17
7.85	7.22	17
7.61	6.37	17
10.41	9.25	17
7.84	10.23	17
11.8	10.93	17
15.41	13.68	17
18.14	17.86	17
26.31	27.31	17
45.52	43.94	17
74.07	71.95	17
139.64	133.21	17
253.13	250.82	17
484.98	476.95	17
940.95	937.38	17
1846.01	1809.85	17
2578.83	2728.51	17
3656.49	3602.8	17
4485.02	4447.99	17
5438.31	5333.76	17
5923.75	6287.38	17
7182.0	7094.37	17
7999.78	8135.7	17
1.2	1.11	17
1.55	1.53	17
2.17	2.02	17
3.06	3.38	17
5.36	5.12	17
8.07	8.1	17
8.92	12.01	17
9.21	11.6	17
17.53	15.27	17
18.28	10.89	17
16.21	18.08	17
27.79	24.92	17
40.43	36.78	17
58.61	61.7	17
111.35	111.38	17
206.75	205.32	17
398.22	389.92	17
785.61	770.4	17
1545.32	1527.93	17
3002.33	2987.24	17
4484.21	4424.85	17
5946.45	5887.84	17
7398.76	7331.87	17
8909.99	8814.44	17
10384.61	10286.77	17
11856.46	11693.97	17
13306.38	13195.52	17
1.33	1.3	17
1.61	1.57	17
2.33	2.17	17
3.28	3.24	17
4.84	5.84	17
6.56	8.07	17
7.5	9.89	17
11.01	10.79	17
10.45	10.14	17
12.97	13.24	17
17.22	13.37	17
21.2	18.64	17
25.84	28.59	17
40.5	38.85	17
67.38	63.56	17
120.05	119.65	17
229.54	222.76	17
429.67	433.1	17
875.45	845.45	17
1678.39	1651.35	17
2481.78	2425.45	17
3337.63	3225.08	17
4018.33	4019.76	17
4836.26	4819.11	17
5809.96	5660.14	17
6223.81	6304.83	17
7477.17	7205.75	17
1.25	1.15	17
1.49	1.54	17
2.21	2.24	17
3.29	3.43	17
5.45	5.64	17
7.4	7.37	17
14.25	11.19	17
10.22	14.77	17
13.78	11.44	17
16.67	13.92	17
19.52	19.86	17
23.49	24.46	17
37.76	31.85	17
56.73	59.22	17
104.61	103.23	17
195.3	188.69	17
384.73	369.4	17
735.68	728.44	17
1457.61	1448.38	17
5109.15	2819.67	17
4183.57	4151.27	17
5579.38	5517.3	17
6921.44	6867.68	17
8296.62	8243.37	17
9662.22	9538.6	17
10968.65	10974.66	17
12452.8	12308.71	17
1.34	1.16	18
1.64	1.57	18
2.33	2.35	18
3.45	3.43	18
5.8	5.22	18
9.9	10.09	18
12.32	12.52	18
12.16	15.27	18
10.59	13.35	18
17.68	15.82	18
18.41	18.69	18
25.79	24.53	18
38.79	34.74	18
58.81	54.99	18
109.42	96.88	18
180.14	189.2	18
352.93	346.43	18
690.88	681.92	18
1368.36	1365.07	18
2687.64	2603.61	18
3990.67	3905.57	18
5210.61	5178.24	18
6530.8	6502.06	18
7678.68	7750.94	18
9092.42	9082.77	18
10420.66	10255.72	18
11652.53	11610.57	18
1.38	1.36	18
1.7	1.69	18
2.54	2.13	18
3.81	3.62	18
4.63	5.1	18
7.56	7.67	18
9.16	8.04	18
10.04	9.99	18
13.91	8.9	18
13.78	13.44	18
15.93	16.76	18
20.99	19.05	18
44.41	31.56	18
53.33	53.53	18
93.22	92.76	18
175.27	174.84	18
340.77	338.7	18
665.93	660.86	18
1323.2	1296.3	18
2567.49	2552.91	18
6327.03	3790.36	18
8390.38	5025.95	18
6366.06	6264.17	18
12678.78	7494.43	18
14584.46	8750.78	18
10073.84	10040.06	18
18715.26	11217.28	18
1.25	1.21	18
2.18	1.43	18
2.45	2.35	18
3.85	3.35	18
5.06	5.97	18
6.14	8.43	18
9.06	13.32	18
11.07	13.39	18
15.88	15.53	18
17.2	16.18	18
18.04	18.64	18
21.21	22.79	18
38.79	29.65	18
55.7	51.13	18
100.22	95.37	18
173.82	175.76	18
332.87	333.24	18
658.87	649.47	18
1313.75	1295.0	18
2505.05	2492.73	18
3732.04	3708.53	18
4956.88	4899.6	18
6170.61	6077.32	18
8110.34	7285.98	18
8561.89	8544.51	18
9943.38	9725.8	18
10986.83	10911.73	18
1.45	1.41	18
1.88	1.63	18
2.5	2.45	18
4.05	3.54	18
5.44	5.71	18
7.88	6.38	18
8.23	9.18	18
11.96	10.01	18
10.32	10.62	18
13.34	12.79	18
13.7	12.95	18
21.01	18.53	18
30.71	30.73	18
47.7	47.03	18
87.56	87.56	18
165.12	161.51	18
316.48	313.48	18
618.42	612.94	18
1223.17	1218.15	18
2388.46	2385.54	18
3568.03	3533.18	18
4710.1	4687.2	18
10220.34	5810.17	18
7039.51	6950.61	18
8220.59	8136.69	18
16163.59	9259.01	18
10486.33	10446.34	18
1.24	1.31	19
1.7	1.49	19
2.41	2.31	19
3.32	3.39	19
6.02	6.54	19
7.55	7.65	19
9.73	10.64	19
7.93	11.51	19
9.83	9.87	19
12.41	13.98	19
17.3	15.91	19
19.48	21.38	19
28.0	28.41	19
49.25	48.54	19
146.01	88.43	19
285.11	161.29	19
543.73	314.42	19
620.43	619.47	19
2168.7	1252.38	19
2505.1	2477.16	19
3755.08	3718.85	19
4978.99	4939.08	19
10425.61	6154.72	19
7523.3	7405.38	19
8735.08	8627.69	19
9956.18	9875.2	19
18635.01	11088.09	19
1.15	1.28	19
1.65	1.76	19
2.39	2.46	19
3.82	3.54	19
6.06	6.29	19
10.13	10.22	19
14.49	15.09	19
12.17	14.04	19
15.24	12.27	19
13.78	15.18	19
19.44	16.59	19
22.62	25.88	19
39.44	35.89	19
56.97	59.44	19
103.72	98.52	19
185.68	173.44	19
350.37	335.14	19
680.41	653.87	19
1355.86	1344.14	19
2629.39	2590.59	19
3832.03	3914.69	19
5147.3	5121.38	19
6480.21	6478.74	19
7731.62	7708.97	19
9030.43	8944.88	19
10250.16	10247.34	19
11589.06	11584.31	19
1.62	1.39	19
1.65	1.51	19
3.22	2.39	19
3.49	3.47	19
5.02	5.32	19
9.03	6.53	19
10.1	8.78	19
11.91	11.97	19
13.07	10.73	19
12.6	12.73	19
16.15	13.54	19
21.44	21.61	19
29.91	29.58	19
78.9	46.09	19
147.87	88.59	19
166.94	166.81	19
319.9	319.81	19
625.18	619.9	19
1238.78	1224.52	19
4139.85	2363.36	19
3550.13	3537.5	19
8073.11	4651.09	19
5812.75	5785.85	19
6989.31	6944.93	19
8149.25	8080.34	19
9287.12	9201.71	19
18219.11	10323.71	19
1.19	1.25	19
1.62	1.66	19
2.15	2.29	19
3.37	3.55	19
3.71	5.87	19
8.12	9.26	19
14.29	11.4	19
7.34	15.33	19
17.34	11.75	19
16.08	14.33	19
16.98	20.18	19
23.78	28.04	19
34.49	31.88	19
53.19	58.22	19
100.27	96.47	19
176.72	181.07	19
342.44	340.79	19
654.78	658.59	19
1293.07	1269.13	19
2509.79	2464.77	19
3742.34	3693.08	19
4928.24	4959.47	19
6440.38	6034.24	19
7382.02	7247.8	19
8538.62	8531.66	19
9824.24	9663.74	19
10873.37	10990.39	19
1.22	1.08	20
1.54	1.44	20
2.08	2.34	20
4.01	3.61	20
6.01	6.07	20
10.5	9.09	20
12.56	12.37	20
17.13	15.7	20
12.34	16.32	20
19.41	15.22	20
20.62	22.48	20
25.62	25.47	20
35.44	36.8	20
58.94	56.89	20
111.22	109.6	20
208.58	208.19	20
396.81	393.89	20
783.35	776.18	20
1529.1	1518.04	20
3029.06	3009.83	20
4535.33	4490.07	20
6024.65	5970.07	20
7496.67	7410.51	20
8955.86	8926.05	20
10461.89	10374.22	20
11917.13	11829.71	20
14135.78	13348.93	20
1.22	1.18	20
1.64	1.55	20
2.16	2.31	20
3.83	3.44	20
5.92	5.28	20
6.15	8.22	20
10.11	8.92	20
9.86	9.13	20
12.92	11.17	20
11.38	10.86	20
14.76	13.85	20
21.81	19.6	20
26.14	27.52	20
45.12	42.24	20
73.93	73.65	20
135.68	136.47	20
256.55	257.56	20
489.09	486.68	20
909.02	973.85	20
1878.91	1833.71	20
2447.4	2727.31	20
3438.24	3643.08	20
4288.89	4495.76	20
5152.41	5445.55	20
6298.65	6234.31	20
7251.3	7176.24	20
8079.96	8023.97	20
1.14	1.12	20
1.49	1.55	20
2.32	2.87	20
3.02	3.63	20
5.7	5.35	20
7.98	8.67	20
12.61	11.84	20
13.97	13.33	20
12.85	12.18	20
16.27	15.5	20
16.95	17.95	20
26.04	21.21	20
38.92	36.62	20
57.71	56.14	20
106.41	102.52	20
195.97	190.36	20
374.45	375.24	20
733.76	728.1	20
1471.66	1451.14	20
2845.05	2836.27	20
4234.67	4183.93	20
5601.12	5548.16	20
6996.96	6966.16	20
8390.93	8225.07	20
9755.02	9675.43	20
11071.84	11010.51	20
22690.36	12415.69	20
1.51	1.13	20
1.68	1.46	20
2.23	2.16	20
4.3	3.75	20
5.22	5.63	20
7.7	9.06	20
9.58	8.39	20
10.69	10.64	20
11.04	11.01	20
11.94	11.64	20
13.34	11.7	20
20.39	19.28	20
32.92	24.94	20
39.57	41.9	20
66.74	66.71	20
118.67	119.71	20
230.15	222.11	20
455.5	432.46	20
872.14	854.32	20
1695.86	1666.06	20
2510.04	2493.37	20
3360.96	3300.73	20
4063.3	4012.84	20
4771.29	4778.54	20
5748.0	5620.16	20
6608.26	6469.57	20
7417.38	7311.0	20
1.0	0.91	21
0.97	1.04	21
1.28	1.31	21
2.47	1.96	21
2.85	2.85	21
4.23	3.98	21
8.12	5.25	21
10.37	5.45	21
8.64	11.73	21
17.46	12.94	21
17.67	18.46	21
32.88	29.64	21
49.35	48.54	21
77.66	78.36	21
105.91	114.49	21
154.24	154.7	21
233.11	232.89	21
381.73	369.43	21
677.36	667.03	21
1246.4	1239.6	21
1762.99	1752.35	21
2350.44	2276.57	21
2943.5	2877.1	21
3460.03	3455.96	21
4024.95	3970.31	21
4535.76	4556.95	21
5145.01	5141.8	21
0.96	0.89	21
1.03	1.01	21
1.36	1.41	21
1.98	1.67	21
2.56	2.63	21
4.89	4.82	21
3.34	6.14	21
7.86	6.94	21
9.32	11.08	21
13.06	15.36	21
19.16	22.74	21
30.11	31.62	21
53.21	56.12	21
82.25	87.29	21
128.51	132.55	21
191.94	183.56	21
299.23	301.23	21
522.97	499.72	21
967.64	910.32	21
1780.53	1699.63	21
2554.78	2509.96	21
3333.89	3232.07	21
4106.39	4035.49	21
4961.84	4812.92	21
5706.4	5627.71	21
6479.07	6341.35	21
7267.5	7249.59	21
0.94	0.96	21
1.08	1.06	21
1.38	1.33	21
2.08	1.87	21
3.04	2.94	21
4.77	4.79	21
7.24	7.93	21
8.58	10.39	21
9.21	9.34	21
13.55	15.16	21
17.43	19.23	21
32.01	31.95	21
46.87	44.76	21
74.01	75.03	21
111.96	107.86	21
150.65	136.63	21
208.7	208.05	21
343.54	341.83	21
615.0	609.27	21
1095.2	1113.82	21
1611.04	1583.83	21
2110.41	2098.55	21
2627.15	2618.16	21
3090.79	3084.14	21
3595.85	3526.95	21
4045.38	4098.51	21
4628.21	4560.42	21
1.01	0.98	21
1.08	1.01	21
1.43	1.31	21
1.89	1.91	21
2.72	2.59	21
4.72	4.75	21
6.96	6.38	21
6.52	4.72	21
9.28	13.93	21
14.44	15.79	21
18.52	17.22	21
31.96	31.27	21
53.76	52.56	21
85.53	86.41	21
117.34	119.78	21
183.11	175.08	21
284.24	276.37	21
497.72	487.13	21
912.19	877.95	21
1648.73	1602.13	21
2398.28	2342.75	21
3135.75	3063.06	21
3931.79	3829.27	21
4547.75	4437.2	21
5268.74	5202.4	21
6027.2	5879.51	21
6766.55	6772.14	21
1.09	0.99	22
1.23	1.14	22
1.4	1.3	22
2.02	1.96	22
3.04	3.07	22
5.18	4.8	22
7.35	7.43	22
9.51	6.12	22
13.96	11.43	22
12.75	15.78	22
22.1	21.39	22
33.91	32.06	22
53.5	50.98	22
89.09	86.93	22
127.99	129.14	22
185.3	180.16	22
295.84	285.16	22
493.3	494.6	22
917.77	912.64	22
1715.14	1691.73	22
2520.84	2473.64	22
3317.58	3216.18	22
4100.94	4054.84	22
4848.04	4814.52	22
5659.47	5642.43	22
6461.49	6360.05	22
7293.18	7152.89	22
1.16	0.87	22
1.73	1.2	22
1.47	1.47	22
2.04	2.0	22
2.91	2.7	22
5.08	4.88	22
9.3	6.72	22
8.32	6.93	22
13.51	9.02	22
13.37	13.87	22
19.9	19.63	22
28.17	32.59	22
46.57	51.23	22
78.94	76.13	22
108.63	111.12	22
154.94	155.66	22
225.43	229.0	22
406.53	375.91	22
685.57	686.76	22
1265.92	1225.67	22
1821.78	1784.92	22
2376.86	2343.91	22
2964.07	2899.57	22
3513.01	3431.05	22
4043.79	4028.14	22
4619.6	4536.44	22
5170.34	5087.76	22
1.2	0.98	22
1.86	1.14	22
1.52	1.34	22
1.96	1.99	22
2.94	2.76	22
4.53	4.15	22
6.28	4.46	22
11.96	6.03	22
8.79	10.57	22
15.37	11.47	22
21.77	19.46	22
33.63	31.15	22
53.11	51.21	22
83.64	87.57	22
130.53	118.35	22
176.98	181.35	22
274.35	272.45	22
468.65	456.82	22
849.29	848.86	22
1581.45	1578.67	22
2317.0	2288.32	22
2995.13	2997.81	22
3751.89	3755.2	22
4507.46	4518.98	22
5182.47	5147.48	22
5887.56	5833.5	22
6662.78	6533.43	22
1.25	0.94	22
1.24	1.14	22
1.59	1.65	22
2.05	1.9	22
3.04	3.0	22
4.32	4.54	22
6.36	6.42	22
8.08	8.71	22
12.59	12.18	22
13.84	19.35	22
20.92	16.38	22
26.98	32.33	22
49.87	50.91	22
93.23	91.54	22
109.32	111.34	22
145.26	150.89	22
222.66	224.63	22
391.11	367.45	22
652.9	639.55	22
1160.59	1118.27	22
1633.19	1619.75	22
2163.37	2165.58	22
2642.3	2584.4	22
3177.79	3097.1	22
3716.22	3619.19	22
4180.25	4195.62	22
4641.21	4490.48	22
1.13	0.96	23
1.2	1.18	23
1.51	1.29	23
1.99	1.92	23
3.09	2.89	23
4.68	5.28	23
8.88	5.43	23
8.23	7.99	23
11.03	12.03	23
12.15	12.55	23
20.77	20.42	23
31.63	33.69	23
48.46	49.58	23
76.04	75.06	23
112.09	111.21	23
157.63	158.47	23
233.79	236.47	23
396.77	385.4	23
705.66	680.37	23
1275.94	1237.33	23
1875.69	1786.83	23
2361.4	2372.38	23
2927.31	2889.42	23
3489.66	3447.4	23
4114.42	3988.72	23
4684.32	4607.27	23
5148.92	5116.92	23
1.12	1.0	23
1.76	0.97	23
1.44	1.26	23
2.0	1.77	23
2.94	2.84	23
4.52	4.59	23
6.99	7.78	23
9.12	12.41	23
9.33	12.6	23
16.54	12.19	23
22.21	22.2	23
32.84	33.56	23
55.75	54.5	23
88.9	89.49	23
128.6	129.32	23
188.26	193.05	23
296.5	292.11	23
501.17	490.66	23
913.84	905.55	23
1743.65	1709.74	23
2490.52	2520.33	23
3316.08	3292.7	23
4109.13	4089.1	23
4912.44	4815.72	23
5648.83	5682.84	23
6493.78	6494.14	23
7242.41	7224.17	23
0.98	0.99	23
1.19	0.97	23
1.98	1.28	23
2.1	2.02	23
3.17	2.75	23
4.31	4.58	23
7.32	7.54	23
5.2	8.44	23
11.35	11.31	23
12.51	15.6	23
21.0	20.03	23
30.22	31.42	23
46.12	45.69	23
72.2	72.56	23
106.69	111.33	23
151.72	145.14	23
219.15	219.75	23
384.48	353.78	23
669.62	620.66	23
1155.94	1136.01	23
1683.66	1610.87	23
2141.39	2134.47	23
2683.6	2624.08	23
3182.41	3176.45	23
3656.53	3607.98	23
4091.87	4070.93	23
4613.83	4548.7	23
1.07	0.93	23
1.14	0.99	23
1.38	1.22	23
1.9	1.86	23
3.04	2.82	23
3.71	3.73	23
5.18	4.64	23
7.85	11.07	23
8.7	11.14	23
17.8	15.66	23
22.1	21.17	23
33.37	33.77	23
51.82	55.66	23
82.68	83.52	23
122.67	124.08	23
178.44	174.14	23
269.93	266.68	23
462.98	463.73	23
853.67	848.48	23
1608.99	1577.05	23
2337.86	2281.3	23
3030.64	2974.44	23
3813.48	3758.94	23
4497.03	4483.45	23
5242.13	5172.88	23
5984.25	5989.83	23
6666.13	6601.12	23
1.01	1.01	24
1.18	1.16	24
1.48	1.26	24
1.89	1.95	24
2.73	2.7	24
4.06	4.73	24
6.31	7.13	24
8.85	7.75	24
10.92	12.87	24
15.91	14.24	24
18.11	22.02	24
32.07	30.22	24
52.38	55.54	24
86.67	84.74	24
122.91	129.34	24
185.47	187.47	24
298.93	287.3	24
513.34	498.86	24
951.33	918.68	24
1747.08	1692.5	24
2530.01	2495.32	24
3289.22	3243.23	24
4080.29	4064.99	24
4901.76	4825.76	24
5617.66	5630.27	24
6460.89	6399.02	24
7344.07	7134.7	24
1.06	1.07	24
1.16	1.13	24
1.48	1.24	24
1.78	1.85	24
3.05	3.06	24
4.77	5.07	24
6.9	8.62	24
9.77	6.99	24
10.4	8.86	24
10.93	15.53	24
21.02	17.56	24
32.41	31.51	24
49.68	45.46	24
78.88	75.42	24
107.38	104.24	24
145.86	142.65	24
224.23	232.42	24
369.16	378.32	24
676.41	672.67	24
1245.67	1227.13	24
1806.83	1807.87	24
2367.15	2329.97	24
2895.75	2848.07	24
3492.82	3455.34	24
4094.6	3972.15	24
4576.46	4515.86	24
5219.99	5049.48	24
1.04	0.93	24
1.15	1.04	24
1.32	1.41	24
1.86	1.81	24
2.7	2.63	24
4.59	3.85	24
8.06	8.73	24
4.95	6.17	24
11.68	8.77	24
12.68	12.11	24
23.91	21.99	24
31.78	33.02	24
53.9	51.61	24
89.33	87.11	24
128.5	127.08	24
177.72	176.03	24
280.86	280.64	24
503.09	480.54	24
881.02	854.1	24
1619.54	1600.15	24
2339.36	2336.03	24
3061.89	3104.06	24
3853.23	3807.83	24
4561.72	4518.24	24
5222.93	5204.64	24
5934.11	5938.58	24
6729.34	6671.93	24
0.99	0.99	24
1.14	1.04	24
1.41	1.4	24
2.2	1.92	24
2.8	3.25	24
5.2	4.18	24
3.91	6.67	24
10.72	10.2	24
12.28	11.33	24
13.2	12.18	24
18.31	20.75	24
28.54	26.18	24
46.12	44.61	24
69.47	79.5	24
102.78	105.7	24
139.7	146.03	24
206.48	213.89	24
343.61	338.42	24
609.46	596.85	24
1108.02	1100.83	24
1620.69	1599.22	24
2105.99	2098.13	24
2648.0	2631.34	24
3153.3	3111.59	24
3595.64	3525.02	24
4168.48	4161.48	24
4624.09	4559.89	24
1.29	1.1	25
1.23	1.19	25
1.21	1.28	25
1.19	1.18	25
1.21	1.75	25
1.35	1.32	25
1.66	1.68	25
1.73	1.79	25
1.83	2.02	25
2.53	2.28	25
3.03	3.45	25
4.69	4.64	25
7.61	7.83	25
12.89	13.99	25
24.03	25.74	25
44.35	46.95	25
84.98	92.02	25
163.48	180.15	25
314.11	340.66	25
670.79	680.68	25
939.66	1012.87	25
1259.58	1340.12	25
1533.05	1675.79	25
1778.76	1992.28	25
2206.99	2361.45	25
2423.2	2630.97	25
2773.8	3124.84	25
1.24	1.04	25
1.12	1.05	25
1.32	1.22	25
1.34	1.2	25
1.2	1.26	25
1.35	1.13	25
1.62	1.66	25
1.83	1.73	25
2.25	2.0	25
2.84	2.73	25
4.12	3.88	25
6.22	5.66	25
9.36	10.63	25
14.94	19.76	25
25.83	36.84	25
47.16	69.03	25
88.68	136.69	25
162.99	268.58	25
330.63	529.42	25
644.32	1031.54	25
931.65	1347.91	25
1254.12	2028.09	25
1563.29	2526.21	25
1830.52	2998.05	25
2120.65	3540.91	25
2490.45	4007.91	25
2710.55	4238.55	25
1.11	0.93	25
1.05	1.09	25
1.19	1.07	25
1.28	1.07	25
1.23	1.64	25
1.48	1.38	25
1.5	1.7	25
1.98	1.97	25
3.2	3.35	25
4.48	4.63	25
7.85	8.51	25
14.65	14.55	25
27.47	29.22	25
52.86	55.23	25
101.7	95.82	25
198.13	211.55	25
394.91	416.99	25
782.03	740.75	25
1556.96	1658.02	25
3036.04	3237.86	25
4561.19	4261.54	25
5976.55	5645.9	25
7452.41	8034.6	25
8950.25	8473.97	25
10412.32	11141.1	25
11876.05	11295.07	25
13405.41	12632.62	25
