1.06	1.01	1
1.01	1.01	1
1.24	1.13	1
1.27	1.12	1
1.54	1.42	1
1.76	1.61	1
1.93	1.76	1
2.16	2.18	1
2.81	2.66	1
3.58	3.68	1
5.72	5.69	1
9.96	9.79	1
16.81	17.86	1
32.51	31.74	1
60.69	61.19	1
115.39	117.68	1
227.53	229.93	1
426.2	425.89	1
643.82	651.36	1
835.25	864.18	1
1046.02	1068.36	1
1250.73	1273.11	1
1478.12	1442.85	1
1652.34	1686.83	1
1882.83	1887.88	1
1.07	1.07	1
1.04	1.8	1
1.15	1.62	1
1.37	1.09	1
1.34	1.39	1
1.67	1.68	1
2.11	2.71	1
2.3	2.59	1
3.73	3.93	1
5.84	5.75	1
10.29	9.83	1
18.72	18.66	1
35.83	35.04	1
67.66	67.97	1
131.19	129.72	1
254.58	258.81	1
510.6	506.05	1
1003.44	988.98	1
1466.35	1486.14	1
1944.72	1940.5	1
2422.79	2432.08	1
2875.69	2897.55	1
3370.94	3359.29	1
3873.08	3907.75	1
4294.28	4286.39	1
1.17	1.12	1
1.16	1.16	1
1.17	1.94	1
1.36	1.21	1
1.43	1.46	1
1.61	1.74	1
2.07	2.64	1
2.08	2.23	1
2.83	3.0	1
3.89	3.65	1
5.41	5.38	1
8.93	9.02	1
15.3	16.45	1
28.52	27.99	1
52.6	51.63	1
97.09	97.0	1
186.36	181.97	1
358.11	356.13	1
521.16	526.98	1
706.39	688.55	1
854.01	851.17	1
1056.18	1022.44	1
1241.95	1182.23	1
1353.27	1372.87	1
1514.35	1536.03	1
0.98	0.97	1
1.14	1.0	1
1.21	1.07	1
1.24	1.27	1
1.28	1.33	1
1.76	1.7	1
2.19	2.21	1
2.57	2.29	1
3.55	3.52	1
5.63	5.33	1
9.69	10.27	1
17.57	17.59	1
32.89	33.24	1
64.24	63.71	1
124.37	126.18	1
244.39	244.76	1
486.26	487.95	1
948.41	942.22	1
1412.56	1397.11	1
1840.46	1862.67	1
2308.19	2288.39	1
2725.31	2751.23	1
3228.7	3230.68	1
3710.01	3700.15	1
4121.91	4123.21	1
1.04	1.03	2
1.14	1.02	2
1.32	1.1	2
1.19	1.17	2
1.41	1.33	2
2.36	1.51	2
1.93	2.0	2
2.62	2.47	2
3.97	3.56	2
5.62	6.42	2
10.24	10.21	2
19.0	18.84	2
34.72	35.4	2
69.13	66.89	2
130.75	132.25	2
260.8	258.96	2
510.07	503.88	2
994.68	967.09	2
1476.62	1476.69	2
1987.12	1999.99	2
2465.04	2435.13	2
2930.78	2948.15	2
3390.07	3382.28	2
3897.79	3792.4	2
4432.44	4380.4	2
1.06	1.18	2
1.07	1.04	2
1.16	1.09	2
1.42	1.18	2
1.52	1.43	2
2.04	2.38	2
2.03	2.01	2
2.61	2.88	2
3.19	3.17	2
4.94	6.24	2
8.14	7.79	2
14.32	20.96	2
26.88	40.53	2
50.65	50.86	2
98.12	98.52	2
193.43	193.25	2
388.17	383.03	2
745.91	1190.7	2
1110.72	1108.8	2
1466.2	1468.69	2
1822.55	1827.65	2
2191.56	2208.51	2
2563.78	2544.38	2
2941.11	4655.01	2
3272.61	3270.95	2
1.11	1.65	2
1.21	1.23	2
1.23	1.05	2
1.2	1.17	2
1.77	1.38	2
1.9	2.16	2
2.06	2.03	2
2.5	2.4	2
3.34	3.6	2
5.24	5.53	2
9.05	9.0	2
16.78	16.53	2
30.46	30.9	2
59.66	60.18	2
115.56	116.7	2
226.11	226.77	2
447.61	449.46	2
870.95	865.41	2
1290.67	1310.89	2
1705.1	1710.04	2
2114.28	2136.9	2
2549.76	2551.2	2
2943.03	2933.61	2
3390.81	3372.31	2
3817.44	3832.91	2
1.16	1.12	2
1.82	1.06	2
1.24	1.2	2
1.22	1.21	2
1.52	1.54	2
1.82	1.79	2
2.28	2.14	2
2.64	2.59	2
3.38	3.51	2
5.82	4.85	2
7.91	8.01	2
14.06	13.76	2
26.25	26.1	2
49.28	49.94	2
97.46	97.75	2
190.47	190.31	2
378.14	378.76	2
739.28	735.6	2
1093.46	1091.26	2
1449.1	1453.18	2
1804.51	1800.65	2
2163.1	2166.34	2
2524.64	2525.06	2
2880.75	2895.54	2
3256.83	3238.16	2
1.26	1.22	3
1.25	1.05	3
1.27	1.02	3
1.36	1.27	3
1.57	1.98	3
1.86	1.59	3
2.02	2.01	3
2.31	2.27	3
3.93	3.14	3
4.7	6.09	3
7.72	7.86	3
14.61	13.8	3
27.34	41.05	3
49.97	50.72	3
98.97	97.48	3
195.9	192.08	3
380.31	380.99	3
740.95	743.17	3
1097.85	2429.79	3
1457.06	1461.58	3
1815.05	1832.52	3
2168.82	4809.22	3
2538.47	2539.4	3
2910.96	2907.35	3
3248.19	3252.55	3
1.11	1.08	3
1.32	1.04	3
1.22	1.19	3
1.93	1.23	3
1.56	1.37	3
1.76	1.53	3
2.03	1.79	3
2.71	2.54	3
3.56	3.52	3
6.11	5.43	3
10.08	9.8	3
18.39	18.78	3
35.88	35.56	3
68.48	67.05	3
133.66	132.05	3
262.75	264.28	3
516.44	522.2	3
1000.89	986.99	3
1489.46	1454.12	3
1952.34	1933.9	3
2484.28	2455.88	3
2936.37	2918.74	3
3448.89	3405.28	3
3919.65	3870.8	3
4381.7	4368.12	3
1.1	1.11	3
1.03	1.04	3
1.12	1.22	3
1.27	1.26	3
1.54	1.58	3
2.04	1.85	3
2.36	2.15	3
2.68	2.58	3
3.48	3.73	3
5.04	5.0	3
10.51	8.31	3
13.87	21.12	3
26.01	25.53	3
49.73	49.7	3
97.28	96.88	3
197.2	305.46	3
378.82	377.74	3
735.22	735.8	3
1087.31	1091.56	3
1445.51	2330.38	3
1790.93	1805.63	3
2159.1	2164.94	3
2522.65	2520.03	3
2884.11	2883.75	3
3229.12	3240.97	3
1.16	1.09	3
0.99	1.13	3
1.08	1.05	3
1.39	1.18	3
1.41	1.49	3
1.7	1.6	3
2.06	1.95	3
2.36	2.47	3
3.71	3.5	3
5.24	5.47	3
8.91	9.35	3
16.18	16.43	3
30.83	30.95	3
59.24	59.81	3
117.02	116.42	3
229.19	229.82	3
446.82	449.55	3
862.61	880.27	3
1301.87	1291.4	3
1714.0	1724.76	3
2124.99	2120.43	3
2538.55	2556.05	3
2976.77	2965.79	3
3383.21	3437.3	3
3825.76	3830.24	3
1.17	1.01	4
1.32	1.17	4
1.14	1.03	4
1.26	1.05	4
1.43	1.31	4
1.64	1.62	4
2.11	2.02	4
2.6	2.37	4
3.66	3.73	4
6.07	5.71	4
10.13	9.85	4
18.78	19.48	4
34.64	35.11	4
67.92	67.95	4
131.08	130.75	4
261.83	258.45	4
512.28	515.62	4
993.41	989.71	4
1467.76	1463.32	4
1937.21	1945.1	4
2405.39	2432.75	4
2887.85	2890.39	4
3374.19	3364.43	4
3847.14	3878.08	4
4300.86	4343.24	4
1.35	1.03	4
1.17	0.93	4
1.0	1.06	4
1.5	1.96	4
1.38	1.27	4
1.59	1.58	4
1.91	2.42	4
2.08	2.21	4
2.6	3.16	4
3.76	3.85	4
6.45	5.72	4
9.97	9.72	4
17.29	17.62	4
31.68	32.04	4
63.95	60.37	4
115.28	118.79	4
222.55	224.3	4
442.56	443.55	4
637.58	651.33	4
837.66	839.46	4
1051.15	1061.11	4
1251.25	1276.88	4
1470.31	1443.67	4
1630.65	1687.73	4
1923.0	1850.6	4
1.16	1.1	4
1.11	1.13	4
1.17	1.2	4
1.34	1.15	4
1.49	1.54	4
1.89	1.72	4
2.77	2.02	4
2.58	2.57	4
3.43	3.41	4
5.63	5.31	4
9.51	9.6	4
17.17	17.1	4
33.17	32.96	4
64.65	62.46	4
124.43	123.66	4
245.91	244.43	4
482.44	489.68	4
935.36	945.16	4
1402.73	1390.92	4
1832.59	1851.09	4
2312.03	2307.38	4
2722.37	2772.66	4
3179.0	3238.72	4
3671.73	3688.9	4
4108.88	4100.12	4
1.24	1.11	4
1.24	1.13	4
1.4	1.13	4
1.17	1.29	4
1.61	1.44	4
1.58	1.57	4
1.86	1.82	4
3.2	2.95	4
2.85	3.12	4
3.93	3.89	4
5.63	5.49	4
8.75	9.02	4
15.45	15.35	4
28.21	28.49	4
53.13	52.22	4
95.53	95.52	4
183.0	189.62	4
364.22	357.36	4
517.94	526.32	4
681.58	693.88	4
855.79	839.21	4
1010.4	1027.74	4
1215.97	1248.74	4
1321.58	1369.0	4
1493.39	1513.05	4
1.23	1.01	5
1.27	1.44	5
1.32	1.12	5
1.28	1.45	5
1.6	1.59	5
1.67	1.82	5
2.1	2.67	5
2.41	2.35	5
3.22	2.83	5
4.4	4.28	5
7.0	6.81	5
12.24	12.32	5
22.27	21.4	5
42.16	40.59	5
78.22	77.26	5
145.91	148.49	5
293.35	289.31	5
563.47	542.33	5
831.34	807.13	5
1146.08	991.91	5
1354.98	1290.98	5
1644.9	1702.69	5
1930.04	1905.06	5
2155.62	2158.09	5
2399.78	2437.51	5
1.11	0.94	5
1.24	1.06	5
1.35	1.07	5
1.3	1.38	5
1.67	1.64	5
1.96	2.06	5
2.49	2.42	5
3.1	3.5	5
4.28	5.45	5
7.19	9.14	5
12.75	16.62	5
22.74	23.27	5
44.35	43.12	5
85.42	84.69	5
164.2	166.15	5
327.37	467.41	5
645.93	1475.97	5
1253.12	1793.2	5
1859.11	2701.61	5
2474.39	4615.22	5
3090.88	4398.99	5
3673.81	3722.56	5
4299.9	6150.66	5
4922.63	7004.28	5
5537.59	5580.07	5
1.1	1.03	5
1.76	1.21	5
1.33	1.23	5
1.7	1.33	5
1.94	1.7	5
1.95	1.94	5
2.17	2.28	5
2.38	2.62	5
3.11	3.28	5
4.49	4.6	5
7.11	6.64	5
10.63	10.98	5
18.68	19.69	5
37.57	37.35	5
65.69	65.44	5
122.55	123.77	5
238.07	255.93	5
446.04	459.4	5
685.92	678.74	5
879.59	880.63	5
1093.58	1118.24	5
1332.5	1396.53	5
1558.99	1594.06	5
1751.39	1827.04	5
1946.09	2147.65	5
1.12	1.06	5
1.34	0.98	5
1.38	1.22	5
1.51	1.24	5
1.59	1.61	5
2.35	2.13	5
2.64	2.34	5
3.59	3.62	5
4.91	5.65	5
7.44	7.07	5
13.22	16.79	5
22.88	40.78	5
43.36	60.81	5
84.35	153.12	5
166.83	166.04	5
327.1	743.58	5
654.73	650.75	5
1258.84	1830.3	5
1885.12	1879.19	5
2481.92	3545.74	5
3120.44	4445.6	5
3709.93	5310.29	5
4339.96	4326.93	5
4951.1	9085.14	5
5562.83	8048.09	5
1.12	1.19	6
1.1	1.09	6
1.43	1.31	6
1.34	1.32	6
1.5	1.69	6
2.02	1.67	6
2.2	2.71	6
2.79	2.71	6
3.95	4.0	6
6.28	6.23	6
11.19	10.76	6
19.62	19.98	6
38.92	37.02	6
75.25	71.3	6
144.13	142.84	6
289.26	281.87	6
549.78	554.15	6
1084.31	1077.13	6
1600.09	1554.67	6
2127.08	2124.41	6
2640.41	2638.35	6
3164.79	3218.21	6
3728.35	3618.19	6
4270.97	4228.53	6
4815.32	4752.9	6
1.19	1.14	6
1.16	1.29	6
1.38	1.17	6
1.49	1.49	6
1.78	1.62	6
1.99	1.95	6
2.27	2.43	6
2.93	3.18	6
4.0	4.92	6
7.05	7.81	6
10.41	14.67	6
19.62	19.11	6
35.73	35.48	6
69.89	99.86	6
135.52	261.47	6
269.52	268.13	6
533.9	528.97	6
1044.99	1042.74	6
1549.56	3013.12	6
2053.3	2070.64	6
2557.98	3748.84	6
3068.86	4529.46	6
3582.23	3579.15	6
4099.49	7801.15	6
4609.34	6685.52	6
1.11	1.13	6
1.23	1.11	6
1.34	1.39	6
1.54	1.47	6
1.68	1.82	6
2.07	1.94	6
2.32	2.27	6
2.9	2.71	6
4.19	4.07	6
5.91	6.16	6
9.82	9.86	6
18.2	17.96	6
32.66	35.54	6
62.98	65.77	6
122.11	128.27	6
239.88	247.54	6
464.14	485.33	6
897.73	976.75	6
1334.73	1415.7	6
1808.71	1786.87	6
2246.97	2311.84	6
2629.68	2700.11	6
3065.21	3408.98	6
3525.93	3699.47	6
3966.81	3928.27	6
1.16	1.1	6
1.3	1.28	6
1.31	1.86	6
1.51	1.32	6
1.71	1.72	6
2.31	2.18	6
2.77	2.79	6
3.92	3.26	6
4.39	4.69	6
7.04	8.2	6
11.68	14.36	6
20.37	19.85	6
38.05	37.44	6
73.38	103.73	6
143.86	143.98	6
282.33	518.05	6
564.87	562.96	6
1098.33	1095.65	6
1631.65	2989.76	6
2159.41	3086.05	6
2708.05	2701.59	6
3242.55	4590.59	6
3765.3	3753.14	6
4321.33	4302.65	6
4843.39	4840.83	6
1.15	1.1	7
1.04	1.22	7
1.37	1.32	7
1.71	1.51	7
1.65	1.65	7
1.96	1.91	7
2.56	2.48	7
2.97	3.73	7
3.79	3.82	7
6.33	7.52	7
9.71	13.91	7
18.34	25.65	7
33.09	32.52	7
61.99	130.95	7
121.61	122.61	7
238.37	370.36	7
481.64	477.55	7
924.83	1455.67	7
1398.7	2166.12	7
1912.87	1902.56	7
2399.14	2412.66	7
2938.59	2911.07	7
3409.55	8669.77	7
3940.62	5898.05	7
4445.59	6632.38	7
1.74	1.08	7
1.22	1.77	7
2.16	1.23	7
1.53	1.4	7
1.59	1.34	7
1.78	1.84	7
2.06	2.04	7
2.82	2.9	7
3.77	4.27	7
6.55	6.3	7
11.09	10.86	7
20.35	20.43	7
38.74	38.47	7
73.07	75.63	7
142.38	140.91	7
281.47	274.39	7
565.72	536.38	7
1090.75	1054.75	7
1580.05	1532.28	7
2137.54	2098.32	7
2676.19	2664.23	7
3139.2	3146.88	7
3641.65	3643.98	7
4236.74	4251.66	7
4793.4	4590.35	7
1.79	1.06	7
1.16	1.23	7
1.23	1.42	7
1.52	1.39	7
1.79	2.13	7
2.27	2.07	7
2.84	3.46	7
3.32	3.14	7
4.27	4.67	7
6.27	6.37	7
11.01	14.71	7
20.32	35.52	7
36.75	36.64	7
70.12	102.38	7
139.2	199.46	7
274.08	400.51	7
542.54	787.13	7
1051.71	1058.52	7
1589.57	2260.55	7
2116.17	2121.35	7
2650.1	5004.44	7
3198.2	5958.39	7
3705.22	6899.66	7
4247.33	4250.55	7
4799.93	6889.62	7
1.11	1.06	7
1.22	1.19	7
1.25	1.46	7
1.35	1.53	7
1.53	1.66	7
1.73	2.04	7
2.15	2.24	7
2.71	2.75	7
3.74	3.75	7
5.91	6.09	7
9.87	9.72	7
18.04	18.16	7
33.17	35.37	7
63.03	65.51	7
121.48	120.31	7
235.3	240.11	7
462.91	513.76	7
902.01	914.92	7
1325.92	1409.39	7
1774.58	1865.25	7
2244.59	2230.64	7
2916.78	2927.5	7
3069.46	3232.5	7
3551.16	3600.74	7
3930.37	3960.68	7
1.06	1.19	8
1.37	1.21	8
1.06	1.41	8
1.52	1.54	8
1.74	1.66	8
1.89	1.97	8
2.62	2.62	8
3.46	3.16	8
4.42	4.28	8
8.07	9.26	8
12.2	12.57	8
22.15	41.57	8
44.0	61.73	8
84.26	156.29	8
165.02	235.12	8
325.46	470.31	8
646.15	646.34	8
1261.1	1804.07	8
1870.07	1865.09	8
2487.71	3568.07	8
3113.03	3088.82	8
3725.9	5361.28	8
4321.82	4345.72	8
4911.31	4944.58	8
5564.31	5564.0	8
0.96	1.21	8
1.22	1.41	8
1.7	1.35	8
1.48	1.49	8
1.42	1.66	8
1.73	2.02	8
2.05	2.07	8
2.54	2.39	8
3.23	3.23	8
4.32	4.69	8
6.9	6.93	8
12.06	12.43	8
22.01	20.93	8
40.52	39.41	8
78.92	76.49	8
148.41	143.09	8
294.68	291.0	8
545.25	527.78	8
825.53	814.94	8
1116.18	1104.55	8
1380.78	1330.59	8
1678.44	1653.01	8
1899.4	1911.8	8
2162.07	2143.84	8
2513.02	2260.26	8
1.03	1.18	8
1.02	1.22	8
1.42	1.28	8
1.46	1.41	8
1.75	1.5	8
1.99	1.96	8
2.69	2.51	8
3.23	3.07	8
4.67	6.31	8
7.23	7.0	8
12.72	12.61	8
22.49	22.9	8
43.98	61.04	8
84.32	84.75	8
164.83	233.74	8
329.32	466.44	8
650.05	933.55	8
1276.92	1823.78	8
1890.12	1877.76	8
2503.94	2501.12	8
3121.2	3125.79	8
3752.32	3737.71	8
4387.56	4352.21	8
5005.9	7072.1	8
5628.94	10509.14	8
1.18	0.91	8
1.11	1.16	8
1.33	1.25	8
1.4	1.43	8
1.57	1.55	8
1.92	2.01	8
2.21	1.96	8
2.64	2.57	8
3.27	3.21	8
4.64	4.42	8
6.67	6.68	8
10.78	10.88	8
19.32	20.66	8
34.77	36.44	8
65.12	66.58	8
125.41	124.63	8
240.94	257.49	8
460.48	449.87	8
698.2	692.62	8
878.82	909.89	8
1101.45	1149.85	8
1318.39	1388.16	8
1593.35	1620.91	8
1762.93	1869.67	8
1994.83	2065.03	8
1.05	1.19	9
1.39	1.44	9
1.71	1.67	9
2.08	2.21	9
2.43	2.36	9
2.44	2.9	9
2.79	3.15	9
4.39	3.97	9
4.84	4.93	9
7.1	7.3	9
11.93	11.87	9
20.95	21.32	9
38.03	37.5	9
70.32	72.15	9
135.64	139.66	9
264.83	264.28	9
518.48	509.9	9
764.04	763.07	9
992.26	989.63	9
1202.77	1242.22	9
1468.7	1512.26	9
1696.27	1708.09	9
1974.28	1964.52	9
2220.49	2206.1	9
1.15	1.24	9
1.36	1.36	9
1.55	1.61	9
2.0	1.83	9
2.16	2.63	9
2.41	2.58	9
3.46	3.29	9
4.4	4.43	9
7.12	6.89	9
11.5	10.98	9
19.58	20.92	9
39.12	39.86	9
74.12	75.43	9
147.19	145.07	9
288.27	295.46	9
578.07	567.85	9
1110.34	1126.59	9
1663.24	1665.34	9
2201.31	2197.36	9
2722.31	2750.8	9
3237.81	3248.07	9
3781.78	3817.95	9
4303.19	4355.87	9
4901.99	4850.64	9
1.2	1.26	9
1.39	1.5	9
1.5	1.68	9
1.98	2.14	9
2.24	2.55	9
2.89	2.94	9
2.99	2.98	9
3.78	3.9	9
4.64	4.87	9
7.22	7.0	9
10.86	11.58	9
19.2	19.09	9
34.08	35.0	9
61.02	63.56	9
122.75	118.76	9
226.88	227.2	9
426.72	432.13	9
624.37	644.96	9
846.12	836.65	9
1043.66	1057.96	9
1248.75	1252.91	9
1416.11	1460.71	9
1637.16	1685.01	9
1830.0	1875.53	9
1.19	1.23	9
1.39	1.25	9
1.55	1.88	9
1.94	2.06	9
2.39	2.65	9
3.12	3.7	9
2.87	3.43	9
4.6	4.66	9
6.35	6.29	9
10.46	10.9	9
19.09	19.64	9
35.13	35.64	9
67.84	67.33	9
133.09	132.77	9
259.17	255.48	9
507.11	512.29	9
971.84	978.87	9
1462.78	1485.4	9
1958.72	1930.32	9
2405.91	2437.39	9
2880.31	2907.43	9
3344.71	3344.1	9
3799.35	3799.87	9
4292.27	4279.87	9
1.1	1.15	10
1.39	1.4	10
1.69	1.69	10
1.95	1.86	10
2.12	3.17	10
2.47	2.89	10
3.3	3.24	10
4.1	4.11	10
6.24	6.51	10
10.82	11.0	10
19.64	19.11	10
36.34	36.86	10
69.3	69.43	10
136.43	133.82	10
262.07	265.6	10
524.63	522.37	10
1005.61	1013.3	10
1490.21	1511.53	10
2013.89	2004.45	10
2498.43	2491.36	10
2973.31	2974.34	10
3471.78	3479.55	10
3935.34	3990.22	10
4524.38	4422.42	10
1.29	1.24	10
1.24	1.2	10
1.68	1.56	10
1.87	2.2	10
2.11	2.25	10
2.51	2.82	10
3.03	2.76	10
3.93	4.21	10
5.28	5.48	10
8.14	8.36	10
14.12	14.34	10
25.84	26.03	10
47.93	48.45	10
93.59	92.24	10
181.65	180.96	10
355.95	355.34	10
690.78	692.33	10
1027.28	1041.7	10
1346.25	1354.85	10
1676.85	1691.73	10
2048.29	2025.09	10
2357.82	2358.12	10
2711.38	2711.11	10
3020.19	3084.9	10
0.89	1.12	10
1.36	1.85	10
1.57	1.61	10
2.11	2.25	10
2.67	2.57	10
3.06	3.28	10
3.44	3.0	10
5.24	4.71	10
6.42	6.77	10
10.58	10.13	10
17.91	18.27	10
32.59	34.28	10
61.04	64.42	10
121.75	120.17	10
235.03	237.79	10
462.6	470.48	10
914.24	902.35	10
1324.71	1340.0	10
1761.03	1780.3	10
2216.98	2191.79	10
2604.86	2652.85	10
3080.03	3066.71	10
3483.47	3466.97	10
3924.01	3942.1	10
1.16	1.18	10
1.37	1.33	10
1.65	1.67	10
2.25	2.09	10
2.42	2.61	10
2.49	3.01	10
3.28	3.47	10
3.97	4.05	10
5.63	5.53	10
7.64	8.4	10
13.48	13.12	10
23.71	23.66	10
44.25	43.32	10
85.04	85.1	10
164.62	166.96	10
326.75	329.13	10
629.31	628.76	10
928.49	939.65	10
1241.13	1239.31	10
1537.4	1543.43	10
1837.55	1837.0	10
2450.78	2294.3	10
2456.9	2454.67	10
2753.77	2771.28	10
1.0	1.15	11
1.31	2.81	11
1.43	1.68	11
1.91	2.24	11
2.35	2.4	11
2.53	2.86	11
3.14	3.29	11
3.86	3.86	11
5.71	5.46	11
8.21	8.32	11
14.09	13.96	11
25.35	25.67	11
48.31	49.24	11
92.92	94.02	11
182.11	181.82	11
359.62	360.64	11
700.91	698.02	11
1041.71	1028.2	11
1389.71	1362.54	11
1698.27	1726.21	11
2057.81	2036.03	11
2385.15	2407.58	11
2731.28	2726.66	11
3091.63	3053.96	11
1.16	1.25	11
1.26	1.27	11
1.57	1.74	11
1.91	2.1	11
2.5	2.28	11
2.55	2.58	11
3.08	3.21	11
4.96	4.34	11
6.51	6.47	11
10.51	11.38	11
19.41	19.7	11
36.19	37.62	11
70.76	69.76	11
134.69	136.38	11
263.14	266.03	11
521.98	524.45	11
1001.5	1026.4	11
1506.19	1517.73	11
2005.43	2003.8	11
2487.79	2515.6	11
3001.23	2990.35	11
3486.17	3474.04	11
3950.15	3963.76	11
4469.53	4430.4	11
1.13	1.08	11
1.44	1.66	11
1.68	1.83	11
1.94	2.08	11
2.74	2.53	11
3.16	3.12	11
3.2	4.1	11
3.66	3.82	11
5.46	5.13	11
8.38	7.85	11
13.56	13.21	11
23.55	24.06	11
43.76	44.72	11
84.86	85.53	11
167.22	164.84	11
323.21	329.96	11
631.57	632.91	11
935.59	941.19	11
1246.27	1255.2	11
1563.61	1562.36	11
1884.66	1881.37	11
2180.45	2194.64	11
2503.09	2499.14	11
2812.99	2809.09	11
1.2	1.27	11
1.25	1.46	11
1.62	1.68	11
2.04	2.28	11
2.49	2.55	11
3.69	3.14	11
3.72	3.62	11
4.31	4.35	11
6.1	6.6	11
10.86	10.07	11
18.28	18.83	11
33.31	32.91	11
63.8	62.68	11
123.47	122.49	11
236.9	234.65	11
461.43	476.98	11
899.85	907.9	11
1344.42	1338.34	11
1754.68	1792.22	11
2178.39	2228.49	11
2625.09	2640.65	11
3075.31	3050.06	11
3505.29	3504.71	11
3944.52	3973.22	11
1.14	1.26	12
1.22	1.3	12
1.56	2.11	12
2.0	1.91	12
2.26	2.19	12
2.71	2.96	12
3.46	4.3	12
4.46	4.47	12
6.81	6.83	12
10.78	11.23	12
20.54	20.61	12
38.88	39.11	12
75.7	75.38	12
148.72	147.67	12
286.68	285.13	12
571.28	574.22	12
1118.94	1108.61	12
1673.54	1647.56	12
2206.28	2193.14	12
2769.99	2722.09	12
3243.17	3282.92	12
3752.81	3825.19	12
4293.66	4343.24	12
4915.11	4926.18	12
1.24	1.32	12
1.35	1.47	12
1.4	1.55	12
1.87	2.38	12
2.35	2.15	12
2.27	2.65	12
3.47	2.73	12
3.6	3.77	12
5.14	4.95	12
7.62	7.6	12
12.4	12.39	12
21.08	21.0	12
38.43	38.37	12
71.52	72.01	12
137.72	136.18	12
261.13	268.1	12
507.14	520.49	12
746.62	763.89	12
981.86	982.78	12
1248.66	1237.16	12
1460.95	1488.15	12
1772.7	1771.1	12
1942.11	2015.27	12
2253.39	2214.21	12
1.16	1.12	12
1.14	1.98	12
1.62	1.64	12
2.17	2.11	12
2.81	2.86	12
2.87	2.97	12
3.41	3.04	12
4.45	4.21	12
6.69	6.44	12
10.73	11.32	12
18.81	19.56	12
35.9	34.92	12
66.86	66.33	12
132.24	131.58	12
258.68	260.27	12
508.11	512.09	12
985.6	986.25	12
1486.21	1451.48	12
1927.88	1940.72	12
2416.9	2413.22	12
2877.49	2873.91	12
3344.26	3351.54	12
3845.47	3802.2	12
4340.32	4303.78	12
1.13	1.14	12
1.25	1.3	12
1.64	1.8	12
2.11	2.0	12
2.35	2.48	12
2.94	2.7	12
3.44	3.27	12
3.71	3.57	12
4.92	4.78	12
7.56	7.26	12
11.02	11.23	12
20.27	18.44	12
34.13	35.35	12
66.02	63.46	12
119.47	124.36	12
228.61	235.14	12
448.62	437.73	12
636.15	687.35	12
860.37	866.8	12
1094.2	1064.44	12
1263.21	1358.79	12
1517.5	1494.14	12
1712.77	1684.61	12
1890.13	1997.11	12
0.83	0.9	13
1.05	1.0	13
1.14	1.35	13
1.35	1.53	13
1.86	1.82	13
2.19	2.01	13
2.16	2.3	13
2.22	2.2	13
2.5	2.19	13
2.6	2.64	13
3.13	3.13	13
3.1	3.45	13
4.82	4.4	13
6.53	5.65	13
9.7	9.47	13
17.13	16.15	13
34.21	29.9	13
66.4	55.58	13
137.23	117.71	13
282.24	202.97	13
557.97	397.23	13
1093.11	767.69	13
1641.92	1116.64	13
2185.23	1502.92	13
2706.31	2117.6	13
3277.87	2230.75	13
3762.85	2981.95	13
4368.7	2939.82	13
4825.82	3341.86	13
0.92	0.84	13
1.05	1.09	13
1.24	1.17	13
1.56	1.6	13
1.8	1.82	13
2.03	2.15	13
2.08	2.17	13
2.1	2.35	13
2.53	2.58	13
2.89	2.8	13
3.77	3.23	13
5.05	5.11	13
8.48	8.34	13
15.11	13.61	13
28.92	28.27	13
54.85	54.48	13
75.91	105.49	13
171.66	205.41	13
294.65	354.21	13
485.33	811.78	13
963.55	1415.57	13
2080.46	2746.94	13
2794.18	4734.65	13
3687.27	6266.71	13
4651.55	7837.42	13
5551.12	9333.76	13
6509.01	10959.7	13
7431.0	12381.74	13
8323.6	13974.54	13
0.88	0.98	13
0.99	1.05	13
1.28	1.23	13
1.58	1.62	13
1.66	1.79	13
2.01	2.03	13
2.06	2.39	13
2.06	2.31	13
2.46	2.32	13
2.59	2.91	13
3.56	3.03	13
3.84	3.2	13
5.32	4.58	13
7.93	5.94	13
12.51	10.2	13
23.37	16.35	13
43.54	29.61	13
79.91	55.33	13
148.78	104.81	13
290.79	200.02	13
569.58	454.09	13
1103.99	768.15	13
1654.39	1148.58	13
2149.27	1497.43	13
2693.61	1878.8	13
3189.9	2550.0	13
3662.84	2598.34	13
4262.39	2956.1	13
4742.87	3813.11	13
0.88	0.96	13
0.99	1.02	13
1.22	1.16	13
1.42	1.53	13
1.5	1.94	13
2.02	1.77	13
2.1	2.14	13
2.53	2.22	13
2.18	2.72	13
3.52	3.23	13
3.91	3.65	13
5.61	5.38	13
8.22	8.5	13
16.27	13.42	13
29.69	27.71	13
59.51	54.07	13
68.09	104.75	13
189.34	208.33	13
272.04	411.89	13
492.16	704.05	13
964.99	1398.96	13
2222.94	3183.47	13
2802.09	4726.21	13
3683.86	6307.18	13
4628.18	7826.22	13
5441.85	9390.46	13
6469.54	10935.15	13
7304.16	12498.19	13
8249.1	14103.97	13
0.95	0.92	14
1.21	1.05	14
1.33	1.16	14
1.48	1.56	14
1.68	1.86	14
1.98	2.17	14
2.16	2.13	14
2.48	2.36	14
2.38	2.47	14
2.73	2.64	14
3.52	3.06	14
4.19	3.85	14
6.02	5.27	14
9.35	8.53	14
16.56	13.19	14
30.34	24.05	14
57.21	47.78	14
111.96	90.58	14
210.02	172.98	14
427.45	339.45	14
802.46	670.94	14
1577.57	1313.16	14
2324.26	1938.12	14
3072.17	2811.42	14
3791.7	3215.01	14
4594.53	3874.17	14
5279.71	4467.35	14
6050.71	5099.17	14
6828.41	5777.16	14
