0.92	0.96	1
1.02	1.09	1
1.21	1.38	1
1.61	1.76	1
2.62	2.76	1
3.99	4.03	1
7.12	6.72	1
8.43	10.85	1
14.78	14.76	1
15.82	13.59	1
14.63	17.91	1
15.7	17.05	1
11.3	18.3	1
14.71	18.73	1
22.19	23.88	1
39.66	29.13	1
61.77	43.88	1
109.79	70.11	1
198.29	126.62	1
375.35	235.89	1
725.8	442.44	1
1435.87	822.66	1
2120.06	1261.27	1
2777.76	1635.09	1
3542.2	2064.22	1
3611.28	2502.7	1
4801.62	2839.68	1
5460.43	3168.91	1
6219.81	3652.78	1
0.87	0.88	1
1.04	0.97	1
1.31	1.28	1
1.79	1.69	1
2.11	2.48	1
4.85	4.18	1
6.57	7.26	1
11.61	9.49	1
12.28	13.27	1
12.84	13.53	1
12.48	16.14	1
15.63	20.43	1
19.44	20.21	1
21.75	25.36	1
29.44	43.64	1
49.33	68.71	1
78.41	123.93	1
143.21	223.79	1
276.9	446.76	1
530.29	858.24	1
1049.88	1709.77	1
2011.71	3326.56	1
3011.12	4962.09	1
3978.0	6576.44	1
5004.75	8235.76	1
5923.73	9750.29	1
6902.53	11493.21	1
7815.32	12956.97	1
8997.69	14608.19	1
0.9	0.8	1
0.94	0.94	1
1.25	1.33	1
1.64	1.68	1
2.37	2.4	1
4.09	3.92	1
6.68	7.05	1
9.49	11.17	1
12.46	13.23	1
10.55	14.26	1
11.9	15.85	1
14.88	15.2	1
13.43	18.27	1
14.93	19.42	1
24.13	22.69	1
38.55	29.98	1
61.25	45.41	1
103.11	73.68	1
195.28	125.72	1
377.11	229.32	1
724.91	446.15	1
1421.32	843.32	1
2066.44	1249.02	1
2811.92	1671.82	1
3465.45	2048.36	1
4093.03	2425.82	1
4711.45	2898.42	1
5395.03	3239.74	1
6154.29	3711.89	1
0.91	0.84	1
0.96	1.0	1
1.3	1.31	1
1.72	1.6	1
2.56	2.45	1
4.43	4.06	1
5.15	6.65	1
10.09	10.5	1
12.4	12.27	1
10.56	15.83	1
14.52	16.25	1
16.54	19.41	1
18.0	22.58	1
20.39	30.17	1
31.64	39.39	1
45.21	68.84	1
75.26	119.42	1
140.78	230.48	1
266.79	440.45	1
517.35	860.3	1
1036.98	1714.32	1
1991.1	3307.29	1
2947.31	4939.31	1
3935.83	6514.18	1
4851.4	8123.69	1
5705.31	9734.69	1
6695.46	11368.02	1
7647.96	12965.54	1
8614.17	14602.11	1
0.98	0.96	2
1.17	0.98	2
1.68	1.21	2
1.69	1.72	2
2.43	2.26	2
4.0	4.17	2
5.97	6.86	2
6.3	9.75	2
13.35	10.21	2
11.08	14.09	2
12.61	16.68	2
11.34	18.26	2
14.38	19.83	2
22.83	19.96	2
31.19	28.19	2
45.7	38.42	2
75.0	58.6	2
139.7	106.55	2
243.09	197.0	2
510.52	370.06	2
997.45	713.84	2
1919.81	1390.22	2
2901.2	2029.52	2
3817.7	2734.39	2
4760.33	3390.55	2
5630.01	4089.3	2
6602.65	4713.58	2
7576.46	5446.44	2
8581.7	6078.67	2
1.02	1.0	2
1.04	0.96	2
1.35	1.2	2
2.38	1.68	2
2.71	2.56	2
3.25	4.22	2
6.65	6.2	2
10.44	9.77	2
13.78	12.86	2
13.64	15.99	2
16.35	17.77	2
18.17	15.69	2
12.7	23.35	2
20.6	27.47	2
29.35	40.94	2
40.43	61.13	2
65.76	109.24	2
118.76	195.32	2
224.77	384.5	2
422.49	746.75	2
835.91	1466.1	2
1599.47	2860.53	2
2371.59	4274.37	2
3145.81	5656.61	2
3919.4	7041.57	2
4756.66	8449.27	2
5456.8	9868.62	2
6355.57	11215.83	2
7164.59	12609.71	2
0.94	0.98	2
1.07	1.25	2
1.38	1.21	2
2.43	1.63	2
2.64	2.6	2
4.12	4.24	2
6.94	6.96	2
8.59	10.39	2
14.0	13.91	2
8.08	16.88	2
12.2	17.71	2
11.32	18.36	2
15.47	21.32	2
21.92	21.91	2
27.52	28.98	2
43.17	37.11	2
73.78	58.94	2
137.05	107.03	2
261.84	193.02	2
506.0	367.99	2
984.98	726.88	2
1892.03	1395.38	2
2836.41	2041.78	2
3744.22	2731.77	2
4679.19	3354.42	2
5627.87	4059.92	2
6612.88	4711.77	2
6780.77	5390.91	2
8182.31	6106.73	2
1.1	0.95	2
1.04	0.96	2
1.29	1.22	2
1.72	1.72	2
3.17	2.58	2
3.87	4.09	2
6.36	7.04	2
8.15	10.93	2
12.94	14.73	2
11.53	15.46	2
12.64	16.75	2
13.45	17.31	2
13.53	23.26	2
18.53	27.3	2
30.3	40.93	2
42.43	63.43	2
63.36	109.31	2
113.3	199.81	2
217.47	379.74	2
414.47	754.18	2
798.4	1461.53	2
1575.54	2853.23	2
2268.31	4268.88	2
3031.03	5665.72	2
3787.65	7073.86	2
4556.62	9476.51	2
5253.19	9843.16	2
6047.31	11237.12	2
6709.44	12631.24	2
0.92	0.89	3
1.02	1.13	3
1.3	1.24	3
1.69	1.83	3
2.81	2.53	3
4.32	4.22	3
6.54	6.6	3
9.3	10.54	3
14.21	14.37	3
15.27	16.01	3
15.59	17.63	3
14.35	19.13	3
18.32	21.0	3
21.05	28.31	3
27.29	39.95	3
40.48	62.43	3
65.92	111.12	3
114.53	198.44	3
226.59	385.31	3
420.55	748.11	3
828.59	1486.67	3
1612.74	2883.23	3
2362.53	4272.45	3
3177.01	5666.98	3
3950.96	7029.14	3
4733.47	8456.28	3
5486.55	9769.17	3
6302.63	11176.34	3
7084.26	12676.64	3
0.95	0.96	3
1.02	1.05	3
1.28	1.31	3
1.71	1.68	3
2.58	2.51	3
4.09	3.89	3
6.43	7.04	3
7.8	9.87	3
15.41	14.82	3
14.46	13.78	3
12.67	17.57	3
12.97	17.96	3
12.05	20.94	3
22.63	20.83	3
29.36	26.93	3
44.09	39.85	3
79.47	63.11	3
138.3	106.91	3
262.18	194.09	3
511.76	375.19	3
990.5	721.65	3
1933.14	1395.8	3
2864.3	2042.35	3
3817.52	2726.95	3
4764.5	3403.92	3
5643.49	4075.09	3
6644.59	4750.23	3
7507.3	5461.22	3
8429.52	6094.88	3
0.89	0.93	3
0.98	1.12	3
1.23	1.27	3
1.66	1.72	3
2.5	2.47	3
3.89	4.01	3
6.42	6.64	3
11.27	11.1	3
10.38	14.91	3
12.04	16.55	3
12.94	16.21	3
14.55	20.02	3
12.8	19.26	3
20.11	26.76	3
24.16	35.93	3
40.19	65.17	3
66.92	111.28	3
114.93	201.89	3
215.66	383.14	3
405.84	739.56	3
815.06	1482.3	3
1556.59	2875.73	3
2314.34	4273.37	3
3045.67	5644.07	3
3771.8	7137.68	3
4489.25	8433.66	3
5301.65	9832.56	3
6001.9	11236.17	3
6678.19	12604.1	3
0.99	1.03	3
1.06	1.03	3
1.25	1.24	3
2.86	1.76	3
2.41	2.58	3
4.13	4.09	3
5.63	6.94	3
9.29	11.04	3
12.28	12.93	3
9.2	14.28	3
12.5	17.3	3
15.4	18.31	3
18.12	18.04	3
24.13	22.54	3
27.85	27.47	3
43.04	36.47	3
75.06	61.8	3
138.07	101.21	3
259.86	196.46	3
508.81	377.26	3
999.55	726.84	3
1907.2	1387.81	3
2806.76	2077.4	3
3801.76	2758.01	3
4639.73	3438.3	3
5603.12	4059.08	3
6557.69	4735.15	3
7447.59	5443.12	3
8356.49	6203.59	3
1.09	0.87	4
1.05	1.0	4
1.33	1.21	4
1.76	1.61	4
2.72	2.33	4
3.73	4.08	4
5.97	6.59	4
9.79	10.71	4
12.53	13.68	4
12.03	16.15	4
12.21	17.38	4
11.86	19.72	4
17.23	20.83	4
23.28	28.45	4
32.29	41.01	4
50.34	69.62	4
84.03	117.23	4
144.7	232.64	4
275.81	433.67	4
533.85	856.14	4
1040.16	1718.07	4
2014.27	3322.03	4
2971.94	4906.54	4
3964.78	6530.84	4
4980.8	8166.18	4
5965.92	9797.37	4
6947.72	11329.58	4
7866.68	13008.88	4
9238.02	14614.37	4
1.0	0.92	4
1.2	1.04	4
1.35	1.26	4
1.87	1.83	4
2.72	2.66	4
4.28	4.18	4
6.52	6.66	4
9.75	11.7	4
11.39	11.39	4
13.14	14.31	4
17.39	17.12	4
18.18	17.67	4
17.32	18.06	4
20.16	20.82	4
26.67	24.7	4
40.18	31.9	4
62.58	43.19	4
106.42	73.66	4
196.06	126.56	4
382.13	233.63	4
733.34	441.68	4
1422.47	846.45	4
2103.93	1243.61	4
2791.85	1654.65	4
3480.0	2075.46	4
4119.1	2448.75	4
4858.1	2862.38	4
4786.44	3278.76	4
5437.05	3648.13	4
0.89	0.97	4
0.98	0.98	4
1.21	1.25	4
1.73	1.72	4
2.47	2.53	4
4.07	4.04	4
7.19	6.91	4
10.73	9.86	4
10.47	14.77	4
14.5	15.81	4
12.57	17.89	4
17.1	20.21	4
19.62	23.76	4
20.66	26.96	4
30.45	41.95	4
44.87	72.17	4
81.54	125.31	4
141.98	230.94	4
270.29	438.2	4
522.02	863.95	4
1018.02	1717.01	4
1960.7	3312.45	4
2939.49	4954.66	4
3834.17	6578.07	4
4861.39	8198.77	4
5842.93	9745.45	4
6813.44	11400.86	4
7703.05	12966.4	4
8639.96	14595.53	4
0.94	0.86	4
0.97	0.95	4
1.23	1.24	4
1.97	1.64	4
2.57	2.67	4
4.1	4.04	4
6.91	5.8	4
9.05	9.9	4
12.45	15.09	4
14.72	14.64	4
13.19	16.42	4
16.67	17.49	4
16.31	16.45	4
18.99	21.68	4
25.24	20.68	4
38.14	30.7	4
60.1	45.5	4
105.42	73.34	4
188.71	126.18	4
378.53	232.97	4
733.7	444.35	4
1411.86	846.85	4
2056.28	1277.94	4
2738.53	1646.38	4
3364.5	2077.94	4
4120.2	2463.22	4
4739.81	2892.85	4
5510.23	3271.95	4
5977.55	3646.37	4
1.06	1.0	5
1.2	1.2	5
1.68	1.65	5
2.37	2.54	5
4.22	4.07	5
6.91	7.65	5
12.16	12.91	5
19.77	22.62	5
21.62	34.27	5
21.8	39.09	5
19.65	37.91	5
29.57	48.36	5
27.53	46.53	5
44.68	54.63	5
47.88	64.91	5
71.71	84.5	5
129.57	119.32	5
226.03	182.52	5
425.45	325.63	5
825.46	563.43	5
1579.45	1023.35	5
2319.35	1545.23	5
3042.92	1954.88	5
3865.38	2502.54	5
4538.6	3018.29	5
5342.83	3511.35	5
6029.1	4032.57	5
6826.88	4534.07	5
1.05	0.93	5
1.77	1.28	5
1.74	1.63	5
2.55	2.55	5
4.27	4.05	5
7.3	7.48	5
11.65	13.42	5
14.75	23.1	5
22.36	34.2	5
26.16	40.49	5
20.47	36.91	5
23.18	50.57	5
28.35	51.16	5
41.73	74.29	5
62.35	107.14	5
99.1	168.62	5
168.61	295.49	5
319.66	549.09	5
620.3	1068.17	5
1201.82	2101.51	5
2352.1	4056.95	5
3489.0	5990.86	5
4588.39	7979.56	5
5754.38	9936.98	5
6912.4	11937.58	5
8008.5	13913.08	5
9122.0	15799.79	5
10251.6	17759.34	5
1.06	0.97	5
1.39	1.25	5
1.66	1.75	5
2.61	2.66	5
4.38	4.31	5
7.53	7.69	5
9.33	13.39	5
14.22	22.35	5
21.3	33.9	5
20.81	39.7	5
18.77	40.91	5
20.43	42.97	5
27.96	48.16	5
28.95	55.29	5
47.65	53.41	5
75.77	85.85	5
128.16	125.97	5
221.93	186.19	5
400.41	322.82	5
807.98	557.5	5
1541.21	1025.08	5
2294.36	1539.0	5
3022.36	1978.45	5
3827.99	2533.11	5
4446.05	2940.86	5
5230.31	3470.46	5
5991.75	4004.68	5
6602.91	4567.75	5
1.08	0.97	5
1.36	1.12	5
1.83	1.72	5
2.49	2.57	5
4.38	4.21	5
7.27	7.56	5
12.1	13.11	5
20.58	21.94	5
16.5	31.03	5
11.86	41.72	5
21.95	42.6	5
21.01	45.15	5
29.02	59.4	5
41.34	68.98	5
60.01	102.81	5
91.68	165.68	5
153.54	294.16	5
293.35	554.7	5
570.22	1063.24	5
1106.1	2100.46	5
2131.68	4089.83	5
3168.71	6019.22	5
4189.55	7949.37	5
5214.02	9938.86	5
6272.92	11946.04	5
7262.6	13832.12	5
8356.93	15915.5	5
9327.62	17797.34	5
1.16	0.99	6
1.36	1.24	6
1.74	1.64	6
2.57	2.58	6
3.26	4.36	6
7.7	7.75	6
13.13	12.97	6
18.41	21.18	6
20.68	34.87	6
17.34	42.41	6
30.96	41.65	6
24.32	46.17	6
34.28	52.2	6
40.69	55.65	6
64.05	72.5	6
91.88	101.49	6
160.87	157.94	6
296.32	265.8	6
561.42	449.66	6
1090.93	827.57	6
2091.95	1572.8	6
3080.83	2381.42	6
4012.19	3205.09	6
5114.56	3930.73	6
6140.31	4740.59	6
7114.46	5555.61	6
8076.21	6378.46	6
9213.76	7159.01	6
1.04	0.97	6
1.43	1.25	6
1.83	1.68	6
2.52	2.46	6
4.28	4.43	6
7.46	7.15	6
10.67	13.8	6
15.97	20.78	6
18.91	33.2	6
20.99	33.12	6
20.61	38.78	6
23.67	45.39	6
35.29	54.46	6
32.29	67.81	6
65.08	114.07	6
87.04	174.78	6
157.23	299.12	6
266.58	549.91	6
503.47	934.11	6
991.11	1844.93	6
1926.32	3543.66	6
2854.39	5311.11	6
3787.79	7003.85	6
4686.22	8740.36	6
5576.61	10430.25	6
6542.15	12215.89	6
7404.71	13948.71	6
8399.11	15653.09	6
1.08	1.0	6
1.3	1.39	6
1.75	1.76	6
2.67	2.61	6
5.05	4.28	6
6.21	7.57	6
11.08	12.39	6
17.97	21.47	6
10.14	34.27	6
20.27	41.76	6
18.79	44.47	6
28.02	43.59	6
28.29	49.43	6
38.32	55.66	6
58.47	75.39	6
85.47	107.68	6
157.4	162.35	6
291.69	257.1	6
553.3	447.8	6
1081.73	831.72	6
2085.66	1584.88	6
3079.43	2347.49	6
4100.61	3168.93	6
5066.44	3976.53	6
6047.58	4710.99	6
7128.64	5520.93	6
8015.33	6345.69	6
9071.09	7284.51	6
1.76	1.12	6
1.34	1.22	6
1.81	1.61	6
2.79	2.68	6
4.0	4.22	6
7.93	7.29	6
12.23	13.48	6
22.2	21.61	6
25.04	33.29	6
22.85	35.63	6
20.93	32.89	6
18.46	44.52	6
27.64	56.52	6
29.77	69.31	6
44.73	97.15	6
84.86	150.9	6
127.41	259.21	6
243.04	481.79	6
451.79	937.2	6
881.06	1820.19	6
1714.28	3551.73	6
2539.26	5304.63	6
3316.69	7050.34	6
4149.35	8681.36	6
4972.52	10456.11	6
5807.95	12145.99	6
6523.12	13802.62	6
7512.58	15649.13	6
1.1	1.06	7
1.42	1.25	7
1.76	1.74	7
2.6	2.63	7
4.61	4.58	7
6.48	7.33	7
13.06	13.58	7
18.87	21.86	7
23.96	33.13	7
20.96	42.2	7
16.21	38.48	7
23.83	48.42	7
28.22	53.63	7
31.96	65.1	7
51.81	95.19	7
73.78	153.51	7
141.81	261.69	7
265.64	481.49	7
503.08	943.98	7
1001.13	1845.4	7
1915.19	3545.32	7
3665.3	5302.09	7
4809.66	6980.64	7
4717.19	8709.74	7
5552.93	10397.55	7
6501.2	12108.08	7
7385.17	13771.97	7
8279.51	15538.22	7
1.11	1.06	7
1.54	1.39	7
1.81	1.72	7
2.78	2.52	7
4.23	4.31	7
7.17	7.62	7
11.71	12.03	7
6.45	20.33	7
21.33	33.88	7
25.8	32.54	7
28.4	46.2	7
22.55	48.4	7
33.28	51.9	7
34.58	55.47	7
53.64	76.17	7
88.67	109.94	7
160.79	168.55	7
289.81	266.5	7
551.63	458.44	7
1082.76	884.84	7
2107.57	1699.55	7
3104.91	2461.4	7
4090.31	3214.53	7
5070.44	3936.33	7
6104.93	4704.28	7
7133.03	5465.53	7
8148.06	6321.38	7
9148.78	7177.61	7
1.04	1.0	7
1.3	1.24	7
1.73	1.72	7
2.52	2.64	7
4.32	4.18	7
7.34	7.47	7
11.59	12.78	7
14.71	21.45	7
22.45	30.21	7
24.85	31.18	7
18.37	37.48	7
27.07	43.02	7
25.21	51.67	7
34.72	61.69	7
52.14	93.06	7
76.4	146.85	7
129.63	263.75	7
230.49	487.79	7
451.29	940.22	7
883.67	1837.66	7
1707.03	3562.66	7
2516.46	5289.5	7
3286.44	6991.99	7
4107.34	8717.92	7
4958.25	10358.89	7
5756.98	12123.16	7
6438.39	13987.72	7
7325.71	15565.29	7
1.06	1.25	7
1.34	1.28	7
1.82	1.7	7
2.65	2.58	7
4.37	4.25	7
7.41	7.26	7
13.5	12.03	7
17.75	22.68	7
19.21	34.74	7
14.91	40.75	7
19.71	38.43	7
27.83	49.41	7
31.42	51.71	7
47.16	57.33	7
54.33	82.23	7
92.64	104.25	7
155.67	153.17	7
288.11	268.69	7
561.74	514.58	7
1091.72	906.95	7
1917.74	1690.13	7
3146.05	2486.24	7
4067.05	3200.92	7
5113.95	3917.21	7
6068.87	4732.79	7
7045.89	5500.19	7
8168.17	6408.64	7
9103.4	7053.62	7
1.09	0.89	8
1.32	1.24	8
1.77	1.53	8
2.79	2.45	8
4.45	4.22	8
7.25	7.1	8
13.35	12.84	8
17.5	22.4	8
13.73	31.5	8
10.98	44.21	8
25.89	45.61	8
26.52	50.8	8
33.94	57.88	8
36.05	64.9	8
64.06	99.75	8
103.68	173.67	8
172.34	297.87	8
318.5	564.48	8
618.03	1083.28	8
1202.58	2100.07	8
2334.33	4055.15	8
3446.67	6018.48	8
4595.78	7979.96	8
5745.61	9927.48	8
6871.51	11943.51	8
8006.13	13795.37	8
9069.37	15947.48	8
10169.99	17751.58	8
1.11	1.12	8
1.43	1.21	8
1.72	1.54	8
2.63	2.5	8
4.45	4.13	8
7.66	7.58	8
11.62	13.35	8
14.23	18.21	8
16.25	34.1	8
24.06	40.14	8
27.7	42.69	8
23.93	39.35	8
25.81	46.92	8
39.3	57.73	8
50.96	67.54	8
74.8	81.31	8
133.43	115.63	8
227.44	177.29	8
420.33	294.9	8
821.63	557.42	8
1561.78	980.02	8
2329.52	1496.26	8
3087.9	1958.8	8
3830.23	2352.98	8
4522.9	2873.59	8
5240.91	3468.77	8
6082.41	3859.51	8
6801.33	4385.73	8
1.04	0.94	8
1.21	1.22	8
1.78	2.19	8
2.7	2.5	8
4.27	4.24	8
7.34	7.35	8
10.93	12.72	8
21.71	23.66	8
19.71	33.75	8
20.11	37.14	8
17.87	41.72	8
29.5	45.19	8
36.17	50.92	8
36.08	65.2	8
53.52	107.19	8
95.49	175.99	8
155.8	303.93	8
295.55	560.16	8
570.36	1065.76	8
1125.28	2106.48	8
2130.14	4080.35	8
3196.76	6044.98	8
4221.24	8023.55	8
5334.6	9949.62	8
6298.22	11847.44	8
7217.8	13901.18	8
8305.66	15853.14	8
9376.62	17740.75	8
1.11	0.91	8
1.29	1.14	8
1.78	1.58	8
2.8	2.42	8
4.41	4.35	8
7.83	7.16	8
11.58	13.31	8
21.36	23.45	8
18.2	30.83	8
21.59	41.61	8
17.69	44.22	8
20.95	43.99	8
30.55	46.56	8
28.46	55.72	8
47.4	65.91	8
73.91	85.74	8
123.02	124.6	8
217.04	178.81	8
421.34	293.9	8
796.09	531.6	8
1539.16	1012.42	8
2262.98	1455.8	8
2965.64	1979.82	8
3716.48	2390.5	8
4505.26	2930.03	8
5265.66	3458.7	8
5869.59	3834.79	8
6767.21	4424.09	8
1.44	1.17	9
1.63	1.4	9
1.77	1.45	9
2.05	1.89	9
2.41	2.08	9
2.63	2.47	9
3.43	3.48	9
4.7	5.2	9
6.29	8.95	9
9.51	15.23	9
15.32	25.62	9
26.33	46.83	9
46.46	81.81	9
86.06	154.5	9
162.5	300.12	9
314.14	586.91	9
631.47	1157.31	9
918.8	1643.55	9
1208.74	2310.33	9
1586.63	2711.89	9
1864.43	3349.88	9
2212.22	3816.82	9
2382.52	4524.68	9
2684.04	5022.5	9
1.45	1.23	9
1.55	1.36	9
1.94	1.6	9
2.25	2.24	9
2.73	3.43	9
4.01	5.81	9
4.98	10.45	9
6.46	20.23	9
11.73	38.55	9
20.88	76.08	9
39.01	149.46	9
73.93	294.96	9
147.57	588.21	9
292.72	1171.47	9
580.45	2327.56	9
1164.82	4659.35	9
2270.6	9005.25	9
3381.45	13482.6	9
4486.81	18008.99	9
5604.64	22061.55	9
6731.53	26764.95	9
7854.52	31551.97	9
8989.41	35186.9	9
10107.98	39669.52	9
1.43	1.22	9
1.5	1.27	9
1.65	1.48	9
2.03	1.72	9
2.41	2.25	9
2.96	2.47	9
3.98	3.59	9
4.6	5.24	9
6.11	8.76	9
9.13	16.15	9
14.18	26.33	9
23.53	44.31	9
39.09	82.58	9
77.66	156.08	9
150.46	305.65	9
291.29	598.32	9
532.36	1135.42	9
784.32	1699.28	9
1029.83	2282.93	9
1289.34	2832.51	9
1546.19	3276.09	9
1781.56	3832.65	9
2066.62	4334.16	9
2348.63	4885.23	9
1.53	1.31	9
1.49	1.34	9
1.82	1.64	9
2.48	2.27	9
3.35	3.51	9
3.69	6.52	9
5.44	10.51	9
7.27	20.22	9
11.74	38.55	9
20.26	76.05	9
38.29	148.92	9
73.78	296.26	9
143.16	586.27	9
281.09	1176.8	9
563.4	2338.56	9
1124.63	4607.11	9
2195.3	9017.96	9
3286.13	13473.18	9
4349.76	17840.28	9
5437.75	22383.69	9
6507.76	26641.96	9
7565.1	30947.07	9
8632.28	35510.93	9
9732.01	40221.67	9
1.35	1.26	10
1.58	1.36	10
1.7	1.75	10
3.09	2.72	10
2.39	2.3	10
3.41	2.71	10
4.18	3.92	10
6.68	5.99	10
10.45	10.02	10
17.55	20.39	10
33.62	35.07	10
60.69	68.6	10
120.57	135.31	10
233.82	267.64	10
469.46	529.59	10
929.19	1052.67	10
1783.12	2042.5	10
2646.57	3062.41	10
3508.9	4095.26	10
4409.42	5111.21	10
5292.55	6170.95	10
6161.59	7231.67	10
7022.55	8182.39	10
7898.9	9272.05	10
1.44	1.26	10
1.61	1.44	10
1.88	1.69	10
2.48	2.31	10
3.07	3.5	10
4.32	5.93	10
5.3	10.73	10
7.8	19.8	10
12.21	38.31	10
20.68	73.83	10
39.29	144.16	10
76.44	287.19	10
148.32	564.25	10
294.39	1116.88	10
586.83	2266.85	10
1165.44	4448.75	10
2261.18	8869.96	10
3358.25	13048.16	10
4451.61	17180.81	10
5542.77	21387.86	10
6647.99	25760.43	10
7740.1	29996.47	10
8849.84	34314.79	10
9962.95	38637.84	10
1.53	1.25	10
1.75	1.35	10
1.71	2.48	10
2.2	1.97	10
2.57	2.35	10
3.29	2.82	10
4.57	4.07	10
6.77	6.14	10
9.82	9.93	10
17.17	19.51	10
31.35	36.0	10
58.68	68.87	10
110.08	131.47	10
215.26	267.46	10
439.99	534.12	10
850.36	1056.24	10
1626.44	2034.82	10
2435.95	3021.7	10
3224.83	4118.77	10
4001.9	5159.31	10
4947.15	6261.5	10
5751.49	7218.03	10
6513.06	8268.08	10
7328.49	9332.73	10
1.39	1.17	10
1.77	1.53	10
2.05	1.94	10
2.55	2.4	10
3.34	3.64	10
4.1	5.91	10
5.29	10.94	10
7.95	19.4	10
12.07	38.0	10
21.86	73.93	10
40.21	146.88	10
77.49	285.23	10
152.01	574.49	10
299.54	1117.95	10
595.09	2280.08	10
1186.47	4529.95	10
2298.82	8707.19	10
3403.57	12956.43	10
4526.78	17372.4	10
5638.87	21502.11	10
6765.2	25684.21	10
7875.57	30217.08	10
8999.14	34176.23	10
10098.25	39382.99	10
1.3	1.31	11
1.54	1.31	11
1.84	1.73	11
2.27	2.3	11
2.79	3.55	11
3.56	6.02	11
5.13	10.56	11
6.95	19.5	11
11.89	37.85	11
20.31	73.08	11
38.6	143.8	11
74.8	287.95	11
144.41	566.41	11
285.97	1119.15	11
566.87	2259.03	11
1127.18	4504.35	11
2198.03	8806.4	11
3284.75	13017.95	11
4370.71	17182.36	11
5453.29	21516.86	11
6537.2	25384.94	11
7618.18	29941.06	11
8687.16	34161.12	11
9759.69	38044.42	11
1.33	1.27	11
1.43	1.46	11
1.75	1.64	11
1.94	1.99	11
2.29	2.3	11
3.04	2.75	11
3.9	3.98	11
6.17	6.07	11
9.83	9.98	11
17.19	18.69	11
32.12	35.22	11
60.49	65.85	11
119.58	132.14	11
229.95	259.34	11
456.49	514.63	11
909.71	1015.96	11
1739.57	1962.36	11
2641.57	3057.43	11
3486.55	4007.41	11
4369.87	5017.32	11
5250.33	6003.93	11
6033.73	7052.24	11
6991.36	8126.59	11
7801.81	9073.93	11
1.31	1.23	11
1.62	1.33	11
1.99	1.7	11
2.56	2.33	11
2.93	3.82	11
4.12	5.71	11
5.19	10.39	11
7.53	19.61	11
12.23	38.22	11
21.2	74.37	11
38.8	145.0	11
74.46	286.14	11
146.81	560.16	11
287.57	1119.68	11
572.13	2254.55	11
1142.09	4444.92	11
2229.91	8692.2	11
3321.22	13113.7	11
4425.39	17314.45	11
5512.91	21704.05	11
6595.55	25743.88	11
7694.14	30028.75	11
8785.93	34210.9	11
9892.31	38128.36	11
1.4	1.14	11
1.53	1.31	11
1.89	1.68	11
2.06	1.92	11
2.63	2.41	11
3.33	2.78	11
4.12	3.91	11
6.36	6.23	11
11.06	10.36	11
16.41	19.2	11
30.9	36.7	11
57.31	67.31	11
110.42	132.44	11
211.63	260.8	11
430.84	506.52	11
833.97	1012.14	11
1649.38	1986.11	11
2514.7	3037.4	11
3272.99	4015.53	11
4069.32	4995.55	11
4842.67	6030.64	11
5588.53	7093.29	11
6365.81	8983.84	11
7346.41	9066.32	11
1.29	1.13	12
1.45	1.3	12
1.68	1.68	12
2.12	2.48	12
2.91	3.28	12
3.35	5.89	12
4.9	10.49	12
6.97	19.87	12
11.95	39.12	12
21.09	77.65	12
39.06	149.21	12
75.23	292.27	12
151.3	589.13	12
295.53	1156.55	12
591.97	2320.01	12
1182.57	4661.56	12
2293.76	9117.37	12
3390.34	13585.24	12
4503.91	17749.49	12
5597.65	22181.07	12
6730.12	26764.0	12
7861.16	30879.98	12
8975.78	35616.93	12
10101.85	40412.44	12
1.25	1.25	12
1.4	1.33	12
1.59	1.47	12
1.69	1.59	12
2.03	2.2	12
2.55	2.5	12
3.39	3.42	12
4.53	5.27	12
6.19	8.96	12
9.22	15.79	12
15.91	26.61	12
25.83	45.88	12
46.02	79.43	12
84.77	155.42	12
163.88	299.29	12
321.04	601.19	12
614.3	1168.25	12
918.93	1668.99	12
1249.7	2199.41	12
1575.69	2798.61	12
1873.84	3267.14	12
2062.89	3766.68	12
2356.23	4376.1	12
2641.97	4917.39	12
1.15	1.32	12
1.36	1.38	12
1.72	1.6	12
2.77	2.24	12
2.96	3.29	12
3.69	5.68	12
4.83	10.83	12
6.51	19.99	12
11.64	38.38	12
20.4	75.97	12
38.48	148.59	12
74.99	293.93	12
146.83	587.62	12
289.94	1158.18	12
577.74	2319.94	12
1148.24	4609.16	12
2221.76	9076.67	12
3288.11	13507.67	12
4370.62	17833.87	12
5445.69	22171.8	12
6515.53	26717.33	12
7588.72	31232.24	12
8632.66	35770.35	12
9721.52	39832.86	12
1.25	1.19	12
1.5	1.37	12
1.71	1.33	12
1.9	1.52	12
2.22	1.83	12
2.83	2.48	12
3.68	3.3	12
4.49	5.07	12
6.13	9.34	12
8.78	15.46	12
14.17	25.41	12
22.83	45.24	12
39.82	81.19	12
72.43	157.52	12
141.93	303.95	12
266.45	604.94	12
531.35	1167.08	12
797.42	1711.06	12
1059.72	2264.94	12
1313.33	2852.18	12
1567.72	3297.91	12
1823.05	3874.75	12
2102.24	4410.55	12
2368.61	5041.8	12
1.42	1.29	13
1.3	1.22	13
1.57	1.68	13
2.0	2.22	13
2.77	3.03	13
3.16	5.06	13
3.94	8.48	13
5.13	13.63	13
6.08	19.47	13
7.37	26.57	13
12.33	35.3	13
18.05	50.66	13
30.86	81.5	13
55.28	128.36	13
103.2	235.24	13
198.13	443.89	13
388.56	862.69	13
762.2	1654.49	13
1101.4	2445.89	13
1467.4	3203.41	13
1835.91	4060.85	13
2145.93	4793.25	13
2523.46	5556.85	13
2967.39	6320.09	13
3291.04	7245.63	13
1.01	1.12	13
1.18	1.31	13
1.47	1.59	13
1.88	1.99	13
2.7	3.22	13
3.34	4.95	13
3.91	8.1	13
4.6	14.08	13
6.34	22.04	13
8.86	29.08	13
15.43	43.59	13
25.82	71.4	13
46.31	125.98	13
86.72	233.82	13
161.9	450.73	13
317.69	879.6	13
625.93	1735.65	13
1218.88	3422.76	13
1786.47	5080.5	13
2390.37	6677.26	13
2964.39	8309.6	13
3725.17	11736.67	13
4139.12	11682.89	13
4739.11	13181.28	13
5274.07	14814.24	13
1.11	1.05	13
1.27	1.32	13
1.54	1.54	13
2.07	1.94	13
3.04	3.05	13
3.31	4.7	13
3.99	7.95	13
3.58	12.84	13
5.81	19.45	13
7.55	26.72	13
10.12	33.94	13
17.75	52.21	13
27.04	81.97	13
48.54	124.0	13
89.21	239.34	13
174.95	439.93	13
338.7	866.15	13
658.11	1677.05	13
963.3	2450.15	13
1278.6	3180.13	13
1622.62	4040.84	13
1916.84	4817.2	13
2211.42	5562.39	13
2500.64	6369.83	13
2802.36	7238.26	13
1.12	1.16	13
1.36	1.25	13
1.5	1.57	13
1.85	2.11	13
2.5	3.01	13
3.99	4.69	13
3.91	8.71	13
4.28	13.97	13
6.11	21.75	13
8.68	28.99	13
14.66	44.46	13
23.35	70.89	13
42.31	128.57	13
78.48	231.94	13
151.02	444.08	13
299.12	874.94	13
578.75	1739.0	13
1132.91	3354.95	13
1667.53	5046.44	13
2208.65	6657.87	13
2739.68	8322.33	13
3307.76	9943.78	13
3791.13	11596.42	13
4304.23	13163.44	13
4913.83	14882.31	13
1.09	1.03	14
1.13	1.17	14
1.51	1.45	14
1.86	1.93	14
2.61	3.02	14
3.5	4.72	14
4.42	7.96	14
4.56	13.36	14
6.32	21.75	14
9.67	29.21	14
15.08	40.41	14
25.76	62.87	14
45.95	101.75	14
83.8	193.49	14
161.44	345.0	14
314.88	706.51	14
624.76	1393.86	14
1207.42	2726.19	14
1767.1	4055.79	14
2344.82	5413.12	14
2948.45	6766.37	14
3493.86	8030.99	14
4095.61	9468.53	14
4674.54	10678.34	14
5265.93	12074.29	14
1.22	0.98	14
1.3	1.15	14
1.55	1.46	14
1.85	1.97	14
2.85	2.88	14
4.11	4.65	14
4.35	8.23	14
4.56	13.04	14
6.08	20.45	14
7.69	25.54	14
11.08	38.8	14
17.91	60.9	14
30.33	109.12	14
54.22	192.94	14
101.22	384.5	14
193.76	739.09	14
384.25	1469.86	14
736.68	2848.33	14
1091.77	4208.12	14
1420.55	5642.84	14
1766.82	6962.49	14
2142.74	8378.19	14
2498.69	9839.37	14
2838.53	11215.24	14
3202.18	12558.94	14
1.12	1.11	14
1.18	1.23	14
1.39	1.41	14
1.94	1.95	14
2.84	3.06	14
3.06	4.76	14
3.36	8.1	14
4.79	13.95	14
6.73	20.69	14
9.65	28.57	14
13.31	39.41	14
24.81	62.18	14
42.76	105.23	14
79.09	186.53	14
151.66	358.82	14
293.46	693.23	14
583.69	1388.57	14
1124.5	2736.0	14
1651.65	4055.57	14
2217.2	5396.32	14
2674.06	6729.6	14
3242.21	8113.88	14
3751.98	9349.47	14
4295.09	10707.59	14
4936.88	12073.88	14
1.17	1.21	14
1.13	1.11	14
1.62	1.43	14
2.12	2.39	14
3.32	3.08	14
3.15	4.94	14
4.73	8.41	14
3.96	13.71	14
6.21	20.32	14
6.93	26.69	14
10.67	37.34	14
15.78	59.46	14
28.71	107.07	14
49.1	197.85	14
92.51	377.56	14
180.64	744.41	14
351.54	1465.04	14
666.3	2825.66	14
989.17	4252.47	14
1303.55	5626.81	14
1609.57	6970.23	14
1911.44	8399.86	14
2220.22	9827.04	14
2530.25	11148.34	14
2820.84	12530.79	14
1.12	1.13	15
1.23	1.33	15
1.44	1.45	15
1.95	2.11	15
2.36	3.21	15
3.79	4.84	15
4.37	8.1	15
4.2	14.01	15
5.81	19.98	15
8.34	27.29	15
10.54	38.94	15
17.29	62.24	15
31.05	107.73	15
52.51	201.71	15
100.94	379.3	15
193.72	741.55	15
382.72	1463.77	15
739.7	2864.86	15
1079.2	4231.43	15
1450.51	5589.55	15
1787.92	6938.75	15
2110.17	8325.9	15
2482.17	9728.66	15
2768.86	11103.04	15
3209.77	12407.59	15
1.21	0.97	15
1.24	1.29	15
1.47	1.58	15
1.77	2.04	15
2.56	3.01	15
3.5	4.98	15
4.11	8.31	15
4.81	14.08	15
6.57	21.29	15
8.92	28.86	15
14.62	39.99	15
25.83	64.11	15
43.73	111.95	15
83.47	193.63	15
160.99	385.11	15
314.06	729.82	15
625.68	1445.81	15
1205.08	2756.16	15
1782.0	4152.05	15
2348.53	5422.46	15
2960.78	6798.2	15
3577.58	8059.37	15
4082.69	9489.17	15
4622.89	10739.57	15
5328.35	12076.46	15
1.07	1.08	15
1.25	1.27	15
1.44	1.46	15
2.03	1.73	15
3.1	3.16	15
2.95	4.92	15
4.72	8.48	15
5.6	13.57	15
5.95	19.25	15
7.55	27.25	15
10.22	38.99	15
16.59	60.38	15
28.5	107.4	15
49.45	198.17	15
92.82	379.49	15
177.57	749.21	15
343.1	1462.61	15
636.42	2850.61	15
988.54	4240.06	15
1309.04	5564.66	15
1578.43	7006.49	15
1904.51	8329.15	15
2268.87	9730.59	15
2594.31	11122.12	15
2862.95	12503.99	15
1.05	1.11	15
1.21	1.26	15
1.3	1.45	15
2.0	1.92	15
2.51	3.04	15
4.2	4.86	15
4.27	8.44	15
5.52	13.67	15
6.49	21.58	15
8.57	28.86	15
14.25	38.68	15
24.08	62.83	15
42.32	103.15	15
79.25	200.79	15
148.91	386.33	15
293.63	728.57	15
582.51	1431.73	15
1105.56	2745.61	15
1668.59	4087.21	15
2199.42	5430.57	15
2736.51	6816.34	15
3233.7	8144.21	15
3722.24	9471.36	15
4295.28	10785.54	15
4813.73	12038.42	15
1.09	1.25	16
1.2	1.26	16
1.3	1.5	16
1.7	1.95	16
2.87	3.2	16
3.9	4.69	16
2.93	8.44	16
4.69	14.38	16
7.19	21.6	16
9.27	30.4	16
15.3	44.29	16
24.79	70.72	16
44.37	126.94	16
85.21	238.01	16
162.17	455.53	16
317.24	884.19	16
624.87	1735.18	16
1207.29	3383.36	16
1795.28	5026.0	16
2380.41	6739.73	16
2946.24	8278.25	16
3510.58	9933.02	16
4157.6	11511.69	16
4652.35	13294.34	16
5333.62	14769.82	16
1.21	1.16	16
1.22	1.75	16
1.59	1.53	16
1.89	2.01	16
2.46	3.18	16
2.75	4.85	16
3.68	8.19	16
4.86	13.79	16
6.79	18.59	16
8.98	25.56	16
11.58	33.19	16
17.85	48.03	16
30.4	72.77	16
55.59	121.44	16
103.03	234.37	16
196.64	437.41	16
382.47	834.03	16
746.64	1693.74	16
1100.56	2489.41	16
1444.41	3417.56	16
1811.89	4181.89	16
2209.23	4924.65	16
2568.62	5788.99	16
2933.02	6593.23	16
3300.18	7289.96	16
1.48	1.18	16
1.16	1.27	16
1.56	1.53	16
1.93	2.12	16
2.82	3.07	16
3.8	4.9	16
3.49	8.3	16
4.49	14.22	16
5.94	20.93	16
9.16	30.84	16
13.81	45.48	16
23.28	71.91	16
42.85	126.01	16
78.81	236.63	16
152.88	450.25	16
291.16	883.15	16
589.66	1733.54	16
1119.3	3360.03	16
1655.77	4994.89	16
2178.95	6659.04	16
2756.95	8256.51	16
3262.9	9872.06	16
3810.75	11570.47	16
4303.02	13250.34	16
4899.61	14882.14	16
1.02	1.65	16
1.19	1.44	16
1.72	1.64	16
2.09	2.11	16
2.67	3.32	16
3.2	4.88	16
3.5	9.43	16
4.39	13.43	16
5.8	19.31	16
7.52	26.57	16
10.37	35.52	16
16.3	50.44	16
28.09	77.8	16
49.56	123.92	16
90.35	219.85	16
173.57	443.43	16
339.21	852.18	16
651.3	1657.94	16
952.48	2494.18	16
1298.87	3336.39	16
1625.69	4144.41	16
1900.09	4893.56	16
2258.67	5694.28	16
2532.32	6486.78	16
2869.45	7324.06	16
0.95	0.99	17
1.17	1.2	17
1.55	1.34	17
2.08	2.18	17
2.7	2.5	17
2.72	2.88	17
3.02	3.25	17
3.41	3.68	17
4.1	3.75	17
4.68	4.33	17
5.7	5.11	17
8.31	7.29	17
12.15	12.35	17
21.17	18.5	17
38.37	33.03	17
69.0	56.56	17
132.05	102.68	17
258.45	193.57	17
503.62	376.4	17
1011.92	719.18	17
1925.42	1427.98	17
2946.09	2139.22	17
3811.86	2811.09	17
4800.78	3578.5	17
5658.41	4116.43	17
6666.12	4909.25	17
7453.07	5576.28	17
8619.24	6110.78	17
0.96	0.99	17
1.25	1.14	17
1.48	1.59	17
2.02	2.06	17
2.54	2.81	17
2.94	2.65	17
3.19	3.33	17
4.26	4.13	17
5.44	5.18	17
6.58	7.97	17
9.61	12.4	17
15.84	22.35	17
22.08	42.19	17
41.74	82.76	17
74.51	160.32	17
141.95	318.02	17
273.54	621.28	17
549.42	1229.38	17
1078.39	2453.06	17
2172.09	4888.38	17
4223.48	9637.05	17
6275.01	14331.83	17
8348.27	18797.74	17
10408.95	23746.24	17
12467.89	28232.91	17
14519.56	33296.21	17
16552.01	37587.49	17
18565.71	42809.7	17
1.06	1.04	17
1.12	1.12	17
1.66	1.64	17
2.2	2.11	17
3.07	2.82	17
2.98	3.01	17
2.6	3.11	17
3.66	3.69	17
3.95	4.17	17
4.69	4.58	17
6.33	5.58	17
7.61	7.8	17
12.49	11.5	17
18.71	18.28	17
33.3	30.91	17
57.81	55.42	17
104.5	104.21	17
200.63	193.82	17
389.78	370.96	17
765.02	750.9	17
1467.59	1427.73	17
2170.07	2154.23	17
2894.46	2816.66	17
3595.82	3574.72	17
4355.12	4082.22	17
5095.89	4951.21	17
5693.77	5562.73	17
6458.03	6233.02	17
1.01	1.02	17
1.14	1.17	17
1.62	2.15	17
2.16	2.04	17
2.62	2.6	17
3.14	2.94	17
2.82	3.51	17
4.29	4.31	17
5.11	5.29	17
7.59	8.08	17
9.57	12.86	17
16.25	22.49	17
24.21	43.02	17
42.68	82.75	17
74.44	160.0	17
143.68	314.04	17
282.01	619.55	17
562.66	1231.75	17
1113.07	2473.11	17
2238.83	4920.82	17
4354.9	9652.48	17
6486.74	14328.33	17
8645.69	18952.85	17
10757.16	23516.54	17
12798.55	28075.59	17
14896.13	33080.48	17
17059.32	37296.0	17
19179.84	42486.83	17
1.01	1.08	18
1.33	1.33	18
1.69	1.62	18
2.26	2.17	18
2.86	2.75	18
2.82	2.82	18
3.26	3.09	18
3.47	3.43	18
4.2	3.87	18
5.05	4.75	18
6.15	6.33	18
9.57	7.94	18
14.87	13.01	18
24.96	23.19	18
45.9	39.63	18
86.29	77.05	18
167.07	146.81	18
327.13	299.5	18
653.55	571.35	18
1272.89	1115.05	18
2502.91	2254.2	18
3696.68	3304.7	18
4891.33	4265.34	18
6266.26	5906.76	18
7419.31	6654.89	18
8653.84	7600.81	18
9736.93	8601.34	18
11023.25	9587.42	18
1.03	1.05	18
1.85	1.34	18
1.51	1.67	18
2.12	2.26	18
2.43	2.81	18
2.71	3.26	18
3.61	3.66	18
4.58	4.44	18
5.22	5.67	18
7.1	7.71	18
10.96	12.77	18
13.87	22.87	18
21.57	41.88	18
37.53	77.75	18
70.05	154.28	18
133.42	302.12	18
259.84	598.46	18
512.96	1172.63	18
1009.12	2352.34	18
2023.1	4671.8	18
3952.89	9125.4	18
5889.82	13680.07	18
7802.28	18227.23	18
9738.83	22513.03	18
11640.47	27143.77	18
13672.62	31709.25	18
15557.31	36192.66	18
17507.3	40295.05	18
1.0	0.97	18
1.21	1.22	18
1.57	1.72	18
2.09	2.15	18
2.68	2.61	18
3.19	3.45	18
3.4	3.33	18
3.75	3.26	18
4.49	3.82	18
5.36	4.47	18
6.92	5.64	18
9.23	7.86	18
13.09	13.26	18
22.63	22.89	18
41.08	41.63	18
73.92	73.28	18
140.62	146.53	18
294.23	282.42	18
556.57	556.66	18
1082.68	1148.4	18
2134.57	2161.9	18
3149.24	3231.48	18
4186.11	4313.49	18
5246.64	5480.27	18
6101.33	6414.49	18
7213.01	7499.39	18
8202.38	8509.67	18
9385.88	9643.01	18
1.09	1.0	18
1.25	1.2	18
1.69	1.6	18
2.16	2.25	18
2.75	2.8	18
2.96	2.83	18
3.7	3.61	18
4.41	4.31	18
5.4	5.38	18
7.61	7.57	18
10.22	12.85	18
14.35	22.01	18
22.87	41.42	18
41.5	81.03	18
71.75	153.59	18
139.55	302.49	18
270.55	590.54	18
537.26	1183.79	18
1059.61	2367.38	18
2109.18	4713.21	18
4140.3	9172.77	18
6157.83	13748.86	18
8138.86	17979.62	18
10198.18	22418.37	18
12221.89	26856.28	18
14206.77	31304.91	18
16243.35	35912.47	18
18304.55	41003.6	18
1.1	1.11	19
1.18	1.32	19
1.54	1.74	19
2.08	2.38	19
2.77	2.52	19
3.32	2.81	19
3.1	3.55	19
4.9	4.03	19
5.66	5.55	19
6.58	7.68	19
9.89	12.5	19
16.69	21.92	19
21.73	42.09	19
36.83	78.85	19
74.61	152.07	19
131.51	302.98	19
260.93	597.57	19
509.62	1175.33	19
1005.14	2367.72	19
2006.75	4737.72	19
3957.99	9126.62	19
5878.82	13715.79	19
7820.95	18151.73	19
9726.27	22843.85	19
11668.77	26939.7	19
13540.34	31677.34	19
15497.7	35865.26	19
17383.62	40564.56	19
1.1	1.03	19
1.51	1.35	19
1.54	1.65	19
2.29	2.28	19
2.83	2.81	19
3.27	3.16	19
2.88	3.44	19
3.42	3.38	19
3.68	4.23	19
4.23	5.0	19
6.01	5.71	19
8.56	9.0	19
14.31	12.27	19
24.96	22.42	19
46.51	42.37	19
89.15	76.73	19
164.59	147.06	19
333.47	288.95	19
647.2	565.05	19
1278.48	1114.93	19
2516.85	2205.66	19
3675.7	3250.44	19
4912.52	4409.06	19
6543.74	5483.1	19
7471.64	6962.43	19
8595.03	7583.25	19
9888.47	8728.41	19
11053.19	9801.85	19
1.07	1.15	19
1.32	1.29	19
1.55	1.59	19
2.35	2.22	19
2.63	3.57	19
3.08	2.92	19
3.45	3.04	19
3.59	4.18	19
5.53	5.51	19
6.5	8.29	19
8.8	13.02	19
14.69	22.7	19
21.3	41.43	19
40.53	79.15	19
72.42	153.47	19
139.36	302.83	19
270.71	590.82	19
529.55	1181.57	19
1052.47	2352.47	19
2110.18	4737.24	19
4130.83	9187.01	19
6165.29	13545.21	19
8191.04	18206.18	19
10161.51	22785.83	19
12053.7	26858.31	19
14196.22	31181.46	19
16175.94	36235.17	19
18223.91	40431.52	19
1.02	1.11	19
1.26	1.28	19
1.68	1.69	19
2.09	2.14	19
2.83	2.68	19
3.23	2.99	19
3.4	3.23	19
3.68	3.35	19
4.14	4.18	19
5.4	4.59	19
6.62	5.57	19
9.41	8.08	19
14.54	13.46	19
23.49	21.84	19
41.29	40.59	19
75.27	78.28	19
143.49	146.04	19
275.13	289.21	19
547.33	586.39	19
1082.85	1082.2	19
2097.58	2193.23	19
3264.71	3345.75	19
4203.93	4430.23	19
5150.99	5430.27	19
6229.94	6465.87	19
7227.2	7668.38	19
8177.79	8573.73	19
9439.11	9777.59	19
1.03	0.97	20
1.25	1.27	20
1.66	1.53	20
2.18	2.09	20
2.62	2.66	20
3.21	3.23	20
3.61	3.24	20
4.21	3.97	20
5.52	5.41	20
5.74	8.29	20
7.47	12.7	20
12.14	23.93	20
21.31	42.01	20
39.23	83.34	20
74.75	158.4	20
139.25	312.19	20
275.35	633.8	20
550.06	1234.0	20
1079.5	2444.54	20
2160.15	4915.65	20
4213.72	9521.65	20
6264.15	14307.09	20
8354.78	18698.43	20
10345.94	23781.67	20
12437.17	28458.83	20
14568.2	33130.56	20
16529.11	37477.55	20
18732.81	42425.62	20
1.03	0.91	20
1.31	1.08	20
1.69	1.52	20
2.31	2.08	20
2.84	2.59	20
3.15	2.76	20
3.05	3.42	20
3.45	3.2	20
4.04	3.4	20
4.4	4.54	20
5.71	4.95	20
7.77	7.73	20
12.11	11.5	20
21.71	18.41	20
38.68	31.49	20
70.25	54.36	20
132.07	104.16	20
262.82	194.16	20
502.74	379.9	20
1009.27	735.0	20
2006.53	1413.05	20
2893.73	2174.9	20
3832.29	2804.08	20
4811.55	3574.27	20
5704.26	4345.05	20
6817.2	4774.04	20
7639.87	5523.9	20
8661.15	6491.98	20
1.02	0.98	20
1.19	1.18	20
1.59	1.51	20
2.01	1.98	20
2.34	2.75	20
3.22	3.25	20
3.45	3.37	20
4.06	4.11	20
4.98	5.4	20
7.89	7.9	20
10.01	12.46	20
13.99	22.64	20
21.36	42.9	20
40.53	81.79	20
76.32	158.55	20
143.66	316.38	20
283.94	624.44	20
563.43	1224.42	20
1112.67	2490.38	20
2231.5	4906.73	20
4354.66	9587.27	20
6463.13	14231.14	20
8595.77	18857.31	20
10707.82	23826.85	20
12850.77	27893.08	20
14997.79	32950.77	20
17075.49	37790.46	20
19231.48	42486.71	20
0.96	0.9	20
1.18	1.32	20
1.48	1.49	20
2.12	2.05	20
2.88	2.57	20
3.21	3.07	20
3.49	3.24	20
3.44	3.4	20
4.31	3.42	20
4.41	4.43	20
5.95	6.16	20
9.42	6.47	20
13.01	11.13	20
19.34	18.8	20
33.44	32.74	20
56.79	57.75	20
107.72	102.4	20
201.38	187.15	20
395.07	372.46	20
766.13	747.21	20
1478.68	1406.41	20
2198.89	2127.73	20
2933.25	2765.41	20
3635.69	3583.05	20
4339.72	4198.6	20
5028.55	4739.09	20
5614.73	5644.59	20
6485.86	6123.52	20
0.99	1.07	21
1.06	1.11	21
1.68	1.08	21
1.08	0.95	21
0.96	1.07	21
1.11	1.9	21
1.28	1.18	21
1.42	1.39	21
1.89	2.47	21
2.15	2.06	21
2.8	2.67	21
3.88	3.71	21
6.31	5.97	21
10.92	10.32	21
19.96	18.39	21
37.9	34.27	21
74.31	64.83	21
140.94	126.39	21
275.86	242.19	21
532.51	460.22	21
781.88	692.09	21
1039.65	917.57	21
1278.73	1119.06	21
1585.71	1389.57	21
1812.88	1561.7	21
2120.28	1811.19	21
2254.3	2097.06	21
0.96	0.95	21
1.07	1.42	21
1.09	0.95	21
1.07	1.47	21
1.01	0.98	21
1.07	1.08	21
1.22	1.51	21
1.43	1.48	21
1.86	2.3	21
2.75	3.68	21
4.72	6.43	21
7.11	11.11	21
12.67	21.44	21
24.09	41.2	21
46.68	82.45	21
109.89	166.03	21
213.51	321.63	21
356.96	634.77	21
713.01	1266.22	21
1374.92	2455.87	21
2034.34	3650.71	21
2700.69	4858.02	21
3388.07	6018.12	21
4035.77	7280.21	21
4815.61	8481.06	21
5427.8	9632.77	21
6096.1	10850.22	21
0.96	0.93	21
1.07	0.84	21
1.08	1.09	21
1.25	1.17	21
1.19	0.91	21
1.48	1.23	21
1.52	1.32	21
1.48	1.47	21
1.95	1.73	21
2.18	2.0	21
3.12	2.62	21
4.11	3.77	21
6.39	5.92	21
10.59	10.1	21
18.41	18.24	21
35.15	33.44	21
64.35	64.24	21
123.38	122.8	21
244.6	241.43	21
457.8	469.27	21
707.08	686.0	21
917.23	902.2	21
1115.83	1133.47	21
1336.43	1344.66	21
1566.41	1579.23	21
1797.48	1824.9	21
1956.89	2032.45	21
1.13	0.92	21
1.17	0.98	21
1.11	1.02	21
1.06	1.07	21
1.2	0.95	21
1.22	1.14	21
1.61	1.25	21
1.61	1.73	21
2.49	2.26	21
3.28	3.71	21
4.67	6.29	21
8.94	10.99	21
16.22	21.4	21
30.68	41.07	21
48.01	82.57	21
93.17	164.15	21
197.28	319.44	21
365.02	634.57	21
723.43	1262.96	21
1461.88	2474.61	21
2152.37	3696.65	21
2790.06	4871.09	21
3465.08	6081.91	21
4167.68	7311.23	21
4806.25	8520.54	21
5540.22	9699.11	21
6278.53	10821.76	21
0.95	0.89	22
1.04	0.87	22
1.11	1.06	22
1.13	1.07	22
1.21	1.14	22
1.86	1.14	22
1.26	1.29	22
1.5	2.01	22
1.78	1.82	22
2.58	2.35	22
3.77	3.77	22
5.96	5.65	22
10.4	9.91	22
18.91	18.28	22
36.52	33.95	22
70.48	65.55	22
138.04	128.64	22
272.84	251.49	22
529.56	500.56	22
1056.26	969.87	22
1550.58	1448.19	22
2040.03	1925.7	22
2542.96	2451.49	22
3054.09	2892.71	22
3593.48	3398.32	22
4020.52	3839.12	22
4599.9	4310.04	22
1.06	0.96	22
1.08	1.06	22
1.08	1.02	22
1.14	1.04	22
1.2	1.09	22
1.26	1.27	22
1.51	1.45	22
1.67	1.69	22
2.21	2.23	22
2.88	3.47	22
3.97	6.08	22
7.3	9.78	22
13.11	18.54	22
24.32	36.11	22
48.02	68.56	22
93.32	135.13	22
213.18	272.03	22
361.97	545.43	22
841.14	1078.31	22
1656.61	2093.22	22
2084.2	3118.02	22
2873.9	4128.29	22
2851.27	5149.35	22
3450.2	6142.6	22
3947.57	7368.9	22
4471.65	8167.23	22
5503.36	9255.3	22
1.09	1.0	22
1.01	1.0	22
1.07	1.6	22
1.09	1.03	22
1.25	1.03	22
1.39	1.33	22
1.46	1.26	22
2.33	1.62	22
1.84	1.82	22
2.63	2.32	22
3.59	3.16	22
5.49	6.43	22
10.0	9.44	22
17.32	17.57	22
33.68	34.29	22
63.53	66.35	22
126.77	129.73	22
241.15	256.25	22
494.06	499.98	22
925.32	972.55	22
1485.4	1472.51	22
1829.05	1941.9	22
2361.54	2411.3	22
2726.4	2877.27	22
3360.34	3322.06	22
3640.31	3830.02	22
4085.69	4291.86	22
0.99	0.91	22
1.18	1.04	22
1.09	1.11	22
1.11	0.95	22
1.17	1.12	22
1.19	1.17	22
1.51	1.51	22
1.75	1.61	22
2.37	2.33	22
2.85	3.3	22
4.61	5.31	22
6.73	10.27	22
16.16	18.35	22
21.77	36.95	22
41.71	69.52	22
99.67	136.97	22
159.6	271.17	22
379.61	541.73	22
624.54	1078.29	22
1214.69	2084.76	22
1811.52	3131.84	22
3429.8	4145.34	22
3001.35	5143.33	22
3886.47	6196.12	22
4240.27	8018.35	22
6260.23	8222.53	22
5819.61	9333.36	22
1.09	0.95	23
1.11	1.04	23
1.08	0.96	23
1.22	0.96	23
1.15	1.19	23
1.26	1.16	23
1.51	1.32	23
1.69	1.66	23
2.07	2.21	23
2.63	3.46	23
3.81	5.5	23
6.04	9.91	23
12.95	18.5	23
24.87	35.4	23
49.29	69.99	23
76.05	136.73	23
149.21	271.5	23
360.18	541.14	23
751.96	1075.26	23
1883.91	2096.06	23
1721.31	3123.32	23
2974.64	4162.62	23
2923.64	5132.07	23
3391.04	6157.66	23
3920.48	7176.91	23
4515.69	8217.47	23
5279.36	9227.85	23
1.0	0.9	23
1.05	0.97	23
1.04	0.9	23
1.04	1.0	23
1.12	1.17	23
1.28	1.24	23
1.36	1.34	23
1.51	1.45	23
2.0	2.02	23
2.65	2.27	23
3.6	3.42	23
5.77	5.66	23
10.15	9.97	23
20.05	18.54	23
38.06	35.04	23
71.01	66.39	23
140.56	129.41	23
268.91	258.57	23
536.03	505.09	23
1050.94	980.68	23
1552.31	1460.64	23
2051.1	1931.39	23
2606.76	2406.74	23
3065.58	2904.15	23
3652.74	3392.6	23
4135.32	3876.93	23
4641.92	4331.39	23
1.08	0.93	23
1.12	1.03	23
1.05	1.09	23
1.05	1.14	23
1.28	1.39	23
1.17	1.14	23
1.42	1.22	23
1.88	1.59	23
2.24	2.36	23
3.37	3.2	23
4.14	5.64	23
8.96	9.97	23
14.26	18.04	23
21.43	35.01	23
59.61	69.77	23
98.2	136.58	23
159.04	271.88	23
381.55	538.86	23
630.79	1074.71	23
1258.86	2088.26	23
2242.25	3131.19	23
2469.73	4152.97	23
3101.37	5145.06	23
3604.51	6184.48	23
4198.15	7211.48	23
4785.4	8258.58	23
5409.77	9223.69	23
1.01	0.96	23
1.13	1.03	23
1.08	1.08	23
1.07	1.06	23
1.03	0.94	23
1.24	1.19	23
1.42	1.37	23
1.74	1.35	23
2.02	1.74	23
2.7	2.43	23
3.67	3.28	23
5.41	5.21	23
9.79	10.03	23
17.58	18.81	23
37.11	34.67	23
66.75	66.61	23
126.58	132.04	23
257.57	253.79	23
492.6	508.91	23
964.95	977.92	23
1390.03	1461.03	23
1888.23	1936.59	23
2321.91	2422.27	23
2729.88	2918.66	23
3236.87	3363.16	23
3713.89	3880.68	23
4091.23	4290.47	23
0.93	0.98	24
0.93	0.97	24
0.95	0.96	24
0.97	1.01	24
0.99	1.01	24
1.06	1.01	24
1.2	1.45	24
1.43	1.61	24
2.14	2.78	24
3.08	3.64	24
5.33	6.37	24
8.08	11.14	24
14.97	21.11	24
28.5	42.56	24
46.58	86.54	24
91.85	161.45	24
178.48	318.28	24
447.73	633.8	24
746.58	1263.08	24
1376.25	2447.17	24
2043.03	3655.43	24
2718.42	4867.98	24
3395.88	6049.56	24
4069.57	7221.85	24
4730.03	8414.92	24
5397.01	9743.92	24
6101.71	10954.02	24
0.97	0.93	24
1.08	0.98	24
0.87	0.91	24
1.08	1.06	24
1.14	1.24	24
1.2	1.13	24
1.33	1.31	24
1.5	1.36	24
1.8	1.62	24
2.09	1.96	24
2.74	2.48	24
3.9	3.57	24
6.2	5.75	24
11.01	10.18	24
19.72	18.05	24
37.9	34.26	24
67.36	65.58	24
138.67	121.78	24
266.42	240.19	24
529.55	472.88	24
789.19	707.14	24
1049.84	914.66	24
1295.15	1167.88	24
1556.36	1385.95	24
1753.76	1574.75	24
2039.04	1836.14	24
2311.66	2064.81	24
0.91	0.84	24
1.08	0.99	24
0.99	0.93	24
1.12	0.92	24
1.04	0.94	24
1.1	1.03	24
1.27	1.29	24
1.73	1.4	24
2.13	2.18	24
3.33	3.39	24
4.34	5.96	24
7.47	11.11	24
12.89	21.86	24
30.61	41.96	24
47.7	82.14	24
117.03	161.72	24
182.94	319.49	24
381.54	638.36	24
717.87	1270.62	24
1428.43	2468.97	24
2068.95	3674.63	24
2898.9	4820.64	24
4344.15	6067.11	24
4172.65	7220.8	24
4846.6	8551.6	24
5532.04	9629.49	24
6224.52	10819.72	24
1.0	1.01	24
0.9	0.97	24
1.07	0.93	24
1.07	0.96	24
1.14	1.07	24
1.2	1.05	24
1.45	1.18	24
1.49	1.41	24
1.9	1.76	24
2.33	2.05	24
2.61	2.64	24
4.18	3.63	24
5.95	5.87	24
10.99	9.95	24
19.09	18.43	24
34.41	33.45	24
64.1	65.32	24
124.4	123.27	24
243.33	238.64	24
466.32	459.75	24
702.28	691.93	24
930.74	935.12	24
1111.69	1152.57	24
1342.41	1374.96	24
1565.6	1593.13	24
1782.65	1803.36	24
1985.9	2072.4	24
1.75	1.89	25
2.34	2.38	25
2.61	2.98	25
2.82	3.55	25
3.79	3.23	25
2.99	3.52	25
3.72	3.26	25
4.0	4.12	25
4.89	4.58	25
6.32	5.5	25
8.94	7.24	25
14.78	11.26	25
25.8	18.39	25
47.81	33.37	25
89.66	59.83	25
171.85	116.07	25
340.12	220.8	25
670.84	429.45	25
1296.46	845.9	25
1721.51	1260.15	25
2565.45	1688.16	25
3157.2	2065.91	25
3432.94	2452.46	25
4495.23	2863.36	25
5062.8	3245.99	25
5731.75	3682.12	25
1.7	1.88	25
2.17	2.54	25
2.94	3.26	25
3.58	3.97	25
3.88	3.88	25
4.18	4.46	25
4.33	4.92	25
5.16	5.87	25
6.91	7.85	25
9.85	11.8	25
16.39	19.83	25
25.43	36.95	25
37.3	68.35	25
70.38	132.27	25
134.33	257.31	25
254.87	508.17	25
508.48	1009.55	25
994.15	2017.69	25
2609.95	3930.05	25
2853.61	5870.92	25
3808.34	7704.2	25
8113.49	9706.55	25
5705.03	11687.06	25
6620.05	13457.58	25
7566.88	15333.9	25
8591.37	17340.86	25
1.77	1.92	25
2.12	2.06	25
3.06	3.0	25
3.23	3.2	25
3.59	3.56	25
4.16	3.32	25
3.54	3.08	25
4.39	3.63	25
4.71	4.91	25
6.89	5.84	25
9.02	8.15	25
14.89	11.54	25
25.08	18.43	25
44.8	32.07	25
83.76	60.27	25
163.22	115.1	25
284.16	223.01	25
555.39	449.53	25
1083.55	836.33	25
1775.96	1245.31	25
2358.89	1674.15	25
2940.22	2077.03	25
3515.41	2463.65	25
4125.53	2912.18	25
4686.78	3344.91	25
5181.67	3668.77	25
1.84	1.55	25
2.14	2.62	25
3.01	3.38	25
3.69	3.71	25
3.85	4.01	25
4.2	4.13	25
4.93	5.08	25
5.72	5.67	25
9.08	8.01	25
11.14	11.72	25
14.38	20.13	25
21.36	35.58	25
36.59	68.14	25
90.52	130.2	25
132.33	258.34	25
254.48	503.66	25
508.75	1012.94	25
985.01	2022.02	25
1945.22	3928.22	25
2896.97	5830.97	25
3775.68	7701.07	25
4751.62	9658.78	25
5663.56	11578.99	25
6631.63	13445.1	25
12752.2	15438.79	25
8538.58	17292.81	25
1.65	1.9	26
2.28	2.31	26
2.8	3.14	26
3.79	3.75	26
3.82	3.86	26
3.81	3.92	26
4.11	4.39	26
4.58	4.73	26
5.8	5.55	26
6.73	7.29	26
11.66	10.22	26
19.21	15.55	26
34.0	27.48	26
64.35	50.79	26
121.79	95.32	26
236.87	181.47	26
470.87	359.8	26
929.35	715.44	26
1780.27	1398.04	26
2692.44	2039.17	26
3555.98	2742.04	26
4497.93	3404.81	26
5302.03	4076.32	26
6192.85	4711.19	26
6998.26	5420.99	26
7916.96	6038.25	26
1.66	1.78	26
2.09	2.12	26
2.69	2.82	26
3.48	3.27	26
3.32	3.68	26
3.68	3.62	26
3.69	4.2	26
5.19	5.56	26
4.57	7.41	26
8.16	10.96	26
11.15	17.57	26
18.05	32.06	26
29.56	61.07	26
77.41	118.71	26
107.34	230.37	26
201.12	455.25	26
399.65	902.02	26
787.06	1800.64	26
1552.08	3496.63	26
2319.74	5230.61	26
4361.99	6917.8	26
3840.57	8653.64	26
4616.81	10281.27	26
5364.84	12126.65	26
6155.36	13828.35	26
6949.75	15437.9	26
1.51	1.88	26
2.36	2.34	26
3.0	3.08	26
3.81	3.84	26
3.84	4.15	26
4.1	4.08	26
4.56	4.82	26
5.14	5.38	26
5.71	5.27	26
8.02	7.81	26
11.36	10.23	26
18.88	16.03	26
33.21	26.48	26
62.49	50.6	26
117.02	92.8	26
225.2	181.7	26
435.34	360.0	26
886.76	707.37	26
1770.58	1451.58	26
2503.08	2200.48	26
3307.3	2701.29	26
4177.64	3415.97	26
4965.08	4089.7	26
5753.68	4739.72	26
6528.42	5400.62	26
7330.88	6113.49	26
1.76	1.72	26
2.33	2.37	26
2.78	3.01	26
3.84	3.53	26
3.43	2.9	26
4.19	3.67	26
4.76	4.35	26
4.64	5.06	26
6.34	6.87	26
7.37	10.69	26
11.0	17.75	26
21.39	31.84	26
32.14	61.38	26
56.63	118.65	26
105.47	228.42	26
204.55	458.47	26
400.45	905.27	26
787.07	1812.36	26
2219.42	3508.14	26
2340.82	5233.32	26
3120.74	6922.41	26
3925.82	8659.97	26
4646.78	10367.19	26
5450.7	12092.84	26
8709.33	13781.56	26
7093.28	15353.26	26
1.67	1.73	27
2.47	2.46	27
2.37	2.94	27
3.39	3.24	27
3.51	3.78	27
3.76	3.76	27
4.01	3.9	27
5.54	4.97	27
6.98	6.92	27
8.36	10.57	27
11.9	18.62	27
18.3	31.86	27
32.27	60.68	27
57.19	117.96	27
108.11	230.9	27
210.24	453.31	27
410.96	907.37	27
808.43	1806.99	27
1585.99	3512.76	27
2362.01	5201.73	27
3106.78	6939.5	27
5460.71	8661.81	27
6579.77	10420.1	27
9877.56	12086.08	27
6143.69	13902.21	27
9797.43	15570.63	27
1.78	1.58	27
2.18	2.2	27
3.08	3.09	27
3.66	3.78	27
3.98	3.87	27
3.93	4.13	27
4.2	4.28	27
4.81	4.88	27
5.61	5.62	27
7.27	7.12	27
11.88	10.35	27
18.46	16.11	27
33.66	27.35	27
64.45	50.31	27
121.89	97.55	27
234.83	184.05	27
461.98	358.91	27
920.3	707.27	27
1788.93	1357.2	27
2704.99	2074.7	27
3605.25	2772.11	27
4475.4	3359.76	27
5296.02	4039.33	27
6079.29	4749.3	27
7056.55	5367.55	27
7351.9	6080.54	27
1.76	1.69	27
2.28	2.15	27
2.98	3.12	27
3.21	3.21	27
3.57	3.15	27
4.05	3.8	27
4.38	4.67	27
5.27	5.49	27
6.51	7.23	27
7.66	10.83	27
10.39	17.82	27
21.73	32.13	27
31.99	60.54	27
60.66	117.4	27
110.36	230.24	27
213.96	456.57	27
581.13	908.86	27
825.52	1810.28	27
1608.8	3500.55	27
2373.77	5226.69	27
3208.33	6934.66	27
4004.98	8624.8	27
4766.91	10316.88	27
7763.32	12065.75	27
6281.28	13767.86	27
7114.1	15465.21	27
1.74	1.83	27
2.26	2.28	27
3.14	3.13	27
3.76	3.79	27
4.05	3.96	27
4.33	4.11	27
4.49	4.24	27
5.08	4.7	27
5.57	5.48	27
7.3	6.95	27
12.68	10.19	27
19.51	16.95	27
32.9	27.01	27
60.78	51.85	27
116.86	95.5	27
224.65	186.57	27
438.63	364.21	27
869.92	722.16	27
1685.61	1379.04	27
2564.23	2051.34	27
3286.75	2696.75	27
3878.38	3405.67	27
4645.97	4070.35	27
5472.96	4797.15	27
6485.68	5424.44	27
7489.13	6139.74	27
1.55	1.74	28
2.31	2.18	28
2.96	3.2	28
3.52	4.09	28
4.17	4.65	28
4.88	4.29	28
4.64	5.4	28
5.88	5.85	28
7.34	7.93	28
10.88	11.96	28
11.99	20.38	28
26.63	37.03	28
38.7	69.16	28
69.17	130.2	28
132.21	259.41	28
255.77	507.22	28
506.13	1007.84	28
999.4	2013.5	28
1926.53	3900.73	28
2875.01	5817.91	28
3841.76	7771.69	28
4760.67	9676.51	28
7643.34	11584.76	28
6594.3	13516.14	28
7539.65	15313.64	28
8524.37	17209.75	28
1.72	1.82	28
2.29	2.21	28
2.81	2.99	28
3.37	3.23	28
4.03	3.3	28
4.17	3.15	28
3.88	3.1	28
4.21	3.85	28
4.99	4.16	28
6.39	5.66	28
8.27	8.0	28
13.74	11.76	28
26.19	18.75	28
42.08	33.64	28
89.87	61.98	28
173.97	113.03	28
335.28	220.17	28
675.31	436.61	28
1276.89	851.29	28
1958.84	1252.92	28
2549.11	1634.84	28
3218.66	2042.9	28
3372.53	2419.64	28
4394.61	2847.43	28
5078.61	3291.2	28
5643.65	3644.82	28
1.78	1.64	28
3.08	2.21	28
2.86	3.17	28
3.69	3.62	28
3.99	3.97	28
4.03	4.82	28
5.29	5.34	28
6.04	6.2	28
6.98	7.94	28
9.88	11.85	28
16.27	20.46	28
22.42	35.97	28
38.43	68.53	28
70.24	131.4	28
133.65	256.81	28
338.08	508.8	28
500.02	1018.02	28
999.61	2009.11	28
1938.44	3938.5	28
2848.67	5833.13	28
3836.72	7710.36	28
4697.76	9656.14	28
5706.56	11501.93	28
6599.25	13429.21	28
7499.63	15518.79	28
8361.33	17321.29	28
1.63	1.74	28
2.33	2.23	28
3.02	2.85	28
3.35	3.29	28
3.42	3.38	28
3.65	3.13	28
3.7	4.2	28
3.63	3.83	28
5.17	4.61	28
6.87	5.73	28
8.71	7.25	28
15.61	12.11	28
25.16	18.72	28
45.77	33.32	28
83.79	59.69	28
162.43	114.07	28
290.71	221.26	28
620.07	441.55	28
1193.69	844.76	28
1775.47	1243.09	28
2364.75	1630.59	28
2960.0	2051.25	28
3539.75	2414.54	28
4077.84	2892.93	28
4246.9	3307.74	28
4838.66	3610.5	28
0.75	0.8	29
1.01	0.89	29
1.28	1.1	29
1.44	1.57	29
2.16	2.31	29
2.64	2.69	29
2.89	3.01	29
3.17	3.01	29
3.28	3.17	29
3.04	3.56	29
3.88	3.53	29
4.42	4.28	29
5.11	5.31	29
7.24	7.17	29
10.75	10.79	29
17.62	16.82	29
36.03	30.39	29
66.3	56.25	29
108.71	105.49	29
279.64	205.18	29
480.51	408.53	29
773.83	789.07	29
1371.68	1125.58	29
1552.12	1520.23	29
2279.39	1935.21	29
2756.55	2309.23	29
2652.72	2649.01	29
3066.57	3017.39	29
3511.32	3438.71	29
0.87	0.94	29
0.96	0.99	29
1.28	1.29	29
1.56	1.66	29
2.11	2.2	29
2.69	2.72	29
3.11	3.04	29
3.11	3.4	29
3.43	3.18	29
3.77	4.51	29
4.33	4.77	29
5.71	6.33	29
9.97	10.08	29
14.23	17.09	29
31.83	30.9	29
59.22	59.55	29
98.92	114.32	29
226.25	225.26	29
379.29	441.38	29
881.67	876.0	29
928.91	1741.23	29
2903.81	3376.51	29
4206.55	4972.44	29
5533.0	6513.19	29
8082.81	8073.09	29
9681.94	9690.92	29
11252.93	11250.02	29
10820.8	12672.34	29
14370.48	14302.84	29
0.88	0.82	29
0.97	0.98	29
1.13	1.21	29
1.53	1.45	29
2.13	2.17	29
2.63	2.72	29
3.02	3.07	29
3.14	2.99	29
3.56	3.36	29
3.83	3.44	29
3.91	3.87	29
5.05	4.63	29
6.12	5.5	29
9.26	6.58	29
12.41	10.55	29
19.48	17.58	29
33.37	29.39	29
73.0	55.75	29
109.51	106.96	29
207.43	204.22	29
407.82	397.0	29
916.17	782.68	29
1176.59	1150.41	29
1580.05	1522.89	29
1928.67	1875.89	29
2330.83	2307.05	29
2672.44	2683.49	29
3571.51	3040.28	29
3974.54	3375.18	29
0.87	0.76	29
1.0	0.87	29
1.34	1.17	29
1.83	1.51	29
2.36	2.14	29
2.71	2.58	29
2.65	3.0	29
3.45	3.02	29
3.31	3.53	29
3.87	3.82	29
4.84	4.5	29
7.29	6.48	29
10.74	10.14	29
18.46	16.71	29
32.11	30.93	29
59.2	57.66	29
114.68	110.25	29
189.18	220.29	29
298.8	436.29	29
862.95	859.62	29
922.92	1697.5	29
2795.16	3330.87	29
4894.75	4887.38	29
5460.92	6457.5	29
6779.01	9083.81	29
6721.23	9635.83	29
9512.09	11204.08	29
10831.43	12686.03	29
14321.0	14397.59	29
0.97	0.97	30
1.21	1.09	30
1.35	1.33	30
1.57	1.64	30
2.11	2.23	30
2.82	2.64	30
3.04	3.28	30
2.96	3.27	30
3.15	3.26	30
3.36	3.25	30
3.6	4.11	30
4.63	4.84	30
6.72	6.42	30
9.11	8.94	30
14.95	14.58	30
25.97	25.8	30
48.43	48.4	30
98.75	90.82	30
175.9	173.73	30
342.19	341.45	30
682.35	680.14	30
1580.59	1310.6	30
1955.04	1939.5	30
2620.15	2617.32	30
3884.09	3231.82	30
3947.58	3885.49	30
5067.18	4497.36	30
5275.45	5185.96	30
5921.94	5764.86	30
0.92	0.97	30
1.03	1.08	30
1.24	1.32	30
1.7	1.79	30
2.2	2.02	30
2.68	2.59	30
3.05	3.18	30
3.48	3.38	30
3.34	3.49	30
3.95	4.3	30
4.7	4.75	30
6.03	6.05	30
7.95	9.46	30
12.86	14.62	30
19.22	25.95	30
41.13	48.92	30
93.12	93.33	30
154.49	181.28	30
363.28	358.73	30
595.02	713.4	30
1431.18	1418.03	30
2766.99	2773.07	30
3429.6	4100.09	30
2761.48	5458.4	30
3469.09	6784.72	30
6842.74	8140.3	30
9499.33	9472.18	30
10853.59	10836.76	30
10179.16	12213.92	30
0.94	1.11	30
1.11	1.16	30
1.29	1.28	30
1.59	1.65	30
2.07	2.14	30
2.99	2.68	30
3.01	3.01	30
3.38	3.34	30
3.11	3.09	30
3.98	3.75	30
4.23	4.13	30
5.16	4.7	30
6.49	6.3	30
10.45	8.64	30
15.75	14.14	30
27.96	25.1	30
48.29	46.97	30
92.8	90.13	30
189.45	174.81	30
394.85	343.69	30
694.27	676.04	30
1447.12	1310.16	30
1972.18	1953.91	30
2627.74	2578.27	30
3498.89	3272.84	30
4183.18	3915.63	30
4534.14	4544.39	30
5177.01	5181.26	30
6276.97	5790.0	30
0.87	0.89	30
0.97	1.02	30
1.19	1.27	30
1.73	1.67	30
2.33	2.34	30
2.46	2.81	30
2.84	3.22	30
3.38	3.22	30
3.54	2.99	30
4.07	3.83	30
4.55	4.86	30
5.66	5.87	30
9.3	9.07	30
13.92	14.66	30
21.02	26.0	30
43.42	48.64	30
93.39	92.09	30
154.0	181.35	30
362.66	360.09	30
484.29	716.41	30
1417.72	1413.73	30
2323.96	2764.01	30
3451.71	4103.46	30
4581.0	5457.21	30
3567.12	6815.56	30
5561.02	8134.18	30
9502.59	9488.31	30
9040.63	10813.03	30
6359.09	12148.47	30
0.87	0.99	31
1.01	1.19	31
1.96	1.43	31
1.73	2.52	31
2.04	2.35	31
2.66	2.71	31
2.67	3.03	31
3.25	3.22	31
3.38	3.76	31
3.82	4.17	31
4.85	4.57	31
6.39	6.58	31
9.1	9.0	31
14.83	14.82	31
22.88	26.04	31
42.02	48.05	31
77.96	94.08	31
152.43	181.63	31
300.82	359.04	31
479.87	712.64	31
1188.81	1410.0	31
1851.61	2757.9	31
4113.66	4107.88	31
5459.11	5427.68	31
5695.65	6771.03	31
5449.45	8140.39	31
9482.28	9481.15	31
10844.85	10856.95	31
10197.6	12205.21	31
1.03	0.97	31
1.07	1.25	31
1.25	1.3	31
1.55	1.64	31
2.05	2.22	31
2.77	2.66	31
2.96	3.2	31
3.52	3.17	31
3.11	3.51	31
3.35	3.53	31
5.01	4.39	31
4.74	4.55	31
6.63	6.38	31
9.96	8.96	31
15.55	14.95	31
28.66	25.61	31
56.17	48.75	31
89.88	91.87	31
193.93	176.46	31
348.53	342.13	31
747.74	686.85	31
1559.39	1314.42	31
2352.56	1963.32	31
2862.05	2611.77	31
3914.48	3263.34	31
3941.47	3930.98	31
4972.79	4567.17	31
5733.25	5223.09	31
6409.3	5826.47	31
0.97	0.97	31
1.08	1.09	31
1.25	1.85	31
1.51	1.69	31
2.23	2.27	31
2.97	2.63	31
2.66	3.51	31
3.06	3.47	31
3.67	3.58	31
4.47	3.96	31
5.2	4.68	31
6.08	5.85	31
9.7	9.79	31
15.41	14.44	31
27.32	26.01	31
44.72	47.87	31
64.41	92.59	31
182.35	180.58	31
304.76	359.2	31
595.67	710.89	31
1191.88	1403.5	31
2773.19	2756.31	31
4118.22	4109.36	31
4578.82	5440.95	31
5672.98	6774.93	31
4244.31	8112.74	31
6457.95	9468.23	31
10887.17	10830.09	31
10148.05	12189.06	31
0.93	1.03	31
1.17	1.23	31
1.8	1.35	31
1.71	1.81	31
2.32	2.21	31
2.72	2.72	31
3.57	3.32	31
3.03	3.27	31
3.27	3.59	31
3.61	3.43	31
4.75	4.77	31
4.96	5.31	31
6.72	6.46	31
10.6	9.07	31
16.71	14.64	31
31.17	25.99	31
54.75	48.2	31
99.88	90.4	31
202.34	178.45	31
419.36	342.85	31
735.26	677.63	31
1534.51	1298.75	31
2270.44	1961.89	31
2832.83	2610.42	31
3798.89	3255.13	31
4240.73	3895.5	31
5335.2	4505.16	31
5897.24	5227.85	31
6229.79	5827.31	31
0.91	1.08	32
1.05	1.15	32
1.66	1.43	32
1.57	1.54	32
2.17	2.23	32
2.63	2.82	32
2.9	3.13	32
3.38	3.03	32
3.47	3.57	32
4.16	4.25	32
4.67	4.86	32
6.91	6.63	32
9.52	10.29	32
17.54	17.71	32
28.22	31.81	32
52.94	59.68	32
117.3	115.73	32
193.08	229.47	32
384.36	446.38	32
473.33	854.48	32
1178.5	1658.89	32
2268.69	3223.0	32
4809.23	4774.72	32
5381.86	6350.68	32
7909.6	7905.33	32
5263.48	9474.87	32
9410.77	10996.7	32
12629.14	12577.15	32
12039.18	14181.88	32
0.85	0.99	32
0.97	1.08	32
1.25	1.33	32
1.56	1.64	32
2.1	2.31	32
2.64	2.51	32
3.18	3.19	32
3.04	2.8	32
3.35	3.17	32
3.75	3.53	32
4.01	3.86	32
4.26	4.38	32
5.45	5.39	32
7.88	7.26	32
10.69	10.49	32
20.04	17.55	32
36.13	30.5	32
65.7	57.44	32
108.54	107.19	32
208.83	209.57	32
406.26	399.51	32
944.49	793.89	32
1388.01	1172.12	32
1818.42	1515.77	32
1953.13	1908.43	32
2280.12	2304.83	32
2731.98	2662.35	32
3021.39	3031.86	32
3433.89	3372.59	32
0.93	0.92	32
1.04	1.14	32
1.09	1.3	32
1.53	1.6	32
2.18	2.09	32
2.74	2.95	32
3.09	3.4	32
2.7	3.49	32
3.58	3.54	32
3.5	4.06	32
4.7	4.83	32
6.72	6.4	32
9.71	9.76	32
12.22	16.02	32
25.75	29.06	32
57.25	55.47	32
93.54	106.76	32
182.34	211.32	32
353.65	413.98	32
584.05	819.89	32
1649.93	1637.03	32
2725.95	3205.01	32
3321.3	4763.79	32
5373.19	6308.74	32
6752.9	7871.6	32
8061.59	9424.96	32
7704.88	11016.33	32
12585.89	12518.82	32
11928.53	14112.91	32
0.98	0.97	32
1.08	1.13	32
1.72	1.35	32
2.03	1.67	32
2.09	2.68	32
2.92	3.04	32
2.73	3.62	32
3.21	3.13	32
3.56	3.83	32
3.57	3.83	32
4.32	4.19	32
5.04	4.68	32
6.16	5.51	32
9.1	6.73	32
12.44	10.21	32
20.11	16.71	32
32.94	30.17	32
59.31	56.91	32
125.54	107.0	32
211.16	206.91	32
413.46	402.88	32
793.41	788.58	32
1160.97	1161.38	32
1558.79	1515.12	32
2259.88	1891.4	32
2669.93	2310.47	32
2705.72	2633.93	32
4026.7	3020.14	32
3462.42	3414.89	32
1.14	1.29	33
1.4	1.3	33
1.24	1.43	33
1.31	1.33	33
1.66	1.46	33
1.48	1.48	33
1.61	1.63	33
1.49	1.79	33
1.95	2.04	33
2.77	2.29	33
3.53	3.34	33
4.99	4.86	33
7.86	7.65	33
13.65	13.37	33
25.32	24.94	33
52.21	46.3	33
89.95	91.54	33
173.77	173.37	33
347.09	337.31	33
662.24	662.28	33
1091.41	982.79	33
1305.66	1320.45	33
1639.47	1615.37	33
1964.65	1925.97	33
2251.45	2275.04	33
2846.87	2590.0	33
2948.52	2877.45	33
0.99	1.2	33
1.25	1.29	33
1.13	1.15	33
1.57	1.46	33
1.41	1.5	33
1.53	1.82	33
1.6	1.78	33
2.14	2.15	33
2.68	2.68	33
4.28	4.87	33
6.27	6.82	33
12.57	12.22	33
18.82	23.65	33
45.87	45.56	33
79.77	89.56	33
177.48	175.18	33
348.34	350.11	33
692.01	694.54	33
1395.92	1371.23	33
2686.18	2695.3	33
4026.21	3999.47	33
5348.89	5288.4	33
6623.15	6614.54	33
7959.45	7920.41	33
9230.99	9221.21	33
10600.58	10496.7	33
11840.92	11877.71	33
1.12	1.33	33
1.35	1.23	33
1.27	1.29	33
1.33	1.46	33
1.48	1.59	33
1.77	1.58	33
1.66	1.77	33
2.06	1.81	33
2.33	2.33	33
2.82	2.5	33
4.09	3.3	33
6.06	4.73	33
9.26	7.84	33
15.31	13.19	33
26.79	24.61	33
48.86	46.48	33
92.8	88.5	33
175.91	175.65	33
349.15	339.18	33
663.69	663.33	33
1003.95	980.6	33
1311.92	1283.87	33
1658.42	1589.31	33
1955.08	1932.16	33
2289.72	2275.98	33
2639.45	2549.81	33
2929.75	2897.85	33
1.03	1.2	33
1.2	1.4	33
1.53	1.34	33
1.48	1.59	33
1.48	1.6	33
1.42	1.58	33
1.93	1.87	33
2.18	2.11	33
2.89	2.97	33
4.66	4.16	33
7.58	7.28	33
13.74	12.25	33
25.07	23.45	33
47.05	45.56	33
91.56	89.15	33
177.04	177.36	33
350.21	347.62	33
697.83	688.9	33
1388.4	1375.18	33
2401.16	2694.83	33
3998.57	4003.3	33
5315.75	5331.09	33
6613.01	6595.64	33
7878.09	7977.05	33
9325.44	9253.42	33
9434.06	10554.2	33
10566.39	11880.56	33
1.1	1.25	34
1.34	1.31	34
1.44	1.41	34
1.39	1.6	34
1.46	1.59	34
1.61	2.23	34
1.91	1.82	34
1.84	2.11	34
2.41	2.51	34
3.04	3.39	34
4.82	4.29	34
7.7	7.11	34
12.36	12.21	34
23.66	22.52	34
42.71	42.0	34
83.49	80.63	34
158.34	158.91	34
313.64	309.16	34
622.49	606.66	34
1256.27	1199.4	34
1787.91	1772.0	34
2391.76	2383.72	34
3285.95	2924.68	34
3528.37	3528.63	34
4548.22	4060.11	34
4668.99	4588.28	34
5321.25	5289.48	34
1.21	1.33	34
1.32	1.54	34
1.96	1.47	34
1.55	1.71	34
1.55	1.46	34
1.75	2.24	34
1.67	1.95	34
2.17	2.27	34
2.86	2.9	34
3.5	3.99	34
6.46	6.0	34
10.99	10.85	34
20.24	20.57	34
37.36	37.68	34
72.89	73.26	34
144.27	145.15	34
286.08	285.09	34
569.97	573.61	34
1138.43	1134.54	34
2228.55	2214.09	34
3290.79	3292.19	34
4380.34	4377.72	34
5458.31	5455.72	34
6524.94	6530.17	34
7630.05	7605.69	34
8702.87	8696.3	34
9776.13	9766.96	34
1.1	1.32	34
1.38	1.32	34
1.41	1.39	34
1.39	1.65	34
1.59	1.67	34
1.76	1.77	34
1.83	1.9	34
2.06	2.07	34
2.46	2.37	34
3.49	2.99	34
5.09	5.44	34
7.79	6.77	34
13.49	12.03	34
23.47	22.9	34
44.76	42.47	34
82.04	80.74	34
163.46	156.2	34
310.33	311.46	34
622.19	614.49	34
1266.71	1197.22	34
1805.79	1775.55	34
2466.41	2329.13	34
2994.55	2956.99	34
3549.9	3519.96	34
4371.49	4098.92	34
4745.02	4637.36	34
5354.45	5255.12	34
1.26	1.34	34
1.32	1.39	34
1.36	1.51	34
1.22	1.41	34
1.4	1.53	34
1.41	1.75	34
2.04	1.85	34
2.26	2.19	34
2.91	3.48	34
4.22	4.08	34
6.15	6.28	34
11.68	10.56	34
20.91	19.46	34
39.21	37.5	34
74.97	73.0	34
145.27	145.0	34
285.96	285.96	34
573.97	568.9	34
1137.82	1135.99	34
2217.72	2215.63	34
3297.51	3295.68	34
4380.06	4360.97	34
5460.18	5437.37	34
5842.67	6528.3	34
7614.19	7621.12	34
8702.0	8675.47	34
9766.86	9768.93	34
1.25	1.42	35
1.29	1.37	35
1.28	1.35	35
1.47	1.41	35
1.53	1.52	35
1.53	1.58	35
1.68	1.81	35
2.08	2.26	35
2.82	2.68	35
3.94	4.13	35
6.22	6.34	35
11.61	10.99	35
20.12	19.86	35
37.42	36.88	35
73.61	72.27	35
144.59	143.2	35
284.46	283.65	35
568.42	567.46	35
1133.56	1132.47	35
1964.17	2208.78	35
3289.13	3293.96	35
4369.15	4367.78	35
4860.01	5442.52	35
6534.53	6535.07	35
7627.66	7599.57	35
8702.81	8673.11	35
9771.53	9764.87	35
1.22	1.14	35
1.39	1.36	35
1.3	1.43	35
1.42	1.49	35
1.64	2.11	35
1.58	1.74	35
1.88	1.86	35
2.03	2.06	35
2.58	2.45	35
3.27	2.77	35
4.84	4.61	35
7.0	6.84	35
12.17	12.13	35
22.12	22.01	35
43.37	42.31	35
82.2	82.93	35
157.34	159.77	35
311.17	309.5	35
619.27	611.56	35
1196.71	1187.34	35
1795.06	1772.36	35
2370.53	2368.95	35
2979.37	2906.76	35
3504.51	3532.73	35
4085.5	4077.38	35
4662.53	5012.21	35
5504.85	5174.55	35
1.25	1.42	35
1.39	1.47	35
1.39	1.48	35
1.47	1.59	35
1.41	1.53	35
1.53	1.66	35
1.78	1.96	35
2.26	2.12	35
2.75	2.85	35
4.42	3.82	35
6.92	6.11	35
11.9	10.54	35
18.73	19.4	35
38.15	37.39	35
75.0	72.7	35
130.23	143.4	35
285.11	286.26	35
566.68	566.76	35
1136.75	1137.12	35
2212.77	2209.34	35
3297.82	3291.5	35
3911.53	4378.47	35
5470.5	5434.88	35
5846.28	6536.47	35
7612.85	7607.61	35
8701.7	8696.29	35
9780.75	9761.55	35
1.04	1.51	35
1.21	1.33	35
1.45	1.42	35
1.44	1.5	35
1.46	1.53	35
1.58	1.88	35
1.85	2.04	35
2.02	2.01	35
2.6	2.64	35
3.46	3.3	35
4.95	4.45	35
8.07	6.98	35
13.12	12.13	35
23.35	22.36	35
45.1	42.97	35
82.64	80.86	35
162.67	156.37	35
315.63	308.79	35
624.37	608.98	35
1215.86	1187.1	35
1788.4	1774.52	35
2394.41	2366.62	35
2990.73	2900.13	35
3678.43	3523.21	35
4099.46	4051.3	35
4699.59	4646.62	35
5347.83	5235.88	35
1.06	0.97	36
1.28	1.35	36
1.34	1.18	36
1.35	1.37	36
1.44	1.35	36
1.54	1.46	36
1.6	1.58	36
2.21	2.24	36
2.69	2.79	36
4.12	4.17	36
6.29	6.76	36
12.93	12.51	36
21.13	23.91	36
46.02	45.42	36
90.13	88.47	36
176.14	179.04	36
348.28	348.7	36
693.72	695.2	36
1386.25	1377.31	36
2675.24	2682.87	36
4008.82	3999.99	36
5325.29	5293.06	36
6627.83	6578.29	36
7004.72	7962.3	36
9277.01	9192.32	36
10544.51	10443.64	36
11891.0	11744.78	36
1.17	1.07	36
1.2	1.27	36
1.39	1.35	36
1.25	1.47	36
1.36	1.2	36
1.48	1.39	36
1.53	1.62	36
2.0	2.57	36
2.03	2.13	36
2.46	2.23	36
3.31	3.14	36
5.14	4.72	36
7.88	7.48	36
13.8	13.3	36
25.52	24.72	36
52.0	47.07	36
90.52	89.67	36
175.77	174.73	36
344.95	340.72	36
670.84	653.3	36
989.38	977.86	36
1478.47	1294.89	36
1668.89	1628.76	36
1968.18	1971.35	36
2503.22	2302.58	36
2613.19	2541.45	36
3263.47	2883.4	36
1.11	1.16	36
1.28	1.22	36
1.31	1.45	36
1.33	1.93	36
1.59	2.68	36
1.66	1.53	36
1.82	1.78	36
2.2	1.94	36
2.78	2.81	36
4.43	3.96	36
7.47	6.89	36
13.61	12.45	36
25.28	23.01	36
46.54	44.82	36
90.27	88.75	36
178.21	174.9	36
350.86	349.97	36
698.09	692.05	36
1378.09	1383.93	36
2393.11	2684.98	36
4013.91	4011.98	36
5349.44	5326.13	36
6642.38	6624.52	36
7073.95	7878.7	36
9295.84	9220.57	36
10599.33	10583.03	36
11851.46	11778.64	36
1.04	1.16	36
1.16	1.27	36
1.34	1.42	36
1.36	1.32	36
1.28	1.51	36
1.48	1.44	36
1.68	1.61	36
1.86	2.4	36
2.51	1.93	36
3.05	2.26	36
3.95	3.06	36
6.17	4.57	36
9.35	7.66	36
15.56	12.95	36
26.75	25.04	36
49.11	46.52	36
92.01	88.95	36
176.48	172.05	36
394.19	343.2	36
672.56	665.0	36
1003.98	991.38	36
1316.11	1290.98	36
1645.48	1610.41	36
1954.74	1927.37	36
2266.99	2250.33	36
2619.57	2550.16	36
2917.07	2895.28	36
0.93	0.83	37
1.01	0.97	37
1.19	1.14	37
1.67	1.67	37
2.48	2.64	37
3.57	4.53	37
7.76	7.51	37
11.52	13.37	37
25.45	24.55	37
28.64	42.55	37
23.43	59.29	37
24.83	70.51	37
24.25	69.9	37
31.8	76.68	37
35.55	76.02	37
56.2	87.4	37
80.7	105.96	37
127.2	125.91	37
232.65	217.34	37
429.49	331.9	37
824.1	588.65	37
1594.58	1086.23	37
2369.55	1605.76	37
3104.76	2094.16	37
3849.51	2628.13	37
4586.07	2945.35	37
5442.2	3560.77	37
6154.11	3990.77	37
7006.83	4466.98	37
0.87	0.86	37
0.98	1.02	37
1.16	1.18	37
1.58	1.63	37
2.57	2.52	37
3.84	4.31	37
6.88	7.5	37
13.53	13.86	37
13.7	25.39	37
21.11	42.58	37
25.53	47.54	37
28.38	48.45	37
31.63	67.38	37
44.62	77.89	37
44.56	101.91	37
63.0	123.91	37
91.62	201.4	37
172.79	314.02	37
316.83	566.27	37
614.5	1100.88	37
1177.92	2095.29	37
2292.3	4027.57	37
3398.92	6010.34	37
4544.71	7953.48	37
5659.28	9866.76	37
6756.68	11815.33	37
7984.33	13822.36	37
9014.55	15735.49	37
10137.91	17666.52	37
0.86	0.89	37
1.07	1.03	37
1.24	1.37	37
1.66	1.58	37
2.65	2.44	37
4.23	4.33	37
7.04	7.4	37
12.73	13.58	37
19.48	23.44	37
17.95	36.43	37
25.11	55.49	37
28.72	48.23	37
19.09	68.29	37
30.08	65.51	37
37.64	72.01	37
54.54	76.49	37
76.32	110.72	37
120.48	148.88	37
222.92	206.79	37
416.77	330.46	37
797.01	570.08	37
1527.17	1066.17	37
2211.73	1550.39	37
2977.75	2025.55	37
3663.34	2497.04	37
4453.61	3008.26	37
5161.61	3465.22	37
5830.4	4005.96	37
6611.25	4532.54	37
0.9	0.9	37
1.05	0.93	37
1.25	1.25	37
1.65	1.61	37
2.48	2.65	37
4.42	4.17	37
6.63	7.5	37
12.41	14.28	37
20.28	23.85	37
17.82	38.6	37
25.36	52.35	37
21.0	66.74	37
23.53	70.73	37
27.02	77.81	37
38.86	96.41	37
65.9	127.32	37
94.9	189.23	37
161.84	323.42	37
288.28	567.62	37
578.99	1081.45	37
1083.96	2082.85	37
2100.33	4053.06	37
3141.54	5989.12	37
4216.01	7886.23	37
5246.76	9916.96	37
6201.03	11838.43	37
7275.01	13697.97	37
8344.03	15752.89	37
9425.23	17727.07	37
1.01	0.96	38
0.95	1.07	38
1.35	1.27	38
1.72	1.66	38
2.67	2.72	38
4.23	4.44	38
7.34	7.33	38
13.68	12.61	38
24.2	23.12	38
25.85	36.38	38
20.46	55.17	38
32.31	62.18	38
34.61	62.94	38
36.87	73.56	38
39.44	77.84	38
53.6	98.86	38
96.21	119.75	38
163.93	154.21	38
303.77	267.55	38
555.7	460.92	38
1079.85	855.8	38
2087.73	1626.48	38
3108.4	2375.36	38
4087.76	3087.3	38
5130.45	3787.5	38
6043.6	4643.78	38
7173.86	5417.59	38
8085.34	6045.47	38
9121.45	6994.03	38
1.05	0.83	38
1.09	0.96	38
1.28	1.28	38
1.67	1.74	38
2.99	2.69	38
4.59	4.55	38
7.85	8.29	38
13.97	14.68	38
25.85	26.65	38
22.44	40.12	38
25.1	65.89	38
16.22	53.72	38
23.48	66.24	38
33.74	67.13	38
37.64	100.17	38
60.66	116.62	38
95.35	181.62	38
141.74	294.41	38
266.36	531.42	38
497.72	999.65	38
997.78	1941.06	38
1870.61	3662.59	38
2774.18	5437.63	38
3689.76	7161.1	38
4622.07	8716.4	38
5546.06	10570.53	38
6468.34	12195.69	38
7355.19	14055.44	38
8709.25	15613.29	38
0.85	0.91	38
1.07	1.03	38
1.36	1.35	38
1.68	1.64	38
2.7	2.48	38
4.31	4.43	38
7.54	8.12	38
12.01	14.42	38
17.85	25.18	38
21.6	41.31	38
27.37	53.83	38
26.97	56.59	38
35.28	73.76	38
40.22	68.58	38
42.24	78.21	38
63.09	91.54	38
85.73	126.19	38
161.07	174.36	38
289.75	301.8	38
559.19	496.93	38
1085.58	892.66	38
2055.18	1604.44	38
3076.06	2357.45	38
4043.2	3226.46	38
5015.23	3802.36	38
6018.62	4586.04	38
7079.09	5302.92	38
7983.52	6171.2	38
9016.08	6828.1	38
0.88	0.91	38
1.04	0.91	38
1.23	1.24	38
1.78	1.7	38
2.6	2.51	38
4.29	4.41	38
8.01	7.7	38
12.53	12.92	38
19.93	22.28	38
22.44	40.38	38
26.27	50.96	38
27.19	62.04	38
32.75	66.12	38
30.55	79.32	38
44.76	86.5	38
57.94	112.14	38
90.29	177.44	38
142.75	293.08	38
236.03	528.11	38
452.02	969.08	38
882.51	1859.72	38
1683.31	3566.82	38
2461.56	5293.55	38
3267.22	6994.44	38
4135.97	8783.54	38
4898.72	10475.39	38
5660.17	12238.48	38
6522.89	13892.08	38
7314.17	15595.78	38
0.93	0.91	39
1.01	0.96	39
1.34	1.24	39
1.79	1.67	39
2.64	2.51	39
4.36	4.5	39
6.13	7.7	39
8.98	14.37	39
13.9	25.0	39
18.82	34.94	39
15.01	43.44	39
32.44	60.34	39
28.65	62.94	39
33.09	79.05	39
53.59	83.77	39
43.77	112.52	39
78.14	169.13	39
140.17	295.54	39
261.38	500.2	39
499.26	963.24	39
962.87	1876.68	39
1851.4	3576.93	39
2793.57	5357.41	39
3650.68	7042.41	39
4602.11	8765.94	39
5570.03	10385.22	39
6499.76	12222.77	39
7321.47	13932.46	39
8210.31	15600.81	39
0.85	0.98	39
1.01	0.99	39
1.3	1.1	39
1.77	1.89	39
2.68	2.45	39
4.43	4.39	39
6.29	7.72	39
14.29	13.08	39
12.89	24.85	39
24.52	39.97	39
23.3	49.61	39
26.98	71.01	39
26.28	76.13	39
30.33	59.98	39
42.53	81.64	39
49.74	96.75	39
92.28	117.71	39
162.58	170.71	39
290.93	286.86	39
557.24	514.05	39
1088.19	910.03	39
2083.04	1610.15	39
3072.64	2311.92	39
4100.62	3083.97	39
5080.3	3810.51	39
6118.56	4558.23	39
7059.53	5311.74	39
8115.49	5971.43	39
9189.56	6787.37	39
0.93	0.9	39
1.09	1.01	39
1.33	1.24	39
1.82	1.85	39
2.64	2.74	39
4.46	4.2	39
7.8	7.88	39
13.8	14.29	39
21.95	23.43	39
26.78	39.16	39
26.69	56.05	39
19.29	55.07	39
34.65	62.64	39
33.87	67.13	39
47.23	92.13	39
52.17	113.79	39
93.32	171.94	39
139.87	295.07	39
243.66	518.71	39
454.74	955.43	39
877.64	1857.49	39
1680.59	3589.02	39
2499.33	5352.64	39
3225.43	7067.11	39
4071.55	8753.48	39
4901.63	10461.17	39
5668.79	12271.62	39
6541.99	14039.75	39
7315.04	15683.97	39
1.4	0.93	39
1.01	1.07	39
1.3	1.26	39
1.69	1.61	39
2.71	2.57	39
3.34	4.28	39
7.93	7.37	39
13.37	13.91	39
18.34	22.99	39
17.97	38.64	39
25.12	53.91	39
17.42	68.69	39
28.79	65.63	39
39.47	56.35	39
40.74	79.7	39
58.49	98.73	39
100.28	121.33	39
149.86	170.49	39
289.79	283.42	39
555.67	520.17	39
1081.63	895.46	39
2055.9	1623.31	39
3079.13	2341.57	39
4100.19	3110.24	39
5101.95	3858.02	39
6056.75	4594.95	39
7067.68	5291.75	39
8050.08	6065.41	39
9004.69	6761.11	39
0.9	0.82	40
0.94	0.99	40
1.19	1.08	40
1.75	1.7	40
2.62	2.67	40
4.1	4.5	40
7.58	7.49	40
12.87	14.05	40
23.31	21.6	40
26.81	35.17	40
20.89	57.24	40
16.5	56.94	40
24.58	66.21	40
37.06	72.05	40
38.03	87.08	40
55.24	121.3	40
98.78	190.08	40
176.68	317.03	40
324.9	566.87	40
606.37	1076.44	40
1193.31	2113.44	40
2312.8	4031.87	40
3405.86	5998.83	40
4543.76	7989.74	40
5652.62	9948.76	40
6770.88	11766.58	40
7853.31	13667.3	40
8925.8	15583.09	40
10123.65	17544.6	40
1.07	0.9	40
1.56	1.0	40
1.15	1.27	40
1.73	1.68	40
2.56	3.27	40
4.29	4.47	40
7.54	7.41	40
11.41	14.06	40
18.0	21.25	40
14.41	38.84	40
27.75	49.3	40
23.19	54.05	40
25.92	74.78	40
29.67	62.53	40
45.34	78.02	40
58.61	86.85	40
74.73	111.77	40
133.99	140.66	40
237.87	228.28	40
427.58	330.72	40
834.48	581.13	40
1587.7	1063.78	40
2365.47	1533.78	40
3063.88	2088.87	40
3853.67	2574.68	40
4613.07	3074.27	40
5294.63	3483.14	40
6145.54	4112.62	40
6895.99	4568.44	40
0.77	0.97	40
0.99	1.14	40
1.13	1.31	40
1.67	1.65	40
2.63	2.53	40
4.47	4.25	40
7.79	7.74	40
10.08	13.18	40
17.35	23.61	40
17.84	34.61	40
31.2	58.64	40
22.93	59.5	40
26.94	68.3	40
28.14	66.09	40
44.64	88.67	40
73.14	112.17	40
94.05	196.29	40
162.72	313.62	40
296.32	560.7	40
565.19	1085.55	40
1115.23	2092.46	40
2147.96	4023.89	40
3149.2	5988.41	40
4207.67	7958.68	40
5238.69	9848.92	40
6268.22	11738.75	40
7290.05	13785.1	40
8279.66	15600.57	40
9256.26	17620.43	40
0.84	0.93	40
0.94	0.94	40
1.28	1.75	40
1.71	1.76	40
2.44	2.64	40
4.07	4.26	40
7.76	7.76	40
11.41	13.66	40
13.24	25.01	40
15.11	41.73	40
33.9	55.03	40
21.8	65.16	40
19.62	64.93	40
28.19	71.18	40
38.03	65.36	40
59.18	83.22	40
80.86	113.68	40
116.66	139.34	40
230.22	208.47	40
414.25	330.68	40
808.3	611.8	40
1536.39	1056.64	40
2243.94	1534.48	40
2972.99	2104.8	40
3691.95	2540.54	40
4404.06	2960.18	40
5070.77	3457.97	40
5835.82	4010.37	40
6611.28	4531.47	40
0.99	0.92	41
1.18	1.1	41
1.52	1.33	41
1.99	2.13	41
3.85	3.08	41
5.47	5.25	41
7.69	9.93	41
11.76	18.89	41
9.95	33.26	41
18.5	52.47	41
22.23	86.75	41
25.45	116.5	41
32.91	129.5	41
41.36	157.8	41
59.76	207.56	41
94.74	296.02	41
165.57	496.06	41
315.51	891.24	41
599.69	1623.96	41
1134.42	3021.36	41
1689.81	4442.54	41
2295.46	5808.05	41
2779.15	7259.68	41
3358.88	8750.31	41
3906.39	10100.13	41
4440.82	11548.34	41
4959.84	12813.11	41
0.99	1.03	41
1.13	1.21	41
1.5	1.43	41
2.02	2.06	41
2.91	3.01	41
4.61	5.05	41
8.69	9.83	41
8.79	18.35	41
12.28	31.67	41
15.0	58.64	41
22.47	101.46	41
26.12	134.95	41
36.79	163.51	41
47.02	187.06	41
74.44	291.39	41
126.71	451.55	41
232.9	769.81	41
439.18	1382.06	41
845.97	2616.84	41
1617.8	4930.29	41
2385.34	7182.56	41
3174.02	9555.03	41
3955.72	11778.29	41
4720.67	14053.28	41
5514.25	16398.88	41
6266.9	18796.99	41
7052.02	21138.72	41
0.93	0.94	41
1.15	1.27	41
1.45	1.47	41
1.77	2.09	41
2.67	2.87	41
5.38	5.14	41
4.56	9.09	41
8.63	16.67	41
9.8	29.99	41
13.14	51.63	41
20.79	76.71	41
23.15	102.3	41
29.42	106.08	41
37.25	136.45	41
51.11	187.3	41
84.53	285.88	41
152.08	457.58	41
284.52	844.5	41
540.32	1559.14	41
1029.39	2950.82	41
1538.25	4378.9	41
2032.72	5838.6	41
2543.53	7258.67	41
2975.9	8601.97	41
3490.81	10092.24	41
4064.05	11434.76	41
4491.4	12751.74	41
1.01	0.96	41
1.18	1.12	41
1.27	1.33	41
1.92	1.95	41
3.0	3.17	41
4.64	5.34	41
7.4	9.92	41
7.7	18.02	41
12.48	32.49	41
14.27	60.52	41
19.49	101.81	41
30.92	136.73	41
31.81	151.99	41
48.25	202.85	41
69.44	272.61	41
124.9	449.8	41
223.53	770.46	41
410.89	1408.95	41
800.95	2607.72	41
1553.1	4925.37	41
2242.13	7186.02	41
2994.18	9484.97	41
3760.54	11848.97	41
4380.23	14247.57	41
5103.5	16379.02	41
6387.78	18827.0	41
6680.3	21116.28	41
1.06	0.97	42
1.15	1.06	42
1.49	1.52	42
1.97	1.9	42
2.94	2.87	42
4.94	5.11	42
5.05	8.78	42
8.19	16.31	42
9.18	29.14	42
9.59	55.33	42
17.94	89.2	42
27.45	117.64	42
36.81	149.21	42
43.12	167.12	42
72.03	251.34	42
125.65	399.07	42
227.05	678.74	42
430.01	1226.79	42
832.49	2331.51	42
1607.85	4441.43	42
2387.96	6650.91	42
3145.87	8737.61	42
3923.58	10844.83	42
4792.11	12925.72	42
5464.68	15106.03	42
6274.27	17322.34	42
7030.87	19343.87	42
1.13	1.04	42
1.12	1.12	42
1.59	1.43	42
2.74	1.97	42
2.16	3.08	42
4.79	5.68	42
6.34	9.29	42
9.42	17.55	42
8.21	32.26	42
13.01	54.45	42
21.1	72.99	42
26.37	110.75	42
30.68	122.3	42
39.51	151.7	42
58.91	199.21	42
94.14	334.04	42
161.91	584.32	42
307.35	1086.42	42
586.54	2046.15	42
1125.46	3912.4	42
1666.1	5757.19	42
2235.32	7639.29	42
2721.65	9532.63	42
3313.85	11364.02	42
3775.68	13325.37	42
4329.03	15155.51	42
4893.24	17165.46	42
1.09	1.03	42
1.45	1.09	42
1.44	1.95	42
2.0	1.84	42
2.97	2.91	42
4.8	4.94	42
4.22	9.12	42
11.21	15.96	42
9.17	30.47	42
14.94	56.69	42
18.77	87.97	42
24.98	109.39	42
30.34	150.83	42
42.8	176.43	42
67.94	252.43	42
116.3	394.65	42
214.45	666.6	42
410.24	1242.75	42
799.78	2346.13	42
1526.3	4492.7	42
2213.14	6590.65	42
3011.3	8659.4	42
3662.53	10933.59	42
4351.03	12942.02	42
5161.73	15123.37	42
5875.19	17148.59	42
6583.04	19455.42	42
1.01	1.13	42
1.12	1.11	42
1.43	1.39	42
1.91	1.92	42
2.85	2.95	42
4.46	5.09	42
6.53	9.4	42
7.28	16.44	42
8.23	31.62	42
10.47	54.52	42
16.67	86.95	42
23.18	106.58	42
25.48	125.11	42
38.46	160.09	42
56.02	217.12	42
86.88	336.61	42
150.57	595.49	42
278.47	1065.7	42
547.58	2052.86	42
1038.04	3887.97	42
1534.1	5725.03	42
2060.69	7640.31	42
2504.89	9531.53	42
2994.99	11355.72	42
3505.71	13317.44	42
3978.27	15113.64	42
4371.27	16989.17	42
0.94	1.06	43
1.11	1.12	43
1.56	1.38	43
1.86	2.13	43
2.54	3.2	43
4.14	5.38	43
8.55	9.04	43
5.0	17.79	43
11.61	32.53	43
14.99	54.99	43
18.13	78.38	43
24.52	105.75	43
28.18	123.06	43
39.59	155.26	43
57.07	209.68	43
92.58	324.48	43
164.39	587.52	43
307.44	1074.11	43
585.37	2056.9	43
1123.4	3932.79	43
1684.3	5900.48	43
2198.33	7663.03	43
2724.7	9607.26	43
3246.6	11447.44	43
3828.56	13291.17	43
4366.74	15190.48	43
4898.53	17074.69	43
0.97	1.03	43
1.19	1.2	43
1.43	1.32	43
1.77	2.55	43
2.81	3.21	43
4.88	4.85	43
7.69	9.21	43
7.74	16.5	43
6.57	30.22	43
15.06	56.18	43
22.27	82.29	43
25.56	124.4	43
32.13	140.19	43
47.27	157.89	43
72.06	253.91	43
121.26	392.09	43
228.41	664.49	43
430.56	1221.06	43
839.72	2313.28	43
1636.19	4459.48	43
2385.93	6574.03	43
3156.28	8801.98	43
3946.33	10821.89	43
4729.79	12938.31	43
5492.09	15139.39	43
6321.0	17179.23	43
7034.89	19343.76	43
0.85	1.14	43
1.15	1.22	43
1.51	1.36	43
1.93	1.94	43
3.05	3.23	43
5.03	5.43	43
7.48	9.49	43
7.94	17.36	43
6.48	31.5	43
13.83	53.71	43
13.33	72.51	43
23.59	109.01	43
25.44	131.25	43
39.06	157.05	43
51.55	221.79	43
85.45	340.22	43
150.6	580.06	43
278.18	1068.91	43
540.85	2008.54	43
1035.08	3917.73	43
1530.44	5810.94	43
2027.34	7761.74	43
2535.07	9606.44	43
2961.0	11565.47	43
3477.44	13338.32	43
4005.31	15179.7	43
4320.38	17123.21	43
0.96	1.03	43
1.01	1.81	43
1.32	1.42	43
1.86	1.94	43
2.84	2.81	43
5.2	5.0	43
8.5	9.11	43
7.49	16.31	43
9.87	29.57	43
12.91	53.22	43
17.39	94.02	43
26.47	99.32	43
29.59	144.75	43
46.99	191.34	43
69.28	256.77	43
118.55	393.45	43
216.46	667.86	43
403.04	1193.59	43
786.98	2309.84	43
1517.82	4458.18	43
2271.36	6629.74	43
2961.47	8731.0	43
3709.58	10836.05	43
4361.86	12922.17	43
5041.0	15167.96	43
5930.87	17376.8	43
6515.16	19406.73	43
0.89	0.97	44
1.08	1.11	44
1.28	1.34	44
1.78	1.91	44
2.5	2.81	44
5.03	4.87	44
7.15	8.83	44
9.38	16.87	44
9.44	31.02	44
13.16	55.78	44
19.79	80.01	44
25.83	122.49	44
33.94	148.67	44
44.23	187.45	44
74.11	264.77	44
123.63	399.66	44
227.58	720.6	44
433.37	1324.59	44
840.77	2517.19	44
1626.94	4812.79	44
2370.07	7102.1	44
3199.81	9483.32	44
3952.64	11753.74	44
4743.36	14043.73	44
5476.71	16441.18	44
6370.31	18674.84	44
7040.83	20958.75	44
0.91	1.49	44
0.94	1.1	44
1.44	1.99	44
1.87	1.82	44
2.99	2.97	44
5.46	5.31	44
7.0	9.2	44
5.21	17.45	44
12.35	30.53	44
11.18	55.05	44
18.2	84.02	44
24.86	107.7	44
27.75	97.09	44
40.8	143.62	44
58.07	199.89	44
96.95	282.09	44
163.13	465.66	44
308.47	813.41	44
594.61	1547.93	44
1156.71	2984.04	44
1707.01	4414.91	44
2235.68	5814.65	44
2800.61	7224.6	44
3351.19	8747.7	44
3894.87	10153.17	44
4492.08	11371.69	44
5028.31	12835.0	44
1.22	0.94	44
1.0	1.19	44
1.44	1.28	44
2.04	1.85	44
2.86	2.91	44
5.1	4.93	44
3.59	8.42	44
10.18	16.53	44
11.22	29.4	44
16.6	57.27	44
21.46	94.49	44
24.49	111.61	44
30.73	139.88	44
44.61	184.73	44
70.12	265.11	44
116.51	421.96	44
213.92	696.9	44
415.05	1325.47	44
798.81	2525.76	44
1522.66	4817.84	44
2287.45	7076.71	44
2974.84	9438.18	44
3714.44	11814.92	44
4473.8	14073.45	44
5225.37	16316.53	44
5826.95	18793.33	44
6666.23	21045.56	44
1.0	0.99	44
1.16	1.01	44
1.31	1.32	44
1.82	1.89	44
2.88	2.98	44
5.33	5.28	44
6.27	9.25	44
5.96	16.49	44
10.18	31.74	44
14.19	48.88	44
19.45	84.7	44
21.01	97.06	44
30.06	130.76	44
38.93	154.76	44
49.49	200.57	44
84.15	281.51	44
150.83	468.27	44
280.79	807.22	44
546.36	1559.29	44
1046.2	3033.51	44
1551.91	4417.79	44
2047.75	5894.17	44
2508.41	7230.88	44
3034.52	8581.32	44
3469.35	9984.42	44
3988.4	11495.65	44
4582.43	13481.38	44
1.01	0.93	45
1.88	1.09	45
1.57	1.63	45
2.4	2.45	45
3.79	4.04	45
5.31	6.1	45
7.95	7.47	45
10.33	8.91	45
10.35	9.68	45
8.84	10.57	45
12.55	11.76	45
14.17	15.86	45
19.09	21.3	45
28.88	28.56	45
44.79	47.97	45
76.64	68.12	45
140.16	118.61	45
265.49	222.27	45
517.66	404.91	45
992.45	785.49	45
1953.97	1526.45	45
2867.36	2232.02	45
3870.32	2847.7	45
4821.71	3640.46	45
5704.13	4393.87	45
6747.16	4874.06	45
7686.72	5809.72	45
8525.85	6724.17	45
0.97	0.9	45
1.25	1.13	45
1.61	1.73	45
2.54	2.41	45
3.59	3.95	45
5.12	5.85	45
8.47	8.02	45
9.91	10.46	45
9.33	10.75	45
11.33	12.46	45
13.3	20.03	45
14.86	29.97	45
24.41	49.26	45
33.96	89.94	45
61.27	168.85	45
111.24	326.26	45
212.49	647.77	45
414.09	1274.93	45
819.36	2523.37	45
1616.16	5088.11	45
3139.46	9983.49	45
4689.6	14662.97	45
6266.97	19497.25	45
7794.53	24365.83	45
9354.64	29107.11	45
10819.55	33975.57	45
12434.07	38983.96	45
13955.52	44038.75	45
0.99	1.1	45
1.2	1.26	45
1.66	1.77	45
2.48	2.6	45
4.36	3.95	45
5.8	6.26	45
7.96	8.56	45
7.63	9.9	45
8.46	9.53	45
8.17	12.06	45
9.08	13.16	45
14.8	16.58	45
18.83	20.27	45
28.11	28.03	45
41.63	44.64	45
71.39	68.56	45
128.59	118.75	45
241.77	211.71	45
465.58	422.42	45
933.99	776.32	45
1781.55	1501.72	45
2676.53	2202.08	45
3533.94	2915.07	45
4396.06	3646.37	45
5258.11	4372.73	45
6165.57	5058.47	45
7021.46	5627.97	45
7716.28	6521.75	45
1.0	1.0	45
1.15	1.18	45
1.65	1.57	45
2.38	2.48	45
3.32	3.7	45
5.55	5.95	45
8.63	8.93	45
9.93	10.07	45
10.0	11.97	45
9.73	14.03	45
9.38	18.53	45
12.83	29.27	45
20.09	51.03	45
32.36	88.7	45
57.2	169.14	45
103.12	328.35	45
196.71	652.3	45
384.34	1275.09	45
760.72	2529.61	45
1500.46	5059.89	45
2933.9	9866.98	45
4380.83	14724.58	45
5807.36	19497.46	45
7226.68	24358.69	45
8628.7	29240.46	45
10032.79	33942.74	45
11487.0	38798.41	45
12954.54	43818.61	45
1.05	1.1	46
1.31	1.35	46
1.66	1.95	46
2.37	2.75	46
3.74	4.17	46
6.32	6.43	46
7.95	8.53	46
9.08	9.92	46
9.86	10.5	46
10.03	11.42	46
11.88	14.88	46
13.6	16.85	46
19.65	24.21	46
32.13	35.34	46
53.59	59.08	46
96.11	110.39	46
179.43	185.29	46
328.97	323.88	46
652.91	613.0	46
1306.02	1242.73	46
2566.43	2385.56	46
3796.64	3546.74	46
4983.53	4613.25	46
6187.78	5743.39	46
7472.4	7016.39	46
8728.46	8058.46	46
10019.59	9319.46	46
11043.91	10187.71	46
1.13	1.19	46
1.26	1.41	46
1.76	1.7	46
2.72	2.6	46
4.24	4.08	46
6.54	6.57	46
8.33	8.73	46
8.45	10.12	46
8.01	11.78	46
8.95	13.73	46
7.84	18.71	46
15.2	27.7	46
20.76	47.77	46
29.7	83.72	46
51.25	157.27	46
91.16	306.81	46
174.76	591.74	46
338.76	1181.51	46
698.5	2402.38	46
1414.97	4742.21	46
2785.47	9374.43	46
4139.36	13801.72	46
5507.89	18333.23	46
6909.54	22883.7	46
8255.97	27427.95	46
9614.87	31789.59	46
10986.63	36709.13	46
12393.14	41050.24	46
1.02	1.05	46
1.29	1.19	46
1.58	2.39	46
2.71	2.52	46
3.82	3.76	46
6.21	6.15	46
6.04	8.73	46
8.27	9.88	46
9.12	11.23	46
8.72	13.08	46
10.95	12.44	46
15.36	18.75	46
20.56	23.22	46
31.75	36.48	46
51.39	52.5	46
91.63	95.55	46
173.92	164.28	46
330.79	303.04	46
652.43	651.13	46
1282.82	1220.95	46
2504.74	2396.41	46
3704.22	3600.09	46
4912.69	4587.71	46
6095.45	5675.92	46
7326.46	7023.74	46
8572.32	8100.39	46
9812.1	9198.45	46
10871.3	10336.95	46
1.08	1.11	46
1.28	1.28	46
1.61	1.74	46
2.63	2.55	46
3.76	3.93	46
5.92	6.39	46
7.42	8.15	46
8.11	9.77	46
10.49	11.79	46
10.86	12.8	46
12.68	18.97	46
12.54	27.47	46
20.75	47.57	46
30.75	85.45	46
51.99	161.2	46
93.47	310.98	46
176.78	601.43	46
341.34	1201.76	46
685.22	2380.77	46
1370.98	4801.65	46
2662.81	9353.69	46
3944.52	13993.39	46
5232.17	18389.23	46
6515.41	22800.36	46
7799.01	27407.41	46
9081.41	33342.85	46
10349.7	36972.23	46
11643.88	41375.99	46
1.04	1.18	47
1.28	1.39	47
1.61	1.82	47
2.42	2.45	47
3.64	4.09	47
5.52	5.6	47
6.52	8.1	47
8.22	9.83	47
9.77	11.32	47
12.08	13.91	47
10.64	18.18	47
15.28	27.66	47
19.59	46.97	47
29.94	84.93	47
52.12	162.07	47
94.97	312.45	47
173.48	602.67	47
337.41	1191.83	47
671.74	2375.06	47
1353.8	4760.39	47
2640.64	9341.29	47
3931.37	13769.66	47
5198.81	18444.09	47
6478.57	22638.94	47
7762.57	27781.6	47
9020.59	32142.12	47
10321.58	36520.19	47
11533.6	41089.74	47
