1.18	1.24
1.16	0.96
1.14	1.12
1.25	1.23
1.37	1.4
1.53	1.56
1.64	1.92
2.11	2.0
2.7	2.81
3.85	3.79
5.73	5.74
9.93	10.02
17.62	17.66
32.71	32.67
60.9	62.14
117.96	118.27
224.24	221.23
429.06	436.26
628.96	633.14
850.48	829.42
1045.71	1066.4
1273.27	1268.54
1479.77	1476.74
1655.52	1653.5
1891.37	1859.66
1.09	1.04
1.17	1.19
1.1	1.05
1.29	1.2
1.28	1.48
1.61	1.73
2.05	1.95
2.68	2.66
3.68	3.81
5.62	5.87
9.98	9.89
18.58	18.67
35.07	35.52
69.45	68.2
131.78	131.56
258.28	260.63
512.89	507.25
990.61	982.89
1456.36	1463.34
1955.52	1937.54
2428.84	2413.9
2914.83	2888.34
3379.28	3377.27
3878.55	3938.53
4319.25	4300.41
1.17	1.1
1.14	1.03
1.07	1.35
1.38	1.39
1.54	1.38
2.17	1.62
1.97	1.96
2.17	2.52
2.81	2.79
3.74	3.65
5.81	5.4
8.68	9.0
15.66	15.46
28.02	27.22
51.47	50.48
97.07	93.93
186.59	188.54
347.17	346.28
506.51	531.66
680.24	696.9
820.17	855.36
1022.68	998.91
1191.19	1188.82
1347.3	1333.77
1495.26	1507.65
1.07	1.18
1.13	1.15
1.0	1.12
1.3	1.25
1.45	1.54
1.87	1.68
2.02	2.4
2.62	2.72
3.66	3.9
5.61	6.02
9.58	9.7
17.4	17.04
33.4	32.65
64.08	63.26
123.71	124.87
247.06	246.71
484.53	483.29
945.42	938.82
1404.64	1406.49
1849.6	1860.2
2309.06	2285.02
2754.05	2750.45
3221.1	3224.08
3641.02	3656.87
4104.49	4105.3
1.03	1.21
1.12	1.2
1.17	1.25
1.33	1.38
1.29	1.48
1.71	1.85
2.02	1.96
2.49	2.44
3.69	3.58
5.32	5.76
9.94	9.84
18.46	18.35
36.19	35.64
67.69	67.82
133.42	133.24
255.57	255.4
512.05	518.8
997.84	979.57
1472.42	1466.04
1975.18	1949.79
2440.96	2413.87
2937.79	2860.41
3387.52	3385.04
3907.19	3831.63
4335.74	4300.13
1.06	1.19
1.13	1.2
1.16	1.2
1.36	1.4
1.44	1.53
1.84	1.76
2.34	2.25
3.13	3.43
5.04	5.58
9.14	9.07
17.05	17.02
32.25	31.91
61.72	64.32
106.54	101.42
134.17	162.63
241.36	277.62
486.81	518.4
933.72	1306.81
1249.24	1247.15
1851.09	1914.92
1882.23	1942.18
2250.46	2370.22
2742.28	4195.06
3091.07	3204.19
3368.7	3318.32
1.05	1.11
0.99	1.12
1.28	1.24
1.45	1.38
1.43	1.47
1.71	1.97
2.02	2.04
2.73	2.65
3.7	3.86
5.81	5.78
10.14	9.68
17.67	20.06
34.82	34.7
67.69	66.14
128.35	128.46
251.98	251.12
495.94	500.69
981.21	979.65
1468.81	1448.87
1954.48	1907.97
2361.53	2382.45
2901.62	2836.33
3338.02	3340.45
3830.99	3780.35
4369.25	4262.77
1.06	1.08
1.06	1.1
1.2	1.23
1.38	1.42
1.59	1.51
1.9	1.91
2.57	2.35
3.58	3.53
5.47	5.62
9.77	9.63
17.47	17.46
34.07	29.78
47.11	58.67
107.71	103.41
182.81	182.8
354.29	284.67
500.28	443.05
932.09	1210.38
1193.06	1261.57
1825.28	1945.33
1893.43	1916.48
2284.88	2346.54
2908.93	2810.38
3395.61	3143.06
3287.6	3289.41
1.12	1.12
1.16	1.14
1.22	1.12
1.23	1.25
1.45	1.35
1.82	1.76
2.3	2.29
3.4	3.25
5.26	5.21
8.97	8.94
16.59	16.82
29.87	31.6
52.62	57.77
78.97	108.0
209.93	175.4
291.86	312.15
595.03	600.46
853.37	1631.21
1167.33	1275.79
1527.34	1534.53
1892.55	1867.23
2196.2	3599.28
2648.13	2655.83
3584.81	3371.76
3333.08	3422.49
1.15	1.12
1.16	1.09
1.21	1.19
1.25	1.3
1.39	1.52
1.8	1.6
2.03	1.86
2.69	2.43
3.51	3.43
5.57	5.56
9.88	10.24
18.03	17.71
34.84	35.09
66.93	67.67
132.36	128.24
259.25	259.04
518.98	509.76
980.43	982.36
1465.06	1463.76
1960.19	1923.47
2433.49	2431.82
2879.81	2967.43
3384.58	3330.03
3844.92	3914.64
4457.69	4336.01
1.09	1.08
1.08	1.62
1.23	1.09
1.28	1.19
1.45	1.48
2.01	2.12
2.45	2.48
3.54	3.6
5.56	5.54
8.99	9.6
18.74	17.66
34.08	33.68
65.53	66.41
118.23	132.07
215.15	216.81
213.4	318.16
647.83	601.51
805.01	779.41
1214.39	1167.82
1498.87	2355.55
1883.21	2968.17
2278.2	2272.59
2700.0	2647.67
3573.55	3650.47
3325.35	5262.37
1.04	1.12
1.11	1.12
1.26	1.16
1.22	1.34
1.38	1.6
1.61	1.81
2.0	2.57
2.75	2.54
3.48	3.72
6.0	5.64
9.98	9.54
18.68	18.44
34.83	34.7
66.07	65.83
130.44	127.82
252.14	247.11
495.27	505.42
979.02	964.01
1472.54	1422.1
1949.95	1926.02
2399.18	2400.93
2896.59	2849.33
3304.8	3325.54
3835.42	3799.1
4321.42	4298.05
1.11	1.14
1.15	1.16
1.16	1.14
1.28	1.43
1.59	1.26
1.75	2.29
2.16	2.15
2.55	2.78
3.66	3.66
5.81	5.83
9.97	10.05
19.24	18.79
35.2	35.7
68.1	67.86
130.49	131.07
254.06	257.96
512.01	504.62
987.17	987.1
1461.58	1459.11
1968.63	1943.89
2419.12	2416.92
2896.57	2886.89
3397.66	3374.95
3856.62	3826.64
4300.91	4326.3
1.11	1.11
1.15	1.36
1.16	1.2
1.32	1.22
1.54	1.53
1.59	1.68
1.83	1.95
2.4	1.98
2.83	2.65
3.95	3.96
5.88	5.83
9.97	9.92
17.88	17.43
32.17	32.4
60.25	60.76
117.78	115.4
227.52	223.14
427.28	436.02
636.79	629.75
839.62	851.0
1064.37	1045.23
1270.87	1235.29
1430.4	1461.73
1742.32	1662.97
1898.65	1820.96
1.09	1.0
1.06	1.02
1.04	1.13
1.39	1.05
1.43	1.95
1.93	1.8
2.1	2.27
2.8	2.65
3.85	3.66
5.58	5.69
9.79	9.57
17.26	17.32
32.38	33.31
63.58	63.56
122.99	123.54
246.1	246.09
489.68	480.72
946.27	936.49
1417.46	1396.49
1840.89	1855.68
2311.85	2289.1
2743.65	2739.35
3184.48	3205.01
3680.52	3674.0
4085.8	4071.77
1.03	1.72
1.15	1.14
1.1	1.16
1.44	1.26
1.53	1.46
1.7	1.72
1.91	1.91
2.28	2.27
3.13	3.12
3.82	4.28
5.67	5.53
8.91	9.45
15.74	14.86
28.71	27.52
50.15	50.49
95.32	95.87
184.89	185.63
355.14	352.91
525.19	509.79
677.46	687.91
852.45	863.78
1005.36	1029.2
1181.01	1177.1
1348.44	1325.24
1525.36	1516.09
1.12	1.13
1.33	1.24
1.35	1.31
1.44	1.45
1.6	1.34
1.79	1.97
2.15	2.01
2.46	2.38
3.0	2.97
4.23	4.42
6.88	6.99
11.99	11.68
21.74	21.63
40.5	41.08
76.94	74.6
144.19	141.05
283.36	288.41
561.04	511.33
808.92	802.12
1111.31	1048.71
1343.29	1354.42
1629.77	1686.66
1855.83	1810.0
2150.92	2074.22
2445.74	2427.62
1.07	1.14
1.28	1.31
1.59	1.32
1.44	1.49
1.53	1.7
2.06	2.07
2.82	2.77
4.27	4.64
7.34	7.55
13.17	13.37
20.75	25.16
39.11	49.3
96.37	96.74
192.89	186.69
379.25	381.0
560.09	567.44
894.27	758.22
2252.92	2635.69
2208.71	2984.16
3671.92	4334.23
3286.95	4706.21
4765.64	4673.76
4949.93	4936.69
5522.38	9469.65
5919.45	8201.23
0.92	0.94
1.16	1.3
1.29	1.3
1.6	1.52
1.79	1.69
2.07	1.95
2.59	2.22
2.76	2.7
3.57	3.59
5.61	5.76
9.41	9.0
16.41	15.25
31.47	30.08
59.5	52.8
114.18	85.84
224.1	225.17
442.04	439.3
834.14	618.82
1063.02	949.09
1276.31	1130.34
1506.19	1453.62
1661.96	1670.16
1950.22	1934.84
2081.68	2019.39
2633.08	2325.95
1.18	1.04
1.13	1.16
1.24	1.27
1.34	1.54
1.58	1.69
2.07	2.03
2.85	2.84
4.84	4.61
7.73	7.68
13.64	14.01
25.45	26.58
51.97	43.55
96.99	102.8
203.22	182.92
287.36	333.45
587.53	654.48
734.73	843.37
2372.96	2312.51
2335.26	2914.8
3825.61	4554.89
3374.53	3320.94
5006.46	6137.51
4409.52	4577.68
5435.26	5508.94
5901.71	6053.63
1.68	0.96
1.04	1.18
1.19	1.23
1.37	1.38
1.37	1.62
1.75	1.79
2.08	2.14
2.57	2.62
3.92	4.21
6.77	6.19
11.08	10.79
20.33	20.94
38.86	36.49
74.14	72.02
143.02	141.88
285.15	275.87
558.65	531.43
1071.05	1064.01
1592.06	1609.71
2116.88	2167.06
2669.26	2612.99
3185.9	3169.81
3747.14	3580.18
4227.71	4212.81
4846.57	4676.45
0.95	0.96
1.21	1.22
1.33	1.22
2.13	1.29
1.65	1.7
1.94	1.93
2.58	2.8
3.91	3.97
6.88	6.86
12.02	11.94
22.8	21.94
43.13	43.3
83.99	82.76
162.72	164.33
326.06	326.66
652.78	636.05
1281.62	1282.55
1621.33	2028.63
2417.35	2740.19
3682.22	3539.81
4749.6	4862.59
5959.83	6479.22
7210.71	7698.74
8456.77	8349.39
9800.41	10012.23
0.87	1.09
1.14	1.12
1.15	1.47
1.42	1.62
1.69	1.67
1.86	1.95
2.23	2.22
3.04	2.85
4.47	4.57
7.29	7.9
12.9	12.56
23.63	21.13
45.22	42.49
82.16	77.58
159.82	150.32
282.2	285.25
537.64	537.26
999.5	956.43
1391.19	1482.08
1879.74	1921.07
2284.96	2414.13
2713.18	2862.07
3144.3	3304.71
3538.91	3873.57
4002.82	4036.27
0.87	1.6
1.13	1.28
2.3	1.28
1.27	2.05
1.45	1.75
2.02	2.14
2.87	3.49
4.18	4.24
7.05	6.99
12.25	13.0
23.53	23.0
44.67	44.33
86.94	85.73
169.07	170.52
336.02	332.85
703.47	669.21
1320.89	1311.8
1731.07	1673.03
2485.08	2934.51
3652.84	3684.42
5046.86	5380.16
6254.92	6265.21
7411.24	7808.78
8718.55	9089.85
9984.55	10297.2
1.12	1.08
1.26	1.15
1.3	1.34
1.34	1.57
1.56	1.54
2.06	2.72
2.79	2.49
3.84	4.08
6.48	6.42
11.74	12.02
22.25	22.22
43.37	42.54
82.8	83.08
162.54	164.18
323.2	324.22
642.82	651.76
1286.09	1288.25
2496.31	2513.53
3701.31	3739.57
4967.24	4905.84
6147.26	6157.72
7470.65	7428.5
8591.82	8537.31
9831.58	9644.51
11032.44	10961.59
1.12	1.13
1.19	1.17
1.25	1.28
1.47	1.52
1.55	1.54
1.85	1.81
2.16	1.93
2.62	2.78
3.63	3.89
6.31	6.42
11.45	10.7
20.71	19.55
40.07	37.46
73.93	72.87
143.05	143.17
282.72	277.04
562.48	559.08
1076.65	1046.03
1592.12	1574.17
2125.96	2138.36
2677.67	2624.86
3193.78	3134.02
3695.63	3708.97
4220.6	4241.34
4810.74	4545.69
1.04	1.08
1.11	1.15
1.33	1.4
1.51	1.59
1.69	1.66
2.15	2.31
2.75	3.03
3.66	4.23
7.16	7.26
12.1	12.37
23.23	22.85
44.57	43.79
86.77	87.24
170.76	170.18
343.16	331.99
663.23	659.35
1330.5	1310.42
2568.98	2585.71
3820.26	3806.55
5041.85	5129.05
6265.68	6316.17
7531.62	7598.22
8789.96	8785.84
10123.98	9848.73
11216.39	11295.84
1.14	1.04
1.21	1.28
1.36	1.28
1.4	1.5
1.64	1.64
1.99	1.98
2.12	2.21
3.01	2.93
4.38	4.4
7.26	7.08
12.58	12.46
23.68	22.18
44.23	42.65
86.44	85.85
166.36	168.6
318.53	321.6
551.7	546.52
1013.24	1017.59
1425.09	1502.92
1919.92	1885.76
2334.32	2411.02
2768.64	2728.15
3175.15	3186.41
3659.86	3589.47
4130.68	4230.13
1.4	1.09
1.22	1.19
1.08	1.36
1.66	1.46
1.55	1.81
1.88	1.93
2.67	2.92
4.31	4.41
7.05	7.35
13.23	13.49
25.79	25.65
49.4	49.13
96.97	96.95
192.07	189.98
373.98	374.24
745.28	747.09
852.68	1125.18
2286.26	2528.96
3586.18	4068.17
2678.16	4434.88
3585.08	3551.85
5116.86	5013.22
6594.85	7791.91
5328.02	5423.82
5725.1	7999.52
0.98	1.12
1.61	1.21
1.21	1.33
1.51	1.47
1.74	1.66
1.99	1.92
1.98	2.11
2.35	2.4
3.19	3.21
4.07	4.38
6.71	6.84
11.74	11.62
21.5	21.36
40.79	40.43
78.06	75.32
146.51	138.93
284.7	279.23
583.12	567.91
804.23	810.99
1101.55	1072.52
1369.45	1290.3
1658.25	1578.41
1884.28	1897.75
2175.48	2160.05
2428.08	2267.16
1.15	1.1
1.24	1.86
1.36	1.37
1.29	1.18
1.7	1.73
2.04	2.06
3.65	3.05
4.7	4.48
7.6	7.72
14.18	14.39
27.17	27.25
51.91	51.4
101.67	101.78
201.91	194.58
402.61	400.7
793.73	796.76
939.4	1301.42
2463.34	2447.1
3793.99	4020.0
3499.15	3710.58
3772.34	3722.1
5206.53	6382.74
6648.06	7750.92
5363.11	7383.28
5726.47	8030.11
1.02	1.14
1.24	1.19
1.42	1.39
1.34	1.36
1.7	1.4
2.04	1.92
2.21	2.33
2.82	2.75
3.87	3.76
5.53	5.61
9.22	9.32
17.14	16.48
26.89	31.28
59.16	57.97
112.6	102.07
191.83	197.84
365.99	377.19
588.26	846.12
707.23	945.54
1404.36	1277.4
1525.41	1257.13
1629.22	1619.52
1943.3	1749.66
2126.78	2048.39
2485.8	2383.62
1.1	1.18
1.68	1.17
1.41	1.62
2.07	2.0
2.81	2.65
2.79	2.42
3.35	3.23
3.8	3.7
5.12	5.08
7.68	7.27
12.09	11.99
20.76	20.71
38.97	38.8
72.16	70.16
135.11	135.97
262.38	266.27
512.01	503.17
743.26	759.79
983.02	965.95
1243.88	1245.37
1452.84	1464.5
1741.34	1685.73
1951.22	1954.48
2214.0	2215.91
1.13	1.14
1.11	1.29
1.55	1.56
1.87	1.83
2.69	2.26
2.64	2.88
3.82	3.59
4.84	4.69
7.58	6.76
11.6	11.89
20.77	20.37
39.47	40.58
76.25	75.13
148.37	147.84
293.2	295.03
569.79	572.78
1111.46	1120.2
1650.47	1664.0
2194.88	2155.67
2723.65	2724.91
3276.34	3251.02
3774.78	3789.73
4328.7	4324.55
4916.88	4867.49
1.16	1.17
1.47	1.44
1.65	1.62
2.12	2.27
2.73	2.59
2.85	2.89
3.16	3.23
3.81	4.0
5.13	5.19
7.41	7.09
11.63	11.18
19.3	19.59
35.44	34.67
64.45	62.0
116.98	119.48
227.58	227.17
433.48	432.52
643.45	630.95
842.04	838.35
1031.45	1056.25
1274.99	1222.77
1464.14	1443.42
1648.5	1647.26
1843.14	1874.61
1.13	1.18
1.39	1.32
1.42	1.6
2.11	2.7
2.4	2.62
2.98	3.11
3.4	3.5
4.76	4.6
6.93	6.49
11.19	10.78
19.43	19.0
35.96	38.04
68.05	66.86
133.25	135.24
258.58	258.01
502.81	510.54
982.83	989.51
1462.63	1468.78
1926.03	1935.87
2426.87	2448.71
2838.8	2915.96
3349.11	3356.75
3809.86	3846.32
4350.83	4294.97
1.61	1.05
1.22	1.23
1.31	1.48
1.86	1.89
2.3	3.74
2.67	2.75
3.33	3.41
5.13	4.65
6.7	6.64
11.64	10.73
19.76	19.68
36.37	36.63
69.53	68.84
134.52	135.91
265.5	267.04
523.71	518.16
1017.22	1019.89
1514.36	1511.0
2011.54	1995.71
2480.3	2485.14
2980.14	2994.78
3528.66	3448.16
3972.43	3965.69
4469.99	4455.32
1.2	1.07
1.25	1.35
1.66	1.61
2.09	1.99
2.54	2.34
2.68	3.17
3.85	3.34
4.24	4.35
5.82	5.62
7.94	8.48
15.47	14.26
26.48	25.91
48.3	48.61
92.73	92.52
180.12	183.02
362.52	356.66
686.8	692.5
1022.38	1019.73
1360.66	1360.18
1707.72	1681.74
2040.34	2019.84
2367.78	2368.23
2693.48	2689.24
3049.05	3035.01
1.13	1.21
1.28	1.35
1.63	2.12
2.28	2.02
2.42	3.27
3.94	3.05
3.31	3.33
4.84	4.33
6.54	6.59
10.55	10.57
18.06	18.02
34.09	32.43
62.94	63.53
120.86	119.64
236.69	235.47
467.49	466.76
902.2	897.92
1373.39	1332.78
1768.86	1731.52
2210.13	2193.03
2618.36	2629.57
3055.07	3029.71
3497.71	3502.54
4027.38	3908.79
1.04	1.17
1.43	1.36
1.53	1.75
2.08	2.11
2.57	3.09
3.02	3.21
3.4	3.4
4.04	4.06
6.12	5.79
7.97	7.63
13.62	13.72
23.27	24.26
44.31	44.69
85.51	85.53
167.16	165.28
327.12	334.21
632.76	629.75
933.37	936.75
1239.07	1238.03
1544.25	1544.78
1851.19	1839.12
2152.59	2147.87
2456.79	2445.71
2784.82	2765.48
1.06	1.12
1.25	1.14
1.39	1.59
1.87	1.91
2.44	2.29
2.79	2.72
4.12	3.29
4.46	3.7
5.59	6.72
8.83	8.13
14.58	14.13
25.43	25.95
49.43	48.65
93.0	92.86
184.09	183.68
358.06	359.31
693.78	693.42
1037.12	1023.9
1369.25	1379.24
1718.21	1705.24
2030.95	2026.45
2386.73	2381.98
2731.51	2712.9
3107.26	3078.88
1.2	1.21
1.2	1.16
1.53	1.55
2.1	1.93
2.42	2.39
2.83	3.17
3.63	3.59
4.78	4.66
6.86	7.51
11.04	11.02
19.07	19.8
36.81	36.12
69.94	70.53
135.53	135.52
267.2	261.36
524.12	530.9
1015.17	1008.25
1508.28	1516.09
2012.39	1999.46
2513.94	2477.84
2965.92	2968.58
3455.27	3467.44
3982.88	3955.46
4446.91	4442.96
1.23	1.07
1.16	1.15
1.66	1.65
2.15	2.02
2.35	2.88
3.28	3.19
3.23	3.59
3.97	4.78
5.46	5.71
7.86	8.06
15.09	13.79
23.68	24.4
45.61	44.1
86.22	86.01
167.89	165.36
326.75	329.45
635.51	635.24
936.03	939.0
1250.72	1245.72
1557.35	1560.51
1876.81	1881.44
2184.14	2181.09
2516.91	2488.85
2802.71	2799.9
1.18	1.17
1.32	1.28
1.58	1.41
2.19	2.43
2.62	2.48
3.06	2.6
3.4	3.46
4.8	4.51
7.06	6.14
10.49	10.48
17.68	17.77
33.73	33.69
63.13	63.42
119.5	120.08
235.56	235.32
469.29	462.55
902.1	888.53
1349.37	1340.72
1764.86	1738.31
2211.05	2198.88
2654.63	2602.68
3082.35	3060.74
3557.52	3498.6
3959.83	3928.36
1.04	1.13
1.44	1.35
1.77	1.46
2.02	1.74
2.36	2.46
2.7	3.0
3.31	3.44
4.56	4.82
7.31	6.38
11.81	11.01
21.48	20.66
38.76	38.77
75.57	74.14
152.27	146.85
289.3	289.27
571.34	573.52
1127.3	1113.89
1649.69	1673.84
2195.13	2172.78
2711.75	2717.07
3234.72	3241.0
3792.56	3780.14
4322.96	4357.59
4881.13	4881.24
1.95	1.1
1.38	1.38
2.48	1.41
2.04	1.94
2.86	2.34
2.66	2.88
2.94	3.14
3.64	3.84
5.82	5.25
7.39	8.01
11.83	12.11
21.85	20.51
38.54	38.65
72.47	71.33
139.12	136.52
266.95	273.65
508.43	509.82
743.74	745.55
1022.27	1036.72
1238.23	1241.17
1506.87	1522.02
1704.01	1715.79
1968.6	1950.59
2219.55	2205.76
1.0	1.14
1.37	1.3
1.55	1.58
2.04	2.23
2.48	2.66
2.8	3.08
3.33	3.5
4.36	4.49
6.93	6.26
11.89	10.98
19.05	20.08
36.13	38.98
66.84	67.62
133.18	130.7
259.77	261.33
508.53	508.5
973.68	983.77
1445.96	1462.32
1927.2	1938.74
2444.24	2406.87
2884.45	2872.77
3383.02	3410.72
3783.02	3800.74
4297.97	4312.59
1.11	1.19
1.28	1.32
1.52	1.43
2.02	2.0
2.67	2.42
3.09	2.89
3.26	3.36
3.73	4.04
5.19	5.1
6.92	6.66
11.18	11.13
19.76	19.59
34.46	34.57
62.49	63.15
122.83	119.67
233.34	234.81
448.02	445.82
672.86	661.72
895.37	860.86
1051.0	1093.61
1295.92	1275.01
1488.65	1445.98
1686.04	1720.59
1964.82	2025.83
0.94	0.9
1.3	0.98
1.28	1.22
2.23	1.34
1.7	1.94
2.13	2.2
2.24	2.28
2.37	2.31
2.55	2.51
2.76	2.63
2.84	3.01
3.4	3.42
4.38	4.72
6.69	6.42
10.02	9.68
17.13	16.58
31.58	29.69
59.94	56.56
112.12	104.41
227.07	200.36
438.17	402.94
841.45	767.58
1232.8	1140.92
1622.33	1490.99
2050.13	1857.05
2480.54	2224.16
2909.02	2608.34
3276.76	3013.08
3652.3	3384.17
1.02	0.88
1.11	0.94
1.38	1.08
1.49	1.42
1.92	1.7
2.05	2.09
2.31	2.27
2.34	2.19
2.46	2.41
3.24	2.82
3.57	3.58
5.21	5.28
8.58	8.68
15.1	15.5
28.76	28.46
56.2	53.71
108.39	104.93
214.36	210.0
364.38	412.03
839.36	820.56
1687.44	1635.32
3258.9	3172.04
4843.09	4735.66
6444.4	6259.0
8025.27	7810.57
9656.37	9414.05
11221.06	10950.95
12774.18	12406.29
14417.1	14008.47
0.95	0.85
1.08	1.21
1.48	1.16
1.59	1.36
1.95	1.69
1.99	2.04
2.39	1.95
2.22	2.22
2.57	2.44
2.27	2.7
3.09	2.99
3.81	3.76
5.07	5.31
7.74	7.56
13.14	11.37
23.28	18.28
43.75	31.03
82.29	58.33
161.86	105.04
317.71	202.64
618.56	406.25
1206.38	766.32
1784.45	1150.02
2390.27	1506.91
2967.89	1872.63
3599.23	2315.38
4121.29	2651.42
4732.64	2982.62
5261.75	3349.34
1.01	0.92
1.1	0.89
1.24	1.11
2.1	1.57
1.79	1.79
2.23	2.11
2.0	1.9
2.4	1.95
2.83	2.16
3.05	2.95
4.17	3.79
5.76	5.79
9.11	9.07
16.51	16.81
30.42	29.72
58.86	55.05
115.16	106.73
229.0	210.72
449.14	409.86
902.76	819.63
1801.49	1644.56
3464.1	3175.04
5168.53	4735.08
6851.81	6302.83
8535.1	7848.18
10218.76	9399.02
11935.64	10971.1
14340.74	12549.45
15339.83	14023.53
0.94	0.85
1.21	1.13
1.31	1.22
1.53	1.55
1.93	1.86
2.09	2.04
2.4	2.29
2.28	2.31
2.54	2.35
2.7	2.79
3.33	3.1
4.29	4.29
6.19	6.02
9.48	9.35
16.76	15.12
30.61	25.44
57.44	48.25
110.86	91.06
216.68	175.61
425.43	342.52
839.35	685.79
1629.14	1319.02
2428.23	1980.52
3268.24	2562.65
4005.16	3263.1
4761.69	3855.46
5555.39	4483.59
6325.93	5151.94
7255.05	5756.2
