0.87	1.24
0.98	0.96
1.15	1.12
1.2	1.23
1.43	1.4
1.36	1.56
1.89	1.92
2.15	2.0
2.77	2.81
3.62	3.79
5.59	5.74
9.69	10.02
17.84	17.66
31.43	32.67
60.24	62.14
117.72	118.27
227.49	221.23
425.74	436.26
650.8	633.14
827.81	829.42
1030.35	1066.4
1261.97	1268.54
1440.31	1476.74
1684.99	1653.5
1836.83	1859.66
1.1	1.04
1.02	1.19
0.82	1.05
1.04	1.2
1.3	1.48
1.55	1.73
1.9	1.95
2.45	2.66
3.73	3.81
5.73	5.87
10.31	9.89
18.33	18.67
34.66	35.52
67.7	68.2
130.29	131.56
256.41	260.63
516.01	507.25
995.05	982.89
1473.73	1463.34
1956.21	1937.54
2425.0	2413.9
2888.23	2888.34
3371.65	3377.27
3815.0	3938.53
4340.05	4300.41
1.04	1.1
1.04	1.03
1.0	1.35
1.16	1.39
1.41	1.38
1.63	1.62
1.97	1.96
2.21	2.52
2.92	2.79
3.6	3.65
5.37	5.4
8.87	9.0
15.23	15.46
28.14	27.22
49.74	50.48
94.44	93.93
178.75	188.54
342.14	346.28
516.68	531.66
708.66	696.9
850.26	855.36
1000.86	998.91
1159.98	1188.82
1367.89	1333.77
1526.81	1507.65
0.95	1.18
1.12	1.15
1.08	1.12
1.14	1.25
1.4	1.54
1.74	1.68
2.28	2.4
2.45	2.72
3.52	3.9
5.45	6.02
9.43	9.7
17.13	17.04
33.66	32.65
63.53	63.26
123.48	124.87
246.7	246.71
486.58	483.29
949.44	938.82
1385.76	1406.49
1862.28	1860.2
2311.46	2285.02
2749.32	2750.45
3217.47	3224.08
3647.26	3656.87
4109.31	4105.3
1.02	1.21
1.02	1.2
1.09	1.25
1.25	1.38
1.44	1.48
1.55	1.85
1.84	1.96
2.53	2.44
3.67	3.58
6.65	5.76
9.82	9.84
18.93	18.35
34.85	35.64
67.97	67.82
134.84	133.24
257.09	255.4
518.68	518.8
1007.05	979.57
1477.26	1466.04
1967.91	1949.79
2447.41	2413.87
2952.29	2860.41
3424.81	3385.04
3904.06	3831.63
4384.14	4300.13
1.09	1.19
1.06	1.2
1.13	1.2
1.31	1.4
1.54	1.53
1.67	1.76
1.95	2.25
2.28	3.43
3.32	5.58
5.54	9.07
7.99	17.02
17.46	31.91
26.12	64.32
53.74	101.42
98.4	162.63
192.03	277.62
383.18	518.4
749.01	1306.81
1112.06	1247.15
1472.28	1914.92
1834.36	1942.18
2190.93	2370.22
2544.48	4195.06
2909.37	3204.19
3303.79	3318.32
0.99	1.11
1.04	1.12
1.17	1.24
1.1	1.38
1.34	1.47
1.68	1.97
2.08	2.04
2.44	2.65
3.43	3.86
5.17	5.78
9.0	9.68
16.7	20.06
31.17	34.7
61.93	66.14
115.89	128.46
227.6	251.12
450.99	500.69
882.32	979.65
1285.08	1448.87
1695.9	1907.97
2142.92	2382.45
2539.56	2836.33
2954.25	3340.45
3415.51	3780.35
3853.18	4262.77
1.01	1.08
1.08	1.1
1.08	1.23
1.22	1.42
1.49	1.51
1.84	1.91
2.15	2.35
2.76	3.53
3.98	5.62
4.82	9.63
8.04	17.46
13.52	29.78
26.16	58.67
50.05	103.41
97.41	182.8
190.8	284.67
379.79	443.05
733.92	1210.38
1097.32	1261.57
1451.09	1945.33
1809.13	1916.48
2170.12	2346.54
2519.87	2810.38
2881.83	3143.06
3234.0	3289.41
1.05	1.12
1.09	1.14
1.02	1.12
1.29	1.25
1.6	1.35
2.27	1.76
2.13	2.29
2.27	3.25
2.99	5.21
4.98	8.94
7.86	16.82
13.72	31.6
26.22	57.77
49.84	108.0
101.18	175.4
198.88	312.15
378.87	600.46
742.57	1631.21
1104.71	1275.79
1460.11	1534.53
1811.97	1867.23
3526.36	3599.28
2539.51	2655.83
2902.18	3371.76
3252.34	3422.49
1.03	1.12
0.92	1.09
1.15	1.19
1.26	1.3
1.24	1.52
1.78	1.6
1.98	1.86
2.59	2.43
3.7	3.43
5.69	5.56
9.99	10.24
18.04	17.71
35.13	35.09
66.67	67.67
131.7	128.24
259.41	259.04
514.78	509.76
996.97	982.36
1484.26	1463.76
1969.1	1923.47
2470.71	2431.82
2938.15	2967.43
3466.47	3330.03
3898.26	3914.64
4387.19	4336.01
0.96	1.08
0.98	1.62
1.62	1.09
1.38	1.19
1.45	1.48
1.85	2.12
2.3	2.48
2.65	3.6
3.99	5.54
4.89	9.6
7.98	17.66
13.99	33.68
25.84	66.41
49.63	132.07
96.97	216.81
190.87	318.16
377.62	601.51
736.41	779.41
1089.39	1167.82
1448.53	2355.55
1802.98	2968.17
2164.78	2272.59
2523.37	2647.67
2877.01	3650.47
3233.24	5262.37
1.04	1.12
1.78	1.12
1.11	1.16
1.43	1.34
1.45	1.6
1.68	1.81
1.99	2.57
2.42	2.54
3.39	3.72
5.5	5.64
8.91	9.54
16.84	18.44
31.08	34.7
60.29	65.83
116.3	127.82
226.87	247.11
451.43	505.42
881.64	964.01
1278.23	1422.1
1717.91	1926.02
2133.01	2400.93
2563.97	2849.33
2980.73	3325.54
3377.32	3799.1
3836.04	4298.05
1.59	1.14
1.03	1.16
1.08	1.14
1.12	1.43
1.37	1.26
1.57	2.29
1.88	2.15
2.56	2.78
3.64	3.66
6.01	5.83
10.02	10.05
19.26	18.79
35.48	35.7
69.29	67.86
132.94	131.07
255.27	257.96
505.18	504.62
981.6	987.1
1473.14	1459.11
1943.38	1943.89
2430.27	2416.92
2857.32	2886.89
3356.72	3374.95
3881.6	3826.64
4346.47	4326.3
0.96	1.11
1.19	1.36
1.87	1.2
1.37	1.22
1.38	1.53
1.54	1.68
1.79	1.95
1.97	1.98
2.86	2.65
3.87	3.96
6.16	5.83
9.99	9.92
18.7	17.43
31.37	32.4
61.44	60.76
114.69	115.4
221.2	223.14
436.48	436.02
657.34	629.75
851.82	851.0
1047.55	1045.23
1251.15	1235.29
1459.55	1461.73
1700.92	1662.97
1978.83	1820.96
1.04	1.0
1.07	1.02
1.12	1.13
1.25	1.05
1.56	1.95
1.91	1.8
2.02	2.27
2.38	2.65
3.56	3.66
5.7	5.69
9.28	9.57
17.36	17.32
32.67	33.31
63.66	63.56
122.25	123.54
247.71	246.09
478.63	480.72
948.33	936.49
1398.2	1396.49
1850.91	1855.68
2300.48	2289.1
2768.37	2739.35
3179.4	3205.01
3639.01	3674.0
4077.9	4071.77
1.1	1.72
1.09	1.14
1.2	1.16
1.34	1.26
1.63	1.46
1.66	1.72
1.88	1.91
2.87	2.27
2.92	3.12
3.69	4.28
5.55	5.53
8.88	9.45
15.57	14.86
27.83	27.52
51.96	50.49
94.97	95.87
181.47	185.63
355.41	352.91
511.77	509.79
680.08	687.91
860.21	863.78
1057.86	1029.2
1180.73	1177.1
1338.15	1325.24
1483.48	1516.09
1.05	1.13
1.17	1.24
1.33	1.31
1.64	1.45
1.65	1.34
1.82	1.97
1.94	2.01
2.51	2.38
3.19	2.97
4.27	4.42
6.69	6.99
12.0	11.68
21.51	21.63
41.01	41.08
79.0	74.6
150.75	141.05
296.63	288.41
554.94	511.33
836.16	802.12
1097.78	1048.71
1339.49	1354.42
1661.58	1686.66
1908.76	1810.0
2183.47	2074.22
2414.56	2427.62
1.15	1.14
1.11	1.31
1.26	1.32
1.51	1.49
1.68	1.7
2.24	2.07
2.74	2.77
3.08	4.64
4.61	7.55
7.16	13.37
12.16	25.16
22.86	49.3
43.63	96.74
84.41	186.69
164.43	381.0
326.31	567.44
652.12	758.22
1260.16	2635.69
1881.66	2984.16
2471.2	4334.23
3102.01	4706.21
3686.95	4673.76
4299.87	4936.69
4877.25	9469.65
5564.91	8201.23
0.96	0.94
1.08	1.3
1.37	1.3
1.38	1.52
1.48	1.69
1.83	1.95
2.34	2.22
2.3	2.7
3.22	3.59
4.09	5.76
6.39	9.0
11.14	15.25
19.16	30.08
35.91	52.8
64.79	85.84
124.19	225.17
240.03	439.3
456.2	618.82
686.06	949.09
896.02	1130.34
1100.8	1453.62
1316.63	1670.16
1650.66	1934.84
1736.0	2019.39
1967.14	2325.95
1.05	1.04
1.65	1.16
1.19	1.27
1.37	1.54
1.76	1.69
2.18	2.03
2.54	2.84
3.72	4.61
4.78	7.68
7.18	14.01
12.52	26.58
22.65	43.55
43.54	102.8
85.23	182.92
168.52	333.45
328.96	654.48
652.48	843.37
1269.15	2312.51
1878.44	2914.8
2494.26	4554.89
3107.25	3320.94
3719.23	6137.51
4333.31	4577.68
4960.69	5508.94
5552.15	6053.63
1.12	0.96
1.05	1.18
1.37	1.23
1.43	1.38
1.5	1.62
1.85	1.79
2.31	2.14
2.95	2.62
4.0	4.21
6.54	6.19
11.54	10.79
20.39	20.94
38.89	36.49
72.34	72.02
143.45	141.88
284.98	275.87
572.33	531.43
1086.1	1064.01
1616.57	1609.71
2163.05	2167.06
2625.54	2612.99
3197.64	3169.81
3672.51	3580.18
4195.72	4212.81
4784.86	4676.45
1.16	0.96
1.19	1.22
1.43	1.22
1.48	1.29
1.61	1.7
1.87	1.93
2.27	2.8
2.79	3.97
4.92	6.86
6.99	11.94
10.54	21.94
19.24	43.3
36.78	82.76
70.76	164.33
135.44	326.66
269.84	636.05
533.36	1282.55
1045.64	2028.63
1542.83	2740.19
2055.89	3539.81
2555.2	4862.59
3074.18	6479.22
3572.18	7698.74
4093.78	8349.39
4600.68	10012.23
1.2	1.09
1.32	1.12
1.3	1.47
1.49	1.62
1.64	1.67
2.15	1.95
2.3	2.22
2.69	2.85
4.04	4.57
6.16	7.9
9.9	12.56
17.56	21.13
32.6	42.49
62.24	77.58
124.08	150.32
237.91	285.25
463.31	537.26
902.05	956.43
1330.38	1482.08
1813.55	1921.07
2257.25	2414.13
2649.38	2862.07
3064.93	3304.71
3534.44	3873.57
3962.97	4036.27
1.16	1.6
1.26	1.28
2.45	1.28
1.43	2.05
1.92	1.75
2.19	2.14
2.72	3.49
3.16	4.24
5.19	6.99
6.48	13.0
11.63	23.0
20.41	44.33
38.48	85.73
73.21	170.52
143.57	332.85
281.98	669.21
558.46	1311.8
1098.33	1673.03
1628.18	2934.51
2163.81	3684.42
2702.92	5380.16
3243.2	6265.21
3770.23	7808.78
4319.76	9089.85
4860.29	10297.2
1.06	1.08
1.19	1.15
1.38	1.34
1.64	1.57
1.77	1.54
2.14	2.72
2.47	2.49
2.73	4.08
3.84	6.42
6.07	12.02
10.02	22.22
17.43	42.54
32.51	83.08
63.67	164.18
122.79	324.22
238.73	651.76
476.99	1288.25
925.83	2513.53
1384.27	3739.57
1908.03	4905.84
2406.09	6157.72
2919.09	7428.5
3437.37	8537.31
3936.55	9644.51
4435.23	10961.59
1.18	1.13
1.33	1.17
1.32	1.28
2.03	1.52
2.15	1.54
1.88	1.81
2.56	1.93
2.8	2.78
4.06	3.89
6.57	6.42
11.62	10.7
20.88	19.55
38.98	37.46
76.47	72.87
144.5	143.17
285.0	277.04
562.05	559.08
1081.37	1046.03
1607.35	1574.17
2117.32	2138.36
2660.99	2624.86
3265.24	3134.02
3693.76	3708.97
4300.77	4241.34
4748.67	4545.69
1.2	1.08
1.41	1.15
1.36	1.4
1.47	1.59
1.7	1.66
2.07	2.31
2.68	3.03
3.65	4.23
4.48	7.26
6.42	12.37
11.04	22.85
19.99	43.79
36.85	87.24
70.68	170.18
137.02	331.99
273.52	659.35
543.1	1310.42
1049.08	2585.71
1580.56	3806.55
2111.91	5129.05
2646.51	6316.17
3184.47	7598.22
3698.25	8785.84
4230.41	9848.73
4771.97	11295.84
1.03	1.04
1.35	1.28
1.34	1.28
1.43	1.5
1.56	1.64
2.04	1.98
2.9	2.21
2.6	2.93
3.85	4.4
5.95	7.08
9.76	12.46
18.08	22.18
33.15	42.65
63.69	85.85
121.34	168.6
235.59	321.6
460.11	546.52
905.1	1017.59
1364.83	1502.92
1755.93	1885.76
2203.36	2411.02
2630.17	2728.15
3086.87	3186.41
3530.34	3589.47
4014.35	4230.13
1.18	1.09
1.25	1.19
1.21	1.36
1.33	1.46
1.8	1.81
2.23	1.93
2.61	2.92
3.09	4.41
4.67	7.35
7.11	13.49
12.45	25.65
22.85	49.13
43.47	96.95
83.85	189.98
163.96	374.24
326.29	747.09
645.7	1125.18
1256.52	2528.96
1868.35	4068.17
2476.43	4434.88
3111.67	3551.85
3717.23	5013.22
4342.47	7791.91
4936.19	5423.82
5552.71	7999.52
1.2	1.12
1.85	1.21
1.5	1.33
1.31	1.47
1.6	1.66
1.76	1.92
1.98	2.11
2.49	2.4
3.26	3.21
4.55	4.38
6.81	6.84
12.26	11.62
22.09	21.36
42.03	40.43
78.84	75.32
153.26	138.93
291.76	279.23
557.93	567.91
830.31	810.99
1069.96	1072.52
1421.33	1290.3
1612.7	1578.41
1960.53	1897.75
2212.82	2160.05
2478.61	2267.16
1.27	1.1
1.33	1.86
1.33	1.37
1.5	1.18
1.74	1.73
2.25	2.06
2.85	3.05
2.95	4.48
5.19	7.72
7.04	14.39
12.82	27.25
22.66	51.4
43.76	101.78
85.54	194.58
164.8	400.7
327.83	796.76
650.52	1301.42
1265.69	2447.1
1884.54	4020.0
2511.04	3710.58
3108.25	3722.1
3737.82	6382.74
4359.85	7750.92
4993.77	7383.28
5587.91	8030.11
1.21	1.14
1.15	1.19
1.2	1.39
1.81	1.36
1.55	1.4
1.84	1.92
2.25	2.33
2.68	2.75
3.21	3.76
4.54	5.61
6.47	9.32
10.76	16.48
18.65	31.28
36.48	57.97
64.6	102.07
124.07	197.84
235.77	377.19
453.85	846.12
664.42	945.54
898.73	1277.4
1086.64	1257.13
1342.72	1619.52
1538.4	1749.66
1731.28	2048.39
1970.89	2383.62
1.18	1.18
1.22	1.17
1.71	1.62
2.12	2.0
2.12	2.65
2.5	2.42
3.13	3.23
3.72	3.7
4.45	5.08
7.24	7.27
11.87	11.99
21.57	20.71
37.54	38.8
72.39	70.16
137.51	135.97
259.88	266.27
510.39	503.17
763.56	759.79
1006.64	965.95
1251.1	1245.37
1463.44	1464.5
1706.36	1685.73
1959.1	1954.48
2206.15	2215.91
0.93	1.14
1.18	1.29
1.63	1.56
1.8	1.83
2.33	2.26
2.59	2.88
3.3	3.59
4.37	4.69
6.69	6.76
11.71	11.89
20.83	20.37
38.98	40.58
75.78	75.13
148.02	147.84
289.47	295.03
572.22	572.78
1117.83	1120.2
1653.43	1664.0
2166.13	2155.67
2731.62	2724.91
3262.39	3251.02
3832.26	3789.73
4302.49	4324.55
4873.74	4867.49
1.37	1.17
1.31	1.44
1.66	1.62
2.29	2.27
2.69	2.59
2.76	2.89
3.27	3.23
3.95	4.0
5.09	5.19
7.1	7.09
11.0	11.18
18.73	19.59
34.04	34.67
63.27	62.0
113.88	119.48
227.73	227.17
443.29	432.52
632.42	630.95
856.96	838.35
1020.54	1056.25
1241.5	1222.77
1415.07	1443.42
1643.53	1647.26
1853.76	1874.61
0.99	1.18
1.28	1.32
1.57	1.6
2.08	2.7
2.64	2.62
2.97	3.11
3.17	3.5
4.63	4.6
6.71	6.49
10.84	10.78
19.22	19.0
35.35	38.04
67.92	66.86
130.58	135.24
257.62	258.01
509.33	510.54
981.43	989.51
1486.65	1468.78
1950.99	1935.87
2415.33	2448.71
2891.55	2915.96
3344.82	3356.75
3800.63	3846.32
4310.63	4294.97
1.15	1.05
1.14	1.23
2.42	1.48
1.74	1.89
2.34	3.74
2.48	2.75
3.43	3.41
4.76	4.65
6.42	6.64
10.95	10.73
19.12	19.68
36.47	36.63
70.11	68.84
135.21	135.91
262.98	267.04
525.72	518.16
1012.93	1019.89
1517.76	1511.0
1988.03	1995.71
2467.39	2485.14
2984.7	2994.78
3485.8	3448.16
3969.96	3965.69
4480.25	4455.32
1.23	1.07
1.32	1.35
1.74	1.61
1.99	1.99
2.29	2.34
2.47	3.17
3.07	3.34
3.47	4.35
5.55	5.62
8.24	8.48
14.29	14.26
25.77	25.91
47.9	48.61
92.94	92.52
178.83	183.02
363.64	356.66
689.45	692.5
1036.31	1019.73
1371.53	1360.18
1690.14	1681.74
2030.47	2019.84
2366.88	2368.23
2714.94	2689.24
3068.74	3035.01
1.84	1.21
1.95	1.35
1.57	2.12
1.9	2.02
2.5	3.27
2.89	3.05
2.95	3.33
4.4	4.33
6.12	6.59
9.9	10.57
17.77	18.02
33.53	32.43
62.67	63.53
122.7	119.64
235.38	235.47
463.46	466.76
909.16	897.92
1341.87	1332.78
1777.06	1731.52
2213.49	2193.03
2633.2	2629.57
3083.6	3029.71
3556.95	3502.54
3952.25	3908.79
1.24	1.17
1.23	1.36
1.8	1.75
2.23	2.11
2.65	3.09
2.91	3.21
3.2	3.4
3.89	4.06
5.63	5.79
8.11	7.63
13.16	13.72
23.58	24.26
45.65	44.69
84.62	85.53
165.33	165.28
326.95	334.21
627.57	629.75
931.4	936.75
1236.93	1238.03
1549.26	1544.78
1846.3	1839.12
2146.24	2147.87
2448.29	2445.71
2754.85	2765.48
1.81	1.12
1.28	1.14
1.62	1.59
2.24	1.91
2.1	2.29
2.41	2.72
3.19	3.29
4.12	3.7
5.34	6.72
7.81	8.13
14.38	14.13
25.68	25.95
48.31	48.65
92.01	92.86
182.41	183.68
361.8	359.31
683.81	693.42
1027.15	1023.9
1348.65	1379.24
1716.22	1705.24
2045.96	2026.45
2399.16	2381.98
2733.15	2712.9
3107.59	3078.88
1.18	1.21
1.23	1.16
1.67	1.55
1.99	1.93
2.65	2.39
2.5	3.17
3.19	3.59
4.68	4.66
6.89	7.51
10.69	11.02
19.82	19.8
36.65	36.12
69.58	70.53
135.51	135.52
266.65	261.36
526.17	530.9
1012.83	1008.25
1493.86	1516.09
2003.66	1999.46
2483.57	2477.84
2950.72	2968.58
3480.73	3467.44
4001.83	3955.46
4477.65	4442.96
1.03	1.07
1.37	1.15
1.72	1.65
2.08	2.02
2.68	2.88
3.1	3.19
3.17	3.59
4.05	4.78
5.0	5.71
7.86	8.06
13.5	13.79
23.38	24.4
44.48	44.1
85.38	86.01
166.6	165.36
325.59	329.45
636.18	635.24
939.41	939.0
1248.39	1245.72
1554.96	1560.51
1873.85	1881.44
2193.34	2181.09
2489.42	2488.85
2815.37	2799.9
1.09	1.17
1.24	1.28
1.43	1.41
2.06	2.43
2.48	2.48
2.78	2.6
3.55	3.46
4.47	4.51
6.0	6.14
10.68	10.48
18.36	17.77
32.88	33.69
64.77	63.42
122.58	120.08
239.79	235.32
468.92	462.55
907.53	888.53
1332.92	1340.72
1765.12	1738.31
2194.03	2198.88
2655.9	2602.68
3048.39	3060.74
3523.17	3498.6
3976.94	3928.36
1.11	1.13
1.24	1.35
1.52	1.46
1.96	1.74
2.12	2.46
2.72	3.0
3.21	3.44
4.41	4.82
6.92	6.38
11.24	11.01
21.09	20.66
39.22	38.77
75.12	74.14
147.62	146.85
288.24	289.27
573.01	573.52
1108.09	1113.89
1643.67	1673.84
2186.26	2172.78
2742.11	2717.07
3249.77	3241.0
3811.78	3780.14
4344.89	4357.59
4933.08	4881.24
1.14	1.1
1.33	1.38
1.66	1.41
1.81	1.94
2.25	2.34
2.45	2.88
2.96	3.14
4.02	3.84
5.24	5.25
7.91	8.01
12.09	12.11
20.84	20.51
38.29	38.65
71.56	71.33
136.18	136.52
272.95	273.65
510.84	509.82
744.35	745.55
1006.35	1036.72
1244.36	1241.17
1471.57	1522.02
1752.14	1715.79
1982.2	1950.59
2224.05	2205.76
1.1	1.14
1.47	1.3
1.48	1.58
2.12	2.23
2.85	2.66
2.69	3.08
3.49	3.5
4.19	4.49
6.31	6.26
11.26	10.98
18.76	20.08
35.35	38.98
67.68	67.62
127.67	130.7
258.84	261.33
508.83	508.5
974.33	983.77
1454.99	1462.32
1943.42	1938.74
2416.36	2406.87
2867.61	2872.77
3328.12	3410.72
3834.85	3800.74
4323.26	4312.59
1.14	1.19
1.2	1.32
1.51	1.43
2.06	2.0
2.75	2.42
3.18	2.89
2.87	3.36
3.78	4.04
4.67	5.1
6.97	6.66
11.17	11.13
19.54	19.59
34.15	34.57
63.88	63.15
120.63	119.67
232.55	234.81
468.4	445.82
650.11	661.72
887.88	860.86
1072.92	1093.61
1328.14	1275.01
1496.54	1445.98
1764.34	1720.59
1911.18	2025.83
0.83	0.9
0.97	0.98
1.16	1.22
1.63	1.34
1.58	1.94
1.97	2.2
2.56	2.28
2.23	2.31
2.33	2.51
2.92	2.63
2.82	3.01
3.59	3.42
4.86	4.72
6.25	6.42
10.34	9.68
16.07	16.58
29.47	29.69
69.1	56.56
104.65	104.41
202.3	200.36
397.69	402.94
776.68	767.58
1138.52	1140.92
1750.73	1490.99
1890.98	1857.05
2229.98	2224.16
2592.54	2608.34
3034.95	3013.08
3294.29	3384.17
0.83	0.88
1.06	0.94
1.26	1.08
1.46	1.42
1.78	1.7
2.07	2.09
2.0	2.27
2.15	2.19
2.33	2.41
2.77	2.82
3.71	3.58
5.22	5.28
8.94	8.68
13.65	15.5
29.1	28.46
54.81	53.71
106.23	104.93
207.23	210.0
410.51	412.03
712.15	820.56
1405.21	1635.32
3169.77	3172.04
4721.46	4735.66
6293.82	6259.0
7848.61	7810.57
8068.76	9414.05
11001.69	10950.95
10815.33	12406.29
13990.28	14008.47
0.86	0.85
1.08	1.21
1.13	1.16
1.55	1.36
1.9	1.69
1.96	2.04
2.05	1.95
2.19	2.22
2.47	2.44
2.81	2.7
3.0	2.99
3.7	3.76
5.31	5.31
7.7	7.56
11.26	11.37
17.73	18.28
30.88	31.03
62.51	58.33
105.88	105.04
204.88	202.64
407.4	406.25
773.45	766.32
1143.12	1150.02
1710.26	1506.91
1852.19	1872.63
2262.82	2315.38
2637.37	2651.42
2972.7	2982.62
3330.0	3349.34
0.86	0.92
1.01	0.89
1.04	1.11
1.57	1.57
1.84	1.79
2.49	2.11
1.85	1.9
2.35	1.95
2.27	2.16
3.04	2.95
3.97	3.79
5.96	5.79
9.27	9.07
16.3	16.81
28.66	29.72
54.82	55.05
107.97	106.73
209.23	210.72
353.46	409.86
825.82	819.63
1188.4	1644.56
2746.8	3175.04
4070.98	4735.08
6289.91	6302.83
7824.08	7848.18
9372.2	9399.02
10909.54	10971.1
10790.8	12549.45
14024.61	14023.53
0.97	0.85
1.16	1.13
1.38	1.22
1.53	1.55
1.76	1.86
2.06	2.04
2.49	2.29
2.41	2.31
2.46	2.35
2.92	2.79
3.04	3.1
4.09	4.29
6.08	6.02
9.46	9.35
15.28	15.12
26.49	25.44
47.78	48.25
92.53	91.06
174.16	175.61
343.16	342.52
665.16	685.79
1378.59	1319.02
1928.46	1980.52
2602.14	2562.65
3233.78	3263.1
3802.67	3855.46
4467.75	4483.59
5105.69	5151.94
5773.62	5756.2
