1.0	1.01	1
1.0	1.07	1
1.41	1.39	1
1.82	1.77	1
2.76	2.62	1
3.89	4.33	1
6.6	5.37	1
8.28	11.01	1
9.84	12.31	1
14.4	14.66	1
15.74	13.91	1
14.33	12.45	1
13.97	12.28	1
18.52	18.25	1
25.21	24.17	1
32.5	33.59	1
60.45	55.21	1
108.37	81.82	1
196.04	146.14	1
374.69	261.09	1
737.79	487.37	1
1401.74	937.92	1
2112.79	1360.85	1
2791.31	1743.71	1
3497.6	2265.24	1
4140.72	2738.82	1
4803.55	3174.88	1
5513.04	3675.2	1
6291.98	3919.97	1
0.95	2.16	1
1.88	1.07	1
1.19	1.37	1
1.76	1.68	1
2.41	2.62	1
4.14	4.18	1
6.41	6.77	1
8.8	9.35	1
11.88	15.12	1
9.32	14.31	1
12.9	12.15	1
16.49	16.17	1
14.04	22.71	1
23.75	24.21	1
31.18	34.73	1
47.03	53.77	1
78.81	92.62	1
148.1	172.1	1
276.12	389.79	1
530.62	528.6	1
1043.18	1717.08	1
2005.91	3273.32	1
3014.38	4888.26	1
3972.51	6626.94	1
4984.6	8222.71	1
5933.83	9941.82	1
6910.9	11684.16	1
7876.83	12948.03	1
8840.62	14721.1	1
0.88	0.98	1
1.02	1.08	1
1.31	1.3	1
1.68	1.76	1
2.44	2.49	1
3.94	3.6	1
6.51	6.7	1
10.13	7.71	1
11.72	13.46	1
13.6	14.45	1
14.54	14.64	1
11.71	13.28	1
17.97	13.44	1
17.97	16.31	1
23.82	27.23	1
33.16	36.37	1
58.75	51.81	1
104.97	88.99	1
193.33	180.63	1
366.47	311.9	1
718.86	683.49	1
1383.34	1022.96	1
2053.72	1954.56	1
2774.51	2254.47	1
3004.4	2496.9	1
4080.7	3484.12	1
4706.62	4487.1	1
5408.62	4550.2	1
6059.64	5088.21	1
0.98	0.98	1
1.1	1.1	1
1.31	1.49	1
1.7	1.74	1
2.54	2.41	1
4.2	4.06	1
6.74	5.69	1
8.67	12.11	1
13.19	12.64	1
15.99	12.98	1
15.31	8.26	1
14.4	13.46	1
19.42	20.0	1
19.69	23.62	1
30.28	31.17	1
40.78	48.88	1
78.4	77.34	1
144.14	231.18	1
265.32	446.49	1
520.36	762.23	1
1026.87	1788.03	1
1926.02	3473.83	1
2938.02	5206.19	1
3941.51	7075.32	1
4847.97	9066.96	1
5778.15	10100.29	1
6783.41	12211.61	1
7675.27	13862.28	1
8608.09	16111.79	1
0.95	1.0	2
1.13	1.2	2
1.28	1.29	2
1.76	1.76	2
2.46	3.15	2
4.16	4.11	2
6.94	5.96	2
9.23	10.34	2
15.26	11.41	2
10.42	14.49	2
17.31	11.75	2
16.49	14.33	2
15.74	14.8	2
20.81	18.52	2
33.34	25.93	2
46.22	43.72	2
79.77	78.03	2
136.92	124.69	2
264.72	221.61	2
513.4	388.28	2
989.24	739.52	2
1955.55	1471.73	2
2855.78	2139.79	2
3788.77	2783.63	2
4696.55	3581.34	2
5618.82	4231.25	2
6605.81	4906.0	2
7540.27	5625.49	2
8481.75	6231.8	2
0.89	0.94	2
1.13	1.0	2
1.43	1.23	2
1.84	1.81	2
2.4	2.65	2
4.32	3.94	2
6.85	6.96	2
10.15	10.66	2
14.59	11.79	2
14.41	13.29	2
13.12	16.25	2
15.44	13.31	2
17.63	16.06	2
21.22	23.7	2
26.72	37.92	2
39.8	54.68	2
64.78	96.46	2
118.01	147.35	2
226.32	312.2	2
427.12	680.21	2
821.39	1494.95	2
1630.21	2903.46	2
2381.19	4309.13	2
3144.59	5689.07	2
3957.72	7156.93	2
4701.79	8579.5	2
5446.45	9850.33	2
6222.51	11447.0	2
7057.29	12871.51	2
1.02	1.06	2
1.13	1.1	2
1.32	1.44	2
1.84	1.82	2
2.54	2.81	2
4.32	4.21	2
7.16	6.38	2
9.57	10.37	2
12.88	10.86	2
11.42	13.65	2
12.83	13.21	2
13.71	16.23	2
16.22	16.77	2
21.76	20.46	2
27.16	30.72	2
46.88	42.0	2
76.41	68.25	2
138.84	124.49	2
262.13	207.88	2
510.58	438.53	2
987.88	837.49	2
1919.49	1501.8	2
2898.35	2248.86	2
3779.44	3179.95	2
4693.88	3998.2	2
5540.93	4769.87	2
6450.97	4782.83	2
7370.43	6810.41	2
8345.27	7166.02	2
0.94	1.07	2
1.16	1.22	2
1.32	1.32	2
1.87	1.85	2
2.71	2.66	2
4.3	3.74	2
6.4	7.06	2
8.11	10.23	2
10.71	13.57	2
11.39	13.15	2
15.66	11.5	2
15.67	16.42	2
17.55	17.11	2
20.66	23.24	2
26.55	43.6	2
38.47	41.58	2
64.36	62.51	2
115.11	146.03	2
215.7	217.12	2
411.21	536.96	2
805.27	1614.21	2
1546.9	3049.92	2
2296.72	4520.81	2
3024.21	6004.74	2
4168.18	7555.36	2
4498.42	8881.94	2
5215.32	9842.73	2
5994.88	11720.19	2
6695.55	13693.72	2
0.88	0.95	3
1.06	1.11	3
1.26	1.31	3
1.67	1.76	3
2.69	2.7	3
3.74	3.97	3
6.84	6.83	3
11.54	10.02	3
8.04	10.96	3
14.65	14.69	3
9.09	15.48	3
14.65	15.16	3
14.93	20.21	3
22.11	24.61	3
29.38	32.94	3
40.86	57.07	3
66.9	82.04	3
116.1	118.61	3
219.67	223.67	3
424.07	528.98	3
828.71	1371.29	3
1617.55	2634.48	3
2395.6	4268.91	3
3162.71	5704.0	3
3958.5	7183.8	3
4702.92	8674.81	3
5524.62	9982.51	3
6232.42	11331.89	3
7038.48	12819.69	3
0.88	1.01	3
0.99	1.65	3
1.35	1.31	3
1.66	1.75	3
2.36	2.66	3
4.23	4.2	3
6.47	6.32	3
8.68	9.9	3
8.87	12.95	3
11.54	16.78	3
12.63	15.34	3
10.87	15.57	3
16.32	15.81	3
19.66	20.44	3
32.68	32.32	3
48.28	43.76	3
76.75	63.51	3
140.35	111.07	3
259.87	202.85	3
514.07	386.35	3
1002.55	752.37	3
1925.54	1426.33	3
2853.02	2074.9	3
3802.18	2870.78	3
4709.33	3513.59	3
5680.4	4262.14	3
6617.0	4866.88	3
7528.27	5562.48	3
8574.81	6307.28	3
1.05	1.01	3
1.09	0.99	3
1.43	1.27	3
1.77	1.72	3
2.74	2.57	3
3.73	4.15	3
6.54	6.91	3
10.35	9.78	3
13.24	12.51	3
11.0	13.46	3
13.88	12.04	3
15.37	16.12	3
16.35	18.95	3
20.36	22.57	3
25.57	35.35	3
38.94	57.08	3
61.92	79.73	3
113.81	205.16	3
211.77	268.29	3
408.38	604.8	3
803.6	1504.29	3
1559.97	2934.27	3
2330.69	4450.99	3
3094.76	6043.4	3
3790.22	8416.83	3
4488.52	9197.85	3
5211.28	11050.2	3
6019.36	12103.41	3
6760.57	13129.98	3
1.08	1.07	3
1.09	1.04	3
1.33	1.31	3
1.71	1.94	3
2.56	2.5	3
3.9	4.05	3
6.19	7.11	3
9.18	7.49	3
11.96	13.78	3
10.96	15.17	3
12.7	14.74	3
16.64	14.91	3
16.71	20.7	3
19.39	16.63	3
31.02	29.24	3
46.5	42.64	3
76.77	70.38	3
138.81	130.46	3
262.12	212.75	3
518.94	464.62	3
996.67	844.37	3
1895.6	1618.86	3
2838.51	2259.81	3
3735.56	3225.69	3
4679.07	3999.71	3
5590.28	4498.22	3
6582.23	5173.58	3
7361.38	5988.36	3
8351.8	6646.68	3
0.85	0.9	4
0.91	0.98	4
1.29	1.23	4
1.66	1.55	4
2.46	2.49	4
4.17	3.98	4
5.99	6.86	4
8.08	10.66	4
12.67	11.87	4
15.84	12.39	4
14.55	18.9	4
15.75	18.09	4
18.51	19.6	4
20.55	23.36	4
32.06	32.8	4
49.01	58.59	4
77.14	109.35	4
147.11	177.24	4
269.24	273.85	4
529.69	526.89	4
1051.09	1668.95	4
2037.38	3376.3	4
3015.46	4888.98	4
3937.12	6638.44	4
4994.07	8242.65	4
5927.32	9678.53	4
6846.73	11381.12	4
7922.86	13337.84	4
8858.88	16703.69	4
0.86	0.96	4
1.05	1.01	4
1.29	1.24	4
1.55	1.54	4
2.61	2.54	4
3.83	4.22	4
6.58	6.74	4
8.16	6.97	4
11.53	11.16	4
10.12	11.46	4
15.97	12.62	4
13.0	15.89	4
15.17	19.29	4
16.84	22.3	4
24.28	27.27	4
37.84	31.52	4
58.69	49.64	4
104.08	74.24	4
196.21	129.59	4
378.15	254.6	4
739.33	449.37	4
1409.22	879.79	4
1814.62	1385.5	4
2832.53	1766.87	4
3472.97	2191.47	4
4134.4	2593.1	4
4894.8	2948.76	4
5554.12	3343.34	4
6308.34	3979.22	4
0.91	0.93	4
0.92	0.99	4
1.25	1.28	4
1.78	1.67	4
2.45	2.69	4
4.02	4.14	4
6.91	6.99	4
9.04	10.88	4
15.7	11.43	4
13.87	14.03	4
13.12	19.11	4
15.34	14.41	4
16.62	21.76	4
19.79	17.95	4
29.25	34.45	4
42.1	57.88	4
82.1	120.26	4
143.04	201.14	4
263.86	437.83	4
511.82	792.55	4
1038.27	1818.59	4
1974.23	3428.87	4
2984.27	5157.25	4
3939.23	7188.21	4
4819.23	8677.43	4
5744.7	10371.34	4
6755.51	12155.94	4
7765.52	13839.91	4
8683.41	15170.69	4
0.78	0.86	4
0.98	1.01	4
1.2	1.21	4
1.71	1.76	4
2.5	2.43	4
3.93	4.25	4
6.69	6.23	4
7.64	9.26	4
14.96	11.29	4
8.05	15.79	4
17.12	14.94	4
12.54	18.82	4
15.18	18.17	4
21.66	16.17	4
24.03	20.96	4
36.55	30.6	4
60.65	46.55	4
104.84	81.89	4
193.55	130.16	4
365.37	274.35	4
714.08	458.85	4
1402.41	1008.22	4
2090.07	1709.84	4
2806.72	2304.15	4
3393.17	2845.44	4
4094.06	2982.06	4
4672.2	2893.99	4
5430.4	3917.28	4
6131.25	3774.88	4
0.96	1.09	5
1.17	1.3	5
1.72	1.66	5
2.44	2.64	5
4.4	4.4	5
7.68	7.54	5
9.16	10.88	5
15.88	16.87	5
22.54	17.6	5
21.38	28.06	5
22.58	27.98	5
22.81	22.29	5
31.39	25.13	5
43.09	26.7	5
46.85	44.13	5
72.13	66.56	5
125.13	109.32	5
225.89	191.8	5
424.49	324.28	5
822.78	573.31	5
1571.02	1074.26	5
2299.16	1605.68	5
3035.84	2116.53	5
3809.19	2594.39	5
4610.5	3148.5	5
5401.37	3619.89	5
6097.04	4332.72	5
6782.47	4687.1	5
0.96	1.05	5
1.15	1.44	5
1.68	1.71	5
2.51	3.15	5
4.26	4.03	5
7.4	7.19	5
10.2	12.95	5
18.86	17.02	5
18.37	14.5	5
23.21	18.0	5
22.37	16.99	5
25.53	26.37	5
27.81	30.75	5
41.9	40.35	5
64.52	71.2	5
99.4	144.46	5
176.09	265.6	5
320.15	532.37	5
620.21	1064.44	5
1215.03	2116.43	5
2344.96	4129.69	5
3459.16	6131.19	5
4596.04	8089.41	5
5676.08	10050.97	5
6855.27	12190.06	5
7973.32	14134.69	5
9094.18	16292.36	5
10273.08	18237.3	5
1.02	1.0	5
1.3	1.27	5
1.64	1.76	5
2.46	2.64	5
4.2	4.13	5
6.12	7.71	5
10.03	13.11	5
16.16	15.16	5
16.37	19.13	5
27.09	18.78	5
17.4	23.83	5
24.29	27.44	5
24.99	27.76	5
29.59	37.3	5
53.88	48.05	5
75.66	78.01	5
124.88	126.89	5
216.28	212.91	5
413.12	389.75	5
798.68	739.72	5
1522.19	1235.88	5
2329.04	2049.01	5
3006.5	2049.12	5
3778.49	2511.89	5
4522.53	4097.31	5
5067.54	4166.93	5
5896.28	4727.21	5
6613.37	6239.0	5
1.05	1.02	5
1.2	1.91	5
1.61	1.83	5
2.64	2.63	5
4.23	5.08	5
7.31	7.77	5
12.7	10.33	5
13.29	8.76	5
19.77	21.59	5
21.6	21.8	5
25.05	21.55	5
30.73	32.48	5
33.69	25.0	5
45.55	46.8	5
46.99	84.63	5
81.33	144.68	5
153.75	279.37	5
294.15	554.69	5
575.35	1143.94	5
1127.62	2223.15	5
2121.66	4469.88	5
3173.6	6637.28	5
4181.67	8836.51	5
5295.41	10310.01	5
6347.46	12321.96	5
7291.29	14863.84	5
8380.15	16494.77	5
9262.58	19694.78	5
1.09	1.0	6
1.21	1.25	6
1.74	1.78	6
2.54	2.58	6
4.52	4.33	6
6.6	7.29	6
11.73	13.29	6
13.78	15.57	6
21.26	20.88	6
24.09	24.66	6
14.75	19.5	6
26.35	27.36	6
34.33	32.88	6
38.97	38.96	6
58.7	50.85	6
89.46	89.06	6
150.79	138.42	6
282.2	264.64	6
557.92	461.48	6
1082.71	832.41	6
2083.91	1597.0	6
3055.2	2370.46	6
4089.35	3228.85	6
5126.24	4111.64	6
6126.52	4825.87	6
7041.32	5688.24	6
8085.17	6612.84	6
9151.84	7283.32	6
1.19	1.08	6
1.23	1.31	6
1.84	1.67	6
2.61	2.53	6
4.15	4.26	6
7.44	6.49	6
13.92	10.9	6
18.7	12.29	6
18.12	16.05	6
19.95	29.26	6
24.11	27.15	6
24.91	23.09	6
30.35	28.63	6
38.16	39.12	6
60.23	62.23	6
92.34	155.96	6
146.53	274.31	6
266.78	474.78	6
505.88	928.27	6
976.34	1854.88	6
1900.01	3616.02	6
2811.78	5392.82	6
3771.78	7145.44	6
4614.4	8830.77	6
5579.51	10487.8	6
6444.92	12462.2	6
7411.25	14310.29	6
8528.66	15838.54	6
0.98	1.13	6
1.33	1.37	6
1.75	1.72	6
2.56	2.67	6
4.07	4.4	6
7.63	6.39	6
13.39	11.12	6
15.8	15.82	6
13.03	16.85	6
18.84	23.33	6
17.29	26.96	6
25.43	20.1	6
30.38	33.11	6
40.64	43.96	6
47.34	58.45	6
85.16	83.19	6
152.02	157.69	6
282.94	273.41	6
550.82	465.45	6
1080.75	1068.57	6
2092.48	2021.51	6
3107.15	3063.71	6
4093.23	3797.24	6
5072.79	4343.99	6
6083.42	5660.06	6
7143.35	6541.66	6
8116.08	6926.87	6
9015.02	8557.87	6
1.05	1.15	6
1.23	1.23	6
1.73	1.71	6
2.59	2.51	6
4.32	4.04	6
7.57	7.77	6
11.94	13.1	6
13.36	17.5	6
17.32	23.02	6
21.52	20.43	6
21.09	16.7	6
19.63	20.5	6
32.79	34.39	6
32.94	43.45	6
49.19	73.5	6
79.76	127.84	6
133.14	248.3	6
240.4	484.95	6
456.27	984.32	6
878.66	1944.73	6
1713.58	3962.81	6
2576.92	5475.85	6
3361.71	7584.74	6
4130.34	9737.77	6
4938.02	11697.47	6
5716.71	13113.42	6
6571.74	15483.56	6
7349.7	16844.23	6
1.01	0.96	7
1.36	1.29	7
1.73	1.73	7
2.55	2.64	7
4.37	4.21	7
7.37	7.12	7
9.06	13.5	7
22.37	18.41	7
13.11	14.88	7
28.54	24.99	7
26.24	20.8	7
22.56	28.82	7
22.26	30.82	7
38.06	37.85	7
48.59	68.2	7
88.8	134.0	7
133.42	237.35	7
269.74	432.57	7
495.18	913.21	7
988.7	1855.08	7
1908.66	3545.13	7
2849.31	5379.09	7
3720.92	7095.62	7
4697.41	8788.79	7
5560.87	10567.51	7
6480.71	12464.26	7
7313.2	13975.3	7
8324.06	16108.46	7
1.11	0.95	7
1.21	1.23	7
1.68	1.73	7
2.63	2.54	7
4.15	4.01	7
7.54	7.29	7
13.16	10.44	7
18.96	10.73	7
21.2	20.24	7
16.38	23.08	7
16.28	19.54	7
27.85	17.73	7
32.34	35.9	7
32.42	37.14	7
62.48	58.95	7
89.18	91.15	7
157.26	140.36	7
295.18	256.81	7
561.1	479.64	7
1068.6	887.02	7
2085.78	1741.64	7
3110.46	2486.73	7
4182.7	3304.43	7
5067.87	4015.09	7
6076.06	4880.8	7
7139.01	5535.34	7
8114.12	6532.12	7
9130.58	7346.79	7
1.07	0.98	7
1.35	1.31	7
1.72	1.65	7
2.74	2.48	7
3.79	4.34	7
7.83	7.22	7
10.23	12.84	7
17.3	18.52	7
19.11	19.24	7
13.9	15.03	7
25.21	13.56	7
33.47	15.42	7
32.26	33.07	7
30.26	33.52	7
43.71	62.99	7
74.32	131.39	7
137.17	256.12	7
235.04	481.35	7
452.49	988.01	7
892.25	2029.2	7
1712.42	3798.86	7
2521.0	5877.23	7
3301.21	7784.64	7
4086.07	9396.57	7
4883.07	11663.47	7
5813.9	12740.55	7
6534.66	15500.2	7
7398.3	16922.88	7
1.14	1.09	7
1.17	1.22	7
1.72	1.67	7
2.52	2.53	7
4.23	4.22	7
7.0	7.25	7
13.54	10.36	7
23.23	19.29	7
20.6	25.29	7
21.23	20.57	7
23.67	26.07	7
18.79	30.69	7
32.1	27.39	7
37.36	39.21	7
53.06	55.57	7
85.1	97.82	7
153.2	141.38	7
285.88	272.89	7
557.45	540.86	7
1070.07	1004.94	7
2088.89	1972.62	7
3057.29	2683.2	7
4079.89	3712.36	7
5130.53	4396.36	7
6073.49	5599.36	7
6597.71	6554.2	7
8154.93	7118.24	7
9197.62	8540.63	7
0.94	0.94	8
1.22	1.09	8
1.7	1.56	8
2.17	2.45	8
4.21	3.62	8
5.78	6.88	8
10.71	11.69	8
19.35	17.3	8
17.49	21.24	8
25.78	23.93	8
18.3	24.71	8
28.92	32.93	8
25.56	31.48	8
38.64	50.96	8
55.34	61.13	8
93.38	142.07	8
173.09	272.53	8
316.59	531.92	8
615.87	1047.93	8
1196.01	2083.57	8
2338.28	4174.02	8
3473.85	6087.47	8
4548.79	8057.89	8
5686.07	10133.65	8
6905.2	12200.51	8
7990.85	14101.52	8
9073.95	16071.05	8
10211.58	18298.08	8
0.82	0.85	8
1.14	1.2	8
1.65	1.73	8
2.51	2.57	8
4.14	4.33	8
6.41	6.04	8
13.15	8.96	8
17.35	15.76	8
18.39	19.22	8
15.27	21.2	8
25.82	21.92	8
30.17	34.25	8
32.21	31.53	8
40.74	38.48	8
46.24	49.25	8
82.33	72.57	8
123.99	116.72	8
226.82	174.58	8
425.89	311.06	8
803.88	626.05	8
1560.7	1126.83	8
2300.22	1557.33	8
3069.68	2068.38	8
3780.52	2683.81	8
4587.8	3191.52	8
5236.53	3604.06	8
6017.15	4327.26	8
6687.28	4718.17	8
0.95	0.89	8
1.19	1.16	8
1.62	1.53	8
2.38	2.42	8
4.2	4.3	8
7.36	5.6	8
12.95	10.29	8
16.11	15.58	8
14.59	22.99	8
15.7	17.18	8
21.33	23.65	8
19.77	35.39	8
23.2	34.5	8
42.66	54.59	8
50.27	78.09	8
93.44	143.93	8
157.03	290.79	8
297.35	567.75	8
573.47	1139.98	8
1112.59	2277.72	8
2160.46	4354.32	8
3222.85	6719.98	8
4204.63	8237.93	8
5258.4	10635.14	8
6297.76	12778.08	8
7295.27	14421.6	8
8265.37	16985.07	8
9403.05	19828.76	8
1.06	0.85	8
1.17	1.08	8
1.64	1.68	8
2.53	2.49	8
4.3	4.24	8
7.61	7.64	8
13.35	11.81	8
19.03	10.01	8
16.08	24.5	8
21.37	20.63	8
22.42	21.89	8
19.55	29.25	8
24.77	25.47	8
44.72	41.45	8
53.7	51.29	8
73.17	77.92	8
113.54	127.74	8
218.11	237.97	8
416.24	433.7	8
796.72	745.59	8
1536.06	1601.93	8
2300.91	2031.24	8
3004.1	3142.55	8
3738.49	3751.69	8
4450.59	4006.47	8
5257.19	5321.04	8
5986.95	5416.75	8
6612.23	6972.71	8
1.25	1.16	9
1.48	1.46	9
1.56	1.39	9
1.37	1.49	9
2.63	2.02	9
2.46	2.58	9
3.75	3.3	9
4.45	4.52	9
6.3	6.11	9
8.85	9.62	9
15.17	15.71	9
25.33	26.52	9
46.88	47.4	9
83.94	88.2	9
161.68	165.99	9
320.93	323.3	9
616.69	608.56	9
930.16	952.4	9
1243.47	1305.78	9
1500.62	1582.45	9
1893.52	1853.16	9
2100.69	2104.23	9
2441.09	2332.99	9
2704.33	2696.74	9
1.49	1.28	9
1.32	1.36	9
1.67	1.67	9
2.21	2.18	9
2.59	2.9	9
3.79	3.88	9
5.1	4.57	9
6.66	7.2	9
12.15	11.46	9
20.42	20.31	9
38.34	39.51	9
75.67	75.38	9
147.26	147.41	9
288.79	290.69	9
581.16	585.92	9
1163.08	1166.66	9
2273.31	2274.14	9
3373.52	3376.87	9
4482.81	4473.72	9
5609.38	5597.34	9
6719.09	6732.06	9
7858.51	7862.99	9
8971.72	8985.75	9
10103.85	10097.31	9
1.12	1.33	9
1.53	1.35	9
1.39	1.48	9
1.92	1.7	9
2.33	2.21	9
3.03	2.81	9
3.64	3.97	9
4.03	4.55	9
5.74	5.96	9
9.04	8.98	9
13.6	15.01	9
22.92	22.92	9
40.23	40.89	9
79.21	78.89	9
147.18	147.53	9
291.71	296.63	9
529.73	534.91	9
779.0	793.76	9
1038.63	1039.62	9
1283.17	1283.74	9
1520.76	1530.32	9
1818.81	1823.0	9
2051.39	2072.21	9
2301.82	2315.1	9
1.21	1.2	9
1.55	1.46	9
1.73	1.58	9
2.5	2.27	9
2.97	3.15	9
3.98	3.9	9
4.69	5.06	9
7.45	7.37	9
11.67	11.62	9
20.53	21.1	9
37.27	37.19	9
73.33	73.05	9
142.03	141.67	9
282.72	281.36	9
558.64	562.67	9
1131.57	1131.79	9
2196.38	2193.69	9
3277.63	3285.34	9
4347.72	4351.71	9
5423.09	5424.57	9
6502.16	6492.76	9
7568.67	7555.05	9
8627.91	8635.41	9
9698.7	9717.17	9
1.18	1.7	10
1.29	1.42	10
1.64	1.7	10
2.1	1.95	10
2.25	2.39	10
2.82	3.7	10
3.7	3.9	10
6.05	6.41	10
9.63	9.65	10
17.88	17.64	10
34.33	32.28	10
61.6	62.58	10
119.11	119.55	10
236.73	234.04	10
462.61	464.36	10
920.09	905.08	10
1781.84	1799.36	10
2676.7	2667.32	10
3514.14	3529.0	10
4425.14	4368.41	10
5268.3	5252.13	10
6153.35	6111.74	10
7010.44	7001.51	10
7875.38	7879.72	10
1.81	1.27	10
1.31	1.4	10
1.78	1.87	10
2.29	2.39	10
3.32	3.11	10
3.86	3.84	10
4.91	5.4	10
7.46	7.55	10
11.9	12.3	10
21.4	20.74	10
39.4	40.05	10
76.44	75.52	10
147.92	149.4	10
296.62	293.59	10
581.21	590.15	10
1159.7	1166.98	10
2261.27	2252.72	10
3361.86	3354.81	10
4444.52	4456.4	10
5549.62	5561.72	10
6643.16	6670.52	10
7738.98	7758.11	10
8853.68	8859.31	10
9965.76	9960.17	10
1.25	1.33	10
1.98	1.52	10
1.82	1.76	10
1.95	2.09	10
2.46	3.0	10
3.08	3.15	10
4.31	3.86	10
6.58	5.83	10
10.11	10.24	10
18.89	17.2	10
30.01	30.8	10
57.43	57.96	10
113.91	109.87	10
221.7	222.76	10
422.24	429.42	10
836.65	844.6	10
1677.9	1612.36	10
2399.32	2454.32	10
3268.52	3240.32	10
4061.22	4094.61	10
4762.5	4866.73	10
5618.2	5613.99	10
6441.04	6380.5	10
7236.78	7207.27	10
1.35	1.27	10
1.47	1.48	10
1.65	1.82	10
2.11	2.59	10
3.32	3.37	10
3.8	3.85	10
4.96	5.44	10
7.95	7.79	10
12.65	12.5	10
21.49	21.13	10
40.81	40.02	10
76.94	76.45	10
150.9	152.08	10
298.52	300.88	10
597.13	595.67	10
1182.43	1188.45	10
2306.95	2295.72	10
3405.4	3423.11	10
4522.9	4528.09	10
5651.45	5643.28	10
6763.38	6768.71	10
7886.96	7869.09	10
8992.15	9003.76	10
10126.35	10128.75	10
1.25	1.34	11
1.44	1.77	11
1.76	1.71	11
2.35	2.41	11
3.0	3.31	11
3.29	3.74	11
4.76	4.8	11
7.21	6.97	11
11.65	12.01	11
20.34	20.51	11
38.02	38.08	11
73.84	74.62	11
144.36	145.85	11
282.74	285.55	11
564.43	565.8	11
1132.13	1124.04	11
2208.81	2211.7	11
3298.9	3292.98	11
4363.61	4371.35	11
5440.34	5445.12	11
6524.83	6534.01	11
7611.63	7619.09	11
8675.4	8708.89	11
9782.69	9775.15	11
1.29	1.17	11
1.48	1.5	11
1.71	1.63	11
1.89	1.91	11
2.18	2.34	11
2.84	2.79	11
3.85	3.8	11
5.7	5.95	11
10.04	9.96	11
17.88	18.03	11
31.42	32.28	11
60.32	61.84	11
116.52	119.28	11
228.68	229.78	11
452.1	457.89	11
917.7	915.64	11
1795.47	1767.75	11
2607.17	2634.78	11
3521.69	3500.21	11
4392.04	4354.68	11
5162.58	5239.74	11
6094.56	6079.29	11
6916.61	6954.0	11
7821.93	7883.39	11
2.01	1.33	11
1.54	2.1	11
1.75	1.76	11
2.48	2.41	11
3.22	3.54	11
3.63	4.11	11
5.06	5.44	11
7.71	7.56	11
11.84	12.01	11
20.92	20.58	11
39.05	38.77	11
74.39	75.77	11
145.28	145.86	11
287.06	287.62	11
571.11	572.34	11
1141.15	1140.14	11
2234.25	2232.15	11
3337.53	3333.12	11
4416.35	4426.72	11
5507.23	5510.81	11
6595.53	6596.94	11
7722.03	7684.27	11
8775.71	8777.96	11
9830.25	9871.08	11
1.23	1.31	11
1.56	1.53	11
1.64	1.84	11
2.18	2.23	11
2.38	2.54	11
2.96	2.9	11
4.15	4.05	11
6.49	6.6	11
9.65	10.24	11
17.03	16.79	11
31.08	31.03	11
58.29	56.58	11
109.3	111.37	11
215.97	220.26	11
425.17	427.61	11
834.74	829.02	11
1657.9	1678.22	11
2450.62	2488.77	11
3238.39	3260.02	11
4070.26	4052.46	11
4906.67	4866.66	11
6216.17	5748.33	11
6513.85	6482.84	11
7371.63	7268.89	11
1.26	1.31	12
1.4	1.34	12
1.83	1.78	12
2.07	2.09	12
3.0	2.85	12
3.46	3.21	12
5.64	4.48	12
6.2	7.28	12
11.58	11.47	12
20.98	20.61	12
39.32	38.3	12
76.67	75.67	12
149.86	152.0	12
297.35	298.52	12
593.71	590.41	12
1177.6	1181.45	12
2280.3	2292.76	12
3389.25	3391.37	12
4489.9	4490.71	12
5594.15	5605.29	12
6721.06	6730.25	12
7853.07	7857.49	12
8976.47	8963.07	12
10082.42	10106.44	12
1.31	1.32	12
1.46	1.32	12
1.62	1.64	12
1.76	1.67	12
1.95	2.13	12
2.46	2.54	12
3.26	3.25	12
4.41	4.58	12
6.13	6.62	12
9.3	9.59	12
15.4	15.52	12
26.49	26.75	12
45.26	45.57	12
86.31	85.28	12
162.25	163.71	12
330.38	330.29	12
622.17	611.17	12
900.34	927.94	12
1220.38	1208.19	12
1530.85	1542.89	12
1793.72	1895.21	12
2123.77	2184.83	12
2307.79	2475.53	12
2696.53	2799.41	12
1.39	1.23	12
1.38	1.41	12
1.64	1.78	12
2.35	2.2	12
2.73	3.19	12
3.6	3.6	12
4.67	4.24	12
6.68	7.06	12
11.83	11.59	12
20.95	21.19	12
38.12	38.78	12
73.44	75.17	12
145.99	147.44	12
291.15	286.23	12
576.02	576.73	12
1146.36	1146.61	12
2220.26	2227.12	12
3285.74	3290.49	12
4359.81	4347.55	12
5434.4	5435.31	12
6508.6	6509.85	12
7555.77	7587.81	12
8634.88	8628.82	12
9691.79	9691.87	12
1.33	1.32	12
1.38	1.52	12
1.61	1.37	12
1.84	1.89	12
2.33	2.27	12
2.65	2.99	12
3.87	3.97	12
4.15	4.48	12
6.06	6.19	12
9.05	9.47	12
14.29	14.08	12
23.27	22.95	12
39.48	39.97	12
72.13	74.98	12
136.89	141.22	12
270.74	265.73	12
525.59	529.78	12
783.06	777.27	12
1031.08	1032.86	12
1312.84	1325.71	12
1564.1	1584.38	12
1804.64	1812.73	12
2089.19	2062.61	12
2353.98	2366.87	12
1.12	1.02	13
1.11	1.09	13
1.41	1.32	13
1.89	1.87	13
2.22	2.68	13
3.82	3.39	13
4.63	3.84	13
4.02	5.34	13
6.36	6.25	13
8.21	8.51	13
11.56	11.25	13
17.74	17.99	13
30.26	30.45	13
54.47	55.78	13
102.62	103.92	13
197.62	201.83	13
385.59	393.24	13
744.1	751.36	13
1093.55	1126.73	13
1473.07	1475.02	13
1832.79	1837.25	13
2178.03	2205.03	13
2504.54	2570.3	13
2885.82	2909.15	13
3260.18	3261.57	13
1.1	1.1	13
1.25	1.17	13
1.36	1.35	13
1.76	1.95	13
2.22	2.57	13
3.02	3.38	13
3.6	3.89	13
4.84	4.53	13
6.63	7.35	13
9.6	10.8	13
14.21	14.98	13
25.24	25.76	13
44.89	45.32	13
83.34	84.91	13
161.84	164.87	13
311.72	319.41	13
614.8	627.16	13
1199.38	1206.54	13
1800.23	1786.11	13
2378.67	2415.27	13
2944.3	2950.0	13
3531.07	3826.81	13
4112.43	4118.15	13
4682.27	4722.11	13
5324.18	5293.9	13
1.11	1.06	13
1.09	1.17	13
1.46	1.49	13
2.08	2.06	13
2.99	2.71	13
2.99	4.36	13
4.02	3.57	13
4.47	4.95	13
6.08	5.11	13
7.09	7.42	13
9.9	10.5	13
16.71	15.9	13
27.94	27.81	13
49.15	50.6	13
91.23	92.83	13
175.25	174.64	13
337.0	345.79	13
634.6	663.01	13
979.38	991.98	13
1282.68	1294.33	13
1601.65	1578.2	13
1898.75	1893.73	13
2202.95	2286.15	13
2490.46	2572.03	13
2838.38	2881.95	13
1.01	1.21	13
1.18	1.18	13
1.36	1.4	13
2.22	2.17	13
3.18	2.38	13
3.04	3.67	13
3.96	4.01	13
4.67	6.08	13
7.17	6.67	13
9.72	9.28	13
13.51	13.92	13
22.69	23.9	13
41.78	40.85	13
78.26	79.5	13
152.93	153.25	13
299.06	299.47	13
573.13	580.42	13
1152.89	1134.75	13
1667.64	1640.48	13
2254.63	2221.96	13
2757.01	2768.32	13
3258.02	3349.7	13
3802.93	3806.15	13
4300.6	4299.06	13
4962.78	4924.7	13
0.98	0.89	14
1.12	1.18	14
1.51	1.45	14
1.96	1.95	14
2.87	2.84	14
3.13	3.4	14
3.31	3.43	14
4.48	4.39	14
6.63	6.98	14
9.84	9.84	14
15.32	15.01	14
23.97	26.05	14
45.71	45.26	14
83.51	84.5	14
161.8	162.2	14
315.78	316.38	14
611.74	623.79	14
1197.11	1183.98	14
1783.97	1793.52	14
2383.77	2379.64	14
2898.9	2969.18	14
3488.22	3505.64	14
4084.81	4065.01	14
4633.32	4675.74	14
5249.52	5258.18	14
1.03	0.85	14
1.26	1.26	14
1.35	1.4	14
2.0	2.09	14
2.78	2.23	14
3.74	2.68	14
3.76	4.63	14
4.36	4.56	14
6.06	6.97	14
7.43	8.06	14
10.98	11.16	14
17.34	18.04	14
30.14	31.21	14
54.36	54.24	14
100.63	101.94	14
193.98	196.28	14
376.96	373.8	14
733.66	734.52	14
1056.1	1100.93	14
1425.62	1445.69	14
1758.71	1772.35	14
2124.63	2112.71	14
2473.28	2473.02	14
2833.47	2831.06	14
3121.3	3177.88	14
1.08	1.03	14
1.21	1.15	14
1.36	1.51	14
2.13	1.77	14
2.85	2.47	14
3.25	3.39	14
4.79	3.78	14
5.07	4.5	14
7.09	6.81	14
9.08	9.41	14
14.32	14.08	14
23.59	24.62	14
42.96	44.43	14
77.75	78.57	14
151.05	151.68	14
297.45	291.32	14
581.61	571.75	14
1123.41	1110.58	14
1622.69	1633.73	14
2209.22	2192.57	14
2672.2	2720.24	14
3234.64	3227.66	14
3781.66	3782.21	14
4360.45	4322.66	14
4842.38	4837.77	14
1.06	1.01	14
1.17	1.09	14
1.64	1.47	14
1.94	1.88	14
2.69	2.68	14
2.88	4.01	14
3.97	4.01	14
4.48	4.72	14
6.34	5.91	14
7.94	8.46	14
10.73	11.88	14
16.05	16.01	14
27.24	28.67	14
48.85	50.19	14
93.91	93.61	14
174.72	178.09	14
348.93	350.73	14
671.99	671.82	14
980.22	1002.92	14
1331.36	1295.9	14
1621.22	1645.82	14
1909.44	1923.02	14
2266.16	2251.3	14
2579.88	2523.57	14
2874.63	2816.11	14
1.14	1.51	15
1.2	1.4	15
1.4	1.49	15
2.15	1.88	15
2.25	2.6	15
2.91	3.08	15
4.36	3.74	15
5.24	5.54	15
6.05	6.37	15
8.81	8.76	15
11.45	11.61	15
17.47	18.28	15
29.93	30.09	15
55.06	54.2	15
101.02	100.72	15
191.16	193.09	15
382.5	379.18	15
733.64	727.35	15
1068.05	1089.98	15
1417.65	1421.82	15
1773.72	1769.79	15
2097.78	2105.14	15
2457.18	2460.1	15
2820.17	2842.58	15
3102.26	3150.68	15
1.05	1.52	15
1.28	1.31	15
1.35	1.54	15
1.97	1.84	15
2.77	2.88	15
2.99	3.21	15
3.65	3.63	15
4.88	4.89	15
7.2	6.99	15
9.57	10.04	15
14.61	15.18	15
25.03	26.29	15
43.34	46.84	15
83.32	82.96	15
159.96	162.94	15
312.44	314.23	15
611.26	631.81	15
1211.84	1213.02	15
1777.78	1788.15	15
2358.61	2382.26	15
2902.31	2924.33	15
3522.65	3524.53	15
4100.17	4111.72	15
4641.62	4659.88	15
5203.71	5211.65	15
1.05	1.17	15
1.14	1.19	15
1.44	1.37	15
2.02	2.15	15
2.96	2.51	15
3.55	3.17	15
4.69	4.6	15
4.96	4.42	15
5.61	5.67	15
8.05	7.82	15
9.91	11.36	15
15.83	17.54	15
28.62	26.77	15
47.88	50.49	15
91.17	94.23	15
178.49	177.84	15
342.35	349.89	15
668.78	665.61	15
1001.26	977.6	15
1271.58	1282.95	15
1583.8	1622.51	15
1904.51	1955.84	15
2227.09	2193.26	15
2604.86	2576.67	15
2833.51	2830.91	15
1.11	1.07	15
1.14	1.31	15
1.44	1.44	15
1.98	1.96	15
2.86	3.07	15
2.98	3.61	15
4.21	3.64	15
5.54	5.02	15
7.12	6.48	15
8.72	8.74	15
14.25	14.31	15
23.62	25.3	15
41.79	41.6	15
76.21	76.76	15
151.47	149.21	15
290.94	290.67	15
576.68	562.71	15
1116.41	1133.96	15
1634.58	1674.87	15
2189.13	2200.25	15
2683.91	2667.06	15
3314.72	3275.3	15
3749.92	3708.24	15
4416.01	4321.92	15
4891.92	4788.95	15
1.21	1.31	16
1.15	1.23	16
1.55	1.35	16
1.95	1.84	16
2.84	2.89	16
3.23	3.9	16
3.77	4.22	16
5.48	4.81	16
6.24	7.04	16
9.8	9.84	16
15.12	16.0	16
25.41	26.2	16
45.18	44.62	16
83.64	85.74	16
161.81	163.31	16
315.76	317.65	16
623.79	625.84	16
1217.69	1197.23	16
1791.56	1795.1	16
2387.22	2356.34	16
2944.68	2969.55	16
3493.24	3575.0	16
4135.9	4119.07	16
4716.16	4778.33	16
5298.9	5317.07	16
1.16	1.17	16
1.26	1.24	16
2.1	1.57	16
2.04	2.07	16
2.48	2.78	16
3.57	3.83	16
4.09	4.02	16
4.48	4.9	16
6.6	5.41	16
8.61	7.88	16
11.08	10.79	16
17.54	18.65	16
29.75	30.73	16
54.26	54.88	16
104.65	103.67	16
199.69	199.23	16
384.89	387.07	16
750.37	752.61	16
1114.63	1114.48	16
1474.17	1485.01	16
1832.64	1828.74	16
2165.04	2205.99	16
2533.04	2550.65	16
2907.44	2880.29	16
3316.95	3252.76	16
1.14	1.02	16
1.32	1.31	16
1.38	1.3	16
1.99	1.88	16
2.98	2.92	16
3.53	3.26	16
4.17	4.19	16
4.6	4.17	16
6.81	6.71	16
9.7	10.01	16
14.76	14.52	16
23.55	23.58	16
42.89	43.15	16
78.74	78.82	16
149.44	151.71	16
295.93	293.32	16
590.18	573.41	16
1109.38	1141.29	16
1676.49	1666.85	16
2212.46	2207.88	16
2683.41	2800.27	16
3264.33	3344.66	16
3813.72	3830.19	16
4393.92	4348.18	16
4817.95	4874.53	16
1.17	1.09	16
1.17	1.72	16
1.48	1.41	16
2.17	1.96	16
2.74	2.87	16
3.41	3.43	16
4.33	3.4	16
4.44	4.39	16
6.68	6.38	16
7.43	7.14	16
10.52	10.04	16
16.44	16.74	16
28.09	27.71	16
49.62	49.68	16
90.66	92.77	16
172.52	173.55	16
342.51	332.16	16
648.2	658.19	16
960.51	950.25	16
1320.25	1260.75	16
1617.65	1622.95	16
1928.92	1954.53	16
2216.03	2254.04	16
2525.39	2571.2	16
2847.12	2848.12	16
1.2	1.0	17
1.44	1.23	17
1.54	1.63	17
2.06	2.05	17
2.64	2.88	17
3.11	3.31	17
3.27	3.56	17
3.58	3.13	17
3.68	4.3	17
4.4	4.38	17
5.54	5.67	17
8.26	7.87	17
12.85	11.27	17
20.95	18.68	17
39.13	33.75	17
70.01	57.79	17
131.54	102.32	17
260.07	198.17	17
505.5	386.41	17
1002.19	841.24	17
1960.13	1631.75	17
2903.39	2135.99	17
3759.6	2868.09	17
4832.94	3623.64	17
5715.47	4136.19	17
6632.32	5555.39	17
7629.49	5624.85	17
8473.68	6571.41	17
1.06	0.97	17
1.26	1.24	17
1.57	1.6	17
2.12	2.21	17
2.73	2.72	17
3.16	3.13	17
3.49	3.24	17
4.0	4.2	17
5.68	5.49	17
6.8	7.71	17
10.69	13.25	17
16.6	23.89	17
27.83	43.72	17
42.85	83.07	17
72.72	160.82	17
143.84	317.16	17
275.0	509.2	17
543.67	1233.6	17
1079.07	1996.39	17
2157.69	4941.71	17
4233.42	9689.98	17
6303.3	14530.43	17
8349.5	19144.68	17
10354.51	23639.08	17
12478.81	28413.23	17
14483.03	32856.47	17
16543.43	38052.41	17
18634.5	42498.61	17
1.0	1.11	17
1.24	1.23	17
1.47	1.82	17
2.59	2.24	17
2.75	2.81	17
3.11	3.36	17
3.24	3.27	17
4.15	3.58	17
3.67	4.17	17
4.76	5.07	17
7.36	6.75	17
7.86	9.68	17
11.93	15.2	17
20.07	22.06	17
33.88	37.02	17
57.38	60.47	17
104.63	109.38	17
197.92	200.81	17
385.93	381.31	17
761.82	754.39	17
1471.8	1443.18	17
2166.1	2197.05	17
2922.24	2755.93	17
3592.63	3619.13	17
4199.2	4227.85	17
5095.9	4895.72	17
5741.3	5809.26	17
6470.6	6381.56	17
1.06	2.32	17
1.76	1.21	17
1.59	1.55	17
2.18	2.02	17
2.54	2.71	17
3.0	3.02	17
3.49	3.65	17
4.36	4.01	17
4.9	5.63	17
6.53	8.73	17
9.95	13.86	17
15.72	24.66	17
23.59	45.66	17
41.13	85.4	17
78.03	132.37	17
145.79	320.51	17
286.77	619.61	17
562.48	1238.51	17
1113.38	2457.24	17
2242.84	4986.7	17
4354.28	9606.58	17
6470.68	14259.68	17
8608.07	19078.8	17
10700.23	23666.62	17
12824.64	28588.05	17
14901.85	33260.93	17
16923.33	37906.4	17
19179.32	42741.42	17
1.12	1.23	18
1.91	1.5	18
1.61	1.74	18
2.17	2.15	18
2.61	2.78	18
3.25	3.23	18
3.64	3.42	18
3.62	4.06	18
4.47	4.04	18
5.37	4.99	18
6.41	6.29	18
9.15	8.61	18
14.41	13.68	18
26.0	22.6	18
46.81	40.98	18
87.06	78.14	18
166.69	144.53	18
327.73	294.38	18
645.99	567.99	18
1279.14	1182.5	18
2522.87	2149.85	18
3680.4	3338.55	18
4956.09	4444.54	18
6196.97	6101.2	18
7447.06	6476.8	18
8654.2	7497.3	18
9668.63	8705.61	18
11120.31	9779.21	18
1.11	1.16	18
1.36	1.44	18
1.6	2.27	18
2.8	2.47	18
2.69	2.6	18
3.24	3.44	18
3.3	3.58	18
4.03	3.93	18
5.58	5.45	18
7.1	7.92	18
9.94	13.16	18
13.99	22.89	18
21.45	42.94	18
37.74	79.31	18
71.61	156.93	18
132.5	303.16	18
264.04	605.99	18
512.04	1177.74	18
1017.15	2372.35	18
2015.6	4696.86	18
3957.49	9201.89	18
5879.42	13706.83	18
7809.84	18282.82	18
9752.35	22598.72	18
11655.32	26810.14	18
13597.57	32001.64	18
15466.9	36211.61	18
17458.69	40542.4	18
1.72	1.19	18
1.94	1.31	18
1.76	1.56	18
2.27	2.09	18
3.01	2.66	18
3.07	3.17	18
3.72	3.55	18
3.79	3.59	18
4.22	4.05	18
4.94	6.18	18
6.87	6.91	18
9.0	9.85	18
13.99	18.01	18
23.36	27.26	18
41.2	43.23	18
75.59	82.05	18
143.08	148.72	18
280.15	296.09	18
545.44	578.83	18
1098.99	1152.86	18
2129.6	2186.95	18
3108.04	3414.66	18
4040.15	4405.93	18
5150.86	5454.22	18
6216.01	6491.74	18
7225.51	7673.66	18
8251.16	8545.51	18
9413.84	9497.1	18
1.2	1.12	18
1.39	1.4	18
2.03	1.46	18
1.94	2.07	18
2.82	2.92	18
3.15	3.75	18
3.77	3.73	18
4.28	4.42	18
5.63	5.47	18
7.07	8.38	18
10.71	13.44	18
13.94	23.8	18
27.32	43.7	18
39.87	67.47	18
74.03	156.44	18
138.53	304.57	18
270.56	485.32	18
532.77	1190.51	18
1059.31	2360.15	18
2110.72	4697.9	18
4140.44	9255.75	18
6156.85	13622.78	18
8167.27	18055.08	18
10199.76	22561.43	18
12169.97	27091.61	18
14238.54	32073.36	18
16266.43	35956.97	18
18247.55	40420.04	18
1.09	1.14	19
1.43	1.31	19
1.73	1.66	19
2.15	2.21	19
2.61	2.83	19
3.45	3.15	19
3.46	3.87	19
4.51	4.09	19
5.06	5.38	19
6.57	8.04	19
9.62	12.92	19
12.14	23.1	19
24.77	42.71	19
37.5	81.13	19
68.6	153.46	19
133.56	303.73	19
264.9	598.2	19
504.97	1191.84	19
1007.81	2346.78	19
2011.03	4702.07	19
3954.84	9146.92	19
5869.93	13600.64	19
7805.7	18076.22	19
9733.83	22964.41	19
11676.39	26880.13	19
13563.36	31607.28	19
15529.15	36006.0	19
17414.54	40349.19	19
1.1	1.15	19
1.4	1.23	19
1.79	1.61	19
2.25	2.06	19
2.88	2.77	19
3.15	2.93	19
3.43	3.24	19
3.69	3.61	19
4.19	4.03	19
5.18	4.53	19
6.25	6.55	19
9.7	8.7	19
15.22	13.18	19
24.91	23.71	19
45.74	40.66	19
86.02	76.91	19
172.32	146.16	19
324.86	289.45	19
646.53	595.67	19
1282.46	1141.41	19
2472.77	2309.89	19
3675.16	3225.66	19
4878.61	4594.23	19
6651.62	6024.68	19
7309.24	6673.47	19
8640.5	7630.74	19
9732.64	9099.6	19
11122.24	9615.46	19
1.17	1.18	19
1.41	1.52	19
1.75	1.7	19
2.17	2.43	19
2.96	2.69	19
3.11	3.1	19
3.35	3.92	19
4.28	4.58	19
5.57	5.91	19
7.93	8.41	19
10.57	13.54	19
15.41	23.64	19
20.49	35.67	19
41.11	82.84	19
73.91	128.18	19
137.18	250.41	19
276.63	597.6	19
529.51	1176.38	19
1048.86	2353.39	19
2115.91	3811.76	19
4133.87	9231.73	19
6140.7	13501.34	19
8153.51	18063.43	19
10180.53	22775.22	19
12192.69	27138.65	19
14197.13	32029.31	19
16171.55	35765.87	19
18237.67	40388.28	19
1.12	1.26	19
1.35	1.44	19
1.7	1.91	19
2.2	2.28	19
2.8	3.06	19
3.42	3.24	19
3.76	3.47	19
3.55	3.55	19
3.99	4.31	19
5.13	5.53	19
7.33	7.77	19
10.53	10.85	19
14.4	18.42	19
23.93	27.63	19
41.5	44.76	19
75.09	80.37	19
143.15	156.01	19
276.02	292.5	19
558.91	569.9	19
1086.99	1130.21	19
2105.35	2142.22	19
3129.6	3346.9	19
4152.6	4339.48	19
5205.63	5457.48	19
6175.49	6537.32	19
7255.55	7632.81	19
8259.44	8750.86	19
9253.4	9795.63	19
1.05	1.1	20
1.42	1.29	20
1.63	1.58	20
2.35	2.29	20
2.52	2.81	20
2.82	3.31	20
3.42	3.56	20
4.08	4.32	20
4.99	4.94	20
7.16	8.06	20
10.27	13.52	20
15.79	19.5	20
22.37	42.88	20
39.68	83.99	20
72.55	161.27	20
140.37	318.44	20
272.5	625.14	20
548.97	1239.16	20
1083.03	2501.79	20
2153.53	4913.29	20
4213.5	9570.39	20
6264.89	14250.62	20
8366.7	18936.05	20
10403.88	23620.29	20
12470.15	28502.46	20
14497.69	33053.65	20
16526.77	30390.9	20
18626.18	42808.56	20
0.97	1.15	20
1.16	1.23	20
1.56	1.62	20
1.94	2.2	20
2.55	2.99	20
2.63	2.88	20
3.27	3.21	20
3.32	3.54	20
4.13	4.05	20
4.95	4.74	20
6.09	5.59	20
7.89	7.34	20
13.02	11.8	20
21.42	19.18	20
37.93	31.9	20
70.12	55.59	20
132.4	103.22	20
257.06	194.18	20
512.91	395.42	20
1006.63	750.37	20
1915.12	1447.84	20
2934.92	2118.18	20
3861.57	2789.43	20
4738.17	3548.56	20
5638.88	4257.27	20
6770.08	4830.42	20
7765.45	5765.82	20
8615.35	6474.11	20
1.06	1.05	20
1.25	1.2	20
1.54	1.73	20
1.92	2.24	20
3.21	2.69	20
2.99	3.23	20
3.48	3.54	20
3.7	4.48	20
5.63	5.65	20
7.59	8.22	20
10.68	11.77	20
14.1	19.78	20
23.28	44.8	20
41.53	83.75	20
77.05	163.01	20
144.36	318.35	20
284.17	640.27	20
559.05	1237.72	20
1108.28	2474.61	20
2224.08	4926.75	20
4353.33	9583.45	20
6463.04	14360.6	20
8600.39	15541.69	20
10722.9	23622.09	20
12834.77	28227.1	20
14960.47	33445.05	20
17023.81	37810.75	20
19137.43	42679.6	20
1.08	1.07	20
1.31	1.29	20
1.65	1.43	20
1.89	2.24	20
2.53	2.69	20
2.72	3.13	20
3.17	3.71	20
3.7	3.38	20
3.97	4.2	20
5.43	5.41	20
5.83	7.26	20
7.92	10.34	20
13.01	16.02	20
19.78	24.08	20
32.62	36.59	20
57.06	59.89	20
104.61	109.52	20
203.86	200.09	20
398.62	397.78	20
765.01	730.39	20
1513.47	1505.14	20
2224.73	2178.69	20
2893.65	2779.97	20
3587.64	3584.14	20
4340.62	4360.91	20
5130.42	5098.65	20
5694.25	5783.93	20
6439.6	6381.79	20
1.07	1.17	21
1.13	1.25	21
0.86	1.17	21
1.01	1.12	21
1.1	1.15	21
1.16	1.3	21
1.35	1.63	21
1.56	1.68	21
1.76	1.98	21
2.4	2.17	21
2.69	2.94	21
3.94	4.13	21
6.4	6.31	21
11.33	11.4	21
20.22	19.54	21
37.47	36.37	21
71.92	68.86	21
138.99	134.95	21
277.94	254.22	21
522.17	488.32	21
767.73	743.63	21
1032.6	965.35	21
1302.76	1214.9	21
1530.33	1454.92	21
1784.87	1689.1	21
2048.82	1928.45	21
2307.28	2272.54	21
0.98	1.12	21
0.93	1.03	21
0.96	1.02	21
0.88	1.06	21
1.05	1.04	21
1.02	1.08	21
1.34	1.28	21
1.62	1.6	21
2.12	2.18	21
3.22	3.44	21
4.16	5.79	21
7.0	10.3	21
17.86	20.47	21
23.99	40.44	21
46.82	77.5	21
90.78	154.55	21
184.55	303.16	21
463.84	590.98	21
714.97	1194.7	21
2100.37	2349.92	21
2124.89	3345.12	21
2706.81	4671.38	21
3402.96	5747.77	21
4037.81	6662.74	21
4813.52	7780.62	21
5410.09	9175.28	21
6053.27	10272.03	21
0.89	1.08	21
1.07	1.08	21
0.96	1.11	21
0.98	1.24	21
1.16	1.26	21
0.98	1.45	21
1.41	1.81	21
1.53	1.85	21
1.82	2.05	21
2.32	2.62	21
2.81	3.06	21
4.15	4.49	21
6.03	7.36	21
10.23	12.62	21
18.53	19.82	21
33.27	36.48	21
63.8	79.52	21
124.88	142.89	21
240.49	287.61	21
459.28	613.92	21
682.95	913.94	21
907.52	1074.47	21
1128.35	1377.64	21
1361.48	1605.52	21
1555.15	1856.62	21
1753.28	2204.37	21
1988.83	2654.81	21
0.95	1.22	21
0.99	1.18	21
1.0	1.26	21
1.04	1.08	21
1.14	1.13	21
1.12	1.29	21
1.24	1.5	21
1.66	1.94	21
2.4	2.66	21
2.77	3.85	21
4.1	6.63	21
7.26	11.72	21
18.76	22.46	21
30.81	42.52	21
59.76	84.86	21
116.42	166.24	21
183.54	326.73	21
362.68	659.99	21
729.6	1315.35	21
1505.45	2552.04	21
2101.35	3759.49	21
2783.84	5012.14	21
3448.17	6138.62	21
4150.88	7595.54	21
4853.85	8580.04	21
5540.14	10160.17	21
6242.7	11246.46	21
0.97	1.03	22
1.11	1.14	22
0.98	1.21	22
1.08	1.1	22
1.19	1.43	22
1.14	1.14	22
1.32	1.32	22
1.49	1.62	22
2.19	1.86	22
2.29	2.38	22
3.55	3.79	22
5.84	5.83	22
10.28	9.93	22
19.38	18.86	22
36.06	36.2	22
69.22	69.73	22
134.67	133.04	22
272.96	268.37	22
543.08	523.47	22
1042.87	1012.08	22
1524.03	1523.16	22
2060.08	2025.04	22
2567.29	2478.26	22
3069.72	2988.19	22
3609.25	3423.15	22
4123.52	4041.93	22
4592.0	4393.92	22
1.05	1.04	22
0.98	0.94	22
0.99	1.04	22
1.11	0.95	22
1.09	1.18	22
1.21	1.19	22
1.44	1.36	22
1.75	2.25	22
2.07	2.22	22
3.13	3.19	22
4.34	5.34	22
7.16	9.65	22
13.03	17.59	22
20.52	34.03	22
46.91	64.01	22
75.96	130.01	22
148.69	249.44	22
294.38	525.88	22
831.81	1046.88	22
1402.1	2061.05	22
1694.44	2959.19	22
2278.22	4004.38	22
2821.51	4810.01	22
3366.44	6208.64	22
5051.73	6489.95	22
4786.82	8256.58	22
5490.24	8960.76	22
1.05	0.95	22
0.99	1.83	22
0.97	1.12	22
1.04	1.13	22
1.05	0.99	22
1.82	1.22	22
1.29	1.5	22
2.29	1.82	22
1.97	2.04	22
2.46	2.54	22
3.7	3.85	22
5.67	6.11	22
10.24	10.5	22
18.62	19.36	22
33.79	36.93	22
67.69	70.23	22
123.92	139.15	22
241.05	268.5	22
493.38	521.11	22
922.77	1021.71	22
1444.85	1545.53	22
2023.65	1980.46	22
2514.05	2467.15	22
2726.69	3033.55	22
3210.46	3549.72	22
3605.55	4010.75	22
4110.64	4394.5	22
1.01	0.99	22
1.07	1.61	22
1.52	1.01	22
1.1	1.08	22
1.13	1.0	22
1.21	1.29	22
1.36	1.42	22
1.76	1.82	22
2.37	2.57	22
2.78	3.7	22
4.84	5.76	22
9.03	9.85	22
12.18	18.09	22
21.88	34.95	22
59.76	69.49	22
100.01	137.64	22
157.95	270.33	22
313.92	513.41	22
626.27	1069.5	22
1484.12	2039.05	22
1809.38	3041.87	22
2402.1	4015.81	22
2977.28	5092.96	22
4040.4	5978.09	22
5215.18	7002.34	22
4801.45	8001.18	22
5871.09	8962.44	22
1.01	1.62	23
1.09	1.03	23
1.01	1.06	23
1.15	1.08	23
1.11	1.14	23
1.29	1.29	23
1.38	1.48	23
1.8	1.64	23
1.95	2.2	23
2.46	3.74	23
4.4	5.2	23
8.4	9.42	23
10.81	17.26	23
29.21	34.36	23
47.78	69.1	23
92.75	133.65	23
224.65	264.22	23
296.33	504.44	23
588.03	1044.35	23
1156.63	1944.99	23
2075.13	3014.03	23
2982.47	3861.49	23
2839.08	4712.51	23
3351.54	5536.29	23
4044.84	6708.2	23
4520.69	7717.01	23
5054.11	8279.7	23
1.61	0.99	23
0.97	1.03	23
1.08	1.05	23
1.02	1.03	23
1.14	1.2	23
1.24	1.38	23
1.21	1.38	23
1.48	1.48	23
1.74	1.8	23
2.37	2.48	23
3.4	3.53	23
5.94	6.03	23
10.34	10.65	23
20.11	19.24	23
37.28	37.11	23
71.51	68.74	23
136.92	133.4	23
274.17	270.44	23
531.14	531.94	23
1040.09	1009.26	23
1488.58	1520.87	23
2087.53	2016.11	23
2571.53	2459.49	23
3055.44	2994.95	23
3503.97	3438.82	23
4078.06	4004.33	23
4573.82	4441.99	23
0.98	1.04	23
1.04	1.02	23
1.07	1.65	23
0.97	1.03	23
1.05	1.01	23
1.23	1.25	23
1.54	1.55	23
1.9	1.74	23
2.04	2.5	23
2.91	3.8	23
4.16	5.63	23
8.88	10.14	23
11.68	18.06	23
21.67	35.27	23
60.01	67.27	23
81.29	133.32	23
197.73	267.99	23
316.23	528.07	23
761.09	1031.3	23
1472.36	2004.17	23
2182.57	3009.56	23
2483.95	3982.99	23
3005.07	4905.16	23
3584.47	5958.22	23
4340.84	6961.05	23
5924.9	8088.97	23
5370.22	9188.56	23
1.04	1.55	23
0.98	1.0	23
1.08	0.97	23
1.07	0.96	23
1.16	1.15	23
1.13	1.2	23
1.36	1.43	23
1.86	1.6	23
2.12	2.0	23
2.28	2.57	23
3.38	3.58	23
5.51	5.88	23
9.52	10.52	23
19.54	19.9	23
32.58	36.27	23
66.39	68.5	23
124.22	139.25	23
248.56	264.07	23
489.17	535.39	23
967.65	1007.38	23
1373.52	1570.5	23
1913.53	2048.2	23
2284.39	2582.76	23
2706.08	3126.43	23
3243.92	3449.04	23
3715.28	4005.48	23
4273.0	4542.41	23
0.91	0.9	24
1.06	1.0	24
0.91	0.92	24
0.96	0.99	24
1.01	1.01	24
1.04	1.24	24
1.22	1.33	24
1.81	1.49	24
2.11	2.11	24
2.62	3.57	24
4.36	5.72	24
9.32	10.38	24
12.62	20.03	24
24.29	39.77	24
51.36	80.57	24
114.63	151.91	24
178.59	315.45	24
448.0	582.86	24
703.63	1207.02	24
1367.94	2334.34	24
2050.49	3366.06	24
2736.4	4453.81	24
3366.15	5579.77	24
4097.01	6657.21	24
4754.53	8025.82	24
5407.79	9088.77	24
6107.39	10063.79	24
0.95	1.04	24
0.92	1.02	24
0.85	0.87	24
1.05	1.04	24
1.08	1.09	24
0.98	1.3	24
1.2	1.34	24
1.46	1.44	24
1.63	1.6	24
2.2	2.29	24
2.52	2.54	24
3.95	3.96	24
6.2	5.86	24
11.04	10.77	24
19.8	19.79	24
35.8	34.8	24
72.42	70.75	24
140.7	129.89	24
274.57	250.89	24
496.68	504.8	24
784.69	742.72	24
1046.06	1005.03	24
1304.65	1197.09	24
1520.37	1477.12	24
1767.63	1698.35	24
2080.46	1910.67	24
2298.25	2201.6	24
0.9	0.92	24
0.93	0.93	24
0.91	0.95	24
0.92	0.98	24
0.92	1.07	24
1.1	1.13	24
1.16	1.39	24
1.48	1.8	24
2.18	2.35	24
2.73	3.64	24
5.73	6.65	24
8.61	11.83	24
16.19	21.96	24
24.69	42.7	24
47.41	84.14	24
92.65	166.53	24
232.7	327.44	24
379.34	665.3	24
723.7	1304.79	24
1424.48	2545.49	24
2089.11	3843.02	24
2937.68	4993.27	24
3461.16	6303.3	24
4137.78	7546.85	24
4831.37	8892.63	24
5554.69	9992.76	24
6212.16	11168.41	24
0.85	1.06	24
0.83	0.91	24
1.01	0.95	24
1.13	1.03	24
1.03	1.12	24
1.14	1.11	24
1.94	1.24	24
1.56	1.47	24
2.58	1.85	24
2.21	2.3	24
2.83	2.91	24
3.98	4.21	24
6.08	7.24	24
10.15	11.94	24
20.77	24.09	24
36.45	38.14	24
65.47	81.12	24
124.16	136.86	24
249.04	300.35	24
482.27	594.51	24
666.11	837.22	24
906.26	1100.41	24
1109.36	1358.27	24
1327.81	1568.17	24
1528.77	1882.63	24
1775.11	2362.91	24
2017.29	2442.23	24
1.95	1.83	25
2.04	2.3	25
2.64	2.33	25
3.32	3.14	25
3.49	3.92	25
3.41	3.3	25
4.05	4.18	25
4.42	3.81	25
4.87	4.46	25
6.1	5.86	25
8.78	8.29	25
14.81	12.4	25
25.95	19.59	25
47.77	39.03	25
88.68	62.06	25
171.39	116.48	25
332.37	227.6	25
678.2	440.99	25
1281.54	863.16	25
1909.67	1285.0	25
2552.63	1947.92	25
3218.74	2158.25	25
3762.26	2535.78	25
4474.14	2946.63	25
5077.66	3945.12	25
5742.62	3812.68	25
1.69	1.9	25
2.34	2.31	25
2.93	3.14	25
3.67	4.3	25
3.55	4.32	25
4.05	4.42	25
4.31	4.33	25
5.73	5.76	25
7.17	7.93	25
10.11	12.21	25
15.31	20.44	25
22.33	36.51	25
37.27	69.26	25
71.82	132.26	25
130.49	215.0	25
255.03	514.41	25
503.63	1024.62	25
995.21	2026.23	25
1922.63	3960.06	25
2882.75	5858.97	25
3844.05	7764.96	25
4746.55	8046.86	25
5673.08	11655.31	25
8962.44	13514.29	25
7501.92	15571.62	25
8464.24	17579.91	25
1.55	1.8	25
2.26	2.2	25
2.84	3.18	25
3.21	3.51	25
3.43	3.8	25
3.51	3.89	25
4.41	4.47	25
4.66	3.81	25
5.02	5.11	25
6.94	7.39	25
9.34	10.29	25
13.83	13.87	25
24.84	21.28	25
44.6	36.08	25
84.16	64.43	25
161.63	117.49	25
315.98	229.1	25
568.15	451.47	25
1207.57	869.7	25
1764.32	1270.57	25
2099.86	1700.72	25
2974.67	2128.57	25
3501.6	2862.59	25
4060.45	3334.51	25
4199.09	3360.68	25
5262.49	3800.24	25
1.54	1.97	25
2.1	2.33	25
2.98	2.84	25
3.78	3.85	25
3.9	4.55	25
4.15	4.6	25
4.78	5.01	25
6.13	6.3	25
6.1	7.99	25
10.76	12.93	25
14.35	21.39	25
24.05	37.35	25
37.82	34.45	25
71.35	133.67	25
135.49	259.06	25
255.32	512.05	25
499.57	1027.61	25
1000.1	1676.42	25
1960.22	3936.33	25
2860.14	5866.27	25
3811.41	6491.78	25
4680.68	9709.56	25
5722.84	11587.86	25
6562.4	13620.75	25
10227.99	15562.06	25
8468.95	17344.47	25
1.65	1.99	26
2.19	2.53	26
2.86	3.44	26
3.31	3.57	26
3.94	4.01	26
3.92	4.25	26
4.08	4.59	26
4.17	4.8	26
5.8	6.01	26
7.93	7.17	26
11.54	11.07	26
18.94	16.85	26
34.55	27.21	26
59.17	51.67	26
111.84	96.38	26
236.54	184.75	26
432.55	368.01	26
923.68	723.87	26
1811.86	1411.68	26
2707.09	2086.87	26
3518.25	2981.4	26
4427.88	3783.32	26
5316.19	4524.61	26
6139.25	4843.56	26
7072.81	5453.68	26
7912.57	6858.71	26
1.66	1.91	26
2.42	2.47	26
2.91	3.2	26
3.36	3.27	26
3.48	3.97	26
4.08	3.69	26
3.95	4.37	26
4.61	4.68	26
6.12	7.04	26
9.65	10.65	26
12.56	18.14	26
22.34	27.21	26
30.76	61.31	26
56.21	119.43	26
106.92	231.35	26
201.86	457.45	26
563.4	907.7	26
793.15	1826.18	26
1545.53	3553.08	26
2323.22	5230.43	26
3095.15	6997.93	26
3858.93	8604.18	26
8450.17	10450.54	26
5368.94	7617.13	26
6152.55	13927.94	26
6923.55	12689.99	26
1.73	1.81	26
2.36	2.33	26
3.55	3.19	26
3.55	3.86	26
4.02	4.09	26
4.3	3.77	26
4.22	4.66	26
4.84	5.4	26
5.96	6.5	26
7.91	7.88	26
11.62	12.1	26
18.72	18.31	26
33.78	29.63	26
60.8	55.06	26
116.02	98.81	26
224.56	187.05	26
444.01	367.49	26
817.06	731.58	26
1692.34	1498.9	26
2485.97	2092.93	26
3331.68	2710.31	26
4101.09	3688.73	26
4952.27	4096.31	26
5760.53	5086.26	26
6551.58	5436.0	26
6927.02	6187.9	26
1.86	1.89	26
2.16	2.66	26
2.9	2.9	26
2.82	3.59	26
3.64	3.9	26
3.31	4.15	26
4.07	4.66	26
4.75	5.29	26
6.61	7.5	26
10.08	11.78	26
12.3	16.09	26
18.97	34.58	26
32.66	61.57	26
54.13	119.59	26
106.19	233.25	26
205.01	457.78	26
566.81	906.69	26
1134.27	1824.34	26
1557.98	3540.52	26
2363.43	5230.68	26
3117.84	6964.16	26
5563.25	8650.42	26
6619.73	10486.53	26
5371.27	9888.57	26
6233.06	13773.99	26
7075.05	15587.7	26
1.68	1.94	27
2.41	2.16	27
2.52	2.74	27
2.96	3.14	27
3.61	3.4	27
3.57	3.88	27
4.53	4.32	27
5.47	5.48	27
6.5	7.26	27
10.26	8.31	27
12.51	18.19	27
18.33	27.39	27
33.62	61.24	27
59.48	120.41	27
108.22	192.23	27
208.88	454.74	27
409.47	911.84	27
816.72	1818.03	27
2236.64	3525.39	27
2349.25	4305.08	27
3119.62	5698.23	27
3881.42	8704.05	27
4651.95	10370.28	27
7605.64	9917.49	27
6167.95	13828.82	27
6956.14	15584.58	27
1.51	1.81	27
2.14	2.39	27
2.98	3.3	27
3.5	3.87	27
4.13	3.86	27
4.16	4.2	27
4.23	3.77	27
4.9	5.34	27
5.26	6.81	27
8.02	6.84	27
11.62	10.18	27
19.2	15.56	27
34.39	28.75	27
63.12	51.73	27
121.9	96.77	27
218.91	184.07	27
465.04	360.17	27
925.97	716.32	27
1781.53	1393.17	27
2468.92	2087.17	27
3524.38	2744.23	27
4368.24	3743.1	27
5162.76	4104.24	27
6094.75	4817.59	27
6967.83	5476.67	27
7855.22	6165.44	27
1.64	1.9	27
2.13	2.34	27
3.09	2.9	27
3.18	3.3	27
3.16	3.45	27
3.74	3.88	27
4.43	4.54	27
5.41	5.04	27
7.63	7.78	27
8.31	11.74	27
11.44	19.51	27
18.97	28.06	27
33.01	62.61	27
59.68	99.62	27
152.06	233.27	27
214.83	457.02	27
419.91	909.34	27
829.25	1807.59	27
1597.4	3506.53	27
3351.09	5250.62	27
3158.62	7012.53	27
3946.5	8687.38	27
4734.27	10368.95	27
5517.59	9938.05	27
6369.17	13866.84	27
7036.09	15582.13	27
1.47	1.82	27
2.17	2.39	27
3.0	2.96	27
3.37	3.67	27
3.26	4.09	27
3.89	4.12	27
4.58	4.6	27
5.14	5.13	27
6.05	5.93	27
8.44	7.56	27
11.42	11.73	27
18.71	18.02	27
33.38	30.91	27
60.38	52.72	27
110.9	98.88	27
226.57	190.11	27
438.44	366.21	27
870.47	721.81	27
1685.62	1493.56	27
2485.12	2093.65	27
3297.48	2757.55	27
4087.94	3467.82	27
4938.49	4125.14	27
5719.05	4759.39	27
6459.77	5519.72	27
7276.43	6115.44	27
1.43	1.58	28
2.41	2.23	28
3.04	3.21	28
3.91	3.9	28
4.04	3.81	28
4.04	4.68	28
5.01	4.61	28
5.41	5.84	28
6.08	8.11	28
8.6	10.64	28
16.86	20.11	28
22.05	36.32	28
37.92	68.64	28
68.66	132.91	28
131.42	258.78	28
255.82	426.37	28
500.65	1010.71	28
983.5	2011.54	28
1933.47	3945.5	28
2851.2	5868.65	28
3841.08	7792.8	28
4775.48	9734.9	28
5656.69	11662.65	28
6579.46	13642.95	28
10195.54	12906.4	28
8509.94	14319.77	28
1.87	1.73	28
2.28	2.26	28
2.87	2.53	28
3.12	3.62	28
3.05	3.71	28
3.31	4.14	28
4.06	3.75	28
4.59	3.98	28
4.64	4.87	28
5.69	5.59	28
8.79	8.5	28
13.75	12.22	28
25.5	19.12	28
47.89	34.4	28
90.74	71.63	28
173.09	135.47	28
336.92	230.72	28
648.15	440.12	28
1152.03	868.43	28
1919.32	1250.13	28
2549.25	1949.9	28
2765.29	2084.06	28
3797.17	2951.94	28
4422.7	2958.03	28
5069.71	3304.52	28
5652.84	3748.91	28
1.73	1.67	28
2.18	2.49	28
3.07	2.96	28
3.62	3.64	28
3.9	3.83	28
4.13	4.22	28
4.43	5.08	28
6.07	6.33	28
8.02	8.24	28
11.92	12.31	28
13.3	18.46	28
21.07	37.54	28
38.64	70.92	28
89.66	133.26	28
131.29	215.17	28
253.58	511.82	28
673.38	673.43	28
991.64	2019.45	28
1912.92	2592.05	28
2892.41	3891.8	28
3756.86	7836.2	28
4715.03	9701.91	28
5707.56	11696.6	28
6485.27	13466.03	28
7559.47	15583.27	28
8404.28	14507.26	28
1.72	1.93	28
2.17	2.03	28
2.89	2.77	28
3.04	3.26	28
3.11	3.16	28
3.97	3.6	28
3.4	3.64	28
4.24	4.33	28
4.88	4.94	28
6.38	6.35	28
9.14	10.05	28
13.58	14.01	28
25.58	21.51	28
45.08	36.22	28
84.99	64.07	28
162.99	120.89	28
315.26	261.68	28
561.6	444.01	28
1215.18	846.68	28
1776.14	1279.26	28
2214.52	1669.55	28
2930.19	2068.74	28
3175.49	2512.91	28
3695.11	3363.13	28
4616.12	3306.03	28
5190.25	3754.03	28
0.9	0.85	29
0.95	0.99	29
1.19	1.2	29
1.54	1.63	29
2.29	2.13	29
2.9	2.71	29
3.17	3.01	29
3.1	2.61	29
3.49	3.34	29
3.65	3.77	29
3.42	3.7	29
4.58	4.22	29
6.31	5.6	29
8.13	7.08	29
11.76	11.33	29
20.18	20.25	29
31.0	35.87	29
67.3	57.46	29
126.76	108.15	29
208.36	210.94	29
410.99	409.9	29
1075.03	805.97	29
1156.1	1174.52	29
1568.61	1562.1	29
1913.24	2322.99	29
2333.06	2738.88	29
3193.96	2702.2	29
3586.32	3070.49	29
3423.25	3453.83	29
1.74	0.95	29
1.55	1.06	29
1.19	1.3	29
1.49	1.73	29
2.13	2.94	29
2.68	2.68	29
3.25	2.96	29
3.33	3.11	29
3.44	3.28	29
3.97	4.74	29
4.76	5.01	29
6.76	6.81	29
9.48	9.09	29
14.87	17.46	29
22.99	31.25	29
59.69	58.95	29
99.35	116.1	29
192.17	228.66	29
374.13	379.19	29
744.06	884.23	29
1210.62	1756.01	29
2862.96	3397.2	29
4235.89	5004.81	29
6556.01	6572.42	29
8082.52	8140.1	29
9621.48	9708.43	29
11263.5	11266.78	29
12778.21	12869.18	29
14366.4	14433.09	29
0.92	0.91	29
0.98	1.0	29
1.15	1.17	29
1.46	1.43	29
1.97	1.84	29
2.49	2.37	29
2.93	3.19	29
4.03	3.18	29
3.36	3.12	29
3.81	3.52	29
3.64	3.78	29
4.85	4.84	29
6.18	6.17	29
8.21	8.66	29
12.84	11.92	29
19.43	19.55	29
36.18	36.09	29
59.22	58.46	29
125.3	110.25	29
211.25	216.36	29
405.48	404.65	29
785.57	803.57	29
1162.76	1357.26	29
1803.25	1562.33	29
1939.67	1960.07	29
2301.61	2324.38	29
3109.13	2717.6	29
3552.0	3105.33	29
4497.79	3480.61	29
0.96	0.87	29
0.98	0.93	29
1.21	1.3	29
1.5	1.55	29
1.94	1.83	29
2.31	2.7	29
2.99	2.94	29
3.1	2.64	29
3.19	3.31	29
3.23	4.02	29
4.95	4.06	29
7.51	6.97	29
7.89	11.07	29
14.43	17.17	29
29.12	27.31	29
50.21	59.59	29
96.4	112.95	29
155.19	220.97	29
435.01	437.18	29
738.71	863.81	29
919.81	1719.26	29
2803.43	3341.85	29
4908.99	4951.88	29
6507.72	6502.04	29
6895.14	8872.51	29
8198.18	9677.83	29
11220.74	11193.96	29
12753.33	12903.11	29
14421.14	14352.78	29
1.19	1.06	30
1.09	1.17	30
1.22	1.75	30
2.5	1.64	30
2.3	2.18	30
2.61	2.74	30
2.95	3.21	30
3.48	3.2	30
3.63	3.57	30
3.96	3.51	30
4.07	4.2	30
5.0	4.52	30
6.29	6.37	30
8.96	9.43	30
14.49	15.77	30
26.2	25.73	30
48.31	49.15	30
98.81	90.77	30
174.79	177.81	30
376.14	342.53	30
684.52	681.1	30
1439.25	1452.52	30
2159.93	1971.05	30
2615.2	2654.28	30
3554.17	3266.61	30
4284.7	3936.95	30
4948.48	4568.65	30
5196.97	5251.27	30
5858.83	5814.01	30
1.15	0.98	30
1.12	1.03	30
1.24	1.3	30
1.65	1.58	30
2.17	2.23	30
2.64	2.62	30
2.95	2.92	30
3.42	3.11	30
3.56	3.29	30
4.17	4.24	30
4.81	4.62	30
5.23	6.2	30
9.3	9.28	30
12.7	13.07	30
26.43	25.69	30
35.52	48.68	30
92.53	93.21	30
156.32	183.06	30
358.22	360.5	30
480.68	717.97	30
1421.4	1423.81	30
2760.41	2767.8	30
4112.68	4131.3	30
3679.39	5465.89	30
4585.88	6831.26	30
5490.4	8171.19	30
9503.19	7938.81	30
7343.67	10868.9	30
12210.37	12235.68	30
1.04	0.99	30
1.06	1.2	30
1.3	1.23	30
1.57	1.74	30
2.36	2.25	30
2.91	2.85	30
3.06	3.23	30
3.34	3.53	30
3.25	3.34	30
3.27	3.45	30
4.54	4.61	30
4.86	5.4	30
7.11	7.32	30
10.6	10.23	30
15.7	16.25	30
28.45	27.09	30
53.67	49.27	30
109.32	90.11	30
177.47	177.98	30
371.37	347.07	30
684.95	687.58	30
1336.23	1339.24	30
1962.56	1984.52	30
2838.23	2623.32	30
3291.73	3294.85	30
4147.5	4203.8	30
4613.2	4611.91	30
5189.12	5283.51	30
5884.2	5896.88	30
1.04	1.09	30
1.12	1.13	30
1.24	1.32	30
1.57	1.61	30
2.16	2.27	30
2.5	2.84	30
2.91	3.29	30
3.56	2.99	30
3.83	3.59	30
3.91	4.02	30
4.76	5.1	30
6.14	6.41	30
9.76	9.91	30
15.03	16.77	30
24.99	27.33	30
43.0	50.03	30
94.59	94.32	30
155.61	183.85	30
361.08	361.31	30
717.7	716.68	30
1422.35	1420.81	30
2309.52	2339.36	30
4123.34	4134.43	30
4597.33	5467.14	30
3397.99	6826.36	30
5547.92	8163.44	30
9531.93	9547.01	30
10845.55	10842.84	30
12229.35	12235.79	30
0.97	1.01	31
1.26	1.63	31
1.2	1.33	31
1.58	1.74	31
2.36	2.34	31
2.64	3.43	31
3.86	3.33	31
3.58	2.76	31
3.65	3.16	31
3.97	4.03	31
4.59	4.61	31
6.06	5.76	31
8.61	9.27	31
14.78	15.29	31
22.77	22.47	31
42.14	49.08	31
93.19	78.65	31
179.66	181.04	31
300.76	360.35	31
595.94	709.41	31
1414.83	1424.11	31
2312.5	2770.81	31
3457.83	4138.29	31
5460.12	5491.18	31
6829.69	6817.29	31
5450.95	8190.26	31
6375.78	9550.84	31
9023.12	10853.69	31
12225.67	12219.77	31
1.04	1.05	31
1.14	1.21	31
1.3	1.28	31
1.53	1.64	31
2.26	2.2	31
2.76	2.85	31
3.12	3.35	31
3.04	3.09	31
3.47	3.62	31
3.74	3.51	31
3.69	4.35	31
4.82	4.93	31
6.48	6.49	31
9.32	9.07	31
17.11	15.83	31
26.46	26.57	31
56.24	48.29	31
108.08	92.32	31
206.97	177.94	31
376.75	345.76	31
755.99	685.58	31
1333.0	1462.67	31
2342.43	2000.8	31
3288.13	2649.49	31
3578.01	3281.08	31
3941.64	3965.73	31
5348.9	5071.16	31
6649.36	5221.66	31
6391.97	5896.56	31
1.06	0.95	31
0.95	1.07	31
1.28	1.2	31
1.53	1.53	31
2.05	2.16	31
2.84	2.83	31
2.78	2.89	31
3.07	3.77	31
3.79	3.36	31
4.18	4.15	31
5.05	5.04	31
5.91	6.53	31
9.84	10.04	31
14.11	15.78	31
26.96	27.3	31
42.58	49.01	31
79.7	94.35	31
182.23	152.87	31
302.91	361.41	31
595.14	713.25	31
1421.07	1418.62	31
2772.32	2771.11	31
3457.02	4135.28	31
5462.85	5464.46	31
5708.11	6843.73	31
4230.03	8152.27	31
9524.19	9530.93	31
10849.58	10857.24	31
12263.81	12215.07	31
1.03	1.04	31
0.98	1.12	31
1.18	1.4	31
1.54	1.69	31
2.04	2.02	31
2.59	2.86	31
3.13	2.91	31
3.41	3.36	31
3.99	3.39	31
4.1	3.72	31
4.19	4.34	31
5.41	5.52	31
6.46	6.91	31
10.17	10.38	31
15.92	16.46	31
28.24	26.74	31
52.79	49.03	31
104.24	92.25	31
189.02	177.64	31
375.48	348.47	31
844.95	686.93	31
1363.31	1356.06	31
2154.19	1973.83	31
2830.59	2637.1	31
3540.68	3288.37	31
4234.91	3972.51	31
5225.18	4556.78	31
6396.69	5264.91	31
6266.75	6314.6	31
0.84	1.0	32
1.07	1.16	32
1.21	1.36	32
1.68	1.72	32
2.06	2.31	32
2.85	2.31	32
2.89	2.93	32
3.19	3.52	32
3.21	3.37	32
4.07	3.93	32
4.56	4.37	32
5.96	6.78	32
9.5	9.19	32
15.88	17.98	32
31.28	32.34	32
60.77	51.86	32
81.0	114.99	32
158.55	227.99	32
312.48	448.95	32
473.81	865.43	32
1670.67	1671.52	32
2753.54	3260.59	32
4844.99	4833.89	32
4472.46	6338.75	32
4421.49	7947.06	32
6620.28	9502.11	32
9432.97	11009.68	32
8892.73	12604.57	32
14235.94	14238.28	32
0.97	1.05	32
1.01	1.03	32
1.29	1.3	32
1.56	1.66	32
2.43	1.99	32
2.76	2.63	32
3.07	3.3	32
3.08	2.95	32
3.51	3.1	32
3.51	3.5	32
3.65	3.98	32
4.88	3.96	32
5.54	5.69	32
7.29	7.39	32
10.81	11.05	32
17.87	17.92	32
31.05	31.25	32
57.5	57.69	32
124.87	108.71	32
209.5	209.96	32
409.34	414.37	32
784.8	930.46	32
1379.83	1391.66	32
1820.73	1549.58	32
2680.21	2294.3	32
2731.08	2321.43	32
3204.75	2676.1	32
3063.36	3062.71	32
4114.32	3447.22	32
0.9	0.98	32
1.06	1.05	32
1.29	1.3	32
1.47	1.61	32
2.15	2.21	32
2.51	2.74	32
3.0	3.07	32
3.26	3.59	32
3.6	4.42	32
3.97	3.98	32
5.26	5.24	32
6.66	7.19	32
8.97	10.67	32
15.41	17.79	32
25.8	30.75	32
49.63	48.58	32
108.59	108.17	32
149.57	213.11	32
355.67	420.78	32
702.77	832.23	32
1401.83	1656.08	32
2232.5	3197.84	32
4786.57	4047.8	32
3430.42	6355.4	32
7897.51	7947.59	32
6604.06	9511.0	32
11026.92	11062.68	32
12569.29	12538.02	32
9811.36	14106.11	32
0.93	1.05	32
1.0	1.05	32
1.11	1.58	32
1.91	2.44	32
3.49	2.23	32
2.73	2.74	32
3.07	3.29	32
3.26	3.98	32
3.37	3.13	32
3.8	3.92	32
4.07	3.87	32
4.89	4.66	32
5.19	5.92	32
8.89	8.73	32
12.88	12.31	32
19.14	19.26	32
32.7	36.21	32
65.75	59.19	32
125.35	108.73	32
212.28	210.71	32
480.85	418.48	32
916.28	798.21	32
1359.71	1183.2	32
1546.33	1540.63	32
1941.85	1969.66	32
2651.68	2337.06	32
2721.38	2721.78	32
3555.32	3127.02	32
3963.67	3468.83	32
1.05	1.12	33
1.2	1.21	33
1.27	1.45	33
1.46	1.51	33
1.41	1.4	33
1.39	1.69	33
1.78	1.61	33
1.74	1.92	33
2.04	2.18	33
2.53	2.45	33
3.63	3.19	33
5.29	5.6	33
7.89	8.05	33
13.61	13.77	33
25.48	25.71	33
51.12	47.16	33
92.12	92.66	33
178.06	178.32	33
348.56	352.22	33
677.38	664.95	33
1072.56	991.37	33
1321.09	1328.83	33
1650.25	1663.47	33
1968.94	1954.34	33
2312.07	2349.44	33
2625.82	2630.93	33
2923.75	3011.86	33
1.17	1.13	33
1.8	1.21	33
1.4	1.39	33
1.36	1.47	33
1.36	1.44	33
1.56	1.74	33
1.83	1.9	33
2.23	2.25	33
2.93	2.83	33
4.2	4.96	33
7.01	7.21	33
11.37	13.04	33
21.34	23.48	33
45.72	46.19	33
89.39	89.05	33
177.11	177.9	33
347.89	351.92	33
700.25	695.65	33
1376.07	1388.27	33
2704.19	2691.57	33
4027.73	4034.25	33
5324.37	5306.87	33
6606.99	6616.2	33
7926.97	7926.68	33
8221.18	9283.22	33
10566.55	10521.04	33
11863.01	11896.76	33
1.2	1.22	33
1.25	1.32	33
1.42	1.35	33
1.39	1.48	33
1.42	1.52	33
1.44	1.54	33
1.71	1.71	33
2.25	1.99	33
2.12	2.17	33
3.04	2.91	33
4.17	4.14	33
6.1	6.36	33
9.25	9.34	33
15.22	15.35	33
26.55	27.36	33
48.92	48.89	33
90.67	92.44	33
178.96	181.49	33
347.95	352.41	33
664.14	683.86	33
1008.32	992.93	33
1313.6	1346.82	33
1638.31	1627.14	33
2188.73	2033.08	33
2282.41	2341.04	33
2597.22	2614.92	33
2969.71	2949.2	33
1.17	1.17	33
1.29	1.21	33
1.28	1.34	33
1.5	1.42	33
1.33	1.68	33
1.68	1.58	33
1.88	1.69	33
2.25	2.45	33
3.3	2.99	33
4.41	4.47	33
7.53	8.38	33
12.08	13.81	33
24.47	25.48	33
46.48	46.41	33
90.61	90.16	33
176.67	177.7	33
350.37	352.53	33
693.26	694.26	33
1386.36	1379.52	33
2703.07	2680.76	33
4025.89	4031.79	33
5315.48	5330.1	33
6649.74	6641.99	33
7074.31	8003.13	33
9229.58	9258.2	33
10589.04	10535.64	33
11874.44	11921.95	33
1.15	1.18	34
1.52	1.39	34
1.33	1.27	34
1.64	1.58	34
1.53	1.74	34
1.84	1.6	34
1.78	1.76	34
2.01	2.06	34
2.36	2.54	34
3.26	2.99	34
4.82	4.81	34
7.26	7.34	34
12.55	12.28	34
23.18	22.29	34
42.98	42.86	34
81.07	82.35	34
167.58	162.91	34
347.28	322.28	34
618.18	621.38	34
1201.0	1212.3	34
1782.58	1788.25	34
2348.03	2377.87	34
2960.53	2951.33	34
3545.3	3598.14	34
4123.2	4158.44	34
4733.57	4674.23	34
5582.55	5340.49	34
1.28	1.37	34
1.6	1.29	34
1.45	1.37	34
1.74	1.53	34
1.59	1.32	34
1.69	1.46	34
1.88	1.82	34
2.25	2.12	34
3.02	2.57	34
4.02	3.77	34
6.36	6.25	34
11.3	11.09	34
20.2	20.03	34
37.98	37.48	34
66.41	73.72	34
144.23	145.2	34
284.34	288.33	34
505.57	566.38	34
1137.0	1140.69	34
2217.19	2214.97	34
3298.14	3287.2	34
3887.87	4381.16	34
5461.25	5449.74	34
5784.36	6539.67	34
7633.34	7611.12	34
8710.18	8705.35	34
9773.87	9779.83	34
0.97	1.22	34
1.49	1.33	34
1.52	1.45	34
1.42	1.51	34
1.66	1.57	34
1.67	1.68	34
2.01	1.76	34
2.38	2.18	34
2.68	2.86	34
3.49	3.23	34
5.17	4.96	34
8.19	8.57	34
13.09	13.4	34
23.94	23.98	34
43.46	42.91	34
85.95	82.61	34
162.48	163.48	34
316.95	321.68	34
617.53	625.59	34
1195.61	1199.22	34
1794.94	1800.43	34
2387.43	2389.14	34
2984.25	2976.96	34
3592.47	3532.0	34
4104.78	4155.99	34
4684.43	4765.63	34
5368.19	5345.72	34
1.31	1.28	34
1.34	1.37	34
1.41	1.52	34
1.52	1.42	34
1.66	1.58	34
1.67	1.78	34
1.9	1.59	34
2.36	2.11	34
2.94	2.86	34
4.3	4.39	34
6.23	6.89	34
11.92	11.92	34
20.9	21.07	34
39.61	38.21	34
74.21	75.29	34
146.12	144.61	34
256.54	287.15	34
570.34	567.09	34
1139.07	1140.83	34
2212.59	2221.28	34
3312.08	3303.33	34
4390.45	4385.59	34
4864.35	5454.27	34
6539.74	6544.36	34
7619.74	7616.56	34
8695.18	8705.51	34
9765.17	9771.0	34
1.38	1.12	35
1.26	1.25	35
1.35	1.39	35
1.48	1.48	35
1.51	1.49	35
1.7	1.59	35
1.69	1.9	35
2.38	2.13	35
3.06	2.81	35
4.07	3.81	35
6.02	6.5	35
10.66	10.92	35
19.81	19.64	35
37.9	37.98	35
73.42	73.73	35
144.38	144.9	35
284.77	286.8	35
569.7	570.71	35
1135.17	1137.32	35
1962.74	2221.41	35
3295.1	3292.43	35
4369.81	4378.48	35
5464.76	5450.82	35
5795.53	6539.0	35
6740.8	7620.22	35
8700.3	8684.99	35
9766.03	9796.66	35
1.35	1.73	35
1.49	1.32	35
1.6	1.47	35
1.45	1.41	35
1.69	1.55	35
1.57	1.77	35
1.89	1.76	35
1.88	2.06	35
2.45	2.45	35
3.16	3.02	35
4.72	4.56	35
7.47	8.08	35
12.73	12.3	35
22.89	22.72	35
43.21	43.31	35
81.23	83.43	35
169.76	161.66	35
310.53	317.23	35
621.93	622.1	35
1192.81	1206.7	35
1782.04	1797.22	35
2399.34	2380.51	35
3108.69	2970.2	35
3498.19	3565.65	35
4281.64	4154.79	35
4674.73	5105.56	35
5228.53	5313.85	35
1.25	1.11	35
1.34	1.47	35
1.35	1.46	35
1.58	1.45	35
1.74	1.67	35
1.62	1.6	35
1.87	1.96	35
2.36	2.27	35
3.09	2.84	35
4.13	4.25	35
6.94	6.99	35
11.99	12.09	35
20.76	20.74	35
38.36	38.94	35
73.9	74.79	35
145.57	144.32	35
285.1	287.37	35
569.99	569.49	35
1014.55	1137.2	35
2217.98	2218.01	35
3304.16	3294.17	35
3905.34	4384.55	35
5469.71	5467.15	35
6544.31	6552.11	35
7626.42	7626.32	35
8708.28	8703.7	35
9771.89	9781.27	35
1.19	1.12	35
1.43	1.26	35
1.42	1.4	35
1.49	1.4	35
1.72	1.54	35
1.54	1.67	35
2.05	1.8	35
2.29	2.19	35
2.64	2.49	35
3.46	3.48	35
5.04	4.67	35
8.06	7.96	35
12.94	13.37	35
23.17	22.53	35
43.48	44.46	35
83.96	83.53	35
161.21	162.1	35
334.47	311.33	35
621.16	626.71	35
1267.22	1194.25	35
1819.91	1815.94	35
2397.41	2358.25	35
2971.68	2953.53	35
3542.89	3604.53	35
4159.2	4171.42	35
4654.07	4768.99	35
5313.05	5332.6	35
1.25	1.08	36
1.39	1.13	36
1.33	1.29	36
1.41	1.44	36
1.44	1.4	36
1.64	1.58	36
1.77	1.74	36
2.11	2.1	36
2.91	2.85	36
4.07	5.03	36
6.75	7.19	36
12.89	12.51	36
23.31	23.87	36
45.86	45.37	36
89.77	90.72	36
177.79	179.6	36
350.47	349.92	36
699.71	694.72	36
1393.26	1386.88	36
2388.33	2707.3	36
4013.88	4037.53	36
5331.68	5335.03	36
6671.39	6660.71	36
7968.24	8039.95	36
9349.78	9331.91	36
10683.48	10576.39	36
11894.75	12012.47	36
1.27	1.13	36
1.38	1.22	36
1.35	1.44	36
1.4	1.3	36
1.49	2.15	36
1.59	1.35	36
1.62	1.5	36
1.88	1.99	36
2.23	2.33	36
2.69	2.43	36
3.57	3.23	36
5.27	4.98	36
8.18	8.12	36
14.11	14.3	36
25.18	25.5	36
47.11	48.01	36
92.14	91.37	36
176.94	177.79	36
352.47	350.73	36
679.77	672.65	36
1003.24	1015.13	36
1289.54	1321.4	36
1667.24	1664.24	36
1948.39	2036.81	36
2288.33	2290.32	36
2620.79	2640.34	36
2920.25	2987.69	36
1.11	1.25	36
1.29	1.36	36
1.3	1.34	36
1.46	1.41	36
1.53	1.36	36
1.7	1.6	36
2.0	1.89	36
2.3	2.28	36
3.1	3.63	36
4.76	4.4	36
7.5	8.14	36
13.46	13.61	36
25.05	24.83	36
46.95	46.75	36
92.13	91.05	36
177.21	178.32	36
310.87	350.85	36
700.37	694.86	36
1391.86	1388.95	36
2387.26	2729.79	36
4000.08	4003.03	36
5321.16	5322.63	36
6618.5	6627.78	36
7958.97	7922.83	36
9235.92	9310.4	36
10582.07	10580.82	36
10580.89	12010.22	36
1.29	1.26	36
1.23	1.19	36
1.47	2.02	36
1.39	1.42	36
1.66	1.25	36
1.24	1.42	36
1.69	1.74	36
2.1	1.94	36
2.72	2.15	36
2.7	2.97	36
3.87	4.58	36
6.36	6.15	36
9.57	9.27	36
15.85	15.34	36
26.85	26.76	36
49.35	48.58	36
92.79	93.64	36
178.13	179.74	36
345.25	355.92	36
670.8	675.85	36
1000.77	998.66	36
1323.79	1330.89	36
1662.67	1675.78	36
1976.66	1984.37	36
2308.87	2348.32	36
2610.65	2631.49	36
3306.5	2960.24	36
1.03	0.93	37
1.08	1.01	37
1.31	1.28	37
1.83	1.71	37
2.66	2.4	37
4.49	4.1	37
7.58	7.78	37
12.71	12.73	37
15.52	19.59	37
15.35	23.27	37
15.17	24.54	37
26.44	24.56	37
28.06	30.76	37
28.14	40.11	37
44.54	42.46	37
50.59	48.36	37
89.61	82.38	37
132.54	121.22	37
235.08	184.85	37
427.21	321.56	37
824.27	595.58	37
1589.52	1127.07	37
2375.74	1633.66	37
3098.83	2161.51	37
3905.73	2731.82	37
4689.44	3223.62	37
5405.78	3747.24	37
6050.12	4296.82	37
6893.48	4874.18	37
1.01	0.86	37
1.09	1.02	37
1.86	1.38	37
1.86	1.8	37
2.77	2.59	37
4.34	4.29	37
7.21	6.18	37
11.33	13.82	37
23.97	18.01	37
28.72	26.99	37
26.59	25.38	37
27.41	25.82	37
29.53	26.53	37
32.87	33.97	37
39.01	41.44	37
53.29	74.34	37
97.79	116.71	37
169.84	226.45	37
314.99	470.87	37
607.67	1017.35	37
1198.98	2080.59	37
2323.26	4098.55	37
3375.39	6076.96	37
4540.37	8125.95	37
5617.32	10053.19	37
6786.25	12107.36	37
7939.55	13878.08	37
9048.33	16029.72	37
10107.47	17860.24	37
0.97	0.83	37
1.07	1.05	37
1.37	1.19	37
1.81	1.79	37
2.6	2.66	37
4.43	4.2	37
7.7	7.0	37
10.96	13.41	37
15.05	14.67	37
28.22	13.8	37
26.64	21.73	37
21.97	20.19	37
31.07	26.65	37
30.95	29.4	37
39.61	39.27	37
46.52	54.67	37
77.77	85.67	37
120.0	148.34	37
218.38	233.16	37
405.53	444.15	37
792.98	834.22	37
1491.52	1582.79	37
2235.69	2358.19	37
2968.72	3106.03	37
3722.19	3896.84	37
4351.55	4665.65	37
5138.08	5433.02	37
5895.07	6201.12	37
6655.47	6943.78	37
1.01	0.86	37
1.67	0.98	37
1.41	1.28	37
1.83	1.75	37
2.66	2.64	37
4.35	4.3	37
6.91	7.08	37
13.52	10.52	37
18.1	18.96	37
21.36	20.84	37
24.15	31.15	37
32.41	25.48	37
34.05	33.94	37
40.47	25.07	37
45.9	50.58	37
63.87	75.68	37
99.1	125.03	37
152.77	228.1	37
304.62	505.9	37
563.85	1113.03	37
1110.33	2245.9	37
2133.57	4440.93	37
3101.51	6596.7	37
4116.7	8486.09	37
5220.91	11005.6	37
6165.44	13066.06	37
7273.35	15381.74	37
8306.38	17357.91	37
9388.64	19543.96	37
0.98	0.99	38
1.08	1.14	38
1.24	1.28	38
1.74	1.73	38
2.72	3.3	38
4.34	4.34	38
5.86	7.63	38
14.02	10.42	38
24.18	14.89	38
27.29	26.66	38
21.09	16.28	38
34.4	26.3	38
24.68	33.03	38
43.94	36.41	38
46.9	43.25	38
58.56	54.56	38
91.66	99.81	38
156.03	142.51	38
296.01	248.46	38
572.8	484.63	38
1100.15	876.45	38
2088.55	1702.82	38
3104.54	2491.67	38
4055.02	3293.26	38
5092.23	3997.85	38
6117.27	4805.46	38
7122.09	5528.35	38
8122.3	6416.31	38
9048.18	7101.18	38
1.11	0.9	38
1.19	1.06	38
1.43	1.35	38
1.82	1.79	38
3.34	2.87	38
4.55	4.34	38
7.46	8.21	38
14.48	13.25	38
16.35	18.7	38
28.63	24.54	38
27.61	20.95	38
27.61	34.73	38
27.39	25.14	38
37.87	35.36	38
49.49	43.61	38
46.61	69.26	38
98.44	101.78	38
144.35	151.93	38
258.86	464.16	38
502.43	908.37	38
990.74	1851.4	38
1894.62	3665.61	38
2746.77	5441.93	38
3672.83	7240.04	38
4593.63	8921.83	38
5468.78	10739.04	38
6375.81	12519.91	38
7368.87	14250.91	38
8710.02	16838.88	38
0.95	0.95	38
1.15	1.09	38
1.41	1.38	38
1.82	1.78	38
2.84	2.73	38
4.4	4.59	38
7.94	7.45	38
8.82	11.86	38
11.62	10.2	38
22.99	17.28	38
26.09	21.71	38
29.39	26.1	38
27.0	29.52	38
32.52	29.1	38
41.28	36.62	38
65.65	59.37	38
100.1	100.45	38
161.55	171.96	38
298.64	288.11	38
540.79	650.74	38
1068.95	1085.25	38
2069.32	2139.79	38
3040.43	3103.82	38
4033.82	4090.64	38
5065.86	5105.67	38
6067.62	6094.57	38
6968.45	7075.78	38
8080.6	7943.63	38
8978.19	9111.45	38
0.92	0.94	38
1.11	1.14	38
1.3	1.3	38
1.78	1.78	38
2.79	2.71	38
4.66	4.28	38
8.29	6.92	38
13.04	12.94	38
10.1	21.17	38
28.02	11.34	38
24.37	30.82	38
24.31	29.7	38
36.65	28.2	38
32.15	37.26	38
33.36	39.43	38
64.67	62.92	38
84.64	112.55	38
141.69	191.66	38
249.26	490.15	38
451.79	974.11	38
874.3	1956.39	38
1666.09	3921.45	38
2470.03	5868.43	38
3300.58	7837.81	38
4085.47	9646.68	38
4906.85	11654.86	38
5784.42	13713.47	38
6528.15	15637.92	38
7216.54	17529.19	38
0.92	0.85	39
1.01	1.06	39
1.23	1.33	39
1.8	1.69	39
2.72	2.72	39
4.37	4.34	39
8.03	6.64	39
14.15	9.66	39
14.91	19.05	39
16.46	29.17	39
22.47	22.77	39
24.48	25.96	39
27.15	31.84	39
37.15	31.45	39
46.91	43.2	39
60.78	59.91	39
76.85	89.16	39
150.68	228.81	39
261.59	466.08	39
503.01	911.47	39
976.02	1867.02	39
1847.93	3646.75	39
2754.03	5345.1	39
3708.48	7156.42	39
4569.98	8979.53	39
5448.67	10706.57	39
6372.86	12454.52	39
7296.2	14224.68	39
8169.6	16091.5	39
1.05	0.85	39
1.12	1.04	39
1.27	1.22	39
1.79	1.88	39
2.77	2.67	39
4.42	4.36	39
4.82	6.93	39
14.41	12.55	39
15.42	16.94	39
20.24	20.12	39
28.26	23.99	39
35.44	34.18	39
32.23	36.88	39
36.21	33.49	39
39.15	44.9	39
61.44	60.87	39
98.67	99.22	39
155.58	150.43	39
294.33	272.66	39
551.59	501.63	39
1097.24	897.81	39
2066.31	1653.17	39
3106.62	2365.01	39
4064.16	3173.37	39
5067.92	3957.9	39
6067.32	4776.42	39
7080.9	5525.95	39
8050.92	6155.72	39
9088.61	6945.09	39
1.02	0.98	39
1.12	1.04	39
1.47	1.3	39
1.89	1.81	39
2.71	2.53	39
4.59	4.48	39
7.62	7.64	39
13.58	14.18	39
22.84	22.78	39
16.25	30.42	39
26.0	33.8	39
21.65	31.31	39
25.98	26.4	39
42.19	39.71	39
40.12	41.16	39
59.53	58.82	39
78.3	99.13	39
143.29	241.5	39
237.02	518.27	39
448.07	997.48	39
855.88	2028.79	39
1676.98	3911.09	39
2466.61	5869.14	39
3296.49	7875.13	39
4155.87	9764.14	39
4876.57	11751.93	39
5680.1	13524.95	39
6341.25	15504.7	39
7287.44	17461.74	39
0.94	0.87	39
1.07	1.06	39
1.33	1.27	39
1.77	1.88	39
2.59	2.71	39
4.52	4.23	39
7.75	7.73	39
11.77	13.65	39
24.11	18.95	39
15.35	24.11	39
22.15	23.78	39
25.62	32.95	39
28.81	33.66	39
31.17	34.91	39
46.73	49.6	39
63.58	59.39	39
92.04	100.95	39
150.14	166.15	39
288.53	301.98	39
549.69	590.13	39
1076.93	1101.32	39
2091.38	2069.69	39
3095.78	3017.92	39
4130.16	4090.07	39
5067.79	5052.41	39
6058.33	6016.26	39
7182.09	6930.05	39
7973.78	8160.2	39
9116.82	8844.36	39
0.96	0.87	40
1.09	0.87	40
1.35	1.22	40
1.79	1.75	40
2.65	2.63	40
4.49	4.22	40
7.79	7.89	40
13.61	9.72	40
14.23	20.05	40
21.49	24.56	40
25.02	18.9	40
30.81	21.5	40
19.44	32.56	40
30.44	26.65	40
37.63	39.01	40
52.32	76.21	40
95.5	120.36	40
180.53	252.94	40
316.65	510.87	40
613.86	951.89	40
1176.83	2091.36	40
2312.41	4040.97	40
3394.44	6057.66	40
4508.24	8120.88	40
5638.15	9953.47	40
6715.44	11902.09	40
7898.05	14127.36	40
8939.69	16094.47	40
10055.41	17840.8	40
0.99	0.77	40
1.17	1.49	40
1.38	1.24	40
1.84	1.66	40
2.89	2.61	40
4.02	4.16	40
7.98	5.99	40
10.73	10.63	40
24.91	17.84	40
21.16	13.37	40
23.09	34.54	40
25.98	27.2	40
24.66	29.84	40
34.87	34.02	40
39.36	51.33	40
49.47	59.89	40
71.26	71.34	40
136.03	110.65	40
235.5	184.51	40
426.07	343.8	40
825.97	612.14	40
1573.01	1153.25	40
2326.81	1643.53	40
3108.93	2150.0	40
3863.54	2721.9	40
4593.77	3191.89	40
5426.46	3774.84	40
6093.12	4374.71	40
6825.3	4783.52	40
0.94	0.85	40
1.11	1.63	40
1.34	1.16	40
1.74	1.62	40
2.69	2.49	40
4.32	3.44	40
7.47	7.51	40
11.4	12.53	40
16.65	10.25	40
16.45	29.09	40
27.09	14.76	40
23.19	24.54	40
30.97	30.88	40
35.9	42.54	40
41.96	45.3	40
68.07	59.71	40
89.94	116.93	40
171.1	268.53	40
308.43	533.0	40
574.66	1047.49	40
1118.68	2257.4	40
2120.87	4416.68	40
3145.48	6602.06	40
4227.52	8811.94	40
5264.09	10904.14	40
6259.91	12593.56	40
7198.03	15238.83	40
8310.42	17382.16	40
9261.98	19628.17	40
1.0	0.84	40
1.0	0.98	40
1.36	1.16	40
1.76	1.72	40
2.7	2.61	40
4.4	4.73	40
7.37	7.46	40
13.03	13.85	40
24.49	14.99	40
27.53	23.99	40
26.51	21.84	40
12.63	18.69	40
26.6	35.05	40
36.31	36.05	40
41.88	39.68	40
52.38	46.64	40
75.4	81.62	40
123.38	143.88	40
216.36	240.67	40
416.76	447.56	40
784.88	857.08	40
1501.82	1616.69	40
2212.54	2351.02	40
2976.11	3115.56	40
3699.0	3836.18	40
4390.29	4608.01	40
5107.06	5432.28	40
5794.23	6348.98	40
6511.44	7135.04	40
1.09	1.03	41
1.26	1.3	41
2.23	1.62	41
2.17	2.23	41
3.22	2.92	41
4.69	4.63	41
7.81	7.35	41
8.31	8.19	41
12.65	9.75	41
15.57	15.19	41
20.86	21.3	41
25.03	25.7	41
34.01	35.07	41
44.88	42.99	41
54.91	62.89	41
92.71	97.3	41
168.8	168.8	41
321.48	307.22	41
600.66	599.67	41
1161.68	1157.84	41
1714.58	1698.32	41
2254.82	2303.89	41
2802.02	2809.77	41
3321.47	3372.93	41
3934.53	3938.86	41
4468.81	4509.11	41
5060.73	5033.83	41
1.11	0.96	41
1.21	1.35	41
1.43	1.47	41
1.8	1.99	41
3.11	3.43	41
4.4	4.93	41
6.62	9.52	41
8.91	11.2	41
12.74	9.3	41
13.28	14.62	41
20.77	19.89	41
24.04	27.78	41
38.15	36.61	41
47.65	51.44	41
78.45	78.39	41
127.73	125.65	41
231.13	229.97	41
439.06	429.23	41
839.83	855.37	41
1626.35	1628.49	41
2383.84	2416.36	41
3163.3	3220.58	41
3924.71	3969.47	41
4706.58	4710.23	41
5488.87	5560.58	41
6278.21	6291.56	41
7089.36	7121.07	41
1.14	0.99	41
1.26	1.21	41
1.49	1.41	41
2.07	2.05	41
2.98	2.87	41
5.46	4.49	41
9.82	5.76	41
9.48	9.09	41
10.68	10.49	41
15.88	14.4	41
20.27	15.52	41
21.29	22.31	41
30.02	30.03	41
37.09	36.79	41
53.41	51.14	41
83.43	86.13	41
148.25	150.91	41
280.78	279.33	41
542.73	540.55	41
1057.87	1051.87	41
1523.51	1545.39	41
2019.0	2043.64	41
2567.63	2556.34	41
3004.14	3032.49	41
3481.09	3481.1	41
4014.43	3997.55	41
4502.85	4510.3	41
1.12	0.94	41
1.21	1.1	41
1.59	2.12	41
2.07	1.98	41
3.27	3.45	41
4.42	5.16	41
8.93	5.94	41
9.5	12.12	41
10.73	13.93	41
15.64	16.43	41
20.26	24.27	41
26.1	27.84	41
35.88	30.16	41
45.12	45.94	41
69.77	73.84	41
123.21	120.29	41
215.25	219.16	41
410.95	419.13	41
804.24	794.96	41
1533.22	1531.06	41
2254.5	2262.33	41
2952.57	2981.94	41
3767.61	3726.44	41
4435.68	4512.16	41
5146.73	5165.73	41
5884.18	6573.54	41
6540.75	6761.16	41
1.23	1.13	42
1.2	1.13	42
1.42	1.34	42
2.1	1.79	42
2.85	2.67	42
4.63	4.83	42
8.59	5.0	42
11.45	8.15	42
9.81	9.41	42
15.49	12.05	42
20.32	20.06	42
26.91	29.4	42
34.8	33.75	42
45.08	47.77	42
74.55	73.26	42
125.1	125.53	42
229.29	230.97	42
428.82	418.84	42
836.26	829.37	42
1615.14	1607.69	42
2403.45	2422.31	42
3170.03	3154.36	42
3949.65	3957.36	42
4700.02	4646.85	42
5489.03	5463.16	42
6263.83	6277.74	42
7035.04	7023.2	42
1.15	0.96	42
1.45	1.0	42
1.66	1.48	42
2.18	1.81	42
3.32	3.01	42
5.01	5.04	42
8.75	6.78	42
6.56	6.41	42
10.46	14.86	42
13.56	16.54	42
18.81	22.09	42
21.04	27.6	42
26.41	30.51	42
36.24	38.64	42
56.42	56.73	42
89.89	94.06	42
163.94	165.31	42
301.01	306.77	42
599.07	590.4	42
1121.84	1122.67	42
1649.89	1652.82	42
2215.51	2158.6	42
2760.01	2741.42	42
3254.34	3271.31	42
3813.44	3788.17	42
4331.89	4333.01	42
4890.69	4997.18	42
1.11	1.3	42
1.28	1.22	42
1.41	1.4	42
1.95	1.9	42
3.28	2.88	42
5.09	4.18	42
6.91	7.27	42
8.36	7.77	42
14.42	11.42	42
13.36	13.54	42
19.59	18.58	42
27.14	23.57	42
30.68	31.17	42
43.93	44.22	42
67.01	68.08	42
114.54	115.71	42
212.84	214.28	42
404.99	405.01	42
781.82	802.85	42
1522.7	1527.62	42
2255.09	2242.3	42
3022.4	2961.01	42
3648.37	3675.72	42
4421.1	4443.84	42
5060.22	5231.26	42
5838.6	5875.88	42
6678.92	6567.33	42
1.17	0.98	42
1.29	1.18	42
1.64	1.51	42
2.12	1.93	42
2.94	3.09	42
5.77	4.8	42
7.84	6.25	42
8.37	8.62	42
10.43	6.04	42
13.44	14.12	42
17.45	18.94	42
21.9	24.31	42
27.46	28.92	42
36.48	36.99	42
51.07	50.8	42
85.54	88.02	42
153.5	152.45	42
280.86	278.74	42
533.16	534.67	42
1031.02	1036.8	42
1554.53	1537.78	42
2004.69	2026.47	42
2554.65	2496.15	42
2982.16	2955.99	42
3486.04	3458.47	42
3946.59	3961.75	42
4496.66	4420.57	42
1.16	1.06	43
1.18	1.16	43
1.71	1.46	43
2.06	2.12	43
3.15	3.0	43
3.6	4.68	43
8.15	7.54	43
8.93	8.63	43
11.26	8.84	43
11.08	14.77	43
18.93	19.45	43
21.01	19.55	43
29.41	30.06	43
36.89	38.15	43
58.41	56.04	43
94.57	93.8	43
167.51	169.98	43
304.84	313.0	43
584.8	588.05	43
1127.64	1132.22	43
1670.66	1639.22	43
2207.39	2214.11	43
2727.97	2735.35	43
3259.94	3260.83	43
3817.89	3845.71	43
4334.18	4343.21	43
4881.94	4860.41	43
1.2	1.04	43
1.26	1.11	43
1.5	1.51	43
1.93	1.98	43
2.93	2.66	43
5.17	3.61	43
4.69	5.42	43
6.42	7.72	43
10.01	11.37	43
11.67	13.44	43
18.76	18.84	43
25.53	24.73	43
35.87	36.48	43
47.39	48.49	43
74.49	73.64	43
124.89	122.44	43
228.54	226.8	43
433.72	429.79	43
842.53	836.27	43
1614.35	1604.49	43
2383.46	2386.04	43
3183.88	3137.35	43
3928.45	3906.71	43
4728.14	4749.48	43
5499.78	5485.26	43
6237.53	6248.91	43
7075.74	7069.3	43
1.24	0.95	43
1.44	1.06	43
1.61	1.39	43
2.18	2.01	43
3.07	3.03	43
5.37	4.26	43
6.41	6.16	43
9.38	11.32	43
8.4	12.16	43
11.34	10.78	43
17.39	22.79	43
19.89	21.5	43
29.54	29.16	43
38.8	37.65	43
57.89	52.94	43
87.1	86.48	43
155.05	152.5	43
282.86	280.25	43
540.35	535.74	43
1030.32	1040.35	43
1544.08	1516.54	43
2053.04	2029.31	43
2512.89	2500.2	43
2996.93	2987.22	43
3525.41	3456.59	43
4009.45	3993.68	43
4414.19	4513.22	43
1.13	1.0	43
1.28	1.15	43
1.61	1.46	43
2.15	2.02	43
3.14	2.78	43
4.87	5.04	43
8.48	9.08	43
8.69	7.32	43
10.63	10.2	43
15.85	10.82	43
16.45	21.32	43
26.93	25.97	43
33.5	33.59	43
44.41	45.39	43
68.33	68.75	43
119.59	118.43	43
217.93	215.23	43
409.7	410.58	43
790.42	787.16	43
1535.88	1495.96	43
2265.04	2248.18	43
2970.98	3007.19	43
3763.82	3777.31	43
4452.0	4443.15	43
5121.91	5198.88	43
5823.67	5809.95	43
6433.58	6623.94	43
1.09	0.88	44
1.32	1.1	44
1.53	1.32	44
1.93	1.83	44
3.02	2.95	44
3.25	4.53	44
5.18	7.08	44
9.74	8.81	44
8.04	13.12	44
12.81	13.71	44
19.01	20.16	44
23.21	26.75	44
32.13	36.21	44
47.82	47.28	44
74.09	75.26	44
125.02	124.24	44
228.77	229.9	44
428.15	430.31	44
832.78	842.53	44
1606.93	1620.75	44
2398.94	2393.18	44
3198.83	3189.75	44
3960.61	3938.0	44
4732.5	4672.16	44
5555.82	5484.26	44
6310.86	6205.86	44
7037.04	7067.43	44
1.18	0.97	44
1.22	1.12	44
1.58	1.41	44
2.08	1.9	44
3.32	3.03	44
5.16	5.2	44
7.96	6.59	44
8.14	6.75	44
8.79	9.44	44
10.6	13.79	44
18.68	15.87	44
23.2	20.88	44
32.34	31.16	44
39.3	43.25	44
53.19	59.6	44
93.89	92.33	44
166.24	165.43	44
309.74	308.93	44
596.41	601.06	44
1146.24	1146.19	44
1690.77	1723.93	44
2254.97	2253.19	44
2804.73	2826.17	44
3323.96	3355.85	44
3909.57	3888.95	44
4442.41	4485.53	44
4926.76	5019.28	44
1.03	0.89	44
1.79	1.17	44
1.63	1.21	44
2.04	1.83	44
2.99	2.96	44
3.93	4.8	44
8.92	7.38	44
8.8	7.54	44
9.61	11.4	44
14.79	13.81	44
16.42	17.08	44
24.64	24.83	44
31.12	31.75	44
44.61	49.37	44
68.9	71.1	44
119.08	117.73	44
219.03	220.0	44
412.41	416.78	44
790.2	782.02	44
1532.69	1529.69	44
2290.02	2287.21	44
2980.16	3006.69	44
3690.79	3690.87	44
4458.35	4422.26	44
5163.62	5144.46	44
5964.83	5825.29	44
6656.45	6678.3	44
1.1	1.12	44
1.38	1.04	44
1.47	1.43	44
2.13	1.82	44
2.99	3.05	44
5.03	4.18	44
8.31	8.19	44
10.57	7.87	44
11.99	10.72	44
15.5	12.79	44
20.44	20.69	44
23.73	24.2	44
27.54	26.5	44
34.25	36.88	44
49.93	56.7	44
85.74	86.58	44
151.67	153.39	44
281.26	282.67	44
542.41	530.71	44
1035.44	1034.22	44
1536.59	1526.34	44
2059.23	2032.97	44
2485.54	2551.29	44
2962.85	3026.35	44
3527.82	3515.21	44
3979.18	4021.11	44
4496.81	4986.68	44
1.11	1.01	45
1.34	1.14	45
1.74	1.65	45
2.49	2.55	45
4.33	4.25	45
6.17	6.22	45
6.72	6.88	45
8.57	9.44	45
8.81	9.54	45
10.08	11.9	45
9.73	11.12	45
14.23	13.98	45
19.89	20.64	45
25.82	27.43	45
45.67	43.88	45
77.74	74.75	45
138.92	119.54	45
265.72	229.49	45
511.3	473.67	45
1020.18	866.32	45
1946.88	1479.16	45
2864.67	2686.18	45
3869.47	3551.26	45
4698.44	3603.53	45
5642.93	5303.24	45
6612.97	4970.05	45
7613.6	6476.76	45
8541.76	6339.04	45
1.11	0.99	45
1.36	1.23	45
1.71	1.72	45
2.64	2.46	45
4.13	3.79	45
5.07	5.1	45
8.47	7.81	45
7.71	9.68	45
10.75	10.13	45
11.67	12.24	45
12.71	16.31	45
16.04	30.5	45
21.0	50.54	45
34.22	73.8	45
60.09	134.84	45
110.66	182.47	45
214.14	644.68	45
415.35	995.25	45
810.59	1962.04	45
1628.52	5124.96	45
3142.73	5395.89	45
4668.13	4692.25	45
6191.63	10606.01	45
7772.13	7845.66	45
9299.04	22692.5	45
10877.88	34264.97	45
12453.17	12404.89	45
14013.3	33653.62	45
1.13	0.94	45
1.36	1.7	45
1.79	1.63	45
2.6	2.53	45
4.36	3.73	45
6.75	5.51	45
7.16	8.09	45
9.5	8.3	45
10.65	10.8	45
11.11	10.78	45
12.27	11.1	45
14.88	18.82	45
19.0	17.51	45
27.32	31.52	45
42.16	46.89	45
71.54	76.78	45
129.16	127.25	45
245.32	231.12	45
471.3	431.6	45
929.67	892.93	45
1807.58	1737.2	45
2635.6	2623.76	45
3518.1	3220.81	45
4381.47	4274.01	45
5286.32	4648.16	45
6053.1	5815.96	45
7044.43	6769.83	45
7837.11	6560.17	45
1.02	0.97	45
1.26	1.28	45
1.77	1.67	45
2.55	2.19	45
3.86	3.63	45
4.58	5.79	45
7.81	8.08	45
10.0	9.3	45
10.18	12.05	45
10.14	14.5	45
12.72	10.38	45
15.2	25.48	45
17.22	43.36	45
32.49	28.88	45
55.0	95.68	45
104.17	179.09	45
198.98	503.56	45
385.88	687.04	45
760.15	1937.51	45
1500.84	3909.99	45
2936.12	7625.95	45
4341.52	11271.84	45
5785.35	5798.77	45
7219.58	13186.16	45
8654.54	15632.34	45
10094.54	26020.09	45
11486.76	20727.22	45
12919.76	23440.44	45
2.4	1.12	46
1.24	1.27	46
1.77	1.74	46
2.42	2.58	46
3.89	3.71	46
5.85	6.44	46
8.22	8.53	46
9.07	8.29	46
8.77	7.73	46
9.73	12.75	46
13.26	12.66	46
14.88	16.21	46
21.47	22.44	46
30.81	31.57	46
51.53	50.84	46
94.78	96.05	46
180.86	192.61	46
338.44	338.47	46
682.39	621.15	46
1311.45	1292.71	46
2518.41	2452.87	46
3707.07	3738.48	46
4937.12	4753.67	46
6184.46	5757.15	46
7413.22	7215.66	46
8715.4	8516.08	46
9919.02	9521.33	46
11187.87	10897.02	46
1.07	0.92	46
1.94	1.2	46
1.71	1.78	46
2.74	2.58	46
3.89	4.08	46
5.98	6.28	46
6.6	7.46	46
9.47	10.34	46
7.5	8.06	46
11.53	14.1	46
11.7	11.36	46
14.08	18.81	46
20.93	38.11	46
31.43	65.75	46
50.76	95.09	46
95.18	241.23	46
174.39	174.54	46
333.92	898.72	46
706.25	1277.71	46
1420.45	3653.28	46
2795.95	4988.23	46
4161.15	13938.76	46
5521.01	18658.12	46
6891.32	12185.74	46
8250.76	21123.79	46
9646.43	17081.02	46
11001.63	19691.74	46
12359.49	22042.08	46
1.04	1.16	46
1.18	1.3	46
1.65	1.69	46
2.48	2.49	46
3.59	3.72	46
6.21	5.08	46
8.59	7.31	46
7.52	9.69	46
10.03	8.77	46
10.64	11.1	46
10.5	11.82	46
16.13	19.17	46
20.44	21.55	46
30.71	41.45	46
51.21	57.48	46
89.05	103.95	46
170.36	174.85	46
329.14	364.54	46
657.29	663.01	46
1296.82	1285.13	46
2501.63	2377.88	46
3749.96	3670.42	46
4922.4	4801.04	46
6112.02	5914.94	46
7313.29	7404.67	46
8484.81	8290.65	46
9818.08	9746.4	46
11099.28	10390.59	46
1.07	1.02	46
1.25	1.36	46
1.71	1.75	46
2.43	2.49	46
4.04	3.79	46
6.0	5.44	46
5.75	8.39	46
8.95	9.5	46
10.93	11.57	46
11.35	12.95	46
12.03	15.4	46
15.53	26.1	46
21.89	29.67	46
32.03	87.74	46
53.01	164.08	46
93.62	241.32	46
178.67	468.86	46
341.12	929.98	46
687.14	1841.87	46
1364.04	4821.53	46
2656.19	9380.92	46
3942.67	7267.7	46
5230.31	9638.64	46
6528.06	23082.29	46
7810.9	21070.49	46
9061.08	24386.84	46
10331.04	28071.67	46
11672.8	31537.11	46
1.23	1.0	47
1.31	1.16	47
1.83	1.57	47
2.54	2.37	47
4.01	4.29	47
6.3	6.2	47
7.54	7.96	47
9.25	9.34	47
7.69	11.81	47
8.34	9.79	47
10.89	18.26	47
16.55	31.11	47
18.74	16.76	47
29.93	91.09	47
54.08	107.91	47
94.4	203.3	47
173.77	392.86	47
346.0	1207.59	47
673.01	1534.6	47
1349.22	4785.6	47
2635.4	2656.03	47
3920.84	8928.06	47
5198.93	5221.0	47
6480.18	14749.23	47
7729.16	17676.39	47
9030.18	9063.57	47
10298.95	23274.76	47
11525.48	40891.09	47
