0.92	1.0	1
1.02	1.0	1
1.21	1.41	1
1.61	1.82	1
2.62	2.76	1
3.99	3.89	1
7.12	6.6	1
8.43	8.28	1
14.78	9.84	1
15.82	14.4	1
14.63	15.74	1
15.7	14.33	1
11.3	13.97	1
14.71	18.52	1
22.19	25.21	1
39.66	32.5	1
61.77	60.45	1
109.79	108.37	1
198.29	196.04	1
375.35	374.69	1
725.8	737.79	1
1435.87	1401.74	1
2120.06	2112.79	1
2777.76	2791.31	1
3542.2	3497.6	1
3611.28	4140.72	1
4801.62	4803.55	1
5460.43	5513.04	1
6219.81	6291.98	1
0.87	0.95	1
1.04	1.88	1
1.31	1.19	1
1.79	1.76	1
2.11	2.41	1
4.85	4.14	1
6.57	6.41	1
11.61	8.8	1
12.28	11.88	1
12.84	9.32	1
12.48	12.9	1
15.63	16.49	1
19.44	14.04	1
21.75	23.75	1
29.44	31.18	1
49.33	47.03	1
78.41	78.81	1
143.21	148.1	1
276.9	276.12	1
530.29	530.62	1
1049.88	1043.18	1
2011.71	2005.91	1
3011.12	3014.38	1
3978.0	3972.51	1
5004.75	4984.6	1
5923.73	5933.83	1
6902.53	6910.9	1
7815.32	7876.83	1
8997.69	8840.62	1
0.9	0.88	1
0.94	1.02	1
1.25	1.31	1
1.64	1.68	1
2.37	2.44	1
4.09	3.94	1
6.68	6.51	1
9.49	10.13	1
12.46	11.72	1
10.55	13.6	1
11.9	14.54	1
14.88	11.71	1
13.43	17.97	1
14.93	17.97	1
24.13	23.82	1
38.55	33.16	1
61.25	58.75	1
103.11	104.97	1
195.28	193.33	1
377.11	366.47	1
724.91	718.86	1
1421.32	1383.34	1
2066.44	2053.72	1
2811.92	2774.51	1
3465.45	3004.4	1
4093.03	4080.7	1
4711.45	4706.62	1
5395.03	5408.62	1
6154.29	6059.64	1
0.91	0.98	1
0.96	1.1	1
1.3	1.31	1
1.72	1.7	1
2.56	2.54	1
4.43	4.2	1
5.15	6.74	1
10.09	8.67	1
12.4	13.19	1
10.56	15.99	1
14.52	15.31	1
16.54	14.4	1
18.0	19.42	1
20.39	19.69	1
31.64	30.28	1
45.21	40.78	1
75.26	78.4	1
140.78	144.14	1
266.79	265.32	1
517.35	520.36	1
1036.98	1026.87	1
1991.1	1926.02	1
2947.31	2938.02	1
3935.83	3941.51	1
4851.4	4847.97	1
5705.31	5778.15	1
6695.46	6783.41	1
7647.96	7675.27	1
8614.17	8608.09	1
0.98	0.95	2
1.17	1.13	2
1.68	1.28	2
1.69	1.76	2
2.43	2.46	2
4.0	4.16	2
5.97	6.94	2
6.3	9.23	2
13.35	15.26	2
11.08	10.42	2
12.61	17.31	2
11.34	16.49	2
14.38	15.74	2
22.83	20.81	2
31.19	33.34	2
45.7	46.22	2
75.0	79.77	2
139.7	136.92	2
243.09	264.72	2
510.52	513.4	2
997.45	989.24	2
1919.81	1955.55	2
2901.2	2855.78	2
3817.7	3788.77	2
4760.33	4696.55	2
5630.01	5618.82	2
6602.65	6605.81	2
7576.46	7540.27	2
8581.7	8481.75	2
1.02	0.89	2
1.04	1.13	2
1.35	1.43	2
2.38	1.84	2
2.71	2.4	2
3.25	4.32	2
6.65	6.85	2
10.44	10.15	2
13.78	14.59	2
13.64	14.41	2
16.35	13.12	2
18.17	15.44	2
12.7	17.63	2
20.6	21.22	2
29.35	26.72	2
40.43	39.8	2
65.76	64.78	2
118.76	118.01	2
224.77	226.32	2
422.49	427.12	2
835.91	821.39	2
1599.47	1630.21	2
2371.59	2381.19	2
3145.81	3144.59	2
3919.4	3957.72	2
4756.66	4701.79	2
5456.8	5446.45	2
6355.57	6222.51	2
7164.59	7057.29	2
0.94	1.02	2
1.07	1.13	2
1.38	1.32	2
2.43	1.84	2
2.64	2.54	2
4.12	4.32	2
6.94	7.16	2
8.59	9.57	2
14.0	12.88	2
8.08	11.42	2
12.2	12.83	2
11.32	13.71	2
15.47	16.22	2
21.92	21.76	2
27.52	27.16	2
43.17	46.88	2
73.78	76.41	2
137.05	138.84	2
261.84	262.13	2
506.0	510.58	2
984.98	987.88	2
1892.03	1919.49	2
2836.41	2898.35	2
3744.22	3779.44	2
4679.19	4693.88	2
5627.87	5540.93	2
6612.88	6450.97	2
6780.77	7370.43	2
8182.31	8345.27	2
1.1	0.94	2
1.04	1.16	2
1.29	1.32	2
1.72	1.87	2
3.17	2.71	2
3.87	4.3	2
6.36	6.4	2
8.15	8.11	2
12.94	10.71	2
11.53	11.39	2
12.64	15.66	2
13.45	15.67	2
13.53	17.55	2
18.53	20.66	2
30.3	26.55	2
42.43	38.47	2
63.36	64.36	2
113.3	115.11	2
217.47	215.7	2
414.47	411.21	2
798.4	805.27	2
1575.54	1546.9	2
2268.31	2296.72	2
3031.03	3024.21	2
3787.65	4168.18	2
4556.62	4498.42	2
5253.19	5215.32	2
6047.31	5994.88	2
6709.44	6695.55	2
0.92	0.88	3
1.02	1.06	3
1.3	1.26	3
1.69	1.67	3
2.81	2.69	3
4.32	3.74	3
6.54	6.84	3
9.3	11.54	3
14.21	8.04	3
15.27	14.65	3
15.59	9.09	3
14.35	14.65	3
18.32	14.93	3
21.05	22.11	3
27.29	29.38	3
40.48	40.86	3
65.92	66.9	3
114.53	116.1	3
226.59	219.67	3
420.55	424.07	3
828.59	828.71	3
1612.74	1617.55	3
2362.53	2395.6	3
3177.01	3162.71	3
3950.96	3958.5	3
4733.47	4702.92	3
5486.55	5524.62	3
6302.63	6232.42	3
7084.26	7038.48	3
0.95	0.88	3
1.02	0.99	3
1.28	1.35	3
1.71	1.66	3
2.58	2.36	3
4.09	4.23	3
6.43	6.47	3
7.8	8.68	3
15.41	8.87	3
14.46	11.54	3
12.67	12.63	3
12.97	10.87	3
12.05	16.32	3
22.63	19.66	3
29.36	32.68	3
44.09	48.28	3
79.47	76.75	3
138.3	140.35	3
262.18	259.87	3
511.76	514.07	3
990.5	1002.55	3
1933.14	1925.54	3
2864.3	2853.02	3
3817.52	3802.18	3
4764.5	4709.33	3
5643.49	5680.4	3
6644.59	6617.0	3
7507.3	7528.27	3
8429.52	8574.81	3
0.89	1.05	3
0.98	1.09	3
1.23	1.43	3
1.66	1.77	3
2.5	2.74	3
3.89	3.73	3
6.42	6.54	3
11.27	10.35	3
10.38	13.24	3
12.04	11.0	3
12.94	13.88	3
14.55	15.37	3
12.8	16.35	3
20.11	20.36	3
24.16	25.57	3
40.19	38.94	3
66.92	61.92	3
114.93	113.81	3
215.66	211.77	3
405.84	408.38	3
815.06	803.6	3
1556.59	1559.97	3
2314.34	2330.69	3
3045.67	3094.76	3
3771.8	3790.22	3
4489.25	4488.52	3
5301.65	5211.28	3
6001.9	6019.36	3
6678.19	6760.57	3
0.99	1.08	3
1.06	1.09	3
1.25	1.33	3
2.86	1.71	3
2.41	2.56	3
4.13	3.9	3
5.63	6.19	3
9.29	9.18	3
12.28	11.96	3
9.2	10.96	3
12.5	12.7	3
15.4	16.64	3
18.12	16.71	3
24.13	19.39	3
27.85	31.02	3
43.04	46.5	3
75.06	76.77	3
138.07	138.81	3
259.86	262.12	3
508.81	518.94	3
999.55	996.67	3
1907.2	1895.6	3
2806.76	2838.51	3
3801.76	3735.56	3
4639.73	4679.07	3
5603.12	5590.28	3
6557.69	6582.23	3
7447.59	7361.38	3
8356.49	8351.8	3
1.09	0.85	4
1.05	0.91	4
1.33	1.29	4
1.76	1.66	4
2.72	2.46	4
3.73	4.17	4
5.97	5.99	4
9.79	8.08	4
12.53	12.67	4
12.03	15.84	4
12.21	14.55	4
11.86	15.75	4
17.23	18.51	4
23.28	20.55	4
32.29	32.06	4
50.34	49.01	4
84.03	77.14	4
144.7	147.11	4
275.81	269.24	4
533.85	529.69	4
1040.16	1051.09	4
2014.27	2037.38	4
2971.94	3015.46	4
3964.78	3937.12	4
4980.8	4994.07	4
5965.92	5927.32	4
6947.72	6846.73	4
7866.68	7922.86	4
9238.02	8858.88	4
1.0	0.86	4
1.2	1.05	4
1.35	1.29	4
1.87	1.55	4
2.72	2.61	4
4.28	3.83	4
6.52	6.58	4
9.75	8.16	4
11.39	11.53	4
13.14	10.12	4
17.39	15.97	4
18.18	13.0	4
17.32	15.17	4
20.16	16.84	4
26.67	24.28	4
40.18	37.84	4
62.58	58.69	4
106.42	104.08	4
196.06	196.21	4
382.13	378.15	4
733.34	739.33	4
1422.47	1409.22	4
2103.93	1814.62	4
2791.85	2832.53	4
3480.0	3472.97	4
4119.1	4134.4	4
4858.1	4894.8	4
4786.44	5554.12	4
5437.05	6308.34	4
0.89	0.91	4
0.98	0.92	4
1.21	1.25	4
1.73	1.78	4
2.47	2.45	4
4.07	4.02	4
7.19	6.91	4
10.73	9.04	4
10.47	15.7	4
14.5	13.87	4
12.57	13.12	4
17.1	15.34	4
19.62	16.62	4
20.66	19.79	4
30.45	29.25	4
44.87	42.1	4
81.54	82.1	4
141.98	143.04	4
270.29	263.86	4
522.02	511.82	4
1018.02	1038.27	4
1960.7	1974.23	4
2939.49	2984.27	4
3834.17	3939.23	4
4861.39	4819.23	4
5842.93	5744.7	4
6813.44	6755.51	4
7703.05	7765.52	4
8639.96	8683.41	4
0.94	0.78	4
0.97	0.98	4
1.23	1.2	4
1.97	1.71	4
2.57	2.5	4
4.1	3.93	4
6.91	6.69	4
9.05	7.64	4
12.45	14.96	4
14.72	8.05	4
13.19	17.12	4
16.67	12.54	4
16.31	15.18	4
18.99	21.66	4
25.24	24.03	4
38.14	36.55	4
60.1	60.65	4
105.42	104.84	4
188.71	193.55	4
378.53	365.37	4
733.7	714.08	4
1411.86	1402.41	4
2056.28	2090.07	4
2738.53	2806.72	4
3364.5	3393.17	4
4120.2	4094.06	4
4739.81	4672.2	4
5510.23	5430.4	4
5977.55	6131.25	4
1.06	0.96	5
1.2	1.17	5
1.68	1.72	5
2.37	2.44	5
4.22	4.4	5
6.91	7.68	5
12.16	9.16	5
19.77	15.88	5
21.62	22.54	5
21.8	21.38	5
19.65	22.58	5
29.57	22.81	5
27.53	31.39	5
44.68	43.09	5
47.88	46.85	5
71.71	72.13	5
129.57	125.13	5
226.03	225.89	5
425.45	424.49	5
825.46	822.78	5
1579.45	1571.02	5
2319.35	2299.16	5
3042.92	3035.84	5
3865.38	3809.19	5
4538.6	4610.5	5
5342.83	5401.37	5
6029.1	6097.04	5
6826.88	6782.47	5
1.05	0.96	5
1.77	1.15	5
1.74	1.68	5
2.55	2.51	5
4.27	4.26	5
7.3	7.4	5
11.65	10.2	5
14.75	18.86	5
22.36	18.37	5
26.16	23.21	5
20.47	22.37	5
23.18	25.53	5
28.35	27.81	5
41.73	41.9	5
62.35	64.52	5
99.1	99.4	5
168.61	176.09	5
319.66	320.15	5
620.3	620.21	5
1201.82	1215.03	5
2352.1	2344.96	5
3489.0	3459.16	5
4588.39	4596.04	5
5754.38	5676.08	5
6912.4	6855.27	5
8008.5	7973.32	5
9122.0	9094.18	5
10251.6	10273.08	5
1.06	1.02	5
1.39	1.3	5
1.66	1.64	5
2.61	2.46	5
4.38	4.2	5
7.53	6.12	5
9.33	10.03	5
14.22	16.16	5
21.3	16.37	5
20.81	27.09	5
18.77	17.4	5
20.43	24.29	5
27.96	24.99	5
28.95	29.59	5
47.65	53.88	5
75.77	75.66	5
128.16	124.88	5
221.93	216.28	5
400.41	413.12	5
807.98	798.68	5
1541.21	1522.19	5
2294.36	2329.04	5
3022.36	3006.5	5
3827.99	3778.49	5
4446.05	4522.53	5
5230.31	5067.54	5
5991.75	5896.28	5
6602.91	6613.37	5
1.08	1.05	5
1.36	1.2	5
1.83	1.61	5
2.49	2.64	5
4.38	4.23	5
7.27	7.31	5
12.1	12.7	5
20.58	13.29	5
16.5	19.77	5
11.86	21.6	5
21.95	25.05	5
21.01	30.73	5
29.02	33.69	5
41.34	45.55	5
60.01	46.99	5
91.68	81.33	5
153.54	153.75	5
293.35	294.15	5
570.22	575.35	5
1106.1	1127.62	5
2131.68	2121.66	5
3168.71	3173.6	5
4189.55	4181.67	5
5214.02	5295.41	5
6272.92	6347.46	5
7262.6	7291.29	5
8356.93	8380.15	5
9327.62	9262.58	5
1.16	1.09	6
1.36	1.21	6
1.74	1.74	6
2.57	2.54	6
3.26	4.52	6
7.7	6.6	6
13.13	11.73	6
18.41	13.78	6
20.68	21.26	6
17.34	24.09	6
30.96	14.75	6
24.32	26.35	6
34.28	34.33	6
40.69	38.97	6
64.05	58.7	6
91.88	89.46	6
160.87	150.79	6
296.32	282.2	6
561.42	557.92	6
1090.93	1082.71	6
2091.95	2083.91	6
3080.83	3055.2	6
4012.19	4089.35	6
5114.56	5126.24	6
6140.31	6126.52	6
7114.46	7041.32	6
8076.21	8085.17	6
9213.76	9151.84	6
1.04	1.19	6
1.43	1.23	6
1.83	1.84	6
2.52	2.61	6
4.28	4.15	6
7.46	7.44	6
10.67	13.92	6
15.97	18.7	6
18.91	18.12	6
20.99	19.95	6
20.61	24.11	6
23.67	24.91	6
35.29	30.35	6
32.29	38.16	6
65.08	60.23	6
87.04	92.34	6
157.23	146.53	6
266.58	266.78	6
503.47	505.88	6
991.11	976.34	6
1926.32	1900.01	6
2854.39	2811.78	6
3787.79	3771.78	6
4686.22	4614.4	6
5576.61	5579.51	6
6542.15	6444.92	6
7404.71	7411.25	6
8399.11	8528.66	6
1.08	0.98	6
1.3	1.33	6
1.75	1.75	6
2.67	2.56	6
5.05	4.07	6
6.21	7.63	6
11.08	13.39	6
17.97	15.8	6
10.14	13.03	6
20.27	18.84	6
18.79	17.29	6
28.02	25.43	6
28.29	30.38	6
38.32	40.64	6
58.47	47.34	6
85.47	85.16	6
157.4	152.02	6
291.69	282.94	6
553.3	550.82	6
1081.73	1080.75	6
2085.66	2092.48	6
3079.43	3107.15	6
4100.61	4093.23	6
5066.44	5072.79	6
6047.58	6083.42	6
7128.64	7143.35	6
8015.33	8116.08	6
9071.09	9015.02	6
1.76	1.05	6
1.34	1.23	6
1.81	1.73	6
2.79	2.59	6
4.0	4.32	6
7.93	7.57	6
12.23	11.94	6
22.2	13.36	6
25.04	17.32	6
22.85	21.52	6
20.93	21.09	6
18.46	19.63	6
27.64	32.79	6
29.77	32.94	6
44.73	49.19	6
84.86	79.76	6
127.41	133.14	6
243.04	240.4	6
451.79	456.27	6
881.06	878.66	6
1714.28	1713.58	6
2539.26	2576.92	6
3316.69	3361.71	6
4149.35	4130.34	6
4972.52	4938.02	6
5807.95	5716.71	6
6523.12	6571.74	6
7512.58	7349.7	6
1.1	1.01	7
1.42	1.36	7
1.76	1.73	7
2.6	2.55	7
4.61	4.37	7
6.48	7.37	7
13.06	9.06	7
18.87	22.37	7
23.96	13.11	7
20.96	28.54	7
16.21	26.24	7
23.83	22.56	7
28.22	22.26	7
31.96	38.06	7
51.81	48.59	7
73.78	88.8	7
141.81	133.42	7
265.64	269.74	7
503.08	495.18	7
1001.13	988.7	7
1915.19	1908.66	7
3665.3	2849.31	7
4809.66	3720.92	7
4717.19	4697.41	7
5552.93	5560.87	7
6501.2	6480.71	7
7385.17	7313.2	7
8279.51	8324.06	7
1.11	1.11	7
1.54	1.21	7
1.81	1.68	7
2.78	2.63	7
4.23	4.15	7
7.17	7.54	7
11.71	13.16	7
6.45	18.96	7
21.33	21.2	7
25.8	16.38	7
28.4	16.28	7
22.55	27.85	7
33.28	32.34	7
34.58	32.42	7
53.64	62.48	7
88.67	89.18	7
160.79	157.26	7
289.81	295.18	7
551.63	561.1	7
1082.76	1068.6	7
2107.57	2085.78	7
3104.91	3110.46	7
4090.31	4182.7	7
5070.44	5067.87	7
6104.93	6076.06	7
7133.03	7139.01	7
8148.06	8114.12	7
9148.78	9130.58	7
1.04	1.07	7
1.3	1.35	7
1.73	1.72	7
2.52	2.74	7
4.32	3.79	7
7.34	7.83	7
11.59	10.23	7
14.71	17.3	7
22.45	19.11	7
24.85	13.9	7
18.37	25.21	7
27.07	33.47	7
25.21	32.26	7
34.72	30.26	7
52.14	43.71	7
76.4	74.32	7
129.63	137.17	7
230.49	235.04	7
451.29	452.49	7
883.67	892.25	7
1707.03	1712.42	7
2516.46	2521.0	7
3286.44	3301.21	7
4107.34	4086.07	7
4958.25	4883.07	7
5756.98	5813.9	7
6438.39	6534.66	7
7325.71	7398.3	7
1.06	1.14	7
1.34	1.17	7
1.82	1.72	7
2.65	2.52	7
4.37	4.23	7
7.41	7.0	7
13.5	13.54	7
17.75	23.23	7
19.21	20.6	7
14.91	21.23	7
19.71	23.67	7
27.83	18.79	7
31.42	32.1	7
47.16	37.36	7
54.33	53.06	7
92.64	85.1	7
155.67	153.2	7
288.11	285.88	7
561.74	557.45	7
1091.72	1070.07	7
1917.74	2088.89	7
3146.05	3057.29	7
4067.05	4079.89	7
5113.95	5130.53	7
6068.87	6073.49	7
7045.89	6597.71	7
8168.17	8154.93	7
9103.4	9197.62	7
1.09	0.94	8
1.32	1.22	8
1.77	1.7	8
2.79	2.17	8
4.45	4.21	8
7.25	5.78	8
13.35	10.71	8
17.5	19.35	8
13.73	17.49	8
10.98	25.78	8
25.89	18.3	8
26.52	28.92	8
33.94	25.56	8
36.05	38.64	8
64.06	55.34	8
103.68	93.38	8
172.34	173.09	8
318.5	316.59	8
618.03	615.87	8
1202.58	1196.01	8
2334.33	2338.28	8
3446.67	3473.85	8
4595.78	4548.79	8
5745.61	5686.07	8
6871.51	6905.2	8
8006.13	7990.85	8
9069.37	9073.95	8
10169.99	10211.58	8
1.11	0.82	8
1.43	1.14	8
1.72	1.65	8
2.63	2.51	8
4.45	4.14	8
7.66	6.41	8
11.62	13.15	8
14.23	17.35	8
16.25	18.39	8
24.06	15.27	8
27.7	25.82	8
23.93	30.17	8
25.81	32.21	8
39.3	40.74	8
50.96	46.24	8
74.8	82.33	8
133.43	123.99	8
227.44	226.82	8
420.33	425.89	8
821.63	803.88	8
1561.78	1560.7	8
2329.52	2300.22	8
3087.9	3069.68	8
3830.23	3780.52	8
4522.9	4587.8	8
5240.91	5236.53	8
6082.41	6017.15	8
6801.33	6687.28	8
1.04	0.95	8
1.21	1.19	8
1.78	1.62	8
2.7	2.38	8
4.27	4.2	8
7.34	7.36	8
10.93	12.95	8
21.71	16.11	8
19.71	14.59	8
20.11	15.7	8
17.87	21.33	8
29.5	19.77	8
36.17	23.2	8
36.08	42.66	8
53.52	50.27	8
95.49	93.44	8
155.8	157.03	8
295.55	297.35	8
570.36	573.47	8
1125.28	1112.59	8
2130.14	2160.46	8
3196.76	3222.85	8
4221.24	4204.63	8
5334.6	5258.4	8
6298.22	6297.76	8
7217.8	7295.27	8
8305.66	8265.37	8
9376.62	9403.05	8
1.11	1.06	8
1.29	1.17	8
1.78	1.64	8
2.8	2.53	8
4.41	4.3	8
7.83	7.61	8
11.58	13.35	8
21.36	19.03	8
18.2	16.08	8
21.59	21.37	8
17.69	22.42	8
20.95	19.55	8
30.55	24.77	8
28.46	44.72	8
47.4	53.7	8
73.91	73.17	8
123.02	113.54	8
217.04	218.11	8
421.34	416.24	8
796.09	796.72	8
1539.16	1536.06	8
2262.98	2300.91	8
2965.64	3004.1	8
3716.48	3738.49	8
4505.26	4450.59	8
5265.66	5257.19	8
5869.59	5986.95	8
6767.21	6612.23	8
1.44	1.25	9
1.63	1.48	9
1.77	1.56	9
2.05	1.37	9
2.41	2.63	9
2.63	2.46	9
3.43	3.75	9
4.7	4.45	9
6.29	6.3	9
9.51	8.85	9
15.32	15.17	9
26.33	25.33	9
46.46	46.88	9
86.06	83.94	9
162.5	161.68	9
314.14	320.93	9
631.47	616.69	9
918.8	930.16	9
1208.74	1243.47	9
1586.63	1500.62	9
1864.43	1893.52	9
2212.22	2100.69	9
2382.52	2441.09	9
2684.04	2704.33	9
1.45	1.49	9
1.55	1.32	9
1.94	1.67	9
2.25	2.21	9
2.73	2.59	9
4.01	3.79	9
4.98	5.1	9
6.46	6.66	9
11.73	12.15	9
20.88	20.42	9
39.01	38.34	9
73.93	75.67	9
147.57	147.26	9
292.72	288.79	9
580.45	581.16	9
1164.82	1163.08	9
2270.6	2273.31	9
3381.45	3373.52	9
4486.81	4482.81	9
5604.64	5609.38	9
6731.53	6719.09	9
7854.52	7858.51	9
8989.41	8971.72	9
10107.98	10103.85	9
1.43	1.12	9
1.5	1.53	9
1.65	1.39	9
2.03	1.92	9
2.41	2.33	9
2.96	3.03	9
3.98	3.64	9
4.6	4.03	9
6.11	5.74	9
9.13	9.04	9
14.18	13.6	9
23.53	22.92	9
39.09	40.23	9
77.66	79.21	9
150.46	147.18	9
291.29	291.71	9
532.36	529.73	9
784.32	779.0	9
1029.83	1038.63	9
1289.34	1283.17	9
1546.19	1520.76	9
1781.56	1818.81	9
2066.62	2051.39	9
2348.63	2301.82	9
1.53	1.21	9
1.49	1.55	9
1.82	1.73	9
2.48	2.5	9
3.35	2.97	9
3.69	3.98	9
5.44	4.69	9
7.27	7.45	9
11.74	11.67	9
20.26	20.53	9
38.29	37.27	9
73.78	73.33	9
143.16	142.03	9
281.09	282.72	9
563.4	558.64	9
1124.63	1131.57	9
2195.3	2196.38	9
3286.13	3277.63	9
4349.76	4347.72	9
5437.75	5423.09	9
6507.76	6502.16	9
7565.1	7568.67	9
8632.28	8627.91	9
9732.01	9698.7	9
1.35	1.18	10
1.58	1.29	10
1.7	1.64	10
3.09	2.1	10
2.39	2.25	10
3.41	2.82	10
4.18	3.7	10
6.68	6.05	10
10.45	9.63	10
17.55	17.88	10
33.62	34.33	10
60.69	61.6	10
120.57	119.11	10
233.82	236.73	10
469.46	462.61	10
929.19	920.09	10
1783.12	1781.84	10
2646.57	2676.7	10
3508.9	3514.14	10
4409.42	4425.14	10
5292.55	5268.3	10
6161.59	6153.35	10
7022.55	7010.44	10
7898.9	7875.38	10
1.44	1.81	10
1.61	1.31	10
1.88	1.78	10
2.48	2.29	10
3.07	3.32	10
4.32	3.86	10
5.3	4.91	10
7.8	7.46	10
12.21	11.9	10
20.68	21.4	10
39.29	39.4	10
76.44	76.44	10
148.32	147.92	10
294.39	296.62	10
586.83	581.21	10
1165.44	1159.7	10
2261.18	2261.27	10
3358.25	3361.86	10
4451.61	4444.52	10
5542.77	5549.62	10
6647.99	6643.16	10
7740.1	7738.98	10
8849.84	8853.68	10
9962.95	9965.76	10
1.53	1.25	10
1.75	1.98	10
1.71	1.82	10
2.2	1.95	10
2.57	2.46	10
3.29	3.08	10
4.57	4.31	10
6.77	6.58	10
9.82	10.11	10
17.17	18.89	10
31.35	30.01	10
58.68	57.43	10
110.08	113.91	10
215.26	221.7	10
439.99	422.24	10
850.36	836.65	10
1626.44	1677.9	10
2435.95	2399.32	10
3224.83	3268.52	10
4001.9	4061.22	10
4947.15	4762.5	10
5751.49	5618.2	10
6513.06	6441.04	10
7328.49	7236.78	10
1.39	1.35	10
1.77	1.47	10
2.05	1.65	10
2.55	2.11	10
3.34	3.32	10
4.1	3.8	10
5.29	4.96	10
7.95	7.95	10
12.07	12.65	10
21.86	21.49	10
40.21	40.81	10
77.49	76.94	10
152.01	150.9	10
299.54	298.52	10
595.09	597.13	10
1186.47	1182.43	10
2298.82	2306.95	10
3403.57	3405.4	10
4526.78	4522.9	10
5638.87	5651.45	10
6765.2	6763.38	10
7875.57	7886.96	10
8999.14	8992.15	10
10098.25	10126.35	10
1.3	1.25	11
1.54	1.44	11
1.84	1.76	11
2.27	2.35	11
2.79	3.0	11
3.56	3.29	11
5.13	4.76	11
6.95	7.21	11
11.89	11.65	11
20.31	20.34	11
38.6	38.02	11
74.8	73.84	11
144.41	144.36	11
285.97	282.74	11
566.87	564.43	11
1127.18	1132.13	11
2198.03	2208.81	11
3284.75	3298.9	11
4370.71	4363.61	11
5453.29	5440.34	11
6537.2	6524.83	11
7618.18	7611.63	11
8687.16	8675.4	11
9759.69	9782.69	11
1.33	1.29	11
1.43	1.48	11
1.75	1.71	11
1.94	1.89	11
2.29	2.18	11
3.04	2.84	11
3.9	3.85	11
6.17	5.7	11
9.83	10.04	11
17.19	17.88	11
32.12	31.42	11
60.49	60.32	11
119.58	116.52	11
229.95	228.68	11
456.49	452.1	11
909.71	917.7	11
1739.57	1795.47	11
2641.57	2607.17	11
3486.55	3521.69	11
4369.87	4392.04	11
5250.33	5162.58	11
6033.73	6094.56	11
6991.36	6916.61	11
7801.81	7821.93	11
1.31	2.01	11
1.62	1.54	11
1.99	1.75	11
2.56	2.48	11
2.93	3.22	11
4.12	3.63	11
5.19	5.06	11
7.53	7.71	11
12.23	11.84	11
21.2	20.92	11
38.8	39.05	11
74.46	74.39	11
146.81	145.28	11
287.57	287.06	11
572.13	571.11	11
1142.09	1141.15	11
2229.91	2234.25	11
3321.22	3337.53	11
4425.39	4416.35	11
5512.91	5507.23	11
6595.55	6595.53	11
7694.14	7722.03	11
8785.93	8775.71	11
9892.31	9830.25	11
1.4	1.23	11
1.53	1.56	11
1.89	1.64	11
2.06	2.18	11
2.63	2.38	11
3.33	2.96	11
4.12	4.15	11
6.36	6.49	11
11.06	9.65	11
16.41	17.03	11
30.9	31.08	11
57.31	58.29	11
110.42	109.3	11
211.63	215.97	11
430.84	425.17	11
833.97	834.74	11
1649.38	1657.9	11
2514.7	2450.62	11
3272.99	3238.39	11
4069.32	4070.26	11
4842.67	4906.67	11
5588.53	6216.17	11
6365.81	6513.85	11
7346.41	7371.63	11
1.29	1.26	12
1.45	1.4	12
1.68	1.83	12
2.12	2.07	12
2.91	3.0	12
3.35	3.46	12
4.9	5.64	12
6.97	6.2	12
11.95	11.58	12
21.09	20.98	12
39.06	39.32	12
75.23	76.67	12
151.3	149.86	12
295.53	297.35	12
591.97	593.71	12
1182.57	1177.6	12
2293.76	2280.3	12
3390.34	3389.25	12
4503.91	4489.9	12
5597.65	5594.15	12
6730.12	6721.06	12
7861.16	7853.07	12
8975.78	8976.47	12
10101.85	10082.42	12
1.25	1.31	12
1.4	1.46	12
1.59	1.62	12
1.69	1.76	12
2.03	1.95	12
2.55	2.46	12
3.39	3.26	12
4.53	4.41	12
6.19	6.13	12
9.22	9.3	12
15.91	15.4	12
25.83	26.49	12
46.02	45.26	12
84.77	86.31	12
163.88	162.25	12
321.04	330.38	12
614.3	622.17	12
918.93	900.34	12
1249.7	1220.38	12
1575.69	1530.85	12
1873.84	1793.72	12
2062.89	2123.77	12
2356.23	2307.79	12
2641.97	2696.53	12
1.15	1.39	12
1.36	1.38	12
1.72	1.64	12
2.77	2.35	12
2.96	2.73	12
3.69	3.6	12
4.83	4.67	12
6.51	6.68	12
11.64	11.83	12
20.4	20.95	12
38.48	38.12	12
74.99	73.44	12
146.83	145.99	12
289.94	291.15	12
577.74	576.02	12
1148.24	1146.36	12
2221.76	2220.26	12
3288.11	3285.74	12
4370.62	4359.81	12
5445.69	5434.4	12
6515.53	6508.6	12
7588.72	7555.77	12
8632.66	8634.88	12
9721.52	9691.79	12
1.25	1.33	12
1.5	1.38	12
1.71	1.61	12
1.9	1.84	12
2.22	2.33	12
2.83	2.65	12
3.68	3.87	12
4.49	4.15	12
6.13	6.06	12
8.78	9.05	12
14.17	14.29	12
22.83	23.27	12
39.82	39.48	12
72.43	72.13	12
141.93	136.89	12
266.45	270.74	12
531.35	525.59	12
797.42	783.06	12
1059.72	1031.08	12
1313.33	1312.84	12
1567.72	1564.1	12
1823.05	1804.64	12
2102.24	2089.19	12
2368.61	2353.98	12
1.42	1.12	13
1.3	1.11	13
1.57	1.41	13
2.0	1.89	13
2.77	2.22	13
3.16	3.82	13
3.94	4.63	13
5.13	4.02	13
6.08	6.36	13
7.37	8.21	13
12.33	11.56	13
18.05	17.74	13
30.86	30.26	13
55.28	54.47	13
103.2	102.62	13
198.13	197.62	13
388.56	385.59	13
762.2	744.1	13
1101.4	1093.55	13
1467.4	1473.07	13
1835.91	1832.79	13
2145.93	2178.03	13
2523.46	2504.54	13
2967.39	2885.82	13
3291.04	3260.18	13
1.01	1.1	13
1.18	1.25	13
1.47	1.36	13
1.88	1.76	13
2.7	2.22	13
3.34	3.02	13
3.91	3.6	13
4.6	4.84	13
6.34	6.63	13
8.86	9.6	13
15.43	14.21	13
25.82	25.24	13
46.31	44.89	13
86.72	83.34	13
161.9	161.84	13
317.69	311.72	13
625.93	614.8	13
1218.88	1199.38	13
1786.47	1800.23	13
2390.37	2378.67	13
2964.39	2944.3	13
3725.17	3531.07	13
4139.12	4112.43	13
4739.11	4682.27	13
5274.07	5324.18	13
1.11	1.11	13
1.27	1.09	13
1.54	1.46	13
2.07	2.08	13
3.04	2.99	13
3.31	2.99	13
3.99	4.02	13
3.58	4.47	13
5.81	6.08	13
7.55	7.09	13
10.12	9.9	13
17.75	16.71	13
27.04	27.94	13
48.54	49.15	13
89.21	91.23	13
174.95	175.25	13
338.7	337.0	13
658.11	634.6	13
963.3	979.38	13
1278.6	1282.68	13
1622.62	1601.65	13
1916.84	1898.75	13
2211.42	2202.95	13
2500.64	2490.46	13
2802.36	2838.38	13
1.12	1.01	13
1.36	1.18	13
1.5	1.36	13
1.85	2.22	13
2.5	3.18	13
3.99	3.04	13
3.91	3.96	13
4.28	4.67	13
6.11	7.17	13
8.68	9.72	13
14.66	13.51	13
23.35	22.69	13
42.31	41.78	13
78.48	78.26	13
151.02	152.93	13
299.12	299.06	13
578.75	573.13	13
1132.91	1152.89	13
1667.53	1667.64	13
2208.65	2254.63	13
2739.68	2757.01	13
3307.76	3258.02	13
3791.13	3802.93	13
4304.23	4300.6	13
4913.83	4962.78	13
1.09	0.98	14
1.13	1.12	14
1.51	1.51	14
1.86	1.96	14
2.61	2.87	14
3.5	3.13	14
4.42	3.31	14
4.56	4.48	14
6.32	6.63	14
9.67	9.84	14
15.08	15.32	14
25.76	23.97	14
45.95	45.71	14
83.8	83.51	14
161.44	161.8	14
314.88	315.78	14
624.76	611.74	14
1207.42	1197.11	14
1767.1	1783.97	14
2344.82	2383.77	14
2948.45	2898.9	14
3493.86	3488.22	14
4095.61	4084.81	14
4674.54	4633.32	14
5265.93	5249.52	14
1.22	1.03	14
1.3	1.26	14
1.55	1.35	14
1.85	2.0	14
2.85	2.78	14
4.11	3.74	14
4.35	3.76	14
4.56	4.36	14
6.08	6.06	14
7.69	7.43	14
11.08	10.98	14
17.91	17.34	14
30.33	30.14	14
54.22	54.36	14
101.22	100.63	14
193.76	193.98	14
384.25	376.96	14
736.68	733.66	14
1091.77	1056.1	14
1420.55	1425.62	14
1766.82	1758.71	14
2142.74	2124.63	14
2498.69	2473.28	14
2838.53	2833.47	14
3202.18	3121.3	14
1.12	1.08	14
1.18	1.21	14
1.39	1.36	14
1.94	2.13	14
2.84	2.85	14
3.06	3.25	14
3.36	4.79	14
4.79	5.07	14
6.73	7.09	14
9.65	9.08	14
13.31	14.32	14
24.81	23.59	14
42.76	42.96	14
79.09	77.75	14
151.66	151.05	14
293.46	297.45	14
583.69	581.61	14
1124.5	1123.41	14
1651.65	1622.69	14
2217.2	2209.22	14
2674.06	2672.2	14
3242.21	3234.64	14
3751.98	3781.66	14
4295.09	4360.45	14
4936.88	4842.38	14
1.17	1.06	14
1.13	1.17	14
1.62	1.64	14
2.12	1.94	14
3.32	2.69	14
3.15	2.88	14
4.73	3.97	14
3.96	4.48	14
6.21	6.34	14
6.93	7.94	14
10.67	10.73	14
15.78	16.05	14
28.71	27.24	14
49.1	48.85	14
92.51	93.91	14
180.64	174.72	14
351.54	348.93	14
666.3	671.99	14
989.17	980.22	14
1303.55	1331.36	14
1609.57	1621.22	14
1911.44	1909.44	14
2220.22	2266.16	14
2530.25	2579.88	14
2820.84	2874.63	14
1.12	1.14	15
1.23	1.2	15
1.44	1.4	15
1.95	2.15	15
2.36	2.25	15
3.79	2.91	15
4.37	4.36	15
4.2	5.24	15
5.81	6.05	15
8.34	8.81	15
10.54	11.45	15
17.29	17.47	15
31.05	29.93	15
52.51	55.06	15
100.94	101.02	15
193.72	191.16	15
382.72	382.5	15
739.7	733.64	15
1079.2	1068.05	15
1450.51	1417.65	15
1787.92	1773.72	15
2110.17	2097.78	15
2482.17	2457.18	15
2768.86	2820.17	15
3209.77	3102.26	15
1.21	1.05	15
1.24	1.28	15
1.47	1.35	15
1.77	1.97	15
2.56	2.77	15
3.5	2.99	15
4.11	3.65	15
4.81	4.88	15
6.57	7.2	15
8.92	9.57	15
14.62	14.61	15
25.83	25.03	15
43.73	43.34	15
83.47	83.32	15
160.99	159.96	15
314.06	312.44	15
625.68	611.26	15
1205.08	1211.84	15
1782.0	1777.78	15
2348.53	2358.61	15
2960.78	2902.31	15
3577.58	3522.65	15
4082.69	4100.17	15
4622.89	4641.62	15
5328.35	5203.71	15
1.07	1.05	15
1.25	1.14	15
1.44	1.44	15
2.03	2.02	15
3.1	2.96	15
2.95	3.55	15
4.72	4.69	15
5.6	4.96	15
5.95	5.61	15
7.55	8.05	15
10.22	9.91	15
16.59	15.83	15
28.5	28.62	15
49.45	47.88	15
92.82	91.17	15
177.57	178.49	15
343.1	342.35	15
636.42	668.78	15
988.54	1001.26	15
1309.04	1271.58	15
1578.43	1583.8	15
1904.51	1904.51	15
2268.87	2227.09	15
2594.31	2604.86	15
2862.95	2833.51	15
1.05	1.11	15
1.21	1.14	15
1.3	1.44	15
2.0	1.98	15
2.51	2.86	15
4.2	2.98	15
4.27	4.21	15
5.52	5.54	15
6.49	7.12	15
8.57	8.72	15
14.25	14.25	15
24.08	23.62	15
42.32	41.79	15
79.25	76.21	15
148.91	151.47	15
293.63	290.94	15
582.51	576.68	15
1105.56	1116.41	15
1668.59	1634.58	15
2199.42	2189.13	15
2736.51	2683.91	15
3233.7	3314.72	15
3722.24	3749.92	15
4295.28	4416.01	15
4813.73	4891.92	15
1.09	1.21	16
1.2	1.15	16
1.3	1.55	16
1.7	1.95	16
2.87	2.84	16
3.9	3.23	16
2.93	3.77	16
4.69	5.48	16
7.19	6.24	16
9.27	9.8	16
15.3	15.12	16
24.79	25.41	16
44.37	45.18	16
85.21	83.64	16
162.17	161.81	16
317.24	315.76	16
624.87	623.79	16
1207.29	1217.69	16
1795.28	1791.56	16
2380.41	2387.22	16
2946.24	2944.68	16
3510.58	3493.24	16
4157.6	4135.9	16
4652.35	4716.16	16
5333.62	5298.9	16
1.21	1.16	16
1.22	1.26	16
1.59	2.1	16
1.89	2.04	16
2.46	2.48	16
2.75	3.57	16
3.68	4.09	16
4.86	4.48	16
6.79	6.6	16
8.98	8.61	16
11.58	11.08	16
17.85	17.54	16
30.4	29.75	16
55.59	54.26	16
103.03	104.65	16
196.64	199.69	16
382.47	384.89	16
746.64	750.37	16
1100.56	1114.63	16
1444.41	1474.17	16
1811.89	1832.64	16
2209.23	2165.04	16
2568.62	2533.04	16
2933.02	2907.44	16
3300.18	3316.95	16
1.48	1.14	16
1.16	1.32	16
1.56	1.38	16
1.93	1.99	16
2.82	2.98	16
3.8	3.53	16
3.49	4.17	16
4.49	4.6	16
5.94	6.81	16
9.16	9.7	16
13.81	14.76	16
23.28	23.55	16
42.85	42.89	16
78.81	78.74	16
152.88	149.44	16
291.16	295.93	16
589.66	590.18	16
1119.3	1109.38	16
1655.77	1676.49	16
2178.95	2212.46	16
2756.95	2683.41	16
3262.9	3264.33	16
3810.75	3813.72	16
4303.02	4393.92	16
4899.61	4817.95	16
1.02	1.17	16
1.19	1.17	16
1.72	1.48	16
2.09	2.17	16
2.67	2.74	16
3.2	3.41	16
3.5	4.33	16
4.39	4.44	16
5.8	6.68	16
7.52	7.43	16
10.37	10.52	16
16.3	16.44	16
28.09	28.09	16
49.56	49.62	16
90.35	90.66	16
173.57	172.52	16
339.21	342.51	16
651.3	648.2	16
952.48	960.51	16
1298.87	1320.25	16
1625.69	1617.65	16
1900.09	1928.92	16
2258.67	2216.03	16
2532.32	2525.39	16
2869.45	2847.12	16
0.95	1.2	17
1.17	1.44	17
1.55	1.54	17
2.08	2.06	17
2.7	2.64	17
2.72	3.11	17
3.02	3.27	17
3.41	3.58	17
4.1	3.68	17
4.68	4.4	17
5.7	5.54	17
8.31	8.26	17
12.15	12.85	17
21.17	20.95	17
38.37	39.13	17
69.0	70.01	17
132.05	131.54	17
258.45	260.07	17
503.62	505.5	17
1011.92	1002.19	17
1925.42	1960.13	17
2946.09	2903.39	17
3811.86	3759.6	17
4800.78	4832.94	17
5658.41	5715.47	17
6666.12	6632.32	17
7453.07	7629.49	17
8619.24	8473.68	17
0.96	1.06	17
1.25	1.26	17
1.48	1.57	17
2.02	2.12	17
2.54	2.73	17
2.94	3.16	17
3.19	3.49	17
4.26	4.0	17
5.44	5.68	17
6.58	6.8	17
9.61	10.69	17
15.84	16.6	17
22.08	27.83	17
41.74	42.85	17
74.51	72.72	17
141.95	143.84	17
273.54	275.0	17
549.42	543.67	17
1078.39	1079.07	17
2172.09	2157.69	17
4223.48	4233.42	17
6275.01	6303.3	17
8348.27	8349.5	17
10408.95	10354.51	17
12467.89	12478.81	17
14519.56	14483.03	17
16552.01	16543.43	17
18565.71	18634.5	17
1.06	1.0	17
1.12	1.24	17
1.66	1.47	17
2.2	2.59	17
3.07	2.75	17
2.98	3.11	17
2.6	3.24	17
3.66	4.15	17
3.95	3.67	17
4.69	4.76	17
6.33	7.36	17
7.61	7.86	17
12.49	11.93	17
18.71	20.07	17
33.3	33.88	17
57.81	57.38	17
104.5	104.63	17
200.63	197.92	17
389.78	385.93	17
765.02	761.82	17
1467.59	1471.8	17
2170.07	2166.1	17
2894.46	2922.24	17
3595.82	3592.63	17
4355.12	4199.2	17
5095.89	5095.9	17
5693.77	5741.3	17
6458.03	6470.6	17
1.01	1.06	17
1.14	1.76	17
1.62	1.59	17
2.16	2.18	17
2.62	2.54	17
3.14	3.0	17
2.82	3.49	17
4.29	4.36	17
5.11	4.9	17
7.59	6.53	17
9.57	9.95	17
16.25	15.72	17
24.21	23.59	17
42.68	41.13	17
74.44	78.03	17
143.68	145.79	17
282.01	286.77	17
562.66	562.48	17
1113.07	1113.38	17
2238.83	2242.84	17
4354.9	4354.28	17
6486.74	6470.68	17
8645.69	8608.07	17
10757.16	10700.23	17
12798.55	12824.64	17
14896.13	14901.85	17
17059.32	16923.33	17
19179.84	19179.32	17
1.01	1.12	18
1.33	1.91	18
1.69	1.61	18
2.26	2.17	18
2.86	2.61	18
2.82	3.25	18
3.26	3.64	18
3.47	3.62	18
4.2	4.47	18
5.05	5.37	18
6.15	6.41	18
9.57	9.15	18
14.87	14.41	18
24.96	26.0	18
45.9	46.81	18
86.29	87.06	18
167.07	166.69	18
327.13	327.73	18
653.55	645.99	18
1272.89	1279.14	18
2502.91	2522.87	18
3696.68	3680.4	18
4891.33	4956.09	18
6266.26	6196.97	18
7419.31	7447.06	18
8653.84	8654.2	18
9736.93	9668.63	18
11023.25	11120.31	18
1.03	1.11	18
1.85	1.36	18
1.51	1.6	18
2.12	2.8	18
2.43	2.69	18
2.71	3.24	18
3.61	3.3	18
4.58	4.03	18
5.22	5.58	18
7.1	7.1	18
10.96	9.94	18
13.87	13.99	18
21.57	21.45	18
37.53	37.74	18
70.05	71.61	18
133.42	132.5	18
259.84	264.04	18
512.96	512.04	18
1009.12	1017.15	18
2023.1	2015.6	18
3952.89	3957.49	18
5889.82	5879.42	18
7802.28	7809.84	18
9738.83	9752.35	18
11640.47	11655.32	18
13672.62	13597.57	18
15557.31	15466.9	18
17507.3	17458.69	18
1.0	1.72	18
1.21	1.94	18
1.57	1.76	18
2.09	2.27	18
2.68	3.01	18
3.19	3.07	18
3.4	3.72	18
3.75	3.79	18
4.49	4.22	18
5.36	4.94	18
6.92	6.87	18
9.23	9.0	18
13.09	13.99	18
22.63	23.36	18
41.08	41.2	18
73.92	75.59	18
140.62	143.08	18
294.23	280.15	18
556.57	545.44	18
1082.68	1098.99	18
2134.57	2129.6	18
3149.24	3108.04	18
4186.11	4040.15	18
5246.64	5150.86	18
6101.33	6216.01	18
7213.01	7225.51	18
8202.38	8251.16	18
9385.88	9413.84	18
1.09	1.2	18
1.25	1.39	18
1.69	2.03	18
2.16	1.94	18
2.75	2.82	18
2.96	3.15	18
3.7	3.77	18
4.41	4.28	18
5.4	5.63	18
7.61	7.07	18
10.22	10.71	18
14.35	13.94	18
22.87	27.32	18
41.5	39.87	18
71.75	74.03	18
139.55	138.53	18
270.55	270.56	18
537.26	532.77	18
1059.61	1059.31	18
2109.18	2110.72	18
4140.3	4140.44	18
6157.83	6156.85	18
8138.86	8167.27	18
10198.18	10199.76	18
12221.89	12169.97	18
14206.77	14238.54	18
16243.35	16266.43	18
18304.55	18247.55	18
1.1	1.09	19
1.18	1.43	19
1.54	1.73	19
2.08	2.15	19
2.77	2.61	19
3.32	3.45	19
3.1	3.46	19
4.9	4.51	19
5.66	5.06	19
6.58	6.57	19
9.89	9.62	19
16.69	12.14	19
21.73	24.77	19
36.83	37.5	19
74.61	68.6	19
131.51	133.56	19
260.93	264.9	19
509.62	504.97	19
1005.14	1007.81	19
2006.75	2011.03	19
3957.99	3954.84	19
5878.82	5869.93	19
7820.95	7805.7	19
9726.27	9733.83	19
11668.77	11676.39	19
13540.34	13563.36	19
15497.7	15529.15	19
17383.62	17414.54	19
1.1	1.1	19
1.51	1.4	19
1.54	1.79	19
2.29	2.25	19
2.83	2.88	19
3.27	3.15	19
2.88	3.43	19
3.42	3.69	19
3.68	4.19	19
4.23	5.18	19
6.01	6.25	19
8.56	9.7	19
14.31	15.22	19
24.96	24.91	19
46.51	45.74	19
89.15	86.02	19
164.59	172.32	19
333.47	324.86	19
647.2	646.53	19
1278.48	1282.46	19
2516.85	2472.77	19
3675.7	3675.16	19
4912.52	4878.61	19
6543.74	6651.62	19
7471.64	7309.24	19
8595.03	8640.5	19
9888.47	9732.64	19
11053.19	11122.24	19
1.07	1.17	19
1.32	1.41	19
1.55	1.75	19
2.35	2.17	19
2.63	2.96	19
3.08	3.11	19
3.45	3.35	19
3.59	4.28	19
5.53	5.57	19
6.5	7.93	19
8.8	10.57	19
14.69	15.41	19
21.3	20.49	19
40.53	41.11	19
72.42	73.91	19
139.36	137.18	19
270.71	276.63	19
529.55	529.51	19
1052.47	1048.86	19
2110.18	2115.91	19
4130.83	4133.87	19
6165.29	6140.7	19
8191.04	8153.51	19
10161.51	10180.53	19
12053.7	12192.69	19
14196.22	14197.13	19
16175.94	16171.55	19
18223.91	18237.67	19
1.02	1.12	19
1.26	1.35	19
1.68	1.7	19
2.09	2.2	19
2.83	2.8	19
3.23	3.42	19
3.4	3.76	19
3.68	3.55	19
4.14	3.99	19
5.4	5.13	19
6.62	7.33	19
9.41	10.53	19
14.54	14.4	19
23.49	23.93	19
41.29	41.5	19
75.27	75.09	19
143.49	143.15	19
275.13	276.02	19
547.33	558.91	19
1082.85	1086.99	19
2097.58	2105.35	19
3264.71	3129.6	19
4203.93	4152.6	19
5150.99	5205.63	19
6229.94	6175.49	19
7227.2	7255.55	19
8177.79	8259.44	19
9439.11	9253.4	19
1.03	1.05	20
1.25	1.42	20
1.66	1.63	20
2.18	2.35	20
2.62	2.52	20
3.21	2.82	20
3.61	3.42	20
4.21	4.08	20
5.52	4.99	20
5.74	7.16	20
7.47	10.27	20
12.14	15.79	20
21.31	22.37	20
39.23	39.68	20
74.75	72.55	20
139.25	140.37	20
275.35	272.5	20
550.06	548.97	20
1079.5	1083.03	20
2160.15	2153.53	20
4213.72	4213.5	20
6264.15	6264.89	20
8354.78	8366.7	20
10345.94	10403.88	20
12437.17	12470.15	20
14568.2	14497.69	20
16529.11	16526.77	20
18732.81	18626.18	20
1.03	0.97	20
1.31	1.16	20
1.69	1.56	20
2.31	1.94	20
2.84	2.55	20
3.15	2.63	20
3.05	3.27	20
3.45	3.32	20
4.04	4.13	20
4.4	4.95	20
5.71	6.09	20
7.77	7.89	20
12.11	13.02	20
21.71	21.42	20
38.68	37.93	20
70.25	70.12	20
132.07	132.4	20
262.82	257.06	20
502.74	512.91	20
1009.27	1006.63	20
2006.53	1915.12	20
2893.73	2934.92	20
3832.29	3861.57	20
4811.55	4738.17	20
5704.26	5638.88	20
6817.2	6770.08	20
7639.87	7765.45	20
8661.15	8615.35	20
1.02	1.06	20
1.19	1.25	20
1.59	1.54	20
2.01	1.92	20
2.34	3.21	20
3.22	2.99	20
3.45	3.48	20
4.06	3.7	20
4.98	5.63	20
7.89	7.59	20
10.01	10.68	20
13.99	14.1	20
21.36	23.28	20
40.53	41.53	20
76.32	77.05	20
143.66	144.36	20
283.94	284.17	20
563.43	559.05	20
1112.67	1108.28	20
2231.5	2224.08	20
4354.66	4353.33	20
6463.13	6463.04	20
8595.77	8600.39	20
10707.82	10722.9	20
12850.77	12834.77	20
14997.79	14960.47	20
17075.49	17023.81	20
19231.48	19137.43	20
0.96	1.08	20
1.18	1.31	20
1.48	1.65	20
2.12	1.89	20
2.88	2.53	20
3.21	2.72	20
3.49	3.17	20
3.44	3.7	20
4.31	3.97	20
4.41	5.43	20
5.95	5.83	20
9.42	7.92	20
13.01	13.01	20
19.34	19.78	20
33.44	32.62	20
56.79	57.06	20
107.72	104.61	20
201.38	203.86	20
395.07	398.62	20
766.13	765.01	20
1478.68	1513.47	20
2198.89	2224.73	20
2933.25	2893.65	20
3635.69	3587.64	20
4339.72	4340.62	20
5028.55	5130.42	20
5614.73	5694.25	20
6485.86	6439.6	20
0.99	1.07	21
1.06	1.13	21
1.68	0.86	21
1.08	1.01	21
0.96	1.1	21
1.11	1.16	21
1.28	1.35	21
1.42	1.56	21
1.89	1.76	21
2.15	2.4	21
2.8	2.69	21
3.88	3.94	21
6.31	6.4	21
10.92	11.33	21
19.96	20.22	21
37.9	37.47	21
74.31	71.92	21
140.94	138.99	21
275.86	277.94	21
532.51	522.17	21
781.88	767.73	21
1039.65	1032.6	21
1278.73	1302.76	21
1585.71	1530.33	21
1812.88	1784.87	21
2120.28	2048.82	21
2254.3	2307.28	21
0.96	0.98	21
1.07	0.93	21
1.09	0.96	21
1.07	0.88	21
1.01	1.05	21
1.07	1.02	21
1.22	1.34	21
1.43	1.62	21
1.86	2.12	21
2.75	3.22	21
4.72	4.16	21
7.11	7.0	21
12.67	17.86	21
24.09	23.99	21
46.68	46.82	21
109.89	90.78	21
213.51	184.55	21
356.96	463.84	21
713.01	714.97	21
1374.92	2100.37	21
2034.34	2124.89	21
2700.69	2706.81	21
3388.07	3402.96	21
4035.77	4037.81	21
4815.61	4813.52	21
5427.8	5410.09	21
6096.1	6053.27	21
0.96	0.89	21
1.07	1.07	21
1.08	0.96	21
1.25	0.98	21
1.19	1.16	21
1.48	0.98	21
1.52	1.41	21
1.48	1.53	21
1.95	1.82	21
2.18	2.32	21
3.12	2.81	21
4.11	4.15	21
6.39	6.03	21
10.59	10.23	21
18.41	18.53	21
35.15	33.27	21
64.35	63.8	21
123.38	124.88	21
244.6	240.49	21
457.8	459.28	21
707.08	682.95	21
917.23	907.52	21
1115.83	1128.35	21
1336.43	1361.48	21
1566.41	1555.15	21
1797.48	1753.28	21
1956.89	1988.83	21
1.13	0.95	21
1.17	0.99	21
1.11	1.0	21
1.06	1.04	21
1.2	1.14	21
1.22	1.12	21
1.61	1.24	21
1.61	1.66	21
2.49	2.4	21
3.28	2.77	21
4.67	4.1	21
8.94	7.26	21
16.22	18.76	21
30.68	30.81	21
48.01	59.76	21
93.17	116.42	21
197.28	183.54	21
365.02	362.68	21
723.43	729.6	21
1461.88	1505.45	21
2152.37	2101.35	21
2790.06	2783.84	21
3465.08	3448.17	21
4167.68	4150.88	21
4806.25	4853.85	21
5540.22	5540.14	21
6278.53	6242.7	21
0.95	0.97	22
1.04	1.11	22
1.11	0.98	22
1.13	1.08	22
1.21	1.19	22
1.86	1.14	22
1.26	1.32	22
1.5	1.49	22
1.78	2.19	22
2.58	2.29	22
3.77	3.55	22
5.96	5.84	22
10.4	10.28	22
18.91	19.38	22
36.52	36.06	22
70.48	69.22	22
138.04	134.67	22
272.84	272.96	22
529.56	543.08	22
1056.26	1042.87	22
1550.58	1524.03	22
2040.03	2060.08	22
2542.96	2567.29	22
3054.09	3069.72	22
3593.48	3609.25	22
4020.52	4123.52	22
4599.9	4592.0	22
1.06	1.05	22
1.08	0.98	22
1.08	0.99	22
1.14	1.11	22
1.2	1.09	22
1.26	1.21	22
1.51	1.44	22
1.67	1.75	22
2.21	2.07	22
2.88	3.13	22
3.97	4.34	22
7.3	7.16	22
13.11	13.03	22
24.32	20.52	22
48.02	46.91	22
93.32	75.96	22
213.18	148.69	22
361.97	294.38	22
841.14	831.81	22
1656.61	1402.1	22
2084.2	1694.44	22
2873.9	2278.22	22
2851.27	2821.51	22
3450.2	3366.44	22
3947.57	5051.73	22
4471.65	4786.82	22
5503.36	5490.24	22
1.09	1.05	22
1.01	0.99	22
1.07	0.97	22
1.09	1.04	22
1.25	1.05	22
1.39	1.82	22
1.46	1.29	22
2.33	2.29	22
1.84	1.97	22
2.63	2.46	22
3.59	3.7	22
5.49	5.67	22
10.0	10.24	22
17.32	18.62	22
33.68	33.79	22
63.53	67.69	22
126.77	123.92	22
241.15	241.05	22
494.06	493.38	22
925.32	922.77	22
1485.4	1444.85	22
1829.05	2023.65	22
2361.54	2514.05	22
2726.4	2726.69	22
3360.34	3210.46	22
3640.31	3605.55	22
4085.69	4110.64	22
0.99	1.01	22
1.18	1.07	22
1.09	1.52	22
1.11	1.1	22
1.17	1.13	22
1.19	1.21	22
1.51	1.36	22
1.75	1.76	22
2.37	2.37	22
2.85	2.78	22
4.61	4.84	22
6.73	9.03	22
16.16	12.18	22
21.77	21.88	22
41.71	59.76	22
99.67	100.01	22
159.6	157.95	22
379.61	313.92	22
624.54	626.27	22
1214.69	1484.12	22
1811.52	1809.38	22
3429.8	2402.1	22
3001.35	2977.28	22
3886.47	4040.4	22
4240.27	5215.18	22
6260.23	4801.45	22
5819.61	5871.09	22
1.09	1.01	23
1.11	1.09	23
1.08	1.01	23
1.22	1.15	23
1.15	1.11	23
1.26	1.29	23
1.51	1.38	23
1.69	1.8	23
2.07	1.95	23
2.63	2.46	23
3.81	4.4	23
6.04	8.4	23
12.95	10.81	23
24.87	29.21	23
49.29	47.78	23
76.05	92.75	23
149.21	224.65	23
360.18	296.33	23
751.96	588.03	23
1883.91	1156.63	23
1721.31	2075.13	23
2974.64	2982.47	23
2923.64	2839.08	23
3391.04	3351.54	23
3920.48	4044.84	23
4515.69	4520.69	23
5279.36	5054.11	23
1.0	1.61	23
1.05	0.97	23
1.04	1.08	23
1.04	1.02	23
1.12	1.14	23
1.28	1.24	23
1.36	1.21	23
1.51	1.48	23
2.0	1.74	23
2.65	2.37	23
3.6	3.4	23
5.77	5.94	23
10.15	10.34	23
20.05	20.11	23
38.06	37.28	23
71.01	71.51	23
140.56	136.92	23
268.91	274.17	23
536.03	531.14	23
1050.94	1040.09	23
1552.31	1488.58	23
2051.1	2087.53	23
2606.76	2571.53	23
3065.58	3055.44	23
3652.74	3503.97	23
4135.32	4078.06	23
4641.92	4573.82	23
1.08	0.98	23
1.12	1.04	23
1.05	1.07	23
1.05	0.97	23
1.28	1.05	23
1.17	1.23	23
1.42	1.54	23
1.88	1.9	23
2.24	2.04	23
3.37	2.91	23
4.14	4.16	23
8.96	8.88	23
14.26	11.68	23
21.43	21.67	23
59.61	60.01	23
98.2	81.29	23
159.04	197.73	23
381.55	316.23	23
630.79	761.09	23
1258.86	1472.36	23
2242.25	2182.57	23
2469.73	2483.95	23
3101.37	3005.07	23
3604.51	3584.47	23
4198.15	4340.84	23
4785.4	5924.9	23
5409.77	5370.22	23
1.01	1.04	23
1.13	0.98	23
1.08	1.08	23
1.07	1.07	23
1.03	1.16	23
1.24	1.13	23
1.42	1.36	23
1.74	1.86	23
2.02	2.12	23
2.7	2.28	23
3.67	3.38	23
5.41	5.51	23
9.79	9.52	23
17.58	19.54	23
37.11	32.58	23
66.75	66.39	23
126.58	124.22	23
257.57	248.56	23
492.6	489.17	23
964.95	967.65	23
1390.03	1373.52	23
1888.23	1913.53	23
2321.91	2284.39	23
2729.88	2706.08	23
3236.87	3243.92	23
3713.89	3715.28	23
4091.23	4273.0	23
0.93	0.91	24
0.93	1.06	24
0.95	0.91	24
0.97	0.96	24
0.99	1.01	24
1.06	1.04	24
1.2	1.22	24
1.43	1.81	24
2.14	2.11	24
3.08	2.62	24
5.33	4.36	24
8.08	9.32	24
14.97	12.62	24
28.5	24.29	24
46.58	51.36	24
91.85	114.63	24
178.48	178.59	24
447.73	448.0	24
746.58	703.63	24
1376.25	1367.94	24
2043.03	2050.49	24
2718.42	2736.4	24
3395.88	3366.15	24
4069.57	4097.01	24
4730.03	4754.53	24
5397.01	5407.79	24
6101.71	6107.39	24
0.97	0.95	24
1.08	0.92	24
0.87	0.85	24
1.08	1.05	24
1.14	1.08	24
1.2	0.98	24
1.33	1.2	24
1.5	1.46	24
1.8	1.63	24
2.09	2.2	24
2.74	2.52	24
3.9	3.95	24
6.2	6.2	24
11.01	11.04	24
19.72	19.8	24
37.9	35.8	24
67.36	72.42	24
138.67	140.7	24
266.42	274.57	24
529.55	496.68	24
789.19	784.69	24
1049.84	1046.06	24
1295.15	1304.65	24
1556.36	1520.37	24
1753.76	1767.63	24
2039.04	2080.46	24
2311.66	2298.25	24
0.91	0.9	24
1.08	0.93	24
0.99	0.91	24
1.12	0.92	24
1.04	0.92	24
1.1	1.1	24
1.27	1.16	24
1.73	1.48	24
2.13	2.18	24
3.33	2.73	24
4.34	5.73	24
7.47	8.61	24
12.89	16.19	24
30.61	24.69	24
47.7	47.41	24
117.03	92.65	24
182.94	232.7	24
381.54	379.34	24
717.87	723.7	24
1428.43	1424.48	24
2068.95	2089.11	24
2898.9	2937.68	24
4344.15	3461.16	24
4172.65	4137.78	24
4846.6	4831.37	24
5532.04	5554.69	24
6224.52	6212.16	24
1.0	0.85	24
0.9	0.83	24
1.07	1.01	24
1.07	1.13	24
1.14	1.03	24
1.2	1.14	24
1.45	1.94	24
1.49	1.56	24
1.9	2.58	24
2.33	2.21	24
2.61	2.83	24
4.18	3.98	24
5.95	6.08	24
10.99	10.15	24
19.09	20.77	24
34.41	36.45	24
64.1	65.47	24
124.4	124.16	24
243.33	249.04	24
466.32	482.27	24
702.28	666.11	24
930.74	906.26	24
1111.69	1109.36	24
1342.41	1327.81	24
1565.6	1528.77	24
1782.65	1775.11	24
1985.9	2017.29	24
1.75	1.95	25
2.34	2.04	25
2.61	2.64	25
2.82	3.32	25
3.79	3.49	25
2.99	3.41	25
3.72	4.05	25
4.0	4.42	25
4.89	4.87	25
6.32	6.1	25
8.94	8.78	25
14.78	14.81	25
25.8	25.95	25
47.81	47.77	25
89.66	88.68	25
171.85	171.39	25
340.12	332.37	25
670.84	678.2	25
1296.46	1281.54	25
1721.51	1909.67	25
2565.45	2552.63	25
3157.2	3218.74	25
3432.94	3762.26	25
4495.23	4474.14	25
5062.8	5077.66	25
5731.75	5742.62	25
1.7	1.69	25
2.17	2.34	25
2.94	2.93	25
3.58	3.67	25
3.88	3.55	25
4.18	4.05	25
4.33	4.31	25
5.16	5.73	25
6.91	7.17	25
9.85	10.11	25
16.39	15.31	25
25.43	22.33	25
37.3	37.27	25
70.38	71.82	25
134.33	130.49	25
254.87	255.03	25
508.48	503.63	25
994.15	995.21	25
2609.95	1922.63	25
2853.61	2882.75	25
3808.34	3844.05	25
8113.49	4746.55	25
5705.03	5673.08	25
6620.05	8962.44	25
7566.88	7501.92	25
8591.37	8464.24	25
1.77	1.55	25
2.12	2.26	25
3.06	2.84	25
3.23	3.21	25
3.59	3.43	25
4.16	3.51	25
3.54	4.41	25
4.39	4.66	25
4.71	5.02	25
6.89	6.94	25
9.02	9.34	25
14.89	13.83	25
25.08	24.84	25
44.8	44.6	25
83.76	84.16	25
163.22	161.63	25
284.16	315.98	25
555.39	568.15	25
1083.55	1207.57	25
1775.96	1764.32	25
2358.89	2099.86	25
2940.22	2974.67	25
3515.41	3501.6	25
4125.53	4060.45	25
4686.78	4199.09	25
5181.67	5262.49	25
1.84	1.54	25
2.14	2.1	25
3.01	2.98	25
3.69	3.78	25
3.85	3.9	25
4.2	4.15	25
4.93	4.78	25
5.72	6.13	25
9.08	6.1	25
11.14	10.76	25
14.38	14.35	25
21.36	24.05	25
36.59	37.82	25
90.52	71.35	25
132.33	135.49	25
254.48	255.32	25
508.75	499.57	25
985.01	1000.1	25
1945.22	1960.22	25
2896.97	2860.14	25
3775.68	3811.41	25
4751.62	4680.68	25
5663.56	5722.84	25
6631.63	6562.4	25
12752.2	10227.99	25
8538.58	8468.95	25
1.65	1.65	26
2.28	2.19	26
2.8	2.86	26
3.79	3.31	26
3.82	3.94	26
3.81	3.92	26
4.11	4.08	26
4.58	4.17	26
5.8	5.8	26
6.73	7.93	26
11.66	11.54	26
19.21	18.94	26
34.0	34.55	26
64.35	59.17	26
121.79	111.84	26
236.87	236.54	26
470.87	432.55	26
929.35	923.68	26
1780.27	1811.86	26
2692.44	2707.09	26
3555.98	3518.25	26
4497.93	4427.88	26
5302.03	5316.19	26
6192.85	6139.25	26
6998.26	7072.81	26
7916.96	7912.57	26
1.66	1.66	26
2.09	2.42	26
2.69	2.91	26
3.48	3.36	26
3.32	3.48	26
3.68	4.08	26
3.69	3.95	26
5.19	4.61	26
4.57	6.12	26
8.16	9.65	26
11.15	12.56	26
18.05	22.34	26
29.56	30.76	26
77.41	56.21	26
107.34	106.92	26
201.12	201.86	26
399.65	563.4	26
787.06	793.15	26
1552.08	1545.53	26
2319.74	2323.22	26
4361.99	3095.15	26
3840.57	3858.93	26
4616.81	8450.17	26
5364.84	5368.94	26
6155.36	6152.55	26
6949.75	6923.55	26
1.51	1.73	26
2.36	2.36	26
3.0	3.55	26
3.81	3.55	26
3.84	4.02	26
4.1	4.3	26
4.56	4.22	26
5.14	4.84	26
5.71	5.96	26
8.02	7.91	26
11.36	11.62	26
18.88	18.72	26
33.21	33.78	26
62.49	60.8	26
117.02	116.02	26
225.2	224.56	26
435.34	444.01	26
886.76	817.06	26
1770.58	1692.34	26
2503.08	2485.97	26
3307.3	3331.68	26
4177.64	4101.09	26
4965.08	4952.27	26
5753.68	5760.53	26
6528.42	6551.58	26
7330.88	6927.02	26
1.76	1.86	26
2.33	2.16	26
2.78	2.9	26
3.84	2.82	26
3.43	3.64	26
4.19	3.31	26
4.76	4.07	26
4.64	4.75	26
6.34	6.61	26
7.37	10.08	26
11.0	12.3	26
21.39	18.97	26
32.14	32.66	26
56.63	54.13	26
105.47	106.19	26
204.55	205.01	26
400.45	566.81	26
787.07	1134.27	26
2219.42	1557.98	26
2340.82	2363.43	26
3120.74	3117.84	26
3925.82	5563.25	26
4646.78	6619.73	26
5450.7	5371.27	26
8709.33	6233.06	26
7093.28	7075.05	26
1.67	1.68	27
2.47	2.41	27
2.37	2.52	27
3.39	2.96	27
3.51	3.61	27
3.76	3.57	27
4.01	4.53	27
5.54	5.47	27
6.98	6.5	27
8.36	10.26	27
11.9	12.51	27
18.3	18.33	27
32.27	33.62	27
57.19	59.48	27
108.11	108.22	27
210.24	208.88	27
410.96	409.47	27
808.43	816.72	27
1585.99	2236.64	27
2362.01	2349.25	27
3106.78	3119.62	27
5460.71	3881.42	27
6579.77	4651.95	27
9877.56	7605.64	27
6143.69	6167.95	27
9797.43	6956.14	27
1.78	1.51	27
2.18	2.14	27
3.08	2.98	27
3.66	3.5	27
3.98	4.13	27
3.93	4.16	27
4.2	4.23	27
4.81	4.9	27
5.61	5.26	27
7.27	8.02	27
11.88	11.62	27
18.46	19.2	27
33.66	34.39	27
64.45	63.12	27
121.89	121.9	27
234.83	218.91	27
461.98	465.04	27
920.3	925.97	27
1788.93	1781.53	27
2704.99	2468.92	27
3605.25	3524.38	27
4475.4	4368.24	27
5296.02	5162.76	27
6079.29	6094.75	27
7056.55	6967.83	27
7351.9	7855.22	27
1.76	1.64	27
2.28	2.13	27
2.98	3.09	27
3.21	3.18	27
3.57	3.16	27
4.05	3.74	27
4.38	4.43	27
5.27	5.41	27
6.51	7.63	27
7.66	8.31	27
10.39	11.44	27
21.73	18.97	27
31.99	33.01	27
60.66	59.68	27
110.36	152.06	27
213.96	214.83	27
581.13	419.91	27
825.52	829.25	27
1608.8	1597.4	27
2373.77	3351.09	27
3208.33	3158.62	27
4004.98	3946.5	27
4766.91	4734.27	27
7763.32	5517.59	27
6281.28	6369.17	27
7114.1	7036.09	27
1.74	1.47	27
2.26	2.17	27
3.14	3.0	27
3.76	3.37	27
4.05	3.26	27
4.33	3.89	27
4.49	4.58	27
5.08	5.14	27
5.57	6.05	27
7.3	8.44	27
12.68	11.42	27
19.51	18.71	27
32.9	33.38	27
60.78	60.38	27
116.86	110.9	27
224.65	226.57	27
438.63	438.44	27
869.92	870.47	27
1685.61	1685.62	27
2564.23	2485.12	27
3286.75	3297.48	27
3878.38	4087.94	27
4645.97	4938.49	27
5472.96	5719.05	27
6485.68	6459.77	27
7489.13	7276.43	27
1.55	1.43	28
2.31	2.41	28
2.96	3.04	28
3.52	3.91	28
4.17	4.04	28
4.88	4.04	28
4.64	5.01	28
5.88	5.41	28
7.34	6.08	28
10.88	8.6	28
11.99	16.86	28
26.63	22.05	28
38.7	37.92	28
69.17	68.66	28
132.21	131.42	28
255.77	255.82	28
506.13	500.65	28
999.4	983.5	28
1926.53	1933.47	28
2875.01	2851.2	28
3841.76	3841.08	28
4760.67	4775.48	28
7643.34	5656.69	28
6594.3	6579.46	28
7539.65	10195.54	28
8524.37	8509.94	28
1.72	1.87	28
2.29	2.28	28
2.81	2.87	28
3.37	3.12	28
4.03	3.05	28
4.17	3.31	28
3.88	4.06	28
4.21	4.59	28
4.99	4.64	28
6.39	5.69	28
8.27	8.79	28
13.74	13.75	28
26.19	25.5	28
42.08	47.89	28
89.87	90.74	28
173.97	173.09	28
335.28	336.92	28
675.31	648.15	28
1276.89	1152.03	28
1958.84	1919.32	28
2549.11	2549.25	28
3218.66	2765.29	28
3372.53	3797.17	28
4394.61	4422.7	28
5078.61	5069.71	28
5643.65	5652.84	28
1.78	1.73	28
3.08	2.18	28
2.86	3.07	28
3.69	3.62	28
3.99	3.9	28
4.03	4.13	28
5.29	4.43	28
6.04	6.07	28
6.98	8.02	28
9.88	11.92	28
16.27	13.3	28
22.42	21.07	28
38.43	38.64	28
70.24	89.66	28
133.65	131.29	28
338.08	253.58	28
500.02	673.38	28
999.61	991.64	28
1938.44	1912.92	28
2848.67	2892.41	28
3836.72	3756.86	28
4697.76	4715.03	28
5706.56	5707.56	28
6599.25	6485.27	28
7499.63	7559.47	28
8361.33	8404.28	28
1.63	1.72	28
2.33	2.17	28
3.02	2.89	28
3.35	3.04	28
3.42	3.11	28
3.65	3.97	28
3.7	3.4	28
3.63	4.24	28
5.17	4.88	28
6.87	6.38	28
8.71	9.14	28
15.61	13.58	28
25.16	25.58	28
45.77	45.08	28
83.79	84.99	28
162.43	162.99	28
290.71	315.26	28
620.07	561.6	28
1193.69	1215.18	28
1775.47	1776.14	28
2364.75	2214.52	28
2960.0	2930.19	28
3539.75	3175.49	28
4077.84	3695.11	28
4246.9	4616.12	28
4838.66	5190.25	28
0.75	0.9	29
1.01	0.95	29
1.28	1.19	29
1.44	1.54	29
2.16	2.29	29
2.64	2.9	29
2.89	3.17	29
3.17	3.1	29
3.28	3.49	29
3.04	3.65	29
3.88	3.42	29
4.42	4.58	29
5.11	6.31	29
7.24	8.13	29
10.75	11.76	29
17.62	20.18	29
36.03	31.0	29
66.3	67.3	29
108.71	126.76	29
279.64	208.36	29
480.51	410.99	29
773.83	1075.03	29
1371.68	1156.1	29
1552.12	1568.61	29
2279.39	1913.24	29
2756.55	2333.06	29
2652.72	3193.96	29
3066.57	3586.32	29
3511.32	3423.25	29
0.87	1.74	29
0.96	1.55	29
1.28	1.19	29
1.56	1.49	29
2.11	2.13	29
2.69	2.68	29
3.11	3.25	29
3.11	3.33	29
3.43	3.44	29
3.77	3.97	29
4.33	4.76	29
5.71	6.76	29
9.97	9.48	29
14.23	14.87	29
31.83	22.99	29
59.22	59.69	29
98.92	99.35	29
226.25	192.17	29
379.29	374.13	29
881.67	744.06	29
928.91	1210.62	29
2903.81	2862.96	29
4206.55	4235.89	29
5533.0	6556.01	29
8082.81	8082.52	29
9681.94	9621.48	29
11252.93	11263.5	29
10820.8	12778.21	29
14370.48	14366.4	29
0.88	0.92	29
0.97	0.98	29
1.13	1.15	29
1.53	1.46	29
2.13	1.97	29
2.63	2.49	29
3.02	2.93	29
3.14	4.03	29
3.56	3.36	29
3.83	3.81	29
3.91	3.64	29
5.05	4.85	29
6.12	6.18	29
9.26	8.21	29
12.41	12.84	29
19.48	19.43	29
33.37	36.18	29
73.0	59.22	29
109.51	125.3	29
207.43	211.25	29
407.82	405.48	29
916.17	785.57	29
1176.59	1162.76	29
1580.05	1803.25	29
1928.67	1939.67	29
2330.83	2301.61	29
2672.44	3109.13	29
3571.51	3552.0	29
3974.54	4497.79	29
0.87	0.96	29
1.0	0.98	29
1.34	1.21	29
1.83	1.5	29
2.36	1.94	29
2.71	2.31	29
2.65	2.99	29
3.45	3.1	29
3.31	3.19	29
3.87	3.23	29
4.84	4.95	29
7.29	7.51	29
10.74	7.89	29
18.46	14.43	29
32.11	29.12	29
59.2	50.21	29
114.68	96.4	29
189.18	155.19	29
298.8	435.01	29
862.95	738.71	29
922.92	919.81	29
2795.16	2803.43	29
4894.75	4908.99	29
5460.92	6507.72	29
6779.01	6895.14	29
6721.23	8198.18	29
9512.09	11220.74	29
10831.43	12753.33	29
14321.0	14421.14	29
0.97	1.19	30
1.21	1.09	30
1.35	1.22	30
1.57	2.5	30
2.11	2.3	30
2.82	2.61	30
3.04	2.95	30
2.96	3.48	30
3.15	3.63	30
3.36	3.96	30
3.6	4.07	30
4.63	5.0	30
6.72	6.29	30
9.11	8.96	30
14.95	14.49	30
25.97	26.2	30
48.43	48.31	30
98.75	98.81	30
175.9	174.79	30
342.19	376.14	30
682.35	684.52	30
1580.59	1439.25	30
1955.04	2159.93	30
2620.15	2615.2	30
3884.09	3554.17	30
3947.58	4284.7	30
5067.18	4948.48	30
5275.45	5196.97	30
5921.94	5858.83	30
0.92	1.15	30
1.03	1.12	30
1.24	1.24	30
1.7	1.65	30
2.2	2.17	30
2.68	2.64	30
3.05	2.95	30
3.48	3.42	30
3.34	3.56	30
3.95	4.17	30
4.7	4.81	30
6.03	5.23	30
7.95	9.3	30
12.86	12.7	30
19.22	26.43	30
41.13	35.52	30
93.12	92.53	30
154.49	156.32	30
363.28	358.22	30
595.02	480.68	30
1431.18	1421.4	30
2766.99	2760.41	30
3429.6	4112.68	30
2761.48	3679.39	30
3469.09	4585.88	30
6842.74	5490.4	30
9499.33	9503.19	30
10853.59	7343.67	30
10179.16	12210.37	30
0.94	1.04	30
1.11	1.06	30
1.29	1.3	30
1.59	1.57	30
2.07	2.36	30
2.99	2.91	30
3.01	3.06	30
3.38	3.34	30
3.11	3.25	30
3.98	3.27	30
4.23	4.54	30
5.16	4.86	30
6.49	7.11	30
10.45	10.6	30
15.75	15.7	30
27.96	28.45	30
48.29	53.67	30
92.8	109.32	30
189.45	177.47	30
394.85	371.37	30
694.27	684.95	30
1447.12	1336.23	30
1972.18	1962.56	30
2627.74	2838.23	30
3498.89	3291.73	30
4183.18	4147.5	30
4534.14	4613.2	30
5177.01	5189.12	30
6276.97	5884.2	30
0.87	1.04	30
0.97	1.12	30
1.19	1.24	30
1.73	1.57	30
2.33	2.16	30
2.46	2.5	30
2.84	2.91	30
3.38	3.56	30
3.54	3.83	30
4.07	3.91	30
4.55	4.76	30
5.66	6.14	30
9.3	9.76	30
13.92	15.03	30
21.02	24.99	30
43.42	43.0	30
93.39	94.59	30
154.0	155.61	30
362.66	361.08	30
484.29	717.7	30
1417.72	1422.35	30
2323.96	2309.52	30
3451.71	4123.34	30
4581.0	4597.33	30
3567.12	3397.99	30
5561.02	5547.92	30
9502.59	9531.93	30
9040.63	10845.55	30
6359.09	12229.35	30
0.87	0.97	31
1.01	1.26	31
1.96	1.2	31
1.73	1.58	31
2.04	2.36	31
2.66	2.64	31
2.67	3.86	31
3.25	3.58	31
3.38	3.65	31
3.82	3.97	31
4.85	4.59	31
6.39	6.06	31
9.1	8.61	31
14.83	14.78	31
22.88	22.77	31
42.02	42.14	31
77.96	93.19	31
152.43	179.66	31
300.82	300.76	31
479.87	595.94	31
1188.81	1414.83	31
1851.61	2312.5	31
4113.66	3457.83	31
5459.11	5460.12	31
5695.65	6829.69	31
5449.45	5450.95	31
9482.28	6375.78	31
10844.85	9023.12	31
10197.6	12225.67	31
1.03	1.04	31
1.07	1.14	31
1.25	1.3	31
1.55	1.53	31
2.05	2.26	31
2.77	2.76	31
2.96	3.12	31
3.52	3.04	31
3.11	3.47	31
3.35	3.74	31
5.01	3.69	31
4.74	4.82	31
6.63	6.48	31
9.96	9.32	31
15.55	17.11	31
28.66	26.46	31
56.17	56.24	31
89.88	108.08	31
193.93	206.97	31
348.53	376.75	31
747.74	755.99	31
1559.39	1333.0	31
2352.56	2342.43	31
2862.05	3288.13	31
3914.48	3578.01	31
3941.47	3941.64	31
4972.79	5348.9	31
5733.25	6649.36	31
6409.3	6391.97	31
0.97	1.06	31
1.08	0.95	31
1.25	1.28	31
1.51	1.53	31
2.23	2.05	31
2.97	2.84	31
2.66	2.78	31
3.06	3.07	31
3.67	3.79	31
4.47	4.18	31
5.2	5.05	31
6.08	5.91	31
9.7	9.84	31
15.41	14.11	31
27.32	26.96	31
44.72	42.58	31
64.41	79.7	31
182.35	182.23	31
304.76	302.91	31
595.67	595.14	31
1191.88	1421.07	31
2773.19	2772.32	31
4118.22	3457.02	31
4578.82	5462.85	31
5672.98	5708.11	31
4244.31	4230.03	31
6457.95	9524.19	31
10887.17	10849.58	31
10148.05	12263.81	31
0.93	1.03	31
1.17	0.98	31
1.8	1.18	31
1.71	1.54	31
2.32	2.04	31
2.72	2.59	31
3.57	3.13	31
3.03	3.41	31
3.27	3.99	31
3.61	4.1	31
4.75	4.19	31
4.96	5.41	31
6.72	6.46	31
10.6	10.17	31
16.71	15.92	31
31.17	28.24	31
54.75	52.79	31
99.88	104.24	31
202.34	189.02	31
419.36	375.48	31
735.26	844.95	31
1534.51	1363.31	31
2270.44	2154.19	31
2832.83	2830.59	31
3798.89	3540.68	31
4240.73	4234.91	31
5335.2	5225.18	31
5897.24	6396.69	31
6229.79	6266.75	31
0.91	0.84	32
1.05	1.07	32
1.66	1.21	32
1.57	1.68	32
2.17	2.06	32
2.63	2.85	32
2.9	2.89	32
3.38	3.19	32
3.47	3.21	32
4.16	4.07	32
4.67	4.56	32
6.91	5.96	32
9.52	9.5	32
17.54	15.88	32
28.22	31.28	32
52.94	60.77	32
117.3	81.0	32
193.08	158.55	32
384.36	312.48	32
473.33	473.81	32
1178.5	1670.67	32
2268.69	2753.54	32
4809.23	4844.99	32
5381.86	4472.46	32
7909.6	4421.49	32
5263.48	6620.28	32
9410.77	9432.97	32
12629.14	8892.73	32
12039.18	14235.94	32
0.85	0.97	32
0.97	1.01	32
1.25	1.29	32
1.56	1.56	32
2.1	2.43	32
2.64	2.76	32
3.18	3.07	32
3.04	3.08	32
3.35	3.51	32
3.75	3.51	32
4.01	3.65	32
4.26	4.88	32
5.45	5.54	32
7.88	7.29	32
10.69	10.81	32
20.04	17.87	32
36.13	31.05	32
65.7	57.5	32
108.54	124.87	32
208.83	209.5	32
406.26	409.34	32
944.49	784.8	32
1388.01	1379.83	32
1818.42	1820.73	32
1953.13	2680.21	32
2280.12	2731.08	32
2731.98	3204.75	32
3021.39	3063.36	32
3433.89	4114.32	32
0.93	0.9	32
1.04	1.06	32
1.09	1.29	32
1.53	1.47	32
2.18	2.15	32
2.74	2.51	32
3.09	3.0	32
2.7	3.26	32
3.58	3.6	32
3.5	3.97	32
4.7	5.26	32
6.72	6.66	32
9.71	8.97	32
12.22	15.41	32
25.75	25.8	32
57.25	49.63	32
93.54	108.59	32
182.34	149.57	32
353.65	355.67	32
584.05	702.77	32
1649.93	1401.83	32
2725.95	2232.5	32
3321.3	4786.57	32
5373.19	3430.42	32
6752.9	7897.51	32
8061.59	6604.06	32
7704.88	11026.92	32
12585.89	12569.29	32
11928.53	9811.36	32
0.98	0.93	32
1.08	1.0	32
1.72	1.11	32
2.03	1.91	32
2.09	3.49	32
2.92	2.73	32
2.73	3.07	32
3.21	3.26	32
3.56	3.37	32
3.57	3.8	32
4.32	4.07	32
5.04	4.89	32
6.16	5.19	32
9.1	8.89	32
12.44	12.88	32
20.11	19.14	32
32.94	32.7	32
59.31	65.75	32
125.54	125.35	32
211.16	212.28	32
413.46	480.85	32
793.41	916.28	32
1160.97	1359.71	32
1558.79	1546.33	32
2259.88	1941.85	32
2669.93	2651.68	32
2705.72	2721.38	32
4026.7	3555.32	32
3462.42	3963.67	32
1.14	1.05	33
1.4	1.2	33
1.24	1.27	33
1.31	1.46	33
1.66	1.41	33
1.48	1.39	33
1.61	1.78	33
1.49	1.74	33
1.95	2.04	33
2.77	2.53	33
3.53	3.63	33
4.99	5.29	33
7.86	7.89	33
13.65	13.61	33
25.32	25.48	33
52.21	51.12	33
89.95	92.12	33
173.77	178.06	33
347.09	348.56	33
662.24	677.38	33
1091.41	1072.56	33
1305.66	1321.09	33
1639.47	1650.25	33
1964.65	1968.94	33
2251.45	2312.07	33
2846.87	2625.82	33
2948.52	2923.75	33
0.99	1.17	33
1.25	1.8	33
1.13	1.4	33
1.57	1.36	33
1.41	1.36	33
1.53	1.56	33
1.6	1.83	33
2.14	2.23	33
2.68	2.93	33
4.28	4.2	33
6.27	7.01	33
12.57	11.37	33
18.82	21.34	33
45.87	45.72	33
79.77	89.39	33
177.48	177.11	33
348.34	347.89	33
692.01	700.25	33
1395.92	1376.07	33
2686.18	2704.19	33
4026.21	4027.73	33
5348.89	5324.37	33
6623.15	6606.99	33
7959.45	7926.97	33
9230.99	8221.18	33
10600.58	10566.55	33
11840.92	11863.01	33
1.12	1.2	33
1.35	1.25	33
1.27	1.42	33
1.33	1.39	33
1.48	1.42	33
1.77	1.44	33
1.66	1.71	33
2.06	2.25	33
2.33	2.12	33
2.82	3.04	33
4.09	4.17	33
6.06	6.1	33
9.26	9.25	33
15.31	15.22	33
26.79	26.55	33
48.86	48.92	33
92.8	90.67	33
175.91	178.96	33
349.15	347.95	33
663.69	664.14	33
1003.95	1008.32	33
1311.92	1313.6	33
1658.42	1638.31	33
1955.08	2188.73	33
2289.72	2282.41	33
2639.45	2597.22	33
2929.75	2969.71	33
1.03	1.17	33
1.2	1.29	33
1.53	1.28	33
1.48	1.5	33
1.48	1.33	33
1.42	1.68	33
1.93	1.88	33
2.18	2.25	33
2.89	3.3	33
4.66	4.41	33
7.58	7.53	33
13.74	12.08	33
25.07	24.47	33
47.05	46.48	33
91.56	90.61	33
177.04	176.67	33
350.21	350.37	33
697.83	693.26	33
1388.4	1386.36	33
2401.16	2703.07	33
3998.57	4025.89	33
5315.75	5315.48	33
6613.01	6649.74	33
7878.09	7074.31	33
9325.44	9229.58	33
9434.06	10589.04	33
10566.39	11874.44	33
1.1	1.15	34
1.34	1.52	34
1.44	1.33	34
1.39	1.64	34
1.46	1.53	34
1.61	1.84	34
1.91	1.78	34
1.84	2.01	34
2.41	2.36	34
3.04	3.26	34
4.82	4.82	34
7.7	7.26	34
12.36	12.55	34
23.66	23.18	34
42.71	42.98	34
83.49	81.07	34
158.34	167.58	34
313.64	347.28	34
622.49	618.18	34
1256.27	1201.0	34
1787.91	1782.58	34
2391.76	2348.03	34
3285.95	2960.53	34
3528.37	3545.3	34
4548.22	4123.2	34
4668.99	4733.57	34
5321.25	5582.55	34
1.21	1.28	34
1.32	1.6	34
1.96	1.45	34
1.55	1.74	34
1.55	1.59	34
1.75	1.69	34
1.67	1.88	34
2.17	2.25	34
2.86	3.02	34
3.5	4.02	34
6.46	6.36	34
10.99	11.3	34
20.24	20.2	34
37.36	37.98	34
72.89	66.41	34
144.27	144.23	34
286.08	284.34	34
569.97	505.57	34
1138.43	1137.0	34
2228.55	2217.19	34
3290.79	3298.14	34
4380.34	3887.87	34
5458.31	5461.25	34
6524.94	5784.36	34
7630.05	7633.34	34
8702.87	8710.18	34
9776.13	9773.87	34
1.1	0.97	34
1.38	1.49	34
1.41	1.52	34
1.39	1.42	34
1.59	1.66	34
1.76	1.67	34
1.83	2.01	34
2.06	2.38	34
2.46	2.68	34
3.49	3.49	34
5.09	5.17	34
7.79	8.19	34
13.49	13.09	34
23.47	23.94	34
44.76	43.46	34
82.04	85.95	34
163.46	162.48	34
310.33	316.95	34
622.19	617.53	34
1266.71	1195.61	34
1805.79	1794.94	34
2466.41	2387.43	34
2994.55	2984.25	34
3549.9	3592.47	34
4371.49	4104.78	34
4745.02	4684.43	34
5354.45	5368.19	34
1.26	1.31	34
1.32	1.34	34
1.36	1.41	34
1.22	1.52	34
1.4	1.66	34
1.41	1.67	34
2.04	1.9	34
2.26	2.36	34
2.91	2.94	34
4.22	4.3	34
6.15	6.23	34
11.68	11.92	34
20.91	20.9	34
39.21	39.61	34
74.97	74.21	34
145.27	146.12	34
285.96	256.54	34
573.97	570.34	34
1137.82	1139.07	34
2217.72	2212.59	34
3297.51	3312.08	34
4380.06	4390.45	34
5460.18	4864.35	34
5842.67	6539.74	34
7614.19	7619.74	34
8702.0	8695.18	34
9766.86	9765.17	34
1.25	1.38	35
1.29	1.26	35
1.28	1.35	35
1.47	1.48	35
1.53	1.51	35
1.53	1.7	35
1.68	1.69	35
2.08	2.38	35
2.82	3.06	35
3.94	4.07	35
6.22	6.02	35
11.61	10.66	35
20.12	19.81	35
37.42	37.9	35
73.61	73.42	35
144.59	144.38	35
284.46	284.77	35
568.42	569.7	35
1133.56	1135.17	35
1964.17	1962.74	35
3289.13	3295.1	35
4369.15	4369.81	35
4860.01	5464.76	35
6534.53	5795.53	35
7627.66	6740.8	35
8702.81	8700.3	35
9771.53	9766.03	35
1.22	1.35	35
1.39	1.49	35
1.3	1.6	35
1.42	1.45	35
1.64	1.69	35
1.58	1.57	35
1.88	1.89	35
2.03	1.88	35
2.58	2.45	35
3.27	3.16	35
4.84	4.72	35
7.0	7.47	35
12.17	12.73	35
22.12	22.89	35
43.37	43.21	35
82.2	81.23	35
157.34	169.76	35
311.17	310.53	35
619.27	621.93	35
1196.71	1192.81	35
1795.06	1782.04	35
2370.53	2399.34	35
2979.37	3108.69	35
3504.51	3498.19	35
4085.5	4281.64	35
4662.53	4674.73	35
5504.85	5228.53	35
1.25	1.25	35
1.39	1.34	35
1.39	1.35	35
1.47	1.58	35
1.41	1.74	35
1.53	1.62	35
1.78	1.87	35
2.26	2.36	35
2.75	3.09	35
4.42	4.13	35
6.92	6.94	35
11.9	11.99	35
18.73	20.76	35
38.15	38.36	35
75.0	73.9	35
130.23	145.57	35
285.11	285.1	35
566.68	569.99	35
1136.75	1014.55	35
2212.77	2217.98	35
3297.82	3304.16	35
3911.53	3905.34	35
5470.5	5469.71	35
5846.28	6544.31	35
7612.85	7626.42	35
8701.7	8708.28	35
9780.75	9771.89	35
1.04	1.19	35
1.21	1.43	35
1.45	1.42	35
1.44	1.49	35
1.46	1.72	35
1.58	1.54	35
1.85	2.05	35
2.02	2.29	35
2.6	2.64	35
3.46	3.46	35
4.95	5.04	35
8.07	8.06	35
13.12	12.94	35
23.35	23.17	35
45.1	43.48	35
82.64	83.96	35
162.67	161.21	35
315.63	334.47	35
624.37	621.16	35
1215.86	1267.22	35
1788.4	1819.91	35
2394.41	2397.41	35
2990.73	2971.68	35
3678.43	3542.89	35
4099.46	4159.2	35
4699.59	4654.07	35
5347.83	5313.05	35
1.06	1.25	36
1.28	1.39	36
1.34	1.33	36
1.35	1.41	36
1.44	1.44	36
1.54	1.64	36
1.6	1.77	36
2.21	2.11	36
2.69	2.91	36
4.12	4.07	36
6.29	6.75	36
12.93	12.89	36
21.13	23.31	36
46.02	45.86	36
90.13	89.77	36
176.14	177.79	36
348.28	350.47	36
693.72	699.71	36
1386.25	1393.26	36
2675.24	2388.33	36
4008.82	4013.88	36
5325.29	5331.68	36
6627.83	6671.39	36
7004.72	7968.24	36
9277.01	9349.78	36
10544.51	10683.48	36
11891.0	11894.75	36
1.17	1.27	36
1.2	1.38	36
1.39	1.35	36
1.25	1.4	36
1.36	1.49	36
1.48	1.59	36
1.53	1.62	36
2.0	1.88	36
2.03	2.23	36
2.46	2.69	36
3.31	3.57	36
5.14	5.27	36
7.88	8.18	36
13.8	14.11	36
25.52	25.18	36
52.0	47.11	36
90.52	92.14	36
175.77	176.94	36
344.95	352.47	36
670.84	679.77	36
989.38	1003.24	36
1478.47	1289.54	36
1668.89	1667.24	36
1968.18	1948.39	36
2503.22	2288.33	36
2613.19	2620.79	36
3263.47	2920.25	36
1.11	1.11	36
1.28	1.29	36
1.31	1.3	36
1.33	1.46	36
1.59	1.53	36
1.66	1.7	36
1.82	2.0	36
2.2	2.3	36
2.78	3.1	36
4.43	4.76	36
7.47	7.5	36
13.61	13.46	36
25.28	25.05	36
46.54	46.95	36
90.27	92.13	36
178.21	177.21	36
350.86	310.87	36
698.09	700.37	36
1378.09	1391.86	36
2393.11	2387.26	36
4013.91	4000.08	36
5349.44	5321.16	36
6642.38	6618.5	36
7073.95	7958.97	36
9295.84	9235.92	36
10599.33	10582.07	36
11851.46	10580.89	36
1.04	1.29	36
1.16	1.23	36
1.34	1.47	36
1.36	1.39	36
1.28	1.66	36
1.48	1.24	36
1.68	1.69	36
1.86	2.1	36
2.51	2.72	36
3.05	2.7	36
3.95	3.87	36
6.17	6.36	36
9.35	9.57	36
15.56	15.85	36
26.75	26.85	36
49.11	49.35	36
92.01	92.79	36
176.48	178.13	36
394.19	345.25	36
672.56	670.8	36
1003.98	1000.77	36
1316.11	1323.79	36
1645.48	1662.67	36
1954.74	1976.66	36
2266.99	2308.87	36
2619.57	2610.65	36
2917.07	3306.5	36
0.93	1.03	37
1.01	1.08	37
1.19	1.31	37
1.67	1.83	37
2.48	2.66	37
3.57	4.49	37
7.76	7.58	37
11.52	12.71	37
25.45	15.52	37
28.64	15.35	37
23.43	15.17	37
24.83	26.44	37
24.25	28.06	37
31.8	28.14	37
35.55	44.54	37
56.2	50.59	37
80.7	89.61	37
127.2	132.54	37
232.65	235.08	37
429.49	427.21	37
824.1	824.27	37
1594.58	1589.52	37
2369.55	2375.74	37
3104.76	3098.83	37
3849.51	3905.73	37
4586.07	4689.44	37
5442.2	5405.78	37
6154.11	6050.12	37
7006.83	6893.48	37
0.87	1.01	37
0.98	1.09	37
1.16	1.86	37
1.58	1.86	37
2.57	2.77	37
3.84	4.34	37
6.88	7.21	37
13.53	11.33	37
13.7	23.97	37
21.11	28.72	37
25.53	26.59	37
28.38	27.41	37
31.63	29.53	37
44.62	32.87	37
44.56	39.01	37
63.0	53.29	37
91.62	97.79	37
172.79	169.84	37
316.83	314.99	37
614.5	607.67	37
1177.92	1198.98	37
2292.3	2323.26	37
3398.92	3375.39	37
4544.71	4540.37	37
5659.28	5617.32	37
6756.68	6786.25	37
7984.33	7939.55	37
9014.55	9048.33	37
10137.91	10107.47	37
0.86	0.97	37
1.07	1.07	37
1.24	1.37	37
1.66	1.81	37
2.65	2.6	37
4.23	4.43	37
7.04	7.7	37
12.73	10.96	37
19.48	15.05	37
17.95	28.22	37
25.11	26.64	37
28.72	21.97	37
19.09	31.07	37
30.08	30.95	37
37.64	39.61	37
54.54	46.52	37
76.32	77.77	37
120.48	120.0	37
222.92	218.38	37
416.77	405.53	37
797.01	792.98	37
1527.17	1491.52	37
2211.73	2235.69	37
2977.75	2968.72	37
3663.34	3722.19	37
4453.61	4351.55	37
5161.61	5138.08	37
5830.4	5895.07	37
6611.25	6655.47	37
0.9	1.01	37
1.05	1.67	37
1.25	1.41	37
1.65	1.83	37
2.48	2.66	37
4.42	4.35	37
6.63	6.91	37
12.41	13.52	37
20.28	18.1	37
17.82	21.36	37
25.36	24.15	37
21.0	32.41	37
23.53	34.05	37
27.02	40.47	37
38.86	45.9	37
65.9	63.87	37
94.9	99.1	37
161.84	152.77	37
288.28	304.62	37
578.99	563.85	37
1083.96	1110.33	37
2100.33	2133.57	37
3141.54	3101.51	37
4216.01	4116.7	37
5246.76	5220.91	37
6201.03	6165.44	37
7275.01	7273.35	37
8344.03	8306.38	37
9425.23	9388.64	37
1.01	0.98	38
0.95	1.08	38
1.35	1.24	38
1.72	1.74	38
2.67	2.72	38
4.23	4.34	38
7.34	5.86	38
13.68	14.02	38
24.2	24.18	38
25.85	27.29	38
20.46	21.09	38
32.31	34.4	38
34.61	24.68	38
36.87	43.94	38
39.44	46.9	38
53.6	58.56	38
96.21	91.66	38
163.93	156.03	38
303.77	296.01	38
555.7	572.8	38
1079.85	1100.15	38
2087.73	2088.55	38
3108.4	3104.54	38
4087.76	4055.02	38
5130.45	5092.23	38
6043.6	6117.27	38
7173.86	7122.09	38
8085.34	8122.3	38
9121.45	9048.18	38
1.05	1.11	38
1.09	1.19	38
1.28	1.43	38
1.67	1.82	38
2.99	3.34	38
4.59	4.55	38
7.85	7.46	38
13.97	14.48	38
25.85	16.35	38
22.44	28.63	38
25.1	27.61	38
16.22	27.61	38
23.48	27.39	38
33.74	37.87	38
37.64	49.49	38
60.66	46.61	38
95.35	98.44	38
141.74	144.35	38
266.36	258.86	38
497.72	502.43	38
997.78	990.74	38
1870.61	1894.62	38
2774.18	2746.77	38
3689.76	3672.83	38
4622.07	4593.63	38
5546.06	5468.78	38
6468.34	6375.81	38
7355.19	7368.87	38
8709.25	8710.02	38
0.85	0.95	38
1.07	1.15	38
1.36	1.41	38
1.68	1.82	38
2.7	2.84	38
4.31	4.4	38
7.54	7.94	38
12.01	8.82	38
17.85	11.62	38
21.6	22.99	38
27.37	26.09	38
26.97	29.39	38
35.28	27.0	38
40.22	32.52	38
42.24	41.28	38
63.09	65.65	38
85.73	100.1	38
161.07	161.55	38
289.75	298.64	38
559.19	540.79	38
1085.58	1068.95	38
2055.18	2069.32	38
3076.06	3040.43	38
4043.2	4033.82	38
5015.23	5065.86	38
6018.62	6067.62	38
7079.09	6968.45	38
7983.52	8080.6	38
9016.08	8978.19	38
0.88	0.92	38
1.04	1.11	38
1.23	1.3	38
1.78	1.78	38
2.6	2.79	38
4.29	4.66	38
8.01	8.29	38
12.53	13.04	38
19.93	10.1	38
22.44	28.02	38
26.27	24.37	38
27.19	24.31	38
32.75	36.65	38
30.55	32.15	38
44.76	33.36	38
57.94	64.67	38
90.29	84.64	38
142.75	141.69	38
236.03	249.26	38
452.02	451.79	38
882.51	874.3	38
1683.31	1666.09	38
2461.56	2470.03	38
3267.22	3300.58	38
4135.97	4085.47	38
4898.72	4906.85	38
5660.17	5784.42	38
6522.89	6528.15	38
7314.17	7216.54	38
0.93	0.92	39
1.01	1.01	39
1.34	1.23	39
1.79	1.8	39
2.64	2.72	39
4.36	4.37	39
6.13	8.03	39
8.98	14.15	39
13.9	14.91	39
18.82	16.46	39
15.01	22.47	39
32.44	24.48	39
28.65	27.15	39
33.09	37.15	39
53.59	46.91	39
43.77	60.78	39
78.14	76.85	39
140.17	150.68	39
261.38	261.59	39
499.26	503.01	39
962.87	976.02	39
1851.4	1847.93	39
2793.57	2754.03	39
3650.68	3708.48	39
4602.11	4569.98	39
5570.03	5448.67	39
6499.76	6372.86	39
7321.47	7296.2	39
8210.31	8169.6	39
0.85	1.05	39
1.01	1.12	39
1.3	1.27	39
1.77	1.79	39
2.68	2.77	39
4.43	4.42	39
6.29	4.82	39
14.29	14.41	39
12.89	15.42	39
24.52	20.24	39
23.3	28.26	39
26.98	35.44	39
26.28	32.23	39
30.33	36.21	39
42.53	39.15	39
49.74	61.44	39
92.28	98.67	39
162.58	155.58	39
290.93	294.33	39
557.24	551.59	39
1088.19	1097.24	39
2083.04	2066.31	39
3072.64	3106.62	39
4100.62	4064.16	39
5080.3	5067.92	39
6118.56	6067.32	39
7059.53	7080.9	39
8115.49	8050.92	39
9189.56	9088.61	39
0.93	1.02	39
1.09	1.12	39
1.33	1.47	39
1.82	1.89	39
2.64	2.71	39
4.46	4.59	39
7.8	7.62	39
13.8	13.58	39
21.95	22.84	39
26.78	16.25	39
26.69	26.0	39
19.29	21.65	39
34.65	25.98	39
33.87	42.19	39
47.23	40.12	39
52.17	59.53	39
93.32	78.3	39
139.87	143.29	39
243.66	237.02	39
454.74	448.07	39
877.64	855.88	39
1680.59	1676.98	39
2499.33	2466.61	39
3225.43	3296.49	39
4071.55	4155.87	39
4901.63	4876.57	39
5668.79	5680.1	39
6541.99	6341.25	39
7315.04	7287.44	39
1.4	0.94	39
1.01	1.07	39
1.3	1.33	39
1.69	1.77	39
2.71	2.59	39
3.34	4.52	39
7.93	7.75	39
13.37	11.77	39
18.34	24.11	39
17.97	15.35	39
25.12	22.15	39
17.42	25.62	39
28.79	28.81	39
39.47	31.17	39
40.74	46.73	39
58.49	63.58	39
100.28	92.04	39
149.86	150.14	39
289.79	288.53	39
555.67	549.69	39
1081.63	1076.93	39
2055.9	2091.38	39
3079.13	3095.78	39
4100.19	4130.16	39
5101.95	5067.79	39
6056.75	6058.33	39
7067.68	7182.09	39
8050.08	7973.78	39
9004.69	9116.82	39
0.9	0.96	40
0.94	1.09	40
1.19	1.35	40
1.75	1.79	40
2.62	2.65	40
4.1	4.49	40
7.58	7.79	40
12.87	13.61	40
23.31	14.23	40
26.81	21.49	40
20.89	25.02	40
16.5	30.81	40
24.58	19.44	40
37.06	30.44	40
38.03	37.63	40
55.24	52.32	40
98.78	95.5	40
176.68	180.53	40
324.9	316.65	40
606.37	613.86	40
1193.31	1176.83	40
2312.8	2312.41	40
3405.86	3394.44	40
4543.76	4508.24	40
5652.62	5638.15	40
6770.88	6715.44	40
7853.31	7898.05	40
8925.8	8939.69	40
10123.65	10055.41	40
1.07	0.99	40
1.56	1.17	40
1.15	1.38	40
1.73	1.84	40
2.56	2.89	40
4.29	4.02	40
7.54	7.98	40
11.41	10.73	40
18.0	24.91	40
14.41	21.16	40
27.75	23.09	40
23.19	25.98	40
25.92	24.66	40
29.67	34.87	40
45.34	39.36	40
58.61	49.47	40
74.73	71.26	40
133.99	136.03	40
237.87	235.5	40
427.58	426.07	40
834.48	825.97	40
1587.7	1573.01	40
2365.47	2326.81	40
3063.88	3108.93	40
3853.67	3863.54	40
4613.07	4593.77	40
5294.63	5426.46	40
6145.54	6093.12	40
6895.99	6825.3	40
0.77	0.94	40
0.99	1.11	40
1.13	1.34	40
1.67	1.74	40
2.63	2.69	40
4.47	4.32	40
7.79	7.47	40
10.08	11.4	40
17.35	16.65	40
17.84	16.45	40
31.2	27.09	40
22.93	23.19	40
26.94	30.97	40
28.14	35.9	40
44.64	41.96	40
73.14	68.07	40
94.05	89.94	40
162.72	171.1	40
296.32	308.43	40
565.19	574.66	40
1115.23	1118.68	40
2147.96	2120.87	40
3149.2	3145.48	40
4207.67	4227.52	40
5238.69	5264.09	40
6268.22	6259.91	40
7290.05	7198.03	40
8279.66	8310.42	40
9256.26	9261.98	40
0.84	1.0	40
0.94	1.0	40
1.28	1.36	40
1.71	1.76	40
2.44	2.7	40
4.07	4.4	40
7.76	7.37	40
11.41	13.03	40
13.24	24.49	40
15.11	27.53	40
33.9	26.51	40
21.8	12.63	40
19.62	26.6	40
28.19	36.31	40
38.03	41.88	40
59.18	52.38	40
80.86	75.4	40
116.66	123.38	40
230.22	216.36	40
414.25	416.76	40
808.3	784.88	40
1536.39	1501.82	40
2243.94	2212.54	40
2972.99	2976.11	40
3691.95	3699.0	40
4404.06	4390.29	40
5070.77	5107.06	40
5835.82	5794.23	40
6611.28	6511.44	40
0.99	1.09	41
1.18	1.26	41
1.52	2.23	41
1.99	2.17	41
3.85	3.22	41
5.47	4.69	41
7.69	7.81	41
11.76	8.31	41
9.95	12.65	41
18.5	15.57	41
22.23	20.86	41
25.45	25.03	41
32.91	34.01	41
41.36	44.88	41
59.76	54.91	41
94.74	92.71	41
165.57	168.8	41
315.51	321.48	41
599.69	600.66	41
1134.42	1161.68	41
1689.81	1714.58	41
2295.46	2254.82	41
2779.15	2802.02	41
3358.88	3321.47	41
3906.39	3934.53	41
4440.82	4468.81	41
4959.84	5060.73	41
0.99	1.11	41
1.13	1.21	41
1.5	1.43	41
2.02	1.8	41
2.91	3.11	41
4.61	4.4	41
8.69	6.62	41
8.79	8.91	41
12.28	12.74	41
15.0	13.28	41
22.47	20.77	41
26.12	24.04	41
36.79	38.15	41
47.02	47.65	41
74.44	78.45	41
126.71	127.73	41
232.9	231.13	41
439.18	439.06	41
845.97	839.83	41
1617.8	1626.35	41
2385.34	2383.84	41
3174.02	3163.3	41
3955.72	3924.71	41
4720.67	4706.58	41
5514.25	5488.87	41
6266.9	6278.21	41
7052.02	7089.36	41
0.93	1.14	41
1.15	1.26	41
1.45	1.49	41
1.77	2.07	41
2.67	2.98	41
5.38	5.46	41
4.56	9.82	41
8.63	9.48	41
9.8	10.68	41
13.14	15.88	41
20.79	20.27	41
23.15	21.29	41
29.42	30.02	41
37.25	37.09	41
51.11	53.41	41
84.53	83.43	41
152.08	148.25	41
284.52	280.78	41
540.32	542.73	41
1029.39	1057.87	41
1538.25	1523.51	41
2032.72	2019.0	41
2543.53	2567.63	41
2975.9	3004.14	41
3490.81	3481.09	41
4064.05	4014.43	41
4491.4	4502.85	41
1.01	1.12	41
1.18	1.21	41
1.27	1.59	41
1.92	2.07	41
3.0	3.27	41
4.64	4.42	41
7.4	8.93	41
7.7	9.5	41
12.48	10.73	41
14.27	15.64	41
19.49	20.26	41
30.92	26.1	41
31.81	35.88	41
48.25	45.12	41
69.44	69.77	41
124.9	123.21	41
223.53	215.25	41
410.89	410.95	41
800.95	804.24	41
1553.1	1533.22	41
2242.13	2254.5	41
2994.18	2952.57	41
3760.54	3767.61	41
4380.23	4435.68	41
5103.5	5146.73	41
6387.78	5884.18	41
6680.3	6540.75	41
1.06	1.23	42
1.15	1.2	42
1.49	1.42	42
1.97	2.1	42
2.94	2.85	42
4.94	4.63	42
5.05	8.59	42
8.19	11.45	42
9.18	9.81	42
9.59	15.49	42
17.94	20.32	42
27.45	26.91	42
36.81	34.8	42
43.12	45.08	42
72.03	74.55	42
125.65	125.1	42
227.05	229.29	42
430.01	428.82	42
832.49	836.26	42
1607.85	1615.14	42
2387.96	2403.45	42
3145.87	3170.03	42
3923.58	3949.65	42
4792.11	4700.02	42
5464.68	5489.03	42
6274.27	6263.83	42
7030.87	7035.04	42
1.13	1.15	42
1.12	1.45	42
1.59	1.66	42
2.74	2.18	42
2.16	3.32	42
4.79	5.01	42
6.34	8.75	42
9.42	6.56	42
8.21	10.46	42
13.01	13.56	42
21.1	18.81	42
26.37	21.04	42
30.68	26.41	42
39.51	36.24	42
58.91	56.42	42
94.14	89.89	42
161.91	163.94	42
307.35	301.01	42
586.54	599.07	42
1125.46	1121.84	42
1666.1	1649.89	42
2235.32	2215.51	42
2721.65	2760.01	42
3313.85	3254.34	42
3775.68	3813.44	42
4329.03	4331.89	42
4893.24	4890.69	42
1.09	1.11	42
1.45	1.28	42
1.44	1.41	42
2.0	1.95	42
2.97	3.28	42
4.8	5.09	42
4.22	6.91	42
11.21	8.36	42
9.17	14.42	42
14.94	13.36	42
18.77	19.59	42
24.98	27.14	42
30.34	30.68	42
42.8	43.93	42
67.94	67.01	42
116.3	114.54	42
214.45	212.84	42
410.24	404.99	42
799.78	781.82	42
1526.3	1522.7	42
2213.14	2255.09	42
3011.3	3022.4	42
3662.53	3648.37	42
4351.03	4421.1	42
5161.73	5060.22	42
5875.19	5838.6	42
6583.04	6678.92	42
1.01	1.17	42
1.12	1.29	42
1.43	1.64	42
1.91	2.12	42
2.85	2.94	42
4.46	5.77	42
6.53	7.84	42
7.28	8.37	42
8.23	10.43	42
10.47	13.44	42
16.67	17.45	42
23.18	21.9	42
25.48	27.46	42
38.46	36.48	42
56.02	51.07	42
86.88	85.54	42
150.57	153.5	42
278.47	280.86	42
547.58	533.16	42
1038.04	1031.02	42
1534.1	1554.53	42
2060.69	2004.69	42
2504.89	2554.65	42
2994.99	2982.16	42
3505.71	3486.04	42
3978.27	3946.59	42
4371.27	4496.66	42
0.94	1.16	43
1.11	1.18	43
1.56	1.71	43
1.86	2.06	43
2.54	3.15	43
4.14	3.6	43
8.55	8.15	43
5.0	8.93	43
11.61	11.26	43
14.99	11.08	43
18.13	18.93	43
24.52	21.01	43
28.18	29.41	43
39.59	36.89	43
57.07	58.41	43
92.58	94.57	43
164.39	167.51	43
307.44	304.84	43
585.37	584.8	43
1123.4	1127.64	43
1684.3	1670.66	43
2198.33	2207.39	43
2724.7	2727.97	43
3246.6	3259.94	43
3828.56	3817.89	43
4366.74	4334.18	43
4898.53	4881.94	43
0.97	1.2	43
1.19	1.26	43
1.43	1.5	43
1.77	1.93	43
2.81	2.93	43
4.88	5.17	43
7.69	4.69	43
7.74	6.42	43
6.57	10.01	43
15.06	11.67	43
22.27	18.76	43
25.56	25.53	43
32.13	35.87	43
47.27	47.39	43
72.06	74.49	43
121.26	124.89	43
228.41	228.54	43
430.56	433.72	43
839.72	842.53	43
1636.19	1614.35	43
2385.93	2383.46	43
3156.28	3183.88	43
3946.33	3928.45	43
4729.79	4728.14	43
5492.09	5499.78	43
6321.0	6237.53	43
7034.89	7075.74	43
0.85	1.24	43
1.15	1.44	43
1.51	1.61	43
1.93	2.18	43
3.05	3.07	43
5.03	5.37	43
7.48	6.41	43
7.94	9.38	43
6.48	8.4	43
13.83	11.34	43
13.33	17.39	43
23.59	19.89	43
25.44	29.54	43
39.06	38.8	43
51.55	57.89	43
85.45	87.1	43
150.6	155.05	43
278.18	282.86	43
540.85	540.35	43
1035.08	1030.32	43
1530.44	1544.08	43
2027.34	2053.04	43
2535.07	2512.89	43
2961.0	2996.93	43
3477.44	3525.41	43
4005.31	4009.45	43
4320.38	4414.19	43
0.96	1.13	43
1.01	1.28	43
1.32	1.61	43
1.86	2.15	43
2.84	3.14	43
5.2	4.87	43
8.5	8.48	43
7.49	8.69	43
9.87	10.63	43
12.91	15.85	43
17.39	16.45	43
26.47	26.93	43
29.59	33.5	43
46.99	44.41	43
69.28	68.33	43
118.55	119.59	43
216.46	217.93	43
403.04	409.7	43
786.98	790.42	43
1517.82	1535.88	43
2271.36	2265.04	43
2961.47	2970.98	43
3709.58	3763.82	43
4361.86	4452.0	43
5041.0	5121.91	43
5930.87	5823.67	43
6515.16	6433.58	43
0.89	1.09	44
1.08	1.32	44
1.28	1.53	44
1.78	1.93	44
2.5	3.02	44
5.03	3.25	44
7.15	5.18	44
9.38	9.74	44
9.44	8.04	44
13.16	12.81	44
19.79	19.01	44
25.83	23.21	44
33.94	32.13	44
44.23	47.82	44
74.11	74.09	44
123.63	125.02	44
227.58	228.77	44
433.37	428.15	44
840.77	832.78	44
1626.94	1606.93	44
2370.07	2398.94	44
3199.81	3198.83	44
3952.64	3960.61	44
4743.36	4732.5	44
5476.71	5555.82	44
6370.31	6310.86	44
7040.83	7037.04	44
0.91	1.18	44
0.94	1.22	44
1.44	1.58	44
1.87	2.08	44
2.99	3.32	44
5.46	5.16	44
7.0	7.96	44
5.21	8.14	44
12.35	8.79	44
11.18	10.6	44
18.2	18.68	44
24.86	23.2	44
27.75	32.34	44
40.8	39.3	44
58.07	53.19	44
96.95	93.89	44
163.13	166.24	44
308.47	309.74	44
594.61	596.41	44
1156.71	1146.24	44
1707.01	1690.77	44
2235.68	2254.97	44
2800.61	2804.73	44
3351.19	3323.96	44
3894.87	3909.57	44
4492.08	4442.41	44
5028.31	4926.76	44
1.22	1.03	44
1.0	1.79	44
1.44	1.63	44
2.04	2.04	44
2.86	2.99	44
5.1	3.93	44
3.59	8.92	44
10.18	8.8	44
11.22	9.61	44
16.6	14.79	44
21.46	16.42	44
24.49	24.64	44
30.73	31.12	44
44.61	44.61	44
70.12	68.9	44
116.51	119.08	44
213.92	219.03	44
415.05	412.41	44
798.81	790.2	44
1522.66	1532.69	44
2287.45	2290.02	44
2974.84	2980.16	44
3714.44	3690.79	44
4473.8	4458.35	44
5225.37	5163.62	44
5826.95	5964.83	44
6666.23	6656.45	44
1.0	1.1	44
1.16	1.38	44
1.31	1.47	44
1.82	2.13	44
2.88	2.99	44
5.33	5.03	44
6.27	8.31	44
5.96	10.57	44
10.18	11.99	44
14.19	15.5	44
19.45	20.44	44
21.01	23.73	44
30.06	27.54	44
38.93	34.25	44
49.49	49.93	44
84.15	85.74	44
150.83	151.67	44
280.79	281.26	44
546.36	542.41	44
1046.2	1035.44	44
1551.91	1536.59	44
2047.75	2059.23	44
2508.41	2485.54	44
3034.52	2962.85	44
3469.35	3527.82	44
3988.4	3979.18	44
4582.43	4496.81	44
1.01	1.11	45
1.88	1.34	45
1.57	1.74	45
2.4	2.49	45
3.79	4.33	45
5.31	6.17	45
7.95	6.72	45
10.33	8.57	45
10.35	8.81	45
8.84	10.08	45
12.55	9.73	45
14.17	14.23	45
19.09	19.89	45
28.88	25.82	45
44.79	45.67	45
76.64	77.74	45
140.16	138.92	45
265.49	265.72	45
517.66	511.3	45
992.45	1020.18	45
1953.97	1946.88	45
2867.36	2864.67	45
3870.32	3869.47	45
4821.71	4698.44	45
5704.13	5642.93	45
6747.16	6612.97	45
7686.72	7613.6	45
8525.85	8541.76	45
0.97	1.11	45
1.25	1.36	45
1.61	1.71	45
2.54	2.64	45
3.59	4.13	45
5.12	5.07	45
8.47	8.47	45
9.91	7.71	45
9.33	10.75	45
11.33	11.67	45
13.3	12.71	45
14.86	16.04	45
24.41	21.0	45
33.96	34.22	45
61.27	60.09	45
111.24	110.66	45
212.49	214.14	45
414.09	415.35	45
819.36	810.59	45
1616.16	1628.52	45
3139.46	3142.73	45
4689.6	4668.13	45
6266.97	6191.63	45
7794.53	7772.13	45
9354.64	9299.04	45
10819.55	10877.88	45
12434.07	12453.17	45
13955.52	14013.3	45
0.99	1.13	45
1.2	1.36	45
1.66	1.79	45
2.48	2.6	45
4.36	4.36	45
5.8	6.75	45
7.96	7.16	45
7.63	9.5	45
8.46	10.65	45
8.17	11.11	45
9.08	12.27	45
14.8	14.88	45
18.83	19.0	45
28.11	27.32	45
41.63	42.16	45
71.39	71.54	45
128.59	129.16	45
241.77	245.32	45
465.58	471.3	45
933.99	929.67	45
1781.55	1807.58	45
2676.53	2635.6	45
3533.94	3518.1	45
4396.06	4381.47	45
5258.11	5286.32	45
6165.57	6053.1	45
7021.46	7044.43	45
7716.28	7837.11	45
1.0	1.02	45
1.15	1.26	45
1.65	1.77	45
2.38	2.55	45
3.32	3.86	45
5.55	4.58	45
8.63	7.81	45
9.93	10.0	45
10.0	10.18	45
9.73	10.14	45
9.38	12.72	45
12.83	15.2	45
20.09	17.22	45
32.36	32.49	45
57.2	55.0	45
103.12	104.17	45
196.71	198.98	45
384.34	385.88	45
760.72	760.15	45
1500.46	1500.84	45
2933.9	2936.12	45
4380.83	4341.52	45
5807.36	5785.35	45
7226.68	7219.58	45
8628.7	8654.54	45
10032.79	10094.54	45
11487.0	11486.76	45
12954.54	12919.76	45
1.05	2.4	46
1.31	1.24	46
1.66	1.77	46
2.37	2.42	46
3.74	3.89	46
6.32	5.85	46
7.95	8.22	46
9.08	9.07	46
9.86	8.77	46
10.03	9.73	46
11.88	13.26	46
13.6	14.88	46
19.65	21.47	46
32.13	30.81	46
53.59	51.53	46
96.11	94.78	46
179.43	180.86	46
328.97	338.44	46
652.91	682.39	46
1306.02	1311.45	46
2566.43	2518.41	46
3796.64	3707.07	46
4983.53	4937.12	46
6187.78	6184.46	46
7472.4	7413.22	46
8728.46	8715.4	46
10019.59	9919.02	46
11043.91	11187.87	46
1.13	1.07	46
1.26	1.94	46
1.76	1.71	46
2.72	2.74	46
4.24	3.89	46
6.54	5.98	46
8.33	6.6	46
8.45	9.47	46
8.01	7.5	46
8.95	11.53	46
7.84	11.7	46
15.2	14.08	46
20.76	20.93	46
29.7	31.43	46
51.25	50.76	46
91.16	95.18	46
174.76	174.39	46
338.76	333.92	46
698.5	706.25	46
1414.97	1420.45	46
2785.47	2795.95	46
4139.36	4161.15	46
5507.89	5521.01	46
6909.54	6891.32	46
8255.97	8250.76	46
9614.87	9646.43	46
10986.63	11001.63	46
12393.14	12359.49	46
1.02	1.04	46
1.29	1.18	46
1.58	1.65	46
2.71	2.48	46
3.82	3.59	46
6.21	6.21	46
6.04	8.59	46
8.27	7.52	46
9.12	10.03	46
8.72	10.64	46
10.95	10.5	46
15.36	16.13	46
20.56	20.44	46
31.75	30.71	46
51.39	51.21	46
91.63	89.05	46
173.92	170.36	46
330.79	329.14	46
652.43	657.29	46
1282.82	1296.82	46
2504.74	2501.63	46
3704.22	3749.96	46
4912.69	4922.4	46
6095.45	6112.02	46
7326.46	7313.29	46
8572.32	8484.81	46
9812.1	9818.08	46
10871.3	11099.28	46
1.08	1.07	46
1.28	1.25	46
1.61	1.71	46
2.63	2.43	46
3.76	4.04	46
5.92	6.0	46
7.42	5.75	46
8.11	8.95	46
10.49	10.93	46
10.86	11.35	46
12.68	12.03	46
12.54	15.53	46
20.75	21.89	46
30.75	32.03	46
51.99	53.01	46
93.47	93.62	46
176.78	178.67	46
341.34	341.12	46
685.22	687.14	46
1370.98	1364.04	46
2662.81	2656.19	46
3944.52	3942.67	46
5232.17	5230.31	46
6515.41	6528.06	46
7799.01	7810.9	46
9081.41	9061.08	46
10349.7	10331.04	46
11643.88	11672.8	46
1.04	1.23	47
1.28	1.31	47
1.61	1.83	47
2.42	2.54	47
3.64	4.01	47
5.52	6.3	47
6.52	7.54	47
8.22	9.25	47
9.77	7.69	47
12.08	8.34	47
10.64	10.89	47
15.28	16.55	47
19.59	18.74	47
29.94	29.93	47
52.12	54.08	47
94.97	94.4	47
173.48	173.77	47
337.41	346.0	47
671.74	673.01	47
1353.8	1349.22	47
2640.64	2635.4	47
3931.37	3920.84	47
5198.81	5198.93	47
6478.57	6480.18	47
7762.57	7729.16	47
9020.59	9030.18	47
10321.58	10298.95	47
11533.6	11525.48	47
