0.92	0.89	1
1.02	1.02	1
1.21	1.23	1
1.61	1.57	1
2.62	2.51	1
3.99	3.89	1
7.12	6.63	1
8.43	9.08	1
14.78	12.59	1
15.82	10.85	1
14.63	11.18	1
15.7	12.9	1
11.3	15.79	1
14.71	19.64	1
22.19	24.43	1
39.66	35.22	1
61.77	61.95	1
109.79	100.49	1
198.29	134.69	1
375.35	249.05	1
725.8	464.04	1
1435.87	941.04	1
2120.06	1385.67	1
2777.76	1698.56	1
3542.2	2127.04	1
3611.28	2626.62	1
4801.62	2963.73	1
5460.43	3491.37	1
6219.81	3917.42	1
0.87	0.8	1
1.04	1.0	1
1.31	1.74	1
1.79	1.72	1
2.11	3.15	1
4.85	3.98	1
6.57	5.93	1
11.61	11.06	1
12.28	11.07	1
12.84	15.56	1
12.48	17.78	1
15.63	16.77	1
19.44	13.58	1
21.75	27.45	1
29.44	31.02	1
49.33	55.34	1
78.41	90.89	1
143.21	146.24	1
276.9	270.66	1
530.29	642.61	1
1049.88	1708.56	1
2011.71	3291.87	1
3011.12	4899.39	1
3978.0	6610.13	1
5004.75	8243.58	1
5923.73	9925.56	1
6902.53	11548.27	1
7815.32	12943.52	1
8997.69	14741.65	1
0.9	0.82	1
0.94	1.05	1
1.25	1.31	1
1.64	1.81	1
2.37	2.36	1
4.09	4.18	1
6.68	6.64	1
9.49	10.26	1
12.46	11.76	1
10.55	10.24	1
11.9	15.18	1
14.88	16.46	1
13.43	16.56	1
14.93	22.43	1
24.13	23.73	1
38.55	33.51	1
61.25	54.27	1
103.11	76.94	1
195.28	147.83	1
377.11	312.56	1
724.91	531.79	1
1421.32	1010.89	1
2066.44	1716.48	1
2811.92	2587.85	1
3465.45	2862.6	1
4093.03	2912.24	1
4711.45	3927.05	1
5395.03	3926.3	1
6154.29	5772.25	1
0.91	0.87	1
0.96	0.95	1
1.3	1.28	1
1.72	1.93	1
2.56	2.46	1
4.43	3.97	1
5.15	6.91	1
10.09	10.9	1
12.4	13.08	1
10.56	12.15	1
14.52	16.99	1
16.54	12.3	1
18.0	18.26	1
20.39	25.74	1
31.64	36.56	1
45.21	53.06	1
75.26	94.8	1
140.78	227.6	1
266.79	439.81	1
517.35	830.95	1
1036.98	1765.99	1
1991.1	3396.44	1
2947.31	5231.03	1
3935.83	7021.74	1
4851.4	8708.16	1
5705.31	10473.66	1
6695.46	12147.86	1
7647.96	13861.84	1
8614.17	15075.98	1
0.98	0.96	2
1.17	1.05	2
1.68	1.24	2
1.69	1.66	2
2.43	2.64	2
4.0	4.0	2
5.97	6.7	2
6.3	10.1	2
13.35	14.19	2
11.08	13.98	2
12.61	12.64	2
11.34	18.4	2
14.38	16.66	2
22.83	16.84	2
31.19	29.73	2
45.7	42.98	2
75.0	70.22	2
139.7	120.66	2
243.09	204.54	2
510.52	400.54	2
997.45	778.43	2
1919.81	1467.01	2
2901.2	2144.1	2
3817.7	2866.05	2
4760.33	3451.5	2
5630.01	4190.45	2
6602.65	4972.05	2
7576.46	5702.48	2
8581.7	6343.06	2
1.02	0.92	2
1.04	1.08	2
1.35	1.25	2
2.38	1.7	2
2.71	2.35	2
3.25	4.05	2
6.65	6.78	2
10.44	10.09	2
13.78	15.07	2
13.64	15.0	2
16.35	16.81	2
18.17	10.66	2
12.7	21.39	2
20.6	18.6	2
29.35	30.87	2
40.43	40.33	2
65.76	78.93	2
118.76	175.01	2
224.77	221.06	2
422.49	461.22	2
835.91	1484.34	2
1599.47	2869.4	2
2371.59	4214.96	2
3145.81	5634.6	2
3919.4	7116.62	2
4756.66	8674.3	2
5456.8	9882.08	2
6355.57	11515.89	2
7164.59	12933.12	2
0.94	0.98	2
1.07	1.07	2
1.38	1.32	2
2.43	1.73	2
2.64	2.62	2
4.12	4.06	2
6.94	6.35	2
8.59	11.04	2
14.0	12.65	2
8.08	14.97	2
12.2	9.97	2
11.32	12.52	2
15.47	19.79	2
21.92	20.15	2
27.52	25.22	2
43.17	39.95	2
73.78	70.38	2
137.05	130.42	2
261.84	223.19	2
506.0	402.01	2
984.98	731.45	2
1892.03	1385.32	2
2836.41	2242.23	2
3744.22	3193.6	2
4679.19	3445.83	2
5627.87	4426.89	2
6612.88	4803.04	2
6780.77	6365.41	2
8182.31	7141.0	2
1.1	0.85	2
1.04	0.98	2
1.29	1.18	2
1.72	1.63	2
3.17	2.7	2
3.87	3.84	2
6.36	7.08	2
8.15	9.52	2
12.94	15.47	2
11.53	10.74	2
12.64	8.98	2
13.45	14.04	2
13.53	16.02	2
18.53	26.36	2
30.3	37.46	2
42.43	47.28	2
63.36	64.71	2
113.3	175.59	2
217.47	219.83	2
414.47	648.82	2
798.4	1574.36	2
1575.54	3040.14	2
2268.31	4416.69	2
3031.03	6004.74	2
3787.65	7632.09	2
4556.62	10063.84	2
5253.19	10205.41	2
6047.31	12119.61	2
6709.44	13682.83	2
0.92	1.49	3
1.02	1.19	3
1.3	1.2	3
1.69	1.8	3
2.81	2.65	3
4.32	3.6	3
6.54	6.64	3
9.3	9.81	3
14.21	13.12	3
15.27	15.05	3
15.59	15.58	3
14.35	16.11	3
18.32	17.6	3
21.05	19.74	3
27.29	29.74	3
40.48	57.08	3
65.92	81.21	3
114.53	149.51	3
226.59	329.86	3
420.55	650.13	3
828.59	1413.67	3
1612.74	2724.83	3
2362.53	4225.32	3
3177.01	5655.75	3
3950.96	6877.4	3
4733.47	8631.44	3
5486.55	9907.22	3
6302.63	11454.09	3
7084.26	12835.98	3
0.95	0.94	3
1.02	1.0	3
1.28	1.28	3
1.71	1.72	3
2.58	2.5	3
4.09	4.35	3
6.43	5.3	3
7.8	7.9	3
15.41	13.39	3
14.46	14.25	3
12.67	14.37	3
12.97	14.01	3
12.05	19.8	3
22.63	20.39	3
29.36	28.65	3
44.09	46.95	3
79.47	68.71	3
138.3	114.81	3
262.18	200.85	3
511.76	390.02	3
990.5	756.15	3
1933.14	1436.58	3
2864.3	2125.82	3
3817.52	2806.04	3
4764.5	3486.39	3
5643.49	4158.36	3
6644.59	4860.96	3
7507.3	5608.6	3
8429.52	6263.11	3
0.89	0.98	3
0.98	1.09	3
1.23	1.22	3
1.66	1.81	3
2.5	2.51	3
3.89	3.89	3
6.42	5.42	3
11.27	10.52	3
10.38	13.14	3
12.04	9.98	3
12.94	15.01	3
14.55	12.69	3
12.8	13.38	3
20.11	22.75	3
24.16	31.36	3
40.19	36.64	3
66.92	94.91	3
114.93	175.39	3
215.66	274.88	3
405.84	754.51	3
815.06	1497.08	3
1556.59	2897.92	3
2314.34	4443.53	3
3045.67	5996.51	3
3771.8	7115.93	3
4489.25	9532.4	3
5301.65	10550.36	3
6001.9	12155.59	3
6678.19	13133.0	3
0.99	0.92	3
1.06	1.02	3
1.25	1.22	3
2.86	1.63	3
2.41	2.49	3
4.13	4.11	3
5.63	6.24	3
9.29	11.15	3
12.28	10.97	3
9.2	14.97	3
12.5	14.8	3
15.4	14.75	3
18.12	17.16	3
24.13	22.38	3
27.85	27.99	3
43.04	44.82	3
75.06	73.43	3
138.07	105.65	3
259.86	225.52	3
508.81	408.21	3
999.55	781.52	3
1907.2	1530.08	3
2806.76	2420.79	3
3801.76	2991.95	3
4639.73	4242.53	3
5603.12	4471.6	3
6557.69	5980.04	3
7447.59	6368.94	3
8356.49	7232.9	3
1.09	0.88	4
1.05	1.0	4
1.33	1.27	4
1.76	1.7	4
2.72	2.4	4
3.73	4.01	4
5.97	6.75	4
9.79	9.56	4
12.53	13.74	4
12.03	13.15	4
12.21	16.67	4
11.86	14.54	4
17.23	15.6	4
23.28	25.23	4
32.29	34.5	4
50.34	48.59	4
84.03	78.2	4
144.7	141.69	4
275.81	275.69	4
533.85	645.97	4
1040.16	1636.5	4
2014.27	3381.69	4
2971.94	4872.49	4
3964.78	6590.13	4
4980.8	8145.76	4
5965.92	9744.02	4
6947.72	11465.32	4
7866.68	13123.56	4
9238.02	14730.23	4
1.0	0.86	4
1.2	1.02	4
1.35	1.25	4
1.87	1.63	4
2.72	2.44	4
4.28	4.03	4
6.52	6.52	4
9.75	9.64	4
11.39	12.84	4
13.14	12.52	4
17.39	8.1	4
18.18	15.02	4
17.32	17.75	4
20.16	18.42	4
26.67	23.02	4
40.18	31.88	4
62.58	50.5	4
106.42	75.08	4
196.06	150.55	4
382.13	263.91	4
733.34	457.93	4
1422.47	880.92	4
2103.93	1321.4	4
2791.85	1704.25	4
3480.0	2204.41	4
4119.1	2711.43	4
4858.1	3034.76	4
4786.44	3300.6	4
5437.05	3860.41	4
0.89	0.86	4
0.98	0.97	4
1.21	1.34	4
1.73	1.67	4
2.47	2.49	4
4.07	4.08	4
7.19	5.16	4
10.73	10.63	4
10.47	9.82	4
14.5	13.46	4
12.57	15.74	4
17.1	19.09	4
19.62	20.96	4
20.66	28.64	4
30.45	32.96	4
44.87	64.51	4
81.54	114.21	4
141.98	175.31	4
270.29	428.11	4
522.02	801.78	4
1018.02	1743.62	4
1960.7	3418.97	4
2939.49	5142.38	4
3834.17	7181.17	4
4861.39	8672.43	4
5842.93	10461.36	4
6813.44	12230.06	4
7703.05	13513.09	4
8639.96	15054.94	4
0.94	0.89	4
0.97	1.02	4
1.23	1.31	4
1.97	1.67	4
2.57	2.3	4
4.1	4.17	4
6.91	6.48	4
9.05	11.21	4
12.45	14.25	4
14.72	13.95	4
13.19	13.09	4
16.67	12.76	4
16.31	18.7	4
18.99	17.92	4
25.24	25.62	4
38.14	31.11	4
60.1	46.74	4
105.42	91.73	4
188.71	147.2	4
378.53	309.34	4
733.7	590.95	4
1411.86	1165.05	4
2056.28	1492.45	4
2738.53	2279.86	4
3364.5	2126.53	4
4120.2	2976.47	4
4739.81	3414.11	4
5510.23	3909.4	4
5977.55	5003.02	4
1.06	0.95	5
1.2	1.24	5
1.68	1.75	5
2.37	2.55	5
4.22	4.25	5
6.91	6.14	5
12.16	10.26	5
19.77	22.61	5
21.62	20.43	5
21.8	12.76	5
19.65	23.49	5
29.57	20.46	5
27.53	18.93	5
44.68	39.08	5
47.88	48.75	5
71.71	66.05	5
129.57	124.65	5
226.03	185.26	5
425.45	298.39	5
825.46	580.68	5
1579.45	1037.81	5
2319.35	1574.49	5
3042.92	2069.09	5
3865.38	2577.69	5
4538.6	3186.09	5
5342.83	3895.2	5
6029.1	4240.35	5
6826.88	4825.74	5
1.05	0.98	5
1.77	1.22	5
1.74	1.66	5
2.55	3.08	5
4.27	4.34	5
7.3	7.48	5
11.65	13.32	5
14.75	18.31	5
22.36	24.13	5
26.16	16.2	5
20.47	18.1	5
23.18	29.73	5
28.35	30.31	5
41.73	47.07	5
62.35	65.44	5
99.1	122.61	5
168.61	270.76	5
319.66	530.12	5
620.3	1046.94	5
1201.82	2121.29	5
2352.1	4110.63	5
3489.0	6075.37	5
4588.39	8015.14	5
5754.38	10173.11	5
6912.4	12228.46	5
8008.5	14172.18	5
9122.0	16179.82	5
10251.6	18205.37	5
1.06	1.0	5
1.39	1.27	5
1.66	1.73	5
2.61	2.47	5
4.38	4.47	5
7.53	6.27	5
9.33	13.26	5
14.22	18.5	5
21.3	26.8	5
20.81	17.77	5
18.77	19.66	5
20.43	24.21	5
27.96	30.04	5
28.95	38.24	5
47.65	42.34	5
75.77	73.09	5
128.16	119.54	5
221.93	224.78	5
400.41	348.33	5
807.98	629.49	5
1541.21	1231.82	5
2294.36	2053.39	5
3022.36	2359.44	5
3827.99	2923.63	5
4446.05	3586.8	5
5230.31	4219.98	5
5991.75	4757.47	5
6602.91	6341.42	5
1.08	1.04	5
1.36	1.2	5
1.83	1.74	5
2.49	2.39	5
4.38	4.19	5
7.27	7.44	5
12.1	13.16	5
20.58	9.32	5
16.5	21.64	5
11.86	28.39	5
21.95	23.79	5
21.01	19.81	5
29.02	32.9	5
41.34	53.93	5
60.01	81.85	5
91.68	139.38	5
153.54	292.28	5
293.35	548.0	5
570.22	1139.11	5
1106.1	2227.61	5
2131.68	4299.34	5
3168.71	6261.3	5
4189.55	8797.58	5
5214.02	10660.63	5
6272.92	12350.7	5
7262.6	15380.77	5
8356.93	18570.52	5
9327.62	19782.75	5
1.16	1.1	6
1.36	1.32	6
1.74	1.86	6
2.57	2.61	6
3.26	4.36	6
7.7	5.77	6
13.13	12.29	6
18.41	13.96	6
20.68	21.24	6
17.34	20.03	6
30.96	23.61	6
24.32	21.08	6
34.28	25.23	6
40.69	44.62	6
64.05	59.41	6
91.88	93.74	6
160.87	141.71	6
296.32	239.81	6
561.42	460.24	6
1090.93	838.99	6
2091.95	1620.8	6
3080.83	2391.63	6
4012.19	3298.35	6
5114.56	4093.59	6
6140.31	4830.71	6
7114.46	5786.46	6
8076.21	6433.72	6
9213.76	7362.5	6
1.04	1.06	6
1.43	1.28	6
1.83	1.67	6
2.52	2.63	6
4.28	4.11	6
7.46	6.25	6
10.67	10.03	6
15.97	14.18	6
18.91	24.87	6
20.99	21.91	6
20.61	19.24	6
23.67	25.97	6
35.29	26.79	6
32.29	37.48	6
65.08	76.51	6
87.04	146.95	6
157.23	263.85	6
266.58	462.68	6
503.47	914.36	6
991.11	1852.94	6
1926.32	3622.91	6
2854.39	5365.73	6
3787.79	7192.72	6
4686.22	8916.1	6
5576.61	10527.34	6
6542.15	12453.47	6
7404.71	14173.49	6
8399.11	15769.01	6
1.08	1.11	6
1.3	1.27	6
1.75	1.69	6
2.67	2.69	6
5.05	4.27	6
6.21	7.54	6
11.08	9.3	6
17.97	16.95	6
10.14	22.31	6
20.27	23.8	6
18.79	21.49	6
28.02	19.71	6
28.29	30.7	6
38.32	39.76	6
58.47	55.98	6
85.47	94.78	6
157.4	151.38	6
291.69	298.69	6
553.3	500.51	6
1081.73	1074.37	6
2085.66	2031.03	6
3079.43	2574.04	6
4100.61	3508.01	6
5066.44	4724.89	6
6047.58	6072.56	6
7128.64	7061.89	6
8015.33	7536.02	6
9071.09	8513.73	6
1.76	1.09	6
1.34	1.36	6
1.81	1.8	6
2.79	2.66	6
4.0	4.18	6
7.93	7.82	6
12.23	10.54	6
22.2	18.68	6
25.04	17.31	6
22.85	17.7	6
20.93	21.16	6
18.46	17.38	6
27.64	32.23	6
29.77	46.02	6
44.73	65.69	6
84.86	132.39	6
127.41	253.18	6
243.04	520.92	6
451.79	1012.58	6
881.06	1963.87	6
1714.28	3852.33	6
2539.26	5905.96	6
3316.69	7801.92	6
4149.35	9465.82	6
4972.52	10533.53	6
5807.95	13599.31	6
6523.12	15525.24	6
7512.58	16836.27	6
1.1	1.12	7
1.42	1.3	7
1.76	2.42	7
2.6	2.51	7
4.61	4.66	7
6.48	6.48	7
13.06	13.16	7
18.87	14.85	7
23.96	16.16	7
20.96	26.91	7
16.21	23.97	7
23.83	26.81	7
28.22	25.59	7
31.96	31.94	7
51.81	57.89	7
73.78	97.37	7
141.81	238.44	7
265.64	456.06	7
503.08	916.37	7
1001.13	1842.48	7
1915.19	3625.12	7
3665.3	5347.58	7
4809.66	7156.72	7
4717.19	8914.35	7
5552.93	10590.95	7
6501.2	12521.17	7
7385.17	13861.71	7
8279.51	15920.6	7
1.11	1.06	7
1.54	1.33	7
1.81	1.87	7
2.78	2.59	7
4.23	4.38	7
7.17	7.49	7
11.71	10.96	7
6.45	10.76	7
21.33	24.48	7
25.8	22.27	7
28.4	28.06	7
22.55	26.43	7
33.28	28.12	7
34.58	39.3	7
53.64	54.26	7
88.67	98.66	7
160.79	147.52	7
289.81	236.32	7
551.63	470.93	7
1082.76	924.56	7
2107.57	1720.96	7
3104.91	2500.99	7
4090.31	3218.73	7
5070.44	3981.85	7
6104.93	4768.73	7
7133.03	5606.78	7
8148.06	6557.51	7
9148.78	7132.08	7
1.04	1.03	7
1.3	1.32	7
1.73	1.66	7
2.52	2.67	7
4.32	4.44	7
7.34	7.52	7
11.59	8.14	7
14.71	14.51	7
22.45	18.9	7
24.85	25.37	7
18.37	20.68	7
27.07	32.25	7
25.21	33.58	7
34.72	43.15	7
52.14	53.17	7
76.4	124.66	7
129.63	249.81	7
230.49	487.47	7
451.29	944.63	7
883.67	1999.09	7
1707.03	3784.38	7
2516.46	5478.51	7
3286.44	7538.44	7
4107.34	9422.16	7
4958.25	11612.21	7
5756.98	13309.26	7
6438.39	15621.05	7
7325.71	16251.94	7
1.06	1.06	7
1.34	1.38	7
1.82	1.74	7
2.65	2.56	7
4.37	4.5	7
7.41	7.38	7
13.5	12.25	7
17.75	22.82	7
19.21	18.79	7
14.91	24.44	7
19.71	21.31	7
27.83	25.42	7
31.42	39.95	7
47.16	40.09	7
54.33	55.38	7
92.64	90.39	7
155.67	168.25	7
288.11	265.97	7
561.74	601.56	7
1091.72	1112.59	7
1917.74	1947.75	7
3146.05	3124.59	7
4067.05	3566.06	7
5113.95	4720.16	7
6068.87	5583.07	7
7045.89	6661.08	7
8168.17	7568.99	7
9103.4	7835.16	7
1.09	0.93	8
1.32	1.15	8
1.77	1.77	8
2.79	2.49	8
4.45	3.59	8
7.25	6.74	8
13.35	7.62	8
17.5	16.36	8
13.73	13.72	8
10.98	22.95	8
25.89	24.91	8
26.52	28.61	8
33.94	32.44	8
36.05	46.4	8
64.06	75.88	8
103.68	136.9	8
172.34	260.46	8
318.5	520.89	8
618.03	1067.83	8
1202.58	2105.91	8
2334.33	4140.47	8
3446.67	6081.92	8
4595.78	8138.7	8
5745.61	10143.35	8
6871.51	12137.36	8
8006.13	14197.94	8
9069.37	16159.14	8
10169.99	18479.16	8
1.11	0.92	8
1.43	1.21	8
1.72	1.54	8
2.63	2.64	8
4.45	4.25	8
7.66	7.62	8
11.62	11.79	8
14.23	20.47	8
16.25	16.66	8
24.06	23.8	8
27.7	27.54	8
23.93	30.63	8
25.81	34.95	8
39.3	38.04	8
50.96	48.04	8
74.8	69.69	8
133.43	107.12	8
227.44	182.31	8
420.33	318.7	8
821.63	620.62	8
1561.78	1105.51	8
2329.52	1582.69	8
3087.9	2093.94	8
3830.23	2550.84	8
4522.9	3060.62	8
5240.91	3682.14	8
6082.41	4119.46	8
6801.33	4780.84	8
1.04	1.01	8
1.21	1.11	8
1.78	1.67	8
2.7	2.58	8
4.27	4.46	8
7.34	7.78	8
10.93	13.62	8
21.71	12.77	8
19.71	22.04	8
20.11	20.72	8
17.87	20.11	8
29.5	26.01	8
36.17	30.62	8
36.08	43.74	8
53.52	82.39	8
95.49	142.04	8
155.8	291.78	8
295.55	578.86	8
570.36	1108.67	8
1125.28	2221.7	8
2130.14	4481.88	8
3196.76	6498.52	8
4221.24	8587.86	8
5334.6	10975.13	8
6298.22	12770.88	8
7217.8	13855.91	8
8305.66	16987.19	8
9376.62	19499.47	8
1.11	0.99	8
1.29	1.35	8
1.78	1.7	8
2.8	2.62	8
4.41	4.05	8
7.83	7.5	8
11.58	8.76	8
21.36	16.96	8
18.2	8.48	8
21.59	17.11	8
17.69	22.59	8
20.95	27.5	8
30.55	34.16	8
28.46	38.87	8
47.4	51.78	8
73.91	76.5	8
123.02	117.97	8
217.04	208.86	8
421.34	432.46	8
796.09	750.34	8
1539.16	1200.48	8
2262.98	1785.33	8
2965.64	3053.69	8
3716.48	3809.79	8
4505.26	4536.99	8
5265.66	5349.66	8
5869.59	4703.07	8
6767.21	6806.35	8
1.44	1.27	9
1.63	1.46	9
1.77	1.57	9
2.05	1.63	9
2.41	2.15	9
2.63	2.51	9
3.43	3.1	9
4.7	4.59	9
6.29	6.4	9
9.51	9.42	9
15.32	16.08	9
26.33	26.03	9
46.46	47.4	9
86.06	86.94	9
162.5	166.37	9
314.14	327.46	9
631.47	633.55	9
918.8	940.0	9
1208.74	1224.49	9
1586.63	1589.46	9
1864.43	1867.07	9
2212.22	2215.04	9
2382.52	2415.46	9
2684.04	2733.84	9
1.45	1.06	9
1.55	1.28	9
1.94	1.82	9
2.25	2.25	9
2.73	2.98	9
4.01	3.5	9
4.98	4.52	9
6.46	6.81	9
11.73	11.66	9
20.88	20.74	9
39.01	38.41	9
73.93	74.43	9
147.57	144.9	9
292.72	292.13	9
580.45	583.51	9
1164.82	1166.81	9
2270.6	2277.77	9
3381.45	3381.73	9
4486.81	4479.62	9
5604.64	5605.44	9
6731.53	6715.4	9
7854.52	7852.74	9
8989.41	8973.27	9
10107.98	10106.41	9
1.43	1.31	9
1.5	1.5	9
1.65	1.61	9
2.03	2.14	9
2.41	2.0	9
2.96	2.76	9
3.98	3.74	9
4.6	4.43	9
6.11	5.99	9
9.13	9.69	9
14.18	14.26	9
23.53	23.53	9
39.09	39.32	9
77.66	77.7	9
150.46	146.82	9
291.29	295.16	9
532.36	521.09	9
784.32	787.54	9
1029.83	1044.58	9
1289.34	1297.98	9
1546.19	1553.79	9
1781.56	1829.06	9
2066.62	2050.11	9
2348.63	2320.95	9
1.53	1.2	9
1.49	1.57	9
1.82	1.66	9
2.48	2.51	9
3.35	3.74	9
3.69	3.45	9
5.44	4.74	9
7.27	6.9	9
11.74	11.31	9
20.26	20.33	9
38.29	38.03	9
73.78	74.28	9
143.16	142.96	9
281.09	283.28	9
563.4	562.87	9
1124.63	1123.12	9
2195.3	2205.93	9
3286.13	3280.04	9
4349.76	4330.6	9
5437.75	5425.78	9
6507.76	6493.41	9
7565.1	7575.3	9
8632.28	8623.73	9
9732.01	9690.31	9
1.35	1.2	10
1.58	1.53	10
1.7	1.72	10
3.09	2.07	10
2.39	2.32	10
3.41	3.65	10
4.18	3.92	10
6.68	6.01	10
10.45	10.2	10
17.55	17.02	10
33.62	32.77	10
60.69	62.16	10
120.57	120.07	10
233.82	233.3	10
469.46	462.66	10
929.19	923.7	10
1783.12	1784.44	10
2646.57	2658.99	10
3508.9	3521.74	10
4409.42	4407.32	10
5292.55	5219.74	10
6161.59	6110.22	10
7022.55	7004.81	10
7898.9	7878.04	10
1.44	1.35	10
1.61	1.55	10
1.88	2.06	10
2.48	2.45	10
3.07	3.13	10
4.32	3.97	10
5.3	4.97	10
7.8	7.62	10
12.21	11.89	10
20.68	21.41	10
39.29	39.81	10
76.44	76.46	10
148.32	151.19	10
294.39	294.34	10
586.83	586.63	10
1165.44	1162.23	10
2261.18	2261.18	10
3358.25	3358.13	10
4451.61	4470.55	10
5542.77	5553.86	10
6647.99	6638.51	10
7740.1	7747.59	10
8849.84	8847.09	10
9962.95	9970.09	10
1.53	1.3	10
1.75	1.39	10
1.71	1.76	10
2.2	2.05	10
2.57	2.34	10
3.29	3.09	10
4.57	4.25	10
6.77	6.15	10
9.82	11.66	10
17.17	17.73	10
31.35	30.91	10
58.68	59.1	10
110.08	111.07	10
215.26	217.47	10
439.99	430.43	10
850.36	874.74	10
1626.44	1625.51	10
2435.95	2434.7	10
3224.83	3243.65	10
4001.9	4053.72	10
4947.15	4805.52	10
5751.49	5630.79	10
6513.06	6493.1	10
7328.49	7169.13	10
1.39	1.4	10
1.77	1.61	10
2.05	1.84	10
2.55	2.67	10
3.34	3.43	10
4.1	4.15	10
5.29	5.61	10
7.95	7.98	10
12.07	12.77	10
21.86	21.51	10
40.21	40.86	10
77.49	77.33	10
152.01	152.45	10
299.54	301.42	10
595.09	595.39	10
1186.47	1183.8	10
2298.82	2292.47	10
3403.57	3405.11	10
4526.78	4526.99	10
5638.87	5648.31	10
6765.2	6749.3	10
7875.57	7875.06	10
8999.14	8995.11	10
10098.25	10082.31	10
1.3	1.31	11
1.54	1.52	11
1.84	1.76	11
2.27	2.44	11
2.79	3.12	11
3.56	4.08	11
5.13	5.2	11
6.95	7.25	11
11.89	11.87	11
20.31	20.43	11
38.6	39.05	11
74.8	74.57	11
144.41	144.31	11
285.97	287.2	11
566.87	566.43	11
1127.18	1126.42	11
2198.03	2211.85	11
3284.75	3285.16	11
4370.71	4372.68	11
5453.29	5446.96	11
6537.2	6522.88	11
7618.18	7609.69	11
8687.16	8690.27	11
9759.69	9766.67	11
1.33	1.43	11
1.43	1.51	11
1.75	1.61	11
1.94	1.93	11
2.29	2.39	11
3.04	2.72	11
3.9	3.93	11
6.17	5.84	11
9.83	9.78	11
17.19	17.17	11
32.12	31.97	11
60.49	60.91	11
119.58	117.92	11
229.95	231.98	11
456.49	454.95	11
909.71	913.31	11
1739.57	1768.59	11
2641.57	2637.56	11
3486.55	3501.54	11
4369.87	4378.68	11
5250.33	5245.97	11
6033.73	6120.04	11
6991.36	6905.42	11
7801.81	7833.5	11
1.31	1.33	11
1.62	1.46	11
1.99	1.72	11
2.56	2.42	11
2.93	3.46	11
4.12	4.21	11
5.19	5.74	11
7.53	7.54	11
12.23	12.72	11
21.2	20.94	11
38.8	39.27	11
74.46	74.99	11
146.81	145.84	11
287.57	288.19	11
572.13	572.31	11
1142.09	1142.42	11
2229.91	2239.47	11
3321.22	3333.78	11
4425.39	4412.93	11
5512.91	5511.86	11
6595.55	6609.04	11
7694.14	7696.45	11
8785.93	8776.81	11
9892.31	9862.61	11
1.4	1.49	11
1.53	1.53	11
1.89	1.69	11
2.06	2.23	11
2.63	2.54	11
3.33	3.47	11
4.12	4.16	11
6.36	5.54	11
11.06	9.35	11
16.41	17.4	11
30.9	31.27	11
57.31	56.11	11
110.42	108.92	11
211.63	216.21	11
430.84	427.04	11
833.97	844.63	11
1649.38	1654.73	11
2514.7	2455.38	11
3272.99	3354.97	11
4069.32	4075.14	11
4842.67	4967.63	11
5588.53	5676.04	11
6365.81	7180.42	11
7346.41	7229.35	11
1.29	1.31	12
1.45	1.38	12
1.68	1.7	12
2.12	2.06	12
2.91	2.98	12
3.35	2.96	12
4.9	4.53	12
6.97	7.52	12
11.95	11.84	12
21.09	20.44	12
39.06	38.53	12
75.23	77.08	12
151.3	149.51	12
295.53	298.68	12
591.97	595.83	12
1182.57	1181.36	12
2293.76	2287.41	12
3390.34	3385.94	12
4503.91	4492.82	12
5597.65	5605.24	12
6730.12	6728.76	12
7861.16	7863.51	12
8975.78	8968.32	12
10101.85	10119.77	12
1.25	0.99	12
1.4	1.36	12
1.59	1.33	12
1.69	1.63	12
2.03	2.19	12
2.55	2.6	12
3.39	3.36	12
4.53	4.4	12
6.19	6.93	12
9.22	9.59	12
15.91	15.42	12
25.83	26.28	12
46.02	47.35	12
84.77	89.03	12
163.88	168.06	12
321.04	318.1	12
614.3	620.75	12
918.93	935.88	12
1249.7	1268.07	12
1575.69	1562.54	12
1873.84	1876.16	12
2062.89	2170.58	12
2356.23	2531.62	12
2641.97	2716.47	12
1.15	1.21	12
1.36	1.33	12
1.72	1.82	12
2.77	2.33	12
2.96	3.1	12
3.69	3.67	12
4.83	5.24	12
6.51	7.11	12
11.64	11.63	12
20.4	20.85	12
38.48	38.17	12
74.99	75.74	12
146.83	144.56	12
289.94	290.47	12
577.74	577.71	12
1148.24	1146.5	12
2221.76	2227.18	12
3288.11	3290.73	12
4370.62	4364.62	12
5445.69	5441.44	12
6515.53	6508.91	12
7588.72	7584.37	12
8632.66	8620.51	12
9721.52	9682.6	12
1.25	1.32	12
1.5	1.39	12
1.71	1.62	12
1.9	1.55	12
2.22	2.13	12
2.83	2.82	12
3.68	3.87	12
4.49	4.75	12
6.13	6.43	12
8.78	8.9	12
14.17	14.99	12
22.83	23.2	12
39.82	40.95	12
72.43	74.41	12
141.93	140.31	12
266.45	274.89	12
531.35	531.92	12
797.42	795.62	12
1059.72	1070.75	12
1313.33	1328.49	12
1567.72	1575.51	12
1823.05	1813.77	12
2102.24	2126.57	12
2368.61	2362.09	12
1.42	1.06	13
1.3	1.22	13
1.57	1.34	13
2.0	1.87	13
2.77	2.63	13
3.16	4.1	13
3.94	4.63	13
5.13	4.96	13
6.08	6.36	13
7.37	8.28	13
12.33	10.98	13
18.05	17.64	13
30.86	30.33	13
55.28	55.07	13
103.2	103.57	13
198.13	203.8	13
388.56	392.44	13
762.2	760.1	13
1101.4	1128.49	13
1467.4	1478.89	13
1835.91	1847.66	13
2145.93	2224.4	13
2523.46	2589.34	13
2967.39	2920.13	13
3291.04	3303.22	13
1.01	0.97	13
1.18	1.16	13
1.47	1.49	13
1.88	2.44	13
2.7	2.47	13
3.34	3.92	13
3.91	4.1	13
4.6	5.4	13
6.34	7.3	13
8.86	9.87	13
15.43	14.96	13
25.82	25.49	13
46.31	45.84	13
86.72	84.41	13
161.9	162.57	13
317.69	319.61	13
625.93	622.26	13
1218.88	1219.22	13
1786.47	1815.12	13
2390.37	2388.96	13
2964.39	2951.8	13
3725.17	3864.52	13
4139.12	4146.03	13
4739.11	4741.14	13
5274.07	5289.5	13
1.11	0.97	13
1.27	1.24	13
1.54	1.61	13
2.07	2.06	13
3.04	2.54	13
3.31	3.57	13
3.99	4.22	13
3.58	4.98	13
5.81	6.11	13
7.55	7.95	13
10.12	11.5	13
17.75	17.6	13
27.04	28.2	13
48.54	49.21	13
89.21	91.33	13
174.95	174.81	13
338.7	341.67	13
658.11	663.07	13
963.3	982.9	13
1278.6	1292.13	13
1622.62	1619.82	13
1916.84	1946.58	13
2211.42	2259.25	13
2500.64	2583.63	13
2802.36	2907.35	13
1.12	0.92	13
1.36	1.26	13
1.5	1.42	13
1.85	1.79	13
2.5	3.0	13
3.99	3.41	13
3.91	3.76	13
4.28	4.96	13
6.11	6.12	13
8.68	9.54	13
14.66	14.44	13
23.35	24.23	13
42.31	42.39	13
78.48	79.14	13
151.02	150.0	13
299.12	296.21	13
578.75	587.21	13
1132.91	1129.51	13
1667.53	1662.01	13
2208.65	2208.42	13
2739.68	2703.2	13
3307.76	3307.89	13
3791.13	3894.93	13
4304.23	4430.75	13
4913.83	4931.88	13
1.09	1.08	14
1.13	1.17	14
1.51	1.45	14
1.86	1.92	14
2.61	2.41	14
3.5	3.56	14
4.42	3.66	14
4.56	5.46	14
6.32	6.9	14
9.67	9.93	14
15.08	14.86	14
25.76	25.32	14
45.95	46.02	14
83.8	83.68	14
161.44	162.25	14
314.88	318.17	14
624.76	621.51	14
1207.42	1204.05	14
1767.1	1775.87	14
2344.82	2344.17	14
2948.45	2954.2	14
3493.86	3499.66	14
4095.61	4119.38	14
4674.54	4673.89	14
5265.93	5230.23	14
1.22	1.12	14
1.3	1.17	14
1.55	1.3	14
1.85	1.93	14
2.85	2.52	14
4.11	3.95	14
4.35	4.64	14
4.56	5.46	14
6.08	6.28	14
7.69	9.31	14
11.08	11.77	14
17.91	17.68	14
30.33	30.07	14
54.22	55.05	14
101.22	100.5	14
193.76	194.47	14
384.25	382.74	14
736.68	745.04	14
1091.77	1095.38	14
1420.55	1443.19	14
1766.82	1796.3	14
2142.74	2157.81	14
2498.69	2534.69	14
2838.53	2863.85	14
3202.18	3237.73	14
1.12	1.1	14
1.18	1.12	14
1.39	1.46	14
1.94	1.87	14
2.84	3.11	14
3.06	3.88	14
3.36	4.79	14
4.79	4.96	14
6.73	6.48	14
9.65	9.83	14
13.31	14.75	14
24.81	23.14	14
42.76	43.08	14
79.09	78.31	14
151.66	153.22	14
293.46	294.89	14
583.69	580.49	14
1124.5	1136.32	14
1651.65	1665.27	14
2217.2	2198.53	14
2674.06	2705.15	14
3242.21	3261.24	14
3751.98	3838.21	14
4295.09	4403.0	14
4936.88	4899.83	14
1.17	1.05	14
1.13	1.11	14
1.62	1.43	14
2.12	1.98	14
3.32	2.92	14
3.15	3.57	14
4.73	4.31	14
3.96	4.74	14
6.21	5.86	14
6.93	7.33	14
10.67	10.88	14
15.78	17.09	14
28.71	29.32	14
49.1	49.91	14
92.51	92.34	14
180.64	180.58	14
351.54	351.38	14
666.3	684.75	14
989.17	1004.44	14
1303.55	1329.76	14
1609.57	1655.11	14
1911.44	1971.36	14
2220.22	2323.24	14
2530.25	2655.9	14
2820.84	2947.99	14
1.12	1.07	15
1.23	1.14	15
1.44	2.32	15
1.95	1.79	15
2.36	2.39	15
3.79	3.29	15
4.37	4.32	15
4.2	4.67	15
5.81	5.63	15
8.34	8.4	15
10.54	11.02	15
17.29	18.3	15
31.05	30.29	15
52.51	54.31	15
100.94	102.67	15
193.72	194.07	15
382.72	385.05	15
739.7	737.84	15
1079.2	1099.01	15
1450.51	1451.13	15
1787.92	1818.22	15
2110.17	2155.77	15
2482.17	2503.31	15
2768.86	2865.21	15
3209.77	3233.92	15
1.21	0.94	15
1.24	1.09	15
1.47	1.5	15
1.77	1.74	15
2.56	2.55	15
3.5	3.59	15
4.11	3.73	15
4.81	4.92	15
6.57	7.67	15
8.92	9.81	15
14.62	15.19	15
25.83	23.59	15
43.73	45.43	15
83.47	85.02	15
160.99	163.61	15
314.06	313.16	15
625.68	617.05	15
1205.08	1204.03	15
1782.0	1795.18	15
2348.53	2371.94	15
2960.78	2941.04	15
3577.58	3545.8	15
4082.69	4117.36	15
4622.89	4716.44	15
5328.35	5245.78	15
1.07	1.02	15
1.25	1.2	15
1.44	1.48	15
2.03	1.83	15
3.1	2.71	15
2.95	3.37	15
4.72	4.58	15
5.6	4.99	15
5.95	5.81	15
7.55	8.07	15
10.22	10.96	15
16.59	16.96	15
28.5	27.32	15
49.45	49.31	15
92.82	92.52	15
177.57	179.4	15
343.1	350.76	15
636.42	672.54	15
988.54	1004.1	15
1309.04	1322.25	15
1578.43	1651.1	15
1904.51	1994.08	15
2268.87	2293.64	15
2594.31	2621.22	15
2862.95	2973.01	15
1.05	0.97	15
1.21	1.2	15
1.3	1.4	15
2.0	1.9	15
2.51	2.79	15
4.2	3.47	15
4.27	3.81	15
5.52	4.72	15
6.49	6.12	15
8.57	9.95	15
14.25	14.13	15
24.08	23.13	15
42.32	42.42	15
79.25	79.64	15
148.91	151.51	15
293.63	298.74	15
582.51	579.27	15
1105.56	1121.76	15
1668.59	1659.74	15
2199.42	2213.82	15
2736.51	2722.77	15
3233.7	3299.06	15
3722.24	3816.87	15
4295.28	4333.12	15
4813.73	4934.77	15
1.09	0.94	16
1.2	1.1	16
1.3	1.4	16
1.7	1.97	16
2.87	2.82	16
3.9	3.51	16
2.93	3.63	16
4.69	5.49	16
7.19	7.41	16
9.27	10.05	16
15.3	15.07	16
24.79	25.81	16
44.37	45.51	16
85.21	85.32	16
162.17	159.93	16
317.24	319.91	16
624.87	625.75	16
1207.29	1201.26	16
1795.28	1803.53	16
2380.41	2387.65	16
2946.24	2930.67	16
3510.58	3541.64	16
4157.6	4129.36	16
4652.35	4716.9	16
5333.62	5340.6	16
1.21	1.17	16
1.22	1.15	16
1.59	1.58	16
1.89	1.79	16
2.46	2.64	16
2.75	4.1	16
3.68	3.68	16
4.86	4.72	16
6.79	6.81	16
8.98	8.73	16
11.58	11.1	16
17.85	17.32	16
30.4	30.56	16
55.59	54.56	16
103.03	103.65	16
196.64	200.1	16
382.47	390.38	16
746.64	762.09	16
1100.56	1125.98	16
1444.41	1480.97	16
1811.89	1867.5	16
2209.23	2227.03	16
2568.62	2582.8	16
2933.02	2912.95	16
3300.18	3304.98	16
1.48	1.12	16
1.16	1.31	16
1.56	1.49	16
1.93	1.96	16
2.82	2.81	16
3.8	3.9	16
3.49	4.31	16
4.49	5.24	16
5.94	6.73	16
9.16	8.87	16
13.81	14.9	16
23.28	23.85	16
42.85	42.32	16
78.81	77.35	16
152.88	153.24	16
291.16	298.42	16
589.66	576.29	16
1119.3	1123.38	16
1655.77	1677.26	16
2178.95	2221.63	16
2756.95	2721.78	16
3262.9	3292.58	16
3810.75	3824.36	16
4303.02	4420.7	16
4899.61	4986.31	16
1.02	1.09	16
1.19	1.17	16
1.72	1.48	16
2.09	2.16	16
2.67	2.62	16
3.2	2.97	16
3.5	3.7	16
4.39	4.95	16
5.8	6.29	16
7.52	7.72	16
10.37	10.93	16
16.3	17.28	16
28.09	27.18	16
49.56	49.12	16
90.35	91.41	16
173.57	175.74	16
339.21	336.54	16
651.3	661.86	16
952.48	990.57	16
1298.87	1306.02	16
1625.69	1620.02	16
1900.09	1948.26	16
2258.67	2271.93	16
2532.32	2586.58	16
2869.45	2923.23	16
0.95	0.88	17
1.17	1.34	17
1.55	1.46	17
2.08	1.91	17
2.7	2.53	17
2.72	3.08	17
3.02	3.27	17
3.41	3.43	17
4.1	4.28	17
4.68	4.4	17
5.7	5.63	17
8.31	7.53	17
12.15	11.96	17
21.17	19.01	17
38.37	33.09	17
69.0	56.43	17
132.05	104.18	17
258.45	217.88	17
503.62	423.61	17
1011.92	765.64	17
1925.42	1638.76	17
2946.09	2250.39	17
3811.86	2871.55	17
4800.78	4024.2	17
5658.41	4775.32	17
6666.12	4993.66	17
7453.07	5723.92	17
8619.24	6544.75	17
0.96	0.89	17
1.25	1.18	17
1.48	1.49	17
2.02	2.01	17
2.54	2.54	17
2.94	3.21	17
3.19	3.6	17
4.26	4.54	17
5.44	4.96	17
6.58	8.02	17
9.61	12.88	17
15.84	23.18	17
22.08	43.61	17
41.74	83.43	17
74.51	163.13	17
141.95	319.31	17
273.54	621.98	17
549.42	1247.95	17
1078.39	2456.85	17
2172.09	4910.64	17
4223.48	9708.95	17
6275.01	14339.37	17
8348.27	19130.0	17
10408.95	23808.29	17
12467.89	28144.53	17
14519.56	32794.55	17
16552.01	37870.65	17
18565.71	42438.55	17
1.06	0.97	17
1.12	1.16	17
1.66	1.68	17
2.2	1.91	17
3.07	2.41	17
2.98	3.03	17
2.6	2.95	17
3.66	3.69	17
3.95	4.08	17
4.69	5.16	17
6.33	5.69	17
7.61	8.58	17
12.49	16.48	17
18.71	25.52	17
33.3	37.17	17
57.81	61.42	17
104.5	107.2	17
200.63	201.11	17
389.78	388.22	17
765.02	738.83	17
1467.59	1428.09	17
2170.07	2145.01	17
2894.46	2882.59	17
3595.82	3469.43	17
4355.12	4414.92	17
5095.89	4989.99	17
5693.77	5694.21	17
6458.03	6514.25	17
1.01	0.9	17
1.14	1.38	17
1.62	1.34	17
2.16	1.96	17
2.62	2.76	17
3.14	3.06	17
2.82	3.8	17
4.29	4.45	17
5.11	5.36	17
7.59	8.32	17
9.57	13.74	17
16.25	24.89	17
24.21	46.0	17
42.68	84.79	17
74.44	161.77	17
143.68	315.41	17
282.01	631.87	17
562.66	1013.09	17
1113.07	2482.76	17
2238.83	4940.65	17
4354.9	9713.91	17
6486.74	14217.22	17
8645.69	18892.94	17
10757.16	23705.39	17
12798.55	28618.81	17
14896.13	33098.09	17
17059.32	37968.86	17
19179.84	42233.06	17
1.01	1.14	18
1.33	1.17	18
1.69	1.64	18
2.26	2.13	18
2.86	2.83	18
2.82	3.15	18
3.26	3.33	18
3.47	4.21	18
4.2	4.28	18
5.05	4.34	18
6.15	6.96	18
9.57	8.95	18
14.87	13.95	18
24.96	22.84	18
45.9	40.81	18
86.29	76.29	18
167.07	146.01	18
327.13	282.79	18
653.55	576.56	18
1272.89	1121.02	18
2502.91	2219.34	18
3696.68	3262.19	18
4891.33	4261.1	18
6266.26	6019.54	18
7419.31	6486.29	18
8653.84	7506.19	18
9736.93	8637.34	18
11023.25	9617.23	18
1.03	1.08	18
1.85	1.39	18
1.51	1.68	18
2.12	2.08	18
2.43	2.74	18
2.71	2.84	18
3.61	3.5	18
4.58	3.76	18
5.22	5.64	18
7.1	8.29	18
10.96	12.94	18
13.87	22.85	18
21.57	34.64	18
37.53	81.13	18
70.05	153.54	18
133.42	306.3	18
259.84	592.91	18
512.96	1181.83	18
1009.12	2344.2	18
2023.1	4721.69	18
3952.89	9306.42	18
5889.82	13609.9	18
7802.28	18271.91	18
9738.83	22738.55	18
11640.47	27331.35	18
13672.62	31609.19	18
15557.31	35895.21	18
17507.3	40620.57	18
1.0	0.97	18
1.21	1.22	18
1.57	1.75	18
2.09	2.23	18
2.68	2.92	18
3.19	2.82	18
3.4	3.64	18
3.75	3.86	18
4.49	4.36	18
5.36	5.48	18
6.92	7.14	18
9.23	11.35	18
13.09	18.02	18
22.63	26.91	18
41.08	44.91	18
73.92	80.64	18
140.62	151.21	18
294.23	306.25	18
556.57	579.39	18
1082.68	1157.22	18
2134.57	2278.75	18
3149.24	3372.48	18
4186.11	4374.5	18
5246.64	5298.95	18
6101.33	6491.93	18
7213.01	7650.27	18
8202.38	8484.88	18
9385.88	9802.06	18
1.09	1.06	18
1.25	1.3	18
1.69	1.61	18
2.16	2.37	18
2.75	2.71	18
2.96	3.04	18
3.7	3.53	18
4.41	3.98	18
5.4	5.9	18
7.61	8.37	18
10.22	13.29	18
14.35	23.17	18
22.87	35.63	18
41.5	81.51	18
71.75	126.71	18
139.55	307.58	18
270.55	596.85	18
537.26	1184.5	18
1059.61	2350.66	18
2109.18	4687.48	18
4140.3	9182.8	18
6157.83	13667.53	18
8138.86	14822.22	18
10198.18	22567.24	18
12221.89	22154.41	18
14206.77	31619.53	18
16243.35	36281.84	18
18304.55	40960.45	18
1.1	1.03	19
1.18	1.17	19
1.54	1.63	19
2.08	2.24	19
2.77	2.67	19
3.32	2.95	19
3.1	3.42	19
4.9	4.46	19
5.66	5.5	19
6.58	8.35	19
9.89	11.23	19
16.69	22.77	19
21.73	34.77	19
36.83	80.09	19
74.61	155.9	19
131.51	299.13	19
260.93	597.7	19
509.62	1179.17	19
1005.14	2375.11	19
2006.75	4712.63	19
3957.99	9214.72	19
5878.82	13703.64	19
7820.95	18144.72	19
9726.27	22752.28	19
11668.77	27489.54	19
13540.34	31608.09	19
15497.7	36120.96	19
17383.62	40803.02	19
1.1	1.1	19
1.51	1.23	19
1.54	1.6	19
2.29	2.19	19
2.83	2.59	19
3.27	3.12	19
2.88	3.51	19
3.42	3.56	19
3.68	3.85	19
4.23	4.24	19
6.01	6.17	19
8.56	8.84	19
14.31	13.41	19
24.96	22.89	19
46.51	40.33	19
89.15	78.2	19
164.59	147.45	19
333.47	280.94	19
647.2	592.62	19
1278.48	1127.57	19
2516.85	2193.56	19
3675.7	3321.5	19
4912.52	4451.43	19
6543.74	5440.47	19
7471.64	6545.65	19
8595.03	7912.35	19
9888.47	8690.17	19
11053.19	9768.69	19
1.07	1.15	19
1.32	1.28	19
1.55	1.6	19
2.35	2.16	19
2.63	2.55	19
3.08	3.25	19
3.45	3.28	19
3.59	4.06	19
5.53	5.33	19
6.5	8.47	19
8.8	13.19	19
14.69	23.4	19
21.3	43.95	19
40.53	80.93	19
72.42	158.01	19
139.36	304.41	19
270.71	597.16	19
529.55	1179.96	19
1052.47	2363.0	19
2110.18	4680.07	19
4130.83	9197.54	19
6165.29	13708.04	19
8191.04	18145.85	19
10161.51	22623.79	19
12053.7	27095.39	19
14196.22	31541.59	19
16175.94	36017.15	19
18223.91	40779.57	19
1.02	1.04	19
1.26	1.39	19
1.68	1.53	19
2.09	2.04	19
2.83	2.79	19
3.23	3.14	19
3.4	4.11	19
3.68	3.55	19
4.14	4.17	19
5.4	5.07	19
6.62	7.45	19
9.41	10.72	19
14.54	17.84	19
23.49	26.75	19
41.29	46.26	19
75.27	80.83	19
143.49	147.63	19
275.13	293.83	19
547.33	562.3	19
1082.85	1119.45	19
2097.58	2190.83	19
3264.71	3271.96	19
4203.93	4402.78	19
5150.99	5361.92	19
6229.94	6584.33	19
7227.2	7654.94	19
8177.79	8821.16	19
9439.11	9871.92	19
1.03	0.97	20
1.25	1.27	20
1.66	1.51	20
2.18	2.0	20
2.62	2.51	20
3.21	3.09	20
3.61	3.36	20
4.21	3.85	20
5.52	5.04	20
5.74	7.44	20
7.47	13.21	20
12.14	23.49	20
21.31	44.59	20
39.23	84.3	20
74.75	161.34	20
139.25	317.01	20
275.35	630.49	20
550.06	1242.07	20
1079.5	2464.35	20
2160.15	4951.0	20
4213.72	9679.82	20
6264.15	11793.56	20
8354.78	19147.02	20
10345.94	19218.88	20
12437.17	28738.72	20
14568.2	33523.34	20
16529.11	38080.31	20
18732.81	42500.36	20
1.03	1.04	20
1.31	1.21	20
1.69	1.56	20
2.31	2.15	20
2.84	2.62	20
3.15	2.92	20
3.05	3.03	20
3.45	3.36	20
4.04	3.65	20
4.4	4.62	20
5.71	5.82	20
7.77	7.72	20
12.11	11.59	20
21.71	20.07	20
38.68	32.95	20
70.25	58.15	20
132.07	105.85	20
262.82	195.38	20
502.74	371.98	20
1009.27	734.87	20
2006.53	1465.47	20
2893.73	2397.95	20
3832.29	2871.58	20
4811.55	4012.25	20
5704.26	4178.91	20
6817.2	4949.34	20
7639.87	5777.93	20
8661.15	6106.06	20
1.02	1.05	20
1.19	1.25	20
1.59	1.54	20
2.01	2.16	20
2.34	2.44	20
3.22	3.46	20
3.45	3.17	20
4.06	4.02	20
4.98	5.58	20
7.89	8.4	20
10.01	13.73	20
13.99	24.43	20
21.36	46.04	20
40.53	84.22	20
76.32	161.84	20
143.66	317.24	20
283.94	625.42	20
563.43	1244.3	20
1112.67	2465.58	20
2231.5	4862.09	20
4354.66	9607.21	20
6463.13	14378.57	20
8595.77	19207.06	20
10707.82	23870.82	20
12850.77	28329.05	20
14997.79	27205.57	20
17075.49	37748.13	20
19231.48	42094.98	20
0.96	0.93	20
1.18	1.23	20
1.48	1.45	20
2.12	2.08	20
2.88	2.57	20
3.21	3.33	20
3.49	3.06	20
3.44	3.48	20
4.31	4.01	20
4.41	4.7	20
5.95	6.66	20
9.42	9.05	20
13.01	16.53	20
19.34	24.07	20
33.44	37.33	20
56.79	60.81	20
107.72	106.86	20
201.38	203.79	20
395.07	389.01	20
766.13	773.93	20
1478.68	1462.57	20
2198.89	2151.54	20
2933.25	2886.08	20
3635.69	3495.37	20
4339.72	4372.89	20
5028.55	4980.44	20
5614.73	5683.38	20
6485.86	6330.26	20
0.99	1.11	21
1.06	1.01	21
1.68	1.08	21
1.08	1.16	21
0.96	1.22	21
1.11	1.16	21
1.28	1.33	21
1.42	1.65	21
1.89	1.87	21
2.15	2.15	21
2.8	3.46	21
3.88	3.95	21
6.31	6.13	21
10.92	10.63	21
19.96	19.4	21
37.9	35.82	21
74.31	70.53	21
140.94	131.52	21
275.86	253.05	21
532.51	494.75	21
781.88	728.39	21
1039.65	964.54	21
1278.73	1211.83	21
1585.71	1492.87	21
1812.88	1735.57	21
2120.28	1924.2	21
2254.3	2192.53	21
0.96	0.95	21
1.07	1.22	21
1.09	0.99	21
1.07	1.18	21
1.01	1.66	21
1.07	1.08	21
1.22	1.29	21
1.43	1.51	21
1.86	2.18	21
2.75	3.35	21
4.72	5.64	21
7.11	10.65	21
12.67	21.09	21
24.09	39.68	21
46.68	75.91	21
109.89	153.03	21
213.51	295.54	21
356.96	596.55	21
713.01	1176.97	21
1374.92	2344.57	21
2034.34	3384.42	21
2700.69	4763.03	21
3388.07	6059.51	21
4035.77	6719.65	21
4815.61	7833.85	21
5427.8	9224.57	21
6096.1	10226.72	21
0.96	0.94	21
1.07	0.81	21
1.08	1.07	21
1.25	0.96	21
1.19	1.06	21
1.48	1.31	21
1.52	1.17	21
1.48	1.58	21
1.95	2.0	21
2.18	2.29	21
3.12	3.03	21
4.11	4.29	21
6.39	7.09	21
10.59	12.28	21
18.41	21.64	21
35.15	41.86	21
64.35	72.01	21
123.38	141.04	21
244.6	299.12	21
457.8	553.22	21
707.08	878.96	21
917.23	1112.39	21
1115.83	1334.76	21
1336.43	1501.11	21
1566.41	2075.66	21
1797.48	2215.91	21
1956.89	2552.84	21
1.13	1.04	21
1.17	1.07	21
1.11	0.97	21
1.06	1.23	21
1.2	1.03	21
1.22	1.26	21
1.61	1.32	21
1.61	1.77	21
2.49	2.39	21
3.28	4.74	21
4.67	6.61	21
8.94	11.7	21
16.22	23.11	21
30.68	43.12	21
48.01	82.98	21
93.17	167.54	21
197.28	332.49	21
365.02	655.42	21
723.43	1302.85	21
1461.88	2561.33	21
2152.37	3805.71	21
2790.06	5011.1	21
3465.08	6376.98	21
4167.68	7539.62	21
4806.25	8676.16	21
5540.22	9940.22	21
6278.53	11312.82	21
0.95	1.16	22
1.04	0.97	22
1.11	1.1	22
1.13	1.0	22
1.21	1.23	22
1.86	1.28	22
1.26	1.25	22
1.5	1.8	22
1.78	1.87	22
2.58	2.49	22
3.77	3.68	22
5.96	5.59	22
10.4	10.36	22
18.91	18.41	22
36.52	35.01	22
70.48	68.59	22
138.04	135.38	22
272.84	264.9	22
529.56	523.72	22
1056.26	1028.15	22
1550.58	1526.24	22
2040.03	2004.67	22
2542.96	2498.73	22
3054.09	2946.34	22
3593.48	3495.7	22
4020.52	3967.33	22
4599.9	4530.86	22
1.06	1.12	22
1.08	1.15	22
1.08	1.1	22
1.14	1.12	22
1.2	1.19	22
1.26	1.2	22
1.51	1.39	22
1.67	1.79	22
2.21	2.53	22
2.88	3.38	22
3.97	5.15	22
7.3	9.7	22
13.11	17.17	22
24.32	33.49	22
48.02	66.19	22
93.32	128.05	22
213.18	255.39	22
361.97	489.76	22
841.14	1005.27	22
1656.61	1908.95	22
2084.2	2815.4	22
2873.9	3892.33	22
2851.27	4856.77	22
3450.2	5562.59	22
3947.57	6777.59	22
4471.65	7542.41	22
5503.36	8342.84	22
1.09	1.08	22
1.01	1.01	22
1.07	1.18	22
1.09	1.22	22
1.25	1.22	22
1.39	1.38	22
1.46	1.29	22
2.33	1.82	22
1.84	2.22	22
2.63	2.77	22
3.59	3.84	22
5.49	6.1	22
10.0	10.6	22
17.32	19.26	22
33.68	36.09	22
63.53	68.74	22
126.77	136.51	22
241.15	258.09	22
494.06	538.8	22
925.32	1062.11	22
1485.4	1537.68	22
1829.05	2037.17	22
2361.54	2558.89	22
2726.4	3053.46	22
3360.34	3480.73	22
3640.31	4188.65	22
4085.69	4756.45	22
0.99	1.12	22
1.18	1.11	22
1.09	1.12	22
1.11	1.12	22
1.17	1.15	22
1.19	1.31	22
1.51	1.56	22
1.75	1.83	22
2.37	2.38	22
2.85	4.1	22
4.61	5.44	22
6.73	10.04	22
16.16	18.42	22
21.77	35.56	22
41.71	67.77	22
99.67	134.03	22
159.6	263.36	22
379.61	516.07	22
624.54	1078.59	22
1214.69	2033.13	22
1811.52	2989.35	22
3429.8	3948.48	22
3001.35	5187.56	22
3886.47	5985.58	22
4240.27	7985.32	22
6260.23	7913.63	22
5819.61	8806.98	22
1.09	1.07	23
1.11	1.17	23
1.08	1.16	23
1.22	1.19	23
1.15	1.17	23
1.26	1.43	23
1.51	1.49	23
1.69	1.61	23
2.07	2.27	23
2.63	3.27	23
3.81	5.26	23
6.04	9.04	23
12.95	17.71	23
24.87	33.66	23
49.29	63.55	23
76.05	126.28	23
149.21	245.85	23
360.18	506.24	23
751.96	1042.72	23
1883.91	1907.54	23
1721.31	3037.75	23
2974.64	3916.29	23
2923.64	4811.48	23
3391.04	6140.4	23
3920.48	6947.25	23
4515.69	7379.98	23
5279.36	8697.5	23
1.0	0.88	23
1.05	0.97	23
1.04	0.86	23
1.04	1.0	23
1.12	1.13	23
1.28	1.28	23
1.36	1.29	23
1.51	1.39	23
2.0	1.79	23
2.65	2.7	23
3.6	3.52	23
5.77	5.35	23
10.15	10.38	23
20.05	19.21	23
38.06	36.3	23
71.01	70.57	23
140.56	135.72	23
268.91	264.12	23
536.03	527.42	23
1050.94	1002.38	23
1552.31	1514.07	23
2051.1	1983.84	23
2606.76	2466.21	23
3065.58	2920.63	23
3652.74	3458.09	23
4135.32	3826.79	23
4641.92	4453.24	23
1.08	1.05	23
1.12	0.98	23
1.05	1.04	23
1.05	1.26	23
1.28	1.19	23
1.17	1.32	23
1.42	1.41	23
1.88	1.9	23
2.24	2.3	23
3.37	3.52	23
4.14	5.91	23
8.96	10.12	23
14.26	18.36	23
21.43	34.54	23
59.61	69.19	23
98.2	134.18	23
159.04	271.18	23
381.55	523.82	23
630.79	1038.32	23
1258.86	1993.12	23
2242.25	3027.73	23
2469.73	3942.36	23
3101.37	5170.95	23
3604.51	6005.07	23
4198.15	6910.49	23
4785.4	7818.03	23
5409.77	8860.26	23
1.01	1.02	23
1.13	1.04	23
1.08	0.99	23
1.07	1.05	23
1.03	1.15	23
1.24	1.23	23
1.42	1.56	23
1.74	1.8	23
2.02	2.0	23
2.7	2.61	23
3.67	3.73	23
5.41	6.13	23
9.79	10.96	23
17.58	19.55	23
37.11	36.86	23
66.75	73.77	23
126.58	131.9	23
257.57	269.12	23
492.6	535.13	23
964.95	1065.29	23
1390.03	1528.67	23
1888.23	2061.29	23
2321.91	2609.15	23
2729.88	3126.89	23
3236.87	3513.56	23
3713.89	4090.25	23
4091.23	4533.07	23
0.93	0.95	24
0.93	0.95	24
0.95	0.95	24
0.97	1.06	24
0.99	1.61	24
1.06	1.13	24
1.2	1.34	24
1.43	1.6	24
2.14	2.22	24
3.08	3.55	24
5.33	5.87	24
8.08	10.51	24
14.97	20.11	24
28.5	39.39	24
46.58	76.31	24
91.85	150.36	24
178.48	301.29	24
447.73	586.18	24
746.58	1188.81	24
1376.25	2262.9	24
2043.03	3400.89	24
2718.42	4619.37	24
3395.88	5934.26	24
4069.57	6966.23	24
4730.03	7996.48	24
5397.01	9472.9	24
6101.71	9848.66	24
0.97	0.97	24
1.08	0.98	24
0.87	0.98	24
1.08	1.03	24
1.14	1.06	24
1.2	1.22	24
1.33	1.2	24
1.5	1.57	24
1.8	1.77	24
2.09	2.05	24
2.74	2.66	24
3.9	3.96	24
6.2	6.32	24
11.01	10.59	24
19.72	20.0	24
37.9	36.34	24
67.36	69.03	24
138.67	131.32	24
266.42	260.83	24
529.55	490.77	24
789.19	732.76	24
1049.84	995.26	24
1295.15	1264.25	24
1556.36	1434.82	24
1753.76	1749.64	24
2039.04	1933.78	24
2311.66	2215.7	24
0.91	0.75	24
1.08	0.81	24
0.99	0.87	24
1.12	0.83	24
1.04	0.88	24
1.1	1.15	24
1.27	1.73	24
1.73	1.77	24
2.13	2.2	24
3.33	3.57	24
4.34	6.18	24
7.47	11.5	24
12.89	22.0	24
30.61	43.06	24
47.7	84.86	24
117.03	170.37	24
182.94	331.87	24
381.54	649.27	24
717.87	1316.55	24
1428.43	2559.26	24
2068.95	3733.33	24
2898.9	5019.77	24
4344.15	6264.22	24
4172.65	7476.13	24
4846.6	8826.46	24
5532.04	10055.35	24
6224.52	11166.42	24
1.0	0.84	24
0.9	0.85	24
1.07	0.96	24
1.07	0.86	24
1.14	0.89	24
1.2	1.11	24
1.45	1.77	24
1.49	1.55	24
1.9	2.49	24
2.33	2.18	24
2.61	2.81	24
4.18	3.98	24
5.95	7.3	24
10.99	11.21	24
19.09	20.68	24
34.41	40.51	24
64.1	69.22	24
124.4	149.61	24
243.33	320.76	24
466.32	523.85	24
702.28	768.22	24
930.74	1054.04	24
1111.69	1225.38	24
1342.41	1816.68	24
1565.6	2070.84	24
1782.65	2184.16	24
1985.9	2581.72	24
1.75	1.67	25
2.34	2.2	25
2.61	2.84	25
2.82	2.99	25
3.79	3.69	25
2.99	2.95	25
3.72	3.49	25
4.0	3.48	25
4.89	5.02	25
6.32	5.41	25
8.94	7.2	25
14.78	11.23	25
25.8	19.61	25
47.81	34.13	25
89.66	62.14	25
171.85	118.89	25
340.12	224.47	25
670.84	449.57	25
1296.46	837.79	25
1721.51	1282.38	25
2565.45	1680.05	25
3157.2	2081.98	25
3432.94	2512.5	25
4495.23	3442.28	25
5062.8	3292.25	25
5731.75	4447.62	25
1.7	1.81	25
2.17	2.47	25
2.94	3.09	25
3.58	3.77	25
3.88	3.94	25
4.18	4.46	25
4.33	5.67	25
5.16	5.93	25
6.91	7.37	25
9.85	12.14	25
16.39	20.3	25
25.43	36.3	25
37.3	68.57	25
70.38	133.66	25
134.33	260.31	25
254.87	515.4	25
508.48	1014.39	25
994.15	2031.13	25
2609.95	3286.02	25
2853.61	5918.02	25
3808.34	7875.19	25
8113.49	8089.81	25
5705.03	11606.34	25
6620.05	13611.81	25
7566.88	15472.58	25
8591.37	14340.84	25
1.77	1.74	25
2.12	2.13	25
3.06	3.05	25
3.23	3.56	25
3.59	3.49	25
4.16	3.67	25
3.54	3.68	25
4.39	4.31	25
4.71	5.48	25
6.89	7.01	25
9.02	9.75	25
14.89	14.1	25
25.08	21.41	25
44.8	36.42	25
83.76	64.29	25
163.22	121.55	25
284.16	253.14	25
555.39	437.05	25
1083.55	852.62	25
1775.96	1304.03	25
2358.89	1994.67	25
2940.22	2093.79	25
3515.41	2523.92	25
4125.53	2909.52	25
4686.78	3841.09	25
5181.67	3771.47	25
1.84	1.85	25
2.14	2.35	25
3.01	3.37	25
3.69	3.69	25
3.85	3.89	25
4.2	4.17	25
4.93	4.41	25
5.72	6.1	25
9.08	7.23	25
11.14	11.38	25
14.38	21.42	25
21.36	36.81	25
36.59	70.3	25
90.52	134.31	25
132.33	261.71	25
254.48	516.85	25
508.75	844.36	25
985.01	1334.23	25
1945.22	3936.86	25
2896.97	5874.59	25
3775.68	7769.0	25
4751.62	9751.32	25
5663.56	11652.54	25
6631.63	13636.43	25
12752.2	15498.61	25
8538.58	17359.72	25
1.65	1.94	26
2.28	2.58	26
2.8	3.07	26
3.79	3.82	26
3.82	3.77	26
3.81	4.19	26
4.11	4.16	26
4.58	4.77	26
5.8	5.74	26
6.73	7.29	26
11.66	10.0	26
19.21	16.14	26
34.0	27.43	26
64.35	55.81	26
121.79	96.7	26
236.87	186.0	26
470.87	360.6	26
929.35	730.73	26
1780.27	1402.27	26
2692.44	2098.0	26
3555.98	2780.3	26
4497.93	3466.55	26
5302.03	4096.32	26
6192.85	4802.84	26
6998.26	5492.42	26
7916.96	6207.39	26
1.66	1.92	26
2.09	2.31	26
2.69	2.97	26
3.48	3.21	26
3.32	3.24	26
3.68	3.98	26
3.69	4.5	26
5.19	5.49	26
4.57	7.23	26
8.16	10.76	26
11.15	17.97	26
18.05	31.79	26
29.56	60.66	26
77.41	117.13	26
107.34	232.34	26
201.12	457.89	26
399.65	909.52	26
787.06	1466.67	26
1552.08	3517.11	26
2319.74	4264.78	26
4361.99	7000.51	26
3840.57	8692.86	26
4616.81	10396.71	26
5364.84	12114.5	26
6155.36	13836.54	26
6949.75	15588.1	26
1.51	1.83	26
2.36	2.26	26
3.0	2.93	26
3.81	3.89	26
3.84	3.94	26
4.1	4.02	26
4.56	4.54	26
5.14	4.91	26
5.71	6.39	26
8.02	8.22	26
11.36	12.08	26
18.88	18.33	26
33.21	30.05	26
62.49	51.95	26
117.02	97.93	26
225.2	187.06	26
435.34	392.53	26
886.76	723.32	26
1770.58	1491.27	26
2503.08	2235.81	26
3307.3	2793.59	26
4177.64	3448.46	26
4965.08	4105.85	26
5753.68	4830.73	26
6528.42	5509.74	26
7330.88	6161.71	26
1.76	2.4	26
2.33	2.29	26
2.78	2.55	26
3.84	3.05	26
3.43	3.3	26
4.19	4.23	26
4.76	4.33	26
4.64	5.95	26
6.34	7.45	26
7.37	11.71	26
11.0	19.61	26
21.39	34.33	26
32.14	51.23	26
56.63	119.72	26
105.47	232.67	26
204.55	458.04	26
400.45	908.83	26
787.07	1804.73	26
2219.42	3533.06	26
2340.82	5268.55	26
3120.74	6987.01	26
3925.82	8715.53	26
4646.78	10466.32	26
5450.7	12086.03	26
8709.33	13798.68	26
7093.28	15475.57	26
1.67	2.02	27
2.47	2.35	27
2.37	3.16	27
3.39	3.75	27
3.51	4.11	27
3.76	4.08	27
4.01	3.89	27
5.54	4.41	27
6.98	7.52	27
8.36	10.54	27
11.9	18.51	27
18.3	32.0	27
32.27	61.5	27
57.19	118.08	27
108.11	230.97	27
210.24	377.9	27
410.96	899.45	27
808.43	1473.6	27
1585.99	3527.83	27
2362.01	5253.48	27
3106.78	7002.51	27
5460.71	7114.55	27
6579.77	10390.94	27
9877.56	12133.92	27
6143.69	13828.92	27
9797.43	15611.85	27
1.78	1.79	27
2.18	2.96	27
3.08	2.93	27
3.66	3.74	27
3.98	4.41	27
3.93	4.29	27
4.2	4.29	27
4.81	4.91	27
5.61	5.77	27
7.27	7.03	27
11.88	10.39	27
18.46	15.93	27
33.66	27.68	27
64.45	51.7	27
121.89	105.13	27
234.83	185.66	27
461.98	366.52	27
920.3	720.68	27
1788.93	1401.63	27
2704.99	2107.84	27
3605.25	2760.4	27
4475.4	3470.64	27
5296.02	4136.46	27
6079.29	4810.82	27
7056.55	5420.72	27
7351.9	6179.41	27
1.76	1.86	27
2.28	2.43	27
2.98	2.66	27
3.21	3.12	27
3.57	3.85	27
4.05	4.0	27
4.38	5.11	27
5.27	5.62	27
6.51	7.78	27
7.66	11.69	27
10.39	19.26	27
21.73	33.72	27
31.99	61.77	27
60.66	119.27	27
110.36	232.17	27
213.96	459.62	27
581.13	746.1	27
825.52	1808.44	27
1608.8	3552.2	27
2373.77	5244.6	27
3208.33	6949.33	27
4004.98	8713.39	27
4766.91	8496.86	27
7763.32	12127.36	27
6281.28	13921.15	27
7114.1	15545.93	27
1.74	1.73	27
2.26	2.42	27
3.14	3.45	27
3.76	3.69	27
4.05	4.17	27
4.33	4.24	27
4.49	4.64	27
5.08	5.07	27
5.57	6.26	27
7.3	8.42	27
12.68	12.51	27
19.51	17.72	27
32.9	30.22	27
60.78	53.52	27
116.86	97.88	27
224.65	201.45	27
438.63	365.3	27
869.92	728.56	27
1685.61	1409.82	27
2564.23	2074.5	27
3286.75	2766.92	27
3878.38	3425.42	27
4645.97	4101.97	27
5472.96	4773.62	27
6485.68	5465.4	27
7489.13	6206.76	27
1.55	1.81	28
2.31	2.47	28
2.96	3.39	28
3.52	3.46	28
4.17	4.3	28
4.88	4.64	28
4.64	5.11	28
5.88	6.22	28
7.34	8.07	28
10.88	10.37	28
11.99	20.38	28
26.63	36.75	28
38.7	69.11	28
69.17	131.86	28
132.21	258.5	28
255.77	426.43	28
506.13	1021.66	28
999.4	2023.96	28
1926.53	3290.0	28
2875.01	5924.87	28
3841.76	7719.24	28
4760.67	9664.62	28
7643.34	9712.49	28
6594.3	13510.46	28
7539.65	12787.5	28
8524.37	17454.0	28
1.72	1.68	28
2.29	2.19	28
2.81	3.06	28
3.37	2.77	28
4.03	3.29	28
4.17	3.67	28
3.88	3.94	28
4.21	4.07	28
4.99	5.06	28
6.39	5.38	28
8.27	8.18	28
13.74	12.59	28
26.19	19.66	28
42.08	33.77	28
89.87	62.47	28
173.97	117.17	28
335.28	226.53	28
675.31	449.59	28
1276.89	838.94	28
1958.84	1273.43	28
2549.11	1691.42	28
3218.66	2133.23	28
3372.53	2540.76	28
4394.61	3385.16	28
5078.61	3951.72	28
5643.65	3746.26	28
1.78	1.8	28
3.08	2.25	28
2.86	3.06	28
3.69	3.76	28
3.99	4.24	28
4.03	4.47	28
5.29	5.17	28
6.04	6.24	28
6.98	8.51	28
9.88	12.79	28
16.27	21.64	28
22.42	32.05	28
38.43	69.65	28
70.24	133.46	28
133.65	259.88	28
338.08	511.08	28
500.02	1015.58	28
999.61	2025.65	28
1938.44	3929.65	28
2848.67	5855.01	28
3836.72	7837.95	28
4697.76	9773.93	28
5706.56	11682.99	28
6599.25	13685.8	28
7499.63	15469.31	28
8361.33	17339.47	28
1.63	1.78	28
2.33	2.39	28
3.02	2.64	28
3.35	3.28	28
3.42	3.37	28
3.65	3.92	28
3.7	3.7	28
3.63	4.7	28
5.17	5.81	28
6.87	7.24	28
8.71	9.67	28
15.61	14.64	28
25.16	21.55	28
45.77	35.58	28
83.79	71.59	28
162.43	148.31	28
290.71	224.01	28
620.07	442.9	28
1193.69	974.47	28
1775.47	1459.51	28
2364.75	1680.84	28
2960.0	2073.16	28
3539.75	2872.8	28
4077.84	2870.03	28
4246.9	3337.78	28
4838.66	4286.41	28
0.75	0.84	29
1.01	1.01	29
1.28	1.24	29
1.44	1.61	29
2.16	2.03	29
2.64	2.38	29
2.89	3.39	29
3.17	3.04	29
3.28	3.47	29
3.04	3.62	29
3.88	3.89	29
4.42	4.35	29
5.11	5.56	29
7.24	7.2	29
10.75	11.2	29
17.62	17.3	29
36.03	32.01	29
66.3	57.29	29
108.71	109.01	29
279.64	210.69	29
480.51	416.68	29
773.83	778.87	29
1371.68	1177.96	29
1552.12	1572.22	29
2279.39	1944.89	29
2756.55	2302.8	29
2652.72	2748.06	29
3066.57	3074.14	29
3511.32	3502.91	29
0.87	0.8	29
0.96	0.98	29
1.28	1.19	29
1.56	1.58	29
2.11	1.9	29
2.69	2.78	29
3.11	3.5	29
3.11	3.13	29
3.43	3.44	29
3.77	3.88	29
4.33	4.78	29
5.71	6.54	29
9.97	10.4	29
14.23	16.51	29
31.83	31.6	29
59.22	59.73	29
98.92	115.77	29
226.25	225.69	29
379.29	446.05	29
881.67	882.74	29
928.91	1750.07	29
2903.81	3411.46	29
4206.55	4985.8	29
5533.0	6551.72	29
8082.81	8153.91	29
9681.94	9665.57	29
11252.93	11207.93	29
10820.8	12754.24	29
14370.48	14324.7	29
0.88	0.8	29
0.97	0.94	29
1.13	1.16	29
1.53	1.44	29
2.13	2.12	29
2.63	2.61	29
3.02	2.93	29
3.14	3.02	29
3.56	3.55	29
3.83	3.56	29
3.91	4.2	29
5.05	4.8	29
6.12	6.41	29
9.26	8.31	29
12.41	12.66	29
19.48	19.07	29
33.37	37.05	29
73.0	65.91	29
109.51	108.92	29
207.43	215.18	29
407.82	415.21	29
916.17	793.85	29
1176.59	1161.89	29
1580.05	1548.99	29
1928.67	1938.68	29
2330.83	2280.28	29
2672.44	3163.99	29
3571.51	3589.54	29
3974.54	3458.06	29
0.87	0.9	29
1.0	0.99	29
1.34	1.14	29
1.83	1.7	29
2.36	2.28	29
2.71	2.57	29
2.65	2.95	29
3.45	3.25	29
3.31	3.26	29
3.87	4.69	29
4.84	5.07	29
7.29	6.9	29
10.74	10.5	29
18.46	18.41	29
32.11	32.68	29
59.2	59.61	29
114.68	115.13	29
189.18	223.13	29
298.8	440.89	29
862.95	861.11	29
922.92	1436.99	29
2795.16	3339.18	29
4894.75	4905.57	29
5460.92	5502.04	29
6779.01	9150.31	29
6721.23	9711.17	29
9512.09	9563.04	29
10831.43	12808.11	29
14321.0	14358.28	29
0.97	1.06	30
1.21	1.57	30
1.35	1.35	30
1.57	1.75	30
2.11	1.98	30
2.82	2.52	30
3.04	3.31	30
2.96	3.37	30
3.15	3.85	30
3.36	3.67	30
3.6	3.92	30
4.63	5.14	30
6.72	6.84	30
9.11	8.53	30
14.95	15.65	30
25.97	26.59	30
48.43	48.2	30
98.75	90.36	30
175.9	175.02	30
342.19	349.86	30
682.35	743.94	30
1580.59	1320.31	30
1955.04	2175.95	30
2620.15	2653.43	30
3884.09	3242.06	30
3947.58	4318.96	30
5067.18	4627.53	30
5275.45	5240.59	30
5921.94	5797.81	30
0.92	0.99	30
1.03	1.16	30
1.24	1.33	30
1.7	1.65	30
2.2	2.22	30
2.68	2.91	30
3.05	3.26	30
3.48	3.74	30
3.34	3.26	30
3.95	4.09	30
4.7	4.57	30
6.03	6.58	30
7.95	9.76	30
12.86	15.21	30
19.22	25.89	30
41.13	48.59	30
93.12	92.39	30
154.49	181.66	30
363.28	361.66	30
595.02	594.41	30
1431.18	1187.85	30
2766.99	2770.1	30
3429.6	4130.32	30
2761.48	5473.46	30
3469.09	6836.96	30
6842.74	8153.43	30
9499.33	9502.46	30
10853.59	10881.57	30
10179.16	12221.97	30
0.94	0.91	30
1.11	1.0	30
1.29	1.17	30
1.59	1.77	30
2.07	2.21	30
2.99	2.8	30
3.01	3.18	30
3.38	3.37	30
3.11	3.36	30
3.98	3.8	30
4.23	4.32	30
5.16	5.06	30
6.49	6.86	30
10.45	10.3	30
15.75	15.47	30
27.96	27.07	30
48.29	50.26	30
92.8	91.76	30
189.45	177.23	30
394.85	344.41	30
694.27	686.67	30
1447.12	1340.04	30
1972.18	1979.09	30
2627.74	2642.82	30
3498.89	3300.93	30
4183.18	3915.03	30
4534.14	4613.01	30
5177.01	5626.07	30
6276.97	5960.12	30
0.87	0.94	30
0.97	1.01	30
1.19	1.36	30
1.73	1.77	30
2.33	2.21	30
2.46	2.87	30
2.84	3.2	30
3.38	4.11	30
3.54	3.41	30
4.07	3.77	30
4.55	4.98	30
5.66	6.87	30
9.3	9.85	30
13.92	15.54	30
21.02	27.48	30
43.42	49.19	30
93.39	80.47	30
154.0	182.01	30
362.66	362.85	30
484.29	713.45	30
1417.72	1423.04	30
2323.96	2776.68	30
3451.71	4126.91	30
4581.0	5460.9	30
3567.12	6832.09	30
5561.02	8176.62	30
9502.59	9543.73	30
9040.63	10849.26	30
6359.09	10184.53	30
0.87	1.01	31
1.01	1.19	31
1.96	1.61	31
1.73	1.71	31
2.04	2.26	31
2.66	3.15	31
2.67	3.31	31
3.25	2.91	31
3.38	3.61	31
3.82	4.12	31
4.85	4.63	31
6.39	6.42	31
9.1	9.42	31
14.83	14.83	31
22.88	26.29	31
42.02	48.76	31
77.96	93.15	31
152.43	181.92	31
300.82	358.89	31
479.87	715.2	31
1188.81	1426.79	31
1851.61	2767.46	31
4113.66	4111.08	31
5459.11	5449.5	31
5695.65	6814.56	31
5449.45	8139.08	31
9482.28	9536.11	31
10844.85	10887.9	31
10197.6	12200.96	31
1.03	0.94	31
1.07	1.18	31
1.25	1.28	31
1.55	1.67	31
2.05	2.28	31
2.77	2.66	31
2.96	3.41	31
3.52	3.41	31
3.11	3.7	31
3.35	3.81	31
5.01	4.18	31
4.74	5.22	31
6.63	6.58	31
9.96	9.3	31
15.55	14.75	31
28.66	27.81	31
56.17	49.16	31
89.88	91.58	31
193.93	192.74	31
348.53	347.16	31
747.74	692.3	31
1559.39	1355.47	31
2352.56	1993.35	31
2862.05	2646.38	31
3914.48	3294.87	31
3941.47	3895.97	31
4972.79	4613.81	31
5733.25	5273.85	31
6409.3	5911.77	31
0.97	0.97	31
1.08	1.1	31
1.25	1.23	31
1.51	1.63	31
2.23	2.09	31
2.97	2.73	31
2.66	3.18	31
3.06	3.5	31
3.67	3.74	31
4.47	4.28	31
5.2	5.0	31
6.08	6.48	31
9.7	9.49	31
15.41	16.19	31
27.32	27.12	31
44.72	49.79	31
64.41	79.73	31
182.35	153.88	31
304.76	360.09	31
595.67	714.11	31
1191.88	1426.69	31
2773.19	2784.5	31
4118.22	4116.55	31
4578.82	5474.47	31
5672.98	6824.38	31
4244.31	8143.88	31
6457.95	9533.17	31
10887.17	10895.9	31
10148.05	12220.5	31
0.93	0.96	31
1.17	1.14	31
1.8	1.34	31
1.71	1.67	31
2.32	2.29	31
2.72	2.96	31
3.57	3.58	31
3.03	2.81	31
3.27	3.88	31
3.61	3.91	31
4.75	4.5	31
4.96	5.26	31
6.72	7.0	31
10.6	10.73	31
16.71	16.43	31
31.17	27.81	31
54.75	49.26	31
99.88	92.03	31
202.34	177.99	31
419.36	351.04	31
735.26	686.73	31
1534.51	1336.11	31
2270.44	1990.64	31
2832.83	2609.04	31
3798.89	3288.19	31
4240.73	4222.6	31
5335.2	4631.73	31
5897.24	5217.6	31
6229.79	5873.23	31
0.91	1.13	32
1.05	1.01	32
1.66	1.28	32
1.57	1.87	32
2.17	2.18	32
2.63	2.33	32
2.9	3.11	32
3.38	3.19	32
3.47	3.09	32
4.16	3.96	32
4.67	5.02	32
6.91	6.0	32
9.52	10.54	32
17.54	17.82	32
28.22	31.8	32
52.94	50.79	32
117.3	117.47	32
193.08	193.73	32
384.36	448.37	32
473.33	853.87	32
1178.5	1679.11	32
2268.69	3236.5	32
4809.23	4805.87	32
5381.86	6367.1	32
7909.6	7938.74	32
5263.48	9548.17	32
9410.77	11101.85	32
12629.14	12606.44	32
12039.18	14268.78	32
0.85	0.86	32
0.97	1.06	32
1.25	1.25	32
1.56	1.87	32
2.1	2.22	32
2.64	2.83	32
3.18	2.98	32
3.04	3.07	32
3.35	2.79	32
3.75	3.83	32
4.01	3.68	32
4.26	4.2	32
5.45	5.63	32
7.88	7.43	32
10.69	10.88	32
20.04	17.81	32
36.13	35.97	32
65.7	56.81	32
108.54	109.41	32
208.83	206.06	32
406.26	408.08	32
944.49	783.02	32
1388.01	1159.91	32
1818.42	1537.61	32
1953.13	1928.17	32
2280.12	2371.59	32
2731.98	2735.1	32
3021.39	3092.15	32
3433.89	3494.07	32
0.93	0.89	32
1.04	1.08	32
1.09	1.21	32
1.53	1.72	32
2.18	2.2	32
2.74	2.8	32
3.09	2.89	32
2.7	3.47	32
3.58	3.58	32
3.5	4.26	32
4.7	5.11	32
6.72	6.71	32
9.71	10.15	32
12.22	17.65	32
25.75	30.92	32
57.25	56.43	32
93.54	109.14	32
182.34	211.2	32
353.65	416.38	32
584.05	829.69	32
1649.93	1651.88	32
2725.95	3213.92	32
3321.3	4802.98	32
5373.19	6315.56	32
6752.9	7898.43	32
8061.59	9450.41	32
7704.88	11042.19	32
12585.89	12642.56	32
11928.53	14176.7	32
0.98	0.97	32
1.08	1.1	32
1.72	1.49	32
2.03	2.64	32
2.09	2.42	32
2.92	3.98	32
2.73	3.47	32
3.21	3.17	32
3.56	3.13	32
3.57	3.82	32
4.32	3.94	32
5.04	4.78	32
6.16	6.58	32
9.1	9.26	32
12.44	12.51	32
20.11	19.2	32
32.94	32.83	32
59.31	58.89	32
125.54	111.0	32
211.16	241.87	32
413.46	473.28	32
793.41	805.54	32
1160.97	1183.5	32
1558.79	1575.59	32
2259.88	1949.37	32
2669.93	2657.09	32
2705.72	3140.26	32
4026.7	3077.74	32
3462.42	3464.36	32
1.14	1.22	33
1.4	1.29	33
1.24	1.47	33
1.31	1.39	33
1.66	1.59	33
1.48	1.57	33
1.61	1.71	33
1.49	1.65	33
1.95	2.13	33
2.77	2.41	33
3.53	3.38	33
4.99	5.1	33
7.86	8.16	33
13.65	14.14	33
25.32	25.42	33
52.21	48.04	33
89.95	91.04	33
173.77	177.47	33
347.09	350.73	33
662.24	682.18	33
1091.41	1018.06	33
1305.66	1323.0	33
1639.47	1649.81	33
1964.65	1960.09	33
2251.45	2325.14	33
2846.87	2620.34	33
2948.52	2933.59	33
0.99	1.05	33
1.25	1.27	33
1.13	1.52	33
1.57	1.48	33
1.41	1.54	33
1.53	1.71	33
1.6	1.75	33
2.14	2.25	33
2.68	3.02	33
4.28	4.39	33
6.27	6.96	33
12.57	12.64	33
18.82	23.9	33
45.87	46.44	33
79.77	89.92	33
177.48	176.92	33
348.34	348.25	33
692.01	695.38	33
1395.92	1384.65	33
2686.18	2688.76	33
4026.21	4037.01	33
5348.89	5320.99	33
6623.15	6652.15	33
7959.45	7946.23	33
9230.99	9211.6	33
10600.58	10629.44	33
11840.92	11965.45	33
1.12	1.22	33
1.35	1.45	33
1.27	1.25	33
1.33	1.33	33
1.48	1.64	33
1.77	1.58	33
1.66	1.63	33
2.06	1.83	33
2.33	2.22	33
2.82	2.98	33
4.09	4.23	33
6.06	6.1	33
9.26	9.43	33
15.31	15.28	33
26.79	27.2	33
48.86	49.26	33
92.8	93.04	33
175.91	179.54	33
349.15	353.96	33
663.69	672.18	33
1003.95	1006.29	33
1311.92	1308.81	33
1658.42	1673.87	33
1955.08	1970.75	33
2289.72	2342.25	33
2639.45	2629.62	33
2929.75	2975.25	33
1.03	1.09	33
1.2	1.23	33
1.53	1.42	33
1.48	1.48	33
1.48	1.49	33
1.42	1.7	33
1.93	2.03	33
2.18	2.38	33
2.89	3.15	33
4.66	4.93	33
7.58	7.79	33
13.74	13.55	33
25.07	24.71	33
47.05	47.32	33
91.56	90.17	33
177.04	176.53	33
350.21	352.36	33
697.83	694.85	33
1388.4	1389.18	33
2401.16	2706.03	33
3998.57	4023.04	33
5315.75	5352.52	33
6613.01	6665.22	33
7878.09	7925.64	33
9325.44	9242.81	33
9434.06	10564.62	33
10566.39	11964.23	33
1.1	1.25	34
1.34	1.34	34
1.44	1.51	34
1.39	1.55	34
1.46	1.65	34
1.61	1.74	34
1.91	1.82	34
1.84	1.96	34
2.41	2.67	34
3.04	3.21	34
4.82	4.26	34
7.7	7.13	34
12.36	12.27	34
23.66	22.79	34
42.71	43.65	34
83.49	82.8	34
158.34	160.28	34
313.64	312.29	34
622.49	616.23	34
1256.27	1186.32	34
1787.91	1808.75	34
2391.76	2385.64	34
3285.95	2947.54	34
3528.37	3583.15	34
4548.22	4148.0	34
4668.99	4739.12	34
5321.25	5296.53	34
1.21	1.39	34
1.32	1.43	34
1.96	1.49	34
1.55	1.51	34
1.55	2.22	34
1.75	1.68	34
1.67	2.03	34
2.17	2.46	34
2.86	2.87	34
3.5	3.91	34
6.46	6.33	34
10.99	11.0	34
20.24	20.07	34
37.36	37.33	34
72.89	72.79	34
144.27	144.31	34
286.08	288.06	34
569.97	569.63	34
1138.43	1141.24	34
2228.55	2212.75	34
3290.79	3296.7	34
4380.34	4377.37	34
5458.31	5468.45	34
6524.94	6534.81	34
7630.05	7622.79	34
8702.87	8726.46	34
9776.13	9791.58	34
1.1	1.29	34
1.38	1.48	34
1.41	1.65	34
1.39	1.51	34
1.59	1.79	34
1.76	1.58	34
1.83	2.09	34
2.06	2.29	34
2.46	2.52	34
3.49	3.52	34
5.09	5.23	34
7.79	8.26	34
13.49	13.31	34
23.47	23.5	34
44.76	43.77	34
82.04	82.86	34
163.46	160.99	34
310.33	313.79	34
622.19	621.57	34
1266.71	1195.64	34
1805.79	1786.04	34
2466.41	2397.73	34
2994.55	3017.37	34
3549.9	3599.91	34
4371.49	4160.42	34
4745.02	4738.39	34
5354.45	5352.14	34
1.26	1.26	34
1.32	1.6	34
1.36	1.5	34
1.22	1.67	34
1.4	1.71	34
1.41	1.75	34
2.04	1.89	34
2.26	2.45	34
2.91	3.14	34
4.22	4.3	34
6.15	6.77	34
11.68	12.04	34
20.91	20.83	34
39.21	38.93	34
74.97	74.95	34
145.27	144.72	34
285.96	290.0	34
573.97	570.97	34
1137.82	1136.72	34
2217.72	2212.51	34
3297.51	3296.37	34
4380.06	4384.77	34
5460.18	5457.24	34
5842.67	6545.81	34
7614.19	7634.7	34
8702.0	8698.93	34
9766.86	9788.7	34
1.25	1.26	35
1.29	1.39	35
1.28	1.41	35
1.47	1.47	35
1.53	1.45	35
1.53	1.78	35
1.68	1.8	35
2.08	2.14	35
2.82	2.92	35
3.94	4.23	35
6.22	6.38	35
11.61	10.81	35
20.12	20.13	35
37.42	38.51	35
73.61	74.11	35
144.59	143.54	35
284.46	285.21	35
568.42	571.34	35
1133.56	1135.73	35
1964.17	2218.76	35
3289.13	3297.17	35
4369.15	4373.35	35
4860.01	5476.69	35
6534.53	6544.99	35
7627.66	7619.94	35
8702.81	8684.76	35
9771.53	9778.88	35
1.22	1.18	35
1.39	1.39	35
1.3	1.51	35
1.42	1.45	35
1.64	1.51	35
1.58	1.72	35
1.88	1.82	35
2.03	2.32	35
2.58	2.36	35
3.27	3.27	35
4.84	4.46	35
7.0	7.11	35
12.17	12.5	35
22.12	22.56	35
43.37	43.08	35
82.2	81.76	35
157.34	159.33	35
311.17	315.75	35
619.27	621.35	35
1196.71	1208.14	35
1795.06	1787.65	35
2370.53	2360.87	35
2979.37	2995.68	35
3504.51	3530.54	35
4085.5	4153.0	35
4662.53	5026.77	35
5504.85	5286.81	35
1.25	1.27	35
1.39	1.51	35
1.39	1.41	35
1.47	1.68	35
1.41	1.5	35
1.53	1.79	35
1.78	1.94	35
2.26	2.4	35
2.75	3.08	35
4.42	4.15	35
6.92	7.16	35
11.9	12.06	35
18.73	21.22	35
38.15	38.54	35
75.0	74.0	35
130.23	145.3	35
285.11	286.34	35
566.68	571.39	35
1136.75	1137.78	35
2212.77	2215.01	35
3297.82	3301.03	35
3911.53	4385.77	35
5470.5	5480.42	35
5846.28	6549.51	35
7612.85	7616.02	35
8701.7	8702.56	35
9780.75	9780.49	35
1.04	1.26	35
1.21	1.39	35
1.45	1.62	35
1.44	1.45	35
1.46	1.82	35
1.58	1.68	35
1.85	1.87	35
2.02	2.16	35
2.6	2.76	35
3.46	3.58	35
4.95	4.95	35
8.07	8.39	35
13.12	13.37	35
23.35	23.97	35
45.1	46.46	35
82.64	83.47	35
162.67	161.76	35
315.63	316.38	35
624.37	627.1	35
1215.86	1224.49	35
1788.4	1798.5	35
2394.41	2368.55	35
2990.73	2973.03	35
3678.43	3597.19	35
4099.46	4141.68	35
4699.59	4704.26	35
5347.83	5365.72	35
1.06	1.22	36
1.28	1.24	36
1.34	1.29	36
1.35	1.39	36
1.44	1.41	36
1.54	1.56	36
1.6	1.63	36
2.21	1.99	36
2.69	2.71	36
4.12	4.15	36
6.29	7.32	36
12.93	12.6	36
21.13	24.09	36
46.02	46.54	36
90.13	91.92	36
176.14	179.05	36
348.28	348.57	36
693.72	697.01	36
1386.25	1387.5	36
2675.24	2706.73	36
4008.82	4049.8	36
5325.29	5341.81	36
6627.83	6684.17	36
7004.72	7971.41	36
9277.01	9306.96	36
10544.51	10633.28	36
11891.0	11943.74	36
1.17	1.14	36
1.2	1.3	36
1.39	1.43	36
1.25	1.45	36
1.36	1.46	36
1.48	1.54	36
1.53	1.84	36
2.0	1.88	36
2.03	2.21	36
2.46	2.49	36
3.31	3.5	36
5.14	5.14	36
7.88	7.91	36
13.8	13.6	36
25.52	26.01	36
52.0	48.16	36
90.52	92.48	36
175.77	178.67	36
344.95	349.21	36
670.84	682.36	36
989.38	998.86	36
1478.47	1334.94	36
1668.89	1650.67	36
1968.18	1972.97	36
2503.22	2309.67	36
2613.19	2622.7	36
3263.47	2944.14	36
1.11	1.18	36
1.28	1.31	36
1.31	1.36	36
1.33	1.57	36
1.59	1.64	36
1.66	1.59	36
1.82	2.31	36
2.2	2.31	36
2.78	2.93	36
4.43	4.55	36
7.47	7.88	36
13.61	14.04	36
25.28	25.28	36
46.54	46.66	36
90.27	90.61	36
178.21	180.18	36
350.86	350.35	36
698.09	697.31	36
1378.09	1396.2	36
2393.11	2696.94	36
4013.91	3999.98	36
5349.44	5346.22	36
6642.38	6632.71	36
7073.95	8007.15	36
9295.84	9246.23	36
10599.33	10599.88	36
11851.46	11923.11	36
1.04	1.29	36
1.16	1.21	36
1.34	1.55	36
1.36	1.37	36
1.28	1.4	36
1.48	1.59	36
1.68	1.81	36
1.86	2.04	36
2.51	2.39	36
3.05	2.92	36
3.95	4.44	36
6.17	6.32	36
9.35	9.24	36
15.56	15.33	36
26.75	26.87	36
49.11	49.17	36
92.01	92.37	36
176.48	178.25	36
394.19	350.54	36
672.56	677.06	36
1003.98	994.77	36
1316.11	1333.5	36
1645.48	1643.18	36
1954.74	1995.01	36
2266.99	2283.27	36
2619.57	2583.75	36
2917.07	2935.15	36
0.93	0.94	37
1.01	1.01	37
1.19	1.23	37
1.67	1.81	37
2.48	2.57	37
3.57	4.44	37
7.76	7.51	37
11.52	11.39	37
25.45	22.1	37
28.64	28.55	37
23.43	21.51	37
24.83	14.65	37
24.25	31.42	37
31.8	40.54	37
35.55	40.29	37
56.2	54.7	37
80.7	80.61	37
127.2	126.36	37
232.65	186.38	37
429.49	322.38	37
824.1	600.71	37
1594.58	1158.84	37
2369.55	1645.88	37
3104.76	2194.06	37
3849.51	2672.89	37
4586.07	3212.7	37
5442.2	3745.8	37
6154.11	4277.63	37
7006.83	4844.23	37
0.87	0.85	37
0.98	1.02	37
1.16	1.22	37
1.58	1.7	37
2.57	2.55	37
3.84	4.14	37
6.88	7.04	37
13.53	12.29	37
13.7	12.99	37
21.11	20.6	37
25.53	25.04	37
28.38	19.38	37
31.63	29.75	37
44.62	36.95	37
44.56	39.43	37
63.0	59.1	37
91.62	117.77	37
172.79	228.62	37
316.83	470.02	37
614.5	1007.92	37
1177.92	2067.87	37
2292.3	4081.34	37
3398.92	6045.82	37
4544.71	8032.95	37
5659.28	9999.96	37
6756.68	12069.2	37
7984.33	13991.68	37
9014.55	15991.36	37
10137.91	17874.82	37
0.86	0.93	37
1.07	1.1	37
1.24	1.27	37
1.66	1.81	37
2.65	2.7	37
4.23	4.24	37
7.04	7.78	37
12.73	8.79	37
19.48	14.94	37
17.95	22.36	37
25.11	21.53	37
28.72	25.99	37
19.09	34.27	37
30.08	30.74	37
37.64	38.21	37
54.54	53.84	37
76.32	78.92	37
120.48	141.86	37
222.92	239.08	37
416.77	432.64	37
797.01	849.48	37
1527.17	1592.77	37
2211.73	2361.39	37
2977.75	3119.14	37
3663.34	3884.06	37
4453.61	4664.31	37
5161.61	5372.5	37
5830.4	6120.13	37
6611.25	6918.79	37
0.9	0.81	37
1.05	0.99	37
1.25	1.16	37
1.65	1.6	37
2.48	2.56	37
4.42	4.3	37
6.63	7.55	37
12.41	13.21	37
20.28	16.58	37
17.82	32.39	37
25.36	22.33	37
21.0	16.01	37
23.53	34.8	37
27.02	30.26	37
38.86	53.91	37
65.9	64.12	37
94.9	141.97	37
161.84	248.35	37
288.28	511.2	37
578.99	1093.44	37
1083.96	2248.13	37
2100.33	4312.34	37
3141.54	6540.31	37
4216.01	8704.38	37
5246.76	11052.56	37
6201.03	13014.36	37
7275.01	15242.64	37
8344.03	17404.94	37
9425.23	19481.8	37
1.01	0.96	38
0.95	0.99	38
1.35	1.2	38
1.72	1.77	38
2.67	2.72	38
4.23	4.38	38
7.34	4.96	38
13.68	13.59	38
24.2	20.77	38
25.85	15.84	38
20.46	24.71	38
32.31	29.52	38
34.61	27.5	38
36.87	32.71	38
39.44	32.45	38
53.6	61.75	38
96.21	96.94	38
163.93	161.13	38
303.77	269.0	38
555.7	456.52	38
1079.85	901.5	38
2087.73	1683.09	38
3108.4	2492.3	38
4087.76	3381.82	38
5130.45	3982.39	38
6043.6	4612.19	38
7173.86	5376.34	38
8085.34	6351.08	38
9121.45	6983.36	38
1.05	0.97	38
1.09	1.02	38
1.28	1.3	38
1.67	1.72	38
2.99	2.79	38
4.59	4.45	38
7.85	6.95	38
13.97	14.85	38
25.85	21.67	38
22.44	26.78	38
25.1	26.11	38
16.22	25.13	38
23.48	35.19	38
33.74	28.69	38
37.64	54.2	38
60.66	59.31	38
95.35	107.56	38
141.74	158.41	38
266.36	447.88	38
497.72	895.16	38
997.78	1861.27	38
1870.61	3713.74	38
2774.18	5395.36	38
3689.76	7252.27	38
4622.07	9014.36	38
5546.06	10819.25	38
6468.34	12532.94	38
7355.19	14310.71	38
8709.25	16147.28	38
0.85	1.01	38
1.07	1.02	38
1.36	1.33	38
1.68	1.79	38
2.7	2.5	38
4.31	4.29	38
7.54	7.86	38
12.01	13.31	38
17.85	14.1	38
21.6	19.65	38
27.37	29.07	38
26.97	30.89	38
35.28	27.42	38
40.22	30.09	38
42.24	36.57	38
63.09	57.05	38
85.73	108.69	38
161.07	176.91	38
289.75	299.98	38
559.19	594.16	38
1085.58	1075.34	38
2055.18	2139.28	38
3076.06	3087.25	38
4043.2	4069.49	38
5015.23	5098.76	38
6018.62	6057.7	38
7079.09	7039.86	38
7983.52	7978.53	38
9016.08	9033.19	38
0.88	0.93	38
1.04	1.65	38
1.23	1.34	38
1.78	1.66	38
2.6	2.64	38
4.29	4.25	38
8.01	7.49	38
12.53	7.63	38
19.93	16.1	38
22.44	21.13	38
26.27	16.56	38
27.19	33.34	38
32.75	30.81	38
30.55	32.23	38
44.76	42.84	38
57.94	66.76	38
90.29	105.12	38
142.75	183.06	38
236.03	511.67	38
452.02	958.08	38
882.51	1959.65	38
1683.31	3921.52	38
2461.56	5714.63	38
3267.22	7822.17	38
4135.97	9636.93	38
4898.72	11617.07	38
5660.17	13670.59	38
6522.89	14432.97	38
7314.17	17535.09	38
0.93	1.08	39
1.01	1.09	39
1.34	1.22	39
1.79	1.82	39
2.64	2.74	39
4.36	4.14	39
6.13	7.94	39
8.98	9.53	39
13.9	20.47	39
18.82	21.56	39
15.01	28.12	39
32.44	33.06	39
28.65	30.24	39
33.09	29.58	39
53.59	38.24	39
43.77	53.25	39
78.14	91.06	39
140.17	215.78	39
261.38	448.07	39
499.26	921.99	39
962.87	1840.03	39
1851.4	3593.55	39
2793.57	5311.26	39
3650.68	7203.45	39
4602.11	8997.03	39
5570.03	10792.05	39
6499.76	12433.78	39
7321.47	14230.09	39
8210.31	16094.01	39
0.85	0.95	39
1.01	1.14	39
1.3	1.26	39
1.77	1.77	39
2.68	2.68	39
4.43	4.77	39
6.29	7.31	39
14.29	11.01	39
12.89	18.37	39
24.52	19.86	39
23.3	12.49	39
26.98	18.46	39
26.28	26.84	39
30.33	33.07	39
42.53	50.23	39
49.74	59.0	39
92.28	109.67	39
162.58	156.7	39
290.93	268.97	39
557.24	503.86	39
1088.19	920.79	39
2083.04	1663.8	39
3072.64	2412.48	39
4100.62	3136.81	39
5080.3	3939.49	39
6118.56	4634.42	39
7059.53	5530.4	39
8115.49	6161.23	39
9189.56	6972.55	39
0.93	0.95	39
1.09	1.07	39
1.33	1.29	39
1.82	1.82	39
2.64	2.68	39
4.46	4.52	39
7.8	7.03	39
13.8	14.0	39
21.95	19.14	39
26.78	19.03	39
26.69	33.61	39
19.29	26.69	39
34.65	28.28	39
33.87	33.63	39
47.23	35.35	39
52.17	56.77	39
93.32	98.57	39
139.87	237.72	39
243.66	499.01	39
454.74	1001.75	39
877.64	1937.55	39
1680.59	3916.83	39
2499.33	5935.09	39
3225.43	7909.89	39
4071.55	9793.72	39
4901.63	11750.17	39
5668.79	13630.39	39
6541.99	15972.91	39
7315.04	16899.81	39
1.4	0.92	39
1.01	1.1	39
1.3	1.3	39
1.69	1.78	39
2.71	2.69	39
3.34	4.23	39
7.93	7.33	39
13.37	14.48	39
18.34	23.47	39
17.97	18.8	39
25.12	16.69	39
17.42	19.01	39
28.79	26.17	39
39.47	32.47	39
40.74	50.25	39
58.49	68.17	39
100.28	86.43	39
149.86	168.18	39
289.79	319.23	39
555.67	579.73	39
1081.63	1122.85	39
2055.9	2051.22	39
3079.13	3028.65	39
4100.19	4028.36	39
5101.95	5011.43	39
6056.75	6022.71	39
7067.68	6976.53	39
8050.08	7864.67	39
9004.69	8933.32	39
0.9	0.96	40
0.94	1.01	40
1.19	1.27	40
1.75	1.77	40
2.62	2.68	40
4.1	4.09	40
7.58	8.02	40
12.87	8.24	40
23.31	14.32	40
26.81	21.48	40
20.89	24.95	40
16.5	32.33	40
24.58	25.4	40
37.06	37.26	40
38.03	44.83	40
55.24	69.85	40
98.78	129.98	40
176.68	253.02	40
324.9	493.77	40
606.37	954.82	40
1193.31	2118.96	40
2312.8	4063.87	40
3405.86	6104.18	40
4543.76	8053.97	40
5652.62	10014.84	40
6770.88	12104.86	40
7853.31	13970.24	40
8925.8	16114.02	40
10123.65	18067.06	40
1.07	0.89	40
1.56	1.02	40
1.15	1.22	40
1.73	1.87	40
2.56	2.59	40
4.29	4.36	40
7.54	7.51	40
11.41	13.79	40
18.0	18.32	40
14.41	22.02	40
27.75	25.79	40
23.19	21.73	40
25.92	33.0	40
29.67	38.33	40
45.34	33.12	40
58.61	52.29	40
74.73	76.29	40
133.99	116.97	40
237.87	186.38	40
427.58	336.81	40
834.48	609.89	40
1587.7	1160.5	40
2365.47	1699.92	40
3063.88	2123.82	40
3853.67	2693.95	40
4613.07	3200.12	40
5294.63	3757.01	40
6145.54	4359.98	40
6895.99	4888.57	40
0.77	0.97	40
0.99	1.1	40
1.13	1.26	40
1.67	1.71	40
2.63	2.61	40
4.47	4.42	40
7.79	7.38	40
10.08	10.33	40
17.35	17.87	40
17.84	17.43	40
31.2	25.26	40
22.93	26.76	40
26.94	31.21	40
28.14	37.74	40
44.64	52.59	40
73.14	69.41	40
94.05	109.37	40
162.72	282.32	40
296.32	502.64	40
565.19	1091.92	40
1115.23	2275.25	40
2147.96	4428.93	40
3149.2	6566.1	40
4207.67	8708.55	40
5238.69	10881.32	40
6268.22	12583.41	40
7290.05	15232.32	40
8279.66	17376.93	40
9256.26	19518.73	40
0.84	0.93	40
0.94	1.03	40
1.28	1.39	40
1.71	1.74	40
2.44	2.53	40
4.07	4.25	40
7.76	7.77	40
11.41	13.98	40
13.24	19.32	40
15.11	20.45	40
33.9	30.37	40
21.8	21.78	40
19.62	16.81	40
28.19	37.0	40
38.03	35.69	40
59.18	52.51	40
80.86	91.3	40
116.66	135.13	40
230.22	241.83	40
414.25	423.96	40
808.3	859.22	40
1536.39	1610.0	40
2243.94	2390.27	40
2972.99	3152.25	40
3691.95	3944.88	40
4404.06	4642.7	40
5070.77	5407.99	40
5835.82	6295.79	40
6611.28	7103.3	40
0.99	1.06	41
1.18	1.28	41
1.52	1.65	41
1.99	2.14	41
3.85	3.37	41
5.47	5.48	41
7.69	9.73	41
11.76	11.16	41
9.95	8.91	41
18.5	12.2	41
22.23	21.65	41
25.45	28.6	41
32.91	34.07	41
41.36	45.07	41
59.76	58.33	41
94.74	97.07	41
165.57	173.32	41
315.51	312.68	41
599.69	609.19	41
1134.42	1156.5	41
1689.81	1710.37	41
2295.46	2296.08	41
2779.15	2805.44	41
3358.88	3368.61	41
3906.39	3943.44	41
4440.82	4474.84	41
4959.84	4957.45	41
0.99	1.11	41
1.13	1.14	41
1.5	1.52	41
2.02	1.99	41
2.91	3.12	41
4.61	4.57	41
8.69	5.94	41
8.79	7.83	41
12.28	10.23	41
15.0	17.16	41
22.47	24.47	41
26.12	30.14	41
36.79	37.15	41
47.02	50.42	41
74.44	74.0	41
126.71	125.77	41
232.9	231.77	41
439.18	430.99	41
845.97	841.91	41
1617.8	1623.52	41
2385.34	2399.07	41
3174.02	3179.76	41
3955.72	3921.86	41
4720.67	4773.14	41
5514.25	5496.94	41
6266.9	6334.26	41
7052.02	7074.49	41
0.93	0.93	41
1.15	1.14	41
1.45	1.46	41
1.77	1.91	41
2.67	3.12	41
5.38	4.44	41
4.56	9.78	41
8.63	11.11	41
9.8	11.62	41
13.14	11.66	41
20.79	18.32	41
23.15	23.74	41
29.42	32.06	41
37.25	39.29	41
51.11	53.02	41
84.53	85.85	41
152.08	152.52	41
284.52	285.94	41
540.32	546.06	41
1029.39	1053.96	41
1538.25	1551.84	41
2032.72	2022.2	41
2543.53	2543.51	41
2975.9	3020.82	41
3490.81	3493.0	41
4064.05	3992.99	41
4491.4	4522.47	41
1.01	0.91	41
1.18	1.11	41
1.27	1.39	41
1.92	2.13	41
3.0	3.03	41
4.64	5.05	41
7.4	8.65	41
7.7	12.62	41
12.48	7.9	41
14.27	15.42	41
19.49	21.78	41
30.92	22.29	41
31.81	32.21	41
48.25	49.45	41
69.44	67.85	41
124.9	122.23	41
223.53	222.49	41
410.89	413.84	41
800.95	805.68	41
1553.1	1528.4	41
2242.13	2268.83	41
2994.18	2974.72	41
3760.54	3744.87	41
4380.23	4380.86	41
5103.5	5160.7	41
6387.78	6387.19	41
6680.3	6571.92	41
1.06	0.96	42
1.15	1.73	42
1.49	1.42	42
1.97	1.98	42
2.94	3.04	42
4.94	5.12	42
5.05	8.88	42
8.19	10.76	42
9.18	10.63	42
9.59	13.91	42
17.94	19.16	42
27.45	27.4	42
36.81	35.89	42
43.12	47.45	42
72.03	70.19	42
125.65	124.47	42
227.05	225.82	42
430.01	428.56	42
832.49	834.18	42
1607.85	1599.72	42
2387.96	2375.26	42
3145.87	3125.04	42
3923.58	3936.5	42
4792.11	4684.3	42
5464.68	5480.02	42
6274.27	6249.65	42
7030.87	7025.6	42
1.13	1.07	42
1.12	1.21	42
1.59	1.3	42
2.74	1.96	42
2.16	3.18	42
4.79	4.29	42
6.34	6.33	42
9.42	8.32	42
8.21	11.95	42
13.01	13.84	42
21.1	22.68	42
26.37	23.9	42
30.68	26.8	42
39.51	42.84	42
58.91	54.42	42
94.14	91.51	42
161.91	167.92	42
307.35	305.12	42
586.54	589.84	42
1125.46	1122.31	42
1666.1	1655.59	42
2235.32	2204.0	42
2721.65	2755.31	42
3313.85	3277.97	42
3775.68	3791.17	42
4329.03	4354.09	42
4893.24	4888.95	42
1.09	1.6	42
1.45	1.19	42
1.44	1.5	42
2.0	2.62	42
2.97	2.9	42
4.8	4.41	42
4.22	9.67	42
11.21	8.16	42
9.17	12.05	42
14.94	12.73	42
18.77	19.76	42
24.98	24.16	42
30.34	30.66	42
42.8	44.22	42
67.94	71.59	42
116.3	118.19	42
214.45	215.16	42
410.24	404.54	42
799.78	785.6	42
1526.3	1507.55	42
2213.14	2282.75	42
3011.3	2999.65	42
3662.53	3689.72	42
4351.03	4465.85	42
5161.73	5102.46	42
5875.19	5894.02	42
6583.04	6580.96	42
1.01	0.97	42
1.12	1.74	42
1.43	1.6	42
1.91	1.84	42
2.85	3.18	42
4.46	5.24	42
6.53	7.55	42
7.28	8.93	42
8.23	11.38	42
10.47	16.83	42
16.67	18.62	42
23.18	23.56	42
25.48	29.88	42
38.46	34.26	42
56.02	57.48	42
86.88	86.66	42
150.57	156.44	42
278.47	278.5	42
547.58	545.39	42
1038.04	1029.5	42
1534.1	1513.27	42
2060.69	2031.69	42
2504.89	2532.37	42
2994.99	3017.37	42
3505.71	3573.95	42
3978.27	3939.59	42
4371.27	4404.14	42
0.94	1.08	43
1.11	1.17	43
1.56	1.49	43
1.86	2.04	43
2.54	2.98	43
4.14	5.55	43
8.55	9.08	43
5.0	6.88	43
11.61	9.25	43
14.99	15.52	43
18.13	22.41	43
24.52	24.03	43
28.18	32.64	43
39.59	39.54	43
57.07	54.32	43
92.58	92.32	43
164.39	162.82	43
307.44	307.14	43
585.37	588.95	43
1123.4	1124.42	43
1684.3	1671.79	43
2198.33	2210.28	43
2724.7	2728.33	43
3246.6	3289.72	43
3828.56	3828.9	43
4366.74	4360.38	43
4898.53	4906.96	43
0.97	1.03	43
1.19	1.17	43
1.43	1.42	43
1.77	1.81	43
2.81	2.75	43
4.88	4.97	43
7.69	8.58	43
7.74	8.62	43
6.57	11.2	43
15.06	14.13	43
22.27	19.5	43
25.56	28.24	43
32.13	34.17	43
47.27	44.73	43
72.06	69.87	43
121.26	125.18	43
228.41	234.07	43
430.56	427.89	43
839.72	844.1	43
1636.19	1616.17	43
2385.93	2376.58	43
3156.28	3144.57	43
3946.33	3943.56	43
4729.79	4749.67	43
5492.09	5434.97	43
6321.0	6227.94	43
7034.89	7020.76	43
0.85	1.1	43
1.15	1.15	43
1.51	1.51	43
1.93	2.68	43
3.05	3.19	43
5.03	5.14	43
7.48	7.77	43
7.94	6.66	43
6.48	10.76	43
13.83	10.46	43
13.33	16.81	43
23.59	22.54	43
25.44	30.8	43
39.06	40.2	43
51.55	53.08	43
85.45	87.09	43
150.6	152.61	43
278.18	286.3	43
540.85	536.18	43
1035.08	1043.33	43
1530.44	1540.36	43
2027.34	2002.65	43
2535.07	2503.13	43
2961.0	3014.23	43
3477.44	3465.77	43
4005.31	4008.86	43
4320.38	4473.1	43
0.96	1.01	43
1.01	1.16	43
1.32	1.27	43
1.86	1.77	43
2.84	2.99	43
5.2	4.86	43
8.5	8.02	43
7.49	7.55	43
9.87	9.68	43
12.91	13.04	43
17.39	18.37	43
26.47	21.2	43
29.59	33.66	43
46.99	45.1	43
69.28	69.16	43
118.55	116.95	43
216.46	212.98	43
403.04	405.14	43
786.98	804.66	43
1517.82	1498.68	43
2271.36	2265.88	43
2961.47	2919.06	43
3709.58	3741.74	43
4361.86	4354.43	43
5041.0	5060.97	43
5930.87	5908.86	43
6515.16	6595.34	43
0.89	1.22	44
1.08	1.06	44
1.28	1.31	44
1.78	1.84	44
2.5	2.94	44
5.03	4.27	44
7.15	6.02	44
9.38	8.19	44
9.44	12.03	44
13.16	14.16	44
19.79	21.72	44
25.83	29.17	44
33.94	32.57	44
44.23	46.57	44
74.11	76.11	44
123.63	125.39	44
227.58	228.51	44
433.37	434.97	44
840.77	843.9	44
1626.94	1626.49	44
2370.07	2388.96	44
3199.81	3144.22	44
3952.64	3939.19	44
4743.36	4720.52	44
5476.71	5500.47	44
6370.31	6261.13	44
7040.83	7067.78	44
0.91	1.14	44
0.94	1.11	44
1.44	1.34	44
1.87	2.12	44
2.99	2.95	44
5.46	5.22	44
7.0	7.22	44
5.21	9.36	44
12.35	11.17	44
11.18	15.08	44
18.2	18.43	44
24.86	22.53	44
27.75	31.77	44
40.8	39.95	44
58.07	58.79	44
96.95	94.35	44
163.13	163.91	44
308.47	309.72	44
594.61	606.23	44
1156.71	1151.76	44
1707.01	1720.85	44
2235.68	2289.15	44
2800.61	2764.87	44
3351.19	3331.25	44
3894.87	3873.11	44
4492.08	4479.69	44
5028.31	5029.52	44
1.22	0.9	44
1.0	1.14	44
1.44	1.54	44
2.04	1.82	44
2.86	2.8	44
5.1	5.03	44
3.59	5.8	44
10.18	7.21	44
11.22	9.28	44
16.6	15.83	44
21.46	17.84	44
24.49	23.68	44
30.73	31.38	44
44.61	41.88	44
70.12	69.34	44
116.51	118.3	44
213.92	215.36	44
415.05	411.38	44
798.81	801.68	44
1522.66	1516.0	44
2287.45	2247.03	44
2974.84	2956.84	44
3714.44	3747.92	44
4473.8	4439.95	44
5225.37	5181.58	44
5826.95	5873.02	44
6666.23	6660.88	44
1.0	1.02	44
1.16	1.11	44
1.31	1.4	44
1.82	1.81	44
2.88	3.01	44
5.33	4.87	44
6.27	8.03	44
5.96	11.63	44
10.18	10.97	44
14.19	13.05	44
19.45	17.62	44
21.01	22.85	44
30.06	28.96	44
38.93	38.77	44
49.49	57.09	44
84.15	85.92	44
150.83	151.25	44
280.79	282.31	44
546.36	550.42	44
1046.2	1038.03	44
1551.91	1537.99	44
2047.75	2042.45	44
2508.41	2532.96	44
3034.52	3046.78	44
3469.35	3527.11	44
3988.4	4038.22	44
4582.43	4894.67	44
1.01	0.91	45
1.88	1.18	45
1.57	1.65	45
2.4	2.51	45
3.79	3.71	45
5.31	5.65	45
7.95	6.74	45
10.33	9.03	45
10.35	9.1	45
8.84	9.9	45
12.55	13.11	45
14.17	13.75	45
19.09	17.51	45
28.88	27.18	45
44.79	41.56	45
76.64	72.67	45
140.16	128.84	45
265.49	237.05	45
517.66	421.14	45
992.45	914.27	45
1953.97	1646.04	45
2867.36	2196.35	45
3870.32	3031.57	45
4821.71	3949.91	45
5704.13	4362.32	45
6747.16	6132.16	45
7686.72	6273.63	45
8525.85	6484.22	45
0.97	1.0	45
1.25	1.3	45
1.61	1.59	45
2.54	2.49	45
3.59	3.55	45
5.12	5.28	45
8.47	8.25	45
9.91	7.85	45
9.33	12.29	45
11.33	11.12	45
13.3	19.07	45
14.86	24.44	45
24.41	51.47	45
33.96	90.42	45
61.27	171.46	45
111.24	256.79	45
212.49	503.24	45
414.09	708.23	45
819.36	2572.62	45
1616.16	3917.12	45
3139.46	5365.51	45
4689.6	11481.81	45
6266.97	19643.87	45
7794.53	18919.1	45
9354.64	29217.52	45
10819.55	18568.86	45
12434.07	39137.53	45
13955.52	23726.0	45
0.99	1.08	45
1.2	1.17	45
1.66	1.74	45
2.48	3.1	45
4.36	4.43	45
5.8	5.86	45
7.96	8.59	45
7.63	8.74	45
8.46	11.66	45
8.17	11.32	45
9.08	12.09	45
14.8	15.9	45
18.83	24.97	45
28.11	28.54	45
41.63	43.6	45
71.39	74.76	45
128.59	120.59	45
241.77	234.23	45
465.58	466.12	45
933.99	907.12	45
1781.55	1501.28	45
2676.53	2380.38	45
3533.94	3139.02	45
4396.06	3792.93	45
5258.11	4779.1	45
6165.57	5389.51	45
7021.46	5746.13	45
7716.28	6791.08	45
1.0	1.0	45
1.15	1.16	45
1.65	1.63	45
2.38	2.45	45
3.32	3.87	45
5.55	6.01	45
8.63	7.85	45
9.93	9.24	45
10.0	9.24	45
9.73	11.04	45
9.38	14.61	45
12.83	25.67	45
20.09	42.97	45
32.36	52.01	45
57.2	95.59	45
103.12	254.61	45
196.71	348.32	45
384.34	1296.44	45
760.72	2552.77	45
1500.46	3875.4	45
2933.9	9920.13	45
4380.83	14757.09	45
5807.36	10387.86	45
7226.68	12951.07	45
8628.7	22479.21	45
10032.79	26177.49	45
11487.0	38687.77	45
12954.54	23253.86	45
1.05	1.07	46
1.31	1.37	46
1.66	2.15	46
2.37	2.72	46
3.74	4.25	46
6.32	6.42	46
7.95	7.52	46
9.08	9.6	46
9.86	9.03	46
10.03	11.28	46
11.88	13.65	46
13.6	16.78	46
19.65	23.76	46
32.13	31.33	46
53.59	59.73	46
96.11	93.06	46
179.43	180.81	46
328.97	330.92	46
652.91	640.23	46
1306.02	1277.43	46
2566.43	2392.63	46
3796.64	3578.52	46
4983.53	4666.78	46
6187.78	5993.68	46
7472.4	7179.6	46
8728.46	8513.41	46
10019.59	9330.32	46
11043.91	10853.82	46
1.13	1.18	46
1.26	1.4	46
1.76	1.79	46
2.72	2.88	46
4.24	4.29	46
6.54	5.97	46
8.33	8.22	46
8.45	9.89	46
8.01	10.12	46
8.95	11.29	46
7.84	13.3	46
15.2	17.34	46
20.76	48.94	46
29.7	85.96	46
51.25	159.27	46
91.16	89.02	46
174.76	457.21	46
338.76	915.86	46
698.5	1816.58	46
1414.97	3650.71	46
2785.47	2793.86	46
4139.36	7370.39	46
5507.89	9877.46	46
6909.54	17710.5	46
8255.97	14844.52	46
9614.87	24713.11	46
10986.63	28264.61	46
12393.14	31630.23	46
1.02	1.08	46
1.29	1.25	46
1.58	1.78	46
2.71	2.64	46
3.82	4.06	46
6.21	6.24	46
6.04	8.84	46
8.27	8.48	46
9.12	8.9	46
8.72	11.36	46
10.95	13.36	46
15.36	18.51	46
20.56	28.07	46
31.75	36.31	46
51.39	59.0	46
91.63	107.63	46
173.92	205.59	46
330.79	360.09	46
652.43	665.25	46
1282.82	1290.49	46
2504.74	2339.99	46
3704.22	3564.92	46
4912.69	4973.28	46
6095.45	6076.87	46
7326.46	6998.79	46
8572.32	8263.87	46
9812.1	9631.59	46
10871.3	10955.5	46
1.08	1.06	46
1.28	1.32	46
1.61	1.72	46
2.63	2.46	46
3.76	4.13	46
5.92	6.0	46
7.42	8.16	46
8.11	7.36	46
10.49	11.65	46
10.86	12.52	46
12.68	17.97	46
12.54	24.21	46
20.75	40.59	46
30.75	48.71	46
51.99	126.25	46
93.47	239.1	46
176.78	177.34	46
341.34	920.51	46
685.22	2419.8	46
1370.98	2522.91	46
2662.81	9417.76	46
3944.52	13851.49	46
5232.17	14135.92	46
6515.41	6559.18	46
7799.01	14467.72	46
9081.41	27208.36	46
10349.7	27703.1	46
11643.88	21542.31	46
1.04	1.11	47
1.28	1.26	47
1.61	1.92	47
2.42	2.67	47
3.64	3.97	47
5.52	6.15	47
6.52	8.28	47
8.22	7.92	47
9.77	9.09	47
12.08	9.7	47
10.64	12.88	47
15.28	23.36	47
19.59	16.44	47
29.94	58.44	47
52.12	49.83	47
94.97	205.81	47
173.48	391.65	47
337.41	344.58	47
671.74	2394.28	47
1353.8	3058.76	47
2640.64	5958.37	47
3931.37	8915.19	47
5198.81	18299.67	47
6478.57	14677.8	47
7762.57	7779.06	47
9020.59	20743.15	47
10321.58	36705.83	47
11533.6	11609.13	47
