0.89	0.92	1
1.02	1.02	1
1.23	1.21	1
1.57	1.61	1
2.51	2.62	1
3.89	3.99	1
6.63	7.12	1
9.08	8.43	1
12.59	14.78	1
10.85	15.82	1
11.18	14.63	1
12.9	15.7	1
15.79	11.3	1
19.64	14.71	1
24.43	22.19	1
35.22	39.66	1
61.95	61.77	1
100.49	109.79	1
134.69	198.29	1
249.05	375.35	1
464.04	725.8	1
941.04	1435.87	1
1385.67	2120.06	1
1698.56	2777.76	1
2127.04	3542.2	1
2626.62	3611.28	1
2963.73	4801.62	1
3491.37	5460.43	1
3917.42	6219.81	1
0.8	0.87	1
1.0	1.04	1
1.74	1.31	1
1.72	1.79	1
3.15	2.11	1
3.98	4.85	1
5.93	6.57	1
11.06	11.61	1
11.07	12.28	1
15.56	12.84	1
17.78	12.48	1
16.77	15.63	1
13.58	19.44	1
27.45	21.75	1
31.02	29.44	1
55.34	49.33	1
90.89	78.41	1
146.24	143.21	1
270.66	276.9	1
642.61	530.29	1
1708.56	1049.88	1
3291.87	2011.71	1
4899.39	3011.12	1
6610.13	3978.0	1
8243.58	5004.75	1
9925.56	5923.73	1
11548.27	6902.53	1
12943.52	7815.32	1
14741.65	8997.69	1
0.82	0.9	1
1.05	0.94	1
1.31	1.25	1
1.81	1.64	1
2.36	2.37	1
4.18	4.09	1
6.64	6.68	1
10.26	9.49	1
11.76	12.46	1
10.24	10.55	1
15.18	11.9	1
16.46	14.88	1
16.56	13.43	1
22.43	14.93	1
23.73	24.13	1
33.51	38.55	1
54.27	61.25	1
76.94	103.11	1
147.83	195.28	1
312.56	377.11	1
531.79	724.91	1
1010.89	1421.32	1
1716.48	2066.44	1
2587.85	2811.92	1
2862.6	3465.45	1
2912.24	4093.03	1
3927.05	4711.45	1
3926.3	5395.03	1
5772.25	6154.29	1
0.87	0.91	1
0.95	0.96	1
1.28	1.3	1
1.93	1.72	1
2.46	2.56	1
3.97	4.43	1
6.91	5.15	1
10.9	10.09	1
13.08	12.4	1
12.15	10.56	1
16.99	14.52	1
12.3	16.54	1
18.26	18.0	1
25.74	20.39	1
36.56	31.64	1
53.06	45.21	1
94.8	75.26	1
227.6	140.78	1
439.81	266.79	1
830.95	517.35	1
1765.99	1036.98	1
3396.44	1991.1	1
5231.03	2947.31	1
7021.74	3935.83	1
8708.16	4851.4	1
10473.66	5705.31	1
12147.86	6695.46	1
13861.84	7647.96	1
15075.98	8614.17	1
0.96	0.98	2
1.05	1.17	2
1.24	1.68	2
1.66	1.69	2
2.64	2.43	2
4.0	4.0	2
6.7	5.97	2
10.1	6.3	2
14.19	13.35	2
13.98	11.08	2
12.64	12.61	2
18.4	11.34	2
16.66	14.38	2
16.84	22.83	2
29.73	31.19	2
42.98	45.7	2
70.22	75.0	2
120.66	139.7	2
204.54	243.09	2
400.54	510.52	2
778.43	997.45	2
1467.01	1919.81	2
2144.1	2901.2	2
2866.05	3817.7	2
3451.5	4760.33	2
4190.45	5630.01	2
4972.05	6602.65	2
5702.48	7576.46	2
6343.06	8581.7	2
0.92	1.02	2
1.08	1.04	2
1.25	1.35	2
1.7	2.38	2
2.35	2.71	2
4.05	3.25	2
6.78	6.65	2
10.09	10.44	2
15.07	13.78	2
15.0	13.64	2
16.81	16.35	2
10.66	18.17	2
21.39	12.7	2
18.6	20.6	2
30.87	29.35	2
40.33	40.43	2
78.93	65.76	2
175.01	118.76	2
221.06	224.77	2
461.22	422.49	2
1484.34	835.91	2
2869.4	1599.47	2
4214.96	2371.59	2
5634.6	3145.81	2
7116.62	3919.4	2
8674.3	4756.66	2
9882.08	5456.8	2
11515.89	6355.57	2
12933.12	7164.59	2
0.98	0.94	2
1.07	1.07	2
1.32	1.38	2
1.73	2.43	2
2.62	2.64	2
4.06	4.12	2
6.35	6.94	2
11.04	8.59	2
12.65	14.0	2
14.97	8.08	2
9.97	12.2	2
12.52	11.32	2
19.79	15.47	2
20.15	21.92	2
25.22	27.52	2
39.95	43.17	2
70.38	73.78	2
130.42	137.05	2
223.19	261.84	2
402.01	506.0	2
731.45	984.98	2
1385.32	1892.03	2
2242.23	2836.41	2
3193.6	3744.22	2
3445.83	4679.19	2
4426.89	5627.87	2
4803.04	6612.88	2
6365.41	6780.77	2
7141.0	8182.31	2
0.85	1.1	2
0.98	1.04	2
1.18	1.29	2
1.63	1.72	2
2.7	3.17	2
3.84	3.87	2
7.08	6.36	2
9.52	8.15	2
15.47	12.94	2
10.74	11.53	2
8.98	12.64	2
14.04	13.45	2
16.02	13.53	2
26.36	18.53	2
37.46	30.3	2
47.28	42.43	2
64.71	63.36	2
175.59	113.3	2
219.83	217.47	2
648.82	414.47	2
1574.36	798.4	2
3040.14	1575.54	2
4416.69	2268.31	2
6004.74	3031.03	2
7632.09	3787.65	2
10063.84	4556.62	2
10205.41	5253.19	2
12119.61	6047.31	2
13682.83	6709.44	2
1.49	0.92	3
1.19	1.02	3
1.2	1.3	3
1.8	1.69	3
2.65	2.81	3
3.6	4.32	3
6.64	6.54	3
9.81	9.3	3
13.12	14.21	3
15.05	15.27	3
15.58	15.59	3
16.11	14.35	3
17.6	18.32	3
19.74	21.05	3
29.74	27.29	3
57.08	40.48	3
81.21	65.92	3
149.51	114.53	3
329.86	226.59	3
650.13	420.55	3
1413.67	828.59	3
2724.83	1612.74	3
4225.32	2362.53	3
5655.75	3177.01	3
6877.4	3950.96	3
8631.44	4733.47	3
9907.22	5486.55	3
11454.09	6302.63	3
12835.98	7084.26	3
0.94	0.95	3
1.0	1.02	3
1.28	1.28	3
1.72	1.71	3
2.5	2.58	3
4.35	4.09	3
5.3	6.43	3
7.9	7.8	3
13.39	15.41	3
14.25	14.46	3
14.37	12.67	3
14.01	12.97	3
19.8	12.05	3
20.39	22.63	3
28.65	29.36	3
46.95	44.09	3
68.71	79.47	3
114.81	138.3	3
200.85	262.18	3
390.02	511.76	3
756.15	990.5	3
1436.58	1933.14	3
2125.82	2864.3	3
2806.04	3817.52	3
3486.39	4764.5	3
4158.36	5643.49	3
4860.96	6644.59	3
5608.6	7507.3	3
6263.11	8429.52	3
0.98	0.89	3
1.09	0.98	3
1.22	1.23	3
1.81	1.66	3
2.51	2.5	3
3.89	3.89	3
5.42	6.42	3
10.52	11.27	3
13.14	10.38	3
9.98	12.04	3
15.01	12.94	3
12.69	14.55	3
13.38	12.8	3
22.75	20.11	3
31.36	24.16	3
36.64	40.19	3
94.91	66.92	3
175.39	114.93	3
274.88	215.66	3
754.51	405.84	3
1497.08	815.06	3
2897.92	1556.59	3
4443.53	2314.34	3
5996.51	3045.67	3
7115.93	3771.8	3
9532.4	4489.25	3
10550.36	5301.65	3
12155.59	6001.9	3
13133.0	6678.19	3
0.92	0.99	3
1.02	1.06	3
1.22	1.25	3
1.63	2.86	3
2.49	2.41	3
4.11	4.13	3
6.24	5.63	3
11.15	9.29	3
10.97	12.28	3
14.97	9.2	3
14.8	12.5	3
14.75	15.4	3
17.16	18.12	3
22.38	24.13	3
27.99	27.85	3
44.82	43.04	3
73.43	75.06	3
105.65	138.07	3
225.52	259.86	3
408.21	508.81	3
781.52	999.55	3
1530.08	1907.2	3
2420.79	2806.76	3
2991.95	3801.76	3
4242.53	4639.73	3
4471.6	5603.12	3
5980.04	6557.69	3
6368.94	7447.59	3
7232.9	8356.49	3
0.88	1.09	4
1.0	1.05	4
1.27	1.33	4
1.7	1.76	4
2.4	2.72	4
4.01	3.73	4
6.75	5.97	4
9.56	9.79	4
13.74	12.53	4
13.15	12.03	4
16.67	12.21	4
14.54	11.86	4
15.6	17.23	4
25.23	23.28	4
34.5	32.29	4
48.59	50.34	4
78.2	84.03	4
141.69	144.7	4
275.69	275.81	4
645.97	533.85	4
1636.5	1040.16	4
3381.69	2014.27	4
4872.49	2971.94	4
6590.13	3964.78	4
8145.76	4980.8	4
9744.02	5965.92	4
11465.32	6947.72	4
13123.56	7866.68	4
14730.23	9238.02	4
0.86	1.0	4
1.02	1.2	4
1.25	1.35	4
1.63	1.87	4
2.44	2.72	4
4.03	4.28	4
6.52	6.52	4
9.64	9.75	4
12.84	11.39	4
12.52	13.14	4
8.1	17.39	4
15.02	18.18	4
17.75	17.32	4
18.42	20.16	4
23.02	26.67	4
31.88	40.18	4
50.5	62.58	4
75.08	106.42	4
150.55	196.06	4
263.91	382.13	4
457.93	733.34	4
880.92	1422.47	4
1321.4	2103.93	4
1704.25	2791.85	4
2204.41	3480.0	4
2711.43	4119.1	4
3034.76	4858.1	4
3300.6	4786.44	4
3860.41	5437.05	4
0.86	0.89	4
0.97	0.98	4
1.34	1.21	4
1.67	1.73	4
2.49	2.47	4
4.08	4.07	4
5.16	7.19	4
10.63	10.73	4
9.82	10.47	4
13.46	14.5	4
15.74	12.57	4
19.09	17.1	4
20.96	19.62	4
28.64	20.66	4
32.96	30.45	4
64.51	44.87	4
114.21	81.54	4
175.31	141.98	4
428.11	270.29	4
801.78	522.02	4
1743.62	1018.02	4
3418.97	1960.7	4
5142.38	2939.49	4
7181.17	3834.17	4
8672.43	4861.39	4
10461.36	5842.93	4
12230.06	6813.44	4
13513.09	7703.05	4
15054.94	8639.96	4
0.89	0.94	4
1.02	0.97	4
1.31	1.23	4
1.67	1.97	4
2.3	2.57	4
4.17	4.1	4
6.48	6.91	4
11.21	9.05	4
14.25	12.45	4
13.95	14.72	4
13.09	13.19	4
12.76	16.67	4
18.7	16.31	4
17.92	18.99	4
25.62	25.24	4
31.11	38.14	4
46.74	60.1	4
91.73	105.42	4
147.2	188.71	4
309.34	378.53	4
590.95	733.7	4
1165.05	1411.86	4
1492.45	2056.28	4
2279.86	2738.53	4
2126.53	3364.5	4
2976.47	4120.2	4
3414.11	4739.81	4
3909.4	5510.23	4
5003.02	5977.55	4
0.95	1.06	5
1.24	1.2	5
1.75	1.68	5
2.55	2.37	5
4.25	4.22	5
6.14	6.91	5
10.26	12.16	5
22.61	19.77	5
20.43	21.62	5
12.76	21.8	5
23.49	19.65	5
20.46	29.57	5
18.93	27.53	5
39.08	44.68	5
48.75	47.88	5
66.05	71.71	5
124.65	129.57	5
185.26	226.03	5
298.39	425.45	5
580.68	825.46	5
1037.81	1579.45	5
1574.49	2319.35	5
2069.09	3042.92	5
2577.69	3865.38	5
3186.09	4538.6	5
3895.2	5342.83	5
4240.35	6029.1	5
4825.74	6826.88	5
0.98	1.05	5
1.22	1.77	5
1.66	1.74	5
3.08	2.55	5
4.34	4.27	5
7.48	7.3	5
13.32	11.65	5
18.31	14.75	5
24.13	22.36	5
16.2	26.16	5
18.1	20.47	5
29.73	23.18	5
30.31	28.35	5
47.07	41.73	5
65.44	62.35	5
122.61	99.1	5
270.76	168.61	5
530.12	319.66	5
1046.94	620.3	5
2121.29	1201.82	5
4110.63	2352.1	5
6075.37	3489.0	5
8015.14	4588.39	5
10173.11	5754.38	5
12228.46	6912.4	5
14172.18	8008.5	5
16179.82	9122.0	5
18205.37	10251.6	5
1.0	1.06	5
1.27	1.39	5
1.73	1.66	5
2.47	2.61	5
4.47	4.38	5
6.27	7.53	5
13.26	9.33	5
18.5	14.22	5
26.8	21.3	5
17.77	20.81	5
19.66	18.77	5
24.21	20.43	5
30.04	27.96	5
38.24	28.95	5
42.34	47.65	5
73.09	75.77	5
119.54	128.16	5
224.78	221.93	5
348.33	400.41	5
629.49	807.98	5
1231.82	1541.21	5
2053.39	2294.36	5
2359.44	3022.36	5
2923.63	3827.99	5
3586.8	4446.05	5
4219.98	5230.31	5
4757.47	5991.75	5
6341.42	6602.91	5
1.04	1.08	5
1.2	1.36	5
1.74	1.83	5
2.39	2.49	5
4.19	4.38	5
7.44	7.27	5
13.16	12.1	5
9.32	20.58	5
21.64	16.5	5
28.39	11.86	5
23.79	21.95	5
19.81	21.01	5
32.9	29.02	5
53.93	41.34	5
81.85	60.01	5
139.38	91.68	5
292.28	153.54	5
548.0	293.35	5
1139.11	570.22	5
2227.61	1106.1	5
4299.34	2131.68	5
6261.3	3168.71	5
8797.58	4189.55	5
10660.63	5214.02	5
12350.7	6272.92	5
15380.77	7262.6	5
18570.52	8356.93	5
19782.75	9327.62	5
1.1	1.16	6
1.32	1.36	6
1.86	1.74	6
2.61	2.57	6
4.36	3.26	6
5.77	7.7	6
12.29	13.13	6
13.96	18.41	6
21.24	20.68	6
20.03	17.34	6
23.61	30.96	6
21.08	24.32	6
25.23	34.28	6
44.62	40.69	6
59.41	64.05	6
93.74	91.88	6
141.71	160.87	6
239.81	296.32	6
460.24	561.42	6
838.99	1090.93	6
1620.8	2091.95	6
2391.63	3080.83	6
3298.35	4012.19	6
4093.59	5114.56	6
4830.71	6140.31	6
5786.46	7114.46	6
6433.72	8076.21	6
7362.5	9213.76	6
1.06	1.04	6
1.28	1.43	6
1.67	1.83	6
2.63	2.52	6
4.11	4.28	6
6.25	7.46	6
10.03	10.67	6
14.18	15.97	6
24.87	18.91	6
21.91	20.99	6
19.24	20.61	6
25.97	23.67	6
26.79	35.29	6
37.48	32.29	6
76.51	65.08	6
146.95	87.04	6
263.85	157.23	6
462.68	266.58	6
914.36	503.47	6
1852.94	991.11	6
3622.91	1926.32	6
5365.73	2854.39	6
7192.72	3787.79	6
8916.1	4686.22	6
10527.34	5576.61	6
12453.47	6542.15	6
14173.49	7404.71	6
15769.01	8399.11	6
1.11	1.08	6
1.27	1.3	6
1.69	1.75	6
2.69	2.67	6
4.27	5.05	6
7.54	6.21	6
9.3	11.08	6
16.95	17.97	6
22.31	10.14	6
23.8	20.27	6
21.49	18.79	6
19.71	28.02	6
30.7	28.29	6
39.76	38.32	6
55.98	58.47	6
94.78	85.47	6
151.38	157.4	6
298.69	291.69	6
500.51	553.3	6
1074.37	1081.73	6
2031.03	2085.66	6
2574.04	3079.43	6
3508.01	4100.61	6
4724.89	5066.44	6
6072.56	6047.58	6
7061.89	7128.64	6
7536.02	8015.33	6
8513.73	9071.09	6
1.09	1.76	6
1.36	1.34	6
1.8	1.81	6
2.66	2.79	6
4.18	4.0	6
7.82	7.93	6
10.54	12.23	6
18.68	22.2	6
17.31	25.04	6
17.7	22.85	6
21.16	20.93	6
17.38	18.46	6
32.23	27.64	6
46.02	29.77	6
65.69	44.73	6
132.39	84.86	6
253.18	127.41	6
520.92	243.04	6
1012.58	451.79	6
1963.87	881.06	6
3852.33	1714.28	6
5905.96	2539.26	6
7801.92	3316.69	6
9465.82	4149.35	6
10533.53	4972.52	6
13599.31	5807.95	6
15525.24	6523.12	6
16836.27	7512.58	6
1.12	1.1	7
1.3	1.42	7
2.42	1.76	7
2.51	2.6	7
4.66	4.61	7
6.48	6.48	7
13.16	13.06	7
14.85	18.87	7
16.16	23.96	7
26.91	20.96	7
23.97	16.21	7
26.81	23.83	7
25.59	28.22	7
31.94	31.96	7
57.89	51.81	7
97.37	73.78	7
238.44	141.81	7
456.06	265.64	7
916.37	503.08	7
1842.48	1001.13	7
3625.12	1915.19	7
5347.58	3665.3	7
7156.72	4809.66	7
8914.35	4717.19	7
10590.95	5552.93	7
12521.17	6501.2	7
13861.71	7385.17	7
15920.6	8279.51	7
1.06	1.11	7
1.33	1.54	7
1.87	1.81	7
2.59	2.78	7
4.38	4.23	7
7.49	7.17	7
10.96	11.71	7
10.76	6.45	7
24.48	21.33	7
22.27	25.8	7
28.06	28.4	7
26.43	22.55	7
28.12	33.28	7
39.3	34.58	7
54.26	53.64	7
98.66	88.67	7
147.52	160.79	7
236.32	289.81	7
470.93	551.63	7
924.56	1082.76	7
1720.96	2107.57	7
2500.99	3104.91	7
3218.73	4090.31	7
3981.85	5070.44	7
4768.73	6104.93	7
5606.78	7133.03	7
6557.51	8148.06	7
7132.08	9148.78	7
1.03	1.04	7
1.32	1.3	7
1.66	1.73	7
2.67	2.52	7
4.44	4.32	7
7.52	7.34	7
8.14	11.59	7
14.51	14.71	7
18.9	22.45	7
25.37	24.85	7
20.68	18.37	7
32.25	27.07	7
33.58	25.21	7
43.15	34.72	7
53.17	52.14	7
124.66	76.4	7
249.81	129.63	7
487.47	230.49	7
944.63	451.29	7
1999.09	883.67	7
3784.38	1707.03	7
5478.51	2516.46	7
7538.44	3286.44	7
9422.16	4107.34	7
11612.21	4958.25	7
13309.26	5756.98	7
15621.05	6438.39	7
16251.94	7325.71	7
1.06	1.06	7
1.38	1.34	7
1.74	1.82	7
2.56	2.65	7
4.5	4.37	7
7.38	7.41	7
12.25	13.5	7
22.82	17.75	7
18.79	19.21	7
24.44	14.91	7
21.31	19.71	7
25.42	27.83	7
39.95	31.42	7
40.09	47.16	7
55.38	54.33	7
90.39	92.64	7
168.25	155.67	7
265.97	288.11	7
601.56	561.74	7
1112.59	1091.72	7
1947.75	1917.74	7
3124.59	3146.05	7
3566.06	4067.05	7
4720.16	5113.95	7
5583.07	6068.87	7
6661.08	7045.89	7
7568.99	8168.17	7
7835.16	9103.4	7
0.93	1.09	8
1.15	1.32	8
1.77	1.77	8
2.49	2.79	8
3.59	4.45	8
6.74	7.25	8
7.62	13.35	8
16.36	17.5	8
13.72	13.73	8
22.95	10.98	8
24.91	25.89	8
28.61	26.52	8
32.44	33.94	8
46.4	36.05	8
75.88	64.06	8
136.9	103.68	8
260.46	172.34	8
520.89	318.5	8
1067.83	618.03	8
2105.91	1202.58	8
4140.47	2334.33	8
6081.92	3446.67	8
8138.7	4595.78	8
10143.35	5745.61	8
12137.36	6871.51	8
14197.94	8006.13	8
16159.14	9069.37	8
18479.16	10169.99	8
0.92	1.11	8
1.21	1.43	8
1.54	1.72	8
2.64	2.63	8
4.25	4.45	8
7.62	7.66	8
11.79	11.62	8
20.47	14.23	8
16.66	16.25	8
23.8	24.06	8
27.54	27.7	8
30.63	23.93	8
34.95	25.81	8
38.04	39.3	8
48.04	50.96	8
69.69	74.8	8
107.12	133.43	8
182.31	227.44	8
318.7	420.33	8
620.62	821.63	8
1105.51	1561.78	8
1582.69	2329.52	8
2093.94	3087.9	8
2550.84	3830.23	8
3060.62	4522.9	8
3682.14	5240.91	8
4119.46	6082.41	8
4780.84	6801.33	8
1.01	1.04	8
1.11	1.21	8
1.67	1.78	8
2.58	2.7	8
4.46	4.27	8
7.78	7.34	8
13.62	10.93	8
12.77	21.71	8
22.04	19.71	8
20.72	20.11	8
20.11	17.87	8
26.01	29.5	8
30.62	36.17	8
43.74	36.08	8
82.39	53.52	8
142.04	95.49	8
291.78	155.8	8
578.86	295.55	8
1108.67	570.36	8
2221.7	1125.28	8
4481.88	2130.14	8
6498.52	3196.76	8
8587.86	4221.24	8
10975.13	5334.6	8
12770.88	6298.22	8
13855.91	7217.8	8
16987.19	8305.66	8
19499.47	9376.62	8
0.99	1.11	8
1.35	1.29	8
1.7	1.78	8
2.62	2.8	8
4.05	4.41	8
7.5	7.83	8
8.76	11.58	8
16.96	21.36	8
8.48	18.2	8
17.11	21.59	8
22.59	17.69	8
27.5	20.95	8
34.16	30.55	8
38.87	28.46	8
51.78	47.4	8
76.5	73.91	8
117.97	123.02	8
208.86	217.04	8
432.46	421.34	8
750.34	796.09	8
1200.48	1539.16	8
1785.33	2262.98	8
3053.69	2965.64	8
3809.79	3716.48	8
4536.99	4505.26	8
5349.66	5265.66	8
4703.07	5869.59	8
6806.35	6767.21	8
1.27	1.44	9
1.46	1.63	9
1.57	1.77	9
1.63	2.05	9
2.15	2.41	9
2.51	2.63	9
3.1	3.43	9
4.59	4.7	9
6.4	6.29	9
9.42	9.51	9
16.08	15.32	9
26.03	26.33	9
47.4	46.46	9
86.94	86.06	9
166.37	162.5	9
327.46	314.14	9
633.55	631.47	9
940.0	918.8	9
1224.49	1208.74	9
1589.46	1586.63	9
1867.07	1864.43	9
2215.04	2212.22	9
2415.46	2382.52	9
2733.84	2684.04	9
1.06	1.45	9
1.28	1.55	9
1.82	1.94	9
2.25	2.25	9
2.98	2.73	9
3.5	4.01	9
4.52	4.98	9
6.81	6.46	9
11.66	11.73	9
20.74	20.88	9
38.41	39.01	9
74.43	73.93	9
144.9	147.57	9
292.13	292.72	9
583.51	580.45	9
1166.81	1164.82	9
2277.77	2270.6	9
3381.73	3381.45	9
4479.62	4486.81	9
5605.44	5604.64	9
6715.4	6731.53	9
7852.74	7854.52	9
8973.27	8989.41	9
10106.41	10107.98	9
1.31	1.43	9
1.5	1.5	9
1.61	1.65	9
2.14	2.03	9
2.0	2.41	9
2.76	2.96	9
3.74	3.98	9
4.43	4.6	9
5.99	6.11	9
9.69	9.13	9
14.26	14.18	9
23.53	23.53	9
39.32	39.09	9
77.7	77.66	9
146.82	150.46	9
295.16	291.29	9
521.09	532.36	9
787.54	784.32	9
1044.58	1029.83	9
1297.98	1289.34	9
1553.79	1546.19	9
1829.06	1781.56	9
2050.11	2066.62	9
2320.95	2348.63	9
1.2	1.53	9
1.57	1.49	9
1.66	1.82	9
2.51	2.48	9
3.74	3.35	9
3.45	3.69	9
4.74	5.44	9
6.9	7.27	9
11.31	11.74	9
20.33	20.26	9
38.03	38.29	9
74.28	73.78	9
142.96	143.16	9
283.28	281.09	9
562.87	563.4	9
1123.12	1124.63	9
2205.93	2195.3	9
3280.04	3286.13	9
4330.6	4349.76	9
5425.78	5437.75	9
6493.41	6507.76	9
7575.3	7565.1	9
8623.73	8632.28	9
9690.31	9732.01	9
1.2	1.35	10
1.53	1.58	10
1.72	1.7	10
2.07	3.09	10
2.32	2.39	10
3.65	3.41	10
3.92	4.18	10
6.01	6.68	10
10.2	10.45	10
17.02	17.55	10
32.77	33.62	10
62.16	60.69	10
120.07	120.57	10
233.3	233.82	10
462.66	469.46	10
923.7	929.19	10
1784.44	1783.12	10
2658.99	2646.57	10
3521.74	3508.9	10
4407.32	4409.42	10
5219.74	5292.55	10
6110.22	6161.59	10
7004.81	7022.55	10
7878.04	7898.9	10
1.35	1.44	10
1.55	1.61	10
2.06	1.88	10
2.45	2.48	10
3.13	3.07	10
3.97	4.32	10
4.97	5.3	10
7.62	7.8	10
11.89	12.21	10
21.41	20.68	10
39.81	39.29	10
76.46	76.44	10
151.19	148.32	10
294.34	294.39	10
586.63	586.83	10
1162.23	1165.44	10
2261.18	2261.18	10
3358.13	3358.25	10
4470.55	4451.61	10
5553.86	5542.77	10
6638.51	6647.99	10
7747.59	7740.1	10
8847.09	8849.84	10
9970.09	9962.95	10
1.3	1.53	10
1.39	1.75	10
1.76	1.71	10
2.05	2.2	10
2.34	2.57	10
3.09	3.29	10
4.25	4.57	10
6.15	6.77	10
11.66	9.82	10
17.73	17.17	10
30.91	31.35	10
59.1	58.68	10
111.07	110.08	10
217.47	215.26	10
430.43	439.99	10
874.74	850.36	10
1625.51	1626.44	10
2434.7	2435.95	10
3243.65	3224.83	10
4053.72	4001.9	10
4805.52	4947.15	10
5630.79	5751.49	10
6493.1	6513.06	10
7169.13	7328.49	10
1.4	1.39	10
1.61	1.77	10
1.84	2.05	10
2.67	2.55	10
3.43	3.34	10
4.15	4.1	10
5.61	5.29	10
7.98	7.95	10
12.77	12.07	10
21.51	21.86	10
40.86	40.21	10
77.33	77.49	10
152.45	152.01	10
301.42	299.54	10
595.39	595.09	10
1183.8	1186.47	10
2292.47	2298.82	10
3405.11	3403.57	10
4526.99	4526.78	10
5648.31	5638.87	10
6749.3	6765.2	10
7875.06	7875.57	10
8995.11	8999.14	10
10082.31	10098.25	10
1.31	1.3	11
1.52	1.54	11
1.76	1.84	11
2.44	2.27	11
3.12	2.79	11
4.08	3.56	11
5.2	5.13	11
7.25	6.95	11
11.87	11.89	11
20.43	20.31	11
39.05	38.6	11
74.57	74.8	11
144.31	144.41	11
287.2	285.97	11
566.43	566.87	11
1126.42	1127.18	11
2211.85	2198.03	11
3285.16	3284.75	11
4372.68	4370.71	11
5446.96	5453.29	11
6522.88	6537.2	11
7609.69	7618.18	11
8690.27	8687.16	11
9766.67	9759.69	11
1.43	1.33	11
1.51	1.43	11
1.61	1.75	11
1.93	1.94	11
2.39	2.29	11
2.72	3.04	11
3.93	3.9	11
5.84	6.17	11
9.78	9.83	11
17.17	17.19	11
31.97	32.12	11
60.91	60.49	11
117.92	119.58	11
231.98	229.95	11
454.95	456.49	11
913.31	909.71	11
1768.59	1739.57	11
2637.56	2641.57	11
3501.54	3486.55	11
4378.68	4369.87	11
5245.97	5250.33	11
6120.04	6033.73	11
6905.42	6991.36	11
7833.5	7801.81	11
1.33	1.31	11
1.46	1.62	11
1.72	1.99	11
2.42	2.56	11
3.46	2.93	11
4.21	4.12	11
5.74	5.19	11
7.54	7.53	11
12.72	12.23	11
20.94	21.2	11
39.27	38.8	11
74.99	74.46	11
145.84	146.81	11
288.19	287.57	11
572.31	572.13	11
1142.42	1142.09	11
2239.47	2229.91	11
3333.78	3321.22	11
4412.93	4425.39	11
5511.86	5512.91	11
6609.04	6595.55	11
7696.45	7694.14	11
8776.81	8785.93	11
9862.61	9892.31	11
1.49	1.4	11
1.53	1.53	11
1.69	1.89	11
2.23	2.06	11
2.54	2.63	11
3.47	3.33	11
4.16	4.12	11
5.54	6.36	11
9.35	11.06	11
17.4	16.41	11
31.27	30.9	11
56.11	57.31	11
108.92	110.42	11
216.21	211.63	11
427.04	430.84	11
844.63	833.97	11
1654.73	1649.38	11
2455.38	2514.7	11
3354.97	3272.99	11
4075.14	4069.32	11
4967.63	4842.67	11
5676.04	5588.53	11
7180.42	6365.81	11
7229.35	7346.41	11
1.31	1.29	12
1.38	1.45	12
1.7	1.68	12
2.06	2.12	12
2.98	2.91	12
2.96	3.35	12
4.53	4.9	12
7.52	6.97	12
11.84	11.95	12
20.44	21.09	12
38.53	39.06	12
77.08	75.23	12
149.51	151.3	12
298.68	295.53	12
595.83	591.97	12
1181.36	1182.57	12
2287.41	2293.76	12
3385.94	3390.34	12
4492.82	4503.91	12
5605.24	5597.65	12
6728.76	6730.12	12
7863.51	7861.16	12
8968.32	8975.78	12
10119.77	10101.85	12
0.99	1.25	12
1.36	1.4	12
1.33	1.59	12
1.63	1.69	12
2.19	2.03	12
2.6	2.55	12
3.36	3.39	12
4.4	4.53	12
6.93	6.19	12
9.59	9.22	12
15.42	15.91	12
26.28	25.83	12
47.35	46.02	12
89.03	84.77	12
168.06	163.88	12
318.1	321.04	12
620.75	614.3	12
935.88	918.93	12
1268.07	1249.7	12
1562.54	1575.69	12
1876.16	1873.84	12
2170.58	2062.89	12
2531.62	2356.23	12
2716.47	2641.97	12
1.21	1.15	12
1.33	1.36	12
1.82	1.72	12
2.33	2.77	12
3.1	2.96	12
3.67	3.69	12
5.24	4.83	12
7.11	6.51	12
11.63	11.64	12
20.85	20.4	12
38.17	38.48	12
75.74	74.99	12
144.56	146.83	12
290.47	289.94	12
577.71	577.74	12
1146.5	1148.24	12
2227.18	2221.76	12
3290.73	3288.11	12
4364.62	4370.62	12
5441.44	5445.69	12
6508.91	6515.53	12
7584.37	7588.72	12
8620.51	8632.66	12
9682.6	9721.52	12
1.32	1.25	12
1.39	1.5	12
1.62	1.71	12
1.55	1.9	12
2.13	2.22	12
2.82	2.83	12
3.87	3.68	12
4.75	4.49	12
6.43	6.13	12
8.9	8.78	12
14.99	14.17	12
23.2	22.83	12
40.95	39.82	12
74.41	72.43	12
140.31	141.93	12
274.89	266.45	12
531.92	531.35	12
795.62	797.42	12
1070.75	1059.72	12
1328.49	1313.33	12
1575.51	1567.72	12
1813.77	1823.05	12
2126.57	2102.24	12
2362.09	2368.61	12
1.06	1.42	13
1.22	1.3	13
1.34	1.57	13
1.87	2.0	13
2.63	2.77	13
4.1	3.16	13
4.63	3.94	13
4.96	5.13	13
6.36	6.08	13
8.28	7.37	13
10.98	12.33	13
17.64	18.05	13
30.33	30.86	13
55.07	55.28	13
103.57	103.2	13
203.8	198.13	13
392.44	388.56	13
760.1	762.2	13
1128.49	1101.4	13
1478.89	1467.4	13
1847.66	1835.91	13
2224.4	2145.93	13
2589.34	2523.46	13
2920.13	2967.39	13
3303.22	3291.04	13
0.97	1.01	13
1.16	1.18	13
1.49	1.47	13
2.44	1.88	13
2.47	2.7	13
3.92	3.34	13
4.1	3.91	13
5.4	4.6	13
7.3	6.34	13
9.87	8.86	13
14.96	15.43	13
25.49	25.82	13
45.84	46.31	13
84.41	86.72	13
162.57	161.9	13
319.61	317.69	13
622.26	625.93	13
1219.22	1218.88	13
1815.12	1786.47	13
2388.96	2390.37	13
2951.8	2964.39	13
3864.52	3725.17	13
4146.03	4139.12	13
4741.14	4739.11	13
5289.5	5274.07	13
0.97	1.11	13
1.24	1.27	13
1.61	1.54	13
2.06	2.07	13
2.54	3.04	13
3.57	3.31	13
4.22	3.99	13
4.98	3.58	13
6.11	5.81	13
7.95	7.55	13
11.5	10.12	13
17.6	17.75	13
28.2	27.04	13
49.21	48.54	13
91.33	89.21	13
174.81	174.95	13
341.67	338.7	13
663.07	658.11	13
982.9	963.3	13
1292.13	1278.6	13
1619.82	1622.62	13
1946.58	1916.84	13
2259.25	2211.42	13
2583.63	2500.64	13
2907.35	2802.36	13
0.92	1.12	13
1.26	1.36	13
1.42	1.5	13
1.79	1.85	13
3.0	2.5	13
3.41	3.99	13
3.76	3.91	13
4.96	4.28	13
6.12	6.11	13
9.54	8.68	13
14.44	14.66	13
24.23	23.35	13
42.39	42.31	13
79.14	78.48	13
150.0	151.02	13
296.21	299.12	13
587.21	578.75	13
1129.51	1132.91	13
1662.01	1667.53	13
2208.42	2208.65	13
2703.2	2739.68	13
3307.89	3307.76	13
3894.93	3791.13	13
4430.75	4304.23	13
4931.88	4913.83	13
1.08	1.09	14
1.17	1.13	14
1.45	1.51	14
1.92	1.86	14
2.41	2.61	14
3.56	3.5	14
3.66	4.42	14
5.46	4.56	14
6.9	6.32	14
9.93	9.67	14
14.86	15.08	14
25.32	25.76	14
46.02	45.95	14
83.68	83.8	14
162.25	161.44	14
318.17	314.88	14
621.51	624.76	14
1204.05	1207.42	14
1775.87	1767.1	14
2344.17	2344.82	14
2954.2	2948.45	14
3499.66	3493.86	14
4119.38	4095.61	14
4673.89	4674.54	14
5230.23	5265.93	14
1.12	1.22	14
1.17	1.3	14
1.3	1.55	14
1.93	1.85	14
2.52	2.85	14
3.95	4.11	14
4.64	4.35	14
5.46	4.56	14
6.28	6.08	14
9.31	7.69	14
11.77	11.08	14
17.68	17.91	14
30.07	30.33	14
55.05	54.22	14
100.5	101.22	14
194.47	193.76	14
382.74	384.25	14
745.04	736.68	14
1095.38	1091.77	14
1443.19	1420.55	14
1796.3	1766.82	14
2157.81	2142.74	14
2534.69	2498.69	14
2863.85	2838.53	14
3237.73	3202.18	14
1.1	1.12	14
1.12	1.18	14
1.46	1.39	14
1.87	1.94	14
3.11	2.84	14
3.88	3.06	14
4.79	3.36	14
4.96	4.79	14
6.48	6.73	14
9.83	9.65	14
14.75	13.31	14
23.14	24.81	14
43.08	42.76	14
78.31	79.09	14
153.22	151.66	14
294.89	293.46	14
580.49	583.69	14
1136.32	1124.5	14
1665.27	1651.65	14
2198.53	2217.2	14
2705.15	2674.06	14
3261.24	3242.21	14
3838.21	3751.98	14
4403.0	4295.09	14
4899.83	4936.88	14
1.05	1.17	14
1.11	1.13	14
1.43	1.62	14
1.98	2.12	14
2.92	3.32	14
3.57	3.15	14
4.31	4.73	14
4.74	3.96	14
5.86	6.21	14
7.33	6.93	14
10.88	10.67	14
17.09	15.78	14
29.32	28.71	14
49.91	49.1	14
92.34	92.51	14
180.58	180.64	14
351.38	351.54	14
684.75	666.3	14
1004.44	989.17	14
1329.76	1303.55	14
1655.11	1609.57	14
1971.36	1911.44	14
2323.24	2220.22	14
2655.9	2530.25	14
2947.99	2820.84	14
1.07	1.12	15
1.14	1.23	15
2.32	1.44	15
1.79	1.95	15
2.39	2.36	15
3.29	3.79	15
4.32	4.37	15
4.67	4.2	15
5.63	5.81	15
8.4	8.34	15
11.02	10.54	15
18.3	17.29	15
30.29	31.05	15
54.31	52.51	15
102.67	100.94	15
194.07	193.72	15
385.05	382.72	15
737.84	739.7	15
1099.01	1079.2	15
1451.13	1450.51	15
1818.22	1787.92	15
2155.77	2110.17	15
2503.31	2482.17	15
2865.21	2768.86	15
3233.92	3209.77	15
0.94	1.21	15
1.09	1.24	15
1.5	1.47	15
1.74	1.77	15
2.55	2.56	15
3.59	3.5	15
3.73	4.11	15
4.92	4.81	15
7.67	6.57	15
9.81	8.92	15
15.19	14.62	15
23.59	25.83	15
45.43	43.73	15
85.02	83.47	15
163.61	160.99	15
313.16	314.06	15
617.05	625.68	15
1204.03	1205.08	15
1795.18	1782.0	15
2371.94	2348.53	15
2941.04	2960.78	15
3545.8	3577.58	15
4117.36	4082.69	15
4716.44	4622.89	15
5245.78	5328.35	15
1.02	1.07	15
1.2	1.25	15
1.48	1.44	15
1.83	2.03	15
2.71	3.1	15
3.37	2.95	15
4.58	4.72	15
4.99	5.6	15
5.81	5.95	15
8.07	7.55	15
10.96	10.22	15
16.96	16.59	15
27.32	28.5	15
49.31	49.45	15
92.52	92.82	15
179.4	177.57	15
350.76	343.1	15
672.54	636.42	15
1004.1	988.54	15
1322.25	1309.04	15
1651.1	1578.43	15
1994.08	1904.51	15
2293.64	2268.87	15
2621.22	2594.31	15
2973.01	2862.95	15
0.97	1.05	15
1.2	1.21	15
1.4	1.3	15
1.9	2.0	15
2.79	2.51	15
3.47	4.2	15
3.81	4.27	15
4.72	5.52	15
6.12	6.49	15
9.95	8.57	15
14.13	14.25	15
23.13	24.08	15
42.42	42.32	15
79.64	79.25	15
151.51	148.91	15
298.74	293.63	15
579.27	582.51	15
1121.76	1105.56	15
1659.74	1668.59	15
2213.82	2199.42	15
2722.77	2736.51	15
3299.06	3233.7	15
3816.87	3722.24	15
4333.12	4295.28	15
4934.77	4813.73	15
0.94	1.09	16
1.1	1.2	16
1.4	1.3	16
1.97	1.7	16
2.82	2.87	16
3.51	3.9	16
3.63	2.93	16
5.49	4.69	16
7.41	7.19	16
10.05	9.27	16
15.07	15.3	16
25.81	24.79	16
45.51	44.37	16
85.32	85.21	16
159.93	162.17	16
319.91	317.24	16
625.75	624.87	16
1201.26	1207.29	16
1803.53	1795.28	16
2387.65	2380.41	16
2930.67	2946.24	16
3541.64	3510.58	16
4129.36	4157.6	16
4716.9	4652.35	16
5340.6	5333.62	16
1.17	1.21	16
1.15	1.22	16
1.58	1.59	16
1.79	1.89	16
2.64	2.46	16
4.1	2.75	16
3.68	3.68	16
4.72	4.86	16
6.81	6.79	16
8.73	8.98	16
11.1	11.58	16
17.32	17.85	16
30.56	30.4	16
54.56	55.59	16
103.65	103.03	16
200.1	196.64	16
390.38	382.47	16
762.09	746.64	16
1125.98	1100.56	16
1480.97	1444.41	16
1867.5	1811.89	16
2227.03	2209.23	16
2582.8	2568.62	16
2912.95	2933.02	16
3304.98	3300.18	16
1.12	1.48	16
1.31	1.16	16
1.49	1.56	16
1.96	1.93	16
2.81	2.82	16
3.9	3.8	16
4.31	3.49	16
5.24	4.49	16
6.73	5.94	16
8.87	9.16	16
14.9	13.81	16
23.85	23.28	16
42.32	42.85	16
77.35	78.81	16
153.24	152.88	16
298.42	291.16	16
576.29	589.66	16
1123.38	1119.3	16
1677.26	1655.77	16
2221.63	2178.95	16
2721.78	2756.95	16
3292.58	3262.9	16
3824.36	3810.75	16
4420.7	4303.02	16
4986.31	4899.61	16
1.09	1.02	16
1.17	1.19	16
1.48	1.72	16
2.16	2.09	16
2.62	2.67	16
2.97	3.2	16
3.7	3.5	16
4.95	4.39	16
6.29	5.8	16
7.72	7.52	16
10.93	10.37	16
17.28	16.3	16
27.18	28.09	16
49.12	49.56	16
91.41	90.35	16
175.74	173.57	16
336.54	339.21	16
661.86	651.3	16
990.57	952.48	16
1306.02	1298.87	16
1620.02	1625.69	16
1948.26	1900.09	16
2271.93	2258.67	16
2586.58	2532.32	16
2923.23	2869.45	16
0.88	0.95	17
1.34	1.17	17
1.46	1.55	17
1.91	2.08	17
2.53	2.7	17
3.08	2.72	17
3.27	3.02	17
3.43	3.41	17
4.28	4.1	17
4.4	4.68	17
5.63	5.7	17
7.53	8.31	17
11.96	12.15	17
19.01	21.17	17
33.09	38.37	17
56.43	69.0	17
104.18	132.05	17
217.88	258.45	17
423.61	503.62	17
765.64	1011.92	17
1638.76	1925.42	17
2250.39	2946.09	17
2871.55	3811.86	17
4024.2	4800.78	17
4775.32	5658.41	17
4993.66	6666.12	17
5723.92	7453.07	17
6544.75	8619.24	17
0.89	0.96	17
1.18	1.25	17
1.49	1.48	17
2.01	2.02	17
2.54	2.54	17
3.21	2.94	17
3.6	3.19	17
4.54	4.26	17
4.96	5.44	17
8.02	6.58	17
12.88	9.61	17
23.18	15.84	17
43.61	22.08	17
83.43	41.74	17
163.13	74.51	17
319.31	141.95	17
621.98	273.54	17
1247.95	549.42	17
2456.85	1078.39	17
4910.64	2172.09	17
9708.95	4223.48	17
14339.37	6275.01	17
19130.0	8348.27	17
23808.29	10408.95	17
28144.53	12467.89	17
32794.55	14519.56	17
37870.65	16552.01	17
42438.55	18565.71	17
0.97	1.06	17
1.16	1.12	17
1.68	1.66	17
1.91	2.2	17
2.41	3.07	17
3.03	2.98	17
2.95	2.6	17
3.69	3.66	17
4.08	3.95	17
5.16	4.69	17
5.69	6.33	17
8.58	7.61	17
16.48	12.49	17
25.52	18.71	17
37.17	33.3	17
61.42	57.81	17
107.2	104.5	17
201.11	200.63	17
388.22	389.78	17
738.83	765.02	17
1428.09	1467.59	17
2145.01	2170.07	17
2882.59	2894.46	17
3469.43	3595.82	17
4414.92	4355.12	17
4989.99	5095.89	17
5694.21	5693.77	17
6514.25	6458.03	17
0.9	1.01	17
1.38	1.14	17
1.34	1.62	17
1.96	2.16	17
2.76	2.62	17
3.06	3.14	17
3.8	2.82	17
4.45	4.29	17
5.36	5.11	17
8.32	7.59	17
13.74	9.57	17
24.89	16.25	17
46.0	24.21	17
84.79	42.68	17
161.77	74.44	17
315.41	143.68	17
631.87	282.01	17
1013.09	562.66	17
2482.76	1113.07	17
4940.65	2238.83	17
9713.91	4354.9	17
14217.22	6486.74	17
18892.94	8645.69	17
23705.39	10757.16	17
28618.81	12798.55	17
33098.09	14896.13	17
37968.86	17059.32	17
42233.06	19179.84	17
1.14	1.01	18
1.17	1.33	18
1.64	1.69	18
2.13	2.26	18
2.83	2.86	18
3.15	2.82	18
3.33	3.26	18
4.21	3.47	18
4.28	4.2	18
4.34	5.05	18
6.96	6.15	18
8.95	9.57	18
13.95	14.87	18
22.84	24.96	18
40.81	45.9	18
76.29	86.29	18
146.01	167.07	18
282.79	327.13	18
576.56	653.55	18
1121.02	1272.89	18
2219.34	2502.91	18
3262.19	3696.68	18
4261.1	4891.33	18
6019.54	6266.26	18
6486.29	7419.31	18
7506.19	8653.84	18
8637.34	9736.93	18
9617.23	11023.25	18
1.08	1.03	18
1.39	1.85	18
1.68	1.51	18
2.08	2.12	18
2.74	2.43	18
2.84	2.71	18
3.5	3.61	18
3.76	4.58	18
5.64	5.22	18
8.29	7.1	18
12.94	10.96	18
22.85	13.87	18
34.64	21.57	18
81.13	37.53	18
153.54	70.05	18
306.3	133.42	18
592.91	259.84	18
1181.83	512.96	18
2344.2	1009.12	18
4721.69	2023.1	18
9306.42	3952.89	18
13609.9	5889.82	18
18271.91	7802.28	18
22738.55	9738.83	18
27331.35	11640.47	18
31609.19	13672.62	18
35895.21	15557.31	18
40620.57	17507.3	18
0.97	1.0	18
1.22	1.21	18
1.75	1.57	18
2.23	2.09	18
2.92	2.68	18
2.82	3.19	18
3.64	3.4	18
3.86	3.75	18
4.36	4.49	18
5.48	5.36	18
7.14	6.92	18
11.35	9.23	18
18.02	13.09	18
26.91	22.63	18
44.91	41.08	18
80.64	73.92	18
151.21	140.62	18
306.25	294.23	18
579.39	556.57	18
1157.22	1082.68	18
2278.75	2134.57	18
3372.48	3149.24	18
4374.5	4186.11	18
5298.95	5246.64	18
6491.93	6101.33	18
7650.27	7213.01	18
8484.88	8202.38	18
9802.06	9385.88	18
1.06	1.09	18
1.3	1.25	18
1.61	1.69	18
2.37	2.16	18
2.71	2.75	18
3.04	2.96	18
3.53	3.7	18
3.98	4.41	18
5.9	5.4	18
8.37	7.61	18
13.29	10.22	18
23.17	14.35	18
35.63	22.87	18
81.51	41.5	18
126.71	71.75	18
307.58	139.55	18
596.85	270.55	18
1184.5	537.26	18
2350.66	1059.61	18
4687.48	2109.18	18
9182.8	4140.3	18
13667.53	6157.83	18
14822.22	8138.86	18
22567.24	10198.18	18
22154.41	12221.89	18
31619.53	14206.77	18
36281.84	16243.35	18
40960.45	18304.55	18
1.03	1.1	19
1.17	1.18	19
1.63	1.54	19
2.24	2.08	19
2.67	2.77	19
2.95	3.32	19
3.42	3.1	19
4.46	4.9	19
5.5	5.66	19
8.35	6.58	19
11.23	9.89	19
22.77	16.69	19
34.77	21.73	19
80.09	36.83	19
155.9	74.61	19
299.13	131.51	19
597.7	260.93	19
1179.17	509.62	19
2375.11	1005.14	19
4712.63	2006.75	19
9214.72	3957.99	19
13703.64	5878.82	19
18144.72	7820.95	19
22752.28	9726.27	19
27489.54	11668.77	19
31608.09	13540.34	19
36120.96	15497.7	19
40803.02	17383.62	19
1.1	1.1	19
1.23	1.51	19
1.6	1.54	19
2.19	2.29	19
2.59	2.83	19
3.12	3.27	19
3.51	2.88	19
3.56	3.42	19
3.85	3.68	19
4.24	4.23	19
6.17	6.01	19
8.84	8.56	19
13.41	14.31	19
22.89	24.96	19
40.33	46.51	19
78.2	89.15	19
147.45	164.59	19
280.94	333.47	19
592.62	647.2	19
1127.57	1278.48	19
2193.56	2516.85	19
3321.5	3675.7	19
4451.43	4912.52	19
5440.47	6543.74	19
6545.65	7471.64	19
7912.35	8595.03	19
8690.17	9888.47	19
9768.69	11053.19	19
1.15	1.07	19
1.28	1.32	19
1.6	1.55	19
2.16	2.35	19
2.55	2.63	19
3.25	3.08	19
3.28	3.45	19
4.06	3.59	19
5.33	5.53	19
8.47	6.5	19
13.19	8.8	19
23.4	14.69	19
43.95	21.3	19
80.93	40.53	19
158.01	72.42	19
304.41	139.36	19
597.16	270.71	19
1179.96	529.55	19
2363.0	1052.47	19
4680.07	2110.18	19
9197.54	4130.83	19
13708.04	6165.29	19
18145.85	8191.04	19
22623.79	10161.51	19
27095.39	12053.7	19
31541.59	14196.22	19
36017.15	16175.94	19
40779.57	18223.91	19
1.04	1.02	19
1.39	1.26	19
1.53	1.68	19
2.04	2.09	19
2.79	2.83	19
3.14	3.23	19
4.11	3.4	19
3.55	3.68	19
4.17	4.14	19
5.07	5.4	19
7.45	6.62	19
10.72	9.41	19
17.84	14.54	19
26.75	23.49	19
46.26	41.29	19
80.83	75.27	19
147.63	143.49	19
293.83	275.13	19
562.3	547.33	19
1119.45	1082.85	19
2190.83	2097.58	19
3271.96	3264.71	19
4402.78	4203.93	19
5361.92	5150.99	19
6584.33	6229.94	19
7654.94	7227.2	19
8821.16	8177.79	19
9871.92	9439.11	19
0.97	1.03	20
1.27	1.25	20
1.51	1.66	20
2.0	2.18	20
2.51	2.62	20
3.09	3.21	20
3.36	3.61	20
3.85	4.21	20
5.04	5.52	20
7.44	5.74	20
13.21	7.47	20
23.49	12.14	20
44.59	21.31	20
84.3	39.23	20
161.34	74.75	20
317.01	139.25	20
630.49	275.35	20
1242.07	550.06	20
2464.35	1079.5	20
4951.0	2160.15	20
9679.82	4213.72	20
11793.56	6264.15	20
19147.02	8354.78	20
19218.88	10345.94	20
28738.72	12437.17	20
33523.34	14568.2	20
38080.31	16529.11	20
42500.36	18732.81	20
1.04	1.03	20
1.21	1.31	20
1.56	1.69	20
2.15	2.31	20
2.62	2.84	20
2.92	3.15	20
3.03	3.05	20
3.36	3.45	20
3.65	4.04	20
4.62	4.4	20
5.82	5.71	20
7.72	7.77	20
11.59	12.11	20
20.07	21.71	20
32.95	38.68	20
58.15	70.25	20
105.85	132.07	20
195.38	262.82	20
371.98	502.74	20
734.87	1009.27	20
1465.47	2006.53	20
2397.95	2893.73	20
2871.58	3832.29	20
4012.25	4811.55	20
4178.91	5704.26	20
4949.34	6817.2	20
5777.93	7639.87	20
6106.06	8661.15	20
1.05	1.02	20
1.25	1.19	20
1.54	1.59	20
2.16	2.01	20
2.44	2.34	20
3.46	3.22	20
3.17	3.45	20
4.02	4.06	20
5.58	4.98	20
8.4	7.89	20
13.73	10.01	20
24.43	13.99	20
46.04	21.36	20
84.22	40.53	20
161.84	76.32	20
317.24	143.66	20
625.42	283.94	20
1244.3	563.43	20
2465.58	1112.67	20
4862.09	2231.5	20
9607.21	4354.66	20
14378.57	6463.13	20
19207.06	8595.77	20
23870.82	10707.82	20
28329.05	12850.77	20
27205.57	14997.79	20
37748.13	17075.49	20
42094.98	19231.48	20
0.93	0.96	20
1.23	1.18	20
1.45	1.48	20
2.08	2.12	20
2.57	2.88	20
3.33	3.21	20
3.06	3.49	20
3.48	3.44	20
4.01	4.31	20
4.7	4.41	20
6.66	5.95	20
9.05	9.42	20
16.53	13.01	20
24.07	19.34	20
37.33	33.44	20
60.81	56.79	20
106.86	107.72	20
203.79	201.38	20
389.01	395.07	20
773.93	766.13	20
1462.57	1478.68	20
2151.54	2198.89	20
2886.08	2933.25	20
3495.37	3635.69	20
4372.89	4339.72	20
4980.44	5028.55	20
5683.38	5614.73	20
6330.26	6485.86	20
1.11	0.99	21
1.01	1.06	21
1.08	1.68	21
1.16	1.08	21
1.22	0.96	21
1.16	1.11	21
1.33	1.28	21
1.65	1.42	21
1.87	1.89	21
2.15	2.15	21
3.46	2.8	21
3.95	3.88	21
6.13	6.31	21
10.63	10.92	21
19.4	19.96	21
35.82	37.9	21
70.53	74.31	21
131.52	140.94	21
253.05	275.86	21
494.75	532.51	21
728.39	781.88	21
964.54	1039.65	21
1211.83	1278.73	21
1492.87	1585.71	21
1735.57	1812.88	21
1924.2	2120.28	21
2192.53	2254.3	21
0.95	0.96	21
1.22	1.07	21
0.99	1.09	21
1.18	1.07	21
1.66	1.01	21
1.08	1.07	21
1.29	1.22	21
1.51	1.43	21
2.18	1.86	21
3.35	2.75	21
5.64	4.72	21
10.65	7.11	21
21.09	12.67	21
39.68	24.09	21
75.91	46.68	21
153.03	109.89	21
295.54	213.51	21
596.55	356.96	21
1176.97	713.01	21
2344.57	1374.92	21
3384.42	2034.34	21
4763.03	2700.69	21
6059.51	3388.07	21
6719.65	4035.77	21
7833.85	4815.61	21
9224.57	5427.8	21
10226.72	6096.1	21
0.94	0.96	21
0.81	1.07	21
1.07	1.08	21
0.96	1.25	21
1.06	1.19	21
1.31	1.48	21
1.17	1.52	21
1.58	1.48	21
2.0	1.95	21
2.29	2.18	21
3.03	3.12	21
4.29	4.11	21
7.09	6.39	21
12.28	10.59	21
21.64	18.41	21
41.86	35.15	21
72.01	64.35	21
141.04	123.38	21
299.12	244.6	21
553.22	457.8	21
878.96	707.08	21
1112.39	917.23	21
1334.76	1115.83	21
1501.11	1336.43	21
2075.66	1566.41	21
2215.91	1797.48	21
2552.84	1956.89	21
1.04	1.13	21
1.07	1.17	21
0.97	1.11	21
1.23	1.06	21
1.03	1.2	21
1.26	1.22	21
1.32	1.61	21
1.77	1.61	21
2.39	2.49	21
4.74	3.28	21
6.61	4.67	21
11.7	8.94	21
23.11	16.22	21
43.12	30.68	21
82.98	48.01	21
167.54	93.17	21
332.49	197.28	21
655.42	365.02	21
1302.85	723.43	21
2561.33	1461.88	21
3805.71	2152.37	21
5011.1	2790.06	21
6376.98	3465.08	21
7539.62	4167.68	21
8676.16	4806.25	21
9940.22	5540.22	21
11312.82	6278.53	21
1.16	0.95	22
0.97	1.04	22
1.1	1.11	22
1.0	1.13	22
1.23	1.21	22
1.28	1.86	22
1.25	1.26	22
1.8	1.5	22
1.87	1.78	22
2.49	2.58	22
3.68	3.77	22
5.59	5.96	22
10.36	10.4	22
18.41	18.91	22
35.01	36.52	22
68.59	70.48	22
135.38	138.04	22
264.9	272.84	22
523.72	529.56	22
1028.15	1056.26	22
1526.24	1550.58	22
2004.67	2040.03	22
2498.73	2542.96	22
2946.34	3054.09	22
3495.7	3593.48	22
3967.33	4020.52	22
4530.86	4599.9	22
1.12	1.06	22
1.15	1.08	22
1.1	1.08	22
1.12	1.14	22
1.19	1.2	22
1.2	1.26	22
1.39	1.51	22
1.79	1.67	22
2.53	2.21	22
3.38	2.88	22
5.15	3.97	22
9.7	7.3	22
17.17	13.11	22
33.49	24.32	22
66.19	48.02	22
128.05	93.32	22
255.39	213.18	22
489.76	361.97	22
1005.27	841.14	22
1908.95	1656.61	22
2815.4	2084.2	22
3892.33	2873.9	22
4856.77	2851.27	22
5562.59	3450.2	22
6777.59	3947.57	22
7542.41	4471.65	22
8342.84	5503.36	22
1.08	1.09	22
1.01	1.01	22
1.18	1.07	22
1.22	1.09	22
1.22	1.25	22
1.38	1.39	22
1.29	1.46	22
1.82	2.33	22
2.22	1.84	22
2.77	2.63	22
3.84	3.59	22
6.1	5.49	22
10.6	10.0	22
19.26	17.32	22
36.09	33.68	22
68.74	63.53	22
136.51	126.77	22
258.09	241.15	22
538.8	494.06	22
1062.11	925.32	22
1537.68	1485.4	22
2037.17	1829.05	22
2558.89	2361.54	22
3053.46	2726.4	22
3480.73	3360.34	22
4188.65	3640.31	22
4756.45	4085.69	22
1.12	0.99	22
1.11	1.18	22
1.12	1.09	22
1.12	1.11	22
1.15	1.17	22
1.31	1.19	22
1.56	1.51	22
1.83	1.75	22
2.38	2.37	22
4.1	2.85	22
5.44	4.61	22
10.04	6.73	22
18.42	16.16	22
35.56	21.77	22
67.77	41.71	22
134.03	99.67	22
263.36	159.6	22
516.07	379.61	22
1078.59	624.54	22
2033.13	1214.69	22
2989.35	1811.52	22
3948.48	3429.8	22
5187.56	3001.35	22
5985.58	3886.47	22
7985.32	4240.27	22
7913.63	6260.23	22
8806.98	5819.61	22
1.07	1.09	23
1.17	1.11	23
1.16	1.08	23
1.19	1.22	23
1.17	1.15	23
1.43	1.26	23
1.49	1.51	23
1.61	1.69	23
2.27	2.07	23
3.27	2.63	23
5.26	3.81	23
9.04	6.04	23
17.71	12.95	23
33.66	24.87	23
63.55	49.29	23
126.28	76.05	23
245.85	149.21	23
506.24	360.18	23
1042.72	751.96	23
1907.54	1883.91	23
3037.75	1721.31	23
3916.29	2974.64	23
4811.48	2923.64	23
6140.4	3391.04	23
6947.25	3920.48	23
7379.98	4515.69	23
8697.5	5279.36	23
0.88	1.0	23
0.97	1.05	23
0.86	1.04	23
1.0	1.04	23
1.13	1.12	23
1.28	1.28	23
1.29	1.36	23
1.39	1.51	23
1.79	2.0	23
2.7	2.65	23
3.52	3.6	23
5.35	5.77	23
10.38	10.15	23
19.21	20.05	23
36.3	38.06	23
70.57	71.01	23
135.72	140.56	23
264.12	268.91	23
527.42	536.03	23
1002.38	1050.94	23
1514.07	1552.31	23
1983.84	2051.1	23
2466.21	2606.76	23
2920.63	3065.58	23
3458.09	3652.74	23
3826.79	4135.32	23
4453.24	4641.92	23
1.05	1.08	23
0.98	1.12	23
1.04	1.05	23
1.26	1.05	23
1.19	1.28	23
1.32	1.17	23
1.41	1.42	23
1.9	1.88	23
2.3	2.24	23
3.52	3.37	23
5.91	4.14	23
10.12	8.96	23
18.36	14.26	23
34.54	21.43	23
69.19	59.61	23
134.18	98.2	23
271.18	159.04	23
523.82	381.55	23
1038.32	630.79	23
1993.12	1258.86	23
3027.73	2242.25	23
3942.36	2469.73	23
5170.95	3101.37	23
6005.07	3604.51	23
6910.49	4198.15	23
7818.03	4785.4	23
8860.26	5409.77	23
1.02	1.01	23
1.04	1.13	23
0.99	1.08	23
1.05	1.07	23
1.15	1.03	23
1.23	1.24	23
1.56	1.42	23
1.8	1.74	23
2.0	2.02	23
2.61	2.7	23
3.73	3.67	23
6.13	5.41	23
10.96	9.79	23
19.55	17.58	23
36.86	37.11	23
73.77	66.75	23
131.9	126.58	23
269.12	257.57	23
535.13	492.6	23
1065.29	964.95	23
1528.67	1390.03	23
2061.29	1888.23	23
2609.15	2321.91	23
3126.89	2729.88	23
3513.56	3236.87	23
4090.25	3713.89	23
4533.07	4091.23	23
0.95	0.93	24
0.95	0.93	24
0.95	0.95	24
1.06	0.97	24
1.61	0.99	24
1.13	1.06	24
1.34	1.2	24
1.6	1.43	24
2.22	2.14	24
3.55	3.08	24
5.87	5.33	24
10.51	8.08	24
20.11	14.97	24
39.39	28.5	24
76.31	46.58	24
150.36	91.85	24
301.29	178.48	24
586.18	447.73	24
1188.81	746.58	24
2262.9	1376.25	24
3400.89	2043.03	24
4619.37	2718.42	24
5934.26	3395.88	24
6966.23	4069.57	24
7996.48	4730.03	24
9472.9	5397.01	24
9848.66	6101.71	24
0.97	0.97	24
0.98	1.08	24
0.98	0.87	24
1.03	1.08	24
1.06	1.14	24
1.22	1.2	24
1.2	1.33	24
1.57	1.5	24
1.77	1.8	24
2.05	2.09	24
2.66	2.74	24
3.96	3.9	24
6.32	6.2	24
10.59	11.01	24
20.0	19.72	24
36.34	37.9	24
69.03	67.36	24
131.32	138.67	24
260.83	266.42	24
490.77	529.55	24
732.76	789.19	24
995.26	1049.84	24
1264.25	1295.15	24
1434.82	1556.36	24
1749.64	1753.76	24
1933.78	2039.04	24
2215.7	2311.66	24
0.75	0.91	24
0.81	1.08	24
0.87	0.99	24
0.83	1.12	24
0.88	1.04	24
1.15	1.1	24
1.73	1.27	24
1.77	1.73	24
2.2	2.13	24
3.57	3.33	24
6.18	4.34	24
11.5	7.47	24
22.0	12.89	24
43.06	30.61	24
84.86	47.7	24
170.37	117.03	24
331.87	182.94	24
649.27	381.54	24
1316.55	717.87	24
2559.26	1428.43	24
3733.33	2068.95	24
5019.77	2898.9	24
6264.22	4344.15	24
7476.13	4172.65	24
8826.46	4846.6	24
10055.35	5532.04	24
11166.42	6224.52	24
0.84	1.0	24
0.85	0.9	24
0.96	1.07	24
0.86	1.07	24
0.89	1.14	24
1.11	1.2	24
1.77	1.45	24
1.55	1.49	24
2.49	1.9	24
2.18	2.33	24
2.81	2.61	24
3.98	4.18	24
7.3	5.95	24
11.21	10.99	24
20.68	19.09	24
40.51	34.41	24
69.22	64.1	24
149.61	124.4	24
320.76	243.33	24
523.85	466.32	24
768.22	702.28	24
1054.04	930.74	24
1225.38	1111.69	24
1816.68	1342.41	24
2070.84	1565.6	24
2184.16	1782.65	24
2581.72	1985.9	24
1.67	1.75	25
2.2	2.34	25
2.84	2.61	25
2.99	2.82	25
3.69	3.79	25
2.95	2.99	25
3.49	3.72	25
3.48	4.0	25
5.02	4.89	25
5.41	6.32	25
7.2	8.94	25
11.23	14.78	25
19.61	25.8	25
34.13	47.81	25
62.14	89.66	25
118.89	171.85	25
224.47	340.12	25
449.57	670.84	25
837.79	1296.46	25
1282.38	1721.51	25
1680.05	2565.45	25
2081.98	3157.2	25
2512.5	3432.94	25
3442.28	4495.23	25
3292.25	5062.8	25
4447.62	5731.75	25
1.81	1.7	25
2.47	2.17	25
3.09	2.94	25
3.77	3.58	25
3.94	3.88	25
4.46	4.18	25
5.67	4.33	25
5.93	5.16	25
7.37	6.91	25
12.14	9.85	25
20.3	16.39	25
36.3	25.43	25
68.57	37.3	25
133.66	70.38	25
260.31	134.33	25
515.4	254.87	25
1014.39	508.48	25
2031.13	994.15	25
3286.02	2609.95	25
5918.02	2853.61	25
7875.19	3808.34	25
8089.81	8113.49	25
11606.34	5705.03	25
13611.81	6620.05	25
15472.58	7566.88	25
14340.84	8591.37	25
1.74	1.77	25
2.13	2.12	25
3.05	3.06	25
3.56	3.23	25
3.49	3.59	25
3.67	4.16	25
3.68	3.54	25
4.31	4.39	25
5.48	4.71	25
7.01	6.89	25
9.75	9.02	25
14.1	14.89	25
21.41	25.08	25
36.42	44.8	25
64.29	83.76	25
121.55	163.22	25
253.14	284.16	25
437.05	555.39	25
852.62	1083.55	25
1304.03	1775.96	25
1994.67	2358.89	25
2093.79	2940.22	25
2523.92	3515.41	25
2909.52	4125.53	25
3841.09	4686.78	25
3771.47	5181.67	25
1.85	1.84	25
2.35	2.14	25
3.37	3.01	25
3.69	3.69	25
3.89	3.85	25
4.17	4.2	25
4.41	4.93	25
6.1	5.72	25
7.23	9.08	25
11.38	11.14	25
21.42	14.38	25
36.81	21.36	25
70.3	36.59	25
134.31	90.52	25
261.71	132.33	25
516.85	254.48	25
844.36	508.75	25
1334.23	985.01	25
3936.86	1945.22	25
5874.59	2896.97	25
7769.0	3775.68	25
9751.32	4751.62	25
11652.54	5663.56	25
13636.43	6631.63	25
15498.61	12752.2	25
17359.72	8538.58	25
1.94	1.65	26
2.58	2.28	26
3.07	2.8	26
3.82	3.79	26
3.77	3.82	26
4.19	3.81	26
4.16	4.11	26
4.77	4.58	26
5.74	5.8	26
7.29	6.73	26
10.0	11.66	26
16.14	19.21	26
27.43	34.0	26
55.81	64.35	26
96.7	121.79	26
186.0	236.87	26
360.6	470.87	26
730.73	929.35	26
1402.27	1780.27	26
2098.0	2692.44	26
2780.3	3555.98	26
3466.55	4497.93	26
4096.32	5302.03	26
4802.84	6192.85	26
5492.42	6998.26	26
6207.39	7916.96	26
1.92	1.66	26
2.31	2.09	26
2.97	2.69	26
3.21	3.48	26
3.24	3.32	26
3.98	3.68	26
4.5	3.69	26
5.49	5.19	26
7.23	4.57	26
10.76	8.16	26
17.97	11.15	26
31.79	18.05	26
60.66	29.56	26
117.13	77.41	26
232.34	107.34	26
457.89	201.12	26
909.52	399.65	26
1466.67	787.06	26
3517.11	1552.08	26
4264.78	2319.74	26
7000.51	4361.99	26
8692.86	3840.57	26
10396.71	4616.81	26
12114.5	5364.84	26
13836.54	6155.36	26
15588.1	6949.75	26
1.83	1.51	26
2.26	2.36	26
2.93	3.0	26
3.89	3.81	26
3.94	3.84	26
4.02	4.1	26
4.54	4.56	26
4.91	5.14	26
6.39	5.71	26
8.22	8.02	26
12.08	11.36	26
18.33	18.88	26
30.05	33.21	26
51.95	62.49	26
97.93	117.02	26
187.06	225.2	26
392.53	435.34	26
723.32	886.76	26
1491.27	1770.58	26
2235.81	2503.08	26
2793.59	3307.3	26
3448.46	4177.64	26
4105.85	4965.08	26
4830.73	5753.68	26
5509.74	6528.42	26
6161.71	7330.88	26
2.4	1.76	26
2.29	2.33	26
2.55	2.78	26
3.05	3.84	26
3.3	3.43	26
4.23	4.19	26
4.33	4.76	26
5.95	4.64	26
7.45	6.34	26
11.71	7.37	26
19.61	11.0	26
34.33	21.39	26
51.23	32.14	26
119.72	56.63	26
232.67	105.47	26
458.04	204.55	26
908.83	400.45	26
1804.73	787.07	26
3533.06	2219.42	26
5268.55	2340.82	26
6987.01	3120.74	26
8715.53	3925.82	26
10466.32	4646.78	26
12086.03	5450.7	26
13798.68	8709.33	26
15475.57	7093.28	26
2.02	1.67	27
2.35	2.47	27
3.16	2.37	27
3.75	3.39	27
4.11	3.51	27
4.08	3.76	27
3.89	4.01	27
4.41	5.54	27
7.52	6.98	27
10.54	8.36	27
18.51	11.9	27
32.0	18.3	27
61.5	32.27	27
118.08	57.19	27
230.97	108.11	27
377.9	210.24	27
899.45	410.96	27
1473.6	808.43	27
3527.83	1585.99	27
5253.48	2362.01	27
7002.51	3106.78	27
7114.55	5460.71	27
10390.94	6579.77	27
12133.92	9877.56	27
13828.92	6143.69	27
15611.85	9797.43	27
1.79	1.78	27
2.96	2.18	27
2.93	3.08	27
3.74	3.66	27
4.41	3.98	27
4.29	3.93	27
4.29	4.2	27
4.91	4.81	27
5.77	5.61	27
7.03	7.27	27
10.39	11.88	27
15.93	18.46	27
27.68	33.66	27
51.7	64.45	27
105.13	121.89	27
185.66	234.83	27
366.52	461.98	27
720.68	920.3	27
1401.63	1788.93	27
2107.84	2704.99	27
2760.4	3605.25	27
3470.64	4475.4	27
4136.46	5296.02	27
4810.82	6079.29	27
5420.72	7056.55	27
6179.41	7351.9	27
1.86	1.76	27
2.43	2.28	27
2.66	2.98	27
3.12	3.21	27
3.85	3.57	27
4.0	4.05	27
5.11	4.38	27
5.62	5.27	27
7.78	6.51	27
11.69	7.66	27
19.26	10.39	27
33.72	21.73	27
61.77	31.99	27
119.27	60.66	27
232.17	110.36	27
459.62	213.96	27
746.1	581.13	27
1808.44	825.52	27
3552.2	1608.8	27
5244.6	2373.77	27
6949.33	3208.33	27
8713.39	4004.98	27
8496.86	4766.91	27
12127.36	7763.32	27
13921.15	6281.28	27
15545.93	7114.1	27
1.73	1.74	27
2.42	2.26	27
3.45	3.14	27
3.69	3.76	27
4.17	4.05	27
4.24	4.33	27
4.64	4.49	27
5.07	5.08	27
6.26	5.57	27
8.42	7.3	27
12.51	12.68	27
17.72	19.51	27
30.22	32.9	27
53.52	60.78	27
97.88	116.86	27
201.45	224.65	27
365.3	438.63	27
728.56	869.92	27
1409.82	1685.61	27
2074.5	2564.23	27
2766.92	3286.75	27
3425.42	3878.38	27
4101.97	4645.97	27
4773.62	5472.96	27
5465.4	6485.68	27
6206.76	7489.13	27
1.81	1.55	28
2.47	2.31	28
3.39	2.96	28
3.46	3.52	28
4.3	4.17	28
4.64	4.88	28
5.11	4.64	28
6.22	5.88	28
8.07	7.34	28
10.37	10.88	28
20.38	11.99	28
36.75	26.63	28
69.11	38.7	28
131.86	69.17	28
258.5	132.21	28
426.43	255.77	28
1021.66	506.13	28
2023.96	999.4	28
3290.0	1926.53	28
5924.87	2875.01	28
7719.24	3841.76	28
9664.62	4760.67	28
9712.49	7643.34	28
13510.46	6594.3	28
12787.5	7539.65	28
17454.0	8524.37	28
1.68	1.72	28
2.19	2.29	28
3.06	2.81	28
2.77	3.37	28
3.29	4.03	28
3.67	4.17	28
3.94	3.88	28
4.07	4.21	28
5.06	4.99	28
5.38	6.39	28
8.18	8.27	28
12.59	13.74	28
19.66	26.19	28
33.77	42.08	28
62.47	89.87	28
117.17	173.97	28
226.53	335.28	28
449.59	675.31	28
838.94	1276.89	28
1273.43	1958.84	28
1691.42	2549.11	28
2133.23	3218.66	28
2540.76	3372.53	28
3385.16	4394.61	28
3951.72	5078.61	28
3746.26	5643.65	28
1.8	1.78	28
2.25	3.08	28
3.06	2.86	28
3.76	3.69	28
4.24	3.99	28
4.47	4.03	28
5.17	5.29	28
6.24	6.04	28
8.51	6.98	28
12.79	9.88	28
21.64	16.27	28
32.05	22.42	28
69.65	38.43	28
133.46	70.24	28
259.88	133.65	28
511.08	338.08	28
1015.58	500.02	28
2025.65	999.61	28
3929.65	1938.44	28
5855.01	2848.67	28
7837.95	3836.72	28
9773.93	4697.76	28
11682.99	5706.56	28
13685.8	6599.25	28
15469.31	7499.63	28
17339.47	8361.33	28
1.78	1.63	28
2.39	2.33	28
2.64	3.02	28
3.28	3.35	28
3.37	3.42	28
3.92	3.65	28
3.7	3.7	28
4.7	3.63	28
5.81	5.17	28
7.24	6.87	28
9.67	8.71	28
14.64	15.61	28
21.55	25.16	28
35.58	45.77	28
71.59	83.79	28
148.31	162.43	28
224.01	290.71	28
442.9	620.07	28
974.47	1193.69	28
1459.51	1775.47	28
1680.84	2364.75	28
2073.16	2960.0	28
2872.8	3539.75	28
2870.03	4077.84	28
3337.78	4246.9	28
4286.41	4838.66	28
0.84	0.75	29
1.01	1.01	29
1.24	1.28	29
1.61	1.44	29
2.03	2.16	29
2.38	2.64	29
3.39	2.89	29
3.04	3.17	29
3.47	3.28	29
3.62	3.04	29
3.89	3.88	29
4.35	4.42	29
5.56	5.11	29
7.2	7.24	29
11.2	10.75	29
17.3	17.62	29
32.01	36.03	29
57.29	66.3	29
109.01	108.71	29
210.69	279.64	29
416.68	480.51	29
778.87	773.83	29
1177.96	1371.68	29
1572.22	1552.12	29
1944.89	2279.39	29
2302.8	2756.55	29
2748.06	2652.72	29
3074.14	3066.57	29
3502.91	3511.32	29
0.8	0.87	29
0.98	0.96	29
1.19	1.28	29
1.58	1.56	29
1.9	2.11	29
2.78	2.69	29
3.5	3.11	29
3.13	3.11	29
3.44	3.43	29
3.88	3.77	29
4.78	4.33	29
6.54	5.71	29
10.4	9.97	29
16.51	14.23	29
31.6	31.83	29
59.73	59.22	29
115.77	98.92	29
225.69	226.25	29
446.05	379.29	29
882.74	881.67	29
1750.07	928.91	29
3411.46	2903.81	29
4985.8	4206.55	29
6551.72	5533.0	29
8153.91	8082.81	29
9665.57	9681.94	29
11207.93	11252.93	29
12754.24	10820.8	29
14324.7	14370.48	29
0.8	0.88	29
0.94	0.97	29
1.16	1.13	29
1.44	1.53	29
2.12	2.13	29
2.61	2.63	29
2.93	3.02	29
3.02	3.14	29
3.55	3.56	29
3.56	3.83	29
4.2	3.91	29
4.8	5.05	29
6.41	6.12	29
8.31	9.26	29
12.66	12.41	29
19.07	19.48	29
37.05	33.37	29
65.91	73.0	29
108.92	109.51	29
215.18	207.43	29
415.21	407.82	29
793.85	916.17	29
1161.89	1176.59	29
1548.99	1580.05	29
1938.68	1928.67	29
2280.28	2330.83	29
3163.99	2672.44	29
3589.54	3571.51	29
3458.06	3974.54	29
0.9	0.87	29
0.99	1.0	29
1.14	1.34	29
1.7	1.83	29
2.28	2.36	29
2.57	2.71	29
2.95	2.65	29
3.25	3.45	29
3.26	3.31	29
4.69	3.87	29
5.07	4.84	29
6.9	7.29	29
10.5	10.74	29
18.41	18.46	29
32.68	32.11	29
59.61	59.2	29
115.13	114.68	29
223.13	189.18	29
440.89	298.8	29
861.11	862.95	29
1436.99	922.92	29
3339.18	2795.16	29
4905.57	4894.75	29
5502.04	5460.92	29
9150.31	6779.01	29
9711.17	6721.23	29
9563.04	9512.09	29
12808.11	10831.43	29
14358.28	14321.0	29
1.06	0.97	30
1.57	1.21	30
1.35	1.35	30
1.75	1.57	30
1.98	2.11	30
2.52	2.82	30
3.31	3.04	30
3.37	2.96	30
3.85	3.15	30
3.67	3.36	30
3.92	3.6	30
5.14	4.63	30
6.84	6.72	30
8.53	9.11	30
15.65	14.95	30
26.59	25.97	30
48.2	48.43	30
90.36	98.75	30
175.02	175.9	30
349.86	342.19	30
743.94	682.35	30
1320.31	1580.59	30
2175.95	1955.04	30
2653.43	2620.15	30
3242.06	3884.09	30
4318.96	3947.58	30
4627.53	5067.18	30
5240.59	5275.45	30
5797.81	5921.94	30
0.99	0.92	30
1.16	1.03	30
1.33	1.24	30
1.65	1.7	30
2.22	2.2	30
2.91	2.68	30
3.26	3.05	30
3.74	3.48	30
3.26	3.34	30
4.09	3.95	30
4.57	4.7	30
6.58	6.03	30
9.76	7.95	30
15.21	12.86	30
25.89	19.22	30
48.59	41.13	30
92.39	93.12	30
181.66	154.49	30
361.66	363.28	30
594.41	595.02	30
1187.85	1431.18	30
2770.1	2766.99	30
4130.32	3429.6	30
5473.46	2761.48	30
6836.96	3469.09	30
8153.43	6842.74	30
9502.46	9499.33	30
10881.57	10853.59	30
12221.97	10179.16	30
0.91	0.94	30
1.0	1.11	30
1.17	1.29	30
1.77	1.59	30
2.21	2.07	30
2.8	2.99	30
3.18	3.01	30
3.37	3.38	30
3.36	3.11	30
3.8	3.98	30
4.32	4.23	30
5.06	5.16	30
6.86	6.49	30
10.3	10.45	30
15.47	15.75	30
27.07	27.96	30
50.26	48.29	30
91.76	92.8	30
177.23	189.45	30
344.41	394.85	30
686.67	694.27	30
1340.04	1447.12	30
1979.09	1972.18	30
2642.82	2627.74	30
3300.93	3498.89	30
3915.03	4183.18	30
4613.01	4534.14	30
5626.07	5177.01	30
5960.12	6276.97	30
0.94	0.87	30
1.01	0.97	30
1.36	1.19	30
1.77	1.73	30
2.21	2.33	30
2.87	2.46	30
3.2	2.84	30
4.11	3.38	30
3.41	3.54	30
3.77	4.07	30
4.98	4.55	30
6.87	5.66	30
9.85	9.3	30
15.54	13.92	30
27.48	21.02	30
49.19	43.42	30
80.47	93.39	30
182.01	154.0	30
362.85	362.66	30
713.45	484.29	30
1423.04	1417.72	30
2776.68	2323.96	30
4126.91	3451.71	30
5460.9	4581.0	30
6832.09	3567.12	30
8176.62	5561.02	30
9543.73	9502.59	30
10849.26	9040.63	30
10184.53	6359.09	30
1.01	0.87	31
1.19	1.01	31
1.61	1.96	31
1.71	1.73	31
2.26	2.04	31
3.15	2.66	31
3.31	2.67	31
2.91	3.25	31
3.61	3.38	31
4.12	3.82	31
4.63	4.85	31
6.42	6.39	31
9.42	9.1	31
14.83	14.83	31
26.29	22.88	31
48.76	42.02	31
93.15	77.96	31
181.92	152.43	31
358.89	300.82	31
715.2	479.87	31
1426.79	1188.81	31
2767.46	1851.61	31
4111.08	4113.66	31
5449.5	5459.11	31
6814.56	5695.65	31
8139.08	5449.45	31
9536.11	9482.28	31
10887.9	10844.85	31
12200.96	10197.6	31
0.94	1.03	31
1.18	1.07	31
1.28	1.25	31
1.67	1.55	31
2.28	2.05	31
2.66	2.77	31
3.41	2.96	31
3.41	3.52	31
3.7	3.11	31
3.81	3.35	31
4.18	5.01	31
5.22	4.74	31
6.58	6.63	31
9.3	9.96	31
14.75	15.55	31
27.81	28.66	31
49.16	56.17	31
91.58	89.88	31
192.74	193.93	31
347.16	348.53	31
692.3	747.74	31
1355.47	1559.39	31
1993.35	2352.56	31
2646.38	2862.05	31
3294.87	3914.48	31
3895.97	3941.47	31
4613.81	4972.79	31
5273.85	5733.25	31
5911.77	6409.3	31
0.97	0.97	31
1.1	1.08	31
1.23	1.25	31
1.63	1.51	31
2.09	2.23	31
2.73	2.97	31
3.18	2.66	31
3.5	3.06	31
3.74	3.67	31
4.28	4.47	31
5.0	5.2	31
6.48	6.08	31
9.49	9.7	31
16.19	15.41	31
27.12	27.32	31
49.79	44.72	31
79.73	64.41	31
153.88	182.35	31
360.09	304.76	31
714.11	595.67	31
1426.69	1191.88	31
2784.5	2773.19	31
4116.55	4118.22	31
5474.47	4578.82	31
6824.38	5672.98	31
8143.88	4244.31	31
9533.17	6457.95	31
10895.9	10887.17	31
12220.5	10148.05	31
0.96	0.93	31
1.14	1.17	31
1.34	1.8	31
1.67	1.71	31
2.29	2.32	31
2.96	2.72	31
3.58	3.57	31
2.81	3.03	31
3.88	3.27	31
3.91	3.61	31
4.5	4.75	31
5.26	4.96	31
7.0	6.72	31
10.73	10.6	31
16.43	16.71	31
27.81	31.17	31
49.26	54.75	31
92.03	99.88	31
177.99	202.34	31
351.04	419.36	31
686.73	735.26	31
1336.11	1534.51	31
1990.64	2270.44	31
2609.04	2832.83	31
3288.19	3798.89	31
4222.6	4240.73	31
4631.73	5335.2	31
5217.6	5897.24	31
5873.23	6229.79	31
1.13	0.91	32
1.01	1.05	32
1.28	1.66	32
1.87	1.57	32
2.18	2.17	32
2.33	2.63	32
3.11	2.9	32
3.19	3.38	32
3.09	3.47	32
3.96	4.16	32
5.02	4.67	32
6.0	6.91	32
10.54	9.52	32
17.82	17.54	32
31.8	28.22	32
50.79	52.94	32
117.47	117.3	32
193.73	193.08	32
448.37	384.36	32
853.87	473.33	32
1679.11	1178.5	32
3236.5	2268.69	32
4805.87	4809.23	32
6367.1	5381.86	32
7938.74	7909.6	32
9548.17	5263.48	32
11101.85	9410.77	32
12606.44	12629.14	32
14268.78	12039.18	32
0.86	0.85	32
1.06	0.97	32
1.25	1.25	32
1.87	1.56	32
2.22	2.1	32
2.83	2.64	32
2.98	3.18	32
3.07	3.04	32
2.79	3.35	32
3.83	3.75	32
3.68	4.01	32
4.2	4.26	32
5.63	5.45	32
7.43	7.88	32
10.88	10.69	32
17.81	20.04	32
35.97	36.13	32
56.81	65.7	32
109.41	108.54	32
206.06	208.83	32
408.08	406.26	32
783.02	944.49	32
1159.91	1388.01	32
1537.61	1818.42	32
1928.17	1953.13	32
2371.59	2280.12	32
2735.1	2731.98	32
3092.15	3021.39	32
3494.07	3433.89	32
0.89	0.93	32
1.08	1.04	32
1.21	1.09	32
1.72	1.53	32
2.2	2.18	32
2.8	2.74	32
2.89	3.09	32
3.47	2.7	32
3.58	3.58	32
4.26	3.5	32
5.11	4.7	32
6.71	6.72	32
10.15	9.71	32
17.65	12.22	32
30.92	25.75	32
56.43	57.25	32
109.14	93.54	32
211.2	182.34	32
416.38	353.65	32
829.69	584.05	32
1651.88	1649.93	32
3213.92	2725.95	32
4802.98	3321.3	32
6315.56	5373.19	32
7898.43	6752.9	32
9450.41	8061.59	32
11042.19	7704.88	32
12642.56	12585.89	32
14176.7	11928.53	32
0.97	0.98	32
1.1	1.08	32
1.49	1.72	32
2.64	2.03	32
2.42	2.09	32
3.98	2.92	32
3.47	2.73	32
3.17	3.21	32
3.13	3.56	32
3.82	3.57	32
3.94	4.32	32
4.78	5.04	32
6.58	6.16	32
9.26	9.1	32
12.51	12.44	32
19.2	20.11	32
32.83	32.94	32
58.89	59.31	32
111.0	125.54	32
241.87	211.16	32
473.28	413.46	32
805.54	793.41	32
1183.5	1160.97	32
1575.59	1558.79	32
1949.37	2259.88	32
2657.09	2669.93	32
3140.26	2705.72	32
3077.74	4026.7	32
3464.36	3462.42	32
1.22	1.14	33
1.29	1.4	33
1.47	1.24	33
1.39	1.31	33
1.59	1.66	33
1.57	1.48	33
1.71	1.61	33
1.65	1.49	33
2.13	1.95	33
2.41	2.77	33
3.38	3.53	33
5.1	4.99	33
8.16	7.86	33
14.14	13.65	33
25.42	25.32	33
48.04	52.21	33
91.04	89.95	33
177.47	173.77	33
350.73	347.09	33
682.18	662.24	33
1018.06	1091.41	33
1323.0	1305.66	33
1649.81	1639.47	33
1960.09	1964.65	33
2325.14	2251.45	33
2620.34	2846.87	33
2933.59	2948.52	33
1.05	0.99	33
1.27	1.25	33
1.52	1.13	33
1.48	1.57	33
1.54	1.41	33
1.71	1.53	33
1.75	1.6	33
2.25	2.14	33
3.02	2.68	33
4.39	4.28	33
6.96	6.27	33
12.64	12.57	33
23.9	18.82	33
46.44	45.87	33
89.92	79.77	33
176.92	177.48	33
348.25	348.34	33
695.38	692.01	33
1384.65	1395.92	33
2688.76	2686.18	33
4037.01	4026.21	33
5320.99	5348.89	33
6652.15	6623.15	33
7946.23	7959.45	33
9211.6	9230.99	33
10629.44	10600.58	33
11965.45	11840.92	33
1.22	1.12	33
1.45	1.35	33
1.25	1.27	33
1.33	1.33	33
1.64	1.48	33
1.58	1.77	33
1.63	1.66	33
1.83	2.06	33
2.22	2.33	33
2.98	2.82	33
4.23	4.09	33
6.1	6.06	33
9.43	9.26	33
15.28	15.31	33
27.2	26.79	33
49.26	48.86	33
93.04	92.8	33
179.54	175.91	33
353.96	349.15	33
672.18	663.69	33
1006.29	1003.95	33
1308.81	1311.92	33
1673.87	1658.42	33
1970.75	1955.08	33
2342.25	2289.72	33
2629.62	2639.45	33
2975.25	2929.75	33
1.09	1.03	33
1.23	1.2	33
1.42	1.53	33
1.48	1.48	33
1.49	1.48	33
1.7	1.42	33
2.03	1.93	33
2.38	2.18	33
3.15	2.89	33
4.93	4.66	33
7.79	7.58	33
13.55	13.74	33
24.71	25.07	33
47.32	47.05	33
90.17	91.56	33
176.53	177.04	33
352.36	350.21	33
694.85	697.83	33
1389.18	1388.4	33
2706.03	2401.16	33
4023.04	3998.57	33
5352.52	5315.75	33
6665.22	6613.01	33
7925.64	7878.09	33
9242.81	9325.44	33
10564.62	9434.06	33
11964.23	10566.39	33
1.25	1.1	34
1.34	1.34	34
1.51	1.44	34
1.55	1.39	34
1.65	1.46	34
1.74	1.61	34
1.82	1.91	34
1.96	1.84	34
2.67	2.41	34
3.21	3.04	34
4.26	4.82	34
7.13	7.7	34
12.27	12.36	34
22.79	23.66	34
43.65	42.71	34
82.8	83.49	34
160.28	158.34	34
312.29	313.64	34
616.23	622.49	34
1186.32	1256.27	34
1808.75	1787.91	34
2385.64	2391.76	34
2947.54	3285.95	34
3583.15	3528.37	34
4148.0	4548.22	34
4739.12	4668.99	34
5296.53	5321.25	34
1.39	1.21	34
1.43	1.32	34
1.49	1.96	34
1.51	1.55	34
2.22	1.55	34
1.68	1.75	34
2.03	1.67	34
2.46	2.17	34
2.87	2.86	34
3.91	3.5	34
6.33	6.46	34
11.0	10.99	34
20.07	20.24	34
37.33	37.36	34
72.79	72.89	34
144.31	144.27	34
288.06	286.08	34
569.63	569.97	34
1141.24	1138.43	34
2212.75	2228.55	34
3296.7	3290.79	34
4377.37	4380.34	34
5468.45	5458.31	34
6534.81	6524.94	34
7622.79	7630.05	34
8726.46	8702.87	34
9791.58	9776.13	34
1.29	1.1	34
1.48	1.38	34
1.65	1.41	34
1.51	1.39	34
1.79	1.59	34
1.58	1.76	34
2.09	1.83	34
2.29	2.06	34
2.52	2.46	34
3.52	3.49	34
5.23	5.09	34
8.26	7.79	34
13.31	13.49	34
23.5	23.47	34
43.77	44.76	34
82.86	82.04	34
160.99	163.46	34
313.79	310.33	34
621.57	622.19	34
1195.64	1266.71	34
1786.04	1805.79	34
2397.73	2466.41	34
3017.37	2994.55	34
3599.91	3549.9	34
4160.42	4371.49	34
4738.39	4745.02	34
5352.14	5354.45	34
1.26	1.26	34
1.6	1.32	34
1.5	1.36	34
1.67	1.22	34
1.71	1.4	34
1.75	1.41	34
1.89	2.04	34
2.45	2.26	34
3.14	2.91	34
4.3	4.22	34
6.77	6.15	34
12.04	11.68	34
20.83	20.91	34
38.93	39.21	34
74.95	74.97	34
144.72	145.27	34
290.0	285.96	34
570.97	573.97	34
1136.72	1137.82	34
2212.51	2217.72	34
3296.37	3297.51	34
4384.77	4380.06	34
5457.24	5460.18	34
6545.81	5842.67	34
7634.7	7614.19	34
8698.93	8702.0	34
9788.7	9766.86	34
1.26	1.25	35
1.39	1.29	35
1.41	1.28	35
1.47	1.47	35
1.45	1.53	35
1.78	1.53	35
1.8	1.68	35
2.14	2.08	35
2.92	2.82	35
4.23	3.94	35
6.38	6.22	35
10.81	11.61	35
20.13	20.12	35
38.51	37.42	35
74.11	73.61	35
143.54	144.59	35
285.21	284.46	35
571.34	568.42	35
1135.73	1133.56	35
2218.76	1964.17	35
3297.17	3289.13	35
4373.35	4369.15	35
5476.69	4860.01	35
6544.99	6534.53	35
7619.94	7627.66	35
8684.76	8702.81	35
9778.88	9771.53	35
1.18	1.22	35
1.39	1.39	35
1.51	1.3	35
1.45	1.42	35
1.51	1.64	35
1.72	1.58	35
1.82	1.88	35
2.32	2.03	35
2.36	2.58	35
3.27	3.27	35
4.46	4.84	35
7.11	7.0	35
12.5	12.17	35
22.56	22.12	35
43.08	43.37	35
81.76	82.2	35
159.33	157.34	35
315.75	311.17	35
621.35	619.27	35
1208.14	1196.71	35
1787.65	1795.06	35
2360.87	2370.53	35
2995.68	2979.37	35
3530.54	3504.51	35
4153.0	4085.5	35
5026.77	4662.53	35
5286.81	5504.85	35
1.27	1.25	35
1.51	1.39	35
1.41	1.39	35
1.68	1.47	35
1.5	1.41	35
1.79	1.53	35
1.94	1.78	35
2.4	2.26	35
3.08	2.75	35
4.15	4.42	35
7.16	6.92	35
12.06	11.9	35
21.22	18.73	35
38.54	38.15	35
74.0	75.0	35
145.3	130.23	35
286.34	285.11	35
571.39	566.68	35
1137.78	1136.75	35
2215.01	2212.77	35
3301.03	3297.82	35
4385.77	3911.53	35
5480.42	5470.5	35
6549.51	5846.28	35
7616.02	7612.85	35
8702.56	8701.7	35
9780.49	9780.75	35
1.26	1.04	35
1.39	1.21	35
1.62	1.45	35
1.45	1.44	35
1.82	1.46	35
1.68	1.58	35
1.87	1.85	35
2.16	2.02	35
2.76	2.6	35
3.58	3.46	35
4.95	4.95	35
8.39	8.07	35
13.37	13.12	35
23.97	23.35	35
46.46	45.1	35
83.47	82.64	35
161.76	162.67	35
316.38	315.63	35
627.1	624.37	35
1224.49	1215.86	35
1798.5	1788.4	35
2368.55	2394.41	35
2973.03	2990.73	35
3597.19	3678.43	35
4141.68	4099.46	35
4704.26	4699.59	35
5365.72	5347.83	35
1.22	1.06	36
1.24	1.28	36
1.29	1.34	36
1.39	1.35	36
1.41	1.44	36
1.56	1.54	36
1.63	1.6	36
1.99	2.21	36
2.71	2.69	36
4.15	4.12	36
7.32	6.29	36
12.6	12.93	36
24.09	21.13	36
46.54	46.02	36
91.92	90.13	36
179.05	176.14	36
348.57	348.28	36
697.01	693.72	36
1387.5	1386.25	36
2706.73	2675.24	36
4049.8	4008.82	36
5341.81	5325.29	36
6684.17	6627.83	36
7971.41	7004.72	36
9306.96	9277.01	36
10633.28	10544.51	36
11943.74	11891.0	36
1.14	1.17	36
1.3	1.2	36
1.43	1.39	36
1.45	1.25	36
1.46	1.36	36
1.54	1.48	36
1.84	1.53	36
1.88	2.0	36
2.21	2.03	36
2.49	2.46	36
3.5	3.31	36
5.14	5.14	36
7.91	7.88	36
13.6	13.8	36
26.01	25.52	36
48.16	52.0	36
92.48	90.52	36
178.67	175.77	36
349.21	344.95	36
682.36	670.84	36
998.86	989.38	36
1334.94	1478.47	36
1650.67	1668.89	36
1972.97	1968.18	36
2309.67	2503.22	36
2622.7	2613.19	36
2944.14	3263.47	36
1.18	1.11	36
1.31	1.28	36
1.36	1.31	36
1.57	1.33	36
1.64	1.59	36
1.59	1.66	36
2.31	1.82	36
2.31	2.2	36
2.93	2.78	36
4.55	4.43	36
7.88	7.47	36
14.04	13.61	36
25.28	25.28	36
46.66	46.54	36
90.61	90.27	36
180.18	178.21	36
350.35	350.86	36
697.31	698.09	36
1396.2	1378.09	36
2696.94	2393.11	36
3999.98	4013.91	36
5346.22	5349.44	36
6632.71	6642.38	36
8007.15	7073.95	36
9246.23	9295.84	36
10599.88	10599.33	36
11923.11	11851.46	36
1.29	1.04	36
1.21	1.16	36
1.55	1.34	36
1.37	1.36	36
1.4	1.28	36
1.59	1.48	36
1.81	1.68	36
2.04	1.86	36
2.39	2.51	36
2.92	3.05	36
4.44	3.95	36
6.32	6.17	36
9.24	9.35	36
15.33	15.56	36
26.87	26.75	36
49.17	49.11	36
92.37	92.01	36
178.25	176.48	36
350.54	394.19	36
677.06	672.56	36
994.77	1003.98	36
1333.5	1316.11	36
1643.18	1645.48	36
1995.01	1954.74	36
2283.27	2266.99	36
2583.75	2619.57	36
2935.15	2917.07	36
0.94	0.93	37
1.01	1.01	37
1.23	1.19	37
1.81	1.67	37
2.57	2.48	37
4.44	3.57	37
7.51	7.76	37
11.39	11.52	37
22.1	25.45	37
28.55	28.64	37
21.51	23.43	37
14.65	24.83	37
31.42	24.25	37
40.54	31.8	37
40.29	35.55	37
54.7	56.2	37
80.61	80.7	37
126.36	127.2	37
186.38	232.65	37
322.38	429.49	37
600.71	824.1	37
1158.84	1594.58	37
1645.88	2369.55	37
2194.06	3104.76	37
2672.89	3849.51	37
3212.7	4586.07	37
3745.8	5442.2	37
4277.63	6154.11	37
4844.23	7006.83	37
0.85	0.87	37
1.02	0.98	37
1.22	1.16	37
1.7	1.58	37
2.55	2.57	37
4.14	3.84	37
7.04	6.88	37
12.29	13.53	37
12.99	13.7	37
20.6	21.11	37
25.04	25.53	37
19.38	28.38	37
29.75	31.63	37
36.95	44.62	37
39.43	44.56	37
59.1	63.0	37
117.77	91.62	37
228.62	172.79	37
470.02	316.83	37
1007.92	614.5	37
2067.87	1177.92	37
4081.34	2292.3	37
6045.82	3398.92	37
8032.95	4544.71	37
9999.96	5659.28	37
12069.2	6756.68	37
13991.68	7984.33	37
15991.36	9014.55	37
17874.82	10137.91	37
0.93	0.86	37
1.1	1.07	37
1.27	1.24	37
1.81	1.66	37
2.7	2.65	37
4.24	4.23	37
7.78	7.04	37
8.79	12.73	37
14.94	19.48	37
22.36	17.95	37
21.53	25.11	37
25.99	28.72	37
34.27	19.09	37
30.74	30.08	37
38.21	37.64	37
53.84	54.54	37
78.92	76.32	37
141.86	120.48	37
239.08	222.92	37
432.64	416.77	37
849.48	797.01	37
1592.77	1527.17	37
2361.39	2211.73	37
3119.14	2977.75	37
3884.06	3663.34	37
4664.31	4453.61	37
5372.5	5161.61	37
6120.13	5830.4	37
6918.79	6611.25	37
0.81	0.9	37
0.99	1.05	37
1.16	1.25	37
1.6	1.65	37
2.56	2.48	37
4.3	4.42	37
7.55	6.63	37
13.21	12.41	37
16.58	20.28	37
32.39	17.82	37
22.33	25.36	37
16.01	21.0	37
34.8	23.53	37
30.26	27.02	37
53.91	38.86	37
64.12	65.9	37
141.97	94.9	37
248.35	161.84	37
511.2	288.28	37
1093.44	578.99	37
2248.13	1083.96	37
4312.34	2100.33	37
6540.31	3141.54	37
8704.38	4216.01	37
11052.56	5246.76	37
13014.36	6201.03	37
15242.64	7275.01	37
17404.94	8344.03	37
19481.8	9425.23	37
0.96	1.01	38
0.99	0.95	38
1.2	1.35	38
1.77	1.72	38
2.72	2.67	38
4.38	4.23	38
4.96	7.34	38
13.59	13.68	38
20.77	24.2	38
15.84	25.85	38
24.71	20.46	38
29.52	32.31	38
27.5	34.61	38
32.71	36.87	38
32.45	39.44	38
61.75	53.6	38
96.94	96.21	38
161.13	163.93	38
269.0	303.77	38
456.52	555.7	38
901.5	1079.85	38
1683.09	2087.73	38
2492.3	3108.4	38
3381.82	4087.76	38
3982.39	5130.45	38
4612.19	6043.6	38
5376.34	7173.86	38
6351.08	8085.34	38
6983.36	9121.45	38
0.97	1.05	38
1.02	1.09	38
1.3	1.28	38
1.72	1.67	38
2.79	2.99	38
4.45	4.59	38
6.95	7.85	38
14.85	13.97	38
21.67	25.85	38
26.78	22.44	38
26.11	25.1	38
25.13	16.22	38
35.19	23.48	38
28.69	33.74	38
54.2	37.64	38
59.31	60.66	38
107.56	95.35	38
158.41	141.74	38
447.88	266.36	38
895.16	497.72	38
1861.27	997.78	38
3713.74	1870.61	38
5395.36	2774.18	38
7252.27	3689.76	38
9014.36	4622.07	38
10819.25	5546.06	38
12532.94	6468.34	38
14310.71	7355.19	38
16147.28	8709.25	38
1.01	0.85	38
1.02	1.07	38
1.33	1.36	38
1.79	1.68	38
2.5	2.7	38
4.29	4.31	38
7.86	7.54	38
13.31	12.01	38
14.1	17.85	38
19.65	21.6	38
29.07	27.37	38
30.89	26.97	38
27.42	35.28	38
30.09	40.22	38
36.57	42.24	38
57.05	63.09	38
108.69	85.73	38
176.91	161.07	38
299.98	289.75	38
594.16	559.19	38
1075.34	1085.58	38
2139.28	2055.18	38
3087.25	3076.06	38
4069.49	4043.2	38
5098.76	5015.23	38
6057.7	6018.62	38
7039.86	7079.09	38
7978.53	7983.52	38
9033.19	9016.08	38
0.93	0.88	38
1.65	1.04	38
1.34	1.23	38
1.66	1.78	38
2.64	2.6	38
4.25	4.29	38
7.49	8.01	38
7.63	12.53	38
16.1	19.93	38
21.13	22.44	38
16.56	26.27	38
33.34	27.19	38
30.81	32.75	38
32.23	30.55	38
42.84	44.76	38
66.76	57.94	38
105.12	90.29	38
183.06	142.75	38
511.67	236.03	38
958.08	452.02	38
1959.65	882.51	38
3921.52	1683.31	38
5714.63	2461.56	38
7822.17	3267.22	38
9636.93	4135.97	38
11617.07	4898.72	38
13670.59	5660.17	38
14432.97	6522.89	38
17535.09	7314.17	38
1.08	0.93	39
1.09	1.01	39
1.22	1.34	39
1.82	1.79	39
2.74	2.64	39
4.14	4.36	39
7.94	6.13	39
9.53	8.98	39
20.47	13.9	39
21.56	18.82	39
28.12	15.01	39
33.06	32.44	39
30.24	28.65	39
29.58	33.09	39
38.24	53.59	39
53.25	43.77	39
91.06	78.14	39
215.78	140.17	39
448.07	261.38	39
921.99	499.26	39
1840.03	962.87	39
3593.55	1851.4	39
5311.26	2793.57	39
7203.45	3650.68	39
8997.03	4602.11	39
10792.05	5570.03	39
12433.78	6499.76	39
14230.09	7321.47	39
16094.01	8210.31	39
0.95	0.85	39
1.14	1.01	39
1.26	1.3	39
1.77	1.77	39
2.68	2.68	39
4.77	4.43	39
7.31	6.29	39
11.01	14.29	39
18.37	12.89	39
19.86	24.52	39
12.49	23.3	39
18.46	26.98	39
26.84	26.28	39
33.07	30.33	39
50.23	42.53	39
59.0	49.74	39
109.67	92.28	39
156.7	162.58	39
268.97	290.93	39
503.86	557.24	39
920.79	1088.19	39
1663.8	2083.04	39
2412.48	3072.64	39
3136.81	4100.62	39
3939.49	5080.3	39
4634.42	6118.56	39
5530.4	7059.53	39
6161.23	8115.49	39
6972.55	9189.56	39
0.95	0.93	39
1.07	1.09	39
1.29	1.33	39
1.82	1.82	39
2.68	2.64	39
4.52	4.46	39
7.03	7.8	39
14.0	13.8	39
19.14	21.95	39
19.03	26.78	39
33.61	26.69	39
26.69	19.29	39
28.28	34.65	39
33.63	33.87	39
35.35	47.23	39
56.77	52.17	39
98.57	93.32	39
237.72	139.87	39
499.01	243.66	39
1001.75	454.74	39
1937.55	877.64	39
3916.83	1680.59	39
5935.09	2499.33	39
7909.89	3225.43	39
9793.72	4071.55	39
11750.17	4901.63	39
13630.39	5668.79	39
15972.91	6541.99	39
16899.81	7315.04	39
0.92	1.4	39
1.1	1.01	39
1.3	1.3	39
1.78	1.69	39
2.69	2.71	39
4.23	3.34	39
7.33	7.93	39
14.48	13.37	39
23.47	18.34	39
18.8	17.97	39
16.69	25.12	39
19.01	17.42	39
26.17	28.79	39
32.47	39.47	39
50.25	40.74	39
68.17	58.49	39
86.43	100.28	39
168.18	149.86	39
319.23	289.79	39
579.73	555.67	39
1122.85	1081.63	39
2051.22	2055.9	39
3028.65	3079.13	39
4028.36	4100.19	39
5011.43	5101.95	39
6022.71	6056.75	39
6976.53	7067.68	39
7864.67	8050.08	39
8933.32	9004.69	39
0.96	0.9	40
1.01	0.94	40
1.27	1.19	40
1.77	1.75	40
2.68	2.62	40
4.09	4.1	40
8.02	7.58	40
8.24	12.87	40
14.32	23.31	40
21.48	26.81	40
24.95	20.89	40
32.33	16.5	40
25.4	24.58	40
37.26	37.06	40
44.83	38.03	40
69.85	55.24	40
129.98	98.78	40
253.02	176.68	40
493.77	324.9	40
954.82	606.37	40
2118.96	1193.31	40
4063.87	2312.8	40
6104.18	3405.86	40
8053.97	4543.76	40
10014.84	5652.62	40
12104.86	6770.88	40
13970.24	7853.31	40
16114.02	8925.8	40
18067.06	10123.65	40
0.89	1.07	40
1.02	1.56	40
1.22	1.15	40
1.87	1.73	40
2.59	2.56	40
4.36	4.29	40
7.51	7.54	40
13.79	11.41	40
18.32	18.0	40
22.02	14.41	40
25.79	27.75	40
21.73	23.19	40
33.0	25.92	40
38.33	29.67	40
33.12	45.34	40
52.29	58.61	40
76.29	74.73	40
116.97	133.99	40
186.38	237.87	40
336.81	427.58	40
609.89	834.48	40
1160.5	1587.7	40
1699.92	2365.47	40
2123.82	3063.88	40
2693.95	3853.67	40
3200.12	4613.07	40
3757.01	5294.63	40
4359.98	6145.54	40
4888.57	6895.99	40
0.97	0.77	40
1.1	0.99	40
1.26	1.13	40
1.71	1.67	40
2.61	2.63	40
4.42	4.47	40
7.38	7.79	40
10.33	10.08	40
17.87	17.35	40
17.43	17.84	40
25.26	31.2	40
26.76	22.93	40
31.21	26.94	40
37.74	28.14	40
52.59	44.64	40
69.41	73.14	40
109.37	94.05	40
282.32	162.72	40
502.64	296.32	40
1091.92	565.19	40
2275.25	1115.23	40
4428.93	2147.96	40
6566.1	3149.2	40
8708.55	4207.67	40
10881.32	5238.69	40
12583.41	6268.22	40
15232.32	7290.05	40
17376.93	8279.66	40
19518.73	9256.26	40
0.93	0.84	40
1.03	0.94	40
1.39	1.28	40
1.74	1.71	40
2.53	2.44	40
4.25	4.07	40
7.77	7.76	40
13.98	11.41	40
19.32	13.24	40
20.45	15.11	40
30.37	33.9	40
21.78	21.8	40
16.81	19.62	40
37.0	28.19	40
35.69	38.03	40
52.51	59.18	40
91.3	80.86	40
135.13	116.66	40
241.83	230.22	40
423.96	414.25	40
859.22	808.3	40
1610.0	1536.39	40
2390.27	2243.94	40
3152.25	2972.99	40
3944.88	3691.95	40
4642.7	4404.06	40
5407.99	5070.77	40
6295.79	5835.82	40
7103.3	6611.28	40
1.06	0.99	41
1.28	1.18	41
1.65	1.52	41
2.14	1.99	41
3.37	3.85	41
5.48	5.47	41
9.73	7.69	41
11.16	11.76	41
8.91	9.95	41
12.2	18.5	41
21.65	22.23	41
28.6	25.45	41
34.07	32.91	41
45.07	41.36	41
58.33	59.76	41
97.07	94.74	41
173.32	165.57	41
312.68	315.51	41
609.19	599.69	41
1156.5	1134.42	41
1710.37	1689.81	41
2296.08	2295.46	41
2805.44	2779.15	41
3368.61	3358.88	41
3943.44	3906.39	41
4474.84	4440.82	41
4957.45	4959.84	41
1.11	0.99	41
1.14	1.13	41
1.52	1.5	41
1.99	2.02	41
3.12	2.91	41
4.57	4.61	41
5.94	8.69	41
7.83	8.79	41
10.23	12.28	41
17.16	15.0	41
24.47	22.47	41
30.14	26.12	41
37.15	36.79	41
50.42	47.02	41
74.0	74.44	41
125.77	126.71	41
231.77	232.9	41
430.99	439.18	41
841.91	845.97	41
1623.52	1617.8	41
2399.07	2385.34	41
3179.76	3174.02	41
3921.86	3955.72	41
4773.14	4720.67	41
5496.94	5514.25	41
6334.26	6266.9	41
7074.49	7052.02	41
0.93	0.93	41
1.14	1.15	41
1.46	1.45	41
1.91	1.77	41
3.12	2.67	41
4.44	5.38	41
9.78	4.56	41
11.11	8.63	41
11.62	9.8	41
11.66	13.14	41
18.32	20.79	41
23.74	23.15	41
32.06	29.42	41
39.29	37.25	41
53.02	51.11	41
85.85	84.53	41
152.52	152.08	41
285.94	284.52	41
546.06	540.32	41
1053.96	1029.39	41
1551.84	1538.25	41
2022.2	2032.72	41
2543.51	2543.53	41
3020.82	2975.9	41
3493.0	3490.81	41
3992.99	4064.05	41
4522.47	4491.4	41
0.91	1.01	41
1.11	1.18	41
1.39	1.27	41
2.13	1.92	41
3.03	3.0	41
5.05	4.64	41
8.65	7.4	41
12.62	7.7	41
7.9	12.48	41
15.42	14.27	41
21.78	19.49	41
22.29	30.92	41
32.21	31.81	41
49.45	48.25	41
67.85	69.44	41
122.23	124.9	41
222.49	223.53	41
413.84	410.89	41
805.68	800.95	41
1528.4	1553.1	41
2268.83	2242.13	41
2974.72	2994.18	41
3744.87	3760.54	41
4380.86	4380.23	41
5160.7	5103.5	41
6387.19	6387.78	41
6571.92	6680.3	41
0.96	1.06	42
1.73	1.15	42
1.42	1.49	42
1.98	1.97	42
3.04	2.94	42
5.12	4.94	42
8.88	5.05	42
10.76	8.19	42
10.63	9.18	42
13.91	9.59	42
19.16	17.94	42
27.4	27.45	42
35.89	36.81	42
47.45	43.12	42
70.19	72.03	42
124.47	125.65	42
225.82	227.05	42
428.56	430.01	42
834.18	832.49	42
1599.72	1607.85	42
2375.26	2387.96	42
3125.04	3145.87	42
3936.5	3923.58	42
4684.3	4792.11	42
5480.02	5464.68	42
6249.65	6274.27	42
7025.6	7030.87	42
1.07	1.13	42
1.21	1.12	42
1.3	1.59	42
1.96	2.74	42
3.18	2.16	42
4.29	4.79	42
6.33	6.34	42
8.32	9.42	42
11.95	8.21	42
13.84	13.01	42
22.68	21.1	42
23.9	26.37	42
26.8	30.68	42
42.84	39.51	42
54.42	58.91	42
91.51	94.14	42
167.92	161.91	42
305.12	307.35	42
589.84	586.54	42
1122.31	1125.46	42
1655.59	1666.1	42
2204.0	2235.32	42
2755.31	2721.65	42
3277.97	3313.85	42
3791.17	3775.68	42
4354.09	4329.03	42
4888.95	4893.24	42
1.6	1.09	42
1.19	1.45	42
1.5	1.44	42
2.62	2.0	42
2.9	2.97	42
4.41	4.8	42
9.67	4.22	42
8.16	11.21	42
12.05	9.17	42
12.73	14.94	42
19.76	18.77	42
24.16	24.98	42
30.66	30.34	42
44.22	42.8	42
71.59	67.94	42
118.19	116.3	42
215.16	214.45	42
404.54	410.24	42
785.6	799.78	42
1507.55	1526.3	42
2282.75	2213.14	42
2999.65	3011.3	42
3689.72	3662.53	42
4465.85	4351.03	42
5102.46	5161.73	42
5894.02	5875.19	42
6580.96	6583.04	42
0.97	1.01	42
1.74	1.12	42
1.6	1.43	42
1.84	1.91	42
3.18	2.85	42
5.24	4.46	42
7.55	6.53	42
8.93	7.28	42
11.38	8.23	42
16.83	10.47	42
18.62	16.67	42
23.56	23.18	42
29.88	25.48	42
34.26	38.46	42
57.48	56.02	42
86.66	86.88	42
156.44	150.57	42
278.5	278.47	42
545.39	547.58	42
1029.5	1038.04	42
1513.27	1534.1	42
2031.69	2060.69	42
2532.37	2504.89	42
3017.37	2994.99	42
3573.95	3505.71	42
3939.59	3978.27	42
4404.14	4371.27	42
1.08	0.94	43
1.17	1.11	43
1.49	1.56	43
2.04	1.86	43
2.98	2.54	43
5.55	4.14	43
9.08	8.55	43
6.88	5.0	43
9.25	11.61	43
15.52	14.99	43
22.41	18.13	43
24.03	24.52	43
32.64	28.18	43
39.54	39.59	43
54.32	57.07	43
92.32	92.58	43
162.82	164.39	43
307.14	307.44	43
588.95	585.37	43
1124.42	1123.4	43
1671.79	1684.3	43
2210.28	2198.33	43
2728.33	2724.7	43
3289.72	3246.6	43
3828.9	3828.56	43
4360.38	4366.74	43
4906.96	4898.53	43
1.03	0.97	43
1.17	1.19	43
1.42	1.43	43
1.81	1.77	43
2.75	2.81	43
4.97	4.88	43
8.58	7.69	43
8.62	7.74	43
11.2	6.57	43
14.13	15.06	43
19.5	22.27	43
28.24	25.56	43
34.17	32.13	43
44.73	47.27	43
69.87	72.06	43
125.18	121.26	43
234.07	228.41	43
427.89	430.56	43
844.1	839.72	43
1616.17	1636.19	43
2376.58	2385.93	43
3144.57	3156.28	43
3943.56	3946.33	43
4749.67	4729.79	43
5434.97	5492.09	43
6227.94	6321.0	43
7020.76	7034.89	43
1.1	0.85	43
1.15	1.15	43
1.51	1.51	43
2.68	1.93	43
3.19	3.05	43
5.14	5.03	43
7.77	7.48	43
6.66	7.94	43
10.76	6.48	43
10.46	13.83	43
16.81	13.33	43
22.54	23.59	43
30.8	25.44	43
40.2	39.06	43
53.08	51.55	43
87.09	85.45	43
152.61	150.6	43
286.3	278.18	43
536.18	540.85	43
1043.33	1035.08	43
1540.36	1530.44	43
2002.65	2027.34	43
2503.13	2535.07	43
3014.23	2961.0	43
3465.77	3477.44	43
4008.86	4005.31	43
4473.1	4320.38	43
1.01	0.96	43
1.16	1.01	43
1.27	1.32	43
1.77	1.86	43
2.99	2.84	43
4.86	5.2	43
8.02	8.5	43
7.55	7.49	43
9.68	9.87	43
13.04	12.91	43
18.37	17.39	43
21.2	26.47	43
33.66	29.59	43
45.1	46.99	43
69.16	69.28	43
116.95	118.55	43
212.98	216.46	43
405.14	403.04	43
804.66	786.98	43
1498.68	1517.82	43
2265.88	2271.36	43
2919.06	2961.47	43
3741.74	3709.58	43
4354.43	4361.86	43
5060.97	5041.0	43
5908.86	5930.87	43
6595.34	6515.16	43
1.22	0.89	44
1.06	1.08	44
1.31	1.28	44
1.84	1.78	44
2.94	2.5	44
4.27	5.03	44
6.02	7.15	44
8.19	9.38	44
12.03	9.44	44
14.16	13.16	44
21.72	19.79	44
29.17	25.83	44
32.57	33.94	44
46.57	44.23	44
76.11	74.11	44
125.39	123.63	44
228.51	227.58	44
434.97	433.37	44
843.9	840.77	44
1626.49	1626.94	44
2388.96	2370.07	44
3144.22	3199.81	44
3939.19	3952.64	44
4720.52	4743.36	44
5500.47	5476.71	44
6261.13	6370.31	44
7067.78	7040.83	44
1.14	0.91	44
1.11	0.94	44
1.34	1.44	44
2.12	1.87	44
2.95	2.99	44
5.22	5.46	44
7.22	7.0	44
9.36	5.21	44
11.17	12.35	44
15.08	11.18	44
18.43	18.2	44
22.53	24.86	44
31.77	27.75	44
39.95	40.8	44
58.79	58.07	44
94.35	96.95	44
163.91	163.13	44
309.72	308.47	44
606.23	594.61	44
1151.76	1156.71	44
1720.85	1707.01	44
2289.15	2235.68	44
2764.87	2800.61	44
3331.25	3351.19	44
3873.11	3894.87	44
4479.69	4492.08	44
5029.52	5028.31	44
0.9	1.22	44
1.14	1.0	44
1.54	1.44	44
1.82	2.04	44
2.8	2.86	44
5.03	5.1	44
5.8	3.59	44
7.21	10.18	44
9.28	11.22	44
15.83	16.6	44
17.84	21.46	44
23.68	24.49	44
31.38	30.73	44
41.88	44.61	44
69.34	70.12	44
118.3	116.51	44
215.36	213.92	44
411.38	415.05	44
801.68	798.81	44
1516.0	1522.66	44
2247.03	2287.45	44
2956.84	2974.84	44
3747.92	3714.44	44
4439.95	4473.8	44
5181.58	5225.37	44
5873.02	5826.95	44
6660.88	6666.23	44
1.02	1.0	44
1.11	1.16	44
1.4	1.31	44
1.81	1.82	44
3.01	2.88	44
4.87	5.33	44
8.03	6.27	44
11.63	5.96	44
10.97	10.18	44
13.05	14.19	44
17.62	19.45	44
22.85	21.01	44
28.96	30.06	44
38.77	38.93	44
57.09	49.49	44
85.92	84.15	44
151.25	150.83	44
282.31	280.79	44
550.42	546.36	44
1038.03	1046.2	44
1537.99	1551.91	44
2042.45	2047.75	44
2532.96	2508.41	44
3046.78	3034.52	44
3527.11	3469.35	44
4038.22	3988.4	44
4894.67	4582.43	44
0.91	1.01	45
1.18	1.88	45
1.65	1.57	45
2.51	2.4	45
3.71	3.79	45
5.65	5.31	45
6.74	7.95	45
9.03	10.33	45
9.1	10.35	45
9.9	8.84	45
13.11	12.55	45
13.75	14.17	45
17.51	19.09	45
27.18	28.88	45
41.56	44.79	45
72.67	76.64	45
128.84	140.16	45
237.05	265.49	45
421.14	517.66	45
914.27	992.45	45
1646.04	1953.97	45
2196.35	2867.36	45
3031.57	3870.32	45
3949.91	4821.71	45
4362.32	5704.13	45
6132.16	6747.16	45
6273.63	7686.72	45
6484.22	8525.85	45
1.0	0.97	45
1.3	1.25	45
1.59	1.61	45
2.49	2.54	45
3.55	3.59	45
5.28	5.12	45
8.25	8.47	45
7.85	9.91	45
12.29	9.33	45
11.12	11.33	45
19.07	13.3	45
24.44	14.86	45
51.47	24.41	45
90.42	33.96	45
171.46	61.27	45
256.79	111.24	45
503.24	212.49	45
708.23	414.09	45
2572.62	819.36	45
3917.12	1616.16	45
5365.51	3139.46	45
11481.81	4689.6	45
19643.87	6266.97	45
18919.1	7794.53	45
29217.52	9354.64	45
18568.86	10819.55	45
39137.53	12434.07	45
23726.0	13955.52	45
1.08	0.99	45
1.17	1.2	45
1.74	1.66	45
3.1	2.48	45
4.43	4.36	45
5.86	5.8	45
8.59	7.96	45
8.74	7.63	45
11.66	8.46	45
11.32	8.17	45
12.09	9.08	45
15.9	14.8	45
24.97	18.83	45
28.54	28.11	45
43.6	41.63	45
74.76	71.39	45
120.59	128.59	45
234.23	241.77	45
466.12	465.58	45
907.12	933.99	45
1501.28	1781.55	45
2380.38	2676.53	45
3139.02	3533.94	45
3792.93	4396.06	45
4779.1	5258.11	45
5389.51	6165.57	45
5746.13	7021.46	45
6791.08	7716.28	45
1.0	1.0	45
1.16	1.15	45
1.63	1.65	45
2.45	2.38	45
3.87	3.32	45
6.01	5.55	45
7.85	8.63	45
9.24	9.93	45
9.24	10.0	45
11.04	9.73	45
14.61	9.38	45
25.67	12.83	45
42.97	20.09	45
52.01	32.36	45
95.59	57.2	45
254.61	103.12	45
348.32	196.71	45
1296.44	384.34	45
2552.77	760.72	45
3875.4	1500.46	45
9920.13	2933.9	45
14757.09	4380.83	45
10387.86	5807.36	45
12951.07	7226.68	45
22479.21	8628.7	45
26177.49	10032.79	45
38687.77	11487.0	45
23253.86	12954.54	45
1.07	1.05	46
1.37	1.31	46
2.15	1.66	46
2.72	2.37	46
4.25	3.74	46
6.42	6.32	46
7.52	7.95	46
9.6	9.08	46
9.03	9.86	46
11.28	10.03	46
13.65	11.88	46
16.78	13.6	46
23.76	19.65	46
31.33	32.13	46
59.73	53.59	46
93.06	96.11	46
180.81	179.43	46
330.92	328.97	46
640.23	652.91	46
1277.43	1306.02	46
2392.63	2566.43	46
3578.52	3796.64	46
4666.78	4983.53	46
5993.68	6187.78	46
7179.6	7472.4	46
8513.41	8728.46	46
9330.32	10019.59	46
10853.82	11043.91	46
1.18	1.13	46
1.4	1.26	46
1.79	1.76	46
2.88	2.72	46
4.29	4.24	46
5.97	6.54	46
8.22	8.33	46
9.89	8.45	46
10.12	8.01	46
11.29	8.95	46
13.3	7.84	46
17.34	15.2	46
48.94	20.76	46
85.96	29.7	46
159.27	51.25	46
89.02	91.16	46
457.21	174.76	46
915.86	338.76	46
1816.58	698.5	46
3650.71	1414.97	46
2793.86	2785.47	46
7370.39	4139.36	46
9877.46	5507.89	46
17710.5	6909.54	46
14844.52	8255.97	46
24713.11	9614.87	46
28264.61	10986.63	46
31630.23	12393.14	46
1.08	1.02	46
1.25	1.29	46
1.78	1.58	46
2.64	2.71	46
4.06	3.82	46
6.24	6.21	46
8.84	6.04	46
8.48	8.27	46
8.9	9.12	46
11.36	8.72	46
13.36	10.95	46
18.51	15.36	46
28.07	20.56	46
36.31	31.75	46
59.0	51.39	46
107.63	91.63	46
205.59	173.92	46
360.09	330.79	46
665.25	652.43	46
1290.49	1282.82	46
2339.99	2504.74	46
3564.92	3704.22	46
4973.28	4912.69	46
6076.87	6095.45	46
6998.79	7326.46	46
8263.87	8572.32	46
9631.59	9812.1	46
10955.5	10871.3	46
1.06	1.08	46
1.32	1.28	46
1.72	1.61	46
2.46	2.63	46
4.13	3.76	46
6.0	5.92	46
8.16	7.42	46
7.36	8.11	46
11.65	10.49	46
12.52	10.86	46
17.97	12.68	46
24.21	12.54	46
40.59	20.75	46
48.71	30.75	46
126.25	51.99	46
239.1	93.47	46
177.34	176.78	46
920.51	341.34	46
2419.8	685.22	46
2522.91	1370.98	46
9417.76	2662.81	46
13851.49	3944.52	46
14135.92	5232.17	46
6559.18	6515.41	46
14467.72	7799.01	46
27208.36	9081.41	46
27703.1	10349.7	46
21542.31	11643.88	46
1.11	1.04	47
1.26	1.28	47
1.92	1.61	47
2.67	2.42	47
3.97	3.64	47
6.15	5.52	47
8.28	6.52	47
7.92	8.22	47
9.09	9.77	47
9.7	12.08	47
12.88	10.64	47
23.36	15.28	47
16.44	19.59	47
58.44	29.94	47
49.83	52.12	47
205.81	94.97	47
391.65	173.48	47
344.58	337.41	47
2394.28	671.74	47
3058.76	1353.8	47
5958.37	2640.64	47
8915.19	3931.37	47
18299.67	5198.81	47
14677.8	6478.57	47
7779.06	7762.57	47
20743.15	9020.59	47
36705.83	10321.58	47
11609.13	11533.6	47
