0.89	0.96	1
1.02	1.09	1
1.23	1.38	1
1.57	1.76	1
2.51	2.76	1
3.89	4.03	1
6.63	6.72	1
9.08	10.85	1
12.59	14.76	1
10.85	13.59	1
11.18	17.91	1
12.9	17.05	1
15.79	18.3	1
19.64	18.73	1
24.43	23.88	1
35.22	29.13	1
61.95	43.88	1
100.49	70.11	1
134.69	126.62	1
249.05	235.89	1
464.04	442.44	1
941.04	822.66	1
1385.67	1261.27	1
1698.56	1635.09	1
2127.04	2064.22	1
2626.62	2502.7	1
2963.73	2839.68	1
3491.37	3168.91	1
3917.42	3652.78	1
0.8	0.88	1
1.0	0.97	1
1.74	1.28	1
1.72	1.69	1
3.15	2.48	1
3.98	4.18	1
5.93	7.26	1
11.06	9.49	1
11.07	13.27	1
15.56	13.53	1
17.78	16.14	1
16.77	20.43	1
13.58	20.21	1
27.45	25.36	1
31.02	43.64	1
55.34	68.71	1
90.89	123.93	1
146.24	223.79	1
270.66	446.76	1
642.61	858.24	1
1708.56	1709.77	1
3291.87	3326.56	1
4899.39	4962.09	1
6610.13	6576.44	1
8243.58	8235.76	1
9925.56	9750.29	1
11548.27	11493.21	1
12943.52	12956.97	1
14741.65	14608.19	1
0.82	0.8	1
1.05	0.94	1
1.31	1.33	1
1.81	1.68	1
2.36	2.4	1
4.18	3.92	1
6.64	7.05	1
10.26	11.17	1
11.76	13.23	1
10.24	14.26	1
15.18	15.85	1
16.46	15.2	1
16.56	18.27	1
22.43	19.42	1
23.73	22.69	1
33.51	29.98	1
54.27	45.41	1
76.94	73.68	1
147.83	125.72	1
312.56	229.32	1
531.79	446.15	1
1010.89	843.32	1
1716.48	1249.02	1
2587.85	1671.82	1
2862.6	2048.36	1
2912.24	2425.82	1
3927.05	2898.42	1
3926.3	3239.74	1
5772.25	3711.89	1
0.87	0.84	1
0.95	1.0	1
1.28	1.31	1
1.93	1.6	1
2.46	2.45	1
3.97	4.06	1
6.91	6.65	1
10.9	10.5	1
13.08	12.27	1
12.15	15.83	1
16.99	16.25	1
12.3	19.41	1
18.26	22.58	1
25.74	30.17	1
36.56	39.39	1
53.06	68.84	1
94.8	119.42	1
227.6	230.48	1
439.81	440.45	1
830.95	860.3	1
1765.99	1714.32	1
3396.44	3307.29	1
5231.03	4939.31	1
7021.74	6514.18	1
8708.16	8123.69	1
10473.66	9734.69	1
12147.86	11368.02	1
13861.84	12965.54	1
15075.98	14602.11	1
0.96	0.96	2
1.05	0.98	2
1.24	1.21	2
1.66	1.72	2
2.64	2.26	2
4.0	4.17	2
6.7	6.86	2
10.1	9.75	2
14.19	10.21	2
13.98	14.09	2
12.64	16.68	2
18.4	18.26	2
16.66	19.83	2
16.84	19.96	2
29.73	28.19	2
42.98	38.42	2
70.22	58.6	2
120.66	106.55	2
204.54	197.0	2
400.54	370.06	2
778.43	713.84	2
1467.01	1390.22	2
2144.1	2029.52	2
2866.05	2734.39	2
3451.5	3390.55	2
4190.45	4089.3	2
4972.05	4713.58	2
5702.48	5446.44	2
6343.06	6078.67	2
0.92	1.0	2
1.08	0.96	2
1.25	1.2	2
1.7	1.68	2
2.35	2.56	2
4.05	4.22	2
6.78	6.2	2
10.09	9.77	2
15.07	12.86	2
15.0	15.99	2
16.81	17.77	2
10.66	15.69	2
21.39	23.35	2
18.6	27.47	2
30.87	40.94	2
40.33	61.13	2
78.93	109.24	2
175.01	195.32	2
221.06	384.5	2
461.22	746.75	2
1484.34	1466.1	2
2869.4	2860.53	2
4214.96	4274.37	2
5634.6	5656.61	2
7116.62	7041.57	2
8674.3	8449.27	2
9882.08	9868.62	2
11515.89	11215.83	2
12933.12	12609.71	2
0.98	0.98	2
1.07	1.25	2
1.32	1.21	2
1.73	1.63	2
2.62	2.6	2
4.06	4.24	2
6.35	6.96	2
11.04	10.39	2
12.65	13.91	2
14.97	16.88	2
9.97	17.71	2
12.52	18.36	2
19.79	21.32	2
20.15	21.91	2
25.22	28.98	2
39.95	37.11	2
70.38	58.94	2
130.42	107.03	2
223.19	193.02	2
402.01	367.99	2
731.45	726.88	2
1385.32	1395.38	2
2242.23	2041.78	2
3193.6	2731.77	2
3445.83	3354.42	2
4426.89	4059.92	2
4803.04	4711.77	2
6365.41	5390.91	2
7141.0	6106.73	2
0.85	0.95	2
0.98	0.96	2
1.18	1.22	2
1.63	1.72	2
2.7	2.58	2
3.84	4.09	2
7.08	7.04	2
9.52	10.93	2
15.47	14.73	2
10.74	15.46	2
8.98	16.75	2
14.04	17.31	2
16.02	23.26	2
26.36	27.3	2
37.46	40.93	2
47.28	63.43	2
64.71	109.31	2
175.59	199.81	2
219.83	379.74	2
648.82	754.18	2
1574.36	1461.53	2
3040.14	2853.23	2
4416.69	4268.88	2
6004.74	5665.72	2
7632.09	7073.86	2
10063.84	9476.51	2
10205.41	9843.16	2
12119.61	11237.12	2
13682.83	12631.24	2
1.49	0.89	3
1.19	1.13	3
1.2	1.24	3
1.8	1.83	3
2.65	2.53	3
3.6	4.22	3
6.64	6.6	3
9.81	10.54	3
13.12	14.37	3
15.05	16.01	3
15.58	17.63	3
16.11	19.13	3
17.6	21.0	3
19.74	28.31	3
29.74	39.95	3
57.08	62.43	3
81.21	111.12	3
149.51	198.44	3
329.86	385.31	3
650.13	748.11	3
1413.67	1486.67	3
2724.83	2883.23	3
4225.32	4272.45	3
5655.75	5666.98	3
6877.4	7029.14	3
8631.44	8456.28	3
9907.22	9769.17	3
11454.09	11176.34	3
12835.98	12676.64	3
0.94	0.96	3
1.0	1.05	3
1.28	1.31	3
1.72	1.68	3
2.5	2.51	3
4.35	3.89	3
5.3	7.04	3
7.9	9.87	3
13.39	14.82	3
14.25	13.78	3
14.37	17.57	3
14.01	17.96	3
19.8	20.94	3
20.39	20.83	3
28.65	26.93	3
46.95	39.85	3
68.71	63.11	3
114.81	106.91	3
200.85	194.09	3
390.02	375.19	3
756.15	721.65	3
1436.58	1395.8	3
2125.82	2042.35	3
2806.04	2726.95	3
3486.39	3403.92	3
4158.36	4075.09	3
4860.96	4750.23	3
5608.6	5461.22	3
6263.11	6094.88	3
0.98	0.93	3
1.09	1.12	3
1.22	1.27	3
1.81	1.72	3
2.51	2.47	3
3.89	4.01	3
5.42	6.64	3
10.52	11.1	3
13.14	14.91	3
9.98	16.55	3
15.01	16.21	3
12.69	20.02	3
13.38	19.26	3
22.75	26.76	3
31.36	35.93	3
36.64	65.17	3
94.91	111.28	3
175.39	201.89	3
274.88	383.14	3
754.51	739.56	3
1497.08	1482.3	3
2897.92	2875.73	3
4443.53	4273.37	3
5996.51	5644.07	3
7115.93	7137.68	3
9532.4	8433.66	3
10550.36	9832.56	3
12155.59	11236.17	3
13133.0	12604.1	3
0.92	1.03	3
1.02	1.03	3
1.22	1.24	3
1.63	1.76	3
2.49	2.58	3
4.11	4.09	3
6.24	6.94	3
11.15	11.04	3
10.97	12.93	3
14.97	14.28	3
14.8	17.3	3
14.75	18.31	3
17.16	18.04	3
22.38	22.54	3
27.99	27.47	3
44.82	36.47	3
73.43	61.8	3
105.65	101.21	3
225.52	196.46	3
408.21	377.26	3
781.52	726.84	3
1530.08	1387.81	3
2420.79	2077.4	3
2991.95	2758.01	3
4242.53	3438.3	3
4471.6	4059.08	3
5980.04	4735.15	3
6368.94	5443.12	3
7232.9	6203.59	3
0.88	0.87	4
1.0	1.0	4
1.27	1.21	4
1.7	1.61	4
2.4	2.33	4
4.01	4.08	4
6.75	6.59	4
9.56	10.71	4
13.74	13.68	4
13.15	16.15	4
16.67	17.38	4
14.54	19.72	4
15.6	20.83	4
25.23	28.45	4
34.5	41.01	4
48.59	69.62	4
78.2	117.23	4
141.69	232.64	4
275.69	433.67	4
645.97	856.14	4
1636.5	1718.07	4
3381.69	3322.03	4
4872.49	4906.54	4
6590.13	6530.84	4
8145.76	8166.18	4
9744.02	9797.37	4
11465.32	11329.58	4
13123.56	13008.88	4
14730.23	14614.37	4
0.86	0.92	4
1.02	1.04	4
1.25	1.26	4
1.63	1.83	4
2.44	2.66	4
4.03	4.18	4
6.52	6.66	4
9.64	11.7	4
12.84	11.39	4
12.52	14.31	4
8.1	17.12	4
15.02	17.67	4
17.75	18.06	4
18.42	20.82	4
23.02	24.7	4
31.88	31.9	4
50.5	43.19	4
75.08	73.66	4
150.55	126.56	4
263.91	233.63	4
457.93	441.68	4
880.92	846.45	4
1321.4	1243.61	4
1704.25	1654.65	4
2204.41	2075.46	4
2711.43	2448.75	4
3034.76	2862.38	4
3300.6	3278.76	4
3860.41	3648.13	4
0.86	0.97	4
0.97	0.98	4
1.34	1.25	4
1.67	1.72	4
2.49	2.53	4
4.08	4.04	4
5.16	6.91	4
10.63	9.86	4
9.82	14.77	4
13.46	15.81	4
15.74	17.89	4
19.09	20.21	4
20.96	23.76	4
28.64	26.96	4
32.96	41.95	4
64.51	72.17	4
114.21	125.31	4
175.31	230.94	4
428.11	438.2	4
801.78	863.95	4
1743.62	1717.01	4
3418.97	3312.45	4
5142.38	4954.66	4
7181.17	6578.07	4
8672.43	8198.77	4
10461.36	9745.45	4
12230.06	11400.86	4
13513.09	12966.4	4
15054.94	14595.53	4
0.89	0.86	4
1.02	0.95	4
1.31	1.24	4
1.67	1.64	4
2.3	2.67	4
4.17	4.04	4
6.48	5.8	4
11.21	9.9	4
14.25	15.09	4
13.95	14.64	4
13.09	16.42	4
12.76	17.49	4
18.7	16.45	4
17.92	21.68	4
25.62	20.68	4
31.11	30.7	4
46.74	45.5	4
91.73	73.34	4
147.2	126.18	4
309.34	232.97	4
590.95	444.35	4
1165.05	846.85	4
1492.45	1277.94	4
2279.86	1646.38	4
2126.53	2077.94	4
2976.47	2463.22	4
3414.11	2892.85	4
3909.4	3271.95	4
5003.02	3646.37	4
0.95	1.0	5
1.24	1.2	5
1.75	1.65	5
2.55	2.54	5
4.25	4.07	5
6.14	7.65	5
10.26	12.91	5
22.61	22.62	5
20.43	34.27	5
12.76	39.09	5
23.49	37.91	5
20.46	48.36	5
18.93	46.53	5
39.08	54.63	5
48.75	64.91	5
66.05	84.5	5
124.65	119.32	5
185.26	182.52	5
298.39	325.63	5
580.68	563.43	5
1037.81	1023.35	5
1574.49	1545.23	5
2069.09	1954.88	5
2577.69	2502.54	5
3186.09	3018.29	5
3895.2	3511.35	5
4240.35	4032.57	5
4825.74	4534.07	5
0.98	0.93	5
1.22	1.28	5
1.66	1.63	5
3.08	2.55	5
4.34	4.05	5
7.48	7.48	5
13.32	13.42	5
18.31	23.1	5
24.13	34.2	5
16.2	40.49	5
18.1	36.91	5
29.73	50.57	5
30.31	51.16	5
47.07	74.29	5
65.44	107.14	5
122.61	168.62	5
270.76	295.49	5
530.12	549.09	5
1046.94	1068.17	5
2121.29	2101.51	5
4110.63	4056.95	5
6075.37	5990.86	5
8015.14	7979.56	5
10173.11	9936.98	5
12228.46	11937.58	5
14172.18	13913.08	5
16179.82	15799.79	5
18205.37	17759.34	5
1.0	0.97	5
1.27	1.25	5
1.73	1.75	5
2.47	2.66	5
4.47	4.31	5
6.27	7.69	5
13.26	13.39	5
18.5	22.35	5
26.8	33.9	5
17.77	39.7	5
19.66	40.91	5
24.21	42.97	5
30.04	48.16	5
38.24	55.29	5
42.34	53.41	5
73.09	85.85	5
119.54	125.97	5
224.78	186.19	5
348.33	322.82	5
629.49	557.5	5
1231.82	1025.08	5
2053.39	1539.0	5
2359.44	1978.45	5
2923.63	2533.11	5
3586.8	2940.86	5
4219.98	3470.46	5
4757.47	4004.68	5
6341.42	4567.75	5
1.04	0.97	5
1.2	1.12	5
1.74	1.72	5
2.39	2.57	5
4.19	4.21	5
7.44	7.56	5
13.16	13.11	5
9.32	21.94	5
21.64	31.03	5
28.39	41.72	5
23.79	42.6	5
19.81	45.15	5
32.9	59.4	5
53.93	68.98	5
81.85	102.81	5
139.38	165.68	5
292.28	294.16	5
548.0	554.7	5
1139.11	1063.24	5
2227.61	2100.46	5
4299.34	4089.83	5
6261.3	6019.22	5
8797.58	7949.37	5
10660.63	9938.86	5
12350.7	11946.04	5
15380.77	13832.12	5
18570.52	15915.5	5
19782.75	17797.34	5
1.1	0.99	6
1.32	1.24	6
1.86	1.64	6
2.61	2.58	6
4.36	4.36	6
5.77	7.75	6
12.29	12.97	6
13.96	21.18	6
21.24	34.87	6
20.03	42.41	6
23.61	41.65	6
21.08	46.17	6
25.23	52.2	6
44.62	55.65	6
59.41	72.5	6
93.74	101.49	6
141.71	157.94	6
239.81	265.8	6
460.24	449.66	6
838.99	827.57	6
1620.8	1572.8	6
2391.63	2381.42	6
3298.35	3205.09	6
4093.59	3930.73	6
4830.71	4740.59	6
5786.46	5555.61	6
6433.72	6378.46	6
7362.5	7159.01	6
1.06	0.97	6
1.28	1.25	6
1.67	1.68	6
2.63	2.46	6
4.11	4.43	6
6.25	7.15	6
10.03	13.8	6
14.18	20.78	6
24.87	33.2	6
21.91	33.12	6
19.24	38.78	6
25.97	45.39	6
26.79	54.46	6
37.48	67.81	6
76.51	114.07	6
146.95	174.78	6
263.85	299.12	6
462.68	549.91	6
914.36	934.11	6
1852.94	1844.93	6
3622.91	3543.66	6
5365.73	5311.11	6
7192.72	7003.85	6
8916.1	8740.36	6
10527.34	10430.25	6
12453.47	12215.89	6
14173.49	13948.71	6
15769.01	15653.09	6
1.11	1.0	6
1.27	1.39	6
1.69	1.76	6
2.69	2.61	6
4.27	4.28	6
7.54	7.57	6
9.3	12.39	6
16.95	21.47	6
22.31	34.27	6
23.8	41.76	6
21.49	44.47	6
19.71	43.59	6
30.7	49.43	6
39.76	55.66	6
55.98	75.39	6
94.78	107.68	6
151.38	162.35	6
298.69	257.1	6
500.51	447.8	6
1074.37	831.72	6
2031.03	1584.88	6
2574.04	2347.49	6
3508.01	3168.93	6
4724.89	3976.53	6
6072.56	4710.99	6
7061.89	5520.93	6
7536.02	6345.69	6
8513.73	7284.51	6
1.09	1.12	6
1.36	1.22	6
1.8	1.61	6
2.66	2.68	6
4.18	4.22	6
7.82	7.29	6
10.54	13.48	6
18.68	21.61	6
17.31	33.29	6
17.7	35.63	6
21.16	32.89	6
17.38	44.52	6
32.23	56.52	6
46.02	69.31	6
65.69	97.15	6
132.39	150.9	6
253.18	259.21	6
520.92	481.79	6
1012.58	937.2	6
1963.87	1820.19	6
3852.33	3551.73	6
5905.96	5304.63	6
7801.92	7050.34	6
9465.82	8681.36	6
10533.53	10456.11	6
13599.31	12145.99	6
15525.24	13802.62	6
16836.27	15649.13	6
1.12	1.06	7
1.3	1.25	7
2.42	1.74	7
2.51	2.63	7
4.66	4.58	7
6.48	7.33	7
13.16	13.58	7
14.85	21.86	7
16.16	33.13	7
26.91	42.2	7
23.97	38.48	7
26.81	48.42	7
25.59	53.63	7
31.94	65.1	7
57.89	95.19	7
97.37	153.51	7
238.44	261.69	7
456.06	481.49	7
916.37	943.98	7
1842.48	1845.4	7
3625.12	3545.32	7
5347.58	5302.09	7
7156.72	6980.64	7
8914.35	8709.74	7
10590.95	10397.55	7
12521.17	12108.08	7
13861.71	13771.97	7
15920.6	15538.22	7
1.06	1.06	7
1.33	1.39	7
1.87	1.72	7
2.59	2.52	7
4.38	4.31	7
7.49	7.62	7
10.96	12.03	7
10.76	20.33	7
24.48	33.88	7
22.27	32.54	7
28.06	46.2	7
26.43	48.4	7
28.12	51.9	7
39.3	55.47	7
54.26	76.17	7
98.66	109.94	7
147.52	168.55	7
236.32	266.5	7
470.93	458.44	7
924.56	884.84	7
1720.96	1699.55	7
2500.99	2461.4	7
3218.73	3214.53	7
3981.85	3936.33	7
4768.73	4704.28	7
5606.78	5465.53	7
6557.51	6321.38	7
7132.08	7177.61	7
1.03	1.0	7
1.32	1.24	7
1.66	1.72	7
2.67	2.64	7
4.44	4.18	7
7.52	7.47	7
8.14	12.78	7
14.51	21.45	7
18.9	30.21	7
25.37	31.18	7
20.68	37.48	7
32.25	43.02	7
33.58	51.67	7
43.15	61.69	7
53.17	93.06	7
124.66	146.85	7
249.81	263.75	7
487.47	487.79	7
944.63	940.22	7
1999.09	1837.66	7
3784.38	3562.66	7
5478.51	5289.5	7
7538.44	6991.99	7
9422.16	8717.92	7
11612.21	10358.89	7
13309.26	12123.16	7
15621.05	13987.72	7
16251.94	15565.29	7
1.06	1.25	7
1.38	1.28	7
1.74	1.7	7
2.56	2.58	7
4.5	4.25	7
7.38	7.26	7
12.25	12.03	7
22.82	22.68	7
18.79	34.74	7
24.44	40.75	7
21.31	38.43	7
25.42	49.41	7
39.95	51.71	7
40.09	57.33	7
55.38	82.23	7
90.39	104.25	7
168.25	153.17	7
265.97	268.69	7
601.56	514.58	7
1112.59	906.95	7
1947.75	1690.13	7
3124.59	2486.24	7
3566.06	3200.92	7
4720.16	3917.21	7
5583.07	4732.79	7
6661.08	5500.19	7
7568.99	6408.64	7
7835.16	7053.62	7
0.93	0.89	8
1.15	1.24	8
1.77	1.53	8
2.49	2.45	8
3.59	4.22	8
6.74	7.1	8
7.62	12.84	8
16.36	22.4	8
13.72	31.5	8
22.95	44.21	8
24.91	45.61	8
28.61	50.8	8
32.44	57.88	8
46.4	64.9	8
75.88	99.75	8
136.9	173.67	8
260.46	297.87	8
520.89	564.48	8
1067.83	1083.28	8
2105.91	2100.07	8
4140.47	4055.15	8
6081.92	6018.48	8
8138.7	7979.96	8
10143.35	9927.48	8
12137.36	11943.51	8
14197.94	13795.37	8
16159.14	15947.48	8
18479.16	17751.58	8
0.92	1.12	8
1.21	1.21	8
1.54	1.54	8
2.64	2.5	8
4.25	4.13	8
7.62	7.58	8
11.79	13.35	8
20.47	18.21	8
16.66	34.1	8
23.8	40.14	8
27.54	42.69	8
30.63	39.35	8
34.95	46.92	8
38.04	57.73	8
48.04	67.54	8
69.69	81.31	8
107.12	115.63	8
182.31	177.29	8
318.7	294.9	8
620.62	557.42	8
1105.51	980.02	8
1582.69	1496.26	8
2093.94	1958.8	8
2550.84	2352.98	8
3060.62	2873.59	8
3682.14	3468.77	8
4119.46	3859.51	8
4780.84	4385.73	8
1.01	0.94	8
1.11	1.22	8
1.67	2.19	8
2.58	2.5	8
4.46	4.24	8
7.78	7.35	8
13.62	12.72	8
12.77	23.66	8
22.04	33.75	8
20.72	37.14	8
20.11	41.72	8
26.01	45.19	8
30.62	50.92	8
43.74	65.2	8
82.39	107.19	8
142.04	175.99	8
291.78	303.93	8
578.86	560.16	8
1108.67	1065.76	8
2221.7	2106.48	8
4481.88	4080.35	8
6498.52	6044.98	8
8587.86	8023.55	8
10975.13	9949.62	8
12770.88	11847.44	8
13855.91	13901.18	8
16987.19	15853.14	8
19499.47	17740.75	8
0.99	0.91	8
1.35	1.14	8
1.7	1.58	8
2.62	2.42	8
4.05	4.35	8
7.5	7.16	8
8.76	13.31	8
16.96	23.45	8
8.48	30.83	8
17.11	41.61	8
22.59	44.22	8
27.5	43.99	8
34.16	46.56	8
38.87	55.72	8
51.78	65.91	8
76.5	85.74	8
117.97	124.6	8
208.86	178.81	8
432.46	293.9	8
750.34	531.6	8
1200.48	1012.42	8
1785.33	1455.8	8
3053.69	1979.82	8
3809.79	2390.5	8
4536.99	2930.03	8
5349.66	3458.7	8
4703.07	3834.79	8
6806.35	4424.09	8
1.27	1.17	9
1.46	1.4	9
1.57	1.45	9
1.63	1.89	9
2.15	2.08	9
2.51	2.47	9
3.1	3.48	9
4.59	5.2	9
6.4	8.95	9
9.42	15.23	9
16.08	25.62	9
26.03	46.83	9
47.4	81.81	9
86.94	154.5	9
166.37	300.12	9
327.46	586.91	9
633.55	1157.31	9
940.0	1643.55	9
1224.49	2310.33	9
1589.46	2711.89	9
1867.07	3349.88	9
2215.04	3816.82	9
2415.46	4524.68	9
2733.84	5022.5	9
1.06	1.23	9
1.28	1.36	9
1.82	1.6	9
2.25	2.24	9
2.98	3.43	9
3.5	5.81	9
4.52	10.45	9
6.81	20.23	9
11.66	38.55	9
20.74	76.08	9
38.41	149.46	9
74.43	294.96	9
144.9	588.21	9
292.13	1171.47	9
583.51	2327.56	9
1166.81	4659.35	9
2277.77	9005.25	9
3381.73	13482.6	9
4479.62	18008.99	9
5605.44	22061.55	9
6715.4	26764.95	9
7852.74	31551.97	9
8973.27	35186.9	9
10106.41	39669.52	9
1.31	1.22	9
1.5	1.27	9
1.61	1.48	9
2.14	1.72	9
2.0	2.25	9
2.76	2.47	9
3.74	3.59	9
4.43	5.24	9
5.99	8.76	9
9.69	16.15	9
14.26	26.33	9
23.53	44.31	9
39.32	82.58	9
77.7	156.08	9
146.82	305.65	9
295.16	598.32	9
521.09	1135.42	9
787.54	1699.28	9
1044.58	2282.93	9
1297.98	2832.51	9
1553.79	3276.09	9
1829.06	3832.65	9
2050.11	4334.16	9
2320.95	4885.23	9
1.2	1.31	9
1.57	1.34	9
1.66	1.64	9
2.51	2.27	9
3.74	3.51	9
3.45	6.52	9
4.74	10.51	9
6.9	20.22	9
11.31	38.55	9
20.33	76.05	9
38.03	148.92	9
74.28	296.26	9
142.96	586.27	9
283.28	1176.8	9
562.87	2338.56	9
1123.12	4607.11	9
2205.93	9017.96	9
3280.04	13473.18	9
4330.6	17840.28	9
5425.78	22383.69	9
6493.41	26641.96	9
7575.3	30947.07	9
8623.73	35510.93	9
9690.31	40221.67	9
1.2	1.26	10
1.53	1.36	10
1.72	1.75	10
2.07	2.72	10
2.32	2.3	10
3.65	2.71	10
3.92	3.92	10
6.01	5.99	10
10.2	10.02	10
17.02	20.39	10
32.77	35.07	10
62.16	68.6	10
120.07	135.31	10
233.3	267.64	10
462.66	529.59	10
923.7	1052.67	10
1784.44	2042.5	10
2658.99	3062.41	10
3521.74	4095.26	10
4407.32	5111.21	10
5219.74	6170.95	10
6110.22	7231.67	10
7004.81	8182.39	10
7878.04	9272.05	10
1.35	1.26	10
1.55	1.44	10
2.06	1.69	10
2.45	2.31	10
3.13	3.5	10
3.97	5.93	10
4.97	10.73	10
7.62	19.8	10
11.89	38.31	10
21.41	73.83	10
39.81	144.16	10
76.46	287.19	10
151.19	564.25	10
294.34	1116.88	10
586.63	2266.85	10
1162.23	4448.75	10
2261.18	8869.96	10
3358.13	13048.16	10
4470.55	17180.81	10
5553.86	21387.86	10
6638.51	25760.43	10
7747.59	29996.47	10
8847.09	34314.79	10
9970.09	38637.84	10
1.3	1.25	10
1.39	1.35	10
1.76	2.48	10
2.05	1.97	10
2.34	2.35	10
3.09	2.82	10
4.25	4.07	10
6.15	6.14	10
11.66	9.93	10
17.73	19.51	10
30.91	36.0	10
59.1	68.87	10
111.07	131.47	10
217.47	267.46	10
430.43	534.12	10
874.74	1056.24	10
1625.51	2034.82	10
2434.7	3021.7	10
3243.65	4118.77	10
4053.72	5159.31	10
4805.52	6261.5	10
5630.79	7218.03	10
6493.1	8268.08	10
7169.13	9332.73	10
1.4	1.17	10
1.61	1.53	10
1.84	1.94	10
2.67	2.4	10
3.43	3.64	10
4.15	5.91	10
5.61	10.94	10
7.98	19.4	10
12.77	38.0	10
21.51	73.93	10
40.86	146.88	10
77.33	285.23	10
152.45	574.49	10
301.42	1117.95	10
595.39	2280.08	10
1183.8	4529.95	10
2292.47	8707.19	10
3405.11	12956.43	10
4526.99	17372.4	10
5648.31	21502.11	10
6749.3	25684.21	10
7875.06	30217.08	10
8995.11	34176.23	10
10082.31	39382.99	10
1.31	1.31	11
1.52	1.31	11
1.76	1.73	11
2.44	2.3	11
3.12	3.55	11
4.08	6.02	11
5.2	10.56	11
7.25	19.5	11
11.87	37.85	11
20.43	73.08	11
39.05	143.8	11
74.57	287.95	11
144.31	566.41	11
287.2	1119.15	11
566.43	2259.03	11
1126.42	4504.35	11
2211.85	8806.4	11
3285.16	13017.95	11
4372.68	17182.36	11
5446.96	21516.86	11
6522.88	25384.94	11
7609.69	29941.06	11
8690.27	34161.12	11
9766.67	38044.42	11
1.43	1.27	11
1.51	1.46	11
1.61	1.64	11
1.93	1.99	11
2.39	2.3	11
2.72	2.75	11
3.93	3.98	11
5.84	6.07	11
9.78	9.98	11
17.17	18.69	11
31.97	35.22	11
60.91	65.85	11
117.92	132.14	11
231.98	259.34	11
454.95	514.63	11
913.31	1015.96	11
1768.59	1962.36	11
2637.56	3057.43	11
3501.54	4007.41	11
4378.68	5017.32	11
5245.97	6003.93	11
6120.04	7052.24	11
6905.42	8126.59	11
7833.5	9073.93	11
1.33	1.23	11
1.46	1.33	11
1.72	1.7	11
2.42	2.33	11
3.46	3.82	11
4.21	5.71	11
5.74	10.39	11
7.54	19.61	11
12.72	38.22	11
20.94	74.37	11
39.27	145.0	11
74.99	286.14	11
145.84	560.16	11
288.19	1119.68	11
572.31	2254.55	11
1142.42	4444.92	11
2239.47	8692.2	11
3333.78	13113.7	11
4412.93	17314.45	11
5511.86	21704.05	11
6609.04	25743.88	11
7696.45	30028.75	11
8776.81	34210.9	11
9862.61	38128.36	11
1.49	1.14	11
1.53	1.31	11
1.69	1.68	11
2.23	1.92	11
2.54	2.41	11
3.47	2.78	11
4.16	3.91	11
5.54	6.23	11
9.35	10.36	11
17.4	19.2	11
31.27	36.7	11
56.11	67.31	11
108.92	132.44	11
216.21	260.8	11
427.04	506.52	11
844.63	1012.14	11
1654.73	1986.11	11
2455.38	3037.4	11
3354.97	4015.53	11
4075.14	4995.55	11
4967.63	6030.64	11
5676.04	7093.29	11
7180.42	8983.84	11
7229.35	9066.32	11
1.31	1.13	12
1.38	1.3	12
1.7	1.68	12
2.06	2.48	12
2.98	3.28	12
2.96	5.89	12
4.53	10.49	12
7.52	19.87	12
11.84	39.12	12
20.44	77.65	12
38.53	149.21	12
77.08	292.27	12
149.51	589.13	12
298.68	1156.55	12
595.83	2320.01	12
1181.36	4661.56	12
2287.41	9117.37	12
3385.94	13585.24	12
4492.82	17749.49	12
5605.24	22181.07	12
6728.76	26764.0	12
7863.51	30879.98	12
8968.32	35616.93	12
10119.77	40412.44	12
0.99	1.25	12
1.36	1.33	12
1.33	1.47	12
1.63	1.59	12
2.19	2.2	12
2.6	2.5	12
3.36	3.42	12
4.4	5.27	12
6.93	8.96	12
9.59	15.79	12
15.42	26.61	12
26.28	45.88	12
47.35	79.43	12
89.03	155.42	12
168.06	299.29	12
318.1	601.19	12
620.75	1168.25	12
935.88	1668.99	12
1268.07	2199.41	12
1562.54	2798.61	12
1876.16	3267.14	12
2170.58	3766.68	12
2531.62	4376.1	12
2716.47	4917.39	12
1.21	1.32	12
1.33	1.38	12
1.82	1.6	12
2.33	2.24	12
3.1	3.29	12
3.67	5.68	12
5.24	10.83	12
7.11	19.99	12
11.63	38.38	12
20.85	75.97	12
38.17	148.59	12
75.74	293.93	12
144.56	587.62	12
290.47	1158.18	12
577.71	2319.94	12
1146.5	4609.16	12
2227.18	9076.67	12
3290.73	13507.67	12
4364.62	17833.87	12
5441.44	22171.8	12
6508.91	26717.33	12
7584.37	31232.24	12
8620.51	35770.35	12
9682.6	39832.86	12
1.32	1.19	12
1.39	1.37	12
1.62	1.33	12
1.55	1.52	12
2.13	1.83	12
2.82	2.48	12
3.87	3.3	12
4.75	5.07	12
6.43	9.34	12
8.9	15.46	12
14.99	25.41	12
23.2	45.24	12
40.95	81.19	12
74.41	157.52	12
140.31	303.95	12
274.89	604.94	12
531.92	1167.08	12
795.62	1711.06	12
1070.75	2264.94	12
1328.49	2852.18	12
1575.51	3297.91	12
1813.77	3874.75	12
2126.57	4410.55	12
2362.09	5041.8	12
1.06	1.29	13
1.22	1.22	13
1.34	1.68	13
1.87	2.22	13
2.63	3.03	13
4.1	5.06	13
4.63	8.48	13
4.96	13.63	13
6.36	19.47	13
8.28	26.57	13
10.98	35.3	13
17.64	50.66	13
30.33	81.5	13
55.07	128.36	13
103.57	235.24	13
203.8	443.89	13
392.44	862.69	13
760.1	1654.49	13
1128.49	2445.89	13
1478.89	3203.41	13
1847.66	4060.85	13
2224.4	4793.25	13
2589.34	5556.85	13
2920.13	6320.09	13
3303.22	7245.63	13
0.97	1.12	13
1.16	1.31	13
1.49	1.59	13
2.44	1.99	13
2.47	3.22	13
3.92	4.95	13
4.1	8.1	13
5.4	14.08	13
7.3	22.04	13
9.87	29.08	13
14.96	43.59	13
25.49	71.4	13
45.84	125.98	13
84.41	233.82	13
162.57	450.73	13
319.61	879.6	13
622.26	1735.65	13
1219.22	3422.76	13
1815.12	5080.5	13
2388.96	6677.26	13
2951.8	8309.6	13
3864.52	11736.67	13
4146.03	11682.89	13
4741.14	13181.28	13
5289.5	14814.24	13
0.97	1.05	13
1.24	1.32	13
1.61	1.54	13
2.06	1.94	13
2.54	3.05	13
3.57	4.7	13
4.22	7.95	13
4.98	12.84	13
6.11	19.45	13
7.95	26.72	13
11.5	33.94	13
17.6	52.21	13
28.2	81.97	13
49.21	124.0	13
91.33	239.34	13
174.81	439.93	13
341.67	866.15	13
663.07	1677.05	13
982.9	2450.15	13
1292.13	3180.13	13
1619.82	4040.84	13
1946.58	4817.2	13
2259.25	5562.39	13
2583.63	6369.83	13
2907.35	7238.26	13
0.92	1.16	13
1.26	1.25	13
1.42	1.57	13
1.79	2.11	13
3.0	3.01	13
3.41	4.69	13
3.76	8.71	13
4.96	13.97	13
6.12	21.75	13
9.54	28.99	13
14.44	44.46	13
24.23	70.89	13
42.39	128.57	13
79.14	231.94	13
150.0	444.08	13
296.21	874.94	13
587.21	1739.0	13
1129.51	3354.95	13
1662.01	5046.44	13
2208.42	6657.87	13
2703.2	8322.33	13
3307.89	9943.78	13
3894.93	11596.42	13
4430.75	13163.44	13
4931.88	14882.31	13
1.08	1.03	14
1.17	1.17	14
1.45	1.45	14
1.92	1.93	14
2.41	3.02	14
3.56	4.72	14
3.66	7.96	14
5.46	13.36	14
6.9	21.75	14
9.93	29.21	14
14.86	40.41	14
25.32	62.87	14
46.02	101.75	14
83.68	193.49	14
162.25	345.0	14
318.17	706.51	14
621.51	1393.86	14
1204.05	2726.19	14
1775.87	4055.79	14
2344.17	5413.12	14
2954.2	6766.37	14
3499.66	8030.99	14
4119.38	9468.53	14
4673.89	10678.34	14
5230.23	12074.29	14
1.12	0.98	14
1.17	1.15	14
1.3	1.46	14
1.93	1.97	14
2.52	2.88	14
3.95	4.65	14
4.64	8.23	14
5.46	13.04	14
6.28	20.45	14
9.31	25.54	14
11.77	38.8	14
17.68	60.9	14
30.07	109.12	14
55.05	192.94	14
100.5	384.5	14
194.47	739.09	14
382.74	1469.86	14
745.04	2848.33	14
1095.38	4208.12	14
1443.19	5642.84	14
1796.3	6962.49	14
2157.81	8378.19	14
2534.69	9839.37	14
2863.85	11215.24	14
3237.73	12558.94	14
1.1	1.11	14
1.12	1.23	14
1.46	1.41	14
1.87	1.95	14
3.11	3.06	14
3.88	4.76	14
4.79	8.1	14
4.96	13.95	14
6.48	20.69	14
9.83	28.57	14
14.75	39.41	14
23.14	62.18	14
43.08	105.23	14
78.31	186.53	14
153.22	358.82	14
294.89	693.23	14
580.49	1388.57	14
1136.32	2736.0	14
1665.27	4055.57	14
2198.53	5396.32	14
2705.15	6729.6	14
3261.24	8113.88	14
3838.21	9349.47	14
4403.0	10707.59	14
4899.83	12073.88	14
1.05	1.21	14
1.11	1.11	14
1.43	1.43	14
1.98	2.39	14
2.92	3.08	14
3.57	4.94	14
4.31	8.41	14
4.74	13.71	14
5.86	20.32	14
7.33	26.69	14
10.88	37.34	14
17.09	59.46	14
29.32	107.07	14
49.91	197.85	14
92.34	377.56	14
180.58	744.41	14
351.38	1465.04	14
684.75	2825.66	14
1004.44	4252.47	14
1329.76	5626.81	14
1655.11	6970.23	14
1971.36	8399.86	14
2323.24	9827.04	14
2655.9	11148.34	14
2947.99	12530.79	14
1.07	1.13	15
1.14	1.33	15
2.32	1.45	15
1.79	2.11	15
2.39	3.21	15
3.29	4.84	15
4.32	8.1	15
4.67	14.01	15
5.63	19.98	15
8.4	27.29	15
11.02	38.94	15
18.3	62.24	15
30.29	107.73	15
54.31	201.71	15
102.67	379.3	15
194.07	741.55	15
385.05	1463.77	15
737.84	2864.86	15
1099.01	4231.43	15
1451.13	5589.55	15
1818.22	6938.75	15
2155.77	8325.9	15
2503.31	9728.66	15
2865.21	11103.04	15
3233.92	12407.59	15
0.94	0.97	15
1.09	1.29	15
1.5	1.58	15
1.74	2.04	15
2.55	3.01	15
3.59	4.98	15
3.73	8.31	15
4.92	14.08	15
7.67	21.29	15
9.81	28.86	15
15.19	39.99	15
23.59	64.11	15
45.43	111.95	15
85.02	193.63	15
163.61	385.11	15
313.16	729.82	15
617.05	1445.81	15
1204.03	2756.16	15
1795.18	4152.05	15
2371.94	5422.46	15
2941.04	6798.2	15
3545.8	8059.37	15
4117.36	9489.17	15
4716.44	10739.57	15
5245.78	12076.46	15
1.02	1.08	15
1.2	1.27	15
1.48	1.46	15
1.83	1.73	15
2.71	3.16	15
3.37	4.92	15
4.58	8.48	15
4.99	13.57	15
5.81	19.25	15
8.07	27.25	15
10.96	38.99	15
16.96	60.38	15
27.32	107.4	15
49.31	198.17	15
92.52	379.49	15
179.4	749.21	15
350.76	1462.61	15
672.54	2850.61	15
1004.1	4240.06	15
1322.25	5564.66	15
1651.1	7006.49	15
1994.08	8329.15	15
2293.64	9730.59	15
2621.22	11122.12	15
2973.01	12503.99	15
0.97	1.11	15
1.2	1.26	15
1.4	1.45	15
1.9	1.92	15
2.79	3.04	15
3.47	4.86	15
3.81	8.44	15
4.72	13.67	15
6.12	21.58	15
9.95	28.86	15
14.13	38.68	15
23.13	62.83	15
42.42	103.15	15
79.64	200.79	15
151.51	386.33	15
298.74	728.57	15
579.27	1431.73	15
1121.76	2745.61	15
1659.74	4087.21	15
2213.82	5430.57	15
2722.77	6816.34	15
3299.06	8144.21	15
3816.87	9471.36	15
4333.12	10785.54	15
4934.77	12038.42	15
0.94	1.25	16
1.1	1.26	16
1.4	1.5	16
1.97	1.95	16
2.82	3.2	16
3.51	4.69	16
3.63	8.44	16
5.49	14.38	16
7.41	21.6	16
10.05	30.4	16
15.07	44.29	16
25.81	70.72	16
45.51	126.94	16
85.32	238.01	16
159.93	455.53	16
319.91	884.19	16
625.75	1735.18	16
1201.26	3383.36	16
1803.53	5026.0	16
2387.65	6739.73	16
2930.67	8278.25	16
3541.64	9933.02	16
4129.36	11511.69	16
4716.9	13294.34	16
5340.6	14769.82	16
1.17	1.16	16
1.15	1.75	16
1.58	1.53	16
1.79	2.01	16
2.64	3.18	16
4.1	4.85	16
3.68	8.19	16
4.72	13.79	16
6.81	18.59	16
8.73	25.56	16
11.1	33.19	16
17.32	48.03	16
30.56	72.77	16
54.56	121.44	16
103.65	234.37	16
200.1	437.41	16
390.38	834.03	16
762.09	1693.74	16
1125.98	2489.41	16
1480.97	3417.56	16
1867.5	4181.89	16
2227.03	4924.65	16
2582.8	5788.99	16
2912.95	6593.23	16
3304.98	7289.96	16
1.12	1.18	16
1.31	1.27	16
1.49	1.53	16
1.96	2.12	16
2.81	3.07	16
3.9	4.9	16
4.31	8.3	16
5.24	14.22	16
6.73	20.93	16
8.87	30.84	16
14.9	45.48	16
23.85	71.91	16
42.32	126.01	16
77.35	236.63	16
153.24	450.25	16
298.42	883.15	16
576.29	1733.54	16
1123.38	3360.03	16
1677.26	4994.89	16
2221.63	6659.04	16
2721.78	8256.51	16
3292.58	9872.06	16
3824.36	11570.47	16
4420.7	13250.34	16
4986.31	14882.14	16
1.09	1.65	16
1.17	1.44	16
1.48	1.64	16
2.16	2.11	16
2.62	3.32	16
2.97	4.88	16
3.7	9.43	16
4.95	13.43	16
6.29	19.31	16
7.72	26.57	16
10.93	35.52	16
17.28	50.44	16
27.18	77.8	16
49.12	123.92	16
91.41	219.85	16
175.74	443.43	16
336.54	852.18	16
661.86	1657.94	16
990.57	2494.18	16
1306.02	3336.39	16
1620.02	4144.41	16
1948.26	4893.56	16
2271.93	5694.28	16
2586.58	6486.78	16
2923.23	7324.06	16
0.88	0.99	17
1.34	1.2	17
1.46	1.34	17
1.91	2.18	17
2.53	2.5	17
3.08	2.88	17
3.27	3.25	17
3.43	3.68	17
4.28	3.75	17
4.4	4.33	17
5.63	5.11	17
7.53	7.29	17
11.96	12.35	17
19.01	18.5	17
33.09	33.03	17
56.43	56.56	17
104.18	102.68	17
217.88	193.57	17
423.61	376.4	17
765.64	719.18	17
1638.76	1427.98	17
2250.39	2139.22	17
2871.55	2811.09	17
4024.2	3578.5	17
4775.32	4116.43	17
4993.66	4909.25	17
5723.92	5576.28	17
6544.75	6110.78	17
0.89	0.99	17
1.18	1.14	17
1.49	1.59	17
2.01	2.06	17
2.54	2.81	17
3.21	2.65	17
3.6	3.33	17
4.54	4.13	17
4.96	5.18	17
8.02	7.97	17
12.88	12.4	17
23.18	22.35	17
43.61	42.19	17
83.43	82.76	17
163.13	160.32	17
319.31	318.02	17
621.98	621.28	17
1247.95	1229.38	17
2456.85	2453.06	17
4910.64	4888.38	17
9708.95	9637.05	17
14339.37	14331.83	17
19130.0	18797.74	17
23808.29	23746.24	17
28144.53	28232.91	17
32794.55	33296.21	17
37870.65	37587.49	17
42438.55	42809.7	17
0.97	1.04	17
1.16	1.12	17
1.68	1.64	17
1.91	2.11	17
2.41	2.82	17
3.03	3.01	17
2.95	3.11	17
3.69	3.69	17
4.08	4.17	17
5.16	4.58	17
5.69	5.58	17
8.58	7.8	17
16.48	11.5	17
25.52	18.28	17
37.17	30.91	17
61.42	55.42	17
107.2	104.21	17
201.11	193.82	17
388.22	370.96	17
738.83	750.9	17
1428.09	1427.73	17
2145.01	2154.23	17
2882.59	2816.66	17
3469.43	3574.72	17
4414.92	4082.22	17
4989.99	4951.21	17
5694.21	5562.73	17
6514.25	6233.02	17
0.9	1.02	17
1.38	1.17	17
1.34	2.15	17
1.96	2.04	17
2.76	2.6	17
3.06	2.94	17
3.8	3.51	17
4.45	4.31	17
5.36	5.29	17
8.32	8.08	17
13.74	12.86	17
24.89	22.49	17
46.0	43.02	17
84.79	82.75	17
161.77	160.0	17
315.41	314.04	17
631.87	619.55	17
1013.09	1231.75	17
2482.76	2473.11	17
4940.65	4920.82	17
9713.91	9652.48	17
14217.22	14328.33	17
18892.94	18952.85	17
23705.39	23516.54	17
28618.81	28075.59	17
33098.09	33080.48	17
37968.86	37296.0	17
42233.06	42486.83	17
1.14	1.08	18
1.17	1.33	18
1.64	1.62	18
2.13	2.17	18
2.83	2.75	18
3.15	2.82	18
3.33	3.09	18
4.21	3.43	18
4.28	3.87	18
4.34	4.75	18
6.96	6.33	18
8.95	7.94	18
13.95	13.01	18
22.84	23.19	18
40.81	39.63	18
76.29	77.05	18
146.01	146.81	18
282.79	299.5	18
576.56	571.35	18
1121.02	1115.05	18
2219.34	2254.2	18
3262.19	3304.7	18
4261.1	4265.34	18
6019.54	5906.76	18
6486.29	6654.89	18
7506.19	7600.81	18
8637.34	8601.34	18
9617.23	9587.42	18
1.08	1.05	18
1.39	1.34	18
1.68	1.67	18
2.08	2.26	18
2.74	2.81	18
2.84	3.26	18
3.5	3.66	18
3.76	4.44	18
5.64	5.67	18
8.29	7.71	18
12.94	12.77	18
22.85	22.87	18
34.64	41.88	18
81.13	77.75	18
153.54	154.28	18
306.3	302.12	18
592.91	598.46	18
1181.83	1172.63	18
2344.2	2352.34	18
4721.69	4671.8	18
9306.42	9125.4	18
13609.9	13680.07	18
18271.91	18227.23	18
22738.55	22513.03	18
27331.35	27143.77	18
31609.19	31709.25	18
35895.21	36192.66	18
40620.57	40295.05	18
0.97	0.97	18
1.22	1.22	18
1.75	1.72	18
2.23	2.15	18
2.92	2.61	18
2.82	3.45	18
3.64	3.33	18
3.86	3.26	18
4.36	3.82	18
5.48	4.47	18
7.14	5.64	18
11.35	7.86	18
18.02	13.26	18
26.91	22.89	18
44.91	41.63	18
80.64	73.28	18
151.21	146.53	18
306.25	282.42	18
579.39	556.66	18
1157.22	1148.4	18
2278.75	2161.9	18
3372.48	3231.48	18
4374.5	4313.49	18
5298.95	5480.27	18
6491.93	6414.49	18
7650.27	7499.39	18
8484.88	8509.67	18
9802.06	9643.01	18
1.06	1.0	18
1.3	1.2	18
1.61	1.6	18
2.37	2.25	18
2.71	2.8	18
3.04	2.83	18
3.53	3.61	18
3.98	4.31	18
5.9	5.38	18
8.37	7.57	18
13.29	12.85	18
23.17	22.01	18
35.63	41.42	18
81.51	81.03	18
126.71	153.59	18
307.58	302.49	18
596.85	590.54	18
1184.5	1183.79	18
2350.66	2367.38	18
4687.48	4713.21	18
9182.8	9172.77	18
13667.53	13748.86	18
14822.22	17979.62	18
22567.24	22418.37	18
22154.41	26856.28	18
31619.53	31304.91	18
36281.84	35912.47	18
40960.45	41003.6	18
1.03	1.11	19
1.17	1.32	19
1.63	1.74	19
2.24	2.38	19
2.67	2.52	19
2.95	2.81	19
3.42	3.55	19
4.46	4.03	19
5.5	5.55	19
8.35	7.68	19
11.23	12.5	19
22.77	21.92	19
34.77	42.09	19
80.09	78.85	19
155.9	152.07	19
299.13	302.98	19
597.7	597.57	19
1179.17	1175.33	19
2375.11	2367.72	19
4712.63	4737.72	19
9214.72	9126.62	19
13703.64	13715.79	19
18144.72	18151.73	19
22752.28	22843.85	19
27489.54	26939.7	19
31608.09	31677.34	19
36120.96	35865.26	19
40803.02	40564.56	19
1.1	1.03	19
1.23	1.35	19
1.6	1.65	19
2.19	2.28	19
2.59	2.81	19
3.12	3.16	19
3.51	3.44	19
3.56	3.38	19
3.85	4.23	19
4.24	5.0	19
6.17	5.71	19
8.84	9.0	19
13.41	12.27	19
22.89	22.42	19
40.33	42.37	19
78.2	76.73	19
147.45	147.06	19
280.94	288.95	19
592.62	565.05	19
1127.57	1114.93	19
2193.56	2205.66	19
3321.5	3250.44	19
4451.43	4409.06	19
5440.47	5483.1	19
6545.65	6962.43	19
7912.35	7583.25	19
8690.17	8728.41	19
9768.69	9801.85	19
1.15	1.15	19
1.28	1.29	19
1.6	1.59	19
2.16	2.22	19
2.55	3.57	19
3.25	2.92	19
3.28	3.04	19
4.06	4.18	19
5.33	5.51	19
8.47	8.29	19
13.19	13.02	19
23.4	22.7	19
43.95	41.43	19
80.93	79.15	19
158.01	153.47	19
304.41	302.83	19
597.16	590.82	19
1179.96	1181.57	19
2363.0	2352.47	19
4680.07	4737.24	19
9197.54	9187.01	19
13708.04	13545.21	19
18145.85	18206.18	19
22623.79	22785.83	19
27095.39	26858.31	19
31541.59	31181.46	19
36017.15	36235.17	19
40779.57	40431.52	19
1.04	1.11	19
1.39	1.28	19
1.53	1.69	19
2.04	2.14	19
2.79	2.68	19
3.14	2.99	19
4.11	3.23	19
3.55	3.35	19
4.17	4.18	19
5.07	4.59	19
7.45	5.57	19
10.72	8.08	19
17.84	13.46	19
26.75	21.84	19
46.26	40.59	19
80.83	78.28	19
147.63	146.04	19
293.83	289.21	19
562.3	586.39	19
1119.45	1082.2	19
2190.83	2193.23	19
3271.96	3345.75	19
4402.78	4430.23	19
5361.92	5430.27	19
6584.33	6465.87	19
7654.94	7668.38	19
8821.16	8573.73	19
9871.92	9777.59	19
0.97	0.97	20
1.27	1.27	20
1.51	1.53	20
2.0	2.09	20
2.51	2.66	20
3.09	3.23	20
3.36	3.24	20
3.85	3.97	20
5.04	5.41	20
7.44	8.29	20
13.21	12.7	20
23.49	23.93	20
44.59	42.01	20
84.3	83.34	20
161.34	158.4	20
317.01	312.19	20
630.49	633.8	20
1242.07	1234.0	20
2464.35	2444.54	20
4951.0	4915.65	20
9679.82	9521.65	20
11793.56	14307.09	20
19147.02	18698.43	20
19218.88	23781.67	20
28738.72	28458.83	20
33523.34	33130.56	20
38080.31	37477.55	20
42500.36	42425.62	20
1.04	0.91	20
1.21	1.08	20
1.56	1.52	20
2.15	2.08	20
2.62	2.59	20
2.92	2.76	20
3.03	3.42	20
3.36	3.2	20
3.65	3.4	20
4.62	4.54	20
5.82	4.95	20
7.72	7.73	20
11.59	11.5	20
20.07	18.41	20
32.95	31.49	20
58.15	54.36	20
105.85	104.16	20
195.38	194.16	20
371.98	379.9	20
734.87	735.0	20
1465.47	1413.05	20
2397.95	2174.9	20
2871.58	2804.08	20
4012.25	3574.27	20
4178.91	4345.05	20
4949.34	4774.04	20
5777.93	5523.9	20
6106.06	6491.98	20
1.05	0.98	20
1.25	1.18	20
1.54	1.51	20
2.16	1.98	20
2.44	2.75	20
3.46	3.25	20
3.17	3.37	20
4.02	4.11	20
5.58	5.4	20
8.4	7.9	20
13.73	12.46	20
24.43	22.64	20
46.04	42.9	20
84.22	81.79	20
161.84	158.55	20
317.24	316.38	20
625.42	624.44	20
1244.3	1224.42	20
2465.58	2490.38	20
4862.09	4906.73	20
9607.21	9587.27	20
14378.57	14231.14	20
19207.06	18857.31	20
23870.82	23826.85	20
28329.05	27893.08	20
27205.57	32950.77	20
37748.13	37790.46	20
42094.98	42486.71	20
0.93	0.9	20
1.23	1.32	20
1.45	1.49	20
2.08	2.05	20
2.57	2.57	20
3.33	3.07	20
3.06	3.24	20
3.48	3.4	20
4.01	3.42	20
4.7	4.43	20
6.66	6.16	20
9.05	6.47	20
16.53	11.13	20
24.07	18.8	20
37.33	32.74	20
60.81	57.75	20
106.86	102.4	20
203.79	187.15	20
389.01	372.46	20
773.93	747.21	20
1462.57	1406.41	20
2151.54	2127.73	20
2886.08	2765.41	20
3495.37	3583.05	20
4372.89	4198.6	20
4980.44	4739.09	20
5683.38	5644.59	20
6330.26	6123.52	20
1.11	1.07	21
1.01	1.11	21
1.08	1.08	21
1.16	0.95	21
1.22	1.07	21
1.16	1.9	21
1.33	1.18	21
1.65	1.39	21
1.87	2.47	21
2.15	2.06	21
3.46	2.67	21
3.95	3.71	21
6.13	5.97	21
10.63	10.32	21
19.4	18.39	21
35.82	34.27	21
70.53	64.83	21
131.52	126.39	21
253.05	242.19	21
494.75	460.22	21
728.39	692.09	21
964.54	917.57	21
1211.83	1119.06	21
1492.87	1389.57	21
1735.57	1561.7	21
1924.2	1811.19	21
2192.53	2097.06	21
0.95	0.95	21
1.22	1.42	21
0.99	0.95	21
1.18	1.47	21
1.66	0.98	21
1.08	1.08	21
1.29	1.51	21
1.51	1.48	21
2.18	2.3	21
3.35	3.68	21
5.64	6.43	21
10.65	11.11	21
21.09	21.44	21
39.68	41.2	21
75.91	82.45	21
153.03	166.03	21
295.54	321.63	21
596.55	634.77	21
1176.97	1266.22	21
2344.57	2455.87	21
3384.42	3650.71	21
4763.03	4858.02	21
6059.51	6018.12	21
6719.65	7280.21	21
7833.85	8481.06	21
9224.57	9632.77	21
10226.72	10850.22	21
0.94	0.93	21
0.81	0.84	21
1.07	1.09	21
0.96	1.17	21
1.06	0.91	21
1.31	1.23	21
1.17	1.32	21
1.58	1.47	21
2.0	1.73	21
2.29	2.0	21
3.03	2.62	21
4.29	3.77	21
7.09	5.92	21
12.28	10.1	21
21.64	18.24	21
41.86	33.44	21
72.01	64.24	21
141.04	122.8	21
299.12	241.43	21
553.22	469.27	21
878.96	686.0	21
1112.39	902.2	21
1334.76	1133.47	21
1501.11	1344.66	21
2075.66	1579.23	21
2215.91	1824.9	21
2552.84	2032.45	21
1.04	0.92	21
1.07	0.98	21
0.97	1.02	21
1.23	1.07	21
1.03	0.95	21
1.26	1.14	21
1.32	1.25	21
1.77	1.73	21
2.39	2.26	21
4.74	3.71	21
6.61	6.29	21
11.7	10.99	21
23.11	21.4	21
43.12	41.07	21
82.98	82.57	21
167.54	164.15	21
332.49	319.44	21
655.42	634.57	21
1302.85	1262.96	21
2561.33	2474.61	21
3805.71	3696.65	21
5011.1	4871.09	21
6376.98	6081.91	21
7539.62	7311.23	21
8676.16	8520.54	21
9940.22	9699.11	21
11312.82	10821.76	21
1.16	0.89	22
0.97	0.87	22
1.1	1.06	22
1.0	1.07	22
1.23	1.14	22
1.28	1.14	22
1.25	1.29	22
1.8	2.01	22
1.87	1.82	22
2.49	2.35	22
3.68	3.77	22
5.59	5.65	22
10.36	9.91	22
18.41	18.28	22
35.01	33.95	22
68.59	65.55	22
135.38	128.64	22
264.9	251.49	22
523.72	500.56	22
1028.15	969.87	22
1526.24	1448.19	22
2004.67	1925.7	22
2498.73	2451.49	22
2946.34	2892.71	22
3495.7	3398.32	22
3967.33	3839.12	22
4530.86	4310.04	22
1.12	0.96	22
1.15	1.06	22
1.1	1.02	22
1.12	1.04	22
1.19	1.09	22
1.2	1.27	22
1.39	1.45	22
1.79	1.69	22
2.53	2.23	22
3.38	3.47	22
5.15	6.08	22
9.7	9.78	22
17.17	18.54	22
33.49	36.11	22
66.19	68.56	22
128.05	135.13	22
255.39	272.03	22
489.76	545.43	22
1005.27	1078.31	22
1908.95	2093.22	22
2815.4	3118.02	22
3892.33	4128.29	22
4856.77	5149.35	22
5562.59	6142.6	22
6777.59	7368.9	22
7542.41	8167.23	22
8342.84	9255.3	22
1.08	1.0	22
1.01	1.0	22
1.18	1.6	22
1.22	1.03	22
1.22	1.03	22
1.38	1.33	22
1.29	1.26	22
1.82	1.62	22
2.22	1.82	22
2.77	2.32	22
3.84	3.16	22
6.1	6.43	22
10.6	9.44	22
19.26	17.57	22
36.09	34.29	22
68.74	66.35	22
136.51	129.73	22
258.09	256.25	22
538.8	499.98	22
1062.11	972.55	22
1537.68	1472.51	22
2037.17	1941.9	22
2558.89	2411.3	22
3053.46	2877.27	22
3480.73	3322.06	22
4188.65	3830.02	22
4756.45	4291.86	22
1.12	0.91	22
1.11	1.04	22
1.12	1.11	22
1.12	0.95	22
1.15	1.12	22
1.31	1.17	22
1.56	1.51	22
1.83	1.61	22
2.38	2.33	22
4.1	3.3	22
5.44	5.31	22
10.04	10.27	22
18.42	18.35	22
35.56	36.95	22
67.77	69.52	22
134.03	136.97	22
263.36	271.17	22
516.07	541.73	22
1078.59	1078.29	22
2033.13	2084.76	22
2989.35	3131.84	22
3948.48	4145.34	22
5187.56	5143.33	22
5985.58	6196.12	22
7985.32	8018.35	22
7913.63	8222.53	22
8806.98	9333.36	22
1.07	0.95	23
1.17	1.04	23
1.16	0.96	23
1.19	0.96	23
1.17	1.19	23
1.43	1.16	23
1.49	1.32	23
1.61	1.66	23
2.27	2.21	23
3.27	3.46	23
5.26	5.5	23
9.04	9.91	23
17.71	18.5	23
33.66	35.4	23
63.55	69.99	23
126.28	136.73	23
245.85	271.5	23
506.24	541.14	23
1042.72	1075.26	23
1907.54	2096.06	23
3037.75	3123.32	23
3916.29	4162.62	23
4811.48	5132.07	23
6140.4	6157.66	23
6947.25	7176.91	23
7379.98	8217.47	23
8697.5	9227.85	23
0.88	0.9	23
0.97	0.97	23
0.86	0.9	23
1.0	1.0	23
1.13	1.17	23
1.28	1.24	23
1.29	1.34	23
1.39	1.45	23
1.79	2.02	23
2.7	2.27	23
3.52	3.42	23
5.35	5.66	23
10.38	9.97	23
19.21	18.54	23
36.3	35.04	23
70.57	66.39	23
135.72	129.41	23
264.12	258.57	23
527.42	505.09	23
1002.38	980.68	23
1514.07	1460.64	23
1983.84	1931.39	23
2466.21	2406.74	23
2920.63	2904.15	23
3458.09	3392.6	23
3826.79	3876.93	23
4453.24	4331.39	23
1.05	0.93	23
0.98	1.03	23
1.04	1.09	23
1.26	1.14	23
1.19	1.39	23
1.32	1.14	23
1.41	1.22	23
1.9	1.59	23
2.3	2.36	23
3.52	3.2	23
5.91	5.64	23
10.12	9.97	23
18.36	18.04	23
34.54	35.01	23
69.19	69.77	23
134.18	136.58	23
271.18	271.88	23
523.82	538.86	23
1038.32	1074.71	23
1993.12	2088.26	23
3027.73	3131.19	23
3942.36	4152.97	23
5170.95	5145.06	23
6005.07	6184.48	23
6910.49	7211.48	23
7818.03	8258.58	23
8860.26	9223.69	23
1.02	0.96	23
1.04	1.03	23
0.99	1.08	23
1.05	1.06	23
1.15	0.94	23
1.23	1.19	23
1.56	1.37	23
1.8	1.35	23
2.0	1.74	23
2.61	2.43	23
3.73	3.28	23
6.13	5.21	23
10.96	10.03	23
19.55	18.81	23
36.86	34.67	23
73.77	66.61	23
131.9	132.04	23
269.12	253.79	23
535.13	508.91	23
1065.29	977.92	23
1528.67	1461.03	23
2061.29	1936.59	23
2609.15	2422.27	23
3126.89	2918.66	23
3513.56	3363.16	23
4090.25	3880.68	23
4533.07	4290.47	23
0.95	0.98	24
0.95	0.97	24
0.95	0.96	24
1.06	1.01	24
1.61	1.01	24
1.13	1.01	24
1.34	1.45	24
1.6	1.61	24
2.22	2.78	24
3.55	3.64	24
5.87	6.37	24
10.51	11.14	24
20.11	21.11	24
39.39	42.56	24
76.31	86.54	24
150.36	161.45	24
301.29	318.28	24
586.18	633.8	24
1188.81	1263.08	24
2262.9	2447.17	24
3400.89	3655.43	24
4619.37	4867.98	24
5934.26	6049.56	24
6966.23	7221.85	24
7996.48	8414.92	24
9472.9	9743.92	24
9848.66	10954.02	24
0.97	0.93	24
0.98	0.98	24
0.98	0.91	24
1.03	1.06	24
1.06	1.24	24
1.22	1.13	24
1.2	1.31	24
1.57	1.36	24
1.77	1.62	24
2.05	1.96	24
2.66	2.48	24
3.96	3.57	24
6.32	5.75	24
10.59	10.18	24
20.0	18.05	24
36.34	34.26	24
69.03	65.58	24
131.32	121.78	24
260.83	240.19	24
490.77	472.88	24
732.76	707.14	24
995.26	914.66	24
1264.25	1167.88	24
1434.82	1385.95	24
1749.64	1574.75	24
1933.78	1836.14	24
2215.7	2064.81	24
0.75	0.84	24
0.81	0.99	24
0.87	0.93	24
0.83	0.92	24
0.88	0.94	24
1.15	1.03	24
1.73	1.29	24
1.77	1.4	24
2.2	2.18	24
3.57	3.39	24
6.18	5.96	24
11.5	11.11	24
22.0	21.86	24
43.06	41.96	24
84.86	82.14	24
170.37	161.72	24
331.87	319.49	24
649.27	638.36	24
1316.55	1270.62	24
2559.26	2468.97	24
3733.33	3674.63	24
5019.77	4820.64	24
6264.22	6067.11	24
7476.13	7220.8	24
8826.46	8551.6	24
10055.35	9629.49	24
11166.42	10819.72	24
0.84	1.01	24
0.85	0.97	24
0.96	0.93	24
0.86	0.96	24
0.89	1.07	24
1.11	1.05	24
1.77	1.18	24
1.55	1.41	24
2.49	1.76	24
2.18	2.05	24
2.81	2.64	24
3.98	3.63	24
7.3	5.87	24
11.21	9.95	24
20.68	18.43	24
40.51	33.45	24
69.22	65.32	24
149.61	123.27	24
320.76	238.64	24
523.85	459.75	24
768.22	691.93	24
1054.04	935.12	24
1225.38	1152.57	24
1816.68	1374.96	24
2070.84	1593.13	24
2184.16	1803.36	24
2581.72	2072.4	24
1.67	1.89	25
2.2	2.38	25
2.84	2.98	25
2.99	3.55	25
3.69	3.23	25
2.95	3.52	25
3.49	3.26	25
3.48	4.12	25
5.02	4.58	25
5.41	5.5	25
7.2	7.24	25
11.23	11.26	25
19.61	18.39	25
34.13	33.37	25
62.14	59.83	25
118.89	116.07	25
224.47	220.8	25
449.57	429.45	25
837.79	845.9	25
1282.38	1260.15	25
1680.05	1688.16	25
2081.98	2065.91	25
2512.5	2452.46	25
3442.28	2863.36	25
3292.25	3245.99	25
4447.62	3682.12	25
1.81	1.88	25
2.47	2.54	25
3.09	3.26	25
3.77	3.97	25
3.94	3.88	25
4.46	4.46	25
5.67	4.92	25
5.93	5.87	25
7.37	7.85	25
12.14	11.8	25
20.3	19.83	25
36.3	36.95	25
68.57	68.35	25
133.66	132.27	25
260.31	257.31	25
515.4	508.17	25
1014.39	1009.55	25
2031.13	2017.69	25
3286.02	3930.05	25
5918.02	5870.92	25
7875.19	7704.2	25
8089.81	9706.55	25
11606.34	11687.06	25
13611.81	13457.58	25
15472.58	15333.9	25
14340.84	17340.86	25
1.74	1.92	25
2.13	2.06	25
3.05	3.0	25
3.56	3.2	25
3.49	3.56	25
3.67	3.32	25
3.68	3.08	25
4.31	3.63	25
5.48	4.91	25
7.01	5.84	25
9.75	8.15	25
14.1	11.54	25
21.41	18.43	25
36.42	32.07	25
64.29	60.27	25
121.55	115.1	25
253.14	223.01	25
437.05	449.53	25
852.62	836.33	25
1304.03	1245.31	25
1994.67	1674.15	25
2093.79	2077.03	25
2523.92	2463.65	25
2909.52	2912.18	25
3841.09	3344.91	25
3771.47	3668.77	25
1.85	1.55	25
2.35	2.62	25
3.37	3.38	25
3.69	3.71	25
3.89	4.01	25
4.17	4.13	25
4.41	5.08	25
6.1	5.67	25
7.23	8.01	25
11.38	11.72	25
21.42	20.13	25
36.81	35.58	25
70.3	68.14	25
134.31	130.2	25
261.71	258.34	25
516.85	503.66	25
844.36	1012.94	25
1334.23	2022.02	25
3936.86	3928.22	25
5874.59	5830.97	25
7769.0	7701.07	25
9751.32	9658.78	25
11652.54	11578.99	25
13636.43	13445.1	25
15498.61	15438.79	25
17359.72	17292.81	25
1.94	1.9	26
2.58	2.31	26
3.07	3.14	26
3.82	3.75	26
3.77	3.86	26
4.19	3.92	26
4.16	4.39	26
4.77	4.73	26
5.74	5.55	26
7.29	7.29	26
10.0	10.22	26
16.14	15.55	26
27.43	27.48	26
55.81	50.79	26
96.7	95.32	26
186.0	181.47	26
360.6	359.8	26
730.73	715.44	26
1402.27	1398.04	26
2098.0	2039.17	26
2780.3	2742.04	26
3466.55	3404.81	26
4096.32	4076.32	26
4802.84	4711.19	26
5492.42	5420.99	26
6207.39	6038.25	26
1.92	1.78	26
2.31	2.12	26
2.97	2.82	26
3.21	3.27	26
3.24	3.68	26
3.98	3.62	26
4.5	4.2	26
5.49	5.56	26
7.23	7.41	26
10.76	10.96	26
17.97	17.57	26
31.79	32.06	26
60.66	61.07	26
117.13	118.71	26
232.34	230.37	26
457.89	455.25	26
909.52	902.02	26
1466.67	1800.64	26
3517.11	3496.63	26
4264.78	5230.61	26
7000.51	6917.8	26
8692.86	8653.64	26
10396.71	10281.27	26
12114.5	12126.65	26
13836.54	13828.35	26
15588.1	15437.9	26
1.83	1.88	26
2.26	2.34	26
2.93	3.08	26
3.89	3.84	26
3.94	4.15	26
4.02	4.08	26
4.54	4.82	26
4.91	5.38	26
6.39	5.27	26
8.22	7.81	26
12.08	10.23	26
18.33	16.03	26
30.05	26.48	26
51.95	50.6	26
97.93	92.8	26
187.06	181.7	26
392.53	360.0	26
723.32	707.37	26
1491.27	1451.58	26
2235.81	2200.48	26
2793.59	2701.29	26
3448.46	3415.97	26
4105.85	4089.7	26
4830.73	4739.72	26
5509.74	5400.62	26
6161.71	6113.49	26
2.4	1.72	26
2.29	2.37	26
2.55	3.01	26
3.05	3.53	26
3.3	2.9	26
4.23	3.67	26
4.33	4.35	26
5.95	5.06	26
7.45	6.87	26
11.71	10.69	26
19.61	17.75	26
34.33	31.84	26
51.23	61.38	26
119.72	118.65	26
232.67	228.42	26
458.04	458.47	26
908.83	905.27	26
1804.73	1812.36	26
3533.06	3508.14	26
5268.55	5233.32	26
6987.01	6922.41	26
8715.53	8659.97	26
10466.32	10367.19	26
12086.03	12092.84	26
13798.68	13781.56	26
15475.57	15353.26	26
2.02	1.73	27
2.35	2.46	27
3.16	2.94	27
3.75	3.24	27
4.11	3.78	27
4.08	3.76	27
3.89	3.9	27
4.41	4.97	27
7.52	6.92	27
10.54	10.57	27
18.51	18.62	27
32.0	31.86	27
61.5	60.68	27
118.08	117.96	27
230.97	230.9	27
377.9	453.31	27
899.45	907.37	27
1473.6	1806.99	27
3527.83	3512.76	27
5253.48	5201.73	27
7002.51	6939.5	27
7114.55	8661.81	27
10390.94	10420.1	27
12133.92	12086.08	27
13828.92	13902.21	27
15611.85	15570.63	27
1.79	1.58	27
2.96	2.2	27
2.93	3.09	27
3.74	3.78	27
4.41	3.87	27
4.29	4.13	27
4.29	4.28	27
4.91	4.88	27
5.77	5.62	27
7.03	7.12	27
10.39	10.35	27
15.93	16.11	27
27.68	27.35	27
51.7	50.31	27
105.13	97.55	27
185.66	184.05	27
366.52	358.91	27
720.68	707.27	27
1401.63	1357.2	27
2107.84	2074.7	27
2760.4	2772.11	27
3470.64	3359.76	27
4136.46	4039.33	27
4810.82	4749.3	27
5420.72	5367.55	27
6179.41	6080.54	27
1.86	1.69	27
2.43	2.15	27
2.66	3.12	27
3.12	3.21	27
3.85	3.15	27
4.0	3.8	27
5.11	4.67	27
5.62	5.49	27
7.78	7.23	27
11.69	10.83	27
19.26	17.82	27
33.72	32.13	27
61.77	60.54	27
119.27	117.4	27
232.17	230.24	27
459.62	456.57	27
746.1	908.86	27
1808.44	1810.28	27
3552.2	3500.55	27
5244.6	5226.69	27
6949.33	6934.66	27
8713.39	8624.8	27
8496.86	10316.88	27
12127.36	12065.75	27
13921.15	13767.86	27
15545.93	15465.21	27
1.73	1.83	27
2.42	2.28	27
3.45	3.13	27
3.69	3.79	27
4.17	3.96	27
4.24	4.11	27
4.64	4.24	27
5.07	4.7	27
6.26	5.48	27
8.42	6.95	27
12.51	10.19	27
17.72	16.95	27
30.22	27.01	27
53.52	51.85	27
97.88	95.5	27
201.45	186.57	27
365.3	364.21	27
728.56	722.16	27
1409.82	1379.04	27
2074.5	2051.34	27
2766.92	2696.75	27
3425.42	3405.67	27
4101.97	4070.35	27
4773.62	4797.15	27
5465.4	5424.44	27
6206.76	6139.74	27
1.81	1.74	28
2.47	2.18	28
3.39	3.2	28
3.46	4.09	28
4.3	4.65	28
4.64	4.29	28
5.11	5.4	28
6.22	5.85	28
8.07	7.93	28
10.37	11.96	28
20.38	20.38	28
36.75	37.03	28
69.11	69.16	28
131.86	130.2	28
258.5	259.41	28
426.43	507.22	28
1021.66	1007.84	28
2023.96	2013.5	28
3290.0	3900.73	28
5924.87	5817.91	28
7719.24	7771.69	28
9664.62	9676.51	28
9712.49	11584.76	28
13510.46	13516.14	28
12787.5	15313.64	28
17454.0	17209.75	28
1.68	1.82	28
2.19	2.21	28
3.06	2.99	28
2.77	3.23	28
3.29	3.3	28
3.67	3.15	28
3.94	3.1	28
4.07	3.85	28
5.06	4.16	28
5.38	5.66	28
8.18	8.0	28
12.59	11.76	28
19.66	18.75	28
33.77	33.64	28
62.47	61.98	28
117.17	113.03	28
226.53	220.17	28
449.59	436.61	28
838.94	851.29	28
1273.43	1252.92	28
1691.42	1634.84	28
2133.23	2042.9	28
2540.76	2419.64	28
3385.16	2847.43	28
3951.72	3291.2	28
3746.26	3644.82	28
1.8	1.64	28
2.25	2.21	28
3.06	3.17	28
3.76	3.62	28
4.24	3.97	28
4.47	4.82	28
5.17	5.34	28
6.24	6.2	28
8.51	7.94	28
12.79	11.85	28
21.64	20.46	28
32.05	35.97	28
69.65	68.53	28
133.46	131.4	28
259.88	256.81	28
511.08	508.8	28
1015.58	1018.02	28
2025.65	2009.11	28
3929.65	3938.5	28
5855.01	5833.13	28
7837.95	7710.36	28
9773.93	9656.14	28
11682.99	11501.93	28
13685.8	13429.21	28
15469.31	15518.79	28
17339.47	17321.29	28
1.78	1.74	28
2.39	2.23	28
2.64	2.85	28
3.28	3.29	28
3.37	3.38	28
3.92	3.13	28
3.7	4.2	28
4.7	3.83	28
5.81	4.61	28
7.24	5.73	28
9.67	7.25	28
14.64	12.11	28
21.55	18.72	28
35.58	33.32	28
71.59	59.69	28
148.31	114.07	28
224.01	221.26	28
442.9	441.55	28
974.47	844.76	28
1459.51	1243.09	28
1680.84	1630.59	28
2073.16	2051.25	28
2872.8	2414.54	28
2870.03	2892.93	28
3337.78	3307.74	28
4286.41	3610.5	28
0.84	0.8	29
1.01	0.89	29
1.24	1.1	29
1.61	1.57	29
2.03	2.31	29
2.38	2.69	29
3.39	3.01	29
3.04	3.01	29
3.47	3.17	29
3.62	3.56	29
3.89	3.53	29
4.35	4.28	29
5.56	5.31	29
7.2	7.17	29
11.2	10.79	29
17.3	16.82	29
32.01	30.39	29
57.29	56.25	29
109.01	105.49	29
210.69	205.18	29
416.68	408.53	29
778.87	789.07	29
1177.96	1125.58	29
1572.22	1520.23	29
1944.89	1935.21	29
2302.8	2309.23	29
2748.06	2649.01	29
3074.14	3017.39	29
3502.91	3438.71	29
0.8	0.94	29
0.98	0.99	29
1.19	1.29	29
1.58	1.66	29
1.9	2.2	29
2.78	2.72	29
3.5	3.04	29
3.13	3.4	29
3.44	3.18	29
3.88	4.51	29
4.78	4.77	29
6.54	6.33	29
10.4	10.08	29
16.51	17.09	29
31.6	30.9	29
59.73	59.55	29
115.77	114.32	29
225.69	225.26	29
446.05	441.38	29
882.74	876.0	29
1750.07	1741.23	29
3411.46	3376.51	29
4985.8	4972.44	29
6551.72	6513.19	29
8153.91	8073.09	29
9665.57	9690.92	29
11207.93	11250.02	29
12754.24	12672.34	29
14324.7	14302.84	29
0.8	0.82	29
0.94	0.98	29
1.16	1.21	29
1.44	1.45	29
2.12	2.17	29
2.61	2.72	29
2.93	3.07	29
3.02	2.99	29
3.55	3.36	29
3.56	3.44	29
4.2	3.87	29
4.8	4.63	29
6.41	5.5	29
8.31	6.58	29
12.66	10.55	29
19.07	17.58	29
37.05	29.39	29
65.91	55.75	29
108.92	106.96	29
215.18	204.22	29
415.21	397.0	29
793.85	782.68	29
1161.89	1150.41	29
1548.99	1522.89	29
1938.68	1875.89	29
2280.28	2307.05	29
3163.99	2683.49	29
3589.54	3040.28	29
3458.06	3375.18	29
0.9	0.76	29
0.99	0.87	29
1.14	1.17	29
1.7	1.51	29
2.28	2.14	29
2.57	2.58	29
2.95	3.0	29
3.25	3.02	29
3.26	3.53	29
4.69	3.82	29
5.07	4.5	29
6.9	6.48	29
10.5	10.14	29
18.41	16.71	29
32.68	30.93	29
59.61	57.66	29
115.13	110.25	29
223.13	220.29	29
440.89	436.29	29
861.11	859.62	29
1436.99	1697.5	29
3339.18	3330.87	29
4905.57	4887.38	29
5502.04	6457.5	29
9150.31	9083.81	29
9711.17	9635.83	29
9563.04	11204.08	29
12808.11	12686.03	29
14358.28	14397.59	29
1.06	0.97	30
1.57	1.09	30
1.35	1.33	30
1.75	1.64	30
1.98	2.23	30
2.52	2.64	30
3.31	3.28	30
3.37	3.27	30
3.85	3.26	30
3.67	3.25	30
3.92	4.11	30
5.14	4.84	30
6.84	6.42	30
8.53	8.94	30
15.65	14.58	30
26.59	25.8	30
48.2	48.4	30
90.36	90.82	30
175.02	173.73	30
349.86	341.45	30
743.94	680.14	30
1320.31	1310.6	30
2175.95	1939.5	30
2653.43	2617.32	30
3242.06	3231.82	30
4318.96	3885.49	30
4627.53	4497.36	30
5240.59	5185.96	30
5797.81	5764.86	30
0.99	0.97	30
1.16	1.08	30
1.33	1.32	30
1.65	1.79	30
2.22	2.02	30
2.91	2.59	30
3.26	3.18	30
3.74	3.38	30
3.26	3.49	30
4.09	4.3	30
4.57	4.75	30
6.58	6.05	30
9.76	9.46	30
15.21	14.62	30
25.89	25.95	30
48.59	48.92	30
92.39	93.33	30
181.66	181.28	30
361.66	358.73	30
594.41	713.4	30
1187.85	1418.03	30
2770.1	2773.07	30
4130.32	4100.09	30
5473.46	5458.4	30
6836.96	6784.72	30
8153.43	8140.3	30
9502.46	9472.18	30
10881.57	10836.76	30
12221.97	12213.92	30
0.91	1.11	30
1.0	1.16	30
1.17	1.28	30
1.77	1.65	30
2.21	2.14	30
2.8	2.68	30
3.18	3.01	30
3.37	3.34	30
3.36	3.09	30
3.8	3.75	30
4.32	4.13	30
5.06	4.7	30
6.86	6.3	30
10.3	8.64	30
15.47	14.14	30
27.07	25.1	30
50.26	46.97	30
91.76	90.13	30
177.23	174.81	30
344.41	343.69	30
686.67	676.04	30
1340.04	1310.16	30
1979.09	1953.91	30
2642.82	2578.27	30
3300.93	3272.84	30
3915.03	3915.63	30
4613.01	4544.39	30
5626.07	5181.26	30
5960.12	5790.0	30
0.94	0.89	30
1.01	1.02	30
1.36	1.27	30
1.77	1.67	30
2.21	2.34	30
2.87	2.81	30
3.2	3.22	30
4.11	3.22	30
3.41	2.99	30
3.77	3.83	30
4.98	4.86	30
6.87	5.87	30
9.85	9.07	30
15.54	14.66	30
27.48	26.0	30
49.19	48.64	30
80.47	92.09	30
182.01	181.35	30
362.85	360.09	30
713.45	716.41	30
1423.04	1413.73	30
2776.68	2764.01	30
4126.91	4103.46	30
5460.9	5457.21	30
6832.09	6815.56	30
8176.62	8134.18	30
9543.73	9488.31	30
10849.26	10813.03	30
10184.53	12148.47	30
1.01	0.99	31
1.19	1.19	31
1.61	1.43	31
1.71	2.52	31
2.26	2.35	31
3.15	2.71	31
3.31	3.03	31
2.91	3.22	31
3.61	3.76	31
4.12	4.17	31
4.63	4.57	31
6.42	6.58	31
9.42	9.0	31
14.83	14.82	31
26.29	26.04	31
48.76	48.05	31
93.15	94.08	31
181.92	181.63	31
358.89	359.04	31
715.2	712.64	31
1426.79	1410.0	31
2767.46	2757.9	31
4111.08	4107.88	31
5449.5	5427.68	31
6814.56	6771.03	31
8139.08	8140.39	31
9536.11	9481.15	31
10887.9	10856.95	31
12200.96	12205.21	31
0.94	0.97	31
1.18	1.25	31
1.28	1.3	31
1.67	1.64	31
2.28	2.22	31
2.66	2.66	31
3.41	3.2	31
3.41	3.17	31
3.7	3.51	31
3.81	3.53	31
4.18	4.39	31
5.22	4.55	31
6.58	6.38	31
9.3	8.96	31
14.75	14.95	31
27.81	25.61	31
49.16	48.75	31
91.58	91.87	31
192.74	176.46	31
347.16	342.13	31
692.3	686.85	31
1355.47	1314.42	31
1993.35	1963.32	31
2646.38	2611.77	31
3294.87	3263.34	31
3895.97	3930.98	31
4613.81	4567.17	31
5273.85	5223.09	31
5911.77	5826.47	31
0.97	0.97	31
1.1	1.09	31
1.23	1.85	31
1.63	1.69	31
2.09	2.27	31
2.73	2.63	31
3.18	3.51	31
3.5	3.47	31
3.74	3.58	31
4.28	3.96	31
5.0	4.68	31
6.48	5.85	31
9.49	9.79	31
16.19	14.44	31
27.12	26.01	31
49.79	47.87	31
79.73	92.59	31
153.88	180.58	31
360.09	359.2	31
714.11	710.89	31
1426.69	1403.5	31
2784.5	2756.31	31
4116.55	4109.36	31
5474.47	5440.95	31
6824.38	6774.93	31
8143.88	8112.74	31
9533.17	9468.23	31
10895.9	10830.09	31
12220.5	12189.06	31
0.96	1.03	31
1.14	1.23	31
1.34	1.35	31
1.67	1.81	31
2.29	2.21	31
2.96	2.72	31
3.58	3.32	31
2.81	3.27	31
3.88	3.59	31
3.91	3.43	31
4.5	4.77	31
5.26	5.31	31
7.0	6.46	31
10.73	9.07	31
16.43	14.64	31
27.81	25.99	31
49.26	48.2	31
92.03	90.4	31
177.99	178.45	31
351.04	342.85	31
686.73	677.63	31
1336.11	1298.75	31
1990.64	1961.89	31
2609.04	2610.42	31
3288.19	3255.13	31
4222.6	3895.5	31
4631.73	4505.16	31
5217.6	5227.85	31
5873.23	5827.31	31
1.13	1.08	32
1.01	1.15	32
1.28	1.43	32
1.87	1.54	32
2.18	2.23	32
2.33	2.82	32
3.11	3.13	32
3.19	3.03	32
3.09	3.57	32
3.96	4.25	32
5.02	4.86	32
6.0	6.63	32
10.54	10.29	32
17.82	17.71	32
31.8	31.81	32
50.79	59.68	32
117.47	115.73	32
193.73	229.47	32
448.37	446.38	32
853.87	854.48	32
1679.11	1658.89	32
3236.5	3223.0	32
4805.87	4774.72	32
6367.1	6350.68	32
7938.74	7905.33	32
9548.17	9474.87	32
11101.85	10996.7	32
12606.44	12577.15	32
14268.78	14181.88	32
0.86	0.99	32
1.06	1.08	32
1.25	1.33	32
1.87	1.64	32
2.22	2.31	32
2.83	2.51	32
2.98	3.19	32
3.07	2.8	32
2.79	3.17	32
3.83	3.53	32
3.68	3.86	32
4.2	4.38	32
5.63	5.39	32
7.43	7.26	32
10.88	10.49	32
17.81	17.55	32
35.97	30.5	32
56.81	57.44	32
109.41	107.19	32
206.06	209.57	32
408.08	399.51	32
783.02	793.89	32
1159.91	1172.12	32
1537.61	1515.77	32
1928.17	1908.43	32
2371.59	2304.83	32
2735.1	2662.35	32
3092.15	3031.86	32
3494.07	3372.59	32
0.89	0.92	32
1.08	1.14	32
1.21	1.3	32
1.72	1.6	32
2.2	2.09	32
2.8	2.95	32
2.89	3.4	32
3.47	3.49	32
3.58	3.54	32
4.26	4.06	32
5.11	4.83	32
6.71	6.4	32
10.15	9.76	32
17.65	16.02	32
30.92	29.06	32
56.43	55.47	32
109.14	106.76	32
211.2	211.32	32
416.38	413.98	32
829.69	819.89	32
1651.88	1637.03	32
3213.92	3205.01	32
4802.98	4763.79	32
6315.56	6308.74	32
7898.43	7871.6	32
9450.41	9424.96	32
11042.19	11016.33	32
12642.56	12518.82	32
14176.7	14112.91	32
0.97	0.97	32
1.1	1.13	32
1.49	1.35	32
2.64	1.67	32
2.42	2.68	32
3.98	3.04	32
3.47	3.62	32
3.17	3.13	32
3.13	3.83	32
3.82	3.83	32
3.94	4.19	32
4.78	4.68	32
6.58	5.51	32
9.26	6.73	32
12.51	10.21	32
19.2	16.71	32
32.83	30.17	32
58.89	56.91	32
111.0	107.0	32
241.87	206.91	32
473.28	402.88	32
805.54	788.58	32
1183.5	1161.38	32
1575.59	1515.12	32
1949.37	1891.4	32
2657.09	2310.47	32
3140.26	2633.93	32
3077.74	3020.14	32
3464.36	3414.89	32
1.22	1.29	33
1.29	1.3	33
1.47	1.43	33
1.39	1.33	33
1.59	1.46	33
1.57	1.48	33
1.71	1.63	33
1.65	1.79	33
2.13	2.04	33
2.41	2.29	33
3.38	3.34	33
5.1	4.86	33
8.16	7.65	33
14.14	13.37	33
25.42	24.94	33
48.04	46.3	33
91.04	91.54	33
177.47	173.37	33
350.73	337.31	33
682.18	662.28	33
1018.06	982.79	33
1323.0	1320.45	33
1649.81	1615.37	33
1960.09	1925.97	33
2325.14	2275.04	33
2620.34	2590.0	33
2933.59	2877.45	33
1.05	1.2	33
1.27	1.29	33
1.52	1.15	33
1.48	1.46	33
1.54	1.5	33
1.71	1.82	33
1.75	1.78	33
2.25	2.15	33
3.02	2.68	33
4.39	4.87	33
6.96	6.82	33
12.64	12.22	33
23.9	23.65	33
46.44	45.56	33
89.92	89.56	33
176.92	175.18	33
348.25	350.11	33
695.38	694.54	33
1384.65	1371.23	33
2688.76	2695.3	33
4037.01	3999.47	33
5320.99	5288.4	33
6652.15	6614.54	33
7946.23	7920.41	33
9211.6	9221.21	33
10629.44	10496.7	33
11965.45	11877.71	33
1.22	1.33	33
1.45	1.23	33
1.25	1.29	33
1.33	1.46	33
1.64	1.59	33
1.58	1.58	33
1.63	1.77	33
1.83	1.81	33
2.22	2.33	33
2.98	2.5	33
4.23	3.3	33
6.1	4.73	33
9.43	7.84	33
15.28	13.19	33
27.2	24.61	33
49.26	46.48	33
93.04	88.5	33
179.54	175.65	33
353.96	339.18	33
672.18	663.33	33
1006.29	980.6	33
1308.81	1283.87	33
1673.87	1589.31	33
1970.75	1932.16	33
2342.25	2275.98	33
2629.62	2549.81	33
2975.25	2897.85	33
1.09	1.2	33
1.23	1.4	33
1.42	1.34	33
1.48	1.59	33
1.49	1.6	33
1.7	1.58	33
2.03	1.87	33
2.38	2.11	33
3.15	2.97	33
4.93	4.16	33
7.79	7.28	33
13.55	12.25	33
24.71	23.45	33
47.32	45.56	33
90.17	89.15	33
176.53	177.36	33
352.36	347.62	33
694.85	688.9	33
1389.18	1375.18	33
2706.03	2694.83	33
4023.04	4003.3	33
5352.52	5331.09	33
6665.22	6595.64	33
7925.64	7977.05	33
9242.81	9253.42	33
10564.62	10554.2	33
11964.23	11880.56	33
1.25	1.25	34
1.34	1.31	34
1.51	1.41	34
1.55	1.6	34
1.65	1.59	34
1.74	2.23	34
1.82	1.82	34
1.96	2.11	34
2.67	2.51	34
3.21	3.39	34
4.26	4.29	34
7.13	7.11	34
12.27	12.21	34
22.79	22.52	34
43.65	42.0	34
82.8	80.63	34
160.28	158.91	34
312.29	309.16	34
616.23	606.66	34
1186.32	1199.4	34
1808.75	1772.0	34
2385.64	2383.72	34
2947.54	2924.68	34
3583.15	3528.63	34
4148.0	4060.11	34
4739.12	4588.28	34
5296.53	5289.48	34
1.39	1.33	34
1.43	1.54	34
1.49	1.47	34
1.51	1.71	34
2.22	1.46	34
1.68	2.24	34
2.03	1.95	34
2.46	2.27	34
2.87	2.9	34
3.91	3.99	34
6.33	6.0	34
11.0	10.85	34
20.07	20.57	34
37.33	37.68	34
72.79	73.26	34
144.31	145.15	34
288.06	285.09	34
569.63	573.61	34
1141.24	1134.54	34
2212.75	2214.09	34
3296.7	3292.19	34
4377.37	4377.72	34
5468.45	5455.72	34
6534.81	6530.17	34
7622.79	7605.69	34
8726.46	8696.3	34
9791.58	9766.96	34
1.29	1.32	34
1.48	1.32	34
1.65	1.39	34
1.51	1.65	34
1.79	1.67	34
1.58	1.77	34
2.09	1.9	34
2.29	2.07	34
2.52	2.37	34
3.52	2.99	34
5.23	5.44	34
8.26	6.77	34
13.31	12.03	34
23.5	22.9	34
43.77	42.47	34
82.86	80.74	34
160.99	156.2	34
313.79	311.46	34
621.57	614.49	34
1195.64	1197.22	34
1786.04	1775.55	34
2397.73	2329.13	34
3017.37	2956.99	34
3599.91	3519.96	34
4160.42	4098.92	34
4738.39	4637.36	34
5352.14	5255.12	34
1.26	1.34	34
1.6	1.39	34
1.5	1.51	34
1.67	1.41	34
1.71	1.53	34
1.75	1.75	34
1.89	1.85	34
2.45	2.19	34
3.14	3.48	34
4.3	4.08	34
6.77	6.28	34
12.04	10.56	34
20.83	19.46	34
38.93	37.5	34
74.95	73.0	34
144.72	145.0	34
290.0	285.96	34
570.97	568.9	34
1136.72	1135.99	34
2212.51	2215.63	34
3296.37	3295.68	34
4384.77	4360.97	34
5457.24	5437.37	34
6545.81	6528.3	34
7634.7	7621.12	34
8698.93	8675.47	34
9788.7	9768.93	34
1.26	1.42	35
1.39	1.37	35
1.41	1.35	35
1.47	1.41	35
1.45	1.52	35
1.78	1.58	35
1.8	1.81	35
2.14	2.26	35
2.92	2.68	35
4.23	4.13	35
6.38	6.34	35
10.81	10.99	35
20.13	19.86	35
38.51	36.88	35
74.11	72.27	35
143.54	143.2	35
285.21	283.65	35
571.34	567.46	35
1135.73	1132.47	35
2218.76	2208.78	35
3297.17	3293.96	35
4373.35	4367.78	35
5476.69	5442.52	35
6544.99	6535.07	35
7619.94	7599.57	35
8684.76	8673.11	35
9778.88	9764.87	35
1.18	1.14	35
1.39	1.36	35
1.51	1.43	35
1.45	1.49	35
1.51	2.11	35
1.72	1.74	35
1.82	1.86	35
2.32	2.06	35
2.36	2.45	35
3.27	2.77	35
4.46	4.61	35
7.11	6.84	35
12.5	12.13	35
22.56	22.01	35
43.08	42.31	35
81.76	82.93	35
159.33	159.77	35
315.75	309.5	35
621.35	611.56	35
1208.14	1187.34	35
1787.65	1772.36	35
2360.87	2368.95	35
2995.68	2906.76	35
3530.54	3532.73	35
4153.0	4077.38	35
5026.77	5012.21	35
5286.81	5174.55	35
1.27	1.42	35
1.51	1.47	35
1.41	1.48	35
1.68	1.59	35
1.5	1.53	35
1.79	1.66	35
1.94	1.96	35
2.4	2.12	35
3.08	2.85	35
4.15	3.82	35
7.16	6.11	35
12.06	10.54	35
21.22	19.4	35
38.54	37.39	35
74.0	72.7	35
145.3	143.4	35
286.34	286.26	35
571.39	566.76	35
1137.78	1137.12	35
2215.01	2209.34	35
3301.03	3291.5	35
4385.77	4378.47	35
5480.42	5434.88	35
6549.51	6536.47	35
7616.02	7607.61	35
8702.56	8696.29	35
9780.49	9761.55	35
1.26	1.51	35
1.39	1.33	35
1.62	1.42	35
1.45	1.5	35
1.82	1.53	35
1.68	1.88	35
1.87	2.04	35
2.16	2.01	35
2.76	2.64	35
3.58	3.3	35
4.95	4.45	35
8.39	6.98	35
13.37	12.13	35
23.97	22.36	35
46.46	42.97	35
83.47	80.86	35
161.76	156.37	35
316.38	308.79	35
627.1	608.98	35
1224.49	1187.1	35
1798.5	1774.52	35
2368.55	2366.62	35
2973.03	2900.13	35
3597.19	3523.21	35
4141.68	4051.3	35
4704.26	4646.62	35
5365.72	5235.88	35
1.22	0.97	36
1.24	1.35	36
1.29	1.18	36
1.39	1.37	36
1.41	1.35	36
1.56	1.46	36
1.63	1.58	36
1.99	2.24	36
2.71	2.79	36
4.15	4.17	36
7.32	6.76	36
12.6	12.51	36
24.09	23.91	36
46.54	45.42	36
91.92	88.47	36
179.05	179.04	36
348.57	348.7	36
697.01	695.2	36
1387.5	1377.31	36
2706.73	2682.87	36
4049.8	3999.99	36
5341.81	5293.06	36
6684.17	6578.29	36
7971.41	7962.3	36
9306.96	9192.32	36
10633.28	10443.64	36
11943.74	11744.78	36
1.14	1.07	36
1.3	1.27	36
1.43	1.35	36
1.45	1.47	36
1.46	1.2	36
1.54	1.39	36
1.84	1.62	36
1.88	2.57	36
2.21	2.13	36
2.49	2.23	36
3.5	3.14	36
5.14	4.72	36
7.91	7.48	36
13.6	13.3	36
26.01	24.72	36
48.16	47.07	36
92.48	89.67	36
178.67	174.73	36
349.21	340.72	36
682.36	653.3	36
998.86	977.86	36
1334.94	1294.89	36
1650.67	1628.76	36
1972.97	1971.35	36
2309.67	2302.58	36
2622.7	2541.45	36
2944.14	2883.4	36
1.18	1.16	36
1.31	1.22	36
1.36	1.45	36
1.57	1.93	36
1.64	2.68	36
1.59	1.53	36
2.31	1.78	36
2.31	1.94	36
2.93	2.81	36
4.55	3.96	36
7.88	6.89	36
14.04	12.45	36
25.28	23.01	36
46.66	44.82	36
90.61	88.75	36
180.18	174.9	36
350.35	349.97	36
697.31	692.05	36
1396.2	1383.93	36
2696.94	2684.98	36
3999.98	4011.98	36
5346.22	5326.13	36
6632.71	6624.52	36
8007.15	7878.7	36
9246.23	9220.57	36
10599.88	10583.03	36
11923.11	11778.64	36
1.29	1.16	36
1.21	1.27	36
1.55	1.42	36
1.37	1.32	36
1.4	1.51	36
1.59	1.44	36
1.81	1.61	36
2.04	2.4	36
2.39	1.93	36
2.92	2.26	36
4.44	3.06	36
6.32	4.57	36
9.24	7.66	36
15.33	12.95	36
26.87	25.04	36
49.17	46.52	36
92.37	88.95	36
178.25	172.05	36
350.54	343.2	36
677.06	665.0	36
994.77	991.38	36
1333.5	1290.98	36
1643.18	1610.41	36
1995.01	1927.37	36
2283.27	2250.33	36
2583.75	2550.16	36
2935.15	2895.28	36
0.94	0.83	37
1.01	0.97	37
1.23	1.14	37
1.81	1.67	37
2.57	2.64	37
4.44	4.53	37
7.51	7.51	37
11.39	13.37	37
22.1	24.55	37
28.55	42.55	37
21.51	59.29	37
14.65	70.51	37
31.42	69.9	37
40.54	76.68	37
40.29	76.02	37
54.7	87.4	37
80.61	105.96	37
126.36	125.91	37
186.38	217.34	37
322.38	331.9	37
600.71	588.65	37
1158.84	1086.23	37
1645.88	1605.76	37
2194.06	2094.16	37
2672.89	2628.13	37
3212.7	2945.35	37
3745.8	3560.77	37
4277.63	3990.77	37
4844.23	4466.98	37
0.85	0.86	37
1.02	1.02	37
1.22	1.18	37
1.7	1.63	37
2.55	2.52	37
4.14	4.31	37
7.04	7.5	37
12.29	13.86	37
12.99	25.39	37
20.6	42.58	37
25.04	47.54	37
19.38	48.45	37
29.75	67.38	37
36.95	77.89	37
39.43	101.91	37
59.1	123.91	37
117.77	201.4	37
228.62	314.02	37
470.02	566.27	37
1007.92	1100.88	37
2067.87	2095.29	37
4081.34	4027.57	37
6045.82	6010.34	37
8032.95	7953.48	37
9999.96	9866.76	37
12069.2	11815.33	37
13991.68	13822.36	37
15991.36	15735.49	37
17874.82	17666.52	37
0.93	0.89	37
1.1	1.03	37
1.27	1.37	37
1.81	1.58	37
2.7	2.44	37
4.24	4.33	37
7.78	7.4	37
8.79	13.58	37
14.94	23.44	37
22.36	36.43	37
21.53	55.49	37
25.99	48.23	37
34.27	68.29	37
30.74	65.51	37
38.21	72.01	37
53.84	76.49	37
78.92	110.72	37
141.86	148.88	37
239.08	206.79	37
432.64	330.46	37
849.48	570.08	37
1592.77	1066.17	37
2361.39	1550.39	37
3119.14	2025.55	37
3884.06	2497.04	37
4664.31	3008.26	37
5372.5	3465.22	37
6120.13	4005.96	37
6918.79	4532.54	37
0.81	0.9	37
0.99	0.93	37
1.16	1.25	37
1.6	1.61	37
2.56	2.65	37
4.3	4.17	37
7.55	7.5	37
13.21	14.28	37
16.58	23.85	37
32.39	38.6	37
22.33	52.35	37
16.01	66.74	37
34.8	70.73	37
30.26	77.81	37
53.91	96.41	37
64.12	127.32	37
141.97	189.23	37
248.35	323.42	37
511.2	567.62	37
1093.44	1081.45	37
2248.13	2082.85	37
4312.34	4053.06	37
6540.31	5989.12	37
8704.38	7886.23	37
11052.56	9916.96	37
13014.36	11838.43	37
15242.64	13697.97	37
17404.94	15752.89	37
19481.8	17727.07	37
0.96	0.96	38
0.99	1.07	38
1.2	1.27	38
1.77	1.66	38
2.72	2.72	38
4.38	4.44	38
4.96	7.33	38
13.59	12.61	38
20.77	23.12	38
15.84	36.38	38
24.71	55.17	38
29.52	62.18	38
27.5	62.94	38
32.71	73.56	38
32.45	77.84	38
61.75	98.86	38
96.94	119.75	38
161.13	154.21	38
269.0	267.55	38
456.52	460.92	38
901.5	855.8	38
1683.09	1626.48	38
2492.3	2375.36	38
3381.82	3087.3	38
3982.39	3787.5	38
4612.19	4643.78	38
5376.34	5417.59	38
6351.08	6045.47	38
6983.36	6994.03	38
0.97	0.83	38
1.02	0.96	38
1.3	1.28	38
1.72	1.74	38
2.79	2.69	38
4.45	4.55	38
6.95	8.29	38
14.85	14.68	38
21.67	26.65	38
26.78	40.12	38
26.11	65.89	38
25.13	53.72	38
35.19	66.24	38
28.69	67.13	38
54.2	100.17	38
59.31	116.62	38
107.56	181.62	38
158.41	294.41	38
447.88	531.42	38
895.16	999.65	38
1861.27	1941.06	38
3713.74	3662.59	38
5395.36	5437.63	38
7252.27	7161.1	38
9014.36	8716.4	38
10819.25	10570.53	38
12532.94	12195.69	38
14310.71	14055.44	38
16147.28	15613.29	38
1.01	0.91	38
1.02	1.03	38
1.33	1.35	38
1.79	1.64	38
2.5	2.48	38
4.29	4.43	38
7.86	8.12	38
13.31	14.42	38
14.1	25.18	38
19.65	41.31	38
29.07	53.83	38
30.89	56.59	38
27.42	73.76	38
30.09	68.58	38
36.57	78.21	38
57.05	91.54	38
108.69	126.19	38
176.91	174.36	38
299.98	301.8	38
594.16	496.93	38
1075.34	892.66	38
2139.28	1604.44	38
3087.25	2357.45	38
4069.49	3226.46	38
5098.76	3802.36	38
6057.7	4586.04	38
7039.86	5302.92	38
7978.53	6171.2	38
9033.19	6828.1	38
0.93	0.91	38
1.65	0.91	38
1.34	1.24	38
1.66	1.7	38
2.64	2.51	38
4.25	4.41	38
7.49	7.7	38
7.63	12.92	38
16.1	22.28	38
21.13	40.38	38
16.56	50.96	38
33.34	62.04	38
30.81	66.12	38
32.23	79.32	38
42.84	86.5	38
66.76	112.14	38
105.12	177.44	38
183.06	293.08	38
511.67	528.11	38
958.08	969.08	38
1959.65	1859.72	38
3921.52	3566.82	38
5714.63	5293.55	38
7822.17	6994.44	38
9636.93	8783.54	38
11617.07	10475.39	38
13670.59	12238.48	38
14432.97	13892.08	38
17535.09	15595.78	38
1.08	0.91	39
1.09	0.96	39
1.22	1.24	39
1.82	1.67	39
2.74	2.51	39
4.14	4.5	39
7.94	7.7	39
9.53	14.37	39
20.47	25.0	39
21.56	34.94	39
28.12	43.44	39
33.06	60.34	39
30.24	62.94	39
29.58	79.05	39
38.24	83.77	39
53.25	112.52	39
91.06	169.13	39
215.78	295.54	39
448.07	500.2	39
921.99	963.24	39
1840.03	1876.68	39
3593.55	3576.93	39
5311.26	5357.41	39
7203.45	7042.41	39
8997.03	8765.94	39
10792.05	10385.22	39
12433.78	12222.77	39
14230.09	13932.46	39
16094.01	15600.81	39
0.95	0.98	39
1.14	0.99	39
1.26	1.1	39
1.77	1.89	39
2.68	2.45	39
4.77	4.39	39
7.31	7.72	39
11.01	13.08	39
18.37	24.85	39
19.86	39.97	39
12.49	49.61	39
18.46	71.01	39
26.84	76.13	39
33.07	59.98	39
50.23	81.64	39
59.0	96.75	39
109.67	117.71	39
156.7	170.71	39
268.97	286.86	39
503.86	514.05	39
920.79	910.03	39
1663.8	1610.15	39
2412.48	2311.92	39
3136.81	3083.97	39
3939.49	3810.51	39
4634.42	4558.23	39
5530.4	5311.74	39
6161.23	5971.43	39
6972.55	6787.37	39
0.95	0.9	39
1.07	1.01	39
1.29	1.24	39
1.82	1.85	39
2.68	2.74	39
4.52	4.2	39
7.03	7.88	39
14.0	14.29	39
19.14	23.43	39
19.03	39.16	39
33.61	56.05	39
26.69	55.07	39
28.28	62.64	39
33.63	67.13	39
35.35	92.13	39
56.77	113.79	39
98.57	171.94	39
237.72	295.07	39
499.01	518.71	39
1001.75	955.43	39
1937.55	1857.49	39
3916.83	3589.02	39
5935.09	5352.64	39
7909.89	7067.11	39
9793.72	8753.48	39
11750.17	10461.17	39
13630.39	12271.62	39
15972.91	14039.75	39
16899.81	15683.97	39
0.92	0.93	39
1.1	1.07	39
1.3	1.26	39
1.78	1.61	39
2.69	2.57	39
4.23	4.28	39
7.33	7.37	39
14.48	13.91	39
23.47	22.99	39
18.8	38.64	39
16.69	53.91	39
19.01	68.69	39
26.17	65.63	39
32.47	56.35	39
50.25	79.7	39
68.17	98.73	39
86.43	121.33	39
168.18	170.49	39
319.23	283.42	39
579.73	520.17	39
1122.85	895.46	39
2051.22	1623.31	39
3028.65	2341.57	39
4028.36	3110.24	39
5011.43	3858.02	39
6022.71	4594.95	39
6976.53	5291.75	39
7864.67	6065.41	39
8933.32	6761.11	39
0.96	0.82	40
1.01	0.99	40
1.27	1.08	40
1.77	1.7	40
2.68	2.67	40
4.09	4.5	40
8.02	7.49	40
8.24	14.05	40
14.32	21.6	40
21.48	35.17	40
24.95	57.24	40
32.33	56.94	40
25.4	66.21	40
37.26	72.05	40
44.83	87.08	40
69.85	121.3	40
129.98	190.08	40
253.02	317.03	40
493.77	566.87	40
954.82	1076.44	40
2118.96	2113.44	40
4063.87	4031.87	40
6104.18	5998.83	40
8053.97	7989.74	40
10014.84	9948.76	40
12104.86	11766.58	40
13970.24	13667.3	40
16114.02	15583.09	40
18067.06	17544.6	40
0.89	0.9	40
1.02	1.0	40
1.22	1.27	40
1.87	1.68	40
2.59	3.27	40
4.36	4.47	40
7.51	7.41	40
13.79	14.06	40
18.32	21.25	40
22.02	38.84	40
25.79	49.3	40
21.73	54.05	40
33.0	74.78	40
38.33	62.53	40
33.12	78.02	40
52.29	86.85	40
76.29	111.77	40
116.97	140.66	40
186.38	228.28	40
336.81	330.72	40
609.89	581.13	40
1160.5	1063.78	40
1699.92	1533.78	40
2123.82	2088.87	40
2693.95	2574.68	40
3200.12	3074.27	40
3757.01	3483.14	40
4359.98	4112.62	40
4888.57	4568.44	40
0.97	0.97	40
1.1	1.14	40
1.26	1.31	40
1.71	1.65	40
2.61	2.53	40
4.42	4.25	40
7.38	7.74	40
10.33	13.18	40
17.87	23.61	40
17.43	34.61	40
25.26	58.64	40
26.76	59.5	40
31.21	68.3	40
37.74	66.09	40
52.59	88.67	40
69.41	112.17	40
109.37	196.29	40
282.32	313.62	40
502.64	560.7	40
1091.92	1085.55	40
2275.25	2092.46	40
4428.93	4023.89	40
6566.1	5988.41	40
8708.55	7958.68	40
10881.32	9848.92	40
12583.41	11738.75	40
15232.32	13785.1	40
17376.93	15600.57	40
19518.73	17620.43	40
0.93	0.93	40
1.03	0.94	40
1.39	1.75	40
1.74	1.76	40
2.53	2.64	40
4.25	4.26	40
7.77	7.76	40
13.98	13.66	40
19.32	25.01	40
20.45	41.73	40
30.37	55.03	40
21.78	65.16	40
16.81	64.93	40
37.0	71.18	40
35.69	65.36	40
52.51	83.22	40
91.3	113.68	40
135.13	139.34	40
241.83	208.47	40
423.96	330.68	40
859.22	611.8	40
1610.0	1056.64	40
2390.27	1534.48	40
3152.25	2104.8	40
3944.88	2540.54	40
4642.7	2960.18	40
5407.99	3457.97	40
6295.79	4010.37	40
7103.3	4531.47	40
1.06	0.92	41
1.28	1.1	41
1.65	1.33	41
2.14	2.13	41
3.37	3.08	41
5.48	5.25	41
9.73	9.93	41
11.16	18.89	41
8.91	33.26	41
12.2	52.47	41
21.65	86.75	41
28.6	116.5	41
34.07	129.5	41
45.07	157.8	41
58.33	207.56	41
97.07	296.02	41
173.32	496.06	41
312.68	891.24	41
609.19	1623.96	41
1156.5	3021.36	41
1710.37	4442.54	41
2296.08	5808.05	41
2805.44	7259.68	41
3368.61	8750.31	41
3943.44	10100.13	41
4474.84	11548.34	41
4957.45	12813.11	41
1.11	1.03	41
1.14	1.21	41
1.52	1.43	41
1.99	2.06	41
3.12	3.01	41
4.57	5.05	41
5.94	9.83	41
7.83	18.35	41
10.23	31.67	41
17.16	58.64	41
24.47	101.46	41
30.14	134.95	41
37.15	163.51	41
50.42	187.06	41
74.0	291.39	41
125.77	451.55	41
231.77	769.81	41
430.99	1382.06	41
841.91	2616.84	41
1623.52	4930.29	41
2399.07	7182.56	41
3179.76	9555.03	41
3921.86	11778.29	41
4773.14	14053.28	41
5496.94	16398.88	41
6334.26	18796.99	41
7074.49	21138.72	41
0.93	0.94	41
1.14	1.27	41
1.46	1.47	41
1.91	2.09	41
3.12	2.87	41
4.44	5.14	41
9.78	9.09	41
11.11	16.67	41
11.62	29.99	41
11.66	51.63	41
18.32	76.71	41
23.74	102.3	41
32.06	106.08	41
39.29	136.45	41
53.02	187.3	41
85.85	285.88	41
152.52	457.58	41
285.94	844.5	41
546.06	1559.14	41
1053.96	2950.82	41
1551.84	4378.9	41
2022.2	5838.6	41
2543.51	7258.67	41
3020.82	8601.97	41
3493.0	10092.24	41
3992.99	11434.76	41
4522.47	12751.74	41
0.91	0.96	41
1.11	1.12	41
1.39	1.33	41
2.13	1.95	41
3.03	3.17	41
5.05	5.34	41
8.65	9.92	41
12.62	18.02	41
7.9	32.49	41
15.42	60.52	41
21.78	101.81	41
22.29	136.73	41
32.21	151.99	41
49.45	202.85	41
67.85	272.61	41
122.23	449.8	41
222.49	770.46	41
413.84	1408.95	41
805.68	2607.72	41
1528.4	4925.37	41
2268.83	7186.02	41
2974.72	9484.97	41
3744.87	11848.97	41
4380.86	14247.57	41
5160.7	16379.02	41
6387.19	18827.0	41
6571.92	21116.28	41
0.96	0.97	42
1.73	1.06	42
1.42	1.52	42
1.98	1.9	42
3.04	2.87	42
5.12	5.11	42
8.88	8.78	42
10.76	16.31	42
10.63	29.14	42
13.91	55.33	42
19.16	89.2	42
27.4	117.64	42
35.89	149.21	42
47.45	167.12	42
70.19	251.34	42
124.47	399.07	42
225.82	678.74	42
428.56	1226.79	42
834.18	2331.51	42
1599.72	4441.43	42
2375.26	6650.91	42
3125.04	8737.61	42
3936.5	10844.83	42
4684.3	12925.72	42
5480.02	15106.03	42
6249.65	17322.34	42
7025.6	19343.87	42
1.07	1.04	42
1.21	1.12	42
1.3	1.43	42
1.96	1.97	42
3.18	3.08	42
4.29	5.68	42
6.33	9.29	42
8.32	17.55	42
11.95	32.26	42
13.84	54.45	42
22.68	72.99	42
23.9	110.75	42
26.8	122.3	42
42.84	151.7	42
54.42	199.21	42
91.51	334.04	42
167.92	584.32	42
305.12	1086.42	42
589.84	2046.15	42
1122.31	3912.4	42
1655.59	5757.19	42
2204.0	7639.29	42
2755.31	9532.63	42
3277.97	11364.02	42
3791.17	13325.37	42
4354.09	15155.51	42
4888.95	17165.46	42
1.6	1.03	42
1.19	1.09	42
1.5	1.95	42
2.62	1.84	42
2.9	2.91	42
4.41	4.94	42
9.67	9.12	42
8.16	15.96	42
12.05	30.47	42
12.73	56.69	42
19.76	87.97	42
24.16	109.39	42
30.66	150.83	42
44.22	176.43	42
71.59	252.43	42
118.19	394.65	42
215.16	666.6	42
404.54	1242.75	42
785.6	2346.13	42
1507.55	4492.7	42
2282.75	6590.65	42
2999.65	8659.4	42
3689.72	10933.59	42
4465.85	12942.02	42
5102.46	15123.37	42
5894.02	17148.59	42
6580.96	19455.42	42
0.97	1.13	42
1.74	1.11	42
1.6	1.39	42
1.84	1.92	42
3.18	2.95	42
5.24	5.09	42
7.55	9.4	42
8.93	16.44	42
11.38	31.62	42
16.83	54.52	42
18.62	86.95	42
23.56	106.58	42
29.88	125.11	42
34.26	160.09	42
57.48	217.12	42
86.66	336.61	42
156.44	595.49	42
278.5	1065.7	42
545.39	2052.86	42
1029.5	3887.97	42
1513.27	5725.03	42
2031.69	7640.31	42
2532.37	9531.53	42
3017.37	11355.72	42
3573.95	13317.44	42
3939.59	15113.64	42
4404.14	16989.17	42
1.08	1.06	43
1.17	1.12	43
1.49	1.38	43
2.04	2.13	43
2.98	3.2	43
5.55	5.38	43
9.08	9.04	43
6.88	17.79	43
9.25	32.53	43
15.52	54.99	43
22.41	78.38	43
24.03	105.75	43
32.64	123.06	43
39.54	155.26	43
54.32	209.68	43
92.32	324.48	43
162.82	587.52	43
307.14	1074.11	43
588.95	2056.9	43
1124.42	3932.79	43
1671.79	5900.48	43
2210.28	7663.03	43
2728.33	9607.26	43
3289.72	11447.44	43
3828.9	13291.17	43
4360.38	15190.48	43
4906.96	17074.69	43
1.03	1.03	43
1.17	1.2	43
1.42	1.32	43
1.81	2.55	43
2.75	3.21	43
4.97	4.85	43
8.58	9.21	43
8.62	16.5	43
11.2	30.22	43
14.13	56.18	43
19.5	82.29	43
28.24	124.4	43
34.17	140.19	43
44.73	157.89	43
69.87	253.91	43
125.18	392.09	43
234.07	664.49	43
427.89	1221.06	43
844.1	2313.28	43
1616.17	4459.48	43
2376.58	6574.03	43
3144.57	8801.98	43
3943.56	10821.89	43
4749.67	12938.31	43
5434.97	15139.39	43
6227.94	17179.23	43
7020.76	19343.76	43
1.1	1.14	43
1.15	1.22	43
1.51	1.36	43
2.68	1.94	43
3.19	3.23	43
5.14	5.43	43
7.77	9.49	43
6.66	17.36	43
10.76	31.5	43
10.46	53.71	43
16.81	72.51	43
22.54	109.01	43
30.8	131.25	43
40.2	157.05	43
53.08	221.79	43
87.09	340.22	43
152.61	580.06	43
286.3	1068.91	43
536.18	2008.54	43
1043.33	3917.73	43
1540.36	5810.94	43
2002.65	7761.74	43
2503.13	9606.44	43
3014.23	11565.47	43
3465.77	13338.32	43
4008.86	15179.7	43
4473.1	17123.21	43
1.01	1.03	43
1.16	1.81	43
1.27	1.42	43
1.77	1.94	43
2.99	2.81	43
4.86	5.0	43
8.02	9.11	43
7.55	16.31	43
9.68	29.57	43
13.04	53.22	43
18.37	94.02	43
21.2	99.32	43
33.66	144.75	43
45.1	191.34	43
69.16	256.77	43
116.95	393.45	43
212.98	667.86	43
405.14	1193.59	43
804.66	2309.84	43
1498.68	4458.18	43
2265.88	6629.74	43
2919.06	8731.0	43
3741.74	10836.05	43
4354.43	12922.17	43
5060.97	15167.96	43
5908.86	17376.8	43
6595.34	19406.73	43
1.22	0.97	44
1.06	1.11	44
1.31	1.34	44
1.84	1.91	44
2.94	2.81	44
4.27	4.87	44
6.02	8.83	44
8.19	16.87	44
12.03	31.02	44
14.16	55.78	44
21.72	80.01	44
29.17	122.49	44
32.57	148.67	44
46.57	187.45	44
76.11	264.77	44
125.39	399.66	44
228.51	720.6	44
434.97	1324.59	44
843.9	2517.19	44
1626.49	4812.79	44
2388.96	7102.1	44
3144.22	9483.32	44
3939.19	11753.74	44
4720.52	14043.73	44
5500.47	16441.18	44
6261.13	18674.84	44
7067.78	20958.75	44
1.14	1.49	44
1.11	1.1	44
1.34	1.99	44
2.12	1.82	44
2.95	2.97	44
5.22	5.31	44
7.22	9.2	44
9.36	17.45	44
11.17	30.53	44
15.08	55.05	44
18.43	84.02	44
22.53	107.7	44
31.77	97.09	44
39.95	143.62	44
58.79	199.89	44
94.35	282.09	44
163.91	465.66	44
309.72	813.41	44
606.23	1547.93	44
1151.76	2984.04	44
1720.85	4414.91	44
2289.15	5814.65	44
2764.87	7224.6	44
3331.25	8747.7	44
3873.11	10153.17	44
4479.69	11371.69	44
5029.52	12835.0	44
0.9	0.94	44
1.14	1.19	44
1.54	1.28	44
1.82	1.85	44
2.8	2.91	44
5.03	4.93	44
5.8	8.42	44
7.21	16.53	44
9.28	29.4	44
15.83	57.27	44
17.84	94.49	44
23.68	111.61	44
31.38	139.88	44
41.88	184.73	44
69.34	265.11	44
118.3	421.96	44
215.36	696.9	44
411.38	1325.47	44
801.68	2525.76	44
1516.0	4817.84	44
2247.03	7076.71	44
2956.84	9438.18	44
3747.92	11814.92	44
4439.95	14073.45	44
5181.58	16316.53	44
5873.02	18793.33	44
6660.88	21045.56	44
1.02	0.99	44
1.11	1.01	44
1.4	1.32	44
1.81	1.89	44
3.01	2.98	44
4.87	5.28	44
8.03	9.25	44
11.63	16.49	44
10.97	31.74	44
13.05	48.88	44
17.62	84.7	44
22.85	97.06	44
28.96	130.76	44
38.77	154.76	44
57.09	200.57	44
85.92	281.51	44
151.25	468.27	44
282.31	807.22	44
550.42	1559.29	44
1038.03	3033.51	44
1537.99	4417.79	44
2042.45	5894.17	44
2532.96	7230.88	44
3046.78	8581.32	44
3527.11	9984.42	44
4038.22	11495.65	44
4894.67	13481.38	44
0.91	0.93	45
1.18	1.09	45
1.65	1.63	45
2.51	2.45	45
3.71	4.04	45
5.65	6.1	45
6.74	7.47	45
9.03	8.91	45
9.1	9.68	45
9.9	10.57	45
13.11	11.76	45
13.75	15.86	45
17.51	21.3	45
27.18	28.56	45
41.56	47.97	45
72.67	68.12	45
128.84	118.61	45
237.05	222.27	45
421.14	404.91	45
914.27	785.49	45
1646.04	1526.45	45
2196.35	2232.02	45
3031.57	2847.7	45
3949.91	3640.46	45
4362.32	4393.87	45
6132.16	4874.06	45
6273.63	5809.72	45
6484.22	6724.17	45
1.0	0.9	45
1.3	1.13	45
1.59	1.73	45
2.49	2.41	45
3.55	3.95	45
5.28	5.85	45
8.25	8.02	45
7.85	10.46	45
12.29	10.75	45
11.12	12.46	45
19.07	20.03	45
24.44	29.97	45
51.47	49.26	45
90.42	89.94	45
171.46	168.85	45
256.79	326.26	45
503.24	647.77	45
708.23	1274.93	45
2572.62	2523.37	45
3917.12	5088.11	45
5365.51	9983.49	45
11481.81	14662.97	45
19643.87	19497.25	45
18919.1	24365.83	45
29217.52	29107.11	45
18568.86	33975.57	45
39137.53	38983.96	45
23726.0	44038.75	45
1.08	1.1	45
1.17	1.26	45
1.74	1.77	45
3.1	2.6	45
4.43	3.95	45
5.86	6.26	45
8.59	8.56	45
8.74	9.9	45
11.66	9.53	45
11.32	12.06	45
12.09	13.16	45
15.9	16.58	45
24.97	20.27	45
28.54	28.03	45
43.6	44.64	45
74.76	68.56	45
120.59	118.75	45
234.23	211.71	45
466.12	422.42	45
907.12	776.32	45
1501.28	1501.72	45
2380.38	2202.08	45
3139.02	2915.07	45
3792.93	3646.37	45
4779.1	4372.73	45
5389.51	5058.47	45
5746.13	5627.97	45
6791.08	6521.75	45
1.0	1.0	45
1.16	1.18	45
1.63	1.57	45
2.45	2.48	45
3.87	3.7	45
6.01	5.95	45
7.85	8.93	45
9.24	10.07	45
9.24	11.97	45
11.04	14.03	45
14.61	18.53	45
25.67	29.27	45
42.97	51.03	45
52.01	88.7	45
95.59	169.14	45
254.61	328.35	45
348.32	652.3	45
1296.44	1275.09	45
2552.77	2529.61	45
3875.4	5059.89	45
9920.13	9866.98	45
14757.09	14724.58	45
10387.86	19497.46	45
12951.07	24358.69	45
22479.21	29240.46	45
26177.49	33942.74	45
38687.77	38798.41	45
23253.86	43818.61	45
1.07	1.1	46
1.37	1.35	46
2.15	1.95	46
2.72	2.75	46
4.25	4.17	46
6.42	6.43	46
7.52	8.53	46
9.6	9.92	46
9.03	10.5	46
11.28	11.42	46
13.65	14.88	46
16.78	16.85	46
23.76	24.21	46
31.33	35.34	46
59.73	59.08	46
93.06	110.39	46
180.81	185.29	46
330.92	323.88	46
640.23	613.0	46
1277.43	1242.73	46
2392.63	2385.56	46
3578.52	3546.74	46
4666.78	4613.25	46
5993.68	5743.39	46
7179.6	7016.39	46
8513.41	8058.46	46
9330.32	9319.46	46
10853.82	10187.71	46
1.18	1.19	46
1.4	1.41	46
1.79	1.7	46
2.88	2.6	46
4.29	4.08	46
5.97	6.57	46
8.22	8.73	46
9.89	10.12	46
10.12	11.78	46
11.29	13.73	46
13.3	18.71	46
17.34	27.7	46
48.94	47.77	46
85.96	83.72	46
159.27	157.27	46
89.02	306.81	46
457.21	591.74	46
915.86	1181.51	46
1816.58	2402.38	46
3650.71	4742.21	46
2793.86	9374.43	46
7370.39	13801.72	46
9877.46	18333.23	46
17710.5	22883.7	46
14844.52	27427.95	46
24713.11	31789.59	46
28264.61	36709.13	46
31630.23	41050.24	46
1.08	1.05	46
1.25	1.19	46
1.78	2.39	46
2.64	2.52	46
4.06	3.76	46
6.24	6.15	46
8.84	8.73	46
8.48	9.88	46
8.9	11.23	46
11.36	13.08	46
13.36	12.44	46
18.51	18.75	46
28.07	23.22	46
36.31	36.48	46
59.0	52.5	46
107.63	95.55	46
205.59	164.28	46
360.09	303.04	46
665.25	651.13	46
1290.49	1220.95	46
2339.99	2396.41	46
3564.92	3600.09	46
4973.28	4587.71	46
6076.87	5675.92	46
6998.79	7023.74	46
8263.87	8100.39	46
9631.59	9198.45	46
10955.5	10336.95	46
1.06	1.11	46
1.32	1.28	46
1.72	1.74	46
2.46	2.55	46
4.13	3.93	46
6.0	6.39	46
8.16	8.15	46
7.36	9.77	46
11.65	11.79	46
12.52	12.8	46
17.97	18.97	46
24.21	27.47	46
40.59	47.57	46
48.71	85.45	46
126.25	161.2	46
239.1	310.98	46
177.34	601.43	46
920.51	1201.76	46
2419.8	2380.77	46
2522.91	4801.65	46
9417.76	9353.69	46
13851.49	13993.39	46
14135.92	18389.23	46
6559.18	22800.36	46
14467.72	27407.41	46
27208.36	33342.85	46
27703.1	36972.23	46
21542.31	41375.99	46
1.11	1.18	47
1.26	1.39	47
1.92	1.82	47
2.67	2.45	47
3.97	4.09	47
6.15	5.6	47
8.28	8.1	47
7.92	9.83	47
9.09	11.32	47
9.7	13.91	47
12.88	18.18	47
23.36	27.66	47
16.44	46.97	47
58.44	84.93	47
49.83	162.07	47
205.81	312.45	47
391.65	602.67	47
344.58	1191.83	47
2394.28	2375.06	47
3058.76	4760.39	47
5958.37	9341.29	47
8915.19	13769.66	47
18299.67	18444.09	47
14677.8	22638.94	47
7779.06	27781.6	47
20743.15	32142.12	47
36705.83	36520.19	47
11609.13	41089.74	47
