1.23	0.87	1
1.28	0.98	1
1.34	1.15	1
1.48	1.2	1
1.5	1.43	1
1.7	1.36	1
1.85	1.89	1
2.02	2.15	1
2.8	2.77	1
3.94	3.62	1
6.01	5.59	1
10.25	9.69	1
17.42	17.84	1
32.78	31.43	1
62.24	60.24	1
116.82	117.72	1
221.17	227.49	1
427.21	425.74	1
637.12	650.8	1
839.91	827.81	1
1045.1	1030.35	1
1250.26	1261.97	1
1458.75	1440.31	1
1678.56	1684.99	1
1825.28	1836.83	1
1.19	1.1	1
1.3	1.02	1
1.2	0.82	1
1.42	1.04	1
1.44	1.3	1
1.92	1.55	1
2.23	1.9	1
2.7	2.45	1
3.92	3.73	1
5.94	5.73	1
10.15	10.31	1
18.99	18.33	1
35.88	34.66	1
68.74	67.7	1
131.1	130.29	1
255.32	256.41	1
506.61	516.01	1
1000.21	995.05	1
1484.28	1473.73	1
1943.17	1956.21	1
2417.99	2425.0	1
2881.8	2888.23	1
3405.48	3371.65	1
7610.81	3815.0	1
4309.67	4340.05	1
1.05	1.04	1
1.76	1.04	1
1.37	1.0	1
1.31	1.16	1
1.42	1.41	1
1.74	1.63	1
2.83	1.97	1
2.37	2.21	1
3.2	2.92	1
3.82	3.6	1
5.72	5.37	1
8.94	8.87	1
15.61	15.23	1
28.1	28.14	1
50.59	49.74	1
101.75	94.44	1
186.26	178.75	1
352.71	342.14	1
516.75	516.68	1
686.82	708.66	1
869.29	850.26	1
1054.32	1000.86	1
1196.57	1159.98	1
1359.69	1367.89	1
1490.15	1526.81	1
1.45	0.95	1
1.12	1.12	1
1.2	1.08	1
1.32	1.14	1
1.36	1.4	1
1.83	1.74	1
2.38	2.28	1
3.2	2.45	1
3.71	3.52	1
5.92	5.45	1
9.82	9.43	1
17.51	17.13	1
32.29	33.66	1
64.44	63.53	1
124.59	123.48	1
244.9	246.7	1
487.04	486.58	1
935.84	949.44	1
1408.44	1385.76	1
1859.19	1862.28	1
2310.72	2311.46	1
2790.0	2749.32	1
3217.78	3217.47	1
3658.89	3647.26	1
4117.14	4109.31	1
1.18	1.02	2
1.34	1.02	2
1.07	1.09	2
1.41	1.25	2
1.47	1.44	2
1.64	1.55	2
2.16	1.84	2
2.49	2.53	2
3.81	3.67	2
5.61	6.65	2
9.72	9.82	2
17.48	18.93	2
34.13	34.85	2
65.11	67.97	2
125.52	134.84	2
247.85	257.09	2
489.18	518.68	2
960.23	1007.05	2
1422.43	1477.26	2
1898.08	1967.91	2
2328.88	2447.41	2
2816.36	2952.29	2
3264.89	3424.81	2
3726.15	3904.06	2
4211.9	4384.14	2
1.02	1.09	2
1.16	1.06	2
1.26	1.13	2
1.33	1.31	2
1.56	1.54	2
1.76	1.67	2
2.32	1.95	2
3.33	2.28	2
5.45	3.32	2
9.73	5.54	2
18.93	7.99	2
35.28	17.46	2
69.44	26.12	2
135.34	53.74	2
267.4	98.4	2
536.54	192.03	2
1060.45	383.18	2
2069.73	749.01	2
3104.23	1112.06	2
4107.24	1472.28	2
5104.16	1834.36	2
6099.71	2190.93	2
7136.59	2544.48	2
8104.66	2909.37	2
9115.28	3303.79	2
1.09	0.99	2
1.12	1.04	2
1.17	1.17	2
1.33	1.1	2
1.94	1.34	2
1.84	1.68	2
2.29	2.08	2
2.58	2.44	2
3.74	3.43	2
5.92	5.17	2
9.41	9.0	2
17.48	16.7	2
33.61	31.17	2
66.33	61.93	2
128.67	115.89	2
246.08	227.6	2
493.75	450.99	2
967.24	882.32	2
1448.01	1285.08	2
1906.78	1695.9	2
2374.52	2142.92	2
2830.09	2539.56	2
3281.84	2954.25	2
3740.49	3415.51	2
4223.14	3853.18	2
0.94	1.01	2
1.07	1.08	2
1.25	1.08	2
1.3	1.22	2
1.54	1.49	2
1.84	1.84	2
2.6	2.15	2
3.44	2.76	2
5.38	3.98	2
9.22	4.82	2
18.38	8.04	2
35.06	13.52	2
68.55	26.16	2
136.14	50.05	2
270.73	97.41	2
531.91	190.8	2
1061.11	379.79	2
2064.44	733.92	2
3081.76	1097.32	2
4113.21	1451.09	2
5113.83	1809.13	2
4811.53	2170.12	2
7125.99	2519.87	2
8166.23	2881.83	2
9125.6	3234.0	2
1.13	1.05	3
1.03	1.09	3
1.22	1.02	3
1.25	1.29	3
1.26	1.6	3
1.87	2.27	3
2.19	2.13	3
3.4	2.27	3
5.99	2.99	3
10.07	4.98	3
18.19	7.86	3
34.79	13.72	3
68.79	26.22	3
136.35	49.84	3
270.78	101.18	3
535.07	198.88	3
1076.7	378.87	3
2065.03	742.57	3
3117.73	1104.71	3
4081.96	1460.11	3
5110.73	1811.97	3
6080.6	3526.36	3
7085.07	2539.51	3
8106.0	2902.18	3
9152.62	3252.34	3
1.2	1.03	3
1.08	0.92	3
1.15	1.15	3
1.3	1.26	3
1.39	1.24	3
1.68	1.78	3
1.81	1.98	3
2.56	2.59	3
3.72	3.7	3
5.63	5.69	3
10.55	9.99	3
17.5	18.04	3
33.49	35.13	3
65.01	66.67	3
126.83	131.7	3
245.6	259.41	3
499.89	514.78	3
961.46	996.97	3
1422.24	1484.26	3
1887.17	1969.1	3
2368.74	2470.71	3
2817.79	2938.15	3
3314.09	3466.47	3
3763.79	3898.26	3
4243.86	4387.19	3
1.1	0.96	3
1.03	0.98	3
1.12	1.62	3
1.28	1.38	3
1.61	1.45	3
1.91	1.85	3
2.62	2.3	3
3.37	2.65	3
5.5	3.99	3
9.6	4.89	3
17.5	7.98	3
34.98	13.99	3
67.8	25.84	3
135.54	49.63	3
266.11	96.97	3
536.43	190.87	3
1063.78	377.62	3
2067.72	736.41	3
3085.43	1089.39	3
4096.21	1448.53	3
5120.5	1802.98	3
6122.83	2164.78	3
7116.21	2523.37	3
8138.86	2877.01	3
9133.52	3233.24	3
1.19	1.04	3
1.06	1.78	3
1.3	1.11	3
1.44	1.43	3
1.45	1.45	3
1.73	1.68	3
2.0	1.99	3
2.62	2.42	3
3.71	3.39	3
5.58	5.5	3
10.08	8.91	3
17.44	16.84	3
34.93	31.08	3
64.47	60.29	3
127.33	116.3	3
253.29	226.87	3
498.07	451.43	3
959.21	881.64	3
1415.91	1278.23	3
1904.67	1717.91	3
2378.23	2133.01	3
2859.0	2563.97	3
3303.74	2980.73	3
3758.46	3377.32	3
4240.07	3836.04	3
0.97	1.59	4
1.18	1.03	4
1.06	1.08	4
1.15	1.12	4
1.3	1.37	4
1.57	1.57	4
2.04	1.88	4
2.55	2.56	4
3.51	3.64	4
6.3	6.01	4
10.23	10.02	4
19.27	19.26	4
35.91	35.48	4
67.38	69.29	4
132.11	132.94	4
257.94	255.27	4
507.59	505.18	4
982.91	981.6	4
1468.88	1473.14	4
1926.51	1943.38	4
2415.44	2430.27	4
2925.85	2857.32	4
3378.59	3356.72	4
3830.83	3881.6	4
4327.59	4346.47	4
1.05	0.96	4
1.18	1.19	4
1.17	1.87	4
1.44	1.37	4
1.58	1.38	4
1.64	1.54	4
1.91	1.79	4
2.26	1.97	4
2.9	2.86	4
3.88	3.87	4
5.77	6.16	4
9.87	9.99	4
18.49	18.7	4
32.51	31.37	4
60.94	61.44	4
117.42	114.69	4
226.72	221.2	4
442.3	436.48	4
640.04	657.34	4
839.67	851.82	4
1065.85	1047.55	4
1261.53	1251.15	4
1465.69	1459.55	4
1699.73	1700.92	4
1868.92	1978.83	4
1.06	1.04	4
1.07	1.07	4
1.17	1.12	4
1.23	1.25	4
1.46	1.56	4
1.77	1.91	4
2.3	2.02	4
2.7	2.38	4
3.84	3.56	4
5.87	5.7	4
9.33	9.28	4
17.94	17.36	4
32.85	32.67	4
64.2	63.66	4
122.92	122.25	4
244.14	247.71	4
481.6	478.63	4
947.27	948.33	4
1390.89	1398.2	4
1843.44	1850.91	4
2298.65	2300.48	4
4265.79	2768.37	4
3198.28	3179.4	4
3690.27	3639.01	4
4119.68	4077.9	4
1.18	1.1	4
1.04	1.09	4
1.1	1.2	4
1.38	1.34	4
1.49	1.63	4
1.66	1.66	4
2.0	1.88	4
2.64	2.87	4
3.31	2.92	4
3.85	3.69	4
5.6	5.55	4
9.01	8.88	4
15.45	15.57	4
27.54	27.83	4
50.86	51.96	4
96.7	94.97	4
190.2	181.47	4
356.92	355.41	4
532.38	511.77	4
705.21	680.08	4
848.95	860.21	4
1028.19	1057.86	4
1184.49	1180.73	4
1316.17	1338.15	4
1487.84	1483.48	4
1.08	1.05	5
1.09	1.17	5
1.46	1.33	5
1.38	1.64	5
1.62	1.65	5
1.87	1.82	5
1.99	1.94	5
2.45	2.51	5
3.01	3.19	5
4.46	4.27	5
6.73	6.69	5
11.03	12.0	5
20.81	21.51	5
38.74	41.01	5
70.3	79.0	5
136.81	150.75	5
265.65	296.63	5
497.65	554.94	5
739.95	836.16	5
999.02	1097.78	5
1215.2	1339.49	5
1455.49	1661.58	5
1726.91	1908.76	5
1941.22	2183.47	5
2179.38	2414.56	5
1.1	1.15	5
1.15	1.11	5
1.24	1.26	5
1.47	1.51	5
1.61	1.68	5
2.02	2.24	5
2.72	2.74	5
4.3	3.08	5
7.96	4.61	5
13.35	7.16	5
24.7	12.16	5
48.48	22.86	5
95.18	43.63	5
189.71	84.41	5
375.12	164.43	5
741.44	326.31	5
1477.48	652.12	5
2931.49	1260.16	5
4343.93	1881.66	5
5712.37	2471.2	5
7114.35	3102.01	5
8520.81	3686.95	5
9915.79	4299.87	5
11385.31	4877.25	5
12734.54	5564.91	5
1.47	0.96	5
1.18	1.08	5
1.24	1.37	5
1.64	1.38	5
1.7	1.48	5
2.02	1.83	5
2.23	2.34	5
2.59	2.3	5
3.21	3.22	5
4.55	4.09	5
6.9	6.39	5
12.34	11.14	5
21.17	19.16	5
39.61	35.91	5
72.14	64.79	5
139.02	124.19	5
269.2	240.03	5
504.48	456.2	5
756.22	686.06	5
988.62	896.02	5
1245.86	1100.8	5
1502.66	1316.63	5
1758.16	1650.66	5
1980.16	1736.0	5
2191.64	1967.14	5
1.11	1.05	5
1.17	1.65	5
1.28	1.19	5
1.43	1.37	5
1.91	1.76	5
2.03	2.18	5
2.85	2.54	5
4.35	3.72	5
7.3	4.78	5
13.4	7.18	5
25.25	12.52	5
49.52	22.65	5
96.57	43.54	5
191.51	85.23	5
372.34	168.52	5
743.64	328.96	5
1484.95	652.48	5
2876.39	1269.15	5
4308.85	1878.44	5
5755.05	2494.26	5
7180.65	3107.25	5
8598.2	3719.23	5
9989.42	4333.31	5
11467.86	4960.69	5
12687.42	5552.15	5
1.03	1.12	6
1.04	1.05	6
1.46	1.37	6
1.48	1.43	6
1.69	1.5	6
1.72	1.85	6
2.09	2.31	6
2.72	2.95	6
3.87	4.0	6
6.06	6.54	6
10.84	11.54	6
19.18	20.39	6
37.05	38.89	6
70.03	72.34	6
137.13	143.45	6
265.61	284.98	6
520.25	572.33	6
1024.43	1086.1	6
1527.52	1616.57	6
2016.07	2163.05	6
2508.89	2625.54	6
3018.81	3197.64	6
3515.68	3672.51	6
4034.31	4195.72	6
4450.11	4784.86	6
1.19	1.16	6
1.32	1.19	6
1.17	1.43	6
1.17	1.48	6
1.63	1.61	6
1.94	1.87	6
2.81	2.27	6
3.98	2.79	6
6.58	4.92	6
11.87	6.99	6
21.77	10.54	6
42.93	19.24	6
83.92	36.78	6
165.73	70.76	6
323.21	135.44	6
637.95	269.84	6
1281.61	533.36	6
2495.93	1045.64	6
3696.58	1542.83	6
4898.74	2055.89	6
6168.14	2555.2	6
7301.07	3074.18	6
8564.04	3572.18	6
9825.66	4093.78	6
11073.61	4600.68	6
1.08	1.2	6
1.06	1.32	6
1.19	1.3	6
1.6	1.49	6
1.68	1.64	6
1.87	2.15	6
2.28	2.3	6
2.69	2.69	6
3.96	4.04	6
6.7	6.16	6
10.42	9.9	6
19.78	17.56	6
36.51	32.6	6
69.89	62.24	6
135.88	124.08	6
267.9	237.91	6
529.11	463.31	6
1013.75	902.05	6
1514.25	1330.38	6
2030.45	1813.55	6
2507.54	2257.25	6
3047.87	2649.38	6
3555.46	3064.93	6
4078.02	3534.44	6
4530.3	3962.97	6
1.11	1.16	6
1.22	1.26	6
1.32	2.45	6
1.78	1.43	6
1.47	1.92	6
2.06	2.19	6
2.88	2.72	6
4.13	3.16	6
6.68	5.19	6
11.82	6.48	6
21.59	11.63	6
42.71	20.41	6
83.53	38.48	6
165.82	73.21	6
324.75	143.57	6
641.54	281.98	6
1286.27	558.46	6
2488.58	1098.33	6
3741.39	1628.18	6
4903.7	2163.81	6
6095.41	2702.92	6
7362.5	3243.2	6
8625.72	3770.23	6
9818.92	4319.76	6
11114.41	4860.29	6
1.14	1.06	7
1.1	1.19	7
1.3	1.38	7
1.26	1.64	7
1.5	1.77	7
1.97	2.14	7
2.73	2.47	7
3.94	2.73	7
7.04	3.84	7
12.27	6.07	7
22.51	10.02	7
43.83	17.43	7
83.5	32.51	7
162.63	63.67	7
325.36	122.79	7
649.36	238.73	7
1273.21	476.99	7
2500.41	925.83	7
3759.44	1384.27	7
4973.51	1908.03	7
6222.07	2406.09	7
7376.37	2919.09	7
8520.87	3437.37	7
9705.77	3936.55	7
11012.5	4435.23	7
1.12	1.18	7
1.17	1.33	7
1.37	1.32	7
1.29	2.03	7
1.59	2.15	7
1.85	1.88	7
1.83	2.56	7
2.55	2.8	7
3.72	4.06	7
6.01	6.57	7
10.77	11.62	7
19.17	20.88	7
37.19	38.98	7
69.97	76.47	7
134.44	144.5	7
265.89	285.0	7
517.82	562.05	7
1013.88	1081.37	7
1505.05	1607.35	7
1995.22	2117.32	7
2501.67	2660.99	7
3031.92	3265.24	7
3537.53	3693.76	7
4057.67	4300.77	7
4486.65	4748.67	7
1.2	1.2	7
1.18	1.41	7
1.47	1.36	7
1.44	1.47	7
1.64	1.7	7
2.13	2.07	7
2.62	2.68	7
3.86	3.65	7
6.54	4.48	7
11.8	6.42	7
21.76	11.04	7
43.34	19.99	7
86.58	36.85	7
163.0	70.68	7
323.22	137.02	7
652.24	273.52	7
1277.84	543.1	7
2505.22	1049.08	7
3752.01	1580.56	7
5005.38	2111.91	7
6195.56	2646.51	7
7264.28	3184.47	7
8598.97	3698.25	7
9846.45	4230.41	7
11011.87	4771.97	7
1.17	1.03	7
1.25	1.35	7
1.31	1.34	7
1.27	1.43	7
1.76	1.56	7
1.96	2.04	7
2.27	2.9	7
2.94	2.6	7
4.25	3.85	7
6.15	5.95	7
10.74	9.76	7
19.57	18.08	7
37.25	33.15	7
69.5	63.69	7
137.72	121.34	7
268.44	235.59	7
518.14	460.11	7
1019.85	905.1	7
1519.72	1364.83	7
2012.76	1755.93	7
2504.4	2203.36	7
3049.21	2630.17	7
3494.18	3086.87	7
4022.73	3530.34	7
4546.35	4014.35	7
1.61	1.18	8
1.65	1.25	8
1.41	1.21	8
1.33	1.33	8
1.62	1.8	8
2.03	2.23	8
2.73	2.61	8
4.26	3.09	8
7.09	4.67	8
13.66	7.11	8
25.15	12.45	8
49.29	22.85	8
98.01	43.47	8
191.34	83.85	8
376.2	163.96	8
748.57	326.29	8
1480.8	645.7	8
2902.64	1256.52	8
4316.47	1868.35	8
5720.53	2476.43	8
7138.27	3111.67	8
8579.76	3717.23	8
9969.83	4342.47	8
11351.13	4936.19	8
12647.02	5552.71	8
1.07	1.2	8
1.25	1.85	8
1.33	1.5	8
1.46	1.31	8
1.63	1.6	8
1.72	1.76	8
2.13	1.98	8
2.45	2.49	8
2.88	3.26	8
4.25	4.55	8
6.73	6.81	8
11.38	12.26	8
20.7	22.09	8
38.65	42.03	8
70.47	78.84	8
137.62	153.26	8
269.08	291.76	8
509.21	557.93	8
744.13	830.31	8
985.19	1069.96	8
1264.34	1421.33	8
1544.06	1612.7	8
1761.3	1960.53	8
2011.66	2212.82	8
2205.04	2478.61	8
1.22	1.27	8
1.01	1.33	8
1.2	1.33	8
1.38	1.5	8
1.83	1.74	8
2.19	2.25	8
2.93	2.85	8
4.36	2.95	8
7.02	5.19	8
12.79	7.04	8
24.67	12.82	8
48.92	22.66	8
96.29	43.76	8
187.59	85.54	8
375.0	164.8	8
749.71	327.83	8
1480.21	650.52	8
2923.44	1265.69	8
4322.49	1884.54	8
5710.28	2511.04	8
7105.34	3108.25	8
8566.26	3737.82	8
9919.25	4359.85	8
11247.87	4993.77	8
12746.96	5587.91	8
1.31	1.21	8
1.42	1.15	8
1.29	1.2	8
1.26	1.81	8
1.6	1.55	8
1.84	1.84	8
2.09	2.25	8
2.48	2.68	8
3.23	3.21	8
4.6	4.54	8
7.01	6.47	8
11.37	10.76	8
21.15	18.65	8
38.88	36.48	8
72.06	64.6	8
140.33	124.07	8
260.35	235.77	8
511.79	453.85	8
758.46	664.42	8
1008.58	898.73	8
1282.71	1086.64	8
1456.84	1342.72	8
1742.17	1538.4	8
1978.3	1731.28	8
2246.69	1970.89	8
1.11	1.18	9
1.39	1.22	9
1.68	1.71	9
1.94	2.12	9
2.44	2.12	9
2.87	2.5	9
3.11	3.13	9
3.71	3.72	9
5.15	4.45	9
7.46	7.24	9
11.4	11.87	9
20.71	21.57	9
37.87	37.54	9
71.14	72.39	9
135.99	137.51	9
265.84	259.88	9
512.98	510.39	9
707.69	763.56	9
987.88	1006.64	9
1181.59	1251.1	9
1487.65	1463.44	9
1665.08	1706.36	9
1949.22	1959.1	9
2205.12	2206.15	9
1.16	0.93	9
1.32	1.18	9
1.63	1.63	9
1.95	1.8	9
2.45	2.33	9
2.69	2.59	9
3.09	3.3	9
4.62	4.37	9
6.45	6.69	9
11.44	11.71	9
20.6	20.83	9
39.63	38.98	9
76.11	75.78	9
146.34	148.02	9
288.93	289.47	9
571.66	572.22	9
1589.67	1117.83	9
1654.68	1653.43	9
2194.55	2166.13	9
2692.53	2731.62	9
3261.48	3262.39	9
3785.81	3832.26	9
4323.38	4302.49	9
4893.56	4873.74	9
1.19	1.37	9
1.14	1.31	9
1.55	1.66	9
2.31	2.29	9
2.53	2.69	9
3.09	2.76	9
3.23	3.27	9
4.33	3.95	9
4.69	5.09	9
6.85	7.1	9
11.81	11.0	9
18.86	18.73	9
36.2	34.04	9
62.82	63.27	9
121.06	113.88	9
230.84	227.73	9
455.3	443.29	9
639.76	632.42	9
857.41	856.96	9
1021.18	1020.54	9
1260.03	1241.5	9
1474.65	1415.07	9
1616.05	1643.53	9
1812.32	1853.76	9
1.18	0.99	9
1.2	1.28	9
1.66	1.57	9
2.27	2.08	9
2.55	2.64	9
3.4	2.97	9
3.64	3.17	9
4.53	4.63	9
6.46	6.71	9
11.04	10.84	9
18.93	19.22	9
35.01	35.35	9
67.7	67.92	9
132.55	130.58	9
261.67	257.62	9
499.3	509.33	9
1484.35	981.43	9
1472.89	1486.65	9
1960.26	1950.99	9
3636.83	2415.33	9
4354.84	2891.55	9
3349.54	3344.82	9
3847.45	3800.63	9
4294.64	4310.63	9
1.11	1.15	10
1.32	1.14	10
1.78	2.42	10
2.24	1.74	10
2.38	2.34	10
2.74	2.48	10
3.94	3.43	10
4.59	4.76	10
7.85	6.42	10
11.29	10.95	10
19.34	19.12	10
36.99	36.47	10
69.98	70.11	10
136.71	135.21	10
263.76	262.98	10
518.37	525.72	10
993.93	1012.93	10
1471.88	1517.76	10
1965.56	1988.03	10
2480.74	2467.39	10
2935.05	2984.7	10
3458.45	3485.8	10
3978.36	3969.96	10
4477.93	4480.25	10
1.24	1.23	10
1.37	1.32	10
1.52	1.74	10
2.16	1.99	10
2.23	2.29	10
2.95	2.47	10
3.14	3.07	10
4.14	3.47	10
7.31	5.55	10
8.52	8.24	10
14.46	14.29	10
39.85	25.77	10
77.11	47.9	10
92.68	92.94	10
288.41	178.83	10
357.08	363.64	10
693.25	689.45	10
1664.81	1036.31	10
1382.59	1371.53	10
1719.83	1690.14	10
2034.56	2030.47	10
2342.27	2366.88	10
2713.39	2714.94	10
3045.94	3068.74	10
2.65	1.84	10
1.27	1.95	10
1.69	1.57	10
2.22	1.9	10
2.74	2.5	10
3.08	2.89	10
3.5	2.95	10
4.39	4.4	10
6.56	6.12	10
10.2	9.9	10
18.1	17.77	10
33.07	33.53	10
62.69	62.67	10
123.76	122.7	10
239.46	235.38	10
459.98	463.46	10
895.1	909.16	10
1366.12	1341.87	10
1780.57	1777.06	10
2227.72	2213.49	10
2659.43	2633.2	10
3039.32	3083.6	10
3478.85	3556.95	10
4014.43	3952.25	10
1.16	1.24	10
1.25	1.23	10
1.88	1.8	10
2.67	2.23	10
2.32	2.65	10
2.85	2.91	10
3.87	3.2	10
4.01	3.89	10
7.24	5.63	10
8.03	8.11	10
13.47	13.16	10
23.88	23.58	10
44.24	45.65	10
85.2	84.62	10
165.93	165.33	10
326.54	326.95	10
633.4	627.57	10
931.28	931.4	10
1237.08	1236.93	10
1538.53	1549.26	10
1845.29	1846.3	10
5233.74	2146.24	10
2462.84	2448.29	10
2742.63	2754.85	10
1.13	1.81	11
1.3	1.28	11
2.25	1.62	11
2.11	2.24	11
2.31	2.1	11
3.16	2.41	11
3.47	3.19	11
4.72	4.12	11
5.32	5.34	11
8.62	7.81	11
21.12	14.38	11
26.44	25.68	11
76.28	48.31	11
94.03	92.01	11
181.96	182.41	11
359.7	361.8	11
1117.58	683.81	11
1039.96	1027.15	11
3051.0	1348.65	11
1713.74	1716.22	11
2035.12	2045.96	11
2369.19	2399.16	11
2708.51	2733.15	11
3104.69	3107.59	11
1.0	1.18	11
1.34	1.23	11
1.73	1.67	11
2.09	1.99	11
2.37	2.65	11
2.6	2.5	11
3.42	3.19	11
4.83	4.68	11
6.89	6.89	11
11.64	10.69	11
19.1	19.82	11
36.88	36.65	11
69.4	69.58	11
132.38	135.51	11
266.68	266.65	11
520.34	526.17	11
1015.78	1012.83	11
1511.53	1493.86	11
1995.26	2003.66	11
2524.49	2483.57	11
2994.12	2950.72	11
3464.75	3480.73	11
3988.51	4001.83	11
4469.84	4477.65	11
1.27	1.03	11
1.32	1.37	11
1.81	1.72	11
2.32	2.08	11
2.68	2.68	11
3.18	3.1	11
3.22	3.17	11
4.34	4.05	11
7.49	5.0	11
8.01	7.86	11
13.49	13.5	11
25.02	23.38	11
43.9	44.48	11
143.61	85.38	11
166.27	166.6	11
327.24	325.59	11
631.33	636.18	11
939.7	939.41	11
1248.69	1248.39	11
3763.84	1554.96	11
1864.2	1873.85	11
2189.2	2193.34	11
2500.94	2489.42	11
2819.55	2815.37	11
1.22	1.09	11
2.04	1.24	11
1.58	1.43	11
2.22	2.06	11
2.61	2.48	11
3.85	2.78	11
3.62	3.55	11
4.83	4.47	11
6.86	6.0	11
10.61	10.68	11
18.25	18.36	11
34.0	32.88	11
62.65	64.77	11
120.19	122.58	11
232.6	239.79	11
465.99	468.92	11
936.49	907.53	11
1346.35	1332.92	11
1801.64	1765.12	11
2219.63	2194.03	11
2661.99	2655.9	11
3086.05	3048.39	11
3567.25	3523.17	11
3945.05	3976.94	11
1.09	1.11	12
1.28	1.24	12
1.54	1.52	12
2.01	1.96	12
2.28	2.12	12
3.11	2.72	12
3.6	3.21	12
4.46	4.41	12
7.05	6.92	12
11.14	11.24	12
20.93	21.09	12
38.31	39.22	12
75.45	75.12	12
148.13	147.62	12
291.16	288.24	12
570.48	573.01	12
1117.28	1108.09	12
1639.35	1643.67	12
2208.3	2186.26	12
2719.67	2742.11	12
3278.37	3249.77	12
3850.75	3811.78	12
4310.5	4344.89	12
4907.89	4933.08	12
1.26	1.14	12
1.33	1.33	12
1.66	1.66	12
1.92	1.81	12
2.37	2.25	12
2.68	2.45	12
2.82	2.96	12
4.22	4.02	12
5.58	5.24	12
7.48	7.91	12
11.98	12.09	12
20.73	20.84	12
38.28	38.29	12
71.66	71.56	12
138.98	136.18	12
266.92	272.95	12
514.55	510.84	12
744.05	744.35	12
989.23	1006.35	12
1238.44	1244.36	12
1516.73	1471.57	12
1743.78	1752.14	12
1977.63	1982.2	12
2182.69	2224.05	12
1.26	1.1	12
1.33	1.47	12
1.8	1.48	12
2.69	2.12	12
3.08	2.85	12
3.06	2.69	12
3.87	3.49	12
4.38	4.19	12
6.56	6.31	12
10.69	11.26	12
20.1	18.76	12
35.72	35.35	12
66.06	67.68	12
130.28	127.67	12
256.92	258.84	12
511.7	508.83	12
991.57	974.33	12
1454.44	1454.99	12
1922.34	1943.42	12
2377.82	2416.36	12
2894.16	2867.61	12
3345.77	3328.12	12
5842.16	3834.85	12
4278.78	4323.26	12
1.06	1.14	12
1.3	1.2	12
1.82	1.51	12
1.96	2.06	12
2.48	2.75	12
3.19	3.18	12
3.41	2.87	12
3.43	3.78	12
4.74	4.67	12
7.24	6.97	12
11.51	11.17	12
20.01	19.54	12
34.79	34.15	12
63.82	63.88	12
122.13	120.63	12
233.46	232.55	12
434.52	468.4	12
676.15	650.11	12
849.33	887.88	12
1135.22	1072.92	12
1321.69	1328.14	12
1502.51	1496.54	12
1747.96	1764.34	12
1919.61	1911.18	12
0.92	0.83	13
1.03	0.97	13
1.27	1.16	13
1.51	1.63	13
1.81	1.58	13
2.19	1.97	13
2.21	2.56	13
2.47	2.23	13
2.57	2.33	13
2.75	2.92	13
3.17	2.82	13
3.65	3.59	13
4.33	4.86	13
6.1	6.25	13
10.58	10.34	13
16.21	16.07	13
29.15	29.47	13
54.34	69.1	13
106.31	104.65	13
203.9	202.3	13
396.42	397.69	13
769.32	776.68	13
1146.51	1138.52	13
1772.29	1750.73	13
1879.25	1890.98	13
2224.8	2229.98	13
2628.27	2592.54	13
2988.27	3034.95	13
3394.25	3294.29	13
0.94	0.83	13
1.0	1.06	13
1.17	1.26	13
1.63	1.46	13
1.83	1.78	13
1.99	2.07	13
2.03	2.0	13
2.18	2.15	13
2.47	2.33	13
2.85	2.77	13
3.55	3.71	13
5.26	5.22	13
8.71	8.94	13
15.09	13.65	13
27.58	29.1	13
53.31	54.81	13
105.13	106.23	13
208.82	207.23	13
413.33	410.51	13
817.74	712.15	13
1626.53	1405.21	13
3176.31	3169.77	13
4748.48	4721.46	13
6309.88	6293.82	13
7831.11	7848.61	13
9387.36	8068.76	13
10948.65	11001.69	13
12491.53	10815.33	13
14045.09	13990.28	13
0.93	0.86	13
1.04	1.08	13
1.21	1.13	13
1.4	1.55	13
1.71	1.9	13
2.2	1.96	13
1.91	2.05	13
2.02	2.19	13
2.61	2.47	13
2.84	2.81	13
2.52	3.0	13
3.37	3.7	13
4.42	5.31	13
6.13	7.7	13
9.8	11.26	13
16.74	17.73	13
29.03	30.88	13
54.82	62.51	13
117.3	105.88	13
203.01	204.88	13
386.59	407.4	13
778.66	773.45	13
1129.04	1143.12	13
1490.28	1710.26	13
1891.8	1852.19	13
2267.57	2262.82	13
2602.89	2637.37	13
3000.11	2972.7	13
3322.68	3330.0	13
0.93	0.86	13
0.88	1.01	13
1.18	1.04	13
1.4	1.57	13
1.77	1.84	13
2.15	2.49	13
2.14	1.85	13
2.42	2.35	13
2.46	2.27	13
2.93	3.04	13
3.67	3.97	13
5.35	5.96	13
8.66	9.27	13
15.1	16.3	13
27.94	28.66	13
53.58	54.82	13
106.29	107.97	13
207.1	209.23	13
414.16	353.46	13
706.16	825.82	13
1634.18	1188.4	13
3188.62	2746.8	13
4755.71	4070.98	13
6295.38	6289.91	13
7858.34	7824.08	13
9364.96	9372.2	13
11036.96	10909.54	13
12529.62	10790.8	13
14023.12	14024.61	13
1.0	0.97	14
1.14	1.16	14
1.33	1.38	14
1.5	1.53	14
1.92	1.76	14
2.12	2.06	14
2.39	2.49	14
2.25	2.41	14
2.47	2.46	14
2.93	2.92	14
3.31	3.04	14
3.89	4.09	14
5.15	6.08	14
8.06	9.46	14
14.64	15.28	14
24.93	26.49	14
47.15	47.78	14
88.19	92.53	14
173.34	174.16	14
347.65	343.16	14
674.92	665.16	14
1310.68	1378.59	14
1961.95	1928.46	14
2599.38	2602.14	14
3226.56	3233.78	14
3878.38	3802.67	14
4493.71	4467.75	14
5093.07	5105.69	14
5748.16	5773.62	14
