1.18	1.23	1
1.16	1.28	1
1.14	1.34	1
1.25	1.48	1
1.37	1.5	1
1.53	1.7	1
1.64	1.85	1
2.11	2.02	1
2.7	2.8	1
3.85	3.94	1
5.73	6.01	1
9.93	10.25	1
17.62	17.42	1
32.71	32.78	1
60.9	62.24	1
117.96	116.82	1
224.24	221.17	1
429.06	427.21	1
628.96	637.12	1
850.48	839.91	1
1045.71	1045.1	1
1273.27	1250.26	1
1479.77	1458.75	1
1655.52	1678.56	1
1891.37	1825.28	1
1.09	1.19	1
1.17	1.3	1
1.1	1.2	1
1.29	1.42	1
1.28	1.44	1
1.61	1.92	1
2.05	2.23	1
2.68	2.7	1
3.68	3.92	1
5.62	5.94	1
9.98	10.15	1
18.58	18.99	1
35.07	35.88	1
69.45	68.74	1
131.78	131.1	1
258.28	255.32	1
512.89	506.61	1
990.61	1000.21	1
1456.36	1484.28	1
1955.52	1943.17	1
2428.84	2417.99	1
2914.83	2881.8	1
3379.28	3405.48	1
3878.55	7610.81	1
4319.25	4309.67	1
1.17	1.05	1
1.14	1.76	1
1.07	1.37	1
1.38	1.31	1
1.54	1.42	1
2.17	1.74	1
1.97	2.83	1
2.17	2.37	1
2.81	3.2	1
3.74	3.82	1
5.81	5.72	1
8.68	8.94	1
15.66	15.61	1
28.02	28.1	1
51.47	50.59	1
97.07	101.75	1
186.59	186.26	1
347.17	352.71	1
506.51	516.75	1
680.24	686.82	1
820.17	869.29	1
1022.68	1054.32	1
1191.19	1196.57	1
1347.3	1359.69	1
1495.26	1490.15	1
1.07	1.45	1
1.13	1.12	1
1.0	1.2	1
1.3	1.32	1
1.45	1.36	1
1.87	1.83	1
2.02	2.38	1
2.62	3.2	1
3.66	3.71	1
5.61	5.92	1
9.58	9.82	1
17.4	17.51	1
33.4	32.29	1
64.08	64.44	1
123.71	124.59	1
247.06	244.9	1
484.53	487.04	1
945.42	935.84	1
1404.64	1408.44	1
1849.6	1859.19	1
2309.06	2310.72	1
2754.05	2790.0	1
3221.1	3217.78	1
3641.02	3658.89	1
4104.49	4117.14	1
1.03	1.18	2
1.12	1.34	2
1.17	1.07	2
1.33	1.41	2
1.29	1.47	2
1.71	1.64	2
2.02	2.16	2
2.49	2.49	2
3.69	3.81	2
5.32	5.61	2
9.94	9.72	2
18.46	17.48	2
36.19	34.13	2
67.69	65.11	2
133.42	125.52	2
255.57	247.85	2
512.05	489.18	2
997.84	960.23	2
1472.42	1422.43	2
1975.18	1898.08	2
2440.96	2328.88	2
2937.79	2816.36	2
3387.52	3264.89	2
3907.19	3726.15	2
4335.74	4211.9	2
1.06	1.02	2
1.13	1.16	2
1.16	1.26	2
1.36	1.33	2
1.44	1.56	2
1.84	1.76	2
2.34	2.32	2
3.13	3.33	2
5.04	5.45	2
9.14	9.73	2
17.05	18.93	2
32.25	35.28	2
61.72	69.44	2
106.54	135.34	2
134.17	267.4	2
241.36	536.54	2
486.81	1060.45	2
933.72	2069.73	2
1249.24	3104.23	2
1851.09	4107.24	2
1882.23	5104.16	2
2250.46	6099.71	2
2742.28	7136.59	2
3091.07	8104.66	2
3368.7	9115.28	2
1.05	1.09	2
0.99	1.12	2
1.28	1.17	2
1.45	1.33	2
1.43	1.94	2
1.71	1.84	2
2.02	2.29	2
2.73	2.58	2
3.7	3.74	2
5.81	5.92	2
10.14	9.41	2
17.67	17.48	2
34.82	33.61	2
67.69	66.33	2
128.35	128.67	2
251.98	246.08	2
495.94	493.75	2
981.21	967.24	2
1468.81	1448.01	2
1954.48	1906.78	2
2361.53	2374.52	2
2901.62	2830.09	2
3338.02	3281.84	2
3830.99	3740.49	2
4369.25	4223.14	2
1.06	0.94	2
1.06	1.07	2
1.2	1.25	2
1.38	1.3	2
1.59	1.54	2
1.9	1.84	2
2.57	2.6	2
3.58	3.44	2
5.47	5.38	2
9.77	9.22	2
17.47	18.38	2
34.07	35.06	2
47.11	68.55	2
107.71	136.14	2
182.81	270.73	2
354.29	531.91	2
500.28	1061.11	2
932.09	2064.44	2
1193.06	3081.76	2
1825.28	4113.21	2
1893.43	5113.83	2
2284.88	4811.53	2
2908.93	7125.99	2
3395.61	8166.23	2
3287.6	9125.6	2
1.12	1.13	3
1.16	1.03	3
1.22	1.22	3
1.23	1.25	3
1.45	1.26	3
1.82	1.87	3
2.3	2.19	3
3.4	3.4	3
5.26	5.99	3
8.97	10.07	3
16.59	18.19	3
29.87	34.79	3
52.62	68.79	3
78.97	136.35	3
209.93	270.78	3
291.86	535.07	3
595.03	1076.7	3
853.37	2065.03	3
1167.33	3117.73	3
1527.34	4081.96	3
1892.55	5110.73	3
2196.2	6080.6	3
2648.13	7085.07	3
3584.81	8106.0	3
3333.08	9152.62	3
1.15	1.2	3
1.16	1.08	3
1.21	1.15	3
1.25	1.3	3
1.39	1.39	3
1.8	1.68	3
2.03	1.81	3
2.69	2.56	3
3.51	3.72	3
5.57	5.63	3
9.88	10.55	3
18.03	17.5	3
34.84	33.49	3
66.93	65.01	3
132.36	126.83	3
259.25	245.6	3
518.98	499.89	3
980.43	961.46	3
1465.06	1422.24	3
1960.19	1887.17	3
2433.49	2368.74	3
2879.81	2817.79	3
3384.58	3314.09	3
3844.92	3763.79	3
4457.69	4243.86	3
1.09	1.1	3
1.08	1.03	3
1.23	1.12	3
1.28	1.28	3
1.45	1.61	3
2.01	1.91	3
2.45	2.62	3
3.54	3.37	3
5.56	5.5	3
8.99	9.6	3
18.74	17.5	3
34.08	34.98	3
65.53	67.8	3
118.23	135.54	3
215.15	266.11	3
213.4	536.43	3
647.83	1063.78	3
805.01	2067.72	3
1214.39	3085.43	3
1498.87	4096.21	3
1883.21	5120.5	3
2278.2	6122.83	3
2700.0	7116.21	3
3573.55	8138.86	3
3325.35	9133.52	3
1.04	1.19	3
1.11	1.06	3
1.26	1.3	3
1.22	1.44	3
1.38	1.45	3
1.61	1.73	3
2.0	2.0	3
2.75	2.62	3
3.48	3.71	3
6.0	5.58	3
9.98	10.08	3
18.68	17.44	3
34.83	34.93	3
66.07	64.47	3
130.44	127.33	3
252.14	253.29	3
495.27	498.07	3
979.02	959.21	3
1472.54	1415.91	3
1949.95	1904.67	3
2399.18	2378.23	3
2896.59	2859.0	3
3304.8	3303.74	3
3835.42	3758.46	3
4321.42	4240.07	3
1.11	0.97	4
1.15	1.18	4
1.16	1.06	4
1.28	1.15	4
1.59	1.3	4
1.75	1.57	4
2.16	2.04	4
2.55	2.55	4
3.66	3.51	4
5.81	6.3	4
9.97	10.23	4
19.24	19.27	4
35.2	35.91	4
68.1	67.38	4
130.49	132.11	4
254.06	257.94	4
512.01	507.59	4
987.17	982.91	4
1461.58	1468.88	4
1968.63	1926.51	4
2419.12	2415.44	4
2896.57	2925.85	4
3397.66	3378.59	4
3856.62	3830.83	4
4300.91	4327.59	4
1.11	1.05	4
1.15	1.18	4
1.16	1.17	4
1.32	1.44	4
1.54	1.58	4
1.59	1.64	4
1.83	1.91	4
2.4	2.26	4
2.83	2.9	4
3.95	3.88	4
5.88	5.77	4
9.97	9.87	4
17.88	18.49	4
32.17	32.51	4
60.25	60.94	4
117.78	117.42	4
227.52	226.72	4
427.28	442.3	4
636.79	640.04	4
839.62	839.67	4
1064.37	1065.85	4
1270.87	1261.53	4
1430.4	1465.69	4
1742.32	1699.73	4
1898.65	1868.92	4
1.09	1.06	4
1.06	1.07	4
1.04	1.17	4
1.39	1.23	4
1.43	1.46	4
1.93	1.77	4
2.1	2.3	4
2.8	2.7	4
3.85	3.84	4
5.58	5.87	4
9.79	9.33	4
17.26	17.94	4
32.38	32.85	4
63.58	64.2	4
122.99	122.92	4
246.1	244.14	4
489.68	481.6	4
946.27	947.27	4
1417.46	1390.89	4
1840.89	1843.44	4
2311.85	2298.65	4
2743.65	4265.79	4
3184.48	3198.28	4
3680.52	3690.27	4
4085.8	4119.68	4
1.03	1.18	4
1.15	1.04	4
1.1	1.1	4
1.44	1.38	4
1.53	1.49	4
1.7	1.66	4
1.91	2.0	4
2.28	2.64	4
3.13	3.31	4
3.82	3.85	4
5.67	5.6	4
8.91	9.01	4
15.74	15.45	4
28.71	27.54	4
50.15	50.86	4
95.32	96.7	4
184.89	190.2	4
355.14	356.92	4
525.19	532.38	4
677.46	705.21	4
852.45	848.95	4
1005.36	1028.19	4
1181.01	1184.49	4
1348.44	1316.17	4
1525.36	1487.84	4
1.12	1.08	5
1.33	1.09	5
1.35	1.46	5
1.44	1.38	5
1.6	1.62	5
1.79	1.87	5
2.15	1.99	5
2.46	2.45	5
3.0	3.01	5
4.23	4.46	5
6.88	6.73	5
11.99	11.03	5
21.74	20.81	5
40.5	38.74	5
76.94	70.3	5
144.19	136.81	5
283.36	265.65	5
561.04	497.65	5
808.92	739.95	5
1111.31	999.02	5
1343.29	1215.2	5
1629.77	1455.49	5
1855.83	1726.91	5
2150.92	1941.22	5
2445.74	2179.38	5
1.07	1.1	5
1.28	1.15	5
1.59	1.24	5
1.44	1.47	5
1.53	1.61	5
2.06	2.02	5
2.82	2.72	5
4.27	4.3	5
7.34	7.96	5
13.17	13.35	5
20.75	24.7	5
39.11	48.48	5
96.37	95.18	5
192.89	189.71	5
379.25	375.12	5
560.09	741.44	5
894.27	1477.48	5
2252.92	2931.49	5
2208.71	4343.93	5
3671.92	5712.37	5
3286.95	7114.35	5
4765.64	8520.81	5
4949.93	9915.79	5
5522.38	11385.31	5
5919.45	12734.54	5
0.92	1.47	5
1.16	1.18	5
1.29	1.24	5
1.6	1.64	5
1.79	1.7	5
2.07	2.02	5
2.59	2.23	5
2.76	2.59	5
3.57	3.21	5
5.61	4.55	5
9.41	6.9	5
16.41	12.34	5
31.47	21.17	5
59.5	39.61	5
114.18	72.14	5
224.1	139.02	5
442.04	269.2	5
834.14	504.48	5
1063.02	756.22	5
1276.31	988.62	5
1506.19	1245.86	5
1661.96	1502.66	5
1950.22	1758.16	5
2081.68	1980.16	5
2633.08	2191.64	5
1.18	1.11	5
1.13	1.17	5
1.24	1.28	5
1.34	1.43	5
1.58	1.91	5
2.07	2.03	5
2.85	2.85	5
4.84	4.35	5
7.73	7.3	5
13.64	13.4	5
25.45	25.25	5
51.97	49.52	5
96.99	96.57	5
203.22	191.51	5
287.36	372.34	5
587.53	743.64	5
734.73	1484.95	5
2372.96	2876.39	5
2335.26	4308.85	5
3825.61	5755.05	5
3374.53	7180.65	5
5006.46	8598.2	5
4409.52	9989.42	5
5435.26	11467.86	5
5901.71	12687.42	5
1.68	1.03	6
1.04	1.04	6
1.19	1.46	6
1.37	1.48	6
1.37	1.69	6
1.75	1.72	6
2.08	2.09	6
2.57	2.72	6
3.92	3.87	6
6.77	6.06	6
11.08	10.84	6
20.33	19.18	6
38.86	37.05	6
74.14	70.03	6
143.02	137.13	6
285.15	265.61	6
558.65	520.25	6
1071.05	1024.43	6
1592.06	1527.52	6
2116.88	2016.07	6
2669.26	2508.89	6
3185.9	3018.81	6
3747.14	3515.68	6
4227.71	4034.31	6
4846.57	4450.11	6
0.95	1.19	6
1.21	1.32	6
1.33	1.17	6
2.13	1.17	6
1.65	1.63	6
1.94	1.94	6
2.58	2.81	6
3.91	3.98	6
6.88	6.58	6
12.02	11.87	6
22.8	21.77	6
43.13	42.93	6
83.99	83.92	6
162.72	165.73	6
326.06	323.21	6
652.78	637.95	6
1281.62	1281.61	6
1621.33	2495.93	6
2417.35	3696.58	6
3682.22	4898.74	6
4749.6	6168.14	6
5959.83	7301.07	6
7210.71	8564.04	6
8456.77	9825.66	6
9800.41	11073.61	6
0.87	1.08	6
1.14	1.06	6
1.15	1.19	6
1.42	1.6	6
1.69	1.68	6
1.86	1.87	6
2.23	2.28	6
3.04	2.69	6
4.47	3.96	6
7.29	6.7	6
12.9	10.42	6
23.63	19.78	6
45.22	36.51	6
82.16	69.89	6
159.82	135.88	6
282.2	267.9	6
537.64	529.11	6
999.5	1013.75	6
1391.19	1514.25	6
1879.74	2030.45	6
2284.96	2507.54	6
2713.18	3047.87	6
3144.3	3555.46	6
3538.91	4078.02	6
4002.82	4530.3	6
0.87	1.11	6
1.13	1.22	6
2.3	1.32	6
1.27	1.78	6
1.45	1.47	6
2.02	2.06	6
2.87	2.88	6
4.18	4.13	6
7.05	6.68	6
12.25	11.82	6
23.53	21.59	6
44.67	42.71	6
86.94	83.53	6
169.07	165.82	6
336.02	324.75	6
703.47	641.54	6
1320.89	1286.27	6
1731.07	2488.58	6
2485.08	3741.39	6
3652.84	4903.7	6
5046.86	6095.41	6
6254.92	7362.5	6
7411.24	8625.72	6
8718.55	9818.92	6
9984.55	11114.41	6
1.12	1.14	7
1.26	1.1	7
1.3	1.3	7
1.34	1.26	7
1.56	1.5	7
2.06	1.97	7
2.79	2.73	7
3.84	3.94	7
6.48	7.04	7
11.74	12.27	7
22.25	22.51	7
43.37	43.83	7
82.8	83.5	7
162.54	162.63	7
323.2	325.36	7
642.82	649.36	7
1286.09	1273.21	7
2496.31	2500.41	7
3701.31	3759.44	7
4967.24	4973.51	7
6147.26	6222.07	7
7470.65	7376.37	7
8591.82	8520.87	7
9831.58	9705.77	7
11032.44	11012.5	7
1.12	1.12	7
1.19	1.17	7
1.25	1.37	7
1.47	1.29	7
1.55	1.59	7
1.85	1.85	7
2.16	1.83	7
2.62	2.55	7
3.63	3.72	7
6.31	6.01	7
11.45	10.77	7
20.71	19.17	7
40.07	37.19	7
73.93	69.97	7
143.05	134.44	7
282.72	265.89	7
562.48	517.82	7
1076.65	1013.88	7
1592.12	1505.05	7
2125.96	1995.22	7
2677.67	2501.67	7
3193.78	3031.92	7
3695.63	3537.53	7
4220.6	4057.67	7
4810.74	4486.65	7
1.04	1.2	7
1.11	1.18	7
1.33	1.47	7
1.51	1.44	7
1.69	1.64	7
2.15	2.13	7
2.75	2.62	7
3.66	3.86	7
7.16	6.54	7
12.1	11.8	7
23.23	21.76	7
44.57	43.34	7
86.77	86.58	7
170.76	163.0	7
343.16	323.22	7
663.23	652.24	7
1330.5	1277.84	7
2568.98	2505.22	7
3820.26	3752.01	7
5041.85	5005.38	7
6265.68	6195.56	7
7531.62	7264.28	7
8789.96	8598.97	7
10123.98	9846.45	7
11216.39	11011.87	7
1.14	1.17	7
1.21	1.25	7
1.36	1.31	7
1.4	1.27	7
1.64	1.76	7
1.99	1.96	7
2.12	2.27	7
3.01	2.94	7
4.38	4.25	7
7.26	6.15	7
12.58	10.74	7
23.68	19.57	7
44.23	37.25	7
86.44	69.5	7
166.36	137.72	7
318.53	268.44	7
551.7	518.14	7
1013.24	1019.85	7
1425.09	1519.72	7
1919.92	2012.76	7
2334.32	2504.4	7
2768.64	3049.21	7
3175.15	3494.18	7
3659.86	4022.73	7
4130.68	4546.35	7
1.4	1.61	8
1.22	1.65	8
1.08	1.41	8
1.66	1.33	8
1.55	1.62	8
1.88	2.03	8
2.67	2.73	8
4.31	4.26	8
7.05	7.09	8
13.23	13.66	8
25.79	25.15	8
49.4	49.29	8
96.97	98.01	8
192.07	191.34	8
373.98	376.2	8
745.28	748.57	8
852.68	1480.8	8
2286.26	2902.64	8
3586.18	4316.47	8
2678.16	5720.53	8
3585.08	7138.27	8
5116.86	8579.76	8
6594.85	9969.83	8
5328.02	11351.13	8
5725.1	12647.02	8
0.98	1.07	8
1.61	1.25	8
1.21	1.33	8
1.51	1.46	8
1.74	1.63	8
1.99	1.72	8
1.98	2.13	8
2.35	2.45	8
3.19	2.88	8
4.07	4.25	8
6.71	6.73	8
11.74	11.38	8
21.5	20.7	8
40.79	38.65	8
78.06	70.47	8
146.51	137.62	8
284.7	269.08	8
583.12	509.21	8
804.23	744.13	8
1101.55	985.19	8
1369.45	1264.34	8
1658.25	1544.06	8
1884.28	1761.3	8
2175.48	2011.66	8
2428.08	2205.04	8
1.15	1.22	8
1.24	1.01	8
1.36	1.2	8
1.29	1.38	8
1.7	1.83	8
2.04	2.19	8
3.65	2.93	8
4.7	4.36	8
7.6	7.02	8
14.18	12.79	8
27.17	24.67	8
51.91	48.92	8
101.67	96.29	8
201.91	187.59	8
402.61	375.0	8
793.73	749.71	8
939.4	1480.21	8
2463.34	2923.44	8
3793.99	4322.49	8
3499.15	5710.28	8
3772.34	7105.34	8
5206.53	8566.26	8
6648.06	9919.25	8
5363.11	11247.87	8
5726.47	12746.96	8
1.02	1.31	8
1.24	1.42	8
1.42	1.29	8
1.34	1.26	8
1.7	1.6	8
2.04	1.84	8
2.21	2.09	8
2.82	2.48	8
3.87	3.23	8
5.53	4.6	8
9.22	7.01	8
17.14	11.37	8
26.89	21.15	8
59.16	38.88	8
112.6	72.06	8
191.83	140.33	8
365.99	260.35	8
588.26	511.79	8
707.23	758.46	8
1404.36	1008.58	8
1525.41	1282.71	8
1629.22	1456.84	8
1943.3	1742.17	8
2126.78	1978.3	8
2485.8	2246.69	8
1.1	1.11	9
1.68	1.39	9
1.41	1.68	9
2.07	1.94	9
2.81	2.44	9
2.79	2.87	9
3.35	3.11	9
3.8	3.71	9
5.12	5.15	9
7.68	7.46	9
12.09	11.4	9
20.76	20.71	9
38.97	37.87	9
72.16	71.14	9
135.11	135.99	9
262.38	265.84	9
512.01	512.98	9
743.26	707.69	9
983.02	987.88	9
1243.88	1181.59	9
1452.84	1487.65	9
1741.34	1665.08	9
1951.22	1949.22	9
2214.0	2205.12	9
1.13	1.16	9
1.11	1.32	9
1.55	1.63	9
1.87	1.95	9
2.69	2.45	9
2.64	2.69	9
3.82	3.09	9
4.84	4.62	9
7.58	6.45	9
11.6	11.44	9
20.77	20.6	9
39.47	39.63	9
76.25	76.11	9
148.37	146.34	9
293.2	288.93	9
569.79	571.66	9
1111.46	1589.67	9
1650.47	1654.68	9
2194.88	2194.55	9
2723.65	2692.53	9
3276.34	3261.48	9
3774.78	3785.81	9
4328.7	4323.38	9
4916.88	4893.56	9
1.16	1.19	9
1.47	1.14	9
1.65	1.55	9
2.12	2.31	9
2.73	2.53	9
2.85	3.09	9
3.16	3.23	9
3.81	4.33	9
5.13	4.69	9
7.41	6.85	9
11.63	11.81	9
19.3	18.86	9
35.44	36.2	9
64.45	62.82	9
116.98	121.06	9
227.58	230.84	9
433.48	455.3	9
643.45	639.76	9
842.04	857.41	9
1031.45	1021.18	9
1274.99	1260.03	9
1464.14	1474.65	9
1648.5	1616.05	9
1843.14	1812.32	9
1.13	1.18	9
1.39	1.2	9
1.42	1.66	9
2.11	2.27	9
2.4	2.55	9
2.98	3.4	9
3.4	3.64	9
4.76	4.53	9
6.93	6.46	9
11.19	11.04	9
19.43	18.93	9
35.96	35.01	9
68.05	67.7	9
133.25	132.55	9
258.58	261.67	9
502.81	499.3	9
982.83	1484.35	9
1462.63	1472.89	9
1926.03	1960.26	9
2426.87	3636.83	9
2838.8	4354.84	9
3349.11	3349.54	9
3809.86	3847.45	9
4350.83	4294.64	9
1.61	1.11	10
1.22	1.32	10
1.31	1.78	10
1.86	2.24	10
2.3	2.38	10
2.67	2.74	10
3.33	3.94	10
5.13	4.59	10
6.7	7.85	10
11.64	11.29	10
19.76	19.34	10
36.37	36.99	10
69.53	69.98	10
134.52	136.71	10
265.5	263.76	10
523.71	518.37	10
1017.22	993.93	10
1514.36	1471.88	10
2011.54	1965.56	10
2480.3	2480.74	10
2980.14	2935.05	10
3528.66	3458.45	10
3972.43	3978.36	10
4469.99	4477.93	10
1.2	1.24	10
1.25	1.37	10
1.66	1.52	10
2.09	2.16	10
2.54	2.23	10
2.68	2.95	10
3.85	3.14	10
4.24	4.14	10
5.82	7.31	10
7.94	8.52	10
15.47	14.46	10
26.48	39.85	10
48.3	77.11	10
92.73	92.68	10
180.12	288.41	10
362.52	357.08	10
686.8	693.25	10
1022.38	1664.81	10
1360.66	1382.59	10
1707.72	1719.83	10
2040.34	2034.56	10
2367.78	2342.27	10
2693.48	2713.39	10
3049.05	3045.94	10
1.13	2.65	10
1.28	1.27	10
1.63	1.69	10
2.28	2.22	10
2.42	2.74	10
3.94	3.08	10
3.31	3.5	10
4.84	4.39	10
6.54	6.56	10
10.55	10.2	10
18.06	18.1	10
34.09	33.07	10
62.94	62.69	10
120.86	123.76	10
236.69	239.46	10
467.49	459.98	10
902.2	895.1	10
1373.39	1366.12	10
1768.86	1780.57	10
2210.13	2227.72	10
2618.36	2659.43	10
3055.07	3039.32	10
3497.71	3478.85	10
4027.38	4014.43	10
1.04	1.16	10
1.43	1.25	10
1.53	1.88	10
2.08	2.67	10
2.57	2.32	10
3.02	2.85	10
3.4	3.87	10
4.04	4.01	10
6.12	7.24	10
7.97	8.03	10
13.62	13.47	10
23.27	23.88	10
44.31	44.24	10
85.51	85.2	10
167.16	165.93	10
327.12	326.54	10
632.76	633.4	10
933.37	931.28	10
1239.07	1237.08	10
1544.25	1538.53	10
1851.19	1845.29	10
2152.59	5233.74	10
2456.79	2462.84	10
2784.82	2742.63	10
1.06	1.13	11
1.25	1.3	11
1.39	2.25	11
1.87	2.11	11
2.44	2.31	11
2.79	3.16	11
4.12	3.47	11
4.46	4.72	11
5.59	5.32	11
8.83	8.62	11
14.58	21.12	11
25.43	26.44	11
49.43	76.28	11
93.0	94.03	11
184.09	181.96	11
358.06	359.7	11
693.78	1117.58	11
1037.12	1039.96	11
1369.25	3051.0	11
1718.21	1713.74	11
2030.95	2035.12	11
2386.73	2369.19	11
2731.51	2708.51	11
3107.26	3104.69	11
1.2	1.0	11
1.2	1.34	11
1.53	1.73	11
2.1	2.09	11
2.42	2.37	11
2.83	2.6	11
3.63	3.42	11
4.78	4.83	11
6.86	6.89	11
11.04	11.64	11
19.07	19.1	11
36.81	36.88	11
69.94	69.4	11
135.53	132.38	11
267.2	266.68	11
524.12	520.34	11
1015.17	1015.78	11
1508.28	1511.53	11
2012.39	1995.26	11
2513.94	2524.49	11
2965.92	2994.12	11
3455.27	3464.75	11
3982.88	3988.51	11
4446.91	4469.84	11
1.23	1.27	11
1.16	1.32	11
1.66	1.81	11
2.15	2.32	11
2.35	2.68	11
3.28	3.18	11
3.23	3.22	11
3.97	4.34	11
5.46	7.49	11
7.86	8.01	11
15.09	13.49	11
23.68	25.02	11
45.61	43.9	11
86.22	143.61	11
167.89	166.27	11
326.75	327.24	11
635.51	631.33	11
936.03	939.7	11
1250.72	1248.69	11
1557.35	3763.84	11
1876.81	1864.2	11
2184.14	2189.2	11
2516.91	2500.94	11
2802.71	2819.55	11
1.18	1.22	11
1.32	2.04	11
1.58	1.58	11
2.19	2.22	11
2.62	2.61	11
3.06	3.85	11
3.4	3.62	11
4.8	4.83	11
7.06	6.86	11
10.49	10.61	11
17.68	18.25	11
33.73	34.0	11
63.13	62.65	11
119.5	120.19	11
235.56	232.6	11
469.29	465.99	11
902.1	936.49	11
1349.37	1346.35	11
1764.86	1801.64	11
2211.05	2219.63	11
2654.63	2661.99	11
3082.35	3086.05	11
3557.52	3567.25	11
3959.83	3945.05	11
1.04	1.09	12
1.44	1.28	12
1.77	1.54	12
2.02	2.01	12
2.36	2.28	12
2.7	3.11	12
3.31	3.6	12
4.56	4.46	12
7.31	7.05	12
11.81	11.14	12
21.48	20.93	12
38.76	38.31	12
75.57	75.45	12
152.27	148.13	12
289.3	291.16	12
571.34	570.48	12
1127.3	1117.28	12
1649.69	1639.35	12
2195.13	2208.3	12
2711.75	2719.67	12
3234.72	3278.37	12
3792.56	3850.75	12
4322.96	4310.5	12
4881.13	4907.89	12
1.95	1.26	12
1.38	1.33	12
2.48	1.66	12
2.04	1.92	12
2.86	2.37	12
2.66	2.68	12
2.94	2.82	12
3.64	4.22	12
5.82	5.58	12
7.39	7.48	12
11.83	11.98	12
21.85	20.73	12
38.54	38.28	12
72.47	71.66	12
139.12	138.98	12
266.95	266.92	12
508.43	514.55	12
743.74	744.05	12
1022.27	989.23	12
1238.23	1238.44	12
1506.87	1516.73	12
1704.01	1743.78	12
1968.6	1977.63	12
2219.55	2182.69	12
1.0	1.26	12
1.37	1.33	12
1.55	1.8	12
2.04	2.69	12
2.48	3.08	12
2.8	3.06	12
3.33	3.87	12
4.36	4.38	12
6.93	6.56	12
11.89	10.69	12
19.05	20.1	12
36.13	35.72	12
66.84	66.06	12
133.18	130.28	12
259.77	256.92	12
508.53	511.7	12
973.68	991.57	12
1445.96	1454.44	12
1927.2	1922.34	12
2444.24	2377.82	12
2884.45	2894.16	12
3383.02	3345.77	12
3783.02	5842.16	12
4297.97	4278.78	12
1.11	1.06	12
1.28	1.3	12
1.52	1.82	12
2.02	1.96	12
2.67	2.48	12
3.09	3.19	12
3.26	3.41	12
3.73	3.43	12
5.19	4.74	12
6.92	7.24	12
11.18	11.51	12
19.76	20.01	12
34.46	34.79	12
62.49	63.82	12
122.83	122.13	12
233.34	233.46	12
448.02	434.52	12
672.86	676.15	12
895.37	849.33	12
1051.0	1135.22	12
1295.92	1321.69	12
1488.65	1502.51	12
1686.04	1747.96	12
1964.82	1919.61	12
0.94	0.92	13
1.3	1.03	13
1.28	1.27	13
2.23	1.51	13
1.7	1.81	13
2.13	2.19	13
2.24	2.21	13
2.37	2.47	13
2.55	2.57	13
2.76	2.75	13
2.84	3.17	13
3.4	3.65	13
4.38	4.33	13
6.69	6.1	13
10.02	10.58	13
17.13	16.21	13
31.58	29.15	13
59.94	54.34	13
112.12	106.31	13
227.07	203.9	13
438.17	396.42	13
841.45	769.32	13
1232.8	1146.51	13
1622.33	1772.29	13
2050.13	1879.25	13
2480.54	2224.8	13
2909.02	2628.27	13
3276.76	2988.27	13
3652.3	3394.25	13
1.02	0.94	13
1.11	1.0	13
1.38	1.17	13
1.49	1.63	13
1.92	1.83	13
2.05	1.99	13
2.31	2.03	13
2.34	2.18	13
2.46	2.47	13
3.24	2.85	13
3.57	3.55	13
5.21	5.26	13
8.58	8.71	13
15.1	15.09	13
28.76	27.58	13
56.2	53.31	13
108.39	105.13	13
214.36	208.82	13
364.38	413.33	13
839.36	817.74	13
1687.44	1626.53	13
3258.9	3176.31	13
4843.09	4748.48	13
6444.4	6309.88	13
8025.27	7831.11	13
9656.37	9387.36	13
11221.06	10948.65	13
12774.18	12491.53	13
14417.1	14045.09	13
0.95	0.93	13
1.08	1.04	13
1.48	1.21	13
1.59	1.4	13
1.95	1.71	13
1.99	2.2	13
2.39	1.91	13
2.22	2.02	13
2.57	2.61	13
2.27	2.84	13
3.09	2.52	13
3.81	3.37	13
5.07	4.42	13
7.74	6.13	13
13.14	9.8	13
23.28	16.74	13
43.75	29.03	13
82.29	54.82	13
161.86	117.3	13
317.71	203.01	13
618.56	386.59	13
1206.38	778.66	13
1784.45	1129.04	13
2390.27	1490.28	13
2967.89	1891.8	13
3599.23	2267.57	13
4121.29	2602.89	13
4732.64	3000.11	13
5261.75	3322.68	13
1.01	0.93	13
1.1	0.88	13
1.24	1.18	13
2.1	1.4	13
1.79	1.77	13
2.23	2.15	13
2.0	2.14	13
2.4	2.42	13
2.83	2.46	13
3.05	2.93	13
4.17	3.67	13
5.76	5.35	13
9.11	8.66	13
16.51	15.1	13
30.42	27.94	13
58.86	53.58	13
115.16	106.29	13
229.0	207.1	13
449.14	414.16	13
902.76	706.16	13
1801.49	1634.18	13
3464.1	3188.62	13
5168.53	4755.71	13
6851.81	6295.38	13
8535.1	7858.34	13
10218.76	9364.96	13
11935.64	11036.96	13
14340.74	12529.62	13
15339.83	14023.12	13
1.03	1.08	14
1.18	1.12	14
1.28	1.19	14
1.71	1.64	14
1.82	2.17	14
2.17	2.15	14
2.38	2.23	14
2.33	2.14	14
2.49	2.67	14
2.89	2.86	14
3.27	3.31	14
3.42	3.98	14
5.65	5.4	14
8.26	8.39	14
14.72	13.91	14
25.9	24.99	14
48.4	47.14	14
98.7	89.99	14
182.86	172.53	14
359.76	341.12	14
718.78	682.56	14
1389.83	1313.88	14
2044.41	1947.32	14
2713.79	2608.11	14
3426.85	3261.15	14
4128.45	3857.51	14
4706.98	4493.37	14
5461.25	5107.14	14
6199.65	5869.74	14
0.99	1.01	14
1.18	1.22	14
1.34	1.3	14
1.81	1.62	14
1.89	2.06	14
2.15	2.32	14
2.13	2.12	14
2.56	2.37	14
2.47	2.45	14
3.15	3.05	14
3.99	3.78	14
5.14	5.21	14
7.95	7.88	14
14.08	13.94	14
25.17	24.51	14
47.13	47.26	14
92.2	91.66	14
181.38	180.28	14
359.25	359.44	14
714.86	707.94	14
1425.41	1415.97	14
2777.31	2764.66	14
4145.29	4097.55	14
5492.58	5444.73	14
6862.06	6816.31	14
8209.89	8138.05	14
9566.48	9475.85	14
10908.91	10831.28	14
12267.81	12172.41	14
0.94	1.0	14
1.21	1.14	14
1.31	1.33	14
1.53	1.5	14
1.93	1.92	14
2.09	2.12	14
2.4	2.39	14
2.28	2.25	14
2.54	2.47	14
2.7	2.93	14
3.33	3.31	14
4.29	3.89	14
6.19	5.15	14
9.48	8.06	14
16.76	14.64	14
30.61	24.93	14
57.44	47.15	14
110.86	88.19	14
216.68	173.34	14
425.43	347.65	14
839.35	674.92	14
1629.14	1310.68	14
2428.23	1961.95	14
3268.24	2610.78	14
4024.12	3227.12	14
4780.51	3880.28	14
5605.02	4480.05	14
6350.71	5095.29	14
7222.14	5775.94	14
1.0	1.04	14
1.15	1.2	14
1.37	1.4	14
1.69	1.61	14
1.81	1.63	14
2.08	2.23	14
2.29	2.54	14
2.4	2.52	14
2.92	2.59	14
3.32	3.28	14
3.59	3.76	14
5.41	5.38	14
8.61	8.24	14
14.46	13.54	14
26.85	24.35	14
51.93	47.13	14
98.88	92.28	14
194.8	180.93	14
386.46	359.45	14
760.98	706.19	14
1519.9	1413.3	14
2985.44	2759.67	14
3733.91	4097.8	14
5911.9	5448.7	14
7297.16	6804.62	14
8768.83	8118.06	14
10193.83	9460.03	14
11626.65	10798.0	14
13105.11	12199.57	14
0.94	1.17	15
1.15	1.12	15
1.27	1.36	15
1.54	1.41	15
1.84	1.74	15
2.19	2.08	15
2.75	2.2	15
2.39	2.43	15
2.63	2.55	15
3.73	2.51	15
3.91	3.66	15
5.48	4.89	15
8.12	7.99	15
13.71	13.69	15
25.1	24.88	15
48.03	46.94	15
92.77	90.93	15
182.14	180.77	15
360.04	353.94	15
718.2	713.5	15
1426.53	1413.96	15
2777.5	2757.86	15
4142.34	4102.02	15
5496.54	5442.25	15
6857.13	6793.45	15
8195.11	8128.29	15
9560.11	9488.14	15
10932.4	10847.28	15
12253.51	12147.0	15
0.98	1.21	15
1.1	1.13	15
2.07	1.24	15
1.6	1.41	15
1.67	1.72	15
2.08	2.04	15
2.17	2.18	15
2.17	2.25	15
2.29	2.17	15
2.89	2.73	15
4.66	2.6	15
3.83	3.99	15
5.3	5.41	15
8.33	8.09	15
14.19	14.0	15
25.79	24.93	15
49.68	47.39	15
95.19	91.38	15
188.86	175.72	15
370.5	351.89	15
723.45	710.75	15
1414.37	1347.13	15
2124.64	2003.89	15
2793.88	2654.28	15
3518.48	3508.04	15
4127.16	3937.33	15
4820.05	4595.39	15
5542.94	5239.92	15
6172.04	5897.83	15
1.02	1.09	15
1.19	1.04	15
1.23	1.36	15
1.59	1.52	15
1.66	2.61	15
2.02	2.12	15
2.31	2.16	15
2.2	2.86	15
3.0	3.82	15
3.21	3.34	15
3.82	4.03	15
4.94	5.21	15
8.69	8.17	15
14.57	13.71	15
27.23	25.08	15
51.87	47.74	15
100.32	91.76	15
194.26	181.24	15
384.19	354.28	15
760.68	713.65	15
1528.67	1413.4	15
2954.26	2754.54	15
4378.27	4088.8	15
5873.49	5463.26	15
7307.95	6797.37	15
8757.99	8127.05	15
10186.2	9498.26	15
11726.16	10858.73	15
13067.33	12147.78	15
0.91	0.95	15
1.1	1.03	15
1.29	1.27	15
1.55	1.37	15
1.94	1.79	15
1.87	1.99	15
2.08	2.18	15
2.42	2.32	15
2.32	2.45	15
3.07	2.51	15
3.33	2.75	15
4.03	3.86	15
5.96	5.47	15
9.18	8.38	15
16.16	14.09	15
29.8	24.89	15
56.79	46.31	15
123.35	89.19	15
217.95	172.51	15
426.65	342.22	15
843.64	680.53	15
1633.41	1317.84	15
2434.75	1960.3	15
3210.19	2581.55	15
4033.1	3262.02	15
4819.44	3893.94	15
5692.91	4485.47	15
6441.36	5149.77	15
7210.12	5788.42	15
0.97	0.94	16
0.98	0.93	16
1.33	1.33	16
1.46	1.58	16
1.9	1.96	16
1.73	2.0	16
2.09	2.76	16
2.17	2.34	16
2.55	2.59	16
3.23	2.85	16
3.86	3.27	16
5.25	5.28	16
8.45	8.61	16
15.19	15.22	16
28.66	28.24	16
55.35	54.27	16
108.48	105.16	16
215.28	208.8	16
420.41	410.65	16
846.86	821.14	16
1678.93	1641.19	16
3264.6	3605.17	16
4863.02	4783.57	16
6448.12	6353.17	16
8096.17	7875.31	16
9667.95	9491.99	16
11272.13	11051.89	16
12880.97	12606.28	16
14478.93	14161.93	16
0.87	0.92	16
1.31	0.99	16
1.2	1.26	16
1.51	1.51	16
1.75	1.72	16
2.16	2.15	16
1.95	1.9	16
2.49	2.47	16
2.24	2.32	16
2.77	2.54	16
2.91	2.83	16
3.5	3.12	16
4.43	4.29	16
6.3	5.92	16
9.83	9.5	16
17.91	15.87	16
31.64	29.58	16
59.28	54.94	16
114.03	104.48	16
222.23	203.68	16
438.94	400.59	16
944.39	772.79	16
1235.4	1130.3	16
1637.23	1511.57	16
2054.45	1873.57	16
2454.07	2235.56	16
2894.5	2582.61	16
3302.44	3031.08	16
3713.74	3357.83	16
1.14	0.94	16
1.03	0.9	16
1.35	1.11	16
1.67	2.19	16
1.99	2.19	16
2.11	2.16	16
2.61	2.16	16
2.53	2.22	16
2.4	2.7	16
2.97	2.82	16
4.07	3.75	16
5.61	5.15	16
9.49	8.5	16
16.24	15.11	16
30.26	28.52	16
58.98	54.17	16
114.61	105.5	16
228.18	208.65	16
451.1	411.75	16
895.68	822.87	16
1793.26	1644.4	16
3506.08	3203.29	16
5186.97	4732.14	16
6885.19	6276.35	16
8586.61	7870.66	16
8688.11	9408.19	16
10077.93	11004.27	16
13722.84	12448.55	16
15315.47	14026.2	16
0.93	0.88	16
1.09	1.06	16
1.3	1.22	16
1.6	1.46	16
1.8	1.93	16
1.9	2.0	16
2.06	2.23	16
1.84	2.12	16
2.47	3.21	16
2.82	2.9	16
3.03	3.19	16
3.98	3.88	16
5.23	4.58	16
7.79	6.21	16
12.64	10.16	16
23.54	16.73	16
43.91	29.94	16
82.67	54.45	16
161.08	103.63	16
315.15	201.24	16
628.34	390.2	16
1205.69	770.69	16
1798.99	1151.37	16
2420.03	1514.38	16
2987.63	1885.48	16
3556.17	2279.5	16
4147.62	2682.98	16
5225.13	2994.61	16
5287.05	3355.7	16
1.17	1.25	17
1.53	1.66	17
2.2	2.19	17
3.72	3.42	17
5.47	5.96	17
7.25	7.84	17
8.03	8.67	17
10.2	10.17	17
11.58	10.82	17
11.79	10.63	17
14.43	14.31	17
19.75	20.14	17
27.84	28.26	17
45.28	43.79	17
75.69	73.33	17
129.23	136.45	17
253.8	257.36	17
486.83	487.74	17
951.91	949.74	17
1799.04	1804.39	17
2746.66	2548.69	17
3582.86	3586.22	17
4473.73	4475.1	17
5354.58	5400.08	17
6285.65	5873.22	17
7115.23	7133.79	17
8062.57	8038.19	17
1.16	1.36	17
1.55	1.47	17
2.05	2.13	17
3.1	3.48	17
5.07	5.59	17
6.58	7.31	17
13.44	11.52	17
13.26	13.73	17
14.54	14.72	17
14.6	14.07	17
24.39	19.94	17
24.62	37.31	17
37.92	55.03	17
57.7	61.82	17
109.71	110.62	17
207.26	206.02	17
400.03	395.91	17
776.26	784.33	17
1548.83	1562.81	17
3022.46	5183.04	17
4460.72	4459.02	17
5921.28	10252.07	17
7412.98	7420.47	17
8877.41	8903.17	17
10358.84	10384.68	17
11876.85	11794.52	17
13318.4	13308.71	17
1.22	1.1	17
1.57	1.5	17
2.0	2.04	17
3.08	3.4	17
5.39	5.72	17
6.86	8.09	17
10.1	8.03	17
10.2	10.17	17
11.34	11.47	17
12.52	11.36	17
15.86	15.7	17
21.28	18.27	17
25.71	24.52	17
37.74	42.52	17
65.07	67.06	17
122.23	120.42	17
228.17	231.72	17
438.65	406.31	17
874.79	860.0	17
1698.95	1530.22	17
2519.57	2503.84	17
3301.65	3317.29	17
4099.41	4175.88	17
4878.36	4965.3	17
5766.0	5531.38	17
6468.37	6328.15	17
7322.43	6989.68	17
1.25	1.23	17
1.5	1.73	17
2.1	2.11	17
3.58	3.4	17
5.4	5.83	17
7.61	7.52	17
11.83	12.88	17
9.23	15.0	17
16.27	12.54	17
17.35	13.7	17
15.0	23.61	17
34.83	21.0	17
35.8	33.89	17
55.92	57.12	17
102.11	100.0	17
195.15	194.96	17
380.53	661.71	17
733.03	736.42	17
1454.08	2610.91	17
2826.72	2819.65	17
4192.67	4225.8	17
5513.22	5573.53	17
6958.49	6934.35	17
8313.38	8300.82	17
9677.24	9690.52	17
10986.88	10987.87	17
12434.3	22464.93	17
1.24	1.33	18
1.59	1.68	18
2.1	2.36	18
3.63	3.5	18
5.82	5.85	18
9.42	9.4	18
13.22	9.06	18
10.87	13.31	18
12.5	14.37	18
16.88	15.01	18
20.09	18.67	18
25.98	28.74	18
38.14	38.86	18
58.41	61.03	18
104.88	103.26	18
191.07	180.3	18
344.02	355.91	18
696.43	689.73	18
1376.06	1363.9	18
2624.84	2682.82	18
3958.94	3918.58	18
5176.28	5234.49	18
6518.7	6494.34	18
7757.62	7753.88	18
9043.3	9078.77	18
10305.15	10338.13	18
11580.32	11658.83	18
1.26	1.45	18
1.65	1.78	18
2.39	2.43	18
3.73	3.52	18
5.71	4.78	18
8.55	8.15	18
10.22	9.08	18
11.3	11.36	18
11.57	12.89	18
15.65	15.54	18
17.62	16.62	18
22.18	27.8	18
32.5	29.93	18
53.82	55.48	18
94.1	150.66	18
175.0	179.61	18
341.91	558.07	18
664.12	664.64	18
1376.5	1314.02	18
2553.97	2584.56	18
3815.5	3803.95	18
5069.17	8388.48	18
6337.51	10426.74	18
7596.74	12689.42	18
8894.17	14565.63	18
10046.84	10114.66	18
11334.75	11301.9	18
1.26	1.32	18
1.56	1.81	18
2.28	2.46	18
3.52	3.45	18
5.3	5.96	18
9.3	7.72	18
14.28	9.52	18
12.88	16.3	18
15.45	14.6	18
13.91	10.74	18
18.74	15.37	18
20.93	25.04	18
33.5	35.06	18
57.47	51.81	18
97.04	96.34	18
172.81	178.29	18
324.7	331.09	18
637.31	649.86	18
1296.07	1300.19	18
2530.94	2535.19	18
3751.86	4067.28	18
4930.01	5343.09	18
6042.94	6682.79	18
7295.54	7378.53	18
8655.75	8554.5	18
9707.88	9802.66	18
10992.09	11022.89	18
1.34	1.37	18
1.71	1.66	18
2.47	2.42	18
3.63	3.69	18
5.47	6.08	18
8.09	7.06	18
8.72	8.7	18
10.92	12.22	18
13.42	12.69	18
15.4	14.18	18
15.86	14.39	18
27.36	21.55	18
29.58	29.9	18
46.59	48.12	18
149.65	87.04	18
166.68	279.97	18
359.72	317.23	18
617.04	1071.86	18
1238.7	1219.28	18
2403.73	2397.04	18
3562.03	6157.16	18
4731.6	8151.06	18
5866.9	5886.36	18
7046.56	12219.89	18
8187.84	14326.01	18
9367.15	9356.9	18
10590.92	10524.93	18
1.42	1.67	19
1.74	1.75	19
2.52	2.36	19
3.63	3.11	19
5.49	5.6	19
6.7	8.66	19
9.73	8.34	19
12.27	11.13	19
12.66	13.9	19
13.03	11.99	19
23.79	20.12	19
25.53	22.24	19
29.37	32.0	19
54.26	48.32	19
88.69	88.13	19
165.19	168.31	19
317.81	315.9	19
624.03	630.7	19
1260.5	1263.03	19
2485.55	2515.06	19
3726.56	3735.84	19
5022.73	5026.37	19
6234.08	10459.71	19
7485.25	12458.24	19
8735.25	8719.54	19
9932.43	9986.72	19
11253.62	11207.02	19
1.25	1.17	19
1.83	1.66	19
2.39	2.29	19
3.29	3.78	19
6.23	5.48	19
8.48	9.2	19
14.12	9.71	19
13.37	8.72	19
17.79	8.8	19
18.93	13.43	19
17.18	18.59	19
27.2	26.02	19
33.84	36.97	19
63.95	57.54	19
93.65	99.76	19
186.83	187.17	19
354.53	348.5	19
666.92	666.01	19
1320.94	1357.97	19
2625.71	2597.19	19
3901.38	3934.05	19
5154.19	5180.36	19
6442.35	6511.29	19
7752.93	7763.33	19
9003.05	9340.14	19
10211.0	10723.48	19
11550.05	11433.14	19
1.28	1.46	19
2.15	1.64	19
2.11	2.1	19
3.69	3.63	19
4.88	5.95	19
7.66	7.92	19
9.76	8.77	19
10.48	10.9	19
11.87	12.85	19
14.18	12.16	19
15.5	15.9	19
26.49	21.39	19
31.24	25.74	19
50.49	78.93	19
135.98	144.97	19
250.05	168.18	19
323.7	321.67	19
827.42	626.43	19
1234.03	1235.22	19
2395.8	2406.4	19
3544.47	3525.75	19
4692.02	8189.49	19
5849.45	5854.68	19
6977.3	12149.51	19
8236.9	8136.32	19
9368.15	16150.34	19
10673.58	10447.14	19
1.32	1.41	19
1.72	1.66	19
2.37	2.3	19
3.46	3.61	19
5.69	5.57	19
9.63	9.76	19
12.79	12.32	19
14.81	9.44	19
12.39	13.6	19
15.26	11.59	19
13.31	19.8	19
26.44	24.12	19
38.79	37.72	19
63.95	55.46	19
94.81	97.67	19
177.63	178.11	19
336.92	339.86	19
654.71	658.64	19
1312.87	1297.7	19
2527.97	2522.08	19
3673.16	3702.2	19
4869.2	4952.85	19
6091.95	6113.84	19
8076.97	7401.87	19
8497.98	8501.45	19
9751.5	9644.38	19
10933.93	10917.47	19
1.28	1.31	20
1.67	1.48	20
2.32	2.28	20
3.76	3.78	20
6.46	6.13	20
8.13	9.22	20
11.35	13.67	20
15.44	14.61	20
18.05	16.58	20
18.15	13.11	20
23.75	17.85	20
30.11	27.05	20
61.62	36.94	20
61.45	144.19	20
108.22	108.37	20
206.34	205.46	20
394.75	398.0	20
779.4	772.52	20
1521.9	1540.72	20
3021.09	5325.83	20
4517.28	4501.47	20
6001.64	6021.23	20
7494.26	7462.63	20
8983.47	9003.29	20
10443.13	10436.66	20
11937.86	11930.48	20
13357.96	23311.48	20
1.25	1.03	20
1.55	1.6	20
2.35	2.04	20
3.6	3.82	20
5.75	5.94	20
8.2	7.58	20
9.07	8.58	20
10.63	9.12	20
11.5	10.51	20
14.69	10.83	20
13.34	16.12	20
18.24	19.58	20
28.95	26.33	20
42.14	43.44	20
71.76	75.0	20
137.19	137.97	20
256.96	247.16	20
491.39	465.45	20
952.35	903.53	20
1829.84	1859.46	20
2737.51	2766.79	20
3630.9	3387.18	20
4530.95	4525.27	20
5385.19	5409.97	20
6420.83	6353.31	20
7189.33	6672.12	20
8145.8	8203.59	20
1.28	1.28	20
1.62	1.47	20
2.31	2.1	20
3.26	3.35	20
5.64	5.66	20
8.9	9.19	20
11.8	10.91	20
16.15	14.7	20
9.79	13.04	20
11.78	15.38	20
18.91	17.3	20
24.1	24.73	20
61.48	35.34	20
61.58	58.87	20
107.59	103.76	20
190.8	195.28	20
373.45	377.09	20
730.56	741.58	20
1460.77	1458.28	20
2851.15	5118.37	20
4221.13	4240.56	20
5602.56	5597.39	20
6937.43	6980.07	20
8353.76	8342.6	20
9783.05	9746.93	20
11094.53	11115.22	20
12490.42	12457.62	20
1.23	1.09	20
1.59	1.36	20
2.33	2.36	20
3.89	3.47	20
5.31	5.3	20
8.7	7.86	20
9.85	9.38	20
8.95	11.02	20
12.23	10.94	20
12.72	11.9	20
14.35	17.34	20
17.96	20.9	20
31.31	25.44	20
39.11	38.14	20
65.81	68.21	20
122.16	122.08	20
226.5	228.19	20
440.73	445.67	20
885.47	869.97	20
1694.65	1620.21	20
2492.66	2375.08	20
3336.12	3314.84	20
4157.18	3986.99	20
4967.63	4930.92	20
5702.12	5782.19	20
6529.74	6614.3	20
7347.33	7339.24	20
1.17	1.03	21
1.26	1.04	21
1.48	1.31	21
2.13	1.78	21
2.91	3.06	21
4.68	5.01	21
9.0	6.89	21
11.59	6.76	21
9.96	10.0	21
14.31	15.64	21
18.64	18.29	21
32.63	27.79	21
49.14	48.27	21
76.12	78.1	21
107.97	116.25	21
153.96	154.93	21
236.18	229.06	21
379.2	374.83	21
693.19	660.68	21
1237.62	1237.25	21
1821.97	1796.56	21
2402.62	2341.38	21
2929.43	2961.09	21
3476.5	3488.31	21
4027.39	4040.36	21
4574.16	4537.82	21
5148.09	5136.52	21
1.13	0.98	21
1.15	1.15	21
1.63	1.29	21
2.02	1.86	21
3.06	2.81	21
4.97	4.84	21
7.16	6.89	21
8.12	6.47	21
9.95	8.83	21
13.81	13.35	21
20.07	20.48	21
33.73	32.16	21
55.95	51.93	21
88.53	84.34	21
126.88	128.84	21
186.29	190.64	21
291.45	292.81	21
524.24	524.9	21
962.44	950.74	21
1739.3	1740.4	21
2526.68	2551.28	21
3314.06	3270.86	21
4154.43	4126.63	21
4893.13	4899.53	21
5838.12	5658.8	21
6517.36	6484.84	21
7237.94	7290.55	21
1.07	0.95	21
1.23	1.12	21
1.51	1.43	21
2.17	1.97	21
3.9	2.81	21
5.31	4.97	21
7.34	6.05	21
8.9	8.94	21
10.22	11.94	21
12.58	16.88	21
17.9	18.04	21
28.31	29.33	21
44.32	49.49	21
74.93	72.49	21
108.98	105.24	21
148.22	147.11	21
213.17	215.77	21
343.9	341.9	21
595.67	616.01	21
1101.61	1106.65	21
1599.84	1622.16	21
2128.93	2105.71	21
2600.75	2624.79	21
3053.07	3080.93	21
3591.51	3600.38	21
4093.26	4126.25	21
4526.04	4523.53	21
1.1	0.98	21
1.32	0.95	21
1.44	1.41	21
1.95	1.82	21
2.92	2.57	21
4.12	4.92	21
7.7	5.94	21
8.3	7.42	21
11.71	7.32	21
15.56	14.06	21
24.41	21.81	21
28.34	33.94	21
47.51	52.57	21
80.83	86.02	21
124.32	122.2	21
180.86	182.85	21
283.39	276.53	21
511.15	495.78	21
909.35	895.11	21
1644.99	1615.38	21
2387.19	2352.22	21
3082.05	3113.67	21
3852.07	3856.63	21
4573.88	4500.85	21
5260.63	5264.16	21
6021.63	5962.2	21
6700.61	6737.11	21
1.01	0.92	22
1.15	1.29	22
1.5	1.43	22
1.91	1.98	22
3.13	2.82	22
4.83	4.29	22
7.58	6.72	22
4.43	10.03	22
11.74	12.6	22
14.25	11.58	22
20.64	24.33	22
35.46	36.35	22
56.42	53.4	22
89.51	85.71	22
126.2	128.34	22
191.21	185.34	22
291.06	287.81	22
491.68	497.63	22
919.29	901.95	22
1710.44	1722.56	22
2500.41	2494.94	22
3306.7	3316.77	22
3994.98	4100.73	22
4837.02	4851.39	22
5685.13	5649.13	22
6461.59	6389.25	22
7220.47	7255.82	22
1.11	1.77	22
1.17	1.21	22
1.55	1.54	22
2.0	2.01	22
3.1	3.32	22
5.32	5.01	22
7.54	8.0	22
5.87	10.09	22
11.76	9.6	22
14.75	13.62	22
23.49	18.58	22
27.69	29.95	22
50.72	49.94	22
74.97	74.85	22
106.83	109.66	22
151.65	160.2	22
232.77	240.82	22
387.23	393.53	22
689.65	699.5	22
1253.64	1286.24	22
1822.82	1807.73	22
2414.06	2379.05	22
2929.77	2918.39	22
3482.89	3514.15	22
4050.62	4046.89	22
4633.96	4667.62	22
5267.14	5220.03	22
1.29	1.09	22
1.4	1.26	22
1.52	1.32	22
2.06	1.95	22
2.99	2.77	22
5.05	4.33	22
7.4	5.8	22
8.37	7.16	22
13.62	11.57	22
13.32	13.95	22
21.65	18.55	22
32.73	32.59	22
53.28	53.27	22
79.92	80.97	22
123.49	123.42	22
171.53	174.08	22
271.09	277.54	22
466.3	464.36	22
855.51	842.49	22
1576.69	1575.76	22
2309.32	2331.76	22
3016.62	3008.0	22
3769.06	3760.92	22
4488.71	4497.73	22
5190.95	5194.16	22
5967.31	5929.69	22
6618.0	6612.59	22
1.24	1.0	22
1.38	1.19	22
1.74	1.57	22
2.06	1.93	22
3.18	2.79	22
5.3	4.95	22
7.09	5.39	22
7.41	11.65	22
10.87	8.58	22
14.79	12.09	22
20.84	23.2	22
29.56	32.28	22
51.83	48.59	22
92.55	93.68	22
146.91	108.87	22
152.47	142.18	22
224.64	221.77	22
378.98	376.46	22
660.38	653.94	22
1179.87	1156.32	22
1668.07	1672.49	22
2167.44	2187.97	22
2660.51	2630.53	22
3139.64	3114.74	22
3667.48	3631.54	22
4134.7	4123.77	22
4693.44	4651.93	22
0.94	0.95	23
1.13	1.14	23
1.48	1.45	23
1.87	2.04	23
3.0	2.8	23
4.87	4.62	23
8.03	8.2	23
8.86	7.23	23
13.57	9.72	23
16.6	13.9	23
16.6	23.46	23
32.19	30.26	23
54.65	52.24	23
73.42	77.41	23
107.47	110.72	23
159.73	163.26	23
233.57	233.52	23
386.07	389.94	23
709.68	687.31	23
1265.71	1267.76	23
1824.59	1851.13	23
2372.4	2385.18	23
2912.49	3000.88	23
3455.06	3517.66	23
4058.48	4091.36	23
4666.22	4570.65	23
5142.68	5218.29	23
1.66	1.02	23
1.16	1.08	23
1.32	1.42	23
1.98	1.84	23
2.86	3.04	23
4.05	4.77	23
6.0	3.58	23
8.07	10.62	23
9.66	11.61	23
11.74	12.45	23
23.17	19.68	23
32.75	33.77	23
54.63	53.88	23
89.27	85.56	23
130.92	126.78	23
181.12	193.37	23
297.6	294.33	23
500.66	498.19	23
912.39	914.82	23
1733.46	1735.82	23
2489.7	2500.97	23
3342.86	3295.72	23
4097.46	4103.73	23
4890.87	4925.99	23
5633.94	5704.12	23
6428.18	6491.37	23
7258.48	7284.66	23
1.12	1.11	23
1.23	1.14	23
1.48	1.47	23
1.9	2.15	23
2.97	2.77	23
5.02	3.93	23
6.67	7.24	23
8.02	7.95	23
10.52	10.31	23
11.68	14.55	23
18.0	19.28	23
28.55	31.04	23
44.41	50.41	23
72.65	72.73	23
102.87	110.37	23
150.3	141.86	23
225.22	219.33	23
389.08	378.46	23
657.18	647.64	23
1179.16	1163.59	23
1678.08	1664.77	23
2146.03	2178.9	23
2733.4	2652.52	23
3087.66	3142.79	23
3683.75	3667.47	23
4129.94	4184.46	23
4605.31	4672.29	23
0.99	0.94	23
1.12	1.21	23
1.4	1.36	23
1.91	1.82	23
2.71	2.78	23
4.76	5.57	23
7.76	8.31	23
5.56	10.76	23
8.72	12.56	23
13.8	12.73	23
20.89	17.14	23
30.58	29.1	23
50.83	52.98	23
80.3	82.19	23
119.83	125.2	23
167.23	173.99	23
280.0	270.44	23
473.38	463.58	23
864.18	860.74	23
1622.12	1610.85	23
2334.74	2315.89	23
3060.79	3031.12	23
3816.47	3788.35	23
4497.73	4465.48	23
5188.59	5146.36	23
5981.71	5972.63	23
6636.37	6677.74	23
0.98	1.02	24
1.11	1.08	24
1.32	1.41	24
1.78	1.98	24
2.54	2.87	24
4.66	4.75	24
7.96	7.44	24
9.59	9.6	24
13.14	12.95	24
13.68	11.83	24
23.66	23.17	24
33.52	32.4	24
54.16	53.37	24
82.93	84.14	24
123.36	131.37	24
193.34	185.39	24
287.38	294.73	24
510.23	505.96	24
937.33	933.25	24
1728.15	1712.12	24
2506.75	2516.62	24
3349.08	3315.75	24
4088.43	4076.57	24
4960.33	4883.18	24
5601.09	5668.93	24
6439.84	6450.52	24
7278.52	7317.46	24
0.95	0.91	24
1.18	1.12	24
1.25	1.38	24
1.96	1.78	24
3.56	2.91	24
3.7	4.14	24
6.37	9.65	24
11.82	5.57	24
9.17	11.11	24
9.86	13.64	24
23.39	17.03	24
34.05	32.06	24
48.02	48.97	24
78.61	72.12	24
106.35	108.39	24
147.59	159.83	24
229.33	229.38	24
385.54	375.93	24
670.22	661.68	24
1238.23	1216.62	24
1787.78	1804.49	24
2344.75	2348.41	24
2950.19	2932.1	24
3499.36	3472.66	24
4092.37	4096.36	24
4571.08	4578.16	24
5148.89	5101.48	24
0.99	1.04	24
1.06	1.1	24
1.35	1.28	24
1.84	1.81	24
2.87	2.72	24
4.43	4.3	24
7.29	7.81	24
8.93	11.09	24
11.41	13.36	24
15.56	10.72	24
18.05	20.54	24
35.17	33.69	24
52.29	50.92	24
84.46	85.28	24
124.64	121.4	24
180.08	179.68	24
276.35	283.56	24
492.79	485.88	24
886.56	883.23	24
1617.4	1632.93	24
2320.14	2339.95	24
3050.56	3059.63	24
3782.7	3806.23	24
4587.66	4565.19	24
5224.06	5273.85	24
5934.36	5996.2	24
6760.07	6650.32	24
1.02	0.97	24
1.03	1.11	24
1.51	1.44	24
2.01	1.83	24
2.88	3.1	24
5.07	4.79	24
7.58	7.53	24
12.89	9.25	24
11.23	11.35	24
12.5	10.47	24
22.05	21.48	24
30.06	29.5	24
49.35	46.59	24
69.09	75.57	24
112.68	108.14	24
145.08	143.57	24
213.82	207.39	24
343.41	349.42	24
603.71	606.35	24
1134.44	1114.33	24
1628.9	1626.2	24
2083.23	2156.07	24
2637.33	2584.84	24
3177.69	3070.14	24
3610.87	3612.38	24
4121.06	4116.86	24
4574.67	4592.92	24
1.12	1.23	25
1.02	1.09	25
1.07	1.2	25
1.08	1.1	25
1.13	1.13	25
1.45	1.29	25
1.63	1.43	25
1.46	1.69	25
1.86	2.05	25
2.28	2.23	25
3.21	3.79	25
4.8	4.36	25
7.36	7.46	25
13.41	13.29	25
25.82	24.01	25
48.6	45.19	25
89.91	86.03	25
180.49	164.47	25
356.72	319.48	25
673.98	622.4	25
993.44	917.26	25
1321.32	1261.54	25
1638.38	1493.49	25
1997.19	1841.47	25
2279.88	2188.19	25
2711.29	2394.06	25
2917.24	2766.52	25
1.13	1.08	25
1.06	1.02	25
1.02	1.26	25
1.16	1.04	25
1.17	1.3	25
1.23	1.3	25
1.55	1.55	25
1.77	1.9	25
1.97	2.05	25
2.66	2.51	25
3.8	3.12	25
6.22	4.85	25
10.7	7.84	25
19.3	13.48	25
37.23	23.9	25
70.53	44.49	25
138.3	86.21	25
272.58	168.19	25
528.55	326.4	25
1015.65	622.16	25
1521.5	936.89	25
2014.55	1251.77	25
2516.58	1581.0	25
2995.31	1847.88	25
3494.44	2156.79	25
4045.75	2422.32	25
4462.4	2748.01	25
0.98	0.99	25
1.05	1.13	25
1.1	1.07	25
1.09	1.06	25
1.04	1.23	25
1.4	1.41	25
1.89	1.62	25
1.96	1.96	25
2.84	2.76	25
4.79	4.58	25
8.15	6.96	25
14.34	13.2	25
28.25	26.62	25
55.92	50.51	25
108.39	101.21	25
212.55	198.21	25
427.8	394.86	25
841.07	780.78	25
1675.35	1559.22	25
3264.83	3052.65	25
4866.74	4523.02	25
6407.67	6065.24	25
7958.23	7525.92	25
9589.89	8957.19	25
11179.93	10569.4	25
12742.72	11942.92	25
14339.31	13342.35	25
