1.01	0.92	1
1.07	1.02	1
1.39	1.21	1
1.77	1.61	1
2.62	2.62	1
4.33	3.99	1
5.37	7.12	1
11.01	8.43	1
12.31	14.78	1
14.66	15.82	1
13.91	14.63	1
12.45	15.7	1
12.28	11.3	1
18.25	14.71	1
24.17	22.19	1
33.59	39.66	1
55.21	61.77	1
81.82	109.79	1
146.14	198.29	1
261.09	375.35	1
487.37	725.8	1
937.92	1435.87	1
1360.85	2120.06	1
1743.71	2777.76	1
2265.24	3542.2	1
2738.82	3611.28	1
3174.88	4801.62	1
3675.2	5460.43	1
3919.97	6219.81	1
2.16	0.87	1
1.07	1.04	1
1.37	1.31	1
1.68	1.79	1
2.62	2.11	1
4.18	4.85	1
6.77	6.57	1
9.35	11.61	1
15.12	12.28	1
14.31	12.84	1
12.15	12.48	1
16.17	15.63	1
22.71	19.44	1
24.21	21.75	1
34.73	29.44	1
53.77	49.33	1
92.62	78.41	1
172.1	143.21	1
389.79	276.9	1
528.6	530.29	1
1717.08	1049.88	1
3273.32	2011.71	1
4888.26	3011.12	1
6626.94	3978.0	1
8222.71	5004.75	1
9941.82	5923.73	1
11684.16	6902.53	1
12948.03	7815.32	1
14721.1	8997.69	1
0.98	0.9	1
1.08	0.94	1
1.3	1.25	1
1.76	1.64	1
2.49	2.37	1
3.6	4.09	1
6.7	6.68	1
7.71	9.49	1
13.46	12.46	1
14.45	10.55	1
14.64	11.9	1
13.28	14.88	1
13.44	13.43	1
16.31	14.93	1
27.23	24.13	1
36.37	38.55	1
51.81	61.25	1
88.99	103.11	1
180.63	195.28	1
311.9	377.11	1
683.49	724.91	1
1022.96	1421.32	1
1954.56	2066.44	1
2254.47	2811.92	1
2496.9	3465.45	1
3484.12	4093.03	1
4487.1	4711.45	1
4550.2	5395.03	1
5088.21	6154.29	1
0.98	0.91	1
1.1	0.96	1
1.49	1.3	1
1.74	1.72	1
2.41	2.56	1
4.06	4.43	1
5.69	5.15	1
12.11	10.09	1
12.64	12.4	1
12.98	10.56	1
8.26	14.52	1
13.46	16.54	1
20.0	18.0	1
23.62	20.39	1
31.17	31.64	1
48.88	45.21	1
77.34	75.26	1
231.18	140.78	1
446.49	266.79	1
762.23	517.35	1
1788.03	1036.98	1
3473.83	1991.1	1
5206.19	2947.31	1
7075.32	3935.83	1
9066.96	4851.4	1
10100.29	5705.31	1
12211.61	6695.46	1
13862.28	7647.96	1
16111.79	8614.17	1
1.0	0.98	2
1.2	1.17	2
1.29	1.68	2
1.76	1.69	2
3.15	2.43	2
4.11	4.0	2
5.96	5.97	2
10.34	6.3	2
11.41	13.35	2
14.49	11.08	2
11.75	12.61	2
14.33	11.34	2
14.8	14.38	2
18.52	22.83	2
25.93	31.19	2
43.72	45.7	2
78.03	75.0	2
124.69	139.7	2
221.61	243.09	2
388.28	510.52	2
739.52	997.45	2
1471.73	1919.81	2
2139.79	2901.2	2
2783.63	3817.7	2
3581.34	4760.33	2
4231.25	5630.01	2
4906.0	6602.65	2
5625.49	7576.46	2
6231.8	8581.7	2
0.94	1.02	2
1.0	1.04	2
1.23	1.35	2
1.81	2.38	2
2.65	2.71	2
3.94	3.25	2
6.96	6.65	2
10.66	10.44	2
11.79	13.78	2
13.29	13.64	2
16.25	16.35	2
13.31	18.17	2
16.06	12.7	2
23.7	20.6	2
37.92	29.35	2
54.68	40.43	2
96.46	65.76	2
147.35	118.76	2
312.2	224.77	2
680.21	422.49	2
1494.95	835.91	2
2903.46	1599.47	2
4309.13	2371.59	2
5689.07	3145.81	2
7156.93	3919.4	2
8579.5	4756.66	2
9850.33	5456.8	2
11447.0	6355.57	2
12871.51	7164.59	2
1.06	0.94	2
1.1	1.07	2
1.44	1.38	2
1.82	2.43	2
2.81	2.64	2
4.21	4.12	2
6.38	6.94	2
10.37	8.59	2
10.86	14.0	2
13.65	8.08	2
13.21	12.2	2
16.23	11.32	2
16.77	15.47	2
20.46	21.92	2
30.72	27.52	2
42.0	43.17	2
68.25	73.78	2
124.49	137.05	2
207.88	261.84	2
438.53	506.0	2
837.49	984.98	2
1501.8	1892.03	2
2248.86	2836.41	2
3179.95	3744.22	2
3998.2	4679.19	2
4769.87	5627.87	2
4782.83	6612.88	2
6810.41	6780.77	2
7166.02	8182.31	2
1.07	1.1	2
1.22	1.04	2
1.32	1.29	2
1.85	1.72	2
2.66	3.17	2
3.74	3.87	2
7.06	6.36	2
10.23	8.15	2
13.57	12.94	2
13.15	11.53	2
11.5	12.64	2
16.42	13.45	2
17.11	13.53	2
23.24	18.53	2
43.6	30.3	2
41.58	42.43	2
62.51	63.36	2
146.03	113.3	2
217.12	217.47	2
536.96	414.47	2
1614.21	798.4	2
3049.92	1575.54	2
4520.81	2268.31	2
6004.74	3031.03	2
7555.36	3787.65	2
8881.94	4556.62	2
9842.73	5253.19	2
11720.19	6047.31	2
13693.72	6709.44	2
0.95	0.92	3
1.11	1.02	3
1.31	1.3	3
1.76	1.69	3
2.7	2.81	3
3.97	4.32	3
6.83	6.54	3
10.02	9.3	3
10.96	14.21	3
14.69	15.27	3
15.48	15.59	3
15.16	14.35	3
20.21	18.32	3
24.61	21.05	3
32.94	27.29	3
57.07	40.48	3
82.04	65.92	3
118.61	114.53	3
223.67	226.59	3
528.98	420.55	3
1371.29	828.59	3
2634.48	1612.74	3
4268.91	2362.53	3
5704.0	3177.01	3
7183.8	3950.96	3
8674.81	4733.47	3
9982.51	5486.55	3
11331.89	6302.63	3
12819.69	7084.26	3
1.01	0.95	3
1.65	1.02	3
1.31	1.28	3
1.75	1.71	3
2.66	2.58	3
4.2	4.09	3
6.32	6.43	3
9.9	7.8	3
12.95	15.41	3
16.78	14.46	3
15.34	12.67	3
15.57	12.97	3
15.81	12.05	3
20.44	22.63	3
32.32	29.36	3
43.76	44.09	3
63.51	79.47	3
111.07	138.3	3
202.85	262.18	3
386.35	511.76	3
752.37	990.5	3
1426.33	1933.14	3
2074.9	2864.3	3
2870.78	3817.52	3
3513.59	4764.5	3
4262.14	5643.49	3
4866.88	6644.59	3
5562.48	7507.3	3
6307.28	8429.52	3
1.01	0.89	3
0.99	0.98	3
1.27	1.23	3
1.72	1.66	3
2.57	2.5	3
4.15	3.89	3
6.91	6.42	3
9.78	11.27	3
12.51	10.38	3
13.46	12.04	3
12.04	12.94	3
16.12	14.55	3
18.95	12.8	3
22.57	20.11	3
35.35	24.16	3
57.08	40.19	3
79.73	66.92	3
205.16	114.93	3
268.29	215.66	3
604.8	405.84	3
1504.29	815.06	3
2934.27	1556.59	3
4450.99	2314.34	3
6043.4	3045.67	3
8416.83	3771.8	3
9197.85	4489.25	3
11050.2	5301.65	3
12103.41	6001.9	3
13129.98	6678.19	3
1.07	0.99	3
1.04	1.06	3
1.31	1.25	3
1.94	2.86	3
2.5	2.41	3
4.05	4.13	3
7.11	5.63	3
7.49	9.29	3
13.78	12.28	3
15.17	9.2	3
14.74	12.5	3
14.91	15.4	3
20.7	18.12	3
16.63	24.13	3
29.24	27.85	3
42.64	43.04	3
70.38	75.06	3
130.46	138.07	3
212.75	259.86	3
464.62	508.81	3
844.37	999.55	3
1618.86	1907.2	3
2259.81	2806.76	3
3225.69	3801.76	3
3999.71	4639.73	3
4498.22	5603.12	3
5173.58	6557.69	3
5988.36	7447.59	3
6646.68	8356.49	3
0.9	1.09	4
0.98	1.05	4
1.23	1.33	4
1.55	1.76	4
2.49	2.72	4
3.98	3.73	4
6.86	5.97	4
10.66	9.79	4
11.87	12.53	4
12.39	12.03	4
18.9	12.21	4
18.09	11.86	4
19.6	17.23	4
23.36	23.28	4
32.8	32.29	4
58.59	50.34	4
109.35	84.03	4
177.24	144.7	4
273.85	275.81	4
526.89	533.85	4
1668.95	1040.16	4
3376.3	2014.27	4
4888.98	2971.94	4
6638.44	3964.78	4
8242.65	4980.8	4
9678.53	5965.92	4
11381.12	6947.72	4
13337.84	7866.68	4
16703.69	9238.02	4
0.96	1.0	4
1.01	1.2	4
1.24	1.35	4
1.54	1.87	4
2.54	2.72	4
4.22	4.28	4
6.74	6.52	4
6.97	9.75	4
11.16	11.39	4
11.46	13.14	4
12.62	17.39	4
15.89	18.18	4
19.29	17.32	4
22.3	20.16	4
27.27	26.67	4
31.52	40.18	4
49.64	62.58	4
74.24	106.42	4
129.59	196.06	4
254.6	382.13	4
449.37	733.34	4
879.79	1422.47	4
1385.5	2103.93	4
1766.87	2791.85	4
2191.47	3480.0	4
2593.1	4119.1	4
2948.76	4858.1	4
3343.34	4786.44	4
3979.22	5437.05	4
0.93	0.89	4
0.99	0.98	4
1.28	1.21	4
1.67	1.73	4
2.69	2.47	4
4.14	4.07	4
6.99	7.19	4
10.88	10.73	4
11.43	10.47	4
14.03	14.5	4
19.11	12.57	4
14.41	17.1	4
21.76	19.62	4
17.95	20.66	4
34.45	30.45	4
57.88	44.87	4
120.26	81.54	4
201.14	141.98	4
437.83	270.29	4
792.55	522.02	4
1818.59	1018.02	4
3428.87	1960.7	4
5157.25	2939.49	4
7188.21	3834.17	4
8677.43	4861.39	4
10371.34	5842.93	4
12155.94	6813.44	4
13839.91	7703.05	4
15170.69	8639.96	4
0.86	0.94	4
1.01	0.97	4
1.21	1.23	4
1.76	1.97	4
2.43	2.57	4
4.25	4.1	4
6.23	6.91	4
9.26	9.05	4
11.29	12.45	4
15.79	14.72	4
14.94	13.19	4
18.82	16.67	4
18.17	16.31	4
16.17	18.99	4
20.96	25.24	4
30.6	38.14	4
46.55	60.1	4
81.89	105.42	4
130.16	188.71	4
274.35	378.53	4
458.85	733.7	4
1008.22	1411.86	4
1709.84	2056.28	4
2304.15	2738.53	4
2845.44	3364.5	4
2982.06	4120.2	4
2893.99	4739.81	4
3917.28	5510.23	4
3774.88	5977.55	4
1.09	1.06	5
1.3	1.2	5
1.66	1.68	5
2.64	2.37	5
4.4	4.22	5
7.54	6.91	5
10.88	12.16	5
16.87	19.77	5
17.6	21.62	5
28.06	21.8	5
27.98	19.65	5
22.29	29.57	5
25.13	27.53	5
26.7	44.68	5
44.13	47.88	5
66.56	71.71	5
109.32	129.57	5
191.8	226.03	5
324.28	425.45	5
573.31	825.46	5
1074.26	1579.45	5
1605.68	2319.35	5
2116.53	3042.92	5
2594.39	3865.38	5
3148.5	4538.6	5
3619.89	5342.83	5
4332.72	6029.1	5
4687.1	6826.88	5
1.05	1.05	5
1.44	1.77	5
1.71	1.74	5
3.15	2.55	5
4.03	4.27	5
7.19	7.3	5
12.95	11.65	5
17.02	14.75	5
14.5	22.36	5
18.0	26.16	5
16.99	20.47	5
26.37	23.18	5
30.75	28.35	5
40.35	41.73	5
71.2	62.35	5
144.46	99.1	5
265.6	168.61	5
532.37	319.66	5
1064.44	620.3	5
2116.43	1201.82	5
4129.69	2352.1	5
6131.19	3489.0	5
8089.41	4588.39	5
10050.97	5754.38	5
12190.06	6912.4	5
14134.69	8008.5	5
16292.36	9122.0	5
18237.3	10251.6	5
1.0	1.06	5
1.27	1.39	5
1.76	1.66	5
2.64	2.61	5
4.13	4.38	5
7.71	7.53	5
13.11	9.33	5
15.16	14.22	5
19.13	21.3	5
18.78	20.81	5
23.83	18.77	5
27.44	20.43	5
27.76	27.96	5
37.3	28.95	5
48.05	47.65	5
78.01	75.77	5
126.89	128.16	5
212.91	221.93	5
389.75	400.41	5
739.72	807.98	5
1235.88	1541.21	5
2049.01	2294.36	5
2049.12	3022.36	5
2511.89	3827.99	5
4097.31	4446.05	5
4166.93	5230.31	5
4727.21	5991.75	5
6239.0	6602.91	5
1.02	1.08	5
1.91	1.36	5
1.83	1.83	5
2.63	2.49	5
5.08	4.38	5
7.77	7.27	5
10.33	12.1	5
8.76	20.58	5
21.59	16.5	5
21.8	11.86	5
21.55	21.95	5
32.48	21.01	5
25.0	29.02	5
46.8	41.34	5
84.63	60.01	5
144.68	91.68	5
279.37	153.54	5
554.69	293.35	5
1143.94	570.22	5
2223.15	1106.1	5
4469.88	2131.68	5
6637.28	3168.71	5
8836.51	4189.55	5
10310.01	5214.02	5
12321.96	6272.92	5
14863.84	7262.6	5
16494.77	8356.93	5
19694.78	9327.62	5
1.0	1.16	6
1.25	1.36	6
1.78	1.74	6
2.58	2.57	6
4.33	3.26	6
7.29	7.7	6
13.29	13.13	6
15.57	18.41	6
20.88	20.68	6
24.66	17.34	6
19.5	30.96	6
27.36	24.32	6
32.88	34.28	6
38.96	40.69	6
50.85	64.05	6
89.06	91.88	6
138.42	160.87	6
264.64	296.32	6
461.48	561.42	6
832.41	1090.93	6
1597.0	2091.95	6
2370.46	3080.83	6
3228.85	4012.19	6
4111.64	5114.56	6
4825.87	6140.31	6
5688.24	7114.46	6
6612.84	8076.21	6
7283.32	9213.76	6
1.08	1.04	6
1.31	1.43	6
1.67	1.83	6
2.53	2.52	6
4.26	4.28	6
6.49	7.46	6
10.9	10.67	6
12.29	15.97	6
16.05	18.91	6
29.26	20.99	6
27.15	20.61	6
23.09	23.67	6
28.63	35.29	6
39.12	32.29	6
62.23	65.08	6
155.96	87.04	6
274.31	157.23	6
474.78	266.58	6
928.27	503.47	6
1854.88	991.11	6
3616.02	1926.32	6
5392.82	2854.39	6
7145.44	3787.79	6
8830.77	4686.22	6
10487.8	5576.61	6
12462.2	6542.15	6
14310.29	7404.71	6
15838.54	8399.11	6
1.13	1.08	6
1.37	1.3	6
1.72	1.75	6
2.67	2.67	6
4.4	5.05	6
6.39	6.21	6
11.12	11.08	6
15.82	17.97	6
16.85	10.14	6
23.33	20.27	6
26.96	18.79	6
20.1	28.02	6
33.11	28.29	6
43.96	38.32	6
58.45	58.47	6
83.19	85.47	6
157.69	157.4	6
273.41	291.69	6
465.45	553.3	6
1068.57	1081.73	6
2021.51	2085.66	6
3063.71	3079.43	6
3797.24	4100.61	6
4343.99	5066.44	6
5660.06	6047.58	6
6541.66	7128.64	6
6926.87	8015.33	6
8557.87	9071.09	6
1.15	1.76	6
1.23	1.34	6
1.71	1.81	6
2.51	2.79	6
4.04	4.0	6
7.77	7.93	6
13.1	12.23	6
17.5	22.2	6
23.02	25.04	6
20.43	22.85	6
16.7	20.93	6
20.5	18.46	6
34.39	27.64	6
43.45	29.77	6
73.5	44.73	6
127.84	84.86	6
248.3	127.41	6
484.95	243.04	6
984.32	451.79	6
1944.73	881.06	6
3962.81	1714.28	6
5475.85	2539.26	6
7584.74	3316.69	6
9737.77	4149.35	6
11697.47	4972.52	6
13113.42	5807.95	6
15483.56	6523.12	6
16844.23	7512.58	6
0.96	1.1	7
1.29	1.42	7
1.73	1.76	7
2.64	2.6	7
4.21	4.61	7
7.12	6.48	7
13.5	13.06	7
18.41	18.87	7
14.88	23.96	7
24.99	20.96	7
20.8	16.21	7
28.82	23.83	7
30.82	28.22	7
37.85	31.96	7
68.2	51.81	7
134.0	73.78	7
237.35	141.81	7
432.57	265.64	7
913.21	503.08	7
1855.08	1001.13	7
3545.13	1915.19	7
5379.09	3665.3	7
7095.62	4809.66	7
8788.79	4717.19	7
10567.51	5552.93	7
12464.26	6501.2	7
13975.3	7385.17	7
16108.46	8279.51	7
0.95	1.11	7
1.23	1.54	7
1.73	1.81	7
2.54	2.78	7
4.01	4.23	7
7.29	7.17	7
10.44	11.71	7
10.73	6.45	7
20.24	21.33	7
23.08	25.8	7
19.54	28.4	7
17.73	22.55	7
35.9	33.28	7
37.14	34.58	7
58.95	53.64	7
91.15	88.67	7
140.36	160.79	7
256.81	289.81	7
479.64	551.63	7
887.02	1082.76	7
1741.64	2107.57	7
2486.73	3104.91	7
3304.43	4090.31	7
4015.09	5070.44	7
4880.8	6104.93	7
5535.34	7133.03	7
6532.12	8148.06	7
7346.79	9148.78	7
0.98	1.04	7
1.31	1.3	7
1.65	1.73	7
2.48	2.52	7
4.34	4.32	7
7.22	7.34	7
12.84	11.59	7
18.52	14.71	7
19.24	22.45	7
15.03	24.85	7
13.56	18.37	7
15.42	27.07	7
33.07	25.21	7
33.52	34.72	7
62.99	52.14	7
131.39	76.4	7
256.12	129.63	7
481.35	230.49	7
988.01	451.29	7
2029.2	883.67	7
3798.86	1707.03	7
5877.23	2516.46	7
7784.64	3286.44	7
9396.57	4107.34	7
11663.47	4958.25	7
12740.55	5756.98	7
15500.2	6438.39	7
16922.88	7325.71	7
1.09	1.06	7
1.22	1.34	7
1.67	1.82	7
2.53	2.65	7
4.22	4.37	7
7.25	7.41	7
10.36	13.5	7
19.29	17.75	7
25.29	19.21	7
20.57	14.91	7
26.07	19.71	7
30.69	27.83	7
27.39	31.42	7
39.21	47.16	7
55.57	54.33	7
97.82	92.64	7
141.38	155.67	7
272.89	288.11	7
540.86	561.74	7
1004.94	1091.72	7
1972.62	1917.74	7
2683.2	3146.05	7
3712.36	4067.05	7
4396.36	5113.95	7
5599.36	6068.87	7
6554.2	7045.89	7
7118.24	8168.17	7
8540.63	9103.4	7
0.94	1.09	8
1.09	1.32	8
1.56	1.77	8
2.45	2.79	8
3.62	4.45	8
6.88	7.25	8
11.69	13.35	8
17.3	17.5	8
21.24	13.73	8
23.93	10.98	8
24.71	25.89	8
32.93	26.52	8
31.48	33.94	8
50.96	36.05	8
61.13	64.06	8
142.07	103.68	8
272.53	172.34	8
531.92	318.5	8
1047.93	618.03	8
2083.57	1202.58	8
4174.02	2334.33	8
6087.47	3446.67	8
8057.89	4595.78	8
10133.65	5745.61	8
12200.51	6871.51	8
14101.52	8006.13	8
16071.05	9069.37	8
18298.08	10169.99	8
0.85	1.11	8
1.2	1.43	8
1.73	1.72	8
2.57	2.63	8
4.33	4.45	8
6.04	7.66	8
8.96	11.62	8
15.76	14.23	8
19.22	16.25	8
21.2	24.06	8
21.92	27.7	8
34.25	23.93	8
31.53	25.81	8
38.48	39.3	8
49.25	50.96	8
72.57	74.8	8
116.72	133.43	8
174.58	227.44	8
311.06	420.33	8
626.05	821.63	8
1126.83	1561.78	8
1557.33	2329.52	8
2068.38	3087.9	8
2683.81	3830.23	8
3191.52	4522.9	8
3604.06	5240.91	8
4327.26	6082.41	8
4718.17	6801.33	8
0.89	1.04	8
1.16	1.21	8
1.53	1.78	8
2.42	2.7	8
4.3	4.27	8
5.6	7.34	8
10.29	10.93	8
15.58	21.71	8
22.99	19.71	8
17.18	20.11	8
23.65	17.87	8
35.39	29.5	8
34.5	36.17	8
54.59	36.08	8
78.09	53.52	8
143.93	95.49	8
290.79	155.8	8
567.75	295.55	8
1139.98	570.36	8
2277.72	1125.28	8
4354.32	2130.14	8
6719.98	3196.76	8
8237.93	4221.24	8
10635.14	5334.6	8
12778.08	6298.22	8
14421.6	7217.8	8
16985.07	8305.66	8
19828.76	9376.62	8
0.85	1.11	8
1.08	1.29	8
1.68	1.78	8
2.49	2.8	8
4.24	4.41	8
7.64	7.83	8
11.81	11.58	8
10.01	21.36	8
24.5	18.2	8
20.63	21.59	8
21.89	17.69	8
29.25	20.95	8
25.47	30.55	8
41.45	28.46	8
51.29	47.4	8
77.92	73.91	8
127.74	123.02	8
237.97	217.04	8
433.7	421.34	8
745.59	796.09	8
1601.93	1539.16	8
2031.24	2262.98	8
3142.55	2965.64	8
3751.69	3716.48	8
4006.47	4505.26	8
5321.04	5265.66	8
5416.75	5869.59	8
6972.71	6767.21	8
1.16	1.44	9
1.46	1.63	9
1.39	1.77	9
1.49	2.05	9
2.02	2.41	9
2.58	2.63	9
3.3	3.43	9
4.52	4.7	9
6.11	6.29	9
9.62	9.51	9
15.71	15.32	9
26.52	26.33	9
47.4	46.46	9
88.2	86.06	9
165.99	162.5	9
323.3	314.14	9
608.56	631.47	9
952.4	918.8	9
1305.78	1208.74	9
1582.45	1586.63	9
1853.16	1864.43	9
2104.23	2212.22	9
2332.99	2382.52	9
2696.74	2684.04	9
1.28	1.45	9
1.36	1.55	9
1.67	1.94	9
2.18	2.25	9
2.9	2.73	9
3.88	4.01	9
4.57	4.98	9
7.2	6.46	9
11.46	11.73	9
20.31	20.88	9
39.51	39.01	9
75.38	73.93	9
147.41	147.57	9
290.69	292.72	9
585.92	580.45	9
1166.66	1164.82	9
2274.14	2270.6	9
3376.87	3381.45	9
4473.72	4486.81	9
5597.34	5604.64	9
6732.06	6731.53	9
7862.99	7854.52	9
8985.75	8989.41	9
10097.31	10107.98	9
1.33	1.43	9
1.35	1.5	9
1.48	1.65	9
1.7	2.03	9
2.21	2.41	9
2.81	2.96	9
3.97	3.98	9
4.55	4.6	9
5.96	6.11	9
8.98	9.13	9
15.01	14.18	9
22.92	23.53	9
40.89	39.09	9
78.89	77.66	9
147.53	150.46	9
296.63	291.29	9
534.91	532.36	9
793.76	784.32	9
1039.62	1029.83	9
1283.74	1289.34	9
1530.32	1546.19	9
1823.0	1781.56	9
2072.21	2066.62	9
2315.1	2348.63	9
1.2	1.53	9
1.46	1.49	9
1.58	1.82	9
2.27	2.48	9
3.15	3.35	9
3.9	3.69	9
5.06	5.44	9
7.37	7.27	9
11.62	11.74	9
21.1	20.26	9
37.19	38.29	9
73.05	73.78	9
141.67	143.16	9
281.36	281.09	9
562.67	563.4	9
1131.79	1124.63	9
2193.69	2195.3	9
3285.34	3286.13	9
4351.71	4349.76	9
5424.57	5437.75	9
6492.76	6507.76	9
7555.05	7565.1	9
8635.41	8632.28	9
9717.17	9732.01	9
1.7	1.35	10
1.42	1.58	10
1.7	1.7	10
1.95	3.09	10
2.39	2.39	10
3.7	3.41	10
3.9	4.18	10
6.41	6.68	10
9.65	10.45	10
17.64	17.55	10
32.28	33.62	10
62.58	60.69	10
119.55	120.57	10
234.04	233.82	10
464.36	469.46	10
905.08	929.19	10
1799.36	1783.12	10
2667.32	2646.57	10
3529.0	3508.9	10
4368.41	4409.42	10
5252.13	5292.55	10
6111.74	6161.59	10
7001.51	7022.55	10
7879.72	7898.9	10
1.27	1.44	10
1.4	1.61	10
1.87	1.88	10
2.39	2.48	10
3.11	3.07	10
3.84	4.32	10
5.4	5.3	10
7.55	7.8	10
12.3	12.21	10
20.74	20.68	10
40.05	39.29	10
75.52	76.44	10
149.4	148.32	10
293.59	294.39	10
590.15	586.83	10
1166.98	1165.44	10
2252.72	2261.18	10
3354.81	3358.25	10
4456.4	4451.61	10
5561.72	5542.77	10
6670.52	6647.99	10
7758.11	7740.1	10
8859.31	8849.84	10
9960.17	9962.95	10
1.33	1.53	10
1.52	1.75	10
1.76	1.71	10
2.09	2.2	10
3.0	2.57	10
3.15	3.29	10
3.86	4.57	10
5.83	6.77	10
10.24	9.82	10
17.2	17.17	10
30.8	31.35	10
57.96	58.68	10
109.87	110.08	10
222.76	215.26	10
429.42	439.99	10
844.6	850.36	10
1612.36	1626.44	10
2454.32	2435.95	10
3240.32	3224.83	10
4094.61	4001.9	10
4866.73	4947.15	10
5613.99	5751.49	10
6380.5	6513.06	10
7207.27	7328.49	10
1.27	1.39	10
1.48	1.77	10
1.82	2.05	10
2.59	2.55	10
3.37	3.34	10
3.85	4.1	10
5.44	5.29	10
7.79	7.95	10
12.5	12.07	10
21.13	21.86	10
40.02	40.21	10
76.45	77.49	10
152.08	152.01	10
300.88	299.54	10
595.67	595.09	10
1188.45	1186.47	10
2295.72	2298.82	10
3423.11	3403.57	10
4528.09	4526.78	10
5643.28	5638.87	10
6768.71	6765.2	10
7869.09	7875.57	10
9003.76	8999.14	10
10128.75	10098.25	10
1.34	1.3	11
1.77	1.54	11
1.71	1.84	11
2.41	2.27	11
3.31	2.79	11
3.74	3.56	11
4.8	5.13	11
6.97	6.95	11
12.01	11.89	11
20.51	20.31	11
38.08	38.6	11
74.62	74.8	11
145.85	144.41	11
285.55	285.97	11
565.8	566.87	11
1124.04	1127.18	11
2211.7	2198.03	11
3292.98	3284.75	11
4371.35	4370.71	11
5445.12	5453.29	11
6534.01	6537.2	11
7619.09	7618.18	11
8708.89	8687.16	11
9775.15	9759.69	11
1.17	1.33	11
1.5	1.43	11
1.63	1.75	11
1.91	1.94	11
2.34	2.29	11
2.79	3.04	11
3.8	3.9	11
5.95	6.17	11
9.96	9.83	11
18.03	17.19	11
32.28	32.12	11
61.84	60.49	11
119.28	119.58	11
229.78	229.95	11
457.89	456.49	11
915.64	909.71	11
1767.75	1739.57	11
2634.78	2641.57	11
3500.21	3486.55	11
4354.68	4369.87	11
5239.74	5250.33	11
6079.29	6033.73	11
6954.0	6991.36	11
7883.39	7801.81	11
1.33	1.31	11
2.1	1.62	11
1.76	1.99	11
2.41	2.56	11
3.54	2.93	11
4.11	4.12	11
5.44	5.19	11
7.56	7.53	11
12.01	12.23	11
20.58	21.2	11
38.77	38.8	11
75.77	74.46	11
145.86	146.81	11
287.62	287.57	11
572.34	572.13	11
1140.14	1142.09	11
2232.15	2229.91	11
3333.12	3321.22	11
4426.72	4425.39	11
5510.81	5512.91	11
6596.94	6595.55	11
7684.27	7694.14	11
8777.96	8785.93	11
9871.08	9892.31	11
1.31	1.4	11
1.53	1.53	11
1.84	1.89	11
2.23	2.06	11
2.54	2.63	11
2.9	3.33	11
4.05	4.12	11
6.6	6.36	11
10.24	11.06	11
16.79	16.41	11
31.03	30.9	11
56.58	57.31	11
111.37	110.42	11
220.26	211.63	11
427.61	430.84	11
829.02	833.97	11
1678.22	1649.38	11
2488.77	2514.7	11
3260.02	3272.99	11
4052.46	4069.32	11
4866.66	4842.67	11
5748.33	5588.53	11
6482.84	6365.81	11
7268.89	7346.41	11
1.31	1.29	12
1.34	1.45	12
1.78	1.68	12
2.09	2.12	12
2.85	2.91	12
3.21	3.35	12
4.48	4.9	12
7.28	6.97	12
11.47	11.95	12
20.61	21.09	12
38.3	39.06	12
75.67	75.23	12
152.0	151.3	12
298.52	295.53	12
590.41	591.97	12
1181.45	1182.57	12
2292.76	2293.76	12
3391.37	3390.34	12
4490.71	4503.91	12
5605.29	5597.65	12
6730.25	6730.12	12
7857.49	7861.16	12
8963.07	8975.78	12
10106.44	10101.85	12
1.32	1.25	12
1.32	1.4	12
1.64	1.59	12
1.67	1.69	12
2.13	2.03	12
2.54	2.55	12
3.25	3.39	12
4.58	4.53	12
6.62	6.19	12
9.59	9.22	12
15.52	15.91	12
26.75	25.83	12
45.57	46.02	12
85.28	84.77	12
163.71	163.88	12
330.29	321.04	12
611.17	614.3	12
927.94	918.93	12
1208.19	1249.7	12
1542.89	1575.69	12
1895.21	1873.84	12
2184.83	2062.89	12
2475.53	2356.23	12
2799.41	2641.97	12
1.23	1.15	12
1.41	1.36	12
1.78	1.72	12
2.2	2.77	12
3.19	2.96	12
3.6	3.69	12
4.24	4.83	12
7.06	6.51	12
11.59	11.64	12
21.19	20.4	12
38.78	38.48	12
75.17	74.99	12
147.44	146.83	12
286.23	289.94	12
576.73	577.74	12
1146.61	1148.24	12
2227.12	2221.76	12
3290.49	3288.11	12
4347.55	4370.62	12
5435.31	5445.69	12
6509.85	6515.53	12
7587.81	7588.72	12
8628.82	8632.66	12
9691.87	9721.52	12
1.32	1.25	12
1.52	1.5	12
1.37	1.71	12
1.89	1.9	12
2.27	2.22	12
2.99	2.83	12
3.97	3.68	12
4.48	4.49	12
6.19	6.13	12
9.47	8.78	12
14.08	14.17	12
22.95	22.83	12
39.97	39.82	12
74.98	72.43	12
141.22	141.93	12
265.73	266.45	12
529.78	531.35	12
777.27	797.42	12
1032.86	1059.72	12
1325.71	1313.33	12
1584.38	1567.72	12
1812.73	1823.05	12
2062.61	2102.24	12
2366.87	2368.61	12
1.02	1.42	13
1.09	1.3	13
1.32	1.57	13
1.87	2.0	13
2.68	2.77	13
3.39	3.16	13
3.84	3.94	13
5.34	5.13	13
6.25	6.08	13
8.51	7.37	13
11.25	12.33	13
17.99	18.05	13
30.45	30.86	13
55.78	55.28	13
103.92	103.2	13
201.83	198.13	13
393.24	388.56	13
751.36	762.2	13
1126.73	1101.4	13
1475.02	1467.4	13
1837.25	1835.91	13
2205.03	2145.93	13
2570.3	2523.46	13
2909.15	2967.39	13
3261.57	3291.04	13
1.1	1.01	13
1.17	1.18	13
1.35	1.47	13
1.95	1.88	13
2.57	2.7	13
3.38	3.34	13
3.89	3.91	13
4.53	4.6	13
7.35	6.34	13
10.8	8.86	13
14.98	15.43	13
25.76	25.82	13
45.32	46.31	13
84.91	86.72	13
164.87	161.9	13
319.41	317.69	13
627.16	625.93	13
1206.54	1218.88	13
1786.11	1786.47	13
2415.27	2390.37	13
2950.0	2964.39	13
3826.81	3725.17	13
4118.15	4139.12	13
4722.11	4739.11	13
5293.9	5274.07	13
1.06	1.11	13
1.17	1.27	13
1.49	1.54	13
2.06	2.07	13
2.71	3.04	13
4.36	3.31	13
3.57	3.99	13
4.95	3.58	13
5.11	5.81	13
7.42	7.55	13
10.5	10.12	13
15.9	17.75	13
27.81	27.04	13
50.6	48.54	13
92.83	89.21	13
174.64	174.95	13
345.79	338.7	13
663.01	658.11	13
991.98	963.3	13
1294.33	1278.6	13
1578.2	1622.62	13
1893.73	1916.84	13
2286.15	2211.42	13
2572.03	2500.64	13
2881.95	2802.36	13
1.21	1.12	13
1.18	1.36	13
1.4	1.5	13
2.17	1.85	13
2.38	2.5	13
3.67	3.99	13
4.01	3.91	13
6.08	4.28	13
6.67	6.11	13
9.28	8.68	13
13.92	14.66	13
23.9	23.35	13
40.85	42.31	13
79.5	78.48	13
153.25	151.02	13
299.47	299.12	13
580.42	578.75	13
1134.75	1132.91	13
1640.48	1667.53	13
2221.96	2208.65	13
2768.32	2739.68	13
3349.7	3307.76	13
3806.15	3791.13	13
4299.06	4304.23	13
4924.7	4913.83	13
0.89	1.09	14
1.18	1.13	14
1.45	1.51	14
1.95	1.86	14
2.84	2.61	14
3.4	3.5	14
3.43	4.42	14
4.39	4.56	14
6.98	6.32	14
9.84	9.67	14
15.01	15.08	14
26.05	25.76	14
45.26	45.95	14
84.5	83.8	14
162.2	161.44	14
316.38	314.88	14
623.79	624.76	14
1183.98	1207.42	14
1793.52	1767.1	14
2379.64	2344.82	14
2969.18	2948.45	14
3505.64	3493.86	14
4065.01	4095.61	14
4675.74	4674.54	14
5258.18	5265.93	14
0.85	1.22	14
1.26	1.3	14
1.4	1.55	14
2.09	1.85	14
2.23	2.85	14
2.68	4.11	14
4.63	4.35	14
4.56	4.56	14
6.97	6.08	14
8.06	7.69	14
11.16	11.08	14
18.04	17.91	14
31.21	30.33	14
54.24	54.22	14
101.94	101.22	14
196.28	193.76	14
373.8	384.25	14
734.52	736.68	14
1100.93	1091.77	14
1445.69	1420.55	14
1772.35	1766.82	14
2112.71	2142.74	14
2473.02	2498.69	14
2831.06	2838.53	14
3177.88	3202.18	14
1.03	1.12	14
1.15	1.18	14
1.51	1.39	14
1.77	1.94	14
2.47	2.84	14
3.39	3.06	14
3.78	3.36	14
4.5	4.79	14
6.81	6.73	14
9.41	9.65	14
14.08	13.31	14
24.62	24.81	14
44.43	42.76	14
78.57	79.09	14
151.68	151.66	14
291.32	293.46	14
571.75	583.69	14
1110.58	1124.5	14
1633.73	1651.65	14
2192.57	2217.2	14
2720.24	2674.06	14
3227.66	3242.21	14
3782.21	3751.98	14
4322.66	4295.09	14
4837.77	4936.88	14
1.01	1.17	14
1.09	1.13	14
1.47	1.62	14
1.88	2.12	14
2.68	3.32	14
4.01	3.15	14
4.01	4.73	14
4.72	3.96	14
5.91	6.21	14
8.46	6.93	14
11.88	10.67	14
16.01	15.78	14
28.67	28.71	14
50.19	49.1	14
93.61	92.51	14
178.09	180.64	14
350.73	351.54	14
671.82	666.3	14
1002.92	989.17	14
1295.9	1303.55	14
1645.82	1609.57	14
1923.02	1911.44	14
2251.3	2220.22	14
2523.57	2530.25	14
2816.11	2820.84	14
1.51	1.12	15
1.4	1.23	15
1.49	1.44	15
1.88	1.95	15
2.6	2.36	15
3.08	3.79	15
3.74	4.37	15
5.54	4.2	15
6.37	5.81	15
8.76	8.34	15
11.61	10.54	15
18.28	17.29	15
30.09	31.05	15
54.2	52.51	15
100.72	100.94	15
193.09	193.72	15
379.18	382.72	15
727.35	739.7	15
1089.98	1079.2	15
1421.82	1450.51	15
1769.79	1787.92	15
2105.14	2110.17	15
2460.1	2482.17	15
2842.58	2768.86	15
3150.68	3209.77	15
1.52	1.21	15
1.31	1.24	15
1.54	1.47	15
1.84	1.77	15
2.88	2.56	15
3.21	3.5	15
3.63	4.11	15
4.89	4.81	15
6.99	6.57	15
10.04	8.92	15
15.18	14.62	15
26.29	25.83	15
46.84	43.73	15
82.96	83.47	15
162.94	160.99	15
314.23	314.06	15
631.81	625.68	15
1213.02	1205.08	15
1788.15	1782.0	15
2382.26	2348.53	15
2924.33	2960.78	15
3524.53	3577.58	15
4111.72	4082.69	15
4659.88	4622.89	15
5211.65	5328.35	15
1.17	1.07	15
1.19	1.25	15
1.37	1.44	15
2.15	2.03	15
2.51	3.1	15
3.17	2.95	15
4.6	4.72	15
4.42	5.6	15
5.67	5.95	15
7.82	7.55	15
11.36	10.22	15
17.54	16.59	15
26.77	28.5	15
50.49	49.45	15
94.23	92.82	15
177.84	177.57	15
349.89	343.1	15
665.61	636.42	15
977.6	988.54	15
1282.95	1309.04	15
1622.51	1578.43	15
1955.84	1904.51	15
2193.26	2268.87	15
2576.67	2594.31	15
2830.91	2862.95	15
1.07	1.05	15
1.31	1.21	15
1.44	1.3	15
1.96	2.0	15
3.07	2.51	15
3.61	4.2	15
3.64	4.27	15
5.02	5.52	15
6.48	6.49	15
8.74	8.57	15
14.31	14.25	15
25.3	24.08	15
41.6	42.32	15
76.76	79.25	15
149.21	148.91	15
290.67	293.63	15
562.71	582.51	15
1133.96	1105.56	15
1674.87	1668.59	15
2200.25	2199.42	15
2667.06	2736.51	15
3275.3	3233.7	15
3708.24	3722.24	15
4321.92	4295.28	15
4788.95	4813.73	15
1.31	1.09	16
1.23	1.2	16
1.35	1.3	16
1.84	1.7	16
2.89	2.87	16
3.9	3.9	16
4.22	2.93	16
4.81	4.69	16
7.04	7.19	16
9.84	9.27	16
16.0	15.3	16
26.2	24.79	16
44.62	44.37	16
85.74	85.21	16
163.31	162.17	16
317.65	317.24	16
625.84	624.87	16
1197.23	1207.29	16
1795.1	1795.28	16
2356.34	2380.41	16
2969.55	2946.24	16
3575.0	3510.58	16
4119.07	4157.6	16
4778.33	4652.35	16
5317.07	5333.62	16
1.17	1.21	16
1.24	1.22	16
1.57	1.59	16
2.07	1.89	16
2.78	2.46	16
3.83	2.75	16
4.02	3.68	16
4.9	4.86	16
5.41	6.79	16
7.88	8.98	16
10.79	11.58	16
18.65	17.85	16
30.73	30.4	16
54.88	55.59	16
103.67	103.03	16
199.23	196.64	16
387.07	382.47	16
752.61	746.64	16
1114.48	1100.56	16
1485.01	1444.41	16
1828.74	1811.89	16
2205.99	2209.23	16
2550.65	2568.62	16
2880.29	2933.02	16
3252.76	3300.18	16
1.02	1.48	16
1.31	1.16	16
1.3	1.56	16
1.88	1.93	16
2.92	2.82	16
3.26	3.8	16
4.19	3.49	16
4.17	4.49	16
6.71	5.94	16
10.01	9.16	16
14.52	13.81	16
23.58	23.28	16
43.15	42.85	16
78.82	78.81	16
151.71	152.88	16
293.32	291.16	16
573.41	589.66	16
1141.29	1119.3	16
1666.85	1655.77	16
2207.88	2178.95	16
2800.27	2756.95	16
3344.66	3262.9	16
3830.19	3810.75	16
4348.18	4303.02	16
4874.53	4899.61	16
1.09	1.02	16
1.72	1.19	16
1.41	1.72	16
1.96	2.09	16
2.87	2.67	16
3.43	3.2	16
3.4	3.5	16
4.39	4.39	16
6.38	5.8	16
7.14	7.52	16
10.04	10.37	16
16.74	16.3	16
27.71	28.09	16
49.68	49.56	16
92.77	90.35	16
173.55	173.57	16
332.16	339.21	16
658.19	651.3	16
950.25	952.48	16
1260.75	1298.87	16
1622.95	1625.69	16
1954.53	1900.09	16
2254.04	2258.67	16
2571.2	2532.32	16
2848.12	2869.45	16
1.0	0.95	17
1.23	1.17	17
1.63	1.55	17
2.05	2.08	17
2.88	2.7	17
3.31	2.72	17
3.56	3.02	17
3.13	3.41	17
4.3	4.1	17
4.38	4.68	17
5.67	5.7	17
7.87	8.31	17
11.27	12.15	17
18.68	21.17	17
33.75	38.37	17
57.79	69.0	17
102.32	132.05	17
198.17	258.45	17
386.41	503.62	17
841.24	1011.92	17
1631.75	1925.42	17
2135.99	2946.09	17
2868.09	3811.86	17
3623.64	4800.78	17
4136.19	5658.41	17
5555.39	6666.12	17
5624.85	7453.07	17
6571.41	8619.24	17
0.97	0.96	17
1.24	1.25	17
1.6	1.48	17
2.21	2.02	17
2.72	2.54	17
3.13	2.94	17
3.24	3.19	17
4.2	4.26	17
5.49	5.44	17
7.71	6.58	17
13.25	9.61	17
23.89	15.84	17
43.72	22.08	17
83.07	41.74	17
160.82	74.51	17
317.16	141.95	17
509.2	273.54	17
1233.6	549.42	17
1996.39	1078.39	17
4941.71	2172.09	17
9689.98	4223.48	17
14530.43	6275.01	17
19144.68	8348.27	17
23639.08	10408.95	17
28413.23	12467.89	17
32856.47	14519.56	17
38052.41	16552.01	17
42498.61	18565.71	17
1.11	1.06	17
1.23	1.12	17
1.82	1.66	17
2.24	2.2	17
2.81	3.07	17
3.36	2.98	17
3.27	2.6	17
3.58	3.66	17
4.17	3.95	17
5.07	4.69	17
6.75	6.33	17
9.68	7.61	17
15.2	12.49	17
22.06	18.71	17
37.02	33.3	17
60.47	57.81	17
109.38	104.5	17
200.81	200.63	17
381.31	389.78	17
754.39	765.02	17
1443.18	1467.59	17
2197.05	2170.07	17
2755.93	2894.46	17
3619.13	3595.82	17
4227.85	4355.12	17
4895.72	5095.89	17
5809.26	5693.77	17
6381.56	6458.03	17
2.32	1.01	17
1.21	1.14	17
1.55	1.62	17
2.02	2.16	17
2.71	2.62	17
3.02	3.14	17
3.65	2.82	17
4.01	4.29	17
5.63	5.11	17
8.73	7.59	17
13.86	9.57	17
24.66	16.25	17
45.66	24.21	17
85.4	42.68	17
132.37	74.44	17
320.51	143.68	17
619.61	282.01	17
1238.51	562.66	17
2457.24	1113.07	17
4986.7	2238.83	17
9606.58	4354.9	17
14259.68	6486.74	17
19078.8	8645.69	17
23666.62	10757.16	17
28588.05	12798.55	17
33260.93	14896.13	17
37906.4	17059.32	17
42741.42	19179.84	17
1.23	1.01	18
1.5	1.33	18
1.74	1.69	18
2.15	2.26	18
2.78	2.86	18
3.23	2.82	18
3.42	3.26	18
4.06	3.47	18
4.04	4.2	18
4.99	5.05	18
6.29	6.15	18
8.61	9.57	18
13.68	14.87	18
22.6	24.96	18
40.98	45.9	18
78.14	86.29	18
144.53	167.07	18
294.38	327.13	18
567.99	653.55	18
1182.5	1272.89	18
2149.85	2502.91	18
3338.55	3696.68	18
4444.54	4891.33	18
6101.2	6266.26	18
6476.8	7419.31	18
7497.3	8653.84	18
8705.61	9736.93	18
9779.21	11023.25	18
1.16	1.03	18
1.44	1.85	18
2.27	1.51	18
2.47	2.12	18
2.6	2.43	18
3.44	2.71	18
3.58	3.61	18
3.93	4.58	18
5.45	5.22	18
7.92	7.1	18
13.16	10.96	18
22.89	13.87	18
42.94	21.57	18
79.31	37.53	18
156.93	70.05	18
303.16	133.42	18
605.99	259.84	18
1177.74	512.96	18
2372.35	1009.12	18
4696.86	2023.1	18
9201.89	3952.89	18
13706.83	5889.82	18
18282.82	7802.28	18
22598.72	9738.83	18
26810.14	11640.47	18
32001.64	13672.62	18
36211.61	15557.31	18
40542.4	17507.3	18
1.19	1.0	18
1.31	1.21	18
1.56	1.57	18
2.09	2.09	18
2.66	2.68	18
3.17	3.19	18
3.55	3.4	18
3.59	3.75	18
4.05	4.49	18
6.18	5.36	18
6.91	6.92	18
9.85	9.23	18
18.01	13.09	18
27.26	22.63	18
43.23	41.08	18
82.05	73.92	18
148.72	140.62	18
296.09	294.23	18
578.83	556.57	18
1152.86	1082.68	18
2186.95	2134.57	18
3414.66	3149.24	18
4405.93	4186.11	18
5454.22	5246.64	18
6491.74	6101.33	18
7673.66	7213.01	18
8545.51	8202.38	18
9497.1	9385.88	18
1.12	1.09	18
1.4	1.25	18
1.46	1.69	18
2.07	2.16	18
2.92	2.75	18
3.75	2.96	18
3.73	3.7	18
4.42	4.41	18
5.47	5.4	18
8.38	7.61	18
13.44	10.22	18
23.8	14.35	18
43.7	22.87	18
67.47	41.5	18
156.44	71.75	18
304.57	139.55	18
485.32	270.55	18
1190.51	537.26	18
2360.15	1059.61	18
4697.9	2109.18	18
9255.75	4140.3	18
13622.78	6157.83	18
18055.08	8138.86	18
22561.43	10198.18	18
27091.61	12221.89	18
32073.36	14206.77	18
35956.97	16243.35	18
40420.04	18304.55	18
1.14	1.1	19
1.31	1.18	19
1.66	1.54	19
2.21	2.08	19
2.83	2.77	19
3.15	3.32	19
3.87	3.1	19
4.09	4.9	19
5.38	5.66	19
8.04	6.58	19
12.92	9.89	19
23.1	16.69	19
42.71	21.73	19
81.13	36.83	19
153.46	74.61	19
303.73	131.51	19
598.2	260.93	19
1191.84	509.62	19
2346.78	1005.14	19
4702.07	2006.75	19
9146.92	3957.99	19
13600.64	5878.82	19
18076.22	7820.95	19
22964.41	9726.27	19
26880.13	11668.77	19
31607.28	13540.34	19
36006.0	15497.7	19
40349.19	17383.62	19
1.15	1.1	19
1.23	1.51	19
1.61	1.54	19
2.06	2.29	19
2.77	2.83	19
2.93	3.27	19
3.24	2.88	19
3.61	3.42	19
4.03	3.68	19
4.53	4.23	19
6.55	6.01	19
8.7	8.56	19
13.18	14.31	19
23.71	24.96	19
40.66	46.51	19
76.91	89.15	19
146.16	164.59	19
289.45	333.47	19
595.67	647.2	19
1141.41	1278.48	19
2309.89	2516.85	19
3225.66	3675.7	19
4594.23	4912.52	19
6024.68	6543.74	19
6673.47	7471.64	19
7630.74	8595.03	19
9099.6	9888.47	19
9615.46	11053.19	19
1.18	1.07	19
1.52	1.32	19
1.7	1.55	19
2.43	2.35	19
2.69	2.63	19
3.1	3.08	19
3.92	3.45	19
4.58	3.59	19
5.91	5.53	19
8.41	6.5	19
13.54	8.8	19
23.64	14.69	19
35.67	21.3	19
82.84	40.53	19
128.18	72.42	19
250.41	139.36	19
597.6	270.71	19
1176.38	529.55	19
2353.39	1052.47	19
3811.76	2110.18	19
9231.73	4130.83	19
13501.34	6165.29	19
18063.43	8191.04	19
22775.22	10161.51	19
27138.65	12053.7	19
32029.31	14196.22	19
35765.87	16175.94	19
40388.28	18223.91	19
1.26	1.02	19
1.44	1.26	19
1.91	1.68	19
2.28	2.09	19
3.06	2.83	19
3.24	3.23	19
3.47	3.4	19
3.55	3.68	19
4.31	4.14	19
5.53	5.4	19
7.77	6.62	19
10.85	9.41	19
18.42	14.54	19
27.63	23.49	19
44.76	41.29	19
80.37	75.27	19
156.01	143.49	19
292.5	275.13	19
569.9	547.33	19
1130.21	1082.85	19
2142.22	2097.58	19
3346.9	3264.71	19
4339.48	4203.93	19
5457.48	5150.99	19
6537.32	6229.94	19
7632.81	7227.2	19
8750.86	8177.79	19
9795.63	9439.11	19
1.1	1.03	20
1.29	1.25	20
1.58	1.66	20
2.29	2.18	20
2.81	2.62	20
3.31	3.21	20
3.56	3.61	20
4.32	4.21	20
4.94	5.52	20
8.06	5.74	20
13.52	7.47	20
19.5	12.14	20
42.88	21.31	20
83.99	39.23	20
161.27	74.75	20
318.44	139.25	20
625.14	275.35	20
1239.16	550.06	20
2501.79	1079.5	20
4913.29	2160.15	20
9570.39	4213.72	20
14250.62	6264.15	20
18936.05	8354.78	20
23620.29	10345.94	20
28502.46	12437.17	20
33053.65	14568.2	20
30390.9	16529.11	20
42808.56	18732.81	20
1.15	1.03	20
1.23	1.31	20
1.62	1.69	20
2.2	2.31	20
2.99	2.84	20
2.88	3.15	20
3.21	3.05	20
3.54	3.45	20
4.05	4.04	20
4.74	4.4	20
5.59	5.71	20
7.34	7.77	20
11.8	12.11	20
19.18	21.71	20
31.9	38.68	20
55.59	70.25	20
103.22	132.07	20
194.18	262.82	20
395.42	502.74	20
750.37	1009.27	20
1447.84	2006.53	20
2118.18	2893.73	20
2789.43	3832.29	20
3548.56	4811.55	20
4257.27	5704.26	20
4830.42	6817.2	20
5765.82	7639.87	20
6474.11	8661.15	20
1.05	1.02	20
1.2	1.19	20
1.73	1.59	20
2.24	2.01	20
2.69	2.34	20
3.23	3.22	20
3.54	3.45	20
4.48	4.06	20
5.65	4.98	20
8.22	7.89	20
11.77	10.01	20
19.78	13.99	20
44.8	21.36	20
83.75	40.53	20
163.01	76.32	20
318.35	143.66	20
640.27	283.94	20
1237.72	563.43	20
2474.61	1112.67	20
4926.75	2231.5	20
9583.45	4354.66	20
14360.6	6463.13	20
15541.69	8595.77	20
23622.09	10707.82	20
28227.1	12850.77	20
33445.05	14997.79	20
37810.75	17075.49	20
42679.6	19231.48	20
1.07	0.96	20
1.29	1.18	20
1.43	1.48	20
2.24	2.12	20
2.69	2.88	20
3.13	3.21	20
3.71	3.49	20
3.38	3.44	20
4.2	4.31	20
5.41	4.41	20
7.26	5.95	20
10.34	9.42	20
16.02	13.01	20
24.08	19.34	20
36.59	33.44	20
59.89	56.79	20
109.52	107.72	20
200.09	201.38	20
397.78	395.07	20
730.39	766.13	20
1505.14	1478.68	20
2178.69	2198.89	20
2779.97	2933.25	20
3584.14	3635.69	20
4360.91	4339.72	20
5098.65	5028.55	20
5783.93	5614.73	20
6381.79	6485.86	20
1.17	0.99	21
1.25	1.06	21
1.17	1.68	21
1.12	1.08	21
1.15	0.96	21
1.3	1.11	21
1.63	1.28	21
1.68	1.42	21
1.98	1.89	21
2.17	2.15	21
2.94	2.8	21
4.13	3.88	21
6.31	6.31	21
11.4	10.92	21
19.54	19.96	21
36.37	37.9	21
68.86	74.31	21
134.95	140.94	21
254.22	275.86	21
488.32	532.51	21
743.63	781.88	21
965.35	1039.65	21
1214.9	1278.73	21
1454.92	1585.71	21
1689.1	1812.88	21
1928.45	2120.28	21
2272.54	2254.3	21
1.12	0.96	21
1.03	1.07	21
1.02	1.09	21
1.06	1.07	21
1.04	1.01	21
1.08	1.07	21
1.28	1.22	21
1.6	1.43	21
2.18	1.86	21
3.44	2.75	21
5.79	4.72	21
10.3	7.11	21
20.47	12.67	21
40.44	24.09	21
77.5	46.68	21
154.55	109.89	21
303.16	213.51	21
590.98	356.96	21
1194.7	713.01	21
2349.92	1374.92	21
3345.12	2034.34	21
4671.38	2700.69	21
5747.77	3388.07	21
6662.74	4035.77	21
7780.62	4815.61	21
9175.28	5427.8	21
10272.03	6096.1	21
1.08	0.96	21
1.08	1.07	21
1.11	1.08	21
1.24	1.25	21
1.26	1.19	21
1.45	1.48	21
1.81	1.52	21
1.85	1.48	21
2.05	1.95	21
2.62	2.18	21
3.06	3.12	21
4.49	4.11	21
7.36	6.39	21
12.62	10.59	21
19.82	18.41	21
36.48	35.15	21
79.52	64.35	21
142.89	123.38	21
287.61	244.6	21
613.92	457.8	21
913.94	707.08	21
1074.47	917.23	21
1377.64	1115.83	21
1605.52	1336.43	21
1856.62	1566.41	21
2204.37	1797.48	21
2654.81	1956.89	21
1.22	1.13	21
1.18	1.17	21
1.26	1.11	21
1.08	1.06	21
1.13	1.2	21
1.29	1.22	21
1.5	1.61	21
1.94	1.61	21
2.66	2.49	21
3.85	3.28	21
6.63	4.67	21
11.72	8.94	21
22.46	16.22	21
42.52	30.68	21
84.86	48.01	21
166.24	93.17	21
326.73	197.28	21
659.99	365.02	21
1315.35	723.43	21
2552.04	1461.88	21
3759.49	2152.37	21
5012.14	2790.06	21
6138.62	3465.08	21
7595.54	4167.68	21
8580.04	4806.25	21
10160.17	5540.22	21
11246.46	6278.53	21
1.03	0.95	22
1.14	1.04	22
1.21	1.11	22
1.1	1.13	22
1.43	1.21	22
1.14	1.86	22
1.32	1.26	22
1.62	1.5	22
1.86	1.78	22
2.38	2.58	22
3.79	3.77	22
5.83	5.96	22
9.93	10.4	22
18.86	18.91	22
36.2	36.52	22
69.73	70.48	22
133.04	138.04	22
268.37	272.84	22
523.47	529.56	22
1012.08	1056.26	22
1523.16	1550.58	22
2025.04	2040.03	22
2478.26	2542.96	22
2988.19	3054.09	22
3423.15	3593.48	22
4041.93	4020.52	22
4393.92	4599.9	22
1.04	1.06	22
0.94	1.08	22
1.04	1.08	22
0.95	1.14	22
1.18	1.2	22
1.19	1.26	22
1.36	1.51	22
2.25	1.67	22
2.22	2.21	22
3.19	2.88	22
5.34	3.97	22
9.65	7.3	22
17.59	13.11	22
34.03	24.32	22
64.01	48.02	22
130.01	93.32	22
249.44	213.18	22
525.88	361.97	22
1046.88	841.14	22
2061.05	1656.61	22
2959.19	2084.2	22
4004.38	2873.9	22
4810.01	2851.27	22
6208.64	3450.2	22
6489.95	3947.57	22
8256.58	4471.65	22
8960.76	5503.36	22
0.95	1.09	22
1.83	1.01	22
1.12	1.07	22
1.13	1.09	22
0.99	1.25	22
1.22	1.39	22
1.5	1.46	22
1.82	2.33	22
2.04	1.84	22
2.54	2.63	22
3.85	3.59	22
6.11	5.49	22
10.5	10.0	22
19.36	17.32	22
36.93	33.68	22
70.23	63.53	22
139.15	126.77	22
268.5	241.15	22
521.11	494.06	22
1021.71	925.32	22
1545.53	1485.4	22
1980.46	1829.05	22
2467.15	2361.54	22
3033.55	2726.4	22
3549.72	3360.34	22
4010.75	3640.31	22
4394.5	4085.69	22
0.99	0.99	22
1.61	1.18	22
1.01	1.09	22
1.08	1.11	22
1.0	1.17	22
1.29	1.19	22
1.42	1.51	22
1.82	1.75	22
2.57	2.37	22
3.7	2.85	22
5.76	4.61	22
9.85	6.73	22
18.09	16.16	22
34.95	21.77	22
69.49	41.71	22
137.64	99.67	22
270.33	159.6	22
513.41	379.61	22
1069.5	624.54	22
2039.05	1214.69	22
3041.87	1811.52	22
4015.81	3429.8	22
5092.96	3001.35	22
5978.09	3886.47	22
7002.34	4240.27	22
8001.18	6260.23	22
8962.44	5819.61	22
1.62	1.09	23
1.03	1.11	23
1.06	1.08	23
1.08	1.22	23
1.14	1.15	23
1.29	1.26	23
1.48	1.51	23
1.64	1.69	23
2.2	2.07	23
3.74	2.63	23
5.2	3.81	23
9.42	6.04	23
17.26	12.95	23
34.36	24.87	23
69.1	49.29	23
133.65	76.05	23
264.22	149.21	23
504.44	360.18	23
1044.35	751.96	23
1944.99	1883.91	23
3014.03	1721.31	23
3861.49	2974.64	23
4712.51	2923.64	23
5536.29	3391.04	23
6708.2	3920.48	23
7717.01	4515.69	23
8279.7	5279.36	23
0.99	1.0	23
1.03	1.05	23
1.05	1.04	23
1.03	1.04	23
1.2	1.12	23
1.38	1.28	23
1.38	1.36	23
1.48	1.51	23
1.8	2.0	23
2.48	2.65	23
3.53	3.6	23
6.03	5.77	23
10.65	10.15	23
19.24	20.05	23
37.11	38.06	23
68.74	71.01	23
133.4	140.56	23
270.44	268.91	23
531.94	536.03	23
1009.26	1050.94	23
1520.87	1552.31	23
2016.11	2051.1	23
2459.49	2606.76	23
2994.95	3065.58	23
3438.82	3652.74	23
4004.33	4135.32	23
4441.99	4641.92	23
1.04	1.08	23
1.02	1.12	23
1.65	1.05	23
1.03	1.05	23
1.01	1.28	23
1.25	1.17	23
1.55	1.42	23
1.74	1.88	23
2.5	2.24	23
3.8	3.37	23
5.63	4.14	23
10.14	8.96	23
18.06	14.26	23
35.27	21.43	23
67.27	59.61	23
133.32	98.2	23
267.99	159.04	23
528.07	381.55	23
1031.3	630.79	23
2004.17	1258.86	23
3009.56	2242.25	23
3982.99	2469.73	23
4905.16	3101.37	23
5958.22	3604.51	23
6961.05	4198.15	23
8088.97	4785.4	23
9188.56	5409.77	23
1.55	1.01	23
1.0	1.13	23
0.97	1.08	23
0.96	1.07	23
1.15	1.03	23
1.2	1.24	23
1.43	1.42	23
1.6	1.74	23
2.0	2.02	23
2.57	2.7	23
3.58	3.67	23
5.88	5.41	23
10.52	9.79	23
19.9	17.58	23
36.27	37.11	23
68.5	66.75	23
139.25	126.58	23
264.07	257.57	23
535.39	492.6	23
1007.38	964.95	23
1570.5	1390.03	23
2048.2	1888.23	23
2582.76	2321.91	23
3126.43	2729.88	23
3449.04	3236.87	23
4005.48	3713.89	23
4542.41	4091.23	23
0.9	0.93	24
1.0	0.93	24
0.92	0.95	24
0.99	0.97	24
1.01	0.99	24
1.24	1.06	24
1.33	1.2	24
1.49	1.43	24
2.11	2.14	24
3.57	3.08	24
5.72	5.33	24
10.38	8.08	24
20.03	14.97	24
39.77	28.5	24
80.57	46.58	24
151.91	91.85	24
315.45	178.48	24
582.86	447.73	24
1207.02	746.58	24
2334.34	1376.25	24
3366.06	2043.03	24
4453.81	2718.42	24
5579.77	3395.88	24
6657.21	4069.57	24
8025.82	4730.03	24
9088.77	5397.01	24
10063.79	6101.71	24
1.04	0.97	24
1.02	1.08	24
0.87	0.87	24
1.04	1.08	24
1.09	1.14	24
1.3	1.2	24
1.34	1.33	24
1.44	1.5	24
1.6	1.8	24
2.29	2.09	24
2.54	2.74	24
3.96	3.9	24
5.86	6.2	24
10.77	11.01	24
19.79	19.72	24
34.8	37.9	24
70.75	67.36	24
129.89	138.67	24
250.89	266.42	24
504.8	529.55	24
742.72	789.19	24
1005.03	1049.84	24
1197.09	1295.15	24
1477.12	1556.36	24
1698.35	1753.76	24
1910.67	2039.04	24
2201.6	2311.66	24
0.92	0.91	24
0.93	1.08	24
0.95	0.99	24
0.98	1.12	24
1.07	1.04	24
1.13	1.1	24
1.39	1.27	24
1.8	1.73	24
2.35	2.13	24
3.64	3.33	24
6.65	4.34	24
11.83	7.47	24
21.96	12.89	24
42.7	30.61	24
84.14	47.7	24
166.53	117.03	24
327.44	182.94	24
665.3	381.54	24
1304.79	717.87	24
2545.49	1428.43	24
3843.02	2068.95	24
4993.27	2898.9	24
6303.3	4344.15	24
7546.85	4172.65	24
8892.63	4846.6	24
9992.76	5532.04	24
11168.41	6224.52	24
1.06	1.0	24
0.91	0.9	24
0.95	1.07	24
1.03	1.07	24
1.12	1.14	24
1.11	1.2	24
1.24	1.45	24
1.47	1.49	24
1.85	1.9	24
2.3	2.33	24
2.91	2.61	24
4.21	4.18	24
7.24	5.95	24
11.94	10.99	24
24.09	19.09	24
38.14	34.41	24
81.12	64.1	24
136.86	124.4	24
300.35	243.33	24
594.51	466.32	24
837.22	702.28	24
1100.41	930.74	24
1358.27	1111.69	24
1568.17	1342.41	24
1882.63	1565.6	24
2362.91	1782.65	24
2442.23	1985.9	24
1.83	1.75	25
2.3	2.34	25
2.33	2.61	25
3.14	2.82	25
3.92	3.79	25
3.3	2.99	25
4.18	3.72	25
3.81	4.0	25
4.46	4.89	25
5.86	6.32	25
8.29	8.94	25
12.4	14.78	25
19.59	25.8	25
39.03	47.81	25
62.06	89.66	25
116.48	171.85	25
227.6	340.12	25
440.99	670.84	25
863.16	1296.46	25
1285.0	1721.51	25
1947.92	2565.45	25
2158.25	3157.2	25
2535.78	3432.94	25
2946.63	4495.23	25
3945.12	5062.8	25
3812.68	5731.75	25
1.9	1.7	25
2.31	2.17	25
3.14	2.94	25
4.3	3.58	25
4.32	3.88	25
4.42	4.18	25
4.33	4.33	25
5.76	5.16	25
7.93	6.91	25
12.21	9.85	25
20.44	16.39	25
36.51	25.43	25
69.26	37.3	25
132.26	70.38	25
215.0	134.33	25
514.41	254.87	25
1024.62	508.48	25
2026.23	994.15	25
3960.06	2609.95	25
5858.97	2853.61	25
7764.96	3808.34	25
8046.86	8113.49	25
11655.31	5705.03	25
13514.29	6620.05	25
15571.62	7566.88	25
17579.91	8591.37	25
1.8	1.77	25
2.2	2.12	25
3.18	3.06	25
3.51	3.23	25
3.8	3.59	25
3.89	4.16	25
4.47	3.54	25
3.81	4.39	25
5.11	4.71	25
7.39	6.89	25
10.29	9.02	25
13.87	14.89	25
21.28	25.08	25
36.08	44.8	25
64.43	83.76	25
117.49	163.22	25
229.1	284.16	25
451.47	555.39	25
869.7	1083.55	25
1270.57	1775.96	25
1700.72	2358.89	25
2128.57	2940.22	25
2862.59	3515.41	25
3334.51	4125.53	25
3360.68	4686.78	25
3800.24	5181.67	25
1.97	1.84	25
2.33	2.14	25
2.84	3.01	25
3.85	3.69	25
4.55	3.85	25
4.6	4.2	25
5.01	4.93	25
6.3	5.72	25
7.99	9.08	25
12.93	11.14	25
21.39	14.38	25
37.35	21.36	25
34.45	36.59	25
133.67	90.52	25
259.06	132.33	25
512.05	254.48	25
1027.61	508.75	25
1676.42	985.01	25
3936.33	1945.22	25
5866.27	2896.97	25
6491.78	3775.68	25
9709.56	4751.62	25
11587.86	5663.56	25
13620.75	6631.63	25
15562.06	12752.2	25
17344.47	8538.58	25
1.99	1.65	26
2.53	2.28	26
3.44	2.8	26
3.57	3.79	26
4.01	3.82	26
4.25	3.81	26
4.59	4.11	26
4.8	4.58	26
6.01	5.8	26
7.17	6.73	26
11.07	11.66	26
16.85	19.21	26
27.21	34.0	26
51.67	64.35	26
96.38	121.79	26
184.75	236.87	26
368.01	470.87	26
723.87	929.35	26
1411.68	1780.27	26
2086.87	2692.44	26
2981.4	3555.98	26
3783.32	4497.93	26
4524.61	5302.03	26
4843.56	6192.85	26
5453.68	6998.26	26
6858.71	7916.96	26
1.91	1.66	26
2.47	2.09	26
3.2	2.69	26
3.27	3.48	26
3.97	3.32	26
3.69	3.68	26
4.37	3.69	26
4.68	5.19	26
7.04	4.57	26
10.65	8.16	26
18.14	11.15	26
27.21	18.05	26
61.31	29.56	26
119.43	77.41	26
231.35	107.34	26
457.45	201.12	26
907.7	399.65	26
1826.18	787.06	26
3553.08	1552.08	26
5230.43	2319.74	26
6997.93	4361.99	26
8604.18	3840.57	26
10450.54	4616.81	26
7617.13	5364.84	26
13927.94	6155.36	26
12689.99	6949.75	26
1.81	1.51	26
2.33	2.36	26
3.19	3.0	26
3.86	3.81	26
4.09	3.84	26
3.77	4.1	26
4.66	4.56	26
5.4	5.14	26
6.5	5.71	26
7.88	8.02	26
12.1	11.36	26
18.31	18.88	26
29.63	33.21	26
55.06	62.49	26
98.81	117.02	26
187.05	225.2	26
367.49	435.34	26
731.58	886.76	26
1498.9	1770.58	26
2092.93	2503.08	26
2710.31	3307.3	26
3688.73	4177.64	26
4096.31	4965.08	26
5086.26	5753.68	26
5436.0	6528.42	26
6187.9	7330.88	26
1.89	1.76	26
2.66	2.33	26
2.9	2.78	26
3.59	3.84	26
3.9	3.43	26
4.15	4.19	26
4.66	4.76	26
5.29	4.64	26
7.5	6.34	26
11.78	7.37	26
16.09	11.0	26
34.58	21.39	26
61.57	32.14	26
119.59	56.63	26
233.25	105.47	26
457.78	204.55	26
906.69	400.45	26
1824.34	787.07	26
3540.52	2219.42	26
5230.68	2340.82	26
6964.16	3120.74	26
8650.42	3925.82	26
10486.53	4646.78	26
9888.57	5450.7	26
13773.99	8709.33	26
15587.7	7093.28	26
1.94	1.67	27
2.16	2.47	27
2.74	2.37	27
3.14	3.39	27
3.4	3.51	27
3.88	3.76	27
4.32	4.01	27
5.48	5.54	27
7.26	6.98	27
8.31	8.36	27
18.19	11.9	27
27.39	18.3	27
61.24	32.27	27
120.41	57.19	27
192.23	108.11	27
454.74	210.24	27
911.84	410.96	27
1818.03	808.43	27
3525.39	1585.99	27
4305.08	2362.01	27
5698.23	3106.78	27
8704.05	5460.71	27
10370.28	6579.77	27
9917.49	9877.56	27
13828.82	6143.69	27
15584.58	9797.43	27
1.81	1.78	27
2.39	2.18	27
3.3	3.08	27
3.87	3.66	27
3.86	3.98	27
4.2	3.93	27
3.77	4.2	27
5.34	4.81	27
6.81	5.61	27
6.84	7.27	27
10.18	11.88	27
15.56	18.46	27
28.75	33.66	27
51.73	64.45	27
96.77	121.89	27
184.07	234.83	27
360.17	461.98	27
716.32	920.3	27
1393.17	1788.93	27
2087.17	2704.99	27
2744.23	3605.25	27
3743.1	4475.4	27
4104.24	5296.02	27
4817.59	6079.29	27
5476.67	7056.55	27
6165.44	7351.9	27
1.9	1.76	27
2.34	2.28	27
2.9	2.98	27
3.3	3.21	27
3.45	3.57	27
3.88	4.05	27
4.54	4.38	27
5.04	5.27	27
7.78	6.51	27
11.74	7.66	27
19.51	10.39	27
28.06	21.73	27
62.61	31.99	27
99.62	60.66	27
233.27	110.36	27
457.02	213.96	27
909.34	581.13	27
1807.59	825.52	27
3506.53	1608.8	27
5250.62	2373.77	27
7012.53	3208.33	27
8687.38	4004.98	27
10368.95	4766.91	27
9938.05	7763.32	27
13866.84	6281.28	27
15582.13	7114.1	27
1.82	1.74	27
2.39	2.26	27
2.96	3.14	27
3.67	3.76	27
4.09	4.05	27
4.12	4.33	27
4.6	4.49	27
5.13	5.08	27
5.93	5.57	27
7.56	7.3	27
11.73	12.68	27
18.02	19.51	27
30.91	32.9	27
52.72	60.78	27
98.88	116.86	27
190.11	224.65	27
366.21	438.63	27
721.81	869.92	27
1493.56	1685.61	27
2093.65	2564.23	27
2757.55	3286.75	27
3467.82	3878.38	27
4125.14	4645.97	27
4759.39	5472.96	27
5519.72	6485.68	27
6115.44	7489.13	27
1.58	1.55	28
2.23	2.31	28
3.21	2.96	28
3.9	3.52	28
3.81	4.17	28
4.68	4.88	28
4.61	4.64	28
5.84	5.88	28
8.11	7.34	28
10.64	10.88	28
20.11	11.99	28
36.32	26.63	28
68.64	38.7	28
132.91	69.17	28
258.78	132.21	28
426.37	255.77	28
1010.71	506.13	28
2011.54	999.4	28
3945.5	1926.53	28
5868.65	2875.01	28
7792.8	3841.76	28
9734.9	4760.67	28
11662.65	7643.34	28
13642.95	6594.3	28
12906.4	7539.65	28
14319.77	8524.37	28
1.73	1.72	28
2.26	2.29	28
2.53	2.81	28
3.62	3.37	28
3.71	4.03	28
4.14	4.17	28
3.75	3.88	28
3.98	4.21	28
4.87	4.99	28
5.59	6.39	28
8.5	8.27	28
12.22	13.74	28
19.12	26.19	28
34.4	42.08	28
71.63	89.87	28
135.47	173.97	28
230.72	335.28	28
440.12	675.31	28
868.43	1276.89	28
1250.13	1958.84	28
1949.9	2549.11	28
2084.06	3218.66	28
2951.94	3372.53	28
2958.03	4394.61	28
3304.52	5078.61	28
3748.91	5643.65	28
1.67	1.78	28
2.49	3.08	28
2.96	2.86	28
3.64	3.69	28
3.83	3.99	28
4.22	4.03	28
5.08	5.29	28
6.33	6.04	28
8.24	6.98	28
12.31	9.88	28
18.46	16.27	28
37.54	22.42	28
70.92	38.43	28
133.26	70.24	28
215.17	133.65	28
511.82	338.08	28
673.43	500.02	28
2019.45	999.61	28
2592.05	1938.44	28
3891.8	2848.67	28
7836.2	3836.72	28
9701.91	4697.76	28
11696.6	5706.56	28
13466.03	6599.25	28
15583.27	7499.63	28
14507.26	8361.33	28
1.93	1.63	28
2.03	2.33	28
2.77	3.02	28
3.26	3.35	28
3.16	3.42	28
3.6	3.65	28
3.64	3.7	28
4.33	3.63	28
4.94	5.17	28
6.35	6.87	28
10.05	8.71	28
14.01	15.61	28
21.51	25.16	28
36.22	45.77	28
64.07	83.79	28
120.89	162.43	28
261.68	290.71	28
444.01	620.07	28
846.68	1193.69	28
1279.26	1775.47	28
1669.55	2364.75	28
2068.74	2960.0	28
2512.91	3539.75	28
3363.13	4077.84	28
3306.03	4246.9	28
3754.03	4838.66	28
0.85	0.75	29
0.99	1.01	29
1.2	1.28	29
1.63	1.44	29
2.13	2.16	29
2.71	2.64	29
3.01	2.89	29
2.61	3.17	29
3.34	3.28	29
3.77	3.04	29
3.7	3.88	29
4.22	4.42	29
5.6	5.11	29
7.08	7.24	29
11.33	10.75	29
20.25	17.62	29
35.87	36.03	29
57.46	66.3	29
108.15	108.71	29
210.94	279.64	29
409.9	480.51	29
805.97	773.83	29
1174.52	1371.68	29
1562.1	1552.12	29
2322.99	2279.39	29
2738.88	2756.55	29
2702.2	2652.72	29
3070.49	3066.57	29
3453.83	3511.32	29
0.95	0.87	29
1.06	0.96	29
1.3	1.28	29
1.73	1.56	29
2.94	2.11	29
2.68	2.69	29
2.96	3.11	29
3.11	3.11	29
3.28	3.43	29
4.74	3.77	29
5.01	4.33	29
6.81	5.71	29
9.09	9.97	29
17.46	14.23	29
31.25	31.83	29
58.95	59.22	29
116.1	98.92	29
228.66	226.25	29
379.19	379.29	29
884.23	881.67	29
1756.01	928.91	29
3397.2	2903.81	29
5004.81	4206.55	29
6572.42	5533.0	29
8140.1	8082.81	29
9708.43	9681.94	29
11266.78	11252.93	29
12869.18	10820.8	29
14433.09	14370.48	29
0.91	0.88	29
1.0	0.97	29
1.17	1.13	29
1.43	1.53	29
1.84	2.13	29
2.37	2.63	29
3.19	3.02	29
3.18	3.14	29
3.12	3.56	29
3.52	3.83	29
3.78	3.91	29
4.84	5.05	29
6.17	6.12	29
8.66	9.26	29
11.92	12.41	29
19.55	19.48	29
36.09	33.37	29
58.46	73.0	29
110.25	109.51	29
216.36	207.43	29
404.65	407.82	29
803.57	916.17	29
1357.26	1176.59	29
1562.33	1580.05	29
1960.07	1928.67	29
2324.38	2330.83	29
2717.6	2672.44	29
3105.33	3571.51	29
3480.61	3974.54	29
0.87	0.87	29
0.93	1.0	29
1.3	1.34	29
1.55	1.83	29
1.83	2.36	29
2.7	2.71	29
2.94	2.65	29
2.64	3.45	29
3.31	3.31	29
4.02	3.87	29
4.06	4.84	29
6.97	7.29	29
11.07	10.74	29
17.17	18.46	29
27.31	32.11	29
59.59	59.2	29
112.95	114.68	29
220.97	189.18	29
437.18	298.8	29
863.81	862.95	29
1719.26	922.92	29
3341.85	2795.16	29
4951.88	4894.75	29
6502.04	5460.92	29
8872.51	6779.01	29
9677.83	6721.23	29
11193.96	9512.09	29
12903.11	10831.43	29
14352.78	14321.0	29
1.06	0.97	30
1.17	1.21	30
1.75	1.35	30
1.64	1.57	30
2.18	2.11	30
2.74	2.82	30
3.21	3.04	30
3.2	2.96	30
3.57	3.15	30
3.51	3.36	30
4.2	3.6	30
4.52	4.63	30
6.37	6.72	30
9.43	9.11	30
15.77	14.95	30
25.73	25.97	30
49.15	48.43	30
90.77	98.75	30
177.81	175.9	30
342.53	342.19	30
681.1	682.35	30
1452.52	1580.59	30
1971.05	1955.04	30
2654.28	2620.15	30
3266.61	3884.09	30
3936.95	3947.58	30
4568.65	5067.18	30
5251.27	5275.45	30
5814.01	5921.94	30
0.98	0.92	30
1.03	1.03	30
1.3	1.24	30
1.58	1.7	30
2.23	2.2	30
2.62	2.68	30
2.92	3.05	30
3.11	3.48	30
3.29	3.34	30
4.24	3.95	30
4.62	4.7	30
6.2	6.03	30
9.28	7.95	30
13.07	12.86	30
25.69	19.22	30
48.68	41.13	30
93.21	93.12	30
183.06	154.49	30
360.5	363.28	30
717.97	595.02	30
1423.81	1431.18	30
2767.8	2766.99	30
4131.3	3429.6	30
5465.89	2761.48	30
6831.26	3469.09	30
8171.19	6842.74	30
7938.81	9499.33	30
10868.9	10853.59	30
12235.68	10179.16	30
0.99	0.94	30
1.2	1.11	30
1.23	1.29	30
1.74	1.59	30
2.25	2.07	30
2.85	2.99	30
3.23	3.01	30
3.53	3.38	30
3.34	3.11	30
3.45	3.98	30
4.61	4.23	30
5.4	5.16	30
7.32	6.49	30
10.23	10.45	30
16.25	15.75	30
27.09	27.96	30
49.27	48.29	30
90.11	92.8	30
177.98	189.45	30
347.07	394.85	30
687.58	694.27	30
1339.24	1447.12	30
1984.52	1972.18	30
2623.32	2627.74	30
3294.85	3498.89	30
4203.8	4183.18	30
4611.91	4534.14	30
5283.51	5177.01	30
5896.88	6276.97	30
1.09	0.87	30
1.13	0.97	30
1.32	1.19	30
1.61	1.73	30
2.27	2.33	30
2.84	2.46	30
3.29	2.84	30
2.99	3.38	30
3.59	3.54	30
4.02	4.07	30
5.1	4.55	30
6.41	5.66	30
9.91	9.3	30
16.77	13.92	30
27.33	21.02	30
50.03	43.42	30
94.32	93.39	30
183.85	154.0	30
361.31	362.66	30
716.68	484.29	30
1420.81	1417.72	30
2339.36	2323.96	30
4134.43	3451.71	30
5467.14	4581.0	30
6826.36	3567.12	30
8163.44	5561.02	30
9547.01	9502.59	30
10842.84	9040.63	30
12235.79	6359.09	30
1.01	0.87	31
1.63	1.01	31
1.33	1.96	31
1.74	1.73	31
2.34	2.04	31
3.43	2.66	31
3.33	2.67	31
2.76	3.25	31
3.16	3.38	31
4.03	3.82	31
4.61	4.85	31
5.76	6.39	31
9.27	9.1	31
15.29	14.83	31
22.47	22.88	31
49.08	42.02	31
78.65	77.96	31
181.04	152.43	31
360.35	300.82	31
709.41	479.87	31
1424.11	1188.81	31
2770.81	1851.61	31
4138.29	4113.66	31
5491.18	5459.11	31
6817.29	5695.65	31
8190.26	5449.45	31
9550.84	9482.28	31
10853.69	10844.85	31
12219.77	10197.6	31
1.05	1.03	31
1.21	1.07	31
1.28	1.25	31
1.64	1.55	31
2.2	2.05	31
2.85	2.77	31
3.35	2.96	31
3.09	3.52	31
3.62	3.11	31
3.51	3.35	31
4.35	5.01	31
4.93	4.74	31
6.49	6.63	31
9.07	9.96	31
15.83	15.55	31
26.57	28.66	31
48.29	56.17	31
92.32	89.88	31
177.94	193.93	31
345.76	348.53	31
685.58	747.74	31
1462.67	1559.39	31
2000.8	2352.56	31
2649.49	2862.05	31
3281.08	3914.48	31
3965.73	3941.47	31
5071.16	4972.79	31
5221.66	5733.25	31
5896.56	6409.3	31
0.95	0.97	31
1.07	1.08	31
1.2	1.25	31
1.53	1.51	31
2.16	2.23	31
2.83	2.97	31
2.89	2.66	31
3.77	3.06	31
3.36	3.67	31
4.15	4.47	31
5.04	5.2	31
6.53	6.08	31
10.04	9.7	31
15.78	15.41	31
27.3	27.32	31
49.01	44.72	31
94.35	64.41	31
152.87	182.35	31
361.41	304.76	31
713.25	595.67	31
1418.62	1191.88	31
2771.11	2773.19	31
4135.28	4118.22	31
5464.46	4578.82	31
6843.73	5672.98	31
8152.27	4244.31	31
9530.93	6457.95	31
10857.24	10887.17	31
12215.07	10148.05	31
1.04	0.93	31
1.12	1.17	31
1.4	1.8	31
1.69	1.71	31
2.02	2.32	31
2.86	2.72	31
2.91	3.57	31
3.36	3.03	31
3.39	3.27	31
3.72	3.61	31
4.34	4.75	31
5.52	4.96	31
6.91	6.72	31
10.38	10.6	31
16.46	16.71	31
26.74	31.17	31
49.03	54.75	31
92.25	99.88	31
177.64	202.34	31
348.47	419.36	31
686.93	735.26	31
1356.06	1534.51	31
1973.83	2270.44	31
2637.1	2832.83	31
3288.37	3798.89	31
3972.51	4240.73	31
4556.78	5335.2	31
5264.91	5897.24	31
6314.6	6229.79	31
1.0	0.91	32
1.16	1.05	32
1.36	1.66	32
1.72	1.57	32
2.31	2.17	32
2.31	2.63	32
2.93	2.9	32
3.52	3.38	32
3.37	3.47	32
3.93	4.16	32
4.37	4.67	32
6.78	6.91	32
9.19	9.52	32
17.98	17.54	32
32.34	28.22	32
51.86	52.94	32
114.99	117.3	32
227.99	193.08	32
448.95	384.36	32
865.43	473.33	32
1671.52	1178.5	32
3260.59	2268.69	32
4833.89	4809.23	32
6338.75	5381.86	32
7947.06	7909.6	32
9502.11	5263.48	32
11009.68	9410.77	32
12604.57	12629.14	32
14238.28	12039.18	32
1.05	0.85	32
1.03	0.97	32
1.3	1.25	32
1.66	1.56	32
1.99	2.1	32
2.63	2.64	32
3.3	3.18	32
2.95	3.04	32
3.1	3.35	32
3.5	3.75	32
3.98	4.01	32
3.96	4.26	32
5.69	5.45	32
7.39	7.88	32
11.05	10.69	32
17.92	20.04	32
31.25	36.13	32
57.69	65.7	32
108.71	108.54	32
209.96	208.83	32
414.37	406.26	32
930.46	944.49	32
1391.66	1388.01	32
1549.58	1818.42	32
2294.3	1953.13	32
2321.43	2280.12	32
2676.1	2731.98	32
3062.71	3021.39	32
3447.22	3433.89	32
0.98	0.93	32
1.05	1.04	32
1.3	1.09	32
1.61	1.53	32
2.21	2.18	32
2.74	2.74	32
3.07	3.09	32
3.59	2.7	32
4.42	3.58	32
3.98	3.5	32
5.24	4.7	32
7.19	6.72	32
10.67	9.71	32
17.79	12.22	32
30.75	25.75	32
48.58	57.25	32
108.17	93.54	32
213.11	182.34	32
420.78	353.65	32
832.23	584.05	32
1656.08	1649.93	32
3197.84	2725.95	32
4047.8	3321.3	32
6355.4	5373.19	32
7947.59	6752.9	32
9511.0	8061.59	32
11062.68	7704.88	32
12538.02	12585.89	32
14106.11	11928.53	32
1.05	0.98	32
1.05	1.08	32
1.58	1.72	32
2.44	2.03	32
2.23	2.09	32
2.74	2.92	32
3.29	2.73	32
3.98	3.21	32
3.13	3.56	32
3.92	3.57	32
3.87	4.32	32
4.66	5.04	32
5.92	6.16	32
8.73	9.1	32
12.31	12.44	32
19.26	20.11	32
36.21	32.94	32
59.19	59.31	32
108.73	125.54	32
210.71	211.16	32
418.48	413.46	32
798.21	793.41	32
1183.2	1160.97	32
1540.63	1558.79	32
1969.66	2259.88	32
2337.06	2669.93	32
2721.78	2705.72	32
3127.02	4026.7	32
3468.83	3462.42	32
1.12	1.14	33
1.21	1.4	33
1.45	1.24	33
1.51	1.31	33
1.4	1.66	33
1.69	1.48	33
1.61	1.61	33
1.92	1.49	33
2.18	1.95	33
2.45	2.77	33
3.19	3.53	33
5.6	4.99	33
8.05	7.86	33
13.77	13.65	33
25.71	25.32	33
47.16	52.21	33
92.66	89.95	33
178.32	173.77	33
352.22	347.09	33
664.95	662.24	33
991.37	1091.41	33
1328.83	1305.66	33
1663.47	1639.47	33
1954.34	1964.65	33
2349.44	2251.45	33
2630.93	2846.87	33
3011.86	2948.52	33
1.13	0.99	33
1.21	1.25	33
1.39	1.13	33
1.47	1.57	33
1.44	1.41	33
1.74	1.53	33
1.9	1.6	33
2.25	2.14	33
2.83	2.68	33
4.96	4.28	33
7.21	6.27	33
13.04	12.57	33
23.48	18.82	33
46.19	45.87	33
89.05	79.77	33
177.9	177.48	33
351.92	348.34	33
695.65	692.01	33
1388.27	1395.92	33
2691.57	2686.18	33
4034.25	4026.21	33
5306.87	5348.89	33
6616.2	6623.15	33
7926.68	7959.45	33
9283.22	9230.99	33
10521.04	10600.58	33
11896.76	11840.92	33
1.22	1.12	33
1.32	1.35	33
1.35	1.27	33
1.48	1.33	33
1.52	1.48	33
1.54	1.77	33
1.71	1.66	33
1.99	2.06	33
2.17	2.33	33
2.91	2.82	33
4.14	4.09	33
6.36	6.06	33
9.34	9.26	33
15.35	15.31	33
27.36	26.79	33
48.89	48.86	33
92.44	92.8	33
181.49	175.91	33
352.41	349.15	33
683.86	663.69	33
992.93	1003.95	33
1346.82	1311.92	33
1627.14	1658.42	33
2033.08	1955.08	33
2341.04	2289.72	33
2614.92	2639.45	33
2949.2	2929.75	33
1.17	1.03	33
1.21	1.2	33
1.34	1.53	33
1.42	1.48	33
1.68	1.48	33
1.58	1.42	33
1.69	1.93	33
2.45	2.18	33
2.99	2.89	33
4.47	4.66	33
8.38	7.58	33
13.81	13.74	33
25.48	25.07	33
46.41	47.05	33
90.16	91.56	33
177.7	177.04	33
352.53	350.21	33
694.26	697.83	33
1379.52	1388.4	33
2680.76	2401.16	33
4031.79	3998.57	33
5330.1	5315.75	33
6641.99	6613.01	33
8003.13	7878.09	33
9258.2	9325.44	33
10535.64	9434.06	33
11921.95	10566.39	33
1.18	1.1	34
1.39	1.34	34
1.27	1.44	34
1.58	1.39	34
1.74	1.46	34
1.6	1.61	34
1.76	1.91	34
2.06	1.84	34
2.54	2.41	34
2.99	3.04	34
4.81	4.82	34
7.34	7.7	34
12.28	12.36	34
22.29	23.66	34
42.86	42.71	34
82.35	83.49	34
162.91	158.34	34
322.28	313.64	34
621.38	622.49	34
1212.3	1256.27	34
1788.25	1787.91	34
2377.87	2391.76	34
2951.33	3285.95	34
3598.14	3528.37	34
4158.44	4548.22	34
4674.23	4668.99	34
5340.49	5321.25	34
1.37	1.21	34
1.29	1.32	34
1.37	1.96	34
1.53	1.55	34
1.32	1.55	34
1.46	1.75	34
1.82	1.67	34
2.12	2.17	34
2.57	2.86	34
3.77	3.5	34
6.25	6.46	34
11.09	10.99	34
20.03	20.24	34
37.48	37.36	34
73.72	72.89	34
145.2	144.27	34
288.33	286.08	34
566.38	569.97	34
1140.69	1138.43	34
2214.97	2228.55	34
3287.2	3290.79	34
4381.16	4380.34	34
5449.74	5458.31	34
6539.67	6524.94	34
7611.12	7630.05	34
8705.35	8702.87	34
9779.83	9776.13	34
1.22	1.1	34
1.33	1.38	34
1.45	1.41	34
1.51	1.39	34
1.57	1.59	34
1.68	1.76	34
1.76	1.83	34
2.18	2.06	34
2.86	2.46	34
3.23	3.49	34
4.96	5.09	34
8.57	7.79	34
13.4	13.49	34
23.98	23.47	34
42.91	44.76	34
82.61	82.04	34
163.48	163.46	34
321.68	310.33	34
625.59	622.19	34
1199.22	1266.71	34
1800.43	1805.79	34
2389.14	2466.41	34
2976.96	2994.55	34
3532.0	3549.9	34
4155.99	4371.49	34
4765.63	4745.02	34
5345.72	5354.45	34
1.28	1.26	34
1.37	1.32	34
1.52	1.36	34
1.42	1.22	34
1.58	1.4	34
1.78	1.41	34
1.59	2.04	34
2.11	2.26	34
2.86	2.91	34
4.39	4.22	34
6.89	6.15	34
11.92	11.68	34
21.07	20.91	34
38.21	39.21	34
75.29	74.97	34
144.61	145.27	34
287.15	285.96	34
567.09	573.97	34
1140.83	1137.82	34
2221.28	2217.72	34
3303.33	3297.51	34
4385.59	4380.06	34
5454.27	5460.18	34
6544.36	5842.67	34
7616.56	7614.19	34
8705.51	8702.0	34
9771.0	9766.86	34
1.12	1.25	35
1.25	1.29	35
1.39	1.28	35
1.48	1.47	35
1.49	1.53	35
1.59	1.53	35
1.9	1.68	35
2.13	2.08	35
2.81	2.82	35
3.81	3.94	35
6.5	6.22	35
10.92	11.61	35
19.64	20.12	35
37.98	37.42	35
73.73	73.61	35
144.9	144.59	35
286.8	284.46	35
570.71	568.42	35
1137.32	1133.56	35
2221.41	1964.17	35
3292.43	3289.13	35
4378.48	4369.15	35
5450.82	4860.01	35
6539.0	6534.53	35
7620.22	7627.66	35
8684.99	8702.81	35
9796.66	9771.53	35
1.73	1.22	35
1.32	1.39	35
1.47	1.3	35
1.41	1.42	35
1.55	1.64	35
1.77	1.58	35
1.76	1.88	35
2.06	2.03	35
2.45	2.58	35
3.02	3.27	35
4.56	4.84	35
8.08	7.0	35
12.3	12.17	35
22.72	22.12	35
43.31	43.37	35
83.43	82.2	35
161.66	157.34	35
317.23	311.17	35
622.1	619.27	35
1206.7	1196.71	35
1797.22	1795.06	35
2380.51	2370.53	35
2970.2	2979.37	35
3565.65	3504.51	35
4154.79	4085.5	35
5105.56	4662.53	35
5313.85	5504.85	35
1.11	1.25	35
1.47	1.39	35
1.46	1.39	35
1.45	1.47	35
1.67	1.41	35
1.6	1.53	35
1.96	1.78	35
2.27	2.26	35
2.84	2.75	35
4.25	4.42	35
6.99	6.92	35
12.09	11.9	35
20.74	18.73	35
38.94	38.15	35
74.79	75.0	35
144.32	130.23	35
287.37	285.11	35
569.49	566.68	35
1137.2	1136.75	35
2218.01	2212.77	35
3294.17	3297.82	35
4384.55	3911.53	35
5467.15	5470.5	35
6552.11	5846.28	35
7626.32	7612.85	35
8703.7	8701.7	35
9781.27	9780.75	35
1.12	1.04	35
1.26	1.21	35
1.4	1.45	35
1.4	1.44	35
1.54	1.46	35
1.67	1.58	35
1.8	1.85	35
2.19	2.02	35
2.49	2.6	35
3.48	3.46	35
4.67	4.95	35
7.96	8.07	35
13.37	13.12	35
22.53	23.35	35
44.46	45.1	35
83.53	82.64	35
162.1	162.67	35
311.33	315.63	35
626.71	624.37	35
1194.25	1215.86	35
1815.94	1788.4	35
2358.25	2394.41	35
2953.53	2990.73	35
3604.53	3678.43	35
4171.42	4099.46	35
4768.99	4699.59	35
5332.6	5347.83	35
1.08	1.06	36
1.13	1.28	36
1.29	1.34	36
1.44	1.35	36
1.4	1.44	36
1.58	1.54	36
1.74	1.6	36
2.1	2.21	36
2.85	2.69	36
5.03	4.12	36
7.19	6.29	36
12.51	12.93	36
23.87	21.13	36
45.37	46.02	36
90.72	90.13	36
179.6	176.14	36
349.92	348.28	36
694.72	693.72	36
1386.88	1386.25	36
2707.3	2675.24	36
4037.53	4008.82	36
5335.03	5325.29	36
6660.71	6627.83	36
8039.95	7004.72	36
9331.91	9277.01	36
10576.39	10544.51	36
12012.47	11891.0	36
1.13	1.17	36
1.22	1.2	36
1.44	1.39	36
1.3	1.25	36
2.15	1.36	36
1.35	1.48	36
1.5	1.53	36
1.99	2.0	36
2.33	2.03	36
2.43	2.46	36
3.23	3.31	36
4.98	5.14	36
8.12	7.88	36
14.3	13.8	36
25.5	25.52	36
48.01	52.0	36
91.37	90.52	36
177.79	175.77	36
350.73	344.95	36
672.65	670.84	36
1015.13	989.38	36
1321.4	1478.47	36
1664.24	1668.89	36
2036.81	1968.18	36
2290.32	2503.22	36
2640.34	2613.19	36
2987.69	3263.47	36
1.25	1.11	36
1.36	1.28	36
1.34	1.31	36
1.41	1.33	36
1.36	1.59	36
1.6	1.66	36
1.89	1.82	36
2.28	2.2	36
3.63	2.78	36
4.4	4.43	36
8.14	7.47	36
13.61	13.61	36
24.83	25.28	36
46.75	46.54	36
91.05	90.27	36
178.32	178.21	36
350.85	350.86	36
694.86	698.09	36
1388.95	1378.09	36
2729.79	2393.11	36
4003.03	4013.91	36
5322.63	5349.44	36
6627.78	6642.38	36
7922.83	7073.95	36
9310.4	9295.84	36
10580.82	10599.33	36
12010.22	11851.46	36
1.26	1.04	36
1.19	1.16	36
2.02	1.34	36
1.42	1.36	36
1.25	1.28	36
1.42	1.48	36
1.74	1.68	36
1.94	1.86	36
2.15	2.51	36
2.97	3.05	36
4.58	3.95	36
6.15	6.17	36
9.27	9.35	36
15.34	15.56	36
26.76	26.75	36
48.58	49.11	36
93.64	92.01	36
179.74	176.48	36
355.92	394.19	36
675.85	672.56	36
998.66	1003.98	36
1330.89	1316.11	36
1675.78	1645.48	36
1984.37	1954.74	36
2348.32	2266.99	36
2631.49	2619.57	36
2960.24	2917.07	36
0.93	0.93	37
1.01	1.01	37
1.28	1.19	37
1.71	1.67	37
2.4	2.48	37
4.1	3.57	37
7.78	7.76	37
12.73	11.52	37
19.59	25.45	37
23.27	28.64	37
24.54	23.43	37
24.56	24.83	37
30.76	24.25	37
40.11	31.8	37
42.46	35.55	37
48.36	56.2	37
82.38	80.7	37
121.22	127.2	37
184.85	232.65	37
321.56	429.49	37
595.58	824.1	37
1127.07	1594.58	37
1633.66	2369.55	37
2161.51	3104.76	37
2731.82	3849.51	37
3223.62	4586.07	37
3747.24	5442.2	37
4296.82	6154.11	37
4874.18	7006.83	37
0.86	0.87	37
1.02	0.98	37
1.38	1.16	37
1.8	1.58	37
2.59	2.57	37
4.29	3.84	37
6.18	6.88	37
13.82	13.53	37
18.01	13.7	37
26.99	21.11	37
25.38	25.53	37
25.82	28.38	37
26.53	31.63	37
33.97	44.62	37
41.44	44.56	37
74.34	63.0	37
116.71	91.62	37
226.45	172.79	37
470.87	316.83	37
1017.35	614.5	37
2080.59	1177.92	37
4098.55	2292.3	37
6076.96	3398.92	37
8125.95	4544.71	37
10053.19	5659.28	37
12107.36	6756.68	37
13878.08	7984.33	37
16029.72	9014.55	37
17860.24	10137.91	37
0.83	0.86	37
1.05	1.07	37
1.19	1.24	37
1.79	1.66	37
2.66	2.65	37
4.2	4.23	37
7.0	7.04	37
13.41	12.73	37
14.67	19.48	37
13.8	17.95	37
21.73	25.11	37
20.19	28.72	37
26.65	19.09	37
29.4	30.08	37
39.27	37.64	37
54.67	54.54	37
85.67	76.32	37
148.34	120.48	37
233.16	222.92	37
444.15	416.77	37
834.22	797.01	37
1582.79	1527.17	37
2358.19	2211.73	37
3106.03	2977.75	37
3896.84	3663.34	37
4665.65	4453.61	37
5433.02	5161.61	37
6201.12	5830.4	37
6943.78	6611.25	37
0.86	0.9	37
0.98	1.05	37
1.28	1.25	37
1.75	1.65	37
2.64	2.48	37
4.3	4.42	37
7.08	6.63	37
10.52	12.41	37
18.96	20.28	37
20.84	17.82	37
31.15	25.36	37
25.48	21.0	37
33.94	23.53	37
25.07	27.02	37
50.58	38.86	37
75.68	65.9	37
125.03	94.9	37
228.1	161.84	37
505.9	288.28	37
1113.03	578.99	37
2245.9	1083.96	37
4440.93	2100.33	37
6596.7	3141.54	37
8486.09	4216.01	37
11005.6	5246.76	37
13066.06	6201.03	37
15381.74	7275.01	37
17357.91	8344.03	37
19543.96	9425.23	37
0.99	1.01	38
1.14	0.95	38
1.28	1.35	38
1.73	1.72	38
3.3	2.67	38
4.34	4.23	38
7.63	7.34	38
10.42	13.68	38
14.89	24.2	38
26.66	25.85	38
16.28	20.46	38
26.3	32.31	38
33.03	34.61	38
36.41	36.87	38
43.25	39.44	38
54.56	53.6	38
99.81	96.21	38
142.51	163.93	38
248.46	303.77	38
484.63	555.7	38
876.45	1079.85	38
1702.82	2087.73	38
2491.67	3108.4	38
3293.26	4087.76	38
3997.85	5130.45	38
4805.46	6043.6	38
5528.35	7173.86	38
6416.31	8085.34	38
7101.18	9121.45	38
0.9	1.05	38
1.06	1.09	38
1.35	1.28	38
1.79	1.67	38
2.87	2.99	38
4.34	4.59	38
8.21	7.85	38
13.25	13.97	38
18.7	25.85	38
24.54	22.44	38
20.95	25.1	38
34.73	16.22	38
25.14	23.48	38
35.36	33.74	38
43.61	37.64	38
69.26	60.66	38
101.78	95.35	38
151.93	141.74	38
464.16	266.36	38
908.37	497.72	38
1851.4	997.78	38
3665.61	1870.61	38
5441.93	2774.18	38
7240.04	3689.76	38
8921.83	4622.07	38
10739.04	5546.06	38
12519.91	6468.34	38
14250.91	7355.19	38
16838.88	8709.25	38
0.95	0.85	38
1.09	1.07	38
1.38	1.36	38
1.78	1.68	38
2.73	2.7	38
4.59	4.31	38
7.45	7.54	38
11.86	12.01	38
10.2	17.85	38
17.28	21.6	38
21.71	27.37	38
26.1	26.97	38
29.52	35.28	38
29.1	40.22	38
36.62	42.24	38
59.37	63.09	38
100.45	85.73	38
171.96	161.07	38
288.11	289.75	38
650.74	559.19	38
1085.25	1085.58	38
2139.79	2055.18	38
3103.82	3076.06	38
4090.64	4043.2	38
5105.67	5015.23	38
6094.57	6018.62	38
7075.78	7079.09	38
7943.63	7983.52	38
9111.45	9016.08	38
0.94	0.88	38
1.14	1.04	38
1.3	1.23	38
1.78	1.78	38
2.71	2.6	38
4.28	4.29	38
6.92	8.01	38
12.94	12.53	38
21.17	19.93	38
11.34	22.44	38
30.82	26.27	38
29.7	27.19	38
28.2	32.75	38
37.26	30.55	38
39.43	44.76	38
62.92	57.94	38
112.55	90.29	38
191.66	142.75	38
490.15	236.03	38
974.11	452.02	38
1956.39	882.51	38
3921.45	1683.31	38
5868.43	2461.56	38
7837.81	3267.22	38
9646.68	4135.97	38
11654.86	4898.72	38
13713.47	5660.17	38
15637.92	6522.89	38
17529.19	7314.17	38
0.85	0.93	39
1.06	1.01	39
1.33	1.34	39
1.69	1.79	39
2.72	2.64	39
4.34	4.36	39
6.64	6.13	39
9.66	8.98	39
19.05	13.9	39
29.17	18.82	39
22.77	15.01	39
25.96	32.44	39
31.84	28.65	39
31.45	33.09	39
43.2	53.59	39
59.91	43.77	39
89.16	78.14	39
228.81	140.17	39
466.08	261.38	39
911.47	499.26	39
1867.02	962.87	39
3646.75	1851.4	39
5345.1	2793.57	39
7156.42	3650.68	39
8979.53	4602.11	39
10706.57	5570.03	39
12454.52	6499.76	39
14224.68	7321.47	39
16091.5	8210.31	39
0.85	0.85	39
1.04	1.01	39
1.22	1.3	39
1.88	1.77	39
2.67	2.68	39
4.36	4.43	39
6.93	6.29	39
12.55	14.29	39
16.94	12.89	39
20.12	24.52	39
23.99	23.3	39
34.18	26.98	39
36.88	26.28	39
33.49	30.33	39
44.9	42.53	39
60.87	49.74	39
99.22	92.28	39
150.43	162.58	39
272.66	290.93	39
501.63	557.24	39
897.81	1088.19	39
1653.17	2083.04	39
2365.01	3072.64	39
3173.37	4100.62	39
3957.9	5080.3	39
4776.42	6118.56	39
5525.95	7059.53	39
6155.72	8115.49	39
6945.09	9189.56	39
0.98	0.93	39
1.04	1.09	39
1.3	1.33	39
1.81	1.82	39
2.53	2.64	39
4.48	4.46	39
7.64	7.8	39
14.18	13.8	39
22.78	21.95	39
30.42	26.78	39
33.8	26.69	39
31.31	19.29	39
26.4	34.65	39
39.71	33.87	39
41.16	47.23	39
58.82	52.17	39
99.13	93.32	39
241.5	139.87	39
518.27	243.66	39
997.48	454.74	39
2028.79	877.64	39
3911.09	1680.59	39
5869.14	2499.33	39
7875.13	3225.43	39
9764.14	4071.55	39
11751.93	4901.63	39
13524.95	5668.79	39
15504.7	6541.99	39
17461.74	7315.04	39
0.87	1.4	39
1.06	1.01	39
1.27	1.3	39
1.88	1.69	39
2.71	2.71	39
4.23	3.34	39
7.73	7.93	39
13.65	13.37	39
18.95	18.34	39
24.11	17.97	39
23.78	25.12	39
32.95	17.42	39
33.66	28.79	39
34.91	39.47	39
49.6	40.74	39
59.39	58.49	39
100.95	100.28	39
166.15	149.86	39
301.98	289.79	39
590.13	555.67	39
1101.32	1081.63	39
2069.69	2055.9	39
3017.92	3079.13	39
4090.07	4100.19	39
5052.41	5101.95	39
6016.26	6056.75	39
6930.05	7067.68	39
8160.2	8050.08	39
8844.36	9004.69	39
0.87	0.9	40
0.87	0.94	40
1.22	1.19	40
1.75	1.75	40
2.63	2.62	40
4.22	4.1	40
7.89	7.58	40
9.72	12.87	40
20.05	23.31	40
24.56	26.81	40
18.9	20.89	40
21.5	16.5	40
32.56	24.58	40
26.65	37.06	40
39.01	38.03	40
76.21	55.24	40
120.36	98.78	40
252.94	176.68	40
510.87	324.9	40
951.89	606.37	40
2091.36	1193.31	40
4040.97	2312.8	40
6057.66	3405.86	40
8120.88	4543.76	40
9953.47	5652.62	40
11902.09	6770.88	40
14127.36	7853.31	40
16094.47	8925.8	40
17840.8	10123.65	40
0.77	1.07	40
1.49	1.56	40
1.24	1.15	40
1.66	1.73	40
2.61	2.56	40
4.16	4.29	40
5.99	7.54	40
10.63	11.41	40
17.84	18.0	40
13.37	14.41	40
34.54	27.75	40
27.2	23.19	40
29.84	25.92	40
34.02	29.67	40
51.33	45.34	40
59.89	58.61	40
71.34	74.73	40
110.65	133.99	40
184.51	237.87	40
343.8	427.58	40
612.14	834.48	40
1153.25	1587.7	40
1643.53	2365.47	40
2150.0	3063.88	40
2721.9	3853.67	40
3191.89	4613.07	40
3774.84	5294.63	40
4374.71	6145.54	40
4783.52	6895.99	40
0.85	0.77	40
1.63	0.99	40
1.16	1.13	40
1.62	1.67	40
2.49	2.63	40
3.44	4.47	40
7.51	7.79	40
12.53	10.08	40
10.25	17.35	40
29.09	17.84	40
14.76	31.2	40
24.54	22.93	40
30.88	26.94	40
42.54	28.14	40
45.3	44.64	40
59.71	73.14	40
116.93	94.05	40
268.53	162.72	40
533.0	296.32	40
1047.49	565.19	40
2257.4	1115.23	40
4416.68	2147.96	40
6602.06	3149.2	40
8811.94	4207.67	40
10904.14	5238.69	40
12593.56	6268.22	40
15238.83	7290.05	40
17382.16	8279.66	40
19628.17	9256.26	40
0.84	0.84	40
0.98	0.94	40
1.16	1.28	40
1.72	1.71	40
2.61	2.44	40
4.73	4.07	40
7.46	7.76	40
13.85	11.41	40
14.99	13.24	40
23.99	15.11	40
21.84	33.9	40
18.69	21.8	40
35.05	19.62	40
36.05	28.19	40
39.68	38.03	40
46.64	59.18	40
81.62	80.86	40
143.88	116.66	40
240.67	230.22	40
447.56	414.25	40
857.08	808.3	40
1616.69	1536.39	40
2351.02	2243.94	40
3115.56	2972.99	40
3836.18	3691.95	40
4608.01	4404.06	40
5432.28	5070.77	40
6348.98	5835.82	40
7135.04	6611.28	40
1.03	0.99	41
1.3	1.18	41
1.62	1.52	41
2.23	1.99	41
2.92	3.85	41
4.63	5.47	41
7.35	7.69	41
8.19	11.76	41
9.75	9.95	41
15.19	18.5	41
21.3	22.23	41
25.7	25.45	41
35.07	32.91	41
42.99	41.36	41
62.89	59.76	41
97.3	94.74	41
168.8	165.57	41
307.22	315.51	41
599.67	599.69	41
1157.84	1134.42	41
1698.32	1689.81	41
2303.89	2295.46	41
2809.77	2779.15	41
3372.93	3358.88	41
3938.86	3906.39	41
4509.11	4440.82	41
5033.83	4959.84	41
0.96	0.99	41
1.35	1.13	41
1.47	1.5	41
1.99	2.02	41
3.43	2.91	41
4.93	4.61	41
9.52	8.69	41
11.2	8.79	41
9.3	12.28	41
14.62	15.0	41
19.89	22.47	41
27.78	26.12	41
36.61	36.79	41
51.44	47.02	41
78.39	74.44	41
125.65	126.71	41
229.97	232.9	41
429.23	439.18	41
855.37	845.97	41
1628.49	1617.8	41
2416.36	2385.34	41
3220.58	3174.02	41
3969.47	3955.72	41
4710.23	4720.67	41
5560.58	5514.25	41
6291.56	6266.9	41
7121.07	7052.02	41
0.99	0.93	41
1.21	1.15	41
1.41	1.45	41
2.05	1.77	41
2.87	2.67	41
4.49	5.38	41
5.76	4.56	41
9.09	8.63	41
10.49	9.8	41
14.4	13.14	41
15.52	20.79	41
22.31	23.15	41
30.03	29.42	41
36.79	37.25	41
51.14	51.11	41
86.13	84.53	41
150.91	152.08	41
279.33	284.52	41
540.55	540.32	41
1051.87	1029.39	41
1545.39	1538.25	41
2043.64	2032.72	41
2556.34	2543.53	41
3032.49	2975.9	41
3481.1	3490.81	41
3997.55	4064.05	41
4510.3	4491.4	41
0.94	1.01	41
1.1	1.18	41
2.12	1.27	41
1.98	1.92	41
3.45	3.0	41
5.16	4.64	41
5.94	7.4	41
12.12	7.7	41
13.93	12.48	41
16.43	14.27	41
24.27	19.49	41
27.84	30.92	41
30.16	31.81	41
45.94	48.25	41
73.84	69.44	41
120.29	124.9	41
219.16	223.53	41
419.13	410.89	41
794.96	800.95	41
1531.06	1553.1	41
2262.33	2242.13	41
2981.94	2994.18	41
3726.44	3760.54	41
4512.16	4380.23	41
5165.73	5103.5	41
6573.54	6387.78	41
6761.16	6680.3	41
1.13	1.06	42
1.13	1.15	42
1.34	1.49	42
1.79	1.97	42
2.67	2.94	42
4.83	4.94	42
5.0	5.05	42
8.15	8.19	42
9.41	9.18	42
12.05	9.59	42
20.06	17.94	42
29.4	27.45	42
33.75	36.81	42
47.77	43.12	42
73.26	72.03	42
125.53	125.65	42
230.97	227.05	42
418.84	430.01	42
829.37	832.49	42
1607.69	1607.85	42
2422.31	2387.96	42
3154.36	3145.87	42
3957.36	3923.58	42
4646.85	4792.11	42
5463.16	5464.68	42
6277.74	6274.27	42
7023.2	7030.87	42
0.96	1.13	42
1.0	1.12	42
1.48	1.59	42
1.81	2.74	42
3.01	2.16	42
5.04	4.79	42
6.78	6.34	42
6.41	9.42	42
14.86	8.21	42
16.54	13.01	42
22.09	21.1	42
27.6	26.37	42
30.51	30.68	42
38.64	39.51	42
56.73	58.91	42
94.06	94.14	42
165.31	161.91	42
306.77	307.35	42
590.4	586.54	42
1122.67	1125.46	42
1652.82	1666.1	42
2158.6	2235.32	42
2741.42	2721.65	42
3271.31	3313.85	42
3788.17	3775.68	42
4333.01	4329.03	42
4997.18	4893.24	42
1.3	1.09	42
1.22	1.45	42
1.4	1.44	42
1.9	2.0	42
2.88	2.97	42
4.18	4.8	42
7.27	4.22	42
7.77	11.21	42
11.42	9.17	42
13.54	14.94	42
18.58	18.77	42
23.57	24.98	42
31.17	30.34	42
44.22	42.8	42
68.08	67.94	42
115.71	116.3	42
214.28	214.45	42
405.01	410.24	42
802.85	799.78	42
1527.62	1526.3	42
2242.3	2213.14	42
2961.01	3011.3	42
3675.72	3662.53	42
4443.84	4351.03	42
5231.26	5161.73	42
5875.88	5875.19	42
6567.33	6583.04	42
0.98	1.01	42
1.18	1.12	42
1.51	1.43	42
1.93	1.91	42
3.09	2.85	42
4.8	4.46	42
6.25	6.53	42
8.62	7.28	42
6.04	8.23	42
14.12	10.47	42
18.94	16.67	42
24.31	23.18	42
28.92	25.48	42
36.99	38.46	42
50.8	56.02	42
88.02	86.88	42
152.45	150.57	42
278.74	278.47	42
534.67	547.58	42
1036.8	1038.04	42
1537.78	1534.1	42
2026.47	2060.69	42
2496.15	2504.89	42
2955.99	2994.99	42
3458.47	3505.71	42
3961.75	3978.27	42
4420.57	4371.27	42
1.06	0.94	43
1.16	1.11	43
1.46	1.56	43
2.12	1.86	43
3.0	2.54	43
4.68	4.14	43
7.54	8.55	43
8.63	5.0	43
8.84	11.61	43
14.77	14.99	43
19.45	18.13	43
19.55	24.52	43
30.06	28.18	43
38.15	39.59	43
56.04	57.07	43
93.8	92.58	43
169.98	164.39	43
313.0	307.44	43
588.05	585.37	43
1132.22	1123.4	43
1639.22	1684.3	43
2214.11	2198.33	43
2735.35	2724.7	43
3260.83	3246.6	43
3845.71	3828.56	43
4343.21	4366.74	43
4860.41	4898.53	43
1.04	0.97	43
1.11	1.19	43
1.51	1.43	43
1.98	1.77	43
2.66	2.81	43
3.61	4.88	43
5.42	7.69	43
7.72	7.74	43
11.37	6.57	43
13.44	15.06	43
18.84	22.27	43
24.73	25.56	43
36.48	32.13	43
48.49	47.27	43
73.64	72.06	43
122.44	121.26	43
226.8	228.41	43
429.79	430.56	43
836.27	839.72	43
1604.49	1636.19	43
2386.04	2385.93	43
3137.35	3156.28	43
3906.71	3946.33	43
4749.48	4729.79	43
5485.26	5492.09	43
6248.91	6321.0	43
7069.3	7034.89	43
0.95	0.85	43
1.06	1.15	43
1.39	1.51	43
2.01	1.93	43
3.03	3.05	43
4.26	5.03	43
6.16	7.48	43
11.32	7.94	43
12.16	6.48	43
10.78	13.83	43
22.79	13.33	43
21.5	23.59	43
29.16	25.44	43
37.65	39.06	43
52.94	51.55	43
86.48	85.45	43
152.5	150.6	43
280.25	278.18	43
535.74	540.85	43
1040.35	1035.08	43
1516.54	1530.44	43
2029.31	2027.34	43
2500.2	2535.07	43
2987.22	2961.0	43
3456.59	3477.44	43
3993.68	4005.31	43
4513.22	4320.38	43
1.0	0.96	43
1.15	1.01	43
1.46	1.32	43
2.02	1.86	43
2.78	2.84	43
5.04	5.2	43
9.08	8.5	43
7.32	7.49	43
10.2	9.87	43
10.82	12.91	43
21.32	17.39	43
25.97	26.47	43
33.59	29.59	43
45.39	46.99	43
68.75	69.28	43
118.43	118.55	43
215.23	216.46	43
410.58	403.04	43
787.16	786.98	43
1495.96	1517.82	43
2248.18	2271.36	43
3007.19	2961.47	43
3777.31	3709.58	43
4443.15	4361.86	43
5198.88	5041.0	43
5809.95	5930.87	43
6623.94	6515.16	43
0.88	0.89	44
1.1	1.08	44
1.32	1.28	44
1.83	1.78	44
2.95	2.5	44
4.53	5.03	44
7.08	7.15	44
8.81	9.38	44
13.12	9.44	44
13.71	13.16	44
20.16	19.79	44
26.75	25.83	44
36.21	33.94	44
47.28	44.23	44
75.26	74.11	44
124.24	123.63	44
229.9	227.58	44
430.31	433.37	44
842.53	840.77	44
1620.75	1626.94	44
2393.18	2370.07	44
3189.75	3199.81	44
3938.0	3952.64	44
4672.16	4743.36	44
5484.26	5476.71	44
6205.86	6370.31	44
7067.43	7040.83	44
0.97	0.91	44
1.12	0.94	44
1.41	1.44	44
1.9	1.87	44
3.03	2.99	44
5.2	5.46	44
6.59	7.0	44
6.75	5.21	44
9.44	12.35	44
13.79	11.18	44
15.87	18.2	44
20.88	24.86	44
31.16	27.75	44
43.25	40.8	44
59.6	58.07	44
92.33	96.95	44
165.43	163.13	44
308.93	308.47	44
601.06	594.61	44
1146.19	1156.71	44
1723.93	1707.01	44
2253.19	2235.68	44
2826.17	2800.61	44
3355.85	3351.19	44
3888.95	3894.87	44
4485.53	4492.08	44
5019.28	5028.31	44
0.89	1.22	44
1.17	1.0	44
1.21	1.44	44
1.83	2.04	44
2.96	2.86	44
4.8	5.1	44
7.38	3.59	44
7.54	10.18	44
11.4	11.22	44
13.81	16.6	44
17.08	21.46	44
24.83	24.49	44
31.75	30.73	44
49.37	44.61	44
71.1	70.12	44
117.73	116.51	44
220.0	213.92	44
416.78	415.05	44
782.02	798.81	44
1529.69	1522.66	44
2287.21	2287.45	44
3006.69	2974.84	44
3690.87	3714.44	44
4422.26	4473.8	44
5144.46	5225.37	44
5825.29	5826.95	44
6678.3	6666.23	44
1.12	1.0	44
1.04	1.16	44
1.43	1.31	44
1.82	1.82	44
3.05	2.88	44
4.18	5.33	44
8.19	6.27	44
7.87	5.96	44
10.72	10.18	44
12.79	14.19	44
20.69	19.45	44
24.2	21.01	44
26.5	30.06	44
36.88	38.93	44
56.7	49.49	44
86.58	84.15	44
153.39	150.83	44
282.67	280.79	44
530.71	546.36	44
1034.22	1046.2	44
1526.34	1551.91	44
2032.97	2047.75	44
2551.29	2508.41	44
3026.35	3034.52	44
3515.21	3469.35	44
4021.11	3988.4	44
4986.68	4582.43	44
1.01	1.01	45
1.14	1.88	45
1.65	1.57	45
2.55	2.4	45
4.25	3.79	45
6.22	5.31	45
6.88	7.95	45
9.44	10.33	45
9.54	10.35	45
11.9	8.84	45
11.12	12.55	45
13.98	14.17	45
20.64	19.09	45
27.43	28.88	45
43.88	44.79	45
74.75	76.64	45
119.54	140.16	45
229.49	265.49	45
473.67	517.66	45
866.32	992.45	45
1479.16	1953.97	45
2686.18	2867.36	45
3551.26	3870.32	45
3603.53	4821.71	45
5303.24	5704.13	45
4970.05	6747.16	45
6476.76	7686.72	45
6339.04	8525.85	45
0.99	0.97	45
1.23	1.25	45
1.72	1.61	45
2.46	2.54	45
3.79	3.59	45
5.1	5.12	45
7.81	8.47	45
9.68	9.91	45
10.13	9.33	45
12.24	11.33	45
16.31	13.3	45
30.5	14.86	45
50.54	24.41	45
73.8	33.96	45
134.84	61.27	45
182.47	111.24	45
644.68	212.49	45
995.25	414.09	45
1962.04	819.36	45
5124.96	1616.16	45
5395.89	3139.46	45
4692.25	4689.6	45
10606.01	6266.97	45
7845.66	7794.53	45
22692.5	9354.64	45
34264.97	10819.55	45
12404.89	12434.07	45
33653.62	13955.52	45
0.94	0.99	45
1.7	1.2	45
1.63	1.66	45
2.53	2.48	45
3.73	4.36	45
5.51	5.8	45
8.09	7.96	45
8.3	7.63	45
10.8	8.46	45
10.78	8.17	45
11.1	9.08	45
18.82	14.8	45
17.51	18.83	45
31.52	28.11	45
46.89	41.63	45
76.78	71.39	45
127.25	128.59	45
231.12	241.77	45
431.6	465.58	45
892.93	933.99	45
1737.2	1781.55	45
2623.76	2676.53	45
3220.81	3533.94	45
4274.01	4396.06	45
4648.16	5258.11	45
5815.96	6165.57	45
6769.83	7021.46	45
6560.17	7716.28	45
0.97	1.0	45
1.28	1.15	45
1.67	1.65	45
2.19	2.38	45
3.63	3.32	45
5.79	5.55	45
8.08	8.63	45
9.3	9.93	45
12.05	10.0	45
14.5	9.73	45
10.38	9.38	45
25.48	12.83	45
43.36	20.09	45
28.88	32.36	45
95.68	57.2	45
179.09	103.12	45
503.56	196.71	45
687.04	384.34	45
1937.51	760.72	45
3909.99	1500.46	45
7625.95	2933.9	45
11271.84	4380.83	45
5798.77	5807.36	45
13186.16	7226.68	45
15632.34	8628.7	45
26020.09	10032.79	45
20727.22	11487.0	45
23440.44	12954.54	45
1.12	1.05	46
1.27	1.31	46
1.74	1.66	46
2.58	2.37	46
3.71	3.74	46
6.44	6.32	46
8.53	7.95	46
8.29	9.08	46
7.73	9.86	46
12.75	10.03	46
12.66	11.88	46
16.21	13.6	46
22.44	19.65	46
31.57	32.13	46
50.84	53.59	46
96.05	96.11	46
192.61	179.43	46
338.47	328.97	46
621.15	652.91	46
1292.71	1306.02	46
2452.87	2566.43	46
3738.48	3796.64	46
4753.67	4983.53	46
5757.15	6187.78	46
7215.66	7472.4	46
8516.08	8728.46	46
9521.33	10019.59	46
10897.02	11043.91	46
0.92	1.13	46
1.2	1.26	46
1.78	1.76	46
2.58	2.72	46
4.08	4.24	46
6.28	6.54	46
7.46	8.33	46
10.34	8.45	46
8.06	8.01	46
14.1	8.95	46
11.36	7.84	46
18.81	15.2	46
38.11	20.76	46
65.75	29.7	46
95.09	51.25	46
241.23	91.16	46
174.54	174.76	46
898.72	338.76	46
1277.71	698.5	46
3653.28	1414.97	46
4988.23	2785.47	46
13938.76	4139.36	46
18658.12	5507.89	46
12185.74	6909.54	46
21123.79	8255.97	46
17081.02	9614.87	46
19691.74	10986.63	46
22042.08	12393.14	46
1.16	1.02	46
1.3	1.29	46
1.69	1.58	46
2.49	2.71	46
3.72	3.82	46
5.08	6.21	46
7.31	6.04	46
9.69	8.27	46
8.77	9.12	46
11.1	8.72	46
11.82	10.95	46
19.17	15.36	46
21.55	20.56	46
41.45	31.75	46
57.48	51.39	46
103.95	91.63	46
174.85	173.92	46
364.54	330.79	46
663.01	652.43	46
1285.13	1282.82	46
2377.88	2504.74	46
3670.42	3704.22	46
4801.04	4912.69	46
5914.94	6095.45	46
7404.67	7326.46	46
8290.65	8572.32	46
9746.4	9812.1	46
10390.59	10871.3	46
1.02	1.08	46
1.36	1.28	46
1.75	1.61	46
2.49	2.63	46
3.79	3.76	46
5.44	5.92	46
8.39	7.42	46
9.5	8.11	46
11.57	10.49	46
12.95	10.86	46
15.4	12.68	46
26.1	12.54	46
29.67	20.75	46
87.74	30.75	46
164.08	51.99	46
241.32	93.47	46
468.86	176.78	46
929.98	341.34	46
1841.87	685.22	46
4821.53	1370.98	46
9380.92	2662.81	46
7267.7	3944.52	46
9638.64	5232.17	46
23082.29	6515.41	46
21070.49	7799.01	46
24386.84	9081.41	46
28071.67	10349.7	46
31537.11	11643.88	46
1.0	1.04	47
1.16	1.28	47
1.57	1.61	47
2.37	2.42	47
4.29	3.64	47
6.2	5.52	47
7.96	6.52	47
9.34	8.22	47
11.81	9.77	47
9.79	12.08	47
18.26	10.64	47
31.11	15.28	47
16.76	19.59	47
91.09	29.94	47
107.91	52.12	47
203.3	94.97	47
392.86	173.48	47
1207.59	337.41	47
1534.6	671.74	47
4785.6	1353.8	47
2656.03	2640.64	47
8928.06	3931.37	47
5221.0	5198.81	47
14749.23	6478.57	47
17676.39	7762.57	47
9063.57	9020.59	47
23274.76	10321.58	47
40891.09	11533.6	47
