1.23	1.24
1.28	0.96
1.34	1.12
1.48	1.23
1.5	1.4
1.7	1.56
1.85	1.92
2.02	2.0
2.8	2.81
3.94	3.79
6.01	5.74
10.25	10.02
17.42	17.66
32.78	32.67
62.24	62.14
116.82	118.27
221.17	221.23
427.21	436.26
637.12	633.14
839.91	829.42
1045.1	1066.4
1250.26	1268.54
1458.75	1476.74
1678.56	1653.5
1825.28	1859.66
1.19	1.04
1.3	1.19
1.2	1.05
1.42	1.2
1.44	1.48
1.92	1.73
2.23	1.95
2.7	2.66
3.92	3.81
5.94	5.87
10.15	9.89
18.99	18.67
35.88	35.52
68.74	68.2
131.1	131.56
255.32	260.63
506.61	507.25
1000.21	982.89
1484.28	1463.34
1943.17	1937.54
2417.99	2413.9
2881.8	2888.34
3405.48	3377.27
7610.81	3938.53
4309.67	4300.41
1.05	1.1
1.76	1.03
1.37	1.35
1.31	1.39
1.42	1.38
1.74	1.62
2.83	1.96
2.37	2.52
3.2	2.79
3.82	3.65
5.72	5.4
8.94	9.0
15.61	15.46
28.1	27.22
50.59	50.48
101.75	93.93
186.26	188.54
352.71	346.28
516.75	531.66
686.82	696.9
869.29	855.36
1054.32	998.91
1196.57	1188.82
1359.69	1333.77
1490.15	1507.65
1.45	1.18
1.12	1.15
1.2	1.12
1.32	1.25
1.36	1.54
1.83	1.68
2.38	2.4
3.2	2.72
3.71	3.9
5.92	6.02
9.82	9.7
17.51	17.04
32.29	32.65
64.44	63.26
124.59	124.87
244.9	246.71
487.04	483.29
935.84	938.82
1408.44	1406.49
1859.19	1860.2
2310.72	2285.02
2790.0	2750.45
3217.78	3224.08
3658.89	3656.87
4117.14	4105.3
1.18	1.21
1.34	1.2
1.07	1.25
1.41	1.38
1.47	1.48
1.64	1.85
2.16	1.96
2.49	2.44
3.81	3.58
5.61	5.76
9.72	9.84
17.48	18.35
34.13	35.64
65.11	67.82
125.52	133.24
247.85	255.4
489.18	518.8
960.23	979.57
1422.43	1466.04
1898.08	1949.79
2328.88	2413.87
2816.36	2860.41
3264.89	3385.04
3726.15	3831.63
4211.9	4300.13
1.02	1.19
1.16	1.2
1.26	1.2
1.33	1.4
1.56	1.53
1.76	1.76
2.32	2.25
3.33	3.43
5.45	5.58
9.73	9.07
18.93	17.02
35.28	31.91
69.44	64.32
135.34	101.42
267.4	162.63
536.54	277.62
1060.45	518.4
2069.73	1306.81
3104.23	1247.15
4107.24	1914.92
5104.16	1942.18
6099.71	2370.22
7136.59	4195.06
8104.66	3204.19
9115.28	3318.32
1.09	1.11
1.12	1.12
1.17	1.24
1.33	1.38
1.94	1.47
1.84	1.97
2.29	2.04
2.58	2.65
3.74	3.86
5.92	5.78
9.41	9.68
17.48	20.06
33.61	34.7
66.33	66.14
128.67	128.46
246.08	251.12
493.75	500.69
967.24	979.65
1448.01	1448.87
1906.78	1907.97
2374.52	2382.45
2830.09	2836.33
3281.84	3340.45
3740.49	3780.35
4223.14	4262.77
0.94	1.08
1.07	1.1
1.25	1.23
1.3	1.42
1.54	1.51
1.84	1.91
2.6	2.35
3.44	3.53
5.38	5.62
9.22	9.63
18.38	17.46
35.06	29.78
68.55	58.67
136.14	103.41
270.73	182.8
531.91	284.67
1061.11	443.05
2064.44	1210.38
3081.76	1261.57
4113.21	1945.33
5113.83	1916.48
4811.53	2346.54
7125.99	2810.38
8166.23	3143.06
9125.6	3289.41
1.13	1.12
1.03	1.14
1.22	1.12
1.25	1.25
1.26	1.35
1.87	1.76
2.19	2.29
3.4	3.25
5.99	5.21
10.07	8.94
18.19	16.82
34.79	31.6
68.79	57.77
136.35	108.0
270.78	175.4
535.07	312.15
1076.7	600.46
2065.03	1631.21
3117.73	1275.79
4081.96	1534.53
5110.73	1867.23
6080.6	3599.28
7085.07	2655.83
8106.0	3371.76
9152.62	3422.49
1.2	1.12
1.08	1.09
1.15	1.19
1.3	1.3
1.39	1.52
1.68	1.6
1.81	1.86
2.56	2.43
3.72	3.43
5.63	5.56
10.55	10.24
17.5	17.71
33.49	35.09
65.01	67.67
126.83	128.24
245.6	259.04
499.89	509.76
961.46	982.36
1422.24	1463.76
1887.17	1923.47
2368.74	2431.82
2817.79	2967.43
3314.09	3330.03
3763.79	3914.64
4243.86	4336.01
1.1	1.08
1.03	1.62
1.12	1.09
1.28	1.19
1.61	1.48
1.91	2.12
2.62	2.48
3.37	3.6
5.5	5.54
9.6	9.6
17.5	17.66
34.98	33.68
67.8	66.41
135.54	132.07
266.11	216.81
536.43	318.16
1063.78	601.51
2067.72	779.41
3085.43	1167.82
4096.21	2355.55
5120.5	2968.17
6122.83	2272.59
7116.21	2647.67
8138.86	3650.47
9133.52	5262.37
1.19	1.12
1.06	1.12
1.3	1.16
1.44	1.34
1.45	1.6
1.73	1.81
2.0	2.57
2.62	2.54
3.71	3.72
5.58	5.64
10.08	9.54
17.44	18.44
34.93	34.7
64.47	65.83
127.33	127.82
253.29	247.11
498.07	505.42
959.21	964.01
1415.91	1422.1
1904.67	1926.02
2378.23	2400.93
2859.0	2849.33
3303.74	3325.54
3758.46	3799.1
4240.07	4298.05
0.97	1.14
1.18	1.16
1.06	1.14
1.15	1.43
1.3	1.26
1.57	2.29
2.04	2.15
2.55	2.78
3.51	3.66
6.3	5.83
10.23	10.05
19.27	18.79
35.91	35.7
67.38	67.86
132.11	131.07
257.94	257.96
507.59	504.62
982.91	987.1
1468.88	1459.11
1926.51	1943.89
2415.44	2416.92
2925.85	2886.89
3378.59	3374.95
3830.83	3826.64
4327.59	4326.3
1.05	1.11
1.18	1.36
1.17	1.2
1.44	1.22
1.58	1.53
1.64	1.68
1.91	1.95
2.26	1.98
2.9	2.65
3.88	3.96
5.77	5.83
9.87	9.92
18.49	17.43
32.51	32.4
60.94	60.76
117.42	115.4
226.72	223.14
442.3	436.02
640.04	629.75
839.67	851.0
1065.85	1045.23
1261.53	1235.29
1465.69	1461.73
1699.73	1662.97
1868.92	1820.96
1.06	1.0
1.07	1.02
1.17	1.13
1.23	1.05
1.46	1.95
1.77	1.8
2.3	2.27
2.7	2.65
3.84	3.66
5.87	5.69
9.33	9.57
17.94	17.32
32.85	33.31
64.2	63.56
122.92	123.54
244.14	246.09
481.6	480.72
947.27	936.49
1390.89	1396.49
1843.44	1855.68
2298.65	2289.1
4265.79	2739.35
3198.28	3205.01
3690.27	3674.0
4119.68	4071.77
1.18	1.72
1.04	1.14
1.1	1.16
1.38	1.26
1.49	1.46
1.66	1.72
2.0	1.91
2.64	2.27
3.31	3.12
3.85	4.28
5.6	5.53
9.01	9.45
15.45	14.86
27.54	27.52
50.86	50.49
96.7	95.87
190.2	185.63
356.92	352.91
532.38	509.79
705.21	687.91
848.95	863.78
1028.19	1029.2
1184.49	1177.1
1316.17	1325.24
1487.84	1516.09
1.08	1.13
1.09	1.24
1.46	1.31
1.38	1.45
1.62	1.34
1.87	1.97
1.99	2.01
2.45	2.38
3.01	2.97
4.46	4.42
6.73	6.99
11.03	11.68
20.81	21.63
38.74	41.08
70.3	74.6
136.81	141.05
265.65	288.41
497.65	511.33
739.95	802.12
999.02	1048.71
1215.2	1354.42
1455.49	1686.66
1726.91	1810.0
1941.22	2074.22
2179.38	2427.62
1.1	1.14
1.15	1.31
1.24	1.32
1.47	1.49
1.61	1.7
2.02	2.07
2.72	2.77
4.3	4.64
7.96	7.55
13.35	13.37
24.7	25.16
48.48	49.3
95.18	96.74
189.71	186.69
375.12	381.0
741.44	567.44
1477.48	758.22
2931.49	2635.69
4343.93	2984.16
5712.37	4334.23
7114.35	4706.21
8520.81	4673.76
9915.79	4936.69
11385.31	9469.65
12734.54	8201.23
1.47	0.94
1.18	1.3
1.24	1.3
1.64	1.52
1.7	1.69
2.02	1.95
2.23	2.22
2.59	2.7
3.21	3.59
4.55	5.76
6.9	9.0
12.34	15.25
21.17	30.08
39.61	52.8
72.14	85.84
139.02	225.17
269.2	439.3
504.48	618.82
756.22	949.09
988.62	1130.34
1245.86	1453.62
1502.66	1670.16
1758.16	1934.84
1980.16	2019.39
2191.64	2325.95
1.11	1.04
1.17	1.16
1.28	1.27
1.43	1.54
1.91	1.69
2.03	2.03
2.85	2.84
4.35	4.61
7.3	7.68
13.4	14.01
25.25	26.58
49.52	43.55
96.57	102.8
191.51	182.92
372.34	333.45
743.64	654.48
1484.95	843.37
2876.39	2312.51
4308.85	2914.8
5755.05	4554.89
7180.65	3320.94
8598.2	6137.51
9989.42	4577.68
11467.86	5508.94
12687.42	6053.63
1.03	0.96
1.04	1.18
1.46	1.23
1.48	1.38
1.69	1.62
1.72	1.79
2.09	2.14
2.72	2.62
3.87	4.21
6.06	6.19
10.84	10.79
19.18	20.94
37.05	36.49
70.03	72.02
137.13	141.88
265.61	275.87
520.25	531.43
1024.43	1064.01
1527.52	1609.71
2016.07	2167.06
2508.89	2612.99
3018.81	3169.81
3515.68	3580.18
4034.31	4212.81
4450.11	4676.45
1.19	0.96
1.32	1.22
1.17	1.22
1.17	1.29
1.63	1.7
1.94	1.93
2.81	2.8
3.98	3.97
6.58	6.86
11.87	11.94
21.77	21.94
42.93	43.3
83.92	82.76
165.73	164.33
323.21	326.66
637.95	636.05
1281.61	1282.55
2495.93	2028.63
3696.58	2740.19
4898.74	3539.81
6168.14	4862.59
7301.07	6479.22
8564.04	7698.74
9825.66	8349.39
11073.61	10012.23
1.08	1.09
1.06	1.12
1.19	1.47
1.6	1.62
1.68	1.67
1.87	1.95
2.28	2.22
2.69	2.85
3.96	4.57
6.7	7.9
10.42	12.56
19.78	21.13
36.51	42.49
69.89	77.58
135.88	150.32
267.9	285.25
529.11	537.26
1013.75	956.43
1514.25	1482.08
2030.45	1921.07
2507.54	2414.13
3047.87	2862.07
3555.46	3304.71
4078.02	3873.57
4530.3	4036.27
1.11	1.6
1.22	1.28
1.32	1.28
1.78	2.05
1.47	1.75
2.06	2.14
2.88	3.49
4.13	4.24
6.68	6.99
11.82	13.0
21.59	23.0
42.71	44.33
83.53	85.73
165.82	170.52
324.75	332.85
641.54	669.21
1286.27	1311.8
2488.58	1673.03
3741.39	2934.51
4903.7	3684.42
6095.41	5380.16
7362.5	6265.21
8625.72	7808.78
9818.92	9089.85
11114.41	10297.2
1.14	1.08
1.1	1.15
1.3	1.34
1.26	1.57
1.5	1.54
1.97	2.72
2.73	2.49
3.94	4.08
7.04	6.42
12.27	12.02
22.51	22.22
43.83	42.54
83.5	83.08
162.63	164.18
325.36	324.22
649.36	651.76
1273.21	1288.25
2500.41	2513.53
3759.44	3739.57
4973.51	4905.84
6222.07	6157.72
7376.37	7428.5
8520.87	8537.31
9705.77	9644.51
11012.5	10961.59
1.12	1.13
1.17	1.17
1.37	1.28
1.29	1.52
1.59	1.54
1.85	1.81
1.83	1.93
2.55	2.78
3.72	3.89
6.01	6.42
10.77	10.7
19.17	19.55
37.19	37.46
69.97	72.87
134.44	143.17
265.89	277.04
517.82	559.08
1013.88	1046.03
1505.05	1574.17
1995.22	2138.36
2501.67	2624.86
3031.92	3134.02
3537.53	3708.97
4057.67	4241.34
4486.65	4545.69
1.2	1.08
1.18	1.15
1.47	1.4
1.44	1.59
1.64	1.66
2.13	2.31
2.62	3.03
3.86	4.23
6.54	7.26
11.8	12.37
21.76	22.85
43.34	43.79
86.58	87.24
163.0	170.18
323.22	331.99
652.24	659.35
1277.84	1310.42
2505.22	2585.71
3752.01	3806.55
5005.38	5129.05
6195.56	6316.17
7264.28	7598.22
8598.97	8785.84
9846.45	9848.73
11011.87	11295.84
1.17	1.04
1.25	1.28
1.31	1.28
1.27	1.5
1.76	1.64
1.96	1.98
2.27	2.21
2.94	2.93
4.25	4.4
6.15	7.08
10.74	12.46
19.57	22.18
37.25	42.65
69.5	85.85
137.72	168.6
268.44	321.6
518.14	546.52
1019.85	1017.59
1519.72	1502.92
2012.76	1885.76
2504.4	2411.02
3049.21	2728.15
3494.18	3186.41
4022.73	3589.47
4546.35	4230.13
1.61	1.09
1.65	1.19
1.41	1.36
1.33	1.46
1.62	1.81
2.03	1.93
2.73	2.92
4.26	4.41
7.09	7.35
13.66	13.49
25.15	25.65
49.29	49.13
98.01	96.95
191.34	189.98
376.2	374.24
748.57	747.09
1480.8	1125.18
2902.64	2528.96
4316.47	4068.17
5720.53	4434.88
7138.27	3551.85
8579.76	5013.22
9969.83	7791.91
11351.13	5423.82
12647.02	7999.52
1.07	1.12
1.25	1.21
1.33	1.33
1.46	1.47
1.63	1.66
1.72	1.92
2.13	2.11
2.45	2.4
2.88	3.21
4.25	4.38
6.73	6.84
11.38	11.62
20.7	21.36
38.65	40.43
70.47	75.32
137.62	138.93
269.08	279.23
509.21	567.91
744.13	810.99
985.19	1072.52
1264.34	1290.3
1544.06	1578.41
1761.3	1897.75
2011.66	2160.05
2205.04	2267.16
1.22	1.1
1.01	1.86
1.2	1.37
1.38	1.18
1.83	1.73
2.19	2.06
2.93	3.05
4.36	4.48
7.02	7.72
12.79	14.39
24.67	27.25
48.92	51.4
96.29	101.78
187.59	194.58
375.0	400.7
749.71	796.76
1480.21	1301.42
2923.44	2447.1
4322.49	4020.0
5710.28	3710.58
7105.34	3722.1
8566.26	6382.74
9919.25	7750.92
11247.87	7383.28
12746.96	8030.11
1.31	1.14
1.42	1.19
1.29	1.39
1.26	1.36
1.6	1.4
1.84	1.92
2.09	2.33
2.48	2.75
3.23	3.76
4.6	5.61
7.01	9.32
11.37	16.48
21.15	31.28
38.88	57.97
72.06	102.07
140.33	197.84
260.35	377.19
511.79	846.12
758.46	945.54
1008.58	1277.4
1282.71	1257.13
1456.84	1619.52
1742.17	1749.66
1978.3	2048.39
2246.69	2383.62
1.11	1.18
1.39	1.17
1.68	1.62
1.94	2.0
2.44	2.65
2.87	2.42
3.11	3.23
3.71	3.7
5.15	5.08
7.46	7.27
11.4	11.99
20.71	20.71
37.87	38.8
71.14	70.16
135.99	135.97
265.84	266.27
512.98	503.17
707.69	759.79
987.88	965.95
1181.59	1245.37
1487.65	1464.5
1665.08	1685.73
1949.22	1954.48
2205.12	2215.91
1.16	1.14
1.32	1.29
1.63	1.56
1.95	1.83
2.45	2.26
2.69	2.88
3.09	3.59
4.62	4.69
6.45	6.76
11.44	11.89
20.6	20.37
39.63	40.58
76.11	75.13
146.34	147.84
288.93	295.03
571.66	572.78
1589.67	1120.2
1654.68	1664.0
2194.55	2155.67
2692.53	2724.91
3261.48	3251.02
3785.81	3789.73
4323.38	4324.55
4893.56	4867.49
1.19	1.17
1.14	1.44
1.55	1.62
2.31	2.27
2.53	2.59
3.09	2.89
3.23	3.23
4.33	4.0
4.69	5.19
6.85	7.09
11.81	11.18
18.86	19.59
36.2	34.67
62.82	62.0
121.06	119.48
230.84	227.17
455.3	432.52
639.76	630.95
857.41	838.35
1021.18	1056.25
1260.03	1222.77
1474.65	1443.42
1616.05	1647.26
1812.32	1874.61
1.18	1.18
1.2	1.32
1.66	1.6
2.27	2.7
2.55	2.62
3.4	3.11
3.64	3.5
4.53	4.6
6.46	6.49
11.04	10.78
18.93	19.0
35.01	38.04
67.7	66.86
132.55	135.24
261.67	258.01
499.3	510.54
1484.35	989.51
1472.89	1468.78
1960.26	1935.87
3636.83	2448.71
4354.84	2915.96
3349.54	3356.75
3847.45	3846.32
4294.64	4294.97
1.11	1.05
1.32	1.23
1.78	1.48
2.24	1.89
2.38	3.74
2.74	2.75
3.94	3.41
4.59	4.65
7.85	6.64
11.29	10.73
19.34	19.68
36.99	36.63
69.98	68.84
136.71	135.91
263.76	267.04
518.37	518.16
993.93	1019.89
1471.88	1511.0
1965.56	1995.71
2480.74	2485.14
2935.05	2994.78
3458.45	3448.16
3978.36	3965.69
4477.93	4455.32
1.24	1.07
1.37	1.35
1.52	1.61
2.16	1.99
2.23	2.34
2.95	3.17
3.14	3.34
4.14	4.35
7.31	5.62
8.52	8.48
14.46	14.26
39.85	25.91
77.11	48.61
92.68	92.52
288.41	183.02
357.08	356.66
693.25	692.5
1664.81	1019.73
1382.59	1360.18
1719.83	1681.74
2034.56	2019.84
2342.27	2368.23
2713.39	2689.24
3045.94	3035.01
2.65	1.21
1.27	1.35
1.69	2.12
2.22	2.02
2.74	3.27
3.08	3.05
3.5	3.33
4.39	4.33
6.56	6.59
10.2	10.57
18.1	18.02
33.07	32.43
62.69	63.53
123.76	119.64
239.46	235.47
459.98	466.76
895.1	897.92
1366.12	1332.78
1780.57	1731.52
2227.72	2193.03
2659.43	2629.57
3039.32	3029.71
3478.85	3502.54
4014.43	3908.79
1.16	1.17
1.25	1.36
1.88	1.75
2.67	2.11
2.32	3.09
2.85	3.21
3.87	3.4
4.01	4.06
7.24	5.79
8.03	7.63
13.47	13.72
23.88	24.26
44.24	44.69
85.2	85.53
165.93	165.28
326.54	334.21
633.4	629.75
931.28	936.75
1237.08	1238.03
1538.53	1544.78
1845.29	1839.12
5233.74	2147.87
2462.84	2445.71
2742.63	2765.48
1.13	1.12
1.3	1.14
2.25	1.59
2.11	1.91
2.31	2.29
3.16	2.72
3.47	3.29
4.72	3.7
5.32	6.72
8.62	8.13
21.12	14.13
26.44	25.95
76.28	48.65
94.03	92.86
181.96	183.68
359.7	359.31
1117.58	693.42
1039.96	1023.9
3051.0	1379.24
1713.74	1705.24
2035.12	2026.45
2369.19	2381.98
2708.51	2712.9
3104.69	3078.88
1.0	1.21
1.34	1.16
1.73	1.55
2.09	1.93
2.37	2.39
2.6	3.17
3.42	3.59
4.83	4.66
6.89	7.51
11.64	11.02
19.1	19.8
36.88	36.12
69.4	70.53
132.38	135.52
266.68	261.36
520.34	530.9
1015.78	1008.25
1511.53	1516.09
1995.26	1999.46
2524.49	2477.84
2994.12	2968.58
3464.75	3467.44
3988.51	3955.46
4469.84	4442.96
1.27	1.07
1.32	1.15
1.81	1.65
2.32	2.02
2.68	2.88
3.18	3.19
3.22	3.59
4.34	4.78
7.49	5.71
8.01	8.06
13.49	13.79
25.02	24.4
43.9	44.1
143.61	86.01
166.27	165.36
327.24	329.45
631.33	635.24
939.7	939.0
1248.69	1245.72
3763.84	1560.51
1864.2	1881.44
2189.2	2181.09
2500.94	2488.85
2819.55	2799.9
1.22	1.17
2.04	1.28
1.58	1.41
2.22	2.43
2.61	2.48
3.85	2.6
3.62	3.46
4.83	4.51
6.86	6.14
10.61	10.48
18.25	17.77
34.0	33.69
62.65	63.42
120.19	120.08
232.6	235.32
465.99	462.55
936.49	888.53
1346.35	1340.72
1801.64	1738.31
2219.63	2198.88
2661.99	2602.68
3086.05	3060.74
3567.25	3498.6
3945.05	3928.36
1.09	1.13
1.28	1.35
1.54	1.46
2.01	1.74
2.28	2.46
3.11	3.0
3.6	3.44
4.46	4.82
7.05	6.38
11.14	11.01
20.93	20.66
38.31	38.77
75.45	74.14
148.13	146.85
291.16	289.27
570.48	573.52
1117.28	1113.89
1639.35	1673.84
2208.3	2172.78
2719.67	2717.07
3278.37	3241.0
3850.75	3780.14
4310.5	4357.59
4907.89	4881.24
1.26	1.1
1.33	1.38
1.66	1.41
1.92	1.94
2.37	2.34
2.68	2.88
2.82	3.14
4.22	3.84
5.58	5.25
7.48	8.01
11.98	12.11
20.73	20.51
38.28	38.65
71.66	71.33
138.98	136.52
266.92	273.65
514.55	509.82
744.05	745.55
989.23	1036.72
1238.44	1241.17
1516.73	1522.02
1743.78	1715.79
1977.63	1950.59
2182.69	2205.76
1.26	1.14
1.33	1.3
1.8	1.58
2.69	2.23
3.08	2.66
3.06	3.08
3.87	3.5
4.38	4.49
6.56	6.26
10.69	10.98
20.1	20.08
35.72	38.98
66.06	67.62
130.28	130.7
256.92	261.33
511.7	508.5
991.57	983.77
1454.44	1462.32
1922.34	1938.74
2377.82	2406.87
2894.16	2872.77
3345.77	3410.72
5842.16	3800.74
4278.78	4312.59
1.06	1.19
1.3	1.32
1.82	1.43
1.96	2.0
2.48	2.42
3.19	2.89
3.41	3.36
3.43	4.04
4.74	5.1
7.24	6.66
11.51	11.13
20.01	19.59
34.79	34.57
63.82	63.15
122.13	119.67
233.46	234.81
434.52	445.82
676.15	661.72
849.33	860.86
1135.22	1093.61
1321.69	1275.01
1502.51	1445.98
1747.96	1720.59
1919.61	2025.83
0.92	0.9
1.03	0.98
1.27	1.22
1.51	1.34
1.81	1.94
2.19	2.2
2.21	2.28
2.47	2.31
2.57	2.51
2.75	2.63
3.17	3.01
3.65	3.42
4.33	4.72
6.1	6.42
10.58	9.68
16.21	16.58
29.15	29.69
54.34	56.56
106.31	104.41
203.9	200.36
396.42	402.94
769.32	767.58
1146.51	1140.92
1772.29	1490.99
1879.25	1857.05
2224.8	2224.16
2628.27	2608.34
2988.27	3013.08
3394.25	3384.17
0.94	0.88
1.0	0.94
1.17	1.08
1.63	1.42
1.83	1.7
1.99	2.09
2.03	2.27
2.18	2.19
2.47	2.41
2.85	2.82
3.55	3.58
5.26	5.28
8.71	8.68
15.09	15.5
27.58	28.46
53.31	53.71
105.13	104.93
208.82	210.0
413.33	412.03
817.74	820.56
1626.53	1635.32
3176.31	3172.04
4748.48	4735.66
6309.88	6259.0
7831.11	7810.57
9387.36	9414.05
10948.65	10950.95
12491.53	12406.29
14045.09	14008.47
0.93	0.85
1.04	1.21
1.21	1.16
1.4	1.36
1.71	1.69
2.2	2.04
1.91	1.95
2.02	2.22
2.61	2.44
2.84	2.7
2.52	2.99
3.37	3.76
4.42	5.31
6.13	7.56
9.8	11.37
16.74	18.28
29.03	31.03
54.82	58.33
117.3	105.04
203.01	202.64
386.59	406.25
778.66	766.32
1129.04	1150.02
1490.28	1506.91
1891.8	1872.63
2267.57	2315.38
2602.89	2651.42
3000.11	2982.62
3322.68	3349.34
0.93	0.92
0.88	0.89
1.18	1.11
1.4	1.57
1.77	1.79
2.15	2.11
2.14	1.9
2.42	1.95
2.46	2.16
2.93	2.95
3.67	3.79
5.35	5.79
8.66	9.07
15.1	16.81
27.94	29.72
53.58	55.05
106.29	106.73
207.1	210.72
414.16	409.86
706.16	819.63
1634.18	1644.56
3188.62	3175.04
4755.71	4735.08
6295.38	6302.83
7858.34	7848.18
9364.96	9399.02
11036.96	10971.1
12529.62	12549.45
14023.12	14023.53
1.0	0.85
1.14	1.13
1.33	1.22
1.5	1.55
1.92	1.86
2.12	2.04
2.39	2.29
2.25	2.31
2.47	2.35
2.93	2.79
3.31	3.1
3.89	4.29
5.15	6.02
8.06	9.35
14.64	15.12
24.93	25.44
47.15	48.25
88.19	91.06
173.34	175.61
347.65	342.52
674.92	685.79
1310.68	1319.02
1961.95	1980.52
2599.38	2562.65
3226.56	3263.1
3878.38	3855.46
4493.71	4483.59
5093.07	5151.94
5748.16	5756.2
