0.87	1.18	1
0.98	1.16	1
1.15	1.14	1
1.2	1.25	1
1.43	1.37	1
1.36	1.53	1
1.89	1.64	1
2.15	2.11	1
2.77	2.7	1
3.62	3.85	1
5.59	5.73	1
9.69	9.93	1
17.84	17.62	1
31.43	32.71	1
60.24	60.9	1
117.72	117.96	1
227.49	224.24	1
425.74	429.06	1
650.8	628.96	1
827.81	850.48	1
1030.35	1045.71	1
1261.97	1273.27	1
1440.31	1479.77	1
1684.99	1655.52	1
1836.83	1891.37	1
1.1	1.09	1
1.02	1.17	1
0.82	1.1	1
1.04	1.29	1
1.3	1.28	1
1.55	1.61	1
1.9	2.05	1
2.45	2.68	1
3.73	3.68	1
5.73	5.62	1
10.31	9.98	1
18.33	18.58	1
34.66	35.07	1
67.7	69.45	1
130.29	131.78	1
256.41	258.28	1
516.01	512.89	1
995.05	990.61	1
1473.73	1456.36	1
1956.21	1955.52	1
2425.0	2428.84	1
2888.23	2914.83	1
3371.65	3379.28	1
3815.0	3878.55	1
4340.05	4319.25	1
1.04	1.17	1
1.04	1.14	1
1.0	1.07	1
1.16	1.38	1
1.41	1.54	1
1.63	2.17	1
1.97	1.97	1
2.21	2.17	1
2.92	2.81	1
3.6	3.74	1
5.37	5.81	1
8.87	8.68	1
15.23	15.66	1
28.14	28.02	1
49.74	51.47	1
94.44	97.07	1
178.75	186.59	1
342.14	347.17	1
516.68	506.51	1
708.66	680.24	1
850.26	820.17	1
1000.86	1022.68	1
1159.98	1191.19	1
1367.89	1347.3	1
1526.81	1495.26	1
0.95	1.07	1
1.12	1.13	1
1.08	1.0	1
1.14	1.3	1
1.4	1.45	1
1.74	1.87	1
2.28	2.02	1
2.45	2.62	1
3.52	3.66	1
5.45	5.61	1
9.43	9.58	1
17.13	17.4	1
33.66	33.4	1
63.53	64.08	1
123.48	123.71	1
246.7	247.06	1
486.58	484.53	1
949.44	945.42	1
1385.76	1404.64	1
1862.28	1849.6	1
2311.46	2309.06	1
2749.32	2754.05	1
3217.47	3221.1	1
3647.26	3641.02	1
4109.31	4104.49	1
1.02	1.03	2
1.02	1.12	2
1.09	1.17	2
1.25	1.33	2
1.44	1.29	2
1.55	1.71	2
1.84	2.02	2
2.53	2.49	2
3.67	3.69	2
6.65	5.32	2
9.82	9.94	2
18.93	18.46	2
34.85	36.19	2
67.97	67.69	2
134.84	133.42	2
257.09	255.57	2
518.68	512.05	2
1007.05	997.84	2
1477.26	1472.42	2
1967.91	1975.18	2
2447.41	2440.96	2
2952.29	2937.79	2
3424.81	3387.52	2
3904.06	3907.19	2
4384.14	4335.74	2
1.09	1.06	2
1.06	1.13	2
1.13	1.16	2
1.31	1.36	2
1.54	1.44	2
1.67	1.84	2
1.95	2.34	2
2.28	3.13	2
3.32	5.04	2
5.54	9.14	2
7.99	17.05	2
17.46	32.25	2
26.12	61.72	2
53.74	106.54	2
98.4	134.17	2
192.03	241.36	2
383.18	486.81	2
749.01	933.72	2
1112.06	1249.24	2
1472.28	1851.09	2
1834.36	1882.23	2
2190.93	2250.46	2
2544.48	2742.28	2
2909.37	3091.07	2
3303.79	3368.7	2
0.99	1.05	2
1.04	0.99	2
1.17	1.28	2
1.1	1.45	2
1.34	1.43	2
1.68	1.71	2
2.08	2.02	2
2.44	2.73	2
3.43	3.7	2
5.17	5.81	2
9.0	10.14	2
16.7	17.67	2
31.17	34.82	2
61.93	67.69	2
115.89	128.35	2
227.6	251.98	2
450.99	495.94	2
882.32	981.21	2
1285.08	1468.81	2
1695.9	1954.48	2
2142.92	2361.53	2
2539.56	2901.62	2
2954.25	3338.02	2
3415.51	3830.99	2
3853.18	4369.25	2
1.01	1.06	2
1.08	1.06	2
1.08	1.2	2
1.22	1.38	2
1.49	1.59	2
1.84	1.9	2
2.15	2.57	2
2.76	3.58	2
3.98	5.47	2
4.82	9.77	2
8.04	17.47	2
13.52	34.07	2
26.16	47.11	2
50.05	107.71	2
97.41	182.81	2
190.8	354.29	2
379.79	500.28	2
733.92	932.09	2
1097.32	1193.06	2
1451.09	1825.28	2
1809.13	1893.43	2
2170.12	2284.88	2
2519.87	2908.93	2
2881.83	3395.61	2
3234.0	3287.6	2
1.05	1.12	3
1.09	1.16	3
1.02	1.22	3
1.29	1.23	3
1.6	1.45	3
2.27	1.82	3
2.13	2.3	3
2.27	3.4	3
2.99	5.26	3
4.98	8.97	3
7.86	16.59	3
13.72	29.87	3
26.22	52.62	3
49.84	78.97	3
101.18	209.93	3
198.88	291.86	3
378.87	595.03	3
742.57	853.37	3
1104.71	1167.33	3
1460.11	1527.34	3
1811.97	1892.55	3
3526.36	2196.2	3
2539.51	2648.13	3
2902.18	3584.81	3
3252.34	3333.08	3
1.03	1.15	3
0.92	1.16	3
1.15	1.21	3
1.26	1.25	3
1.24	1.39	3
1.78	1.8	3
1.98	2.03	3
2.59	2.69	3
3.7	3.51	3
5.69	5.57	3
9.99	9.88	3
18.04	18.03	3
35.13	34.84	3
66.67	66.93	3
131.7	132.36	3
259.41	259.25	3
514.78	518.98	3
996.97	980.43	3
1484.26	1465.06	3
1969.1	1960.19	3
2470.71	2433.49	3
2938.15	2879.81	3
3466.47	3384.58	3
3898.26	3844.92	3
4387.19	4457.69	3
0.96	1.09	3
0.98	1.08	3
1.62	1.23	3
1.38	1.28	3
1.45	1.45	3
1.85	2.01	3
2.3	2.45	3
2.65	3.54	3
3.99	5.56	3
4.89	8.99	3
7.98	18.74	3
13.99	34.08	3
25.84	65.53	3
49.63	118.23	3
96.97	215.15	3
190.87	213.4	3
377.62	647.83	3
736.41	805.01	3
1089.39	1214.39	3
1448.53	1498.87	3
1802.98	1883.21	3
2164.78	2278.2	3
2523.37	2700.0	3
2877.01	3573.55	3
3233.24	3325.35	3
1.04	1.04	3
1.78	1.11	3
1.11	1.26	3
1.43	1.22	3
1.45	1.38	3
1.68	1.61	3
1.99	2.0	3
2.42	2.75	3
3.39	3.48	3
5.5	6.0	3
8.91	9.98	3
16.84	18.68	3
31.08	34.83	3
60.29	66.07	3
116.3	130.44	3
226.87	252.14	3
451.43	495.27	3
881.64	979.02	3
1278.23	1472.54	3
1717.91	1949.95	3
2133.01	2399.18	3
2563.97	2896.59	3
2980.73	3304.8	3
3377.32	3835.42	3
3836.04	4321.42	3
1.59	1.11	4
1.03	1.15	4
1.08	1.16	4
1.12	1.28	4
1.37	1.59	4
1.57	1.75	4
1.88	2.16	4
2.56	2.55	4
3.64	3.66	4
6.01	5.81	4
10.02	9.97	4
19.26	19.24	4
35.48	35.2	4
69.29	68.1	4
132.94	130.49	4
255.27	254.06	4
505.18	512.01	4
981.6	987.17	4
1473.14	1461.58	4
1943.38	1968.63	4
2430.27	2419.12	4
2857.32	2896.57	4
3356.72	3397.66	4
3881.6	3856.62	4
4346.47	4300.91	4
0.96	1.11	4
1.19	1.15	4
1.87	1.16	4
1.37	1.32	4
1.38	1.54	4
1.54	1.59	4
1.79	1.83	4
1.97	2.4	4
2.86	2.83	4
3.87	3.95	4
6.16	5.88	4
9.99	9.97	4
18.7	17.88	4
31.37	32.17	4
61.44	60.25	4
114.69	117.78	4
221.2	227.52	4
436.48	427.28	4
657.34	636.79	4
851.82	839.62	4
1047.55	1064.37	4
1251.15	1270.87	4
1459.55	1430.4	4
1700.92	1742.32	4
1978.83	1898.65	4
1.04	1.09	4
1.07	1.06	4
1.12	1.04	4
1.25	1.39	4
1.56	1.43	4
1.91	1.93	4
2.02	2.1	4
2.38	2.8	4
3.56	3.85	4
5.7	5.58	4
9.28	9.79	4
17.36	17.26	4
32.67	32.38	4
63.66	63.58	4
122.25	122.99	4
247.71	246.1	4
478.63	489.68	4
948.33	946.27	4
1398.2	1417.46	4
1850.91	1840.89	4
2300.48	2311.85	4
2768.37	2743.65	4
3179.4	3184.48	4
3639.01	3680.52	4
4077.9	4085.8	4
1.1	1.03	4
1.09	1.15	4
1.2	1.1	4
1.34	1.44	4
1.63	1.53	4
1.66	1.7	4
1.88	1.91	4
2.87	2.28	4
2.92	3.13	4
3.69	3.82	4
5.55	5.67	4
8.88	8.91	4
15.57	15.74	4
27.83	28.71	4
51.96	50.15	4
94.97	95.32	4
181.47	184.89	4
355.41	355.14	4
511.77	525.19	4
680.08	677.46	4
860.21	852.45	4
1057.86	1005.36	4
1180.73	1181.01	4
1338.15	1348.44	4
1483.48	1525.36	4
1.05	1.12	5
1.17	1.33	5
1.33	1.35	5
1.64	1.44	5
1.65	1.6	5
1.82	1.79	5
1.94	2.15	5
2.51	2.46	5
3.19	3.0	5
4.27	4.23	5
6.69	6.88	5
12.0	11.99	5
21.51	21.74	5
41.01	40.5	5
79.0	76.94	5
150.75	144.19	5
296.63	283.36	5
554.94	561.04	5
836.16	808.92	5
1097.78	1111.31	5
1339.49	1343.29	5
1661.58	1629.77	5
1908.76	1855.83	5
2183.47	2150.92	5
2414.56	2445.74	5
1.15	1.07	5
1.11	1.28	5
1.26	1.59	5
1.51	1.44	5
1.68	1.53	5
2.24	2.06	5
2.74	2.82	5
3.08	4.27	5
4.61	7.34	5
7.16	13.17	5
12.16	20.75	5
22.86	39.11	5
43.63	96.37	5
84.41	192.89	5
164.43	379.25	5
326.31	560.09	5
652.12	894.27	5
1260.16	2252.92	5
1881.66	2208.71	5
2471.2	3671.92	5
3102.01	3286.95	5
3686.95	4765.64	5
4299.87	4949.93	5
4877.25	5522.38	5
5564.91	5919.45	5
0.96	0.92	5
1.08	1.16	5
1.37	1.29	5
1.38	1.6	5
1.48	1.79	5
1.83	2.07	5
2.34	2.59	5
2.3	2.76	5
3.22	3.57	5
4.09	5.61	5
6.39	9.41	5
11.14	16.41	5
19.16	31.47	5
35.91	59.5	5
64.79	114.18	5
124.19	224.1	5
240.03	442.04	5
456.2	834.14	5
686.06	1063.02	5
896.02	1276.31	5
1100.8	1506.19	5
1316.63	1661.96	5
1650.66	1950.22	5
1736.0	2081.68	5
1967.14	2633.08	5
1.05	1.18	5
1.65	1.13	5
1.19	1.24	5
1.37	1.34	5
1.76	1.58	5
2.18	2.07	5
2.54	2.85	5
3.72	4.84	5
4.78	7.73	5
7.18	13.64	5
12.52	25.45	5
22.65	51.97	5
43.54	96.99	5
85.23	203.22	5
168.52	287.36	5
328.96	587.53	5
652.48	734.73	5
1269.15	2372.96	5
1878.44	2335.26	5
2494.26	3825.61	5
3107.25	3374.53	5
3719.23	5006.46	5
4333.31	4409.52	5
4960.69	5435.26	5
5552.15	5901.71	5
1.12	1.68	6
1.05	1.04	6
1.37	1.19	6
1.43	1.37	6
1.5	1.37	6
1.85	1.75	6
2.31	2.08	6
2.95	2.57	6
4.0	3.92	6
6.54	6.77	6
11.54	11.08	6
20.39	20.33	6
38.89	38.86	6
72.34	74.14	6
143.45	143.02	6
284.98	285.15	6
572.33	558.65	6
1086.1	1071.05	6
1616.57	1592.06	6
2163.05	2116.88	6
2625.54	2669.26	6
3197.64	3185.9	6
3672.51	3747.14	6
4195.72	4227.71	6
4784.86	4846.57	6
1.16	0.95	6
1.19	1.21	6
1.43	1.33	6
1.48	2.13	6
1.61	1.65	6
1.87	1.94	6
2.27	2.58	6
2.79	3.91	6
4.92	6.88	6
6.99	12.02	6
10.54	22.8	6
19.24	43.13	6
36.78	83.99	6
70.76	162.72	6
135.44	326.06	6
269.84	652.78	6
533.36	1281.62	6
1045.64	1621.33	6
1542.83	2417.35	6
2055.89	3682.22	6
2555.2	4749.6	6
3074.18	5959.83	6
3572.18	7210.71	6
4093.78	8456.77	6
4600.68	9800.41	6
1.2	0.87	6
1.32	1.14	6
1.3	1.15	6
1.49	1.42	6
1.64	1.69	6
2.15	1.86	6
2.3	2.23	6
2.69	3.04	6
4.04	4.47	6
6.16	7.29	6
9.9	12.9	6
17.56	23.63	6
32.6	45.22	6
62.24	82.16	6
124.08	159.82	6
237.91	282.2	6
463.31	537.64	6
902.05	999.5	6
1330.38	1391.19	6
1813.55	1879.74	6
2257.25	2284.96	6
2649.38	2713.18	6
3064.93	3144.3	6
3534.44	3538.91	6
3962.97	4002.82	6
1.16	0.87	6
1.26	1.13	6
2.45	2.3	6
1.43	1.27	6
1.92	1.45	6
2.19	2.02	6
2.72	2.87	6
3.16	4.18	6
5.19	7.05	6
6.48	12.25	6
11.63	23.53	6
20.41	44.67	6
38.48	86.94	6
73.21	169.07	6
143.57	336.02	6
281.98	703.47	6
558.46	1320.89	6
1098.33	1731.07	6
1628.18	2485.08	6
2163.81	3652.84	6
2702.92	5046.86	6
3243.2	6254.92	6
3770.23	7411.24	6
4319.76	8718.55	6
4860.29	9984.55	6
1.06	1.12	7
1.19	1.26	7
1.38	1.3	7
1.64	1.34	7
1.77	1.56	7
2.14	2.06	7
2.47	2.79	7
2.73	3.84	7
3.84	6.48	7
6.07	11.74	7
10.02	22.25	7
17.43	43.37	7
32.51	82.8	7
63.67	162.54	7
122.79	323.2	7
238.73	642.82	7
476.99	1286.09	7
925.83	2496.31	7
1384.27	3701.31	7
1908.03	4967.24	7
2406.09	6147.26	7
2919.09	7470.65	7
3437.37	8591.82	7
3936.55	9831.58	7
4435.23	11032.44	7
1.18	1.12	7
1.33	1.19	7
1.32	1.25	7
2.03	1.47	7
2.15	1.55	7
1.88	1.85	7
2.56	2.16	7
2.8	2.62	7
4.06	3.63	7
6.57	6.31	7
11.62	11.45	7
20.88	20.71	7
38.98	40.07	7
76.47	73.93	7
144.5	143.05	7
285.0	282.72	7
562.05	562.48	7
1081.37	1076.65	7
1607.35	1592.12	7
2117.32	2125.96	7
2660.99	2677.67	7
3265.24	3193.78	7
3693.76	3695.63	7
4300.77	4220.6	7
4748.67	4810.74	7
1.2	1.04	7
1.41	1.11	7
1.36	1.33	7
1.47	1.51	7
1.7	1.69	7
2.07	2.15	7
2.68	2.75	7
3.65	3.66	7
4.48	7.16	7
6.42	12.1	7
11.04	23.23	7
19.99	44.57	7
36.85	86.77	7
70.68	170.76	7
137.02	343.16	7
273.52	663.23	7
543.1	1330.5	7
1049.08	2568.98	7
1580.56	3820.26	7
2111.91	5041.85	7
2646.51	6265.68	7
3184.47	7531.62	7
3698.25	8789.96	7
4230.41	10123.98	7
4771.97	11216.39	7
1.03	1.14	7
1.35	1.21	7
1.34	1.36	7
1.43	1.4	7
1.56	1.64	7
2.04	1.99	7
2.9	2.12	7
2.6	3.01	7
3.85	4.38	7
5.95	7.26	7
9.76	12.58	7
18.08	23.68	7
33.15	44.23	7
63.69	86.44	7
121.34	166.36	7
235.59	318.53	7
460.11	551.7	7
905.1	1013.24	7
1364.83	1425.09	7
1755.93	1919.92	7
2203.36	2334.32	7
2630.17	2768.64	7
3086.87	3175.15	7
3530.34	3659.86	7
4014.35	4130.68	7
1.18	1.4	8
1.25	1.22	8
1.21	1.08	8
1.33	1.66	8
1.8	1.55	8
2.23	1.88	8
2.61	2.67	8
3.09	4.31	8
4.67	7.05	8
7.11	13.23	8
12.45	25.79	8
22.85	49.4	8
43.47	96.97	8
83.85	192.07	8
163.96	373.98	8
326.29	745.28	8
645.7	852.68	8
1256.52	2286.26	8
1868.35	3586.18	8
2476.43	2678.16	8
3111.67	3585.08	8
3717.23	5116.86	8
4342.47	6594.85	8
4936.19	5328.02	8
5552.71	5725.1	8
1.2	0.98	8
1.85	1.61	8
1.5	1.21	8
1.31	1.51	8
1.6	1.74	8
1.76	1.99	8
1.98	1.98	8
2.49	2.35	8
3.26	3.19	8
4.55	4.07	8
6.81	6.71	8
12.26	11.74	8
22.09	21.5	8
42.03	40.79	8
78.84	78.06	8
153.26	146.51	8
291.76	284.7	8
557.93	583.12	8
830.31	804.23	8
1069.96	1101.55	8
1421.33	1369.45	8
1612.7	1658.25	8
1960.53	1884.28	8
2212.82	2175.48	8
2478.61	2428.08	8
1.27	1.15	8
1.33	1.24	8
1.33	1.36	8
1.5	1.29	8
1.74	1.7	8
2.25	2.04	8
2.85	3.65	8
2.95	4.7	8
5.19	7.6	8
7.04	14.18	8
12.82	27.17	8
22.66	51.91	8
43.76	101.67	8
85.54	201.91	8
164.8	402.61	8
327.83	793.73	8
650.52	939.4	8
1265.69	2463.34	8
1884.54	3793.99	8
2511.04	3499.15	8
3108.25	3772.34	8
3737.82	5206.53	8
4359.85	6648.06	8
4993.77	5363.11	8
5587.91	5726.47	8
1.21	1.02	8
1.15	1.24	8
1.2	1.42	8
1.81	1.34	8
1.55	1.7	8
1.84	2.04	8
2.25	2.21	8
2.68	2.82	8
3.21	3.87	8
4.54	5.53	8
6.47	9.22	8
10.76	17.14	8
18.65	26.89	8
36.48	59.16	8
64.6	112.6	8
124.07	191.83	8
235.77	365.99	8
453.85	588.26	8
664.42	707.23	8
898.73	1404.36	8
1086.64	1525.41	8
1342.72	1629.22	8
1538.4	1943.3	8
1731.28	2126.78	8
1970.89	2485.8	8
1.18	1.1	9
1.22	1.68	9
1.71	1.41	9
2.12	2.07	9
2.12	2.81	9
2.5	2.79	9
3.13	3.35	9
3.72	3.8	9
4.45	5.12	9
7.24	7.68	9
11.87	12.09	9
21.57	20.76	9
37.54	38.97	9
72.39	72.16	9
137.51	135.11	9
259.88	262.38	9
510.39	512.01	9
763.56	743.26	9
1006.64	983.02	9
1251.1	1243.88	9
1463.44	1452.84	9
1706.36	1741.34	9
1959.1	1951.22	9
2206.15	2214.0	9
0.93	1.13	9
1.18	1.11	9
1.63	1.55	9
1.8	1.87	9
2.33	2.69	9
2.59	2.64	9
3.3	3.82	9
4.37	4.84	9
6.69	7.58	9
11.71	11.6	9
20.83	20.77	9
38.98	39.47	9
75.78	76.25	9
148.02	148.37	9
289.47	293.2	9
572.22	569.79	9
1117.83	1111.46	9
1653.43	1650.47	9
2166.13	2194.88	9
2731.62	2723.65	9
3262.39	3276.34	9
3832.26	3774.78	9
4302.49	4328.7	9
4873.74	4916.88	9
1.37	1.16	9
1.31	1.47	9
1.66	1.65	9
2.29	2.12	9
2.69	2.73	9
2.76	2.85	9
3.27	3.16	9
3.95	3.81	9
5.09	5.13	9
7.1	7.41	9
11.0	11.63	9
18.73	19.3	9
34.04	35.44	9
63.27	64.45	9
113.88	116.98	9
227.73	227.58	9
443.29	433.48	9
632.42	643.45	9
856.96	842.04	9
1020.54	1031.45	9
1241.5	1274.99	9
1415.07	1464.14	9
1643.53	1648.5	9
1853.76	1843.14	9
0.99	1.13	9
1.28	1.39	9
1.57	1.42	9
2.08	2.11	9
2.64	2.4	9
2.97	2.98	9
3.17	3.4	9
4.63	4.76	9
6.71	6.93	9
10.84	11.19	9
19.22	19.43	9
35.35	35.96	9
67.92	68.05	9
130.58	133.25	9
257.62	258.58	9
509.33	502.81	9
981.43	982.83	9
1486.65	1462.63	9
1950.99	1926.03	9
2415.33	2426.87	9
2891.55	2838.8	9
3344.82	3349.11	9
3800.63	3809.86	9
4310.63	4350.83	9
1.15	1.61	10
1.14	1.22	10
2.42	1.31	10
1.74	1.86	10
2.34	2.3	10
2.48	2.67	10
3.43	3.33	10
4.76	5.13	10
6.42	6.7	10
10.95	11.64	10
19.12	19.76	10
36.47	36.37	10
70.11	69.53	10
135.21	134.52	10
262.98	265.5	10
525.72	523.71	10
1012.93	1017.22	10
1517.76	1514.36	10
1988.03	2011.54	10
2467.39	2480.3	10
2984.7	2980.14	10
3485.8	3528.66	10
3969.96	3972.43	10
4480.25	4469.99	10
1.23	1.2	10
1.32	1.25	10
1.74	1.66	10
1.99	2.09	10
2.29	2.54	10
2.47	2.68	10
3.07	3.85	10
3.47	4.24	10
5.55	5.82	10
8.24	7.94	10
14.29	15.47	10
25.77	26.48	10
47.9	48.3	10
92.94	92.73	10
178.83	180.12	10
363.64	362.52	10
689.45	686.8	10
1036.31	1022.38	10
1371.53	1360.66	10
1690.14	1707.72	10
2030.47	2040.34	10
2366.88	2367.78	10
2714.94	2693.48	10
3068.74	3049.05	10
1.84	1.13	10
1.95	1.28	10
1.57	1.63	10
1.9	2.28	10
2.5	2.42	10
2.89	3.94	10
2.95	3.31	10
4.4	4.84	10
6.12	6.54	10
9.9	10.55	10
17.77	18.06	10
33.53	34.09	10
62.67	62.94	10
122.7	120.86	10
235.38	236.69	10
463.46	467.49	10
909.16	902.2	10
1341.87	1373.39	10
1777.06	1768.86	10
2213.49	2210.13	10
2633.2	2618.36	10
3083.6	3055.07	10
3556.95	3497.71	10
3952.25	4027.38	10
1.24	1.04	10
1.23	1.43	10
1.8	1.53	10
2.23	2.08	10
2.65	2.57	10
2.91	3.02	10
3.2	3.4	10
3.89	4.04	10
5.63	6.12	10
8.11	7.97	10
13.16	13.62	10
23.58	23.27	10
45.65	44.31	10
84.62	85.51	10
165.33	167.16	10
326.95	327.12	10
627.57	632.76	10
931.4	933.37	10
1236.93	1239.07	10
1549.26	1544.25	10
1846.3	1851.19	10
2146.24	2152.59	10
2448.29	2456.79	10
2754.85	2784.82	10
1.81	1.06	11
1.28	1.25	11
1.62	1.39	11
2.24	1.87	11
2.1	2.44	11
2.41	2.79	11
3.19	4.12	11
4.12	4.46	11
5.34	5.59	11
7.81	8.83	11
14.38	14.58	11
25.68	25.43	11
48.31	49.43	11
92.01	93.0	11
182.41	184.09	11
361.8	358.06	11
683.81	693.78	11
1027.15	1037.12	11
1348.65	1369.25	11
1716.22	1718.21	11
2045.96	2030.95	11
2399.16	2386.73	11
2733.15	2731.51	11
3107.59	3107.26	11
1.18	1.2	11
1.23	1.2	11
1.67	1.53	11
1.99	2.1	11
2.65	2.42	11
2.5	2.83	11
3.19	3.63	11
4.68	4.78	11
6.89	6.86	11
10.69	11.04	11
19.82	19.07	11
36.65	36.81	11
69.58	69.94	11
135.51	135.53	11
266.65	267.2	11
526.17	524.12	11
1012.83	1015.17	11
1493.86	1508.28	11
2003.66	2012.39	11
2483.57	2513.94	11
2950.72	2965.92	11
3480.73	3455.27	11
4001.83	3982.88	11
4477.65	4446.91	11
1.03	1.23	11
1.37	1.16	11
1.72	1.66	11
2.08	2.15	11
2.68	2.35	11
3.1	3.28	11
3.17	3.23	11
4.05	3.97	11
5.0	5.46	11
7.86	7.86	11
13.5	15.09	11
23.38	23.68	11
44.48	45.61	11
85.38	86.22	11
166.6	167.89	11
325.59	326.75	11
636.18	635.51	11
939.41	936.03	11
1248.39	1250.72	11
1554.96	1557.35	11
1873.85	1876.81	11
2193.34	2184.14	11
2489.42	2516.91	11
2815.37	2802.71	11
1.09	1.18	11
1.24	1.32	11
1.43	1.58	11
2.06	2.19	11
2.48	2.62	11
2.78	3.06	11
3.55	3.4	11
4.47	4.8	11
6.0	7.06	11
10.68	10.49	11
18.36	17.68	11
32.88	33.73	11
64.77	63.13	11
122.58	119.5	11
239.79	235.56	11
468.92	469.29	11
907.53	902.1	11
1332.92	1349.37	11
1765.12	1764.86	11
2194.03	2211.05	11
2655.9	2654.63	11
3048.39	3082.35	11
3523.17	3557.52	11
3976.94	3959.83	11
1.11	1.04	12
1.24	1.44	12
1.52	1.77	12
1.96	2.02	12
2.12	2.36	12
2.72	2.7	12
3.21	3.31	12
4.41	4.56	12
6.92	7.31	12
11.24	11.81	12
21.09	21.48	12
39.22	38.76	12
75.12	75.57	12
147.62	152.27	12
288.24	289.3	12
573.01	571.34	12
1108.09	1127.3	12
1643.67	1649.69	12
2186.26	2195.13	12
2742.11	2711.75	12
3249.77	3234.72	12
3811.78	3792.56	12
4344.89	4322.96	12
4933.08	4881.13	12
1.14	1.95	12
1.33	1.38	12
1.66	2.48	12
1.81	2.04	12
2.25	2.86	12
2.45	2.66	12
2.96	2.94	12
4.02	3.64	12
5.24	5.82	12
7.91	7.39	12
12.09	11.83	12
20.84	21.85	12
38.29	38.54	12
71.56	72.47	12
136.18	139.12	12
272.95	266.95	12
510.84	508.43	12
744.35	743.74	12
1006.35	1022.27	12
1244.36	1238.23	12
1471.57	1506.87	12
1752.14	1704.01	12
1982.2	1968.6	12
2224.05	2219.55	12
1.1	1.0	12
1.47	1.37	12
1.48	1.55	12
2.12	2.04	12
2.85	2.48	12
2.69	2.8	12
3.49	3.33	12
4.19	4.36	12
6.31	6.93	12
11.26	11.89	12
18.76	19.05	12
35.35	36.13	12
67.68	66.84	12
127.67	133.18	12
258.84	259.77	12
508.83	508.53	12
974.33	973.68	12
1454.99	1445.96	12
1943.42	1927.2	12
2416.36	2444.24	12
2867.61	2884.45	12
3328.12	3383.02	12
3834.85	3783.02	12
4323.26	4297.97	12
1.14	1.11	12
1.2	1.28	12
1.51	1.52	12
2.06	2.02	12
2.75	2.67	12
3.18	3.09	12
2.87	3.26	12
3.78	3.73	12
4.67	5.19	12
6.97	6.92	12
11.17	11.18	12
19.54	19.76	12
34.15	34.46	12
63.88	62.49	12
120.63	122.83	12
232.55	233.34	12
468.4	448.02	12
650.11	672.86	12
887.88	895.37	12
1072.92	1051.0	12
1328.14	1295.92	12
1496.54	1488.65	12
1764.34	1686.04	12
1911.18	1964.82	12
0.83	0.94	13
0.97	1.3	13
1.16	1.28	13
1.63	2.23	13
1.58	1.7	13
1.97	2.13	13
2.56	2.24	13
2.23	2.37	13
2.33	2.55	13
2.92	2.76	13
2.82	2.84	13
3.59	3.4	13
4.86	4.38	13
6.25	6.69	13
10.34	10.02	13
16.07	17.13	13
29.47	31.58	13
69.1	59.94	13
104.65	112.12	13
202.3	227.07	13
397.69	438.17	13
776.68	841.45	13
1138.52	1232.8	13
1750.73	1622.33	13
1890.98	2050.13	13
2229.98	2480.54	13
2592.54	2909.02	13
3034.95	3276.76	13
3294.29	3652.3	13
0.83	1.02	13
1.06	1.11	13
1.26	1.38	13
1.46	1.49	13
1.78	1.92	13
2.07	2.05	13
2.0	2.31	13
2.15	2.34	13
2.33	2.46	13
2.77	3.24	13
3.71	3.57	13
5.22	5.21	13
8.94	8.58	13
13.65	15.1	13
29.1	28.76	13
54.81	56.2	13
106.23	108.39	13
207.23	214.36	13
410.51	364.38	13
712.15	839.36	13
1405.21	1687.44	13
3169.77	3258.9	13
4721.46	4843.09	13
6293.82	6444.4	13
7848.61	8025.27	13
8068.76	9656.37	13
11001.69	11221.06	13
10815.33	12774.18	13
13990.28	14417.1	13
0.86	0.95	13
1.08	1.08	13
1.13	1.48	13
1.55	1.59	13
1.9	1.95	13
1.96	1.99	13
2.05	2.39	13
2.19	2.22	13
2.47	2.57	13
2.81	2.27	13
3.0	3.09	13
3.7	3.81	13
5.31	5.07	13
7.7	7.74	13
11.26	13.14	13
17.73	23.28	13
30.88	43.75	13
62.51	82.29	13
105.88	161.86	13
204.88	317.71	13
407.4	618.56	13
773.45	1206.38	13
1143.12	1784.45	13
1710.26	2390.27	13
1852.19	2967.89	13
2262.82	3599.23	13
2637.37	4121.29	13
2972.7	4732.64	13
3330.0	5261.75	13
0.86	1.01	13
1.01	1.1	13
1.04	1.24	13
1.57	2.1	13
1.84	1.79	13
2.49	2.23	13
1.85	2.0	13
2.35	2.4	13
2.27	2.83	13
3.04	3.05	13
3.97	4.17	13
5.96	5.76	13
9.27	9.11	13
16.3	16.51	13
28.66	30.42	13
54.82	58.86	13
107.97	115.16	13
209.23	229.0	13
353.46	449.14	13
825.82	902.76	13
1188.4	1801.49	13
2746.8	3464.1	13
4070.98	5168.53	13
6289.91	6851.81	13
7824.08	8535.1	13
9372.2	10218.76	13
10909.54	11935.64	13
10790.8	14340.74	13
14024.61	15339.83	13
0.97	0.94	14
1.16	1.21	14
1.38	1.31	14
1.53	1.53	14
1.76	1.93	14
2.06	2.09	14
2.49	2.4	14
2.41	2.28	14
2.46	2.54	14
2.92	2.7	14
3.04	3.33	14
4.09	4.29	14
6.08	6.19	14
9.46	9.48	14
15.28	16.76	14
26.49	30.61	14
47.78	57.44	14
92.53	110.86	14
174.16	216.68	14
343.16	425.43	14
665.16	839.35	14
1378.59	1629.14	14
1928.46	2428.23	14
2602.14	3268.24	14
3233.78	4005.16	14
3802.67	4761.69	14
4467.75	5555.39	14
5105.69	6325.93	14
5773.62	7255.05	14
