0.87	1.01	1
0.98	1.01	1
1.15	1.13	1
1.2	1.12	1
1.43	1.42	1
1.36	1.61	1
1.89	1.76	1
2.15	2.18	1
2.77	2.66	1
3.62	3.68	1
5.59	5.69	1
9.69	9.79	1
17.84	17.86	1
31.43	31.74	1
60.24	61.19	1
117.72	117.68	1
227.49	229.93	1
425.74	425.89	1
650.8	651.36	1
827.81	864.18	1
1030.35	1068.36	1
1261.97	1273.11	1
1440.31	1442.85	1
1684.99	1686.83	1
1836.83	1887.88	1
1.1	1.07	1
1.02	1.8	1
0.82	1.62	1
1.04	1.09	1
1.3	1.39	1
1.55	1.68	1
1.9	2.71	1
2.45	2.59	1
3.73	3.93	1
5.73	5.75	1
10.31	9.83	1
18.33	18.66	1
34.66	35.04	1
67.7	67.97	1
130.29	129.72	1
256.41	258.81	1
516.01	506.05	1
995.05	988.98	1
1473.73	1486.14	1
1956.21	1940.5	1
2425.0	2432.08	1
2888.23	2897.55	1
3371.65	3359.29	1
3815.0	3907.75	1
4340.05	4286.39	1
1.04	1.12	1
1.04	1.16	1
1.0	1.94	1
1.16	1.21	1
1.41	1.46	1
1.63	1.74	1
1.97	2.64	1
2.21	2.23	1
2.92	3.0	1
3.6	3.65	1
5.37	5.38	1
8.87	9.02	1
15.23	16.45	1
28.14	27.99	1
49.74	51.63	1
94.44	97.0	1
178.75	181.97	1
342.14	356.13	1
516.68	526.98	1
708.66	688.55	1
850.26	851.17	1
1000.86	1022.44	1
1159.98	1182.23	1
1367.89	1372.87	1
1526.81	1536.03	1
0.95	0.97	1
1.12	1.0	1
1.08	1.07	1
1.14	1.27	1
1.4	1.33	1
1.74	1.7	1
2.28	2.21	1
2.45	2.29	1
3.52	3.52	1
5.45	5.33	1
9.43	10.27	1
17.13	17.59	1
33.66	33.24	1
63.53	63.71	1
123.48	126.18	1
246.7	244.76	1
486.58	487.95	1
949.44	942.22	1
1385.76	1397.11	1
1862.28	1862.67	1
2311.46	2288.39	1
2749.32	2751.23	1
3217.47	3230.68	1
3647.26	3700.15	1
4109.31	4123.21	1
1.02	1.03	2
1.02	1.02	2
1.09	1.1	2
1.25	1.17	2
1.44	1.33	2
1.55	1.51	2
1.84	2.0	2
2.53	2.47	2
3.67	3.56	2
6.65	6.42	2
9.82	10.21	2
18.93	18.84	2
34.85	35.4	2
67.97	66.89	2
134.84	132.25	2
257.09	258.96	2
518.68	503.88	2
1007.05	967.09	2
1477.26	1476.69	2
1967.91	1999.99	2
2447.41	2435.13	2
2952.29	2948.15	2
3424.81	3382.28	2
3904.06	3792.4	2
4384.14	4380.4	2
1.09	1.18	2
1.06	1.04	2
1.13	1.09	2
1.31	1.18	2
1.54	1.43	2
1.67	2.38	2
1.95	2.01	2
2.28	2.88	2
3.32	3.17	2
5.54	6.24	2
7.99	7.79	2
17.46	20.96	2
26.12	40.53	2
53.74	50.86	2
98.4	98.52	2
192.03	193.25	2
383.18	383.03	2
749.01	1190.7	2
1112.06	1108.8	2
1472.28	1468.69	2
1834.36	1827.65	2
2190.93	2208.51	2
2544.48	2544.38	2
2909.37	4655.01	2
3303.79	3270.95	2
0.99	1.65	2
1.04	1.23	2
1.17	1.05	2
1.1	1.17	2
1.34	1.38	2
1.68	2.16	2
2.08	2.03	2
2.44	2.4	2
3.43	3.6	2
5.17	5.53	2
9.0	9.0	2
16.7	16.53	2
31.17	30.9	2
61.93	60.18	2
115.89	116.7	2
227.6	226.77	2
450.99	449.46	2
882.32	865.41	2
1285.08	1310.89	2
1695.9	1710.04	2
2142.92	2136.9	2
2539.56	2551.2	2
2954.25	2933.61	2
3415.51	3372.31	2
3853.18	3832.91	2
1.01	1.12	2
1.08	1.06	2
1.08	1.2	2
1.22	1.21	2
1.49	1.54	2
1.84	1.79	2
2.15	2.14	2
2.76	2.59	2
3.98	3.51	2
4.82	4.85	2
8.04	8.01	2
13.52	13.76	2
26.16	26.1	2
50.05	49.94	2
97.41	97.75	2
190.8	190.31	2
379.79	378.76	2
733.92	735.6	2
1097.32	1091.26	2
1451.09	1453.18	2
1809.13	1800.65	2
2170.12	2166.34	2
2519.87	2525.06	2
2881.83	2895.54	2
3234.0	3238.16	2
1.05	1.22	3
1.09	1.05	3
1.02	1.02	3
1.29	1.27	3
1.6	1.98	3
2.27	1.59	3
2.13	2.01	3
2.27	2.27	3
2.99	3.14	3
4.98	6.09	3
7.86	7.86	3
13.72	13.8	3
26.22	41.05	3
49.84	50.72	3
101.18	97.48	3
198.88	192.08	3
378.87	380.99	3
742.57	743.17	3
1104.71	2429.79	3
1460.11	1461.58	3
1811.97	1832.52	3
3526.36	4809.22	3
2539.51	2539.4	3
2902.18	2907.35	3
3252.34	3252.55	3
1.03	1.08	3
0.92	1.04	3
1.15	1.19	3
1.26	1.23	3
1.24	1.37	3
1.78	1.53	3
1.98	1.79	3
2.59	2.54	3
3.7	3.52	3
5.69	5.43	3
9.99	9.8	3
18.04	18.78	3
35.13	35.56	3
66.67	67.05	3
131.7	132.05	3
259.41	264.28	3
514.78	522.2	3
996.97	986.99	3
1484.26	1454.12	3
1969.1	1933.9	3
2470.71	2455.88	3
2938.15	2918.74	3
3466.47	3405.28	3
3898.26	3870.8	3
4387.19	4368.12	3
0.96	1.11	3
0.98	1.04	3
1.62	1.22	3
1.38	1.26	3
1.45	1.58	3
1.85	1.85	3
2.3	2.15	3
2.65	2.58	3
3.99	3.73	3
4.89	5.0	3
7.98	8.31	3
13.99	21.12	3
25.84	25.53	3
49.63	49.7	3
96.97	96.88	3
190.87	305.46	3
377.62	377.74	3
736.41	735.8	3
1089.39	1091.56	3
1448.53	2330.38	3
1802.98	1805.63	3
2164.78	2164.94	3
2523.37	2520.03	3
2877.01	2883.75	3
3233.24	3240.97	3
1.04	1.09	3
1.78	1.13	3
1.11	1.05	3
1.43	1.18	3
1.45	1.49	3
1.68	1.6	3
1.99	1.95	3
2.42	2.47	3
3.39	3.5	3
5.5	5.47	3
8.91	9.35	3
16.84	16.43	3
31.08	30.95	3
60.29	59.81	3
116.3	116.42	3
226.87	229.82	3
451.43	449.55	3
881.64	880.27	3
1278.23	1291.4	3
1717.91	1724.76	3
2133.01	2120.43	3
2563.97	2556.05	3
2980.73	2965.79	3
3377.32	3437.3	3
3836.04	3830.24	3
1.59	1.01	4
1.03	1.17	4
1.08	1.03	4
1.12	1.05	4
1.37	1.31	4
1.57	1.62	4
1.88	2.02	4
2.56	2.37	4
3.64	3.73	4
6.01	5.71	4
10.02	9.85	4
19.26	19.48	4
35.48	35.11	4
69.29	67.95	4
132.94	130.75	4
255.27	258.45	4
505.18	515.62	4
981.6	989.71	4
1473.14	1463.32	4
1943.38	1945.1	4
2430.27	2432.75	4
2857.32	2890.39	4
3356.72	3364.43	4
3881.6	3878.08	4
4346.47	4343.24	4
0.96	1.03	4
1.19	0.93	4
1.87	1.06	4
1.37	1.96	4
1.38	1.27	4
1.54	1.58	4
1.79	2.42	4
1.97	2.21	4
2.86	3.16	4
3.87	3.85	4
6.16	5.72	4
9.99	9.72	4
18.7	17.62	4
31.37	32.04	4
61.44	60.37	4
114.69	118.79	4
221.2	224.3	4
436.48	443.55	4
657.34	651.33	4
851.82	839.46	4
1047.55	1061.11	4
1251.15	1276.88	4
1459.55	1443.67	4
1700.92	1687.73	4
1978.83	1850.6	4
1.04	1.1	4
1.07	1.13	4
1.12	1.2	4
1.25	1.15	4
1.56	1.54	4
1.91	1.72	4
2.02	2.02	4
2.38	2.57	4
3.56	3.41	4
5.7	5.31	4
9.28	9.6	4
17.36	17.1	4
32.67	32.96	4
63.66	62.46	4
122.25	123.66	4
247.71	244.43	4
478.63	489.68	4
948.33	945.16	4
1398.2	1390.92	4
1850.91	1851.09	4
2300.48	2307.38	4
2768.37	2772.66	4
3179.4	3238.72	4
3639.01	3688.9	4
4077.9	4100.12	4
1.1	1.11	4
1.09	1.13	4
1.2	1.13	4
1.34	1.29	4
1.63	1.44	4
1.66	1.57	4
1.88	1.82	4
2.87	2.95	4
2.92	3.12	4
3.69	3.89	4
5.55	5.49	4
8.88	9.02	4
15.57	15.35	4
27.83	28.49	4
51.96	52.22	4
94.97	95.52	4
181.47	189.62	4
355.41	357.36	4
511.77	526.32	4
680.08	693.88	4
860.21	839.21	4
1057.86	1027.74	4
1180.73	1248.74	4
1338.15	1369.0	4
1483.48	1513.05	4
1.05	1.01	5
1.17	1.44	5
1.33	1.12	5
1.64	1.45	5
1.65	1.59	5
1.82	1.82	5
1.94	2.67	5
2.51	2.35	5
3.19	2.83	5
4.27	4.28	5
6.69	6.81	5
12.0	12.32	5
21.51	21.4	5
41.01	40.59	5
79.0	77.26	5
150.75	148.49	5
296.63	289.31	5
554.94	542.33	5
836.16	807.13	5
1097.78	991.91	5
1339.49	1290.98	5
1661.58	1702.69	5
1908.76	1905.06	5
2183.47	2158.09	5
2414.56	2437.51	5
1.15	0.94	5
1.11	1.06	5
1.26	1.07	5
1.51	1.38	5
1.68	1.64	5
2.24	2.06	5
2.74	2.42	5
3.08	3.5	5
4.61	5.45	5
7.16	9.14	5
12.16	16.62	5
22.86	23.27	5
43.63	43.12	5
84.41	84.69	5
164.43	166.15	5
326.31	467.41	5
652.12	1475.97	5
1260.16	1793.2	5
1881.66	2701.61	5
2471.2	4615.22	5
3102.01	4398.99	5
3686.95	3722.56	5
4299.87	6150.66	5
4877.25	7004.28	5
5564.91	5580.07	5
0.96	1.03	5
1.08	1.21	5
1.37	1.23	5
1.38	1.33	5
1.48	1.7	5
1.83	1.94	5
2.34	2.28	5
2.3	2.62	5
3.22	3.28	5
4.09	4.6	5
6.39	6.64	5
11.14	10.98	5
19.16	19.69	5
35.91	37.35	5
64.79	65.44	5
124.19	123.77	5
240.03	255.93	5
456.2	459.4	5
686.06	678.74	5
896.02	880.63	5
1100.8	1118.24	5
1316.63	1396.53	5
1650.66	1594.06	5
1736.0	1827.04	5
1967.14	2147.65	5
1.05	1.06	5
1.65	0.98	5
1.19	1.22	5
1.37	1.24	5
1.76	1.61	5
2.18	2.13	5
2.54	2.34	5
3.72	3.62	5
4.78	5.65	5
7.18	7.07	5
12.52	16.79	5
22.65	40.78	5
43.54	60.81	5
85.23	153.12	5
168.52	166.04	5
328.96	743.58	5
652.48	650.75	5
1269.15	1830.3	5
1878.44	1879.19	5
2494.26	3545.74	5
3107.25	4445.6	5
3719.23	5310.29	5
4333.31	4326.93	5
4960.69	9085.14	5
5552.15	8048.09	5
1.12	1.19	6
1.05	1.09	6
1.37	1.31	6
1.43	1.32	6
1.5	1.69	6
1.85	1.67	6
2.31	2.71	6
2.95	2.71	6
4.0	4.0	6
6.54	6.23	6
11.54	10.76	6
20.39	19.98	6
38.89	37.02	6
72.34	71.3	6
143.45	142.84	6
284.98	281.87	6
572.33	554.15	6
1086.1	1077.13	6
1616.57	1554.67	6
2163.05	2124.41	6
2625.54	2638.35	6
3197.64	3218.21	6
3672.51	3618.19	6
4195.72	4228.53	6
4784.86	4752.9	6
1.16	1.14	6
1.19	1.29	6
1.43	1.17	6
1.48	1.49	6
1.61	1.62	6
1.87	1.95	6
2.27	2.43	6
2.79	3.18	6
4.92	4.92	6
6.99	7.81	6
10.54	14.67	6
19.24	19.11	6
36.78	35.48	6
70.76	99.86	6
135.44	261.47	6
269.84	268.13	6
533.36	528.97	6
1045.64	1042.74	6
1542.83	3013.12	6
2055.89	2070.64	6
2555.2	3748.84	6
3074.18	4529.46	6
3572.18	3579.15	6
4093.78	7801.15	6
4600.68	6685.52	6
1.2	1.13	6
1.32	1.11	6
1.3	1.39	6
1.49	1.47	6
1.64	1.82	6
2.15	1.94	6
2.3	2.27	6
2.69	2.71	6
4.04	4.07	6
6.16	6.16	6
9.9	9.86	6
17.56	17.96	6
32.6	35.54	6
62.24	65.77	6
124.08	128.27	6
237.91	247.54	6
463.31	485.33	6
902.05	976.75	6
1330.38	1415.7	6
1813.55	1786.87	6
2257.25	2311.84	6
2649.38	2700.11	6
3064.93	3408.98	6
3534.44	3699.47	6
3962.97	3928.27	6
1.16	1.1	6
1.26	1.28	6
2.45	1.86	6
1.43	1.32	6
1.92	1.72	6
2.19	2.18	6
2.72	2.79	6
3.16	3.26	6
5.19	4.69	6
6.48	8.2	6
11.63	14.36	6
20.41	19.85	6
38.48	37.44	6
73.21	103.73	6
143.57	143.98	6
281.98	518.05	6
558.46	562.96	6
1098.33	1095.65	6
1628.18	2989.76	6
2163.81	3086.05	6
2702.92	2701.59	6
3243.2	4590.59	6
3770.23	3753.14	6
4319.76	4302.65	6
4860.29	4840.83	6
1.06	1.1	7
1.19	1.22	7
1.38	1.32	7
1.64	1.51	7
1.77	1.65	7
2.14	1.91	7
2.47	2.48	7
2.73	3.73	7
3.84	3.82	7
6.07	7.52	7
10.02	13.91	7
17.43	25.65	7
32.51	32.52	7
63.67	130.95	7
122.79	122.61	7
238.73	370.36	7
476.99	477.55	7
925.83	1455.67	7
1384.27	2166.12	7
1908.03	1902.56	7
2406.09	2412.66	7
2919.09	2911.07	7
3437.37	8669.77	7
3936.55	5898.05	7
4435.23	6632.38	7
1.18	1.08	7
1.33	1.77	7
1.32	1.23	7
2.03	1.4	7
2.15	1.34	7
1.88	1.84	7
2.56	2.04	7
2.8	2.9	7
4.06	4.27	7
6.57	6.3	7
11.62	10.86	7
20.88	20.43	7
38.98	38.47	7
76.47	75.63	7
144.5	140.91	7
285.0	274.39	7
562.05	536.38	7
1081.37	1054.75	7
1607.35	1532.28	7
2117.32	2098.32	7
2660.99	2664.23	7
3265.24	3146.88	7
3693.76	3643.98	7
4300.77	4251.66	7
4748.67	4590.35	7
1.2	1.06	7
1.41	1.23	7
1.36	1.42	7
1.47	1.39	7
1.7	2.13	7
2.07	2.07	7
2.68	3.46	7
3.65	3.14	7
4.48	4.67	7
6.42	6.37	7
11.04	14.71	7
19.99	35.52	7
36.85	36.64	7
70.68	102.38	7
137.02	199.46	7
273.52	400.51	7
543.1	787.13	7
1049.08	1058.52	7
1580.56	2260.55	7
2111.91	2121.35	7
2646.51	5004.44	7
3184.47	5958.39	7
3698.25	6899.66	7
4230.41	4250.55	7
4771.97	6889.62	7
1.03	1.06	7
1.35	1.19	7
1.34	1.46	7
1.43	1.53	7
1.56	1.66	7
2.04	2.04	7
2.9	2.24	7
2.6	2.75	7
3.85	3.75	7
5.95	6.09	7
9.76	9.72	7
18.08	18.16	7
33.15	35.37	7
63.69	65.51	7
121.34	120.31	7
235.59	240.11	7
460.11	513.76	7
905.1	914.92	7
1364.83	1409.39	7
1755.93	1865.25	7
2203.36	2230.64	7
2630.17	2927.5	7
3086.87	3232.5	7
3530.34	3600.74	7
4014.35	3960.68	7
1.18	1.19	8
1.25	1.21	8
1.21	1.41	8
1.33	1.54	8
1.8	1.66	8
2.23	1.97	8
2.61	2.62	8
3.09	3.16	8
4.67	4.28	8
7.11	9.26	8
12.45	12.57	8
22.85	41.57	8
43.47	61.73	8
83.85	156.29	8
163.96	235.12	8
326.29	470.31	8
645.7	646.34	8
1256.52	1804.07	8
1868.35	1865.09	8
2476.43	3568.07	8
3111.67	3088.82	8
3717.23	5361.28	8
4342.47	4345.72	8
4936.19	4944.58	8
5552.71	5564.0	8
1.2	1.21	8
1.85	1.41	8
1.5	1.35	8
1.31	1.49	8
1.6	1.66	8
1.76	2.02	8
1.98	2.07	8
2.49	2.39	8
3.26	3.23	8
4.55	4.69	8
6.81	6.93	8
12.26	12.43	8
22.09	20.93	8
42.03	39.41	8
78.84	76.49	8
153.26	143.09	8
291.76	291.0	8
557.93	527.78	8
830.31	814.94	8
1069.96	1104.55	8
1421.33	1330.59	8
1612.7	1653.01	8
1960.53	1911.8	8
2212.82	2143.84	8
2478.61	2260.26	8
1.27	1.18	8
1.33	1.22	8
1.33	1.28	8
1.5	1.41	8
1.74	1.5	8
2.25	1.96	8
2.85	2.51	8
2.95	3.07	8
5.19	6.31	8
7.04	7.0	8
12.82	12.61	8
22.66	22.9	8
43.76	61.04	8
85.54	84.75	8
164.8	233.74	8
327.83	466.44	8
650.52	933.55	8
1265.69	1823.78	8
1884.54	1877.76	8
2511.04	2501.12	8
3108.25	3125.79	8
3737.82	3737.71	8
4359.85	4352.21	8
4993.77	7072.1	8
5587.91	10509.14	8
1.21	0.91	8
1.15	1.16	8
1.2	1.25	8
1.81	1.43	8
1.55	1.55	8
1.84	2.01	8
2.25	1.96	8
2.68	2.57	8
3.21	3.21	8
4.54	4.42	8
6.47	6.68	8
10.76	10.88	8
18.65	20.66	8
36.48	36.44	8
64.6	66.58	8
124.07	124.63	8
235.77	257.49	8
453.85	449.87	8
664.42	692.62	8
898.73	909.89	8
1086.64	1149.85	8
1342.72	1388.16	8
1538.4	1620.91	8
1731.28	1869.67	8
1970.89	2065.03	8
1.18	1.19	9
1.22	1.44	9
1.71	1.67	9
2.12	2.21	9
2.12	2.36	9
2.5	2.9	9
3.13	3.15	9
3.72	3.97	9
4.45	4.93	9
7.24	7.3	9
11.87	11.87	9
21.57	21.32	9
37.54	37.5	9
72.39	72.15	9
137.51	139.66	9
259.88	264.28	9
510.39	509.9	9
763.56	763.07	9
1006.64	989.63	9
1251.1	1242.22	9
1463.44	1512.26	9
1706.36	1708.09	9
1959.1	1964.52	9
2206.15	2206.1	9
0.93	1.24	9
1.18	1.36	9
1.63	1.61	9
1.8	1.83	9
2.33	2.63	9
2.59	2.58	9
3.3	3.29	9
4.37	4.43	9
6.69	6.89	9
11.71	10.98	9
20.83	20.92	9
38.98	39.86	9
75.78	75.43	9
148.02	145.07	9
289.47	295.46	9
572.22	567.85	9
1117.83	1126.59	9
1653.43	1665.34	9
2166.13	2197.36	9
2731.62	2750.8	9
3262.39	3248.07	9
3832.26	3817.95	9
4302.49	4355.87	9
4873.74	4850.64	9
1.37	1.26	9
1.31	1.5	9
1.66	1.68	9
2.29	2.14	9
2.69	2.55	9
2.76	2.94	9
3.27	2.98	9
3.95	3.9	9
5.09	4.87	9
7.1	7.0	9
11.0	11.58	9
18.73	19.09	9
34.04	35.0	9
63.27	63.56	9
113.88	118.76	9
227.73	227.2	9
443.29	432.13	9
632.42	644.96	9
856.96	836.65	9
1020.54	1057.96	9
1241.5	1252.91	9
1415.07	1460.71	9
1643.53	1685.01	9
1853.76	1875.53	9
0.99	1.23	9
1.28	1.25	9
1.57	1.88	9
2.08	2.06	9
2.64	2.65	9
2.97	3.7	9
3.17	3.43	9
4.63	4.66	9
6.71	6.29	9
10.84	10.9	9
19.22	19.64	9
35.35	35.64	9
67.92	67.33	9
130.58	132.77	9
257.62	255.48	9
509.33	512.29	9
981.43	978.87	9
1486.65	1485.4	9
1950.99	1930.32	9
2415.33	2437.39	9
2891.55	2907.43	9
3344.82	3344.1	9
3800.63	3799.87	9
4310.63	4279.87	9
1.15	1.15	10
1.14	1.4	10
2.42	1.69	10
1.74	1.86	10
2.34	3.17	10
2.48	2.89	10
3.43	3.24	10
4.76	4.11	10
6.42	6.51	10
10.95	11.0	10
19.12	19.11	10
36.47	36.86	10
70.11	69.43	10
135.21	133.82	10
262.98	265.6	10
525.72	522.37	10
1012.93	1013.3	10
1517.76	1511.53	10
1988.03	2004.45	10
2467.39	2491.36	10
2984.7	2974.34	10
3485.8	3479.55	10
3969.96	3990.22	10
4480.25	4422.42	10
1.23	1.24	10
1.32	1.2	10
1.74	1.56	10
1.99	2.2	10
2.29	2.25	10
2.47	2.82	10
3.07	2.76	10
3.47	4.21	10
5.55	5.48	10
8.24	8.36	10
14.29	14.34	10
25.77	26.03	10
47.9	48.45	10
92.94	92.24	10
178.83	180.96	10
363.64	355.34	10
689.45	692.33	10
1036.31	1041.7	10
1371.53	1354.85	10
1690.14	1691.73	10
2030.47	2025.09	10
2366.88	2358.12	10
2714.94	2711.11	10
3068.74	3084.9	10
1.84	1.12	10
1.95	1.85	10
1.57	1.61	10
1.9	2.25	10
2.5	2.57	10
2.89	3.28	10
2.95	3.0	10
4.4	4.71	10
6.12	6.77	10
9.9	10.13	10
17.77	18.27	10
33.53	34.28	10
62.67	64.42	10
122.7	120.17	10
235.38	237.79	10
463.46	470.48	10
909.16	902.35	10
1341.87	1340.0	10
1777.06	1780.3	10
2213.49	2191.79	10
2633.2	2652.85	10
3083.6	3066.71	10
3556.95	3466.97	10
3952.25	3942.1	10
1.24	1.18	10
1.23	1.33	10
1.8	1.67	10
2.23	2.09	10
2.65	2.61	10
2.91	3.01	10
3.2	3.47	10
3.89	4.05	10
5.63	5.53	10
8.11	8.4	10
13.16	13.12	10
23.58	23.66	10
45.65	43.32	10
84.62	85.1	10
165.33	166.96	10
326.95	329.13	10
627.57	628.76	10
931.4	939.65	10
1236.93	1239.31	10
1549.26	1543.43	10
1846.3	1837.0	10
2146.24	2294.3	10
2448.29	2454.67	10
2754.85	2771.28	10
1.81	1.15	11
1.28	2.81	11
1.62	1.68	11
2.24	2.24	11
2.1	2.4	11
2.41	2.86	11
3.19	3.29	11
4.12	3.86	11
5.34	5.46	11
7.81	8.32	11
14.38	13.96	11
25.68	25.67	11
48.31	49.24	11
92.01	94.02	11
182.41	181.82	11
361.8	360.64	11
683.81	698.02	11
1027.15	1028.2	11
1348.65	1362.54	11
1716.22	1726.21	11
2045.96	2036.03	11
2399.16	2407.58	11
2733.15	2726.66	11
3107.59	3053.96	11
1.18	1.25	11
1.23	1.27	11
1.67	1.74	11
1.99	2.1	11
2.65	2.28	11
2.5	2.58	11
3.19	3.21	11
4.68	4.34	11
6.89	6.47	11
10.69	11.38	11
19.82	19.7	11
36.65	37.62	11
69.58	69.76	11
135.51	136.38	11
266.65	266.03	11
526.17	524.45	11
1012.83	1026.4	11
1493.86	1517.73	11
2003.66	2003.8	11
2483.57	2515.6	11
2950.72	2990.35	11
3480.73	3474.04	11
4001.83	3963.76	11
4477.65	4430.4	11
1.03	1.08	11
1.37	1.66	11
1.72	1.83	11
2.08	2.08	11
2.68	2.53	11
3.1	3.12	11
3.17	4.1	11
4.05	3.82	11
5.0	5.13	11
7.86	7.85	11
13.5	13.21	11
23.38	24.06	11
44.48	44.72	11
85.38	85.53	11
166.6	164.84	11
325.59	329.96	11
636.18	632.91	11
939.41	941.19	11
1248.39	1255.2	11
1554.96	1562.36	11
1873.85	1881.37	11
2193.34	2194.64	11
2489.42	2499.14	11
2815.37	2809.09	11
1.09	1.27	11
1.24	1.46	11
1.43	1.68	11
2.06	2.28	11
2.48	2.55	11
2.78	3.14	11
3.55	3.62	11
4.47	4.35	11
6.0	6.6	11
10.68	10.07	11
18.36	18.83	11
32.88	32.91	11
64.77	62.68	11
122.58	122.49	11
239.79	234.65	11
468.92	476.98	11
907.53	907.9	11
1332.92	1338.34	11
1765.12	1792.22	11
2194.03	2228.49	11
2655.9	2640.65	11
3048.39	3050.06	11
3523.17	3504.71	11
3976.94	3973.22	11
1.11	1.26	12
1.24	1.3	12
1.52	2.11	12
1.96	1.91	12
2.12	2.19	12
2.72	2.96	12
3.21	4.3	12
4.41	4.47	12
6.92	6.83	12
11.24	11.23	12
21.09	20.61	12
39.22	39.11	12
75.12	75.38	12
147.62	147.67	12
288.24	285.13	12
573.01	574.22	12
1108.09	1108.61	12
1643.67	1647.56	12
2186.26	2193.14	12
2742.11	2722.09	12
3249.77	3282.92	12
3811.78	3825.19	12
4344.89	4343.24	12
4933.08	4926.18	12
1.14	1.32	12
1.33	1.47	12
1.66	1.55	12
1.81	2.38	12
2.25	2.15	12
2.45	2.65	12
2.96	2.73	12
4.02	3.77	12
5.24	4.95	12
7.91	7.6	12
12.09	12.39	12
20.84	21.0	12
38.29	38.37	12
71.56	72.01	12
136.18	136.18	12
272.95	268.1	12
510.84	520.49	12
744.35	763.89	12
1006.35	982.78	12
1244.36	1237.16	12
1471.57	1488.15	12
1752.14	1771.1	12
1982.2	2015.27	12
2224.05	2214.21	12
1.1	1.12	12
1.47	1.98	12
1.48	1.64	12
2.12	2.11	12
2.85	2.86	12
2.69	2.97	12
3.49	3.04	12
4.19	4.21	12
6.31	6.44	12
11.26	11.32	12
18.76	19.56	12
35.35	34.92	12
67.68	66.33	12
127.67	131.58	12
258.84	260.27	12
508.83	512.09	12
974.33	986.25	12
1454.99	1451.48	12
1943.42	1940.72	12
2416.36	2413.22	12
2867.61	2873.91	12
3328.12	3351.54	12
3834.85	3802.2	12
4323.26	4303.78	12
1.14	1.14	12
1.2	1.3	12
1.51	1.8	12
2.06	2.0	12
2.75	2.48	12
3.18	2.7	12
2.87	3.27	12
3.78	3.57	12
4.67	4.78	12
6.97	7.26	12
11.17	11.23	12
19.54	18.44	12
34.15	35.35	12
63.88	63.46	12
120.63	124.36	12
232.55	235.14	12
468.4	437.73	12
650.11	687.35	12
887.88	866.8	12
1072.92	1064.44	12
1328.14	1358.79	12
1496.54	1494.14	12
1764.34	1684.61	12
1911.18	1997.11	12
0.83	0.9	13
0.97	1.0	13
1.16	1.35	13
1.63	1.53	13
1.58	1.82	13
1.97	2.01	13
2.56	2.3	13
2.23	2.2	13
2.33	2.19	13
2.92	2.64	13
2.82	3.13	13
3.59	3.45	13
4.86	4.4	13
6.25	5.65	13
10.34	9.47	13
16.07	16.15	13
29.47	29.9	13
69.1	55.58	13
104.65	117.71	13
202.3	202.97	13
397.69	397.23	13
776.68	767.69	13
1138.52	1116.64	13
1750.73	1502.92	13
1890.98	2117.6	13
2229.98	2230.75	13
2592.54	2981.95	13
3034.95	2939.82	13
3294.29	3341.86	13
0.83	0.84	13
1.06	1.09	13
1.26	1.17	13
1.46	1.6	13
1.78	1.82	13
2.07	2.15	13
2.0	2.17	13
2.15	2.35	13
2.33	2.58	13
2.77	2.8	13
3.71	3.23	13
5.22	5.11	13
8.94	8.34	13
13.65	13.61	13
29.1	28.27	13
54.81	54.48	13
106.23	105.49	13
207.23	205.41	13
410.51	354.21	13
712.15	811.78	13
1405.21	1415.57	13
3169.77	2746.94	13
4721.46	4734.65	13
6293.82	6266.71	13
7848.61	7837.42	13
8068.76	9333.76	13
11001.69	10959.7	13
10815.33	12381.74	13
13990.28	13974.54	13
0.86	0.98	13
1.08	1.05	13
1.13	1.23	13
1.55	1.62	13
1.9	1.79	13
1.96	2.03	13
2.05	2.39	13
2.19	2.31	13
2.47	2.32	13
2.81	2.91	13
3.0	3.03	13
3.7	3.2	13
5.31	4.58	13
7.7	5.94	13
11.26	10.2	13
17.73	16.35	13
30.88	29.61	13
62.51	55.33	13
105.88	104.81	13
204.88	200.02	13
407.4	454.09	13
773.45	768.15	13
1143.12	1148.58	13
1710.26	1497.43	13
1852.19	1878.8	13
2262.82	2550.0	13
2637.37	2598.34	13
2972.7	2956.1	13
3330.0	3813.11	13
0.86	0.96	13
1.01	1.02	13
1.04	1.16	13
1.57	1.53	13
1.84	1.94	13
2.49	1.77	13
1.85	2.14	13
2.35	2.22	13
2.27	2.72	13
3.04	3.23	13
3.97	3.65	13
5.96	5.38	13
9.27	8.5	13
16.3	13.42	13
28.66	27.71	13
54.82	54.07	13
107.97	104.75	13
209.23	208.33	13
353.46	411.89	13
825.82	704.05	13
1188.4	1398.96	13
2746.8	3183.47	13
4070.98	4726.21	13
6289.91	6307.18	13
7824.08	7826.22	13
9372.2	9390.46	13
10909.54	10935.15	13
10790.8	12498.19	13
14024.61	14103.97	13
1.02	0.86	14
1.11	1.05	14
1.32	1.32	14
2.28	1.42	14
1.79	1.72	14
1.98	2.13	14
2.21	2.14	14
2.38	2.36	14
2.41	2.21	14
2.57	2.54	14
3.14	2.84	14
4.05	3.74	14
5.29	4.94	14
8.05	8.6	14
14.01	13.65	14
24.77	25.02	14
50.26	48.68	14
89.35	101.75	14
173.91	173.37	14
344.41	363.56	14
672.93	666.98	14
1303.9	1320.34	14
1950.4	1932.55	14
2569.53	2554.61	14
3203.22	3243.68	14
3827.07	3809.41	14
4468.76	4457.31	14
5093.88	5111.53	14
5756.13	5795.78	14
0.98	1.01	14
1.03	1.71	14
1.31	1.29	14
1.59	1.59	14
1.91	1.73	14
1.91	1.88	14
2.31	1.96	14
2.41	2.34	14
2.42	2.25	14
3.06	2.88	14
3.7	3.38	14
5.35	5.12	14
8.42	8.16	14
13.85	11.61	14
24.81	24.27	14
47.19	34.6	14
92.57	93.02	14
180.91	153.13	14
358.06	355.62	14
605.58	708.01	14
1413.85	1410.57	14
1947.18	2751.34	14
3502.03	4096.72	14
5428.18	4621.22	14
6766.87	6782.73	14
8123.17	8144.7	14
9462.32	9467.0	14
9222.38	10751.35	14
12163.99	12101.82	14
0.97	0.92	14
1.16	1.05	14
1.38	1.16	14
1.53	1.56	14
1.76	1.86	14
2.06	2.17	14
2.49	2.13	14
2.41	2.36	14
2.46	2.47	14
2.92	2.64	14
3.04	3.06	14
4.09	3.85	14
6.08	5.27	14
9.46	8.53	14
15.28	13.19	14
26.49	24.05	14
47.78	47.78	14
92.53	90.58	14
174.16	172.98	14
343.16	339.45	14
665.16	670.94	14
1378.59	1313.16	14
1928.46	1938.12	14
2602.14	2902.64	14
3209.01	3202.28	14
4054.61	3853.37	14
4496.01	4460.87	14
5119.73	5099.29	14
5751.15	5772.63	14
0.88	0.82	14
1.1	1.01	14
1.33	1.14	14
1.67	1.51	14
1.76	1.78	14
2.02	2.04	14
2.24	2.1	14
2.37	2.19	14
2.39	2.28	14
2.99	2.75	14
3.96	3.41	14
5.47	4.98	14
8.74	8.42	14
14.76	13.23	14
26.05	24.86	14
48.39	46.41	14
81.41	91.42	14
179.77	181.2	14
355.57	307.72	14
612.01	613.77	14
1221.23	1224.17	14
2361.15	2750.8	14
4100.36	3519.84	14
5446.98	5438.31	14
6798.31	6803.71	14
7002.1	8115.52	14
9485.61	9448.93	14
10784.31	10841.73	14
12153.21	12157.25	14
0.95	1.09	15
1.06	1.05	15
1.15	1.22	15
2.23	1.62	15
1.8	1.86	15
2.03	1.9	15
2.29	2.69	15
2.19	2.16	15
2.7	2.64	15
2.8	2.82	15
3.57	3.35	15
4.86	5.03	15
7.86	7.83	15
12.01	13.47	15
25.08	24.61	15
47.46	47.44	15
52.32	91.6	15
153.76	177.74	15
306.82	306.99	15
711.37	602.12	15
1415.83	1206.96	15
2769.55	2751.11	15
4099.55	4093.0	15
5457.73	4629.76	15
4806.42	5804.78	15
8131.87	8080.28	15
8070.59	8070.61	15
9239.73	10783.87	15
8567.1	12135.87	15
0.96	0.89	15
0.98	0.93	15
1.29	1.22	15
1.58	1.4	15
1.85	2.0	15
2.19	1.93	15
1.96	2.16	15
2.21	2.01	15
2.32	2.32	15
2.73	2.73	15
3.99	3.11	15
4.14	4.21	15
5.01	5.31	15
8.29	8.57	15
13.52	13.84	15
24.42	24.25	15
46.68	52.88	15
90.73	90.42	15
179.67	188.52	15
377.13	349.95	15
686.52	688.93	15
1334.42	1337.59	15
1989.04	2005.27	15
2651.2	2639.76	15
3282.41	3271.26	15
3937.73	4183.64	15
4597.67	4599.43	15
5233.45	5210.8	15
5871.19	5979.99	15
0.97	0.93	15
1.08	1.1	15
1.27	1.25	15
1.57	1.67	15
1.85	1.74	15
2.17	1.85	15
2.12	2.25	15
2.38	2.24	15
3.49	3.17	15
2.94	3.15	15
3.76	3.76	15
5.42	5.11	15
8.48	7.29	15
15.07	14.07	15
25.56	24.72	15
41.93	47.58	15
91.32	78.67	15
181.29	180.44	15
307.69	354.68	15
514.26	708.71	15
1016.06	1214.05	15
2754.99	2757.87	15
4095.95	4095.04	15
5443.1	5463.3	15
6777.18	5844.31	15
8123.99	8118.01	15
8149.46	8138.83	15
10860.62	10813.46	15
12174.19	12210.87	15
1.04	1.0	15
1.0	1.06	15
1.18	1.21	15
1.58	1.66	15
1.82	1.96	15
2.14	1.7	15
2.42	1.82	15
2.36	2.05	15
2.43	2.3	15
2.7	2.53	15
3.08	3.12	15
3.82	3.9	15
6.06	4.9	15
9.43	8.3	15
15.54	14.15	15
27.02	25.15	15
46.79	45.94	15
89.67	89.54	15
185.1	183.33	15
342.45	344.61	15
672.68	716.3	15
1321.38	1333.22	15
1958.14	2057.77	15
2557.56	2591.69	15
3177.96	3386.41	15
3806.14	3822.82	15
4499.93	4515.06	15
5127.82	5098.48	15
5769.74	5756.66	15
0.92	1.14	16
1.78	1.01	16
1.27	1.15	16
1.55	1.59	16
1.71	1.67	16
2.0	1.81	16
2.12	1.95	16
2.35	2.23	16
2.38	2.7	16
3.17	2.98	16
3.63	3.71	16
5.38	5.18	16
8.16	8.68	16
15.54	15.46	16
27.84	28.52	16
54.29	46.11	16
105.98	105.61	16
208.65	178.59	16
357.15	411.11	16
826.54	820.43	16
1416.74	1639.62	16
3612.39	3417.28	16
4741.64	4754.43	16
5465.35	4594.8	16
6823.24	6835.95	16
8165.22	9418.96	16
9497.49	10981.03	16
12549.01	12660.35	16
14188.95	14080.31	16
0.92	1.38	16
0.96	1.05	16
1.15	1.1	16
1.5	1.37	16
2.08	1.69	16
1.76	1.92	16
2.06	2.34	16
2.02	2.04	16
2.18	2.29	16
2.34	2.49	16
3.02	2.87	16
3.27	3.17	16
4.62	4.68	16
6.59	6.17	16
9.95	9.29	16
16.35	16.22	16
29.73	28.97	16
54.74	61.22	16
105.41	103.04	16
203.68	258.62	16
392.93	399.4	16
895.45	756.55	16
1484.62	1145.5	16
1508.55	1507.85	16
2172.6	2152.76	16
2559.5	2216.83	16
2566.59	2974.32	16
2955.29	2938.94	16
3348.82	3417.78	16
0.89	0.88	16
0.95	0.95	16
1.73	1.11	16
1.53	1.39	16
1.57	1.6	16
1.95	1.84	16
2.13	2.15	16
2.57	2.19	16
2.37	2.63	16
3.06	2.61	16
3.59	3.96	16
5.73	5.45	16
9.12	8.25	16
15.73	13.16	16
25.8	23.99	16
55.27	54.13	16
106.95	77.47	16
209.68	179.94	16
415.36	412.78	16
816.55	819.0	16
1635.24	1636.96	16
3189.85	3189.55	16
4723.28	4743.8	16
6251.97	5417.09	16
7817.64	6741.59	16
9442.85	9357.09	16
10979.14	9417.2	16
12448.86	12402.64	16
14037.07	13992.16	16
0.92	1.14	16
1.12	0.92	16
1.24	1.16	16
1.73	1.38	16
1.86	1.64	16
1.98	2.01	16
2.16	1.81	16
2.08	2.88	16
2.39	2.63	16
2.71	2.67	16
3.0	3.14	16
3.9	3.49	16
5.74	4.69	16
7.81	5.95	16
11.27	9.84	16
18.71	16.62	16
31.01	32.66	16
62.83	60.77	16
105.19	104.29	16
230.35	201.5	16
454.08	391.76	16
762.12	773.62	16
1136.02	1141.81	16
1713.1	1729.29	16
2133.34	1926.48	16
2196.07	2255.4	16
2605.61	2612.26	16
3022.57	2983.92	16
3304.24	3372.61	16
1.18	1.16	17
1.62	1.5	17
2.26	2.33	17
3.55	4.18	17
5.32	5.32	17
7.61	8.95	17
7.64	9.23	17
10.87	9.11	17
10.03	10.51	17
12.71	13.24	17
14.58	13.56	17
18.9	20.9	17
26.93	25.41	17
41.87	40.82	17
74.28	75.25	17
131.96	128.14	17
249.46	248.95	17
477.38	483.91	17
938.74	940.52	17
1779.42	1806.28	17
2693.05	2683.89	17
3563.13	3634.3	17
4504.25	4533.76	17
5332.87	5367.35	17
6224.23	6221.91	17
7037.22	7086.63	17
7997.9	8069.51	17
1.22	1.33	17
1.49	1.64	17
2.04	2.26	17
3.32	3.31	17
5.73	5.6	17
9.06	6.58	17
9.26	9.15	17
12.24	14.68	17
15.0	13.21	17
15.42	17.22	17
18.21	17.58	17
17.42	23.82	17
37.29	37.53	17
60.68	63.25	17
111.01	107.46	17
202.35	205.83	17
393.14	392.93	17
775.75	778.04	17
1539.77	1545.48	17
2988.69	2971.38	17
4439.92	4448.08	17
5886.72	5877.43	17
7349.72	7358.92	17
8855.45	8789.24	17
10295.04	10286.54	17
11713.89	11752.16	17
13160.78	13191.49	17
1.29	1.09	17
1.59	1.52	17
2.29	2.38	17
3.58	3.73	17
4.79	5.53	17
7.8	8.39	17
10.1	10.19	17
10.4	7.48	17
10.12	8.69	17
11.77	12.08	17
14.7	14.39	17
16.35	19.67	17
25.49	25.0	17
39.85	40.56	17
68.26	67.26	17
120.24	120.42	17
222.28	225.31	17
433.21	436.06	17
855.81	856.61	17
1624.21	1631.25	17
2521.83	2416.71	17
3187.13	3192.13	17
4042.48	3993.27	17
4774.83	4808.45	17
5596.99	5674.69	17
6367.68	6410.67	17
7195.17	7216.92	17
1.39	1.13	17
1.52	1.72	17
2.17	2.26	17
3.27	3.25	17
5.03	5.63	17
9.04	8.1	17
13.91	10.22	17
16.24	16.48	17
14.83	17.69	17
16.77	16.02	17
18.31	16.41	17
24.12	18.18	17
34.85	35.93	17
54.11	57.97	17
101.18	104.66	17
193.86	193.08	17
371.14	374.82	17
734.19	731.69	17
1438.28	1449.85	17
2786.0	2797.3	17
4144.05	4195.49	17
5528.88	5506.39	17
6866.74	6837.55	17
8240.67	8244.3	17
9659.44	9565.98	17
10948.76	10929.41	17
12319.11	12334.04	17
1.33	1.39	18
1.7	1.57	18
2.27	2.45	18
3.28	3.76	18
6.26	4.74	18
8.35	7.44	18
11.18	13.67	18
14.39	11.7	18
12.24	13.39	18
14.72	15.61	18
16.42	18.55	18
24.47	27.57	18
33.1	37.16	18
57.89	59.76	18
104.18	96.61	18
180.89	181.07	18
348.88	332.75	18
668.1	680.48	18
1370.87	1372.82	18
2644.55	2611.56	18
3891.9	3878.9	18
5198.58	5173.54	18
6453.28	6420.13	18
7639.84	7722.02	18
8950.56	9062.53	18
10406.62	10271.19	18
11592.53	11573.58	18
1.28	1.37	18
1.63	1.82	18
2.39	2.35	18
3.56	3.47	18
4.26	5.62	18
7.73	8.46	18
7.99	8.05	18
10.4	10.99	18
10.41	7.65	18
13.01	13.76	18
14.47	15.52	18
20.82	20.73	18
31.81	29.17	18
51.58	53.63	18
95.16	94.22	18
175.84	178.2	18
335.08	336.08	18
658.31	653.19	18
1308.29	1297.2	18
2551.99	2536.98	18
3786.78	3770.17	18
5008.21	5022.81	18
6287.23	6251.56	18
7491.06	7510.85	18
8753.92	8728.14	18
9976.71	9986.57	18
11143.39	11235.02	18
1.24	1.36	18
1.41	1.49	18
2.14	2.37	18
3.28	3.36	18
5.76	5.89	18
7.46	7.6	18
10.76	11.78	18
11.22	12.92	18
10.59	10.8	18
16.93	14.63	18
18.69	18.4	18
23.16	21.52	18
33.27	35.69	18
53.93	52.79	18
93.38	97.3	18
174.8	177.93	18
327.23	327.06	18
642.49	648.41	18
1297.57	1288.25	18
2513.05	2494.24	18
3722.62	3656.13	18
4930.6	4879.73	18
6123.75	6162.05	18
7310.53	7303.89	18
8504.97	8505.25	18
9784.0	9760.47	18
10813.06	10987.4	18
1.4	1.35	18
2.29	1.89	18
2.44	2.24	18
3.29	3.65	18
5.76	5.75	18
8.57	7.3	18
6.93	10.16	18
11.36	9.1	18
11.26	13.07	18
13.46	12.12	18
14.81	16.51	18
20.29	20.3	18
32.09	31.19	18
50.05	47.46	18
87.16	88.11	18
162.34	161.58	18
310.78	313.61	18
609.05	610.96	18
1214.92	1223.77	18
2384.94	2372.17	18
3542.86	3520.57	18
4686.43	4686.27	18
5836.13	5825.71	18
6979.98	6945.12	18
8106.95	8134.54	18
9223.33	9283.51	18
10397.97	10431.77	18
1.22	1.28	19
1.65	1.67	19
2.26	2.23	19
3.81	3.87	19
5.91	5.6	19
6.3	8.36	19
10.2	10.25	19
12.92	10.09	19
10.05	11.46	19
12.09	13.53	19
14.87	14.59	19
20.04	20.0	19
30.62	27.46	19
50.8	49.91	19
87.88	87.83	19
162.94	164.63	19
310.91	316.73	19
611.13	617.71	19
1240.27	1243.87	19
2462.39	2460.93	19
3713.15	3722.1	19
4954.59	4936.66	19
6184.51	6182.36	19
7378.9	7408.15	19
8621.01	8613.62	19
9851.6	9863.52	19
11129.08	11098.0	19
1.24	1.41	19
1.58	1.75	19
2.39	2.43	19
3.87	3.47	19
6.04	5.15	19
10.57	9.99	19
11.91	14.15	19
11.28	13.2	19
16.33	14.32	19
19.76	18.06	19
15.09	20.26	19
22.16	25.14	19
35.73	34.63	19
59.3	61.76	19
94.82	93.65	19
175.87	185.41	19
337.08	346.64	19
669.56	667.53	19
1332.34	1346.14	19
2626.0	2595.38	19
3902.32	3871.72	19
5161.34	5146.95	19
6359.76	6392.89	19
7765.08	7702.39	19
8975.08	8992.07	19
10168.79	10256.14	19
11562.93	11448.73	19
1.15	1.4	19
1.66	1.65	19
2.28	2.4	19
3.73	3.52	19
4.91	4.85	19
8.38	8.49	19
9.76	8.44	19
10.73	9.72	19
11.82	11.12	19
12.94	13.93	19
12.81	14.03	19
19.75	21.04	19
28.31	30.96	19
48.96	47.9	19
89.29	87.78	19
164.07	167.85	19
316.25	318.32	19
615.53	617.48	19
1229.8	1223.94	19
2365.76	2368.28	19
3506.17	3504.95	19
4643.31	4648.37	19
5787.4	5767.97	19
6943.11	6905.53	19
8052.35	8084.84	19
9244.86	9177.83	19
10356.24	10331.32	19
1.11	1.37	19
1.61	1.54	19
2.26	2.46	19
3.5	3.55	19
5.38	5.86	19
9.25	9.1	19
13.03	11.52	19
11.14	11.86	19
13.01	11.67	19
15.61	14.05	19
19.06	19.24	19
23.26	25.45	19
36.19	32.94	19
54.8	53.08	19
96.51	94.47	19
177.99	175.78	19
330.34	329.83	19
653.44	651.53	19
1296.96	1264.79	19
2508.63	2502.01	19
3657.9	3686.64	19
4868.73	4872.62	19
6119.68	6052.71	19
7310.21	7189.16	19
8458.61	8528.97	19
9759.03	9662.04	19
10851.06	10845.25	19
1.22	1.41	20
1.77	1.74	20
2.35	2.44	20
3.88	3.52	20
6.19	6.23	20
9.69	8.3	20
14.77	12.06	20
12.94	12.74	20
14.63	14.95	20
16.89	18.72	20
20.93	17.43	20
28.26	28.07	20
36.02	41.81	20
62.66	63.76	20
112.08	107.17	20
203.47	204.99	20
394.32	395.95	20
773.42	767.54	20
1525.13	1519.85	20
3006.48	3009.65	20
4479.25	4510.57	20
5950.72	5955.47	20
7415.18	7417.45	20
8920.94	8902.65	20
10320.05	10378.66	20
11879.07	11817.35	20
13303.1	13283.07	20
1.37	1.51	20
1.8	1.69	20
2.16	2.34	20
3.66	3.44	20
4.78	5.18	20
7.04	8.29	20
11.16	11.26	20
9.5	12.55	20
8.62	8.45	20
12.39	13.61	20
14.6	14.97	20
18.95	19.62	20
26.37	27.95	20
42.86	43.58	20
72.28	72.88	20
132.94	138.74	20
251.11	257.25	20
488.71	486.99	20
958.66	954.98	20
1826.76	1842.64	20
2683.53	2709.31	20
3647.84	3587.89	20
4486.42	4489.31	20
5395.06	5364.69	20
6320.8	6332.74	20
7233.92	7174.49	20
7987.57	7972.16	20
1.19	1.36	20
1.53	1.73	20
2.24	2.33	20
3.38	3.57	20
4.77	5.99	20
8.46	7.51	20
11.59	13.61	20
11.56	14.85	20
12.47	13.33	20
15.45	17.17	20
20.27	19.61	20
23.58	20.38	20
29.57	32.98	20
59.64	55.29	20
101.95	100.09	20
190.68	192.4	20
372.62	370.16	20
724.14	729.9	20
1454.03	1456.38	20
2841.11	2838.5	20
4185.95	4235.01	20
5572.03	5558.94	20
6913.64	6920.59	20
8512.11	8273.47	20
9613.57	9638.39	20
11017.79	10995.26	20
12407.16	12390.58	20
1.16	1.48	20
1.63	1.69	20
2.33	2.57	20
3.68	3.8	20
5.63	6.33	20
7.12	8.01	20
8.43	8.64	20
9.95	10.49	20
12.23	9.19	20
12.99	12.48	20
11.89	14.08	20
17.43	18.69	20
23.58	23.95	20
39.94	41.06	20
68.13	66.92	20
120.17	120.23	20
223.53	225.56	20
433.28	429.47	20
847.26	850.78	20
1651.57	1653.69	20
2459.87	2434.01	20
3259.03	3228.25	20
4047.78	4078.03	20
4836.83	4770.66	20
5653.54	5660.35	20
6451.33	6396.5	20
7191.89	7264.7	20
1.0	1.05	21
1.17	1.1	21
1.42	1.46	21
2.11	1.99	21
2.65	3.25	21
4.96	4.15	21
8.89	6.54	21
7.15	9.33	21
10.93	6.57	21
14.3	16.01	21
19.25	18.34	21
29.56	32.73	21
51.41	49.43	21
77.11	75.41	21
106.82	109.87	21
157.28	149.19	21
241.55	225.06	21
367.02	368.87	21
668.02	676.31	21
1231.04	1246.3	21
1796.44	1781.07	21
2358.0	2360.55	21
2858.91	2903.62	21
3438.73	3456.57	21
3946.17	3995.54	21
4593.64	4589.36	21
5017.58	5117.53	21
0.93	0.91	21
1.0	1.22	21
1.33	1.38	21
1.86	1.94	21
2.89	2.92	21
4.8	4.06	21
4.09	7.78	21
8.69	8.15	21
8.11	8.03	21
14.76	13.84	21
22.71	21.51	21
33.71	32.48	21
54.61	54.23	21
84.4	85.15	21
127.22	130.77	21
190.03	194.33	21
295.39	289.46	21
493.16	487.31	21
917.16	961.81	21
1727.4	1735.52	21
2475.5	2509.18	21
3254.68	3320.74	21
4022.71	4077.39	21
4843.59	4832.47	21
5648.86	5593.3	21
6464.17	6421.18	21
7191.03	7175.6	21
1.06	1.19	21
1.12	1.29	21
1.56	1.51	21
2.04	2.13	21
3.17	3.17	21
4.98	3.64	21
7.26	8.96	21
10.9	5.94	21
12.88	10.61	21
12.97	11.9	21
18.01	22.62	21
34.35	28.85	21
51.94	43.53	21
73.58	73.02	21
105.19	109.11	21
144.3	144.84	21
211.32	205.66	21
337.56	342.22	21
595.63	599.81	21
1094.83	1125.26	21
1600.91	1637.97	21
2137.28	2094.34	21
2607.3	2588.26	21
3113.31	3061.37	21
3573.1	3642.67	21
4031.51	4069.83	21
4610.26	4546.33	21
0.92	0.93	21
1.28	1.22	21
1.52	1.4	21
1.8	1.85	21
2.73	2.86	21
4.97	5.31	21
8.11	6.66	21
7.22	11.56	21
12.57	8.85	21
12.56	16.12	21
19.33	21.31	21
34.02	33.42	21
57.16	50.07	21
79.97	88.38	21
116.15	122.66	21
178.55	179.22	21
281.93	272.12	21
480.36	502.05	21
868.83	896.32	21
1570.73	1615.72	21
2312.58	2355.77	21
3024.19	3075.49	21
3730.48	3767.18	21
4486.58	4534.58	21
5206.31	5245.8	21
5894.99	5883.35	21
6596.38	6677.15	21
1.02	1.12	22
1.16	1.09	22
1.34	1.39	22
1.89	1.91	22
2.83	2.49	22
4.3	4.95	22
7.88	7.12	22
11.4	5.64	22
11.22	11.88	22
14.41	16.46	22
19.86	22.23	22
32.54	36.44	22
52.87	56.04	22
86.38	86.03	22
133.8	125.43	22
187.22	185.1	22
286.22	284.8	22
503.94	488.38	22
904.31	908.34	22
1678.38	1696.12	22
2447.01	2458.83	22
3216.2	3305.83	22
4047.84	4092.3	22
4816.27	4795.71	22
5620.1	5581.76	22
6421.99	6427.83	22
7124.91	7163.33	22
0.94	1.05	22
1.18	1.14	22
1.51	1.54	22
2.03	1.91	22
2.77	3.0	22
4.15	4.49	22
7.05	8.93	22
8.86	7.98	22
10.51	8.81	22
12.02	11.06	22
17.52	18.77	22
29.47	33.34	22
50.12	49.26	22
77.02	76.92	22
107.48	108.4	22
158.81	151.65	22
226.6	229.75	22
382.84	388.29	22
673.17	673.91	22
1250.34	1232.08	22
1803.49	1798.57	22
2322.4	2362.52	22
2906.0	2907.14	22
3471.41	3469.62	22
4038.78	4072.93	22
4479.2	4579.98	22
5098.48	5147.15	22
0.95	0.98	22
1.91	1.11	22
1.53	1.41	22
1.96	1.9	22
2.92	2.76	22
4.9	4.97	22
8.72	7.04	22
11.21	8.61	22
11.0	10.44	22
12.83	15.65	22
18.83	22.1	22
34.5	30.67	22
51.34	51.54	22
81.29	84.32	22
119.98	121.68	22
174.54	173.55	22
273.37	275.86	22
464.45	457.99	22
849.35	850.47	22
1586.57	1569.01	22
2287.06	2322.65	22
2987.37	3001.15	22
3746.61	3748.96	22
4464.23	4431.34	22
5122.28	5182.93	22
5899.03	5929.21	22
6596.91	6593.52	22
0.97	0.92	22
1.17	1.21	22
1.73	1.4	22
2.69	1.99	22
2.92	3.01	22
4.5	4.91	22
9.41	9.39	22
8.76	9.35	22
8.64	14.53	22
14.45	11.32	22
21.16	20.24	22
34.2	31.77	22
49.71	46.5	22
101.21	98.48	22
116.32	109.25	22
149.28	146.23	22
214.48	215.41	22
358.82	361.24	22
624.67	632.84	22
1125.79	1159.61	22
1618.19	1642.36	22
2124.97	2162.8	22
2578.94	2643.04	22
3050.72	3088.5	22
3579.69	3641.15	22
4144.91	4127.87	22
4567.42	4587.18	22
0.94	1.15	23
1.09	1.3	23
1.33	1.39	23
2.04	2.01	23
3.43	3.01	23
5.09	5.59	23
8.26	9.24	23
9.38	8.63	23
8.22	10.52	23
12.73	15.85	23
19.37	18.54	23
26.25	34.24	23
48.44	47.13	23
79.3	74.15	23
110.35	110.37	23
160.53	159.05	23
228.54	236.68	23
372.22	374.2	23
666.8	683.43	23
1223.36	1227.29	23
1794.39	1791.97	23
2341.06	2337.88	23
2891.42	2895.62	23
3467.63	3467.5	23
3991.22	4023.22	23
4588.11	4580.35	23
5045.08	5219.55	23
1.06	1.04	23
1.11	1.18	23
1.33	1.49	23
1.89	2.07	23
2.68	2.93	23
4.66	4.03	23
6.55	7.16	23
8.27	9.79	23
9.91	11.48	23
12.5	12.72	23
22.37	22.3	23
32.55	32.77	23
50.88	51.6	23
88.67	87.3	23
131.77	130.91	23
189.33	180.29	23
292.58	296.52	23
513.84	507.02	23
906.22	929.75	23
1698.15	1683.92	23
2454.76	2473.52	23
3293.03	3267.35	23
4077.45	4052.11	23
4813.66	4779.87	23
5643.18	5610.33	23
6376.99	6421.58	23
7234.06	7170.26	23
0.93	1.05	23
1.71	1.29	23
1.34	1.42	23
1.92	2.63	23
3.07	3.08	23
4.06	5.02	23
5.56	6.7	23
13.47	10.61	23
10.18	9.11	23
15.22	15.66	23
15.36	21.37	23
30.26	32.09	23
46.86	46.89	23
77.52	68.81	23
104.04	101.74	23
144.2	148.55	23
214.24	224.02	23
357.82	356.85	23
629.72	627.42	23
1126.54	1119.51	23
1643.24	1624.22	23
2105.07	2094.61	23
2618.43	2601.14	23
3121.23	3146.2	23
3632.97	3634.16	23
4049.68	4144.48	23
4546.18	4609.35	23
0.96	1.1	23
1.16	1.12	23
1.29	1.48	23
1.86	1.9	23
2.8	2.79	23
4.67	4.46	23
6.45	5.36	23
5.68	12.45	23
12.4	9.7	23
14.76	12.72	23
23.28	16.64	23
33.7	32.79	23
47.1	55.87	23
85.2	84.0	23
123.94	121.71	23
178.41	174.24	23
272.71	275.78	23
468.02	466.45	23
851.13	847.84	23
1564.95	1554.8	23
2293.92	2270.28	23
3044.65	3027.98	23
3756.68	3756.67	23
4480.57	4448.46	23
5247.59	5160.41	23
5970.3	5956.32	23
6621.16	6615.15	23
0.98	0.9	24
1.08	1.14	24
1.33	1.36	24
1.93	1.74	24
2.66	2.7	24
4.06	4.84	24
6.06	8.24	24
6.92	8.98	24
10.54	9.94	24
15.01	12.75	24
16.87	21.28	24
33.16	31.72	24
50.16	54.73	24
83.71	81.09	24
130.17	125.08	24
180.74	181.38	24
280.65	290.53	24
491.48	509.28	24
903.41	895.05	24
1717.93	1695.73	24
2482.47	2490.05	24
3255.96	3293.22	24
4040.78	4006.77	24
4816.73	4880.06	24
5627.21	5635.49	24
6424.42	6443.1	24
7242.5	7218.95	24
0.92	1.2	24
1.09	1.06	24
1.36	1.44	24
1.92	1.75	24
2.86	2.66	24
5.46	4.73	24
6.47	5.86	24
9.43	8.65	24
11.49	10.11	24
14.42	12.72	24
22.89	18.19	24
33.2	29.27	24
45.72	50.41	24
73.74	73.07	24
109.47	111.8	24
149.71	152.69	24
224.66	223.25	24
373.83	380.33	24
671.32	657.26	24
1221.16	1215.59	24
1779.7	1829.44	24
2328.62	2343.32	24
2929.18	2867.01	24
3466.07	3495.3	24
3992.03	3969.63	24
4505.63	4586.94	24
5168.33	5141.28	24
0.9	0.96	24
1.11	1.13	24
1.26	1.33	24
1.8	1.76	24
2.43	2.83	24
4.74	3.96	24
4.93	7.71	24
4.95	9.56	24
11.28	9.73	24
12.51	14.79	24
18.35	22.09	24
30.52	28.48	24
48.97	50.0	24
84.19	81.59	24
127.34	131.14	24
186.71	187.66	24
278.99	276.43	24
480.91	490.28	24
873.74	877.76	24
1611.03	1591.09	24
2307.34	2358.2	24
3077.48	3082.7	24
3765.7	3716.81	24
4482.75	4466.54	24
5144.96	5201.31	24
5926.36	5889.05	24
6643.07	6637.67	24
0.96	1.01	24
1.09	1.04	24
1.21	1.26	24
1.92	1.91	24
2.75	2.78	24
4.44	4.04	24
6.01	7.02	24
6.82	11.79	24
8.81	10.53	24
17.37	13.54	24
21.37	22.63	24
30.73	30.42	24
46.92	45.78	24
73.17	71.26	24
106.27	106.25	24
142.58	149.54	24
212.21	207.39	24
342.65	353.01	24
602.99	604.11	24
1087.04	1099.78	24
1612.17	1568.3	24
2122.87	2110.04	24
2588.56	2642.6	24
3053.83	3057.72	24
3613.07	3549.31	24
3976.5	4029.93	24
4600.55	4565.71	24
1.12	1.22	25
1.2	1.18	25
1.14	1.2	25
1.17	1.17	25
1.26	1.08	25
1.29	1.43	25
1.94	1.45	25
1.54	1.73	25
1.94	1.65	25
2.27	2.37	25
3.26	3.15	25
4.46	4.49	25
7.58	8.3	25
12.65	12.61	25
23.71	25.93	25
44.22	43.84	25
84.65	85.54	25
164.64	180.79	25
317.14	359.94	25
609.13	619.01	25
998.59	941.04	25
1227.55	1251.63	25
1511.1	1690.61	25
1815.47	1833.91	25
2092.17	2083.7	25
2503.83	2410.24	25
2823.97	2790.84	25
1.06	0.91	25
1.18	1.19	25
1.19	1.12	25
1.03	1.1	25
1.11	1.36	25
1.31	1.27	25
1.38	1.58	25
1.89	1.98	25
2.03	1.91	25
2.77	2.3	25
3.88	3.01	25
5.73	4.67	25
8.84	7.51	25
14.83	12.91	25
25.6	24.73	25
46.08	46.15	25
86.15	84.13	25
168.95	171.19	25
319.83	324.79	25
628.41	617.87	25
924.28	921.13	25
1234.07	1226.6	25
1545.07	1596.15	25
1837.65	1810.07	25
2139.53	2147.72	25
2502.43	2433.49	25
2709.59	2815.33	25
0.98	1.08	25
1.08	1.08	25
1.01	1.08	25
1.19	1.17	25
1.23	1.2	25
1.24	1.23	25
1.84	1.72	25
2.04	1.79	25
2.98	3.33	25
4.3	4.47	25
7.97	7.36	25
15.29	13.57	25
21.78	26.03	25
53.31	50.02	25
105.05	89.55	25
179.32	200.41	25
393.11	392.23	25
788.72	788.91	25
1564.14	1561.76	25
2724.58	3021.43	25
4539.8	4017.65	25
6009.64	5372.99	25
7481.5	6726.45	25
8955.9	9002.68	25
10664.74	10481.0	25
11975.94	10708.51	25
13411.28	13400.9	25
