1.0	0.92	1
1.0	1.02	1
1.41	1.21	1
1.82	1.61	1
2.76	2.62	1
3.89	3.99	1
6.6	7.12	1
8.28	8.43	1
9.84	14.78	1
14.4	15.82	1
15.74	14.63	1
14.33	15.7	1
13.97	11.3	1
18.52	14.71	1
25.21	22.19	1
32.5	39.66	1
60.45	61.77	1
108.37	109.79	1
196.04	198.29	1
374.69	375.35	1
737.79	725.8	1
1401.74	1435.87	1
2112.79	2120.06	1
2791.31	2777.76	1
3497.6	3542.2	1
4140.72	3611.28	1
4803.55	4801.62	1
5513.04	5460.43	1
6291.98	6219.81	1
0.95	0.87	1
1.88	1.04	1
1.19	1.31	1
1.76	1.79	1
2.41	2.11	1
4.14	4.85	1
6.41	6.57	1
8.8	11.61	1
11.88	12.28	1
9.32	12.84	1
12.9	12.48	1
16.49	15.63	1
14.04	19.44	1
23.75	21.75	1
31.18	29.44	1
47.03	49.33	1
78.81	78.41	1
148.1	143.21	1
276.12	276.9	1
530.62	530.29	1
1043.18	1049.88	1
2005.91	2011.71	1
3014.38	3011.12	1
3972.51	3978.0	1
4984.6	5004.75	1
5933.83	5923.73	1
6910.9	6902.53	1
7876.83	7815.32	1
8840.62	8997.69	1
0.88	0.9	1
1.02	0.94	1
1.31	1.25	1
1.68	1.64	1
2.44	2.37	1
3.94	4.09	1
6.51	6.68	1
10.13	9.49	1
11.72	12.46	1
13.6	10.55	1
14.54	11.9	1
11.71	14.88	1
17.97	13.43	1
17.97	14.93	1
23.82	24.13	1
33.16	38.55	1
58.75	61.25	1
104.97	103.11	1
193.33	195.28	1
366.47	377.11	1
718.86	724.91	1
1383.34	1421.32	1
2053.72	2066.44	1
2774.51	2811.92	1
3004.4	3465.45	1
4080.7	4093.03	1
4706.62	4711.45	1
5408.62	5395.03	1
6059.64	6154.29	1
0.98	0.91	1
1.1	0.96	1
1.31	1.3	1
1.7	1.72	1
2.54	2.56	1
4.2	4.43	1
6.74	5.15	1
8.67	10.09	1
13.19	12.4	1
15.99	10.56	1
15.31	14.52	1
14.4	16.54	1
19.42	18.0	1
19.69	20.39	1
30.28	31.64	1
40.78	45.21	1
78.4	75.26	1
144.14	140.78	1
265.32	266.79	1
520.36	517.35	1
1026.87	1036.98	1
1926.02	1991.1	1
2938.02	2947.31	1
3941.51	3935.83	1
4847.97	4851.4	1
5778.15	5705.31	1
6783.41	6695.46	1
7675.27	7647.96	1
8608.09	8614.17	1
0.95	0.98	2
1.13	1.17	2
1.28	1.68	2
1.76	1.69	2
2.46	2.43	2
4.16	4.0	2
6.94	5.97	2
9.23	6.3	2
15.26	13.35	2
10.42	11.08	2
17.31	12.61	2
16.49	11.34	2
15.74	14.38	2
20.81	22.83	2
33.34	31.19	2
46.22	45.7	2
79.77	75.0	2
136.92	139.7	2
264.72	243.09	2
513.4	510.52	2
989.24	997.45	2
1955.55	1919.81	2
2855.78	2901.2	2
3788.77	3817.7	2
4696.55	4760.33	2
5618.82	5630.01	2
6605.81	6602.65	2
7540.27	7576.46	2
8481.75	8581.7	2
0.89	1.02	2
1.13	1.04	2
1.43	1.35	2
1.84	2.38	2
2.4	2.71	2
4.32	3.25	2
6.85	6.65	2
10.15	10.44	2
14.59	13.78	2
14.41	13.64	2
13.12	16.35	2
15.44	18.17	2
17.63	12.7	2
21.22	20.6	2
26.72	29.35	2
39.8	40.43	2
64.78	65.76	2
118.01	118.76	2
226.32	224.77	2
427.12	422.49	2
821.39	835.91	2
1630.21	1599.47	2
2381.19	2371.59	2
3144.59	3145.81	2
3957.72	3919.4	2
4701.79	4756.66	2
5446.45	5456.8	2
6222.51	6355.57	2
7057.29	7164.59	2
1.02	0.94	2
1.13	1.07	2
1.32	1.38	2
1.84	2.43	2
2.54	2.64	2
4.32	4.12	2
7.16	6.94	2
9.57	8.59	2
12.88	14.0	2
11.42	8.08	2
12.83	12.2	2
13.71	11.32	2
16.22	15.47	2
21.76	21.92	2
27.16	27.52	2
46.88	43.17	2
76.41	73.78	2
138.84	137.05	2
262.13	261.84	2
510.58	506.0	2
987.88	984.98	2
1919.49	1892.03	2
2898.35	2836.41	2
3779.44	3744.22	2
4693.88	4679.19	2
5540.93	5627.87	2
6450.97	6612.88	2
7370.43	6780.77	2
8345.27	8182.31	2
0.94	1.1	2
1.16	1.04	2
1.32	1.29	2
1.87	1.72	2
2.71	3.17	2
4.3	3.87	2
6.4	6.36	2
8.11	8.15	2
10.71	12.94	2
11.39	11.53	2
15.66	12.64	2
15.67	13.45	2
17.55	13.53	2
20.66	18.53	2
26.55	30.3	2
38.47	42.43	2
64.36	63.36	2
115.11	113.3	2
215.7	217.47	2
411.21	414.47	2
805.27	798.4	2
1546.9	1575.54	2
2296.72	2268.31	2
3024.21	3031.03	2
4168.18	3787.65	2
4498.42	4556.62	2
5215.32	5253.19	2
5994.88	6047.31	2
6695.55	6709.44	2
0.88	0.92	3
1.06	1.02	3
1.26	1.3	3
1.67	1.69	3
2.69	2.81	3
3.74	4.32	3
6.84	6.54	3
11.54	9.3	3
8.04	14.21	3
14.65	15.27	3
9.09	15.59	3
14.65	14.35	3
14.93	18.32	3
22.11	21.05	3
29.38	27.29	3
40.86	40.48	3
66.9	65.92	3
116.1	114.53	3
219.67	226.59	3
424.07	420.55	3
828.71	828.59	3
1617.55	1612.74	3
2395.6	2362.53	3
3162.71	3177.01	3
3958.5	3950.96	3
4702.92	4733.47	3
5524.62	5486.55	3
6232.42	6302.63	3
7038.48	7084.26	3
0.88	0.95	3
0.99	1.02	3
1.35	1.28	3
1.66	1.71	3
2.36	2.58	3
4.23	4.09	3
6.47	6.43	3
8.68	7.8	3
8.87	15.41	3
11.54	14.46	3
12.63	12.67	3
10.87	12.97	3
16.32	12.05	3
19.66	22.63	3
32.68	29.36	3
48.28	44.09	3
76.75	79.47	3
140.35	138.3	3
259.87	262.18	3
514.07	511.76	3
1002.55	990.5	3
1925.54	1933.14	3
2853.02	2864.3	3
3802.18	3817.52	3
4709.33	4764.5	3
5680.4	5643.49	3
6617.0	6644.59	3
7528.27	7507.3	3
8574.81	8429.52	3
1.05	0.89	3
1.09	0.98	3
1.43	1.23	3
1.77	1.66	3
2.74	2.5	3
3.73	3.89	3
6.54	6.42	3
10.35	11.27	3
13.24	10.38	3
11.0	12.04	3
13.88	12.94	3
15.37	14.55	3
16.35	12.8	3
20.36	20.11	3
25.57	24.16	3
38.94	40.19	3
61.92	66.92	3
113.81	114.93	3
211.77	215.66	3
408.38	405.84	3
803.6	815.06	3
1559.97	1556.59	3
2330.69	2314.34	3
3094.76	3045.67	3
3790.22	3771.8	3
4488.52	4489.25	3
5211.28	5301.65	3
6019.36	6001.9	3
6760.57	6678.19	3
1.08	0.99	3
1.09	1.06	3
1.33	1.25	3
1.71	2.86	3
2.56	2.41	3
3.9	4.13	3
6.19	5.63	3
9.18	9.29	3
11.96	12.28	3
10.96	9.2	3
12.7	12.5	3
16.64	15.4	3
16.71	18.12	3
19.39	24.13	3
31.02	27.85	3
46.5	43.04	3
76.77	75.06	3
138.81	138.07	3
262.12	259.86	3
518.94	508.81	3
996.67	999.55	3
1895.6	1907.2	3
2838.51	2806.76	3
3735.56	3801.76	3
4679.07	4639.73	3
5590.28	5603.12	3
6582.23	6557.69	3
7361.38	7447.59	3
8351.8	8356.49	3
0.85	1.09	4
0.91	1.05	4
1.29	1.33	4
1.66	1.76	4
2.46	2.72	4
4.17	3.73	4
5.99	5.97	4
8.08	9.79	4
12.67	12.53	4
15.84	12.03	4
14.55	12.21	4
15.75	11.86	4
18.51	17.23	4
20.55	23.28	4
32.06	32.29	4
49.01	50.34	4
77.14	84.03	4
147.11	144.7	4
269.24	275.81	4
529.69	533.85	4
1051.09	1040.16	4
2037.38	2014.27	4
3015.46	2971.94	4
3937.12	3964.78	4
4994.07	4980.8	4
5927.32	5965.92	4
6846.73	6947.72	4
7922.86	7866.68	4
8858.88	9238.02	4
0.86	1.0	4
1.05	1.2	4
1.29	1.35	4
1.55	1.87	4
2.61	2.72	4
3.83	4.28	4
6.58	6.52	4
8.16	9.75	4
11.53	11.39	4
10.12	13.14	4
15.97	17.39	4
13.0	18.18	4
15.17	17.32	4
16.84	20.16	4
24.28	26.67	4
37.84	40.18	4
58.69	62.58	4
104.08	106.42	4
196.21	196.06	4
378.15	382.13	4
739.33	733.34	4
1409.22	1422.47	4
1814.62	2103.93	4
2832.53	2791.85	4
3472.97	3480.0	4
4134.4	4119.1	4
4894.8	4858.1	4
5554.12	4786.44	4
6308.34	5437.05	4
0.91	0.89	4
0.92	0.98	4
1.25	1.21	4
1.78	1.73	4
2.45	2.47	4
4.02	4.07	4
6.91	7.19	4
9.04	10.73	4
15.7	10.47	4
13.87	14.5	4
13.12	12.57	4
15.34	17.1	4
16.62	19.62	4
19.79	20.66	4
29.25	30.45	4
42.1	44.87	4
82.1	81.54	4
143.04	141.98	4
263.86	270.29	4
511.82	522.02	4
1038.27	1018.02	4
1974.23	1960.7	4
2984.27	2939.49	4
3939.23	3834.17	4
4819.23	4861.39	4
5744.7	5842.93	4
6755.51	6813.44	4
7765.52	7703.05	4
8683.41	8639.96	4
0.78	0.94	4
0.98	0.97	4
1.2	1.23	4
1.71	1.97	4
2.5	2.57	4
3.93	4.1	4
6.69	6.91	4
7.64	9.05	4
14.96	12.45	4
8.05	14.72	4
17.12	13.19	4
12.54	16.67	4
15.18	16.31	4
21.66	18.99	4
24.03	25.24	4
36.55	38.14	4
60.65	60.1	4
104.84	105.42	4
193.55	188.71	4
365.37	378.53	4
714.08	733.7	4
1402.41	1411.86	4
2090.07	2056.28	4
2806.72	2738.53	4
3393.17	3364.5	4
4094.06	4120.2	4
4672.2	4739.81	4
5430.4	5510.23	4
6131.25	5977.55	4
0.96	1.06	5
1.17	1.2	5
1.72	1.68	5
2.44	2.37	5
4.4	4.22	5
7.68	6.91	5
9.16	12.16	5
15.88	19.77	5
22.54	21.62	5
21.38	21.8	5
22.58	19.65	5
22.81	29.57	5
31.39	27.53	5
43.09	44.68	5
46.85	47.88	5
72.13	71.71	5
125.13	129.57	5
225.89	226.03	5
424.49	425.45	5
822.78	825.46	5
1571.02	1579.45	5
2299.16	2319.35	5
3035.84	3042.92	5
3809.19	3865.38	5
4610.5	4538.6	5
5401.37	5342.83	5
6097.04	6029.1	5
6782.47	6826.88	5
0.96	1.05	5
1.15	1.77	5
1.68	1.74	5
2.51	2.55	5
4.26	4.27	5
7.4	7.3	5
10.2	11.65	5
18.86	14.75	5
18.37	22.36	5
23.21	26.16	5
22.37	20.47	5
25.53	23.18	5
27.81	28.35	5
41.9	41.73	5
64.52	62.35	5
99.4	99.1	5
176.09	168.61	5
320.15	319.66	5
620.21	620.3	5
1215.03	1201.82	5
2344.96	2352.1	5
3459.16	3489.0	5
4596.04	4588.39	5
5676.08	5754.38	5
6855.27	6912.4	5
7973.32	8008.5	5
9094.18	9122.0	5
10273.08	10251.6	5
1.02	1.06	5
1.3	1.39	5
1.64	1.66	5
2.46	2.61	5
4.2	4.38	5
6.12	7.53	5
10.03	9.33	5
16.16	14.22	5
16.37	21.3	5
27.09	20.81	5
17.4	18.77	5
24.29	20.43	5
24.99	27.96	5
29.59	28.95	5
53.88	47.65	5
75.66	75.77	5
124.88	128.16	5
216.28	221.93	5
413.12	400.41	5
798.68	807.98	5
1522.19	1541.21	5
2329.04	2294.36	5
3006.5	3022.36	5
3778.49	3827.99	5
4522.53	4446.05	5
5067.54	5230.31	5
5896.28	5991.75	5
6613.37	6602.91	5
1.05	1.08	5
1.2	1.36	5
1.61	1.83	5
2.64	2.49	5
4.23	4.38	5
7.31	7.27	5
12.7	12.1	5
13.29	20.58	5
19.77	16.5	5
21.6	11.86	5
25.05	21.95	5
30.73	21.01	5
33.69	29.02	5
45.55	41.34	5
46.99	60.01	5
81.33	91.68	5
153.75	153.54	5
294.15	293.35	5
575.35	570.22	5
1127.62	1106.1	5
2121.66	2131.68	5
3173.6	3168.71	5
4181.67	4189.55	5
5295.41	5214.02	5
6347.46	6272.92	5
7291.29	7262.6	5
8380.15	8356.93	5
9262.58	9327.62	5
1.09	1.16	6
1.21	1.36	6
1.74	1.74	6
2.54	2.57	6
4.52	3.26	6
6.6	7.7	6
11.73	13.13	6
13.78	18.41	6
21.26	20.68	6
24.09	17.34	6
14.75	30.96	6
26.35	24.32	6
34.33	34.28	6
38.97	40.69	6
58.7	64.05	6
89.46	91.88	6
150.79	160.87	6
282.2	296.32	6
557.92	561.42	6
1082.71	1090.93	6
2083.91	2091.95	6
3055.2	3080.83	6
4089.35	4012.19	6
5126.24	5114.56	6
6126.52	6140.31	6
7041.32	7114.46	6
8085.17	8076.21	6
9151.84	9213.76	6
1.19	1.04	6
1.23	1.43	6
1.84	1.83	6
2.61	2.52	6
4.15	4.28	6
7.44	7.46	6
13.92	10.67	6
18.7	15.97	6
18.12	18.91	6
19.95	20.99	6
24.11	20.61	6
24.91	23.67	6
30.35	35.29	6
38.16	32.29	6
60.23	65.08	6
92.34	87.04	6
146.53	157.23	6
266.78	266.58	6
505.88	503.47	6
976.34	991.11	6
1900.01	1926.32	6
2811.78	2854.39	6
3771.78	3787.79	6
4614.4	4686.22	6
5579.51	5576.61	6
6444.92	6542.15	6
7411.25	7404.71	6
8528.66	8399.11	6
0.98	1.08	6
1.33	1.3	6
1.75	1.75	6
2.56	2.67	6
4.07	5.05	6
7.63	6.21	6
13.39	11.08	6
15.8	17.97	6
13.03	10.14	6
18.84	20.27	6
17.29	18.79	6
25.43	28.02	6
30.38	28.29	6
40.64	38.32	6
47.34	58.47	6
85.16	85.47	6
152.02	157.4	6
282.94	291.69	6
550.82	553.3	6
1080.75	1081.73	6
2092.48	2085.66	6
3107.15	3079.43	6
4093.23	4100.61	6
5072.79	5066.44	6
6083.42	6047.58	6
7143.35	7128.64	6
8116.08	8015.33	6
9015.02	9071.09	6
1.05	1.76	6
1.23	1.34	6
1.73	1.81	6
2.59	2.79	6
4.32	4.0	6
7.57	7.93	6
11.94	12.23	6
13.36	22.2	6
17.32	25.04	6
21.52	22.85	6
21.09	20.93	6
19.63	18.46	6
32.79	27.64	6
32.94	29.77	6
49.19	44.73	6
79.76	84.86	6
133.14	127.41	6
240.4	243.04	6
456.27	451.79	6
878.66	881.06	6
1713.58	1714.28	6
2576.92	2539.26	6
3361.71	3316.69	6
4130.34	4149.35	6
4938.02	4972.52	6
5716.71	5807.95	6
6571.74	6523.12	6
7349.7	7512.58	6
1.01	1.1	7
1.36	1.42	7
1.73	1.76	7
2.55	2.6	7
4.37	4.61	7
7.37	6.48	7
9.06	13.06	7
22.37	18.87	7
13.11	23.96	7
28.54	20.96	7
26.24	16.21	7
22.56	23.83	7
22.26	28.22	7
38.06	31.96	7
48.59	51.81	7
88.8	73.78	7
133.42	141.81	7
269.74	265.64	7
495.18	503.08	7
988.7	1001.13	7
1908.66	1915.19	7
2849.31	3665.3	7
3720.92	4809.66	7
4697.41	4717.19	7
5560.87	5552.93	7
6480.71	6501.2	7
7313.2	7385.17	7
8324.06	8279.51	7
1.11	1.11	7
1.21	1.54	7
1.68	1.81	7
2.63	2.78	7
4.15	4.23	7
7.54	7.17	7
13.16	11.71	7
18.96	6.45	7
21.2	21.33	7
16.38	25.8	7
16.28	28.4	7
27.85	22.55	7
32.34	33.28	7
32.42	34.58	7
62.48	53.64	7
89.18	88.67	7
157.26	160.79	7
295.18	289.81	7
561.1	551.63	7
1068.6	1082.76	7
2085.78	2107.57	7
3110.46	3104.91	7
4182.7	4090.31	7
5067.87	5070.44	7
6076.06	6104.93	7
7139.01	7133.03	7
8114.12	8148.06	7
9130.58	9148.78	7
1.07	1.04	7
1.35	1.3	7
1.72	1.73	7
2.74	2.52	7
3.79	4.32	7
7.83	7.34	7
10.23	11.59	7
17.3	14.71	7
19.11	22.45	7
13.9	24.85	7
25.21	18.37	7
33.47	27.07	7
32.26	25.21	7
30.26	34.72	7
43.71	52.14	7
74.32	76.4	7
137.17	129.63	7
235.04	230.49	7
452.49	451.29	7
892.25	883.67	7
1712.42	1707.03	7
2521.0	2516.46	7
3301.21	3286.44	7
4086.07	4107.34	7
4883.07	4958.25	7
5813.9	5756.98	7
6534.66	6438.39	7
7398.3	7325.71	7
1.14	1.06	7
1.17	1.34	7
1.72	1.82	7
2.52	2.65	7
4.23	4.37	7
7.0	7.41	7
13.54	13.5	7
23.23	17.75	7
20.6	19.21	7
21.23	14.91	7
23.67	19.71	7
18.79	27.83	7
32.1	31.42	7
37.36	47.16	7
53.06	54.33	7
85.1	92.64	7
153.2	155.67	7
285.88	288.11	7
557.45	561.74	7
1070.07	1091.72	7
2088.89	1917.74	7
3057.29	3146.05	7
4079.89	4067.05	7
5130.53	5113.95	7
6073.49	6068.87	7
6597.71	7045.89	7
8154.93	8168.17	7
9197.62	9103.4	7
0.94	1.09	8
1.22	1.32	8
1.7	1.77	8
2.17	2.79	8
4.21	4.45	8
5.78	7.25	8
10.71	13.35	8
19.35	17.5	8
17.49	13.73	8
25.78	10.98	8
18.3	25.89	8
28.92	26.52	8
25.56	33.94	8
38.64	36.05	8
55.34	64.06	8
93.38	103.68	8
173.09	172.34	8
316.59	318.5	8
615.87	618.03	8
1196.01	1202.58	8
2338.28	2334.33	8
3473.85	3446.67	8
4548.79	4595.78	8
5686.07	5745.61	8
6905.2	6871.51	8
7990.85	8006.13	8
9073.95	9069.37	8
10211.58	10169.99	8
0.82	1.11	8
1.14	1.43	8
1.65	1.72	8
2.51	2.63	8
4.14	4.45	8
6.41	7.66	8
13.15	11.62	8
17.35	14.23	8
18.39	16.25	8
15.27	24.06	8
25.82	27.7	8
30.17	23.93	8
32.21	25.81	8
40.74	39.3	8
46.24	50.96	8
82.33	74.8	8
123.99	133.43	8
226.82	227.44	8
425.89	420.33	8
803.88	821.63	8
1560.7	1561.78	8
2300.22	2329.52	8
3069.68	3087.9	8
3780.52	3830.23	8
4587.8	4522.9	8
5236.53	5240.91	8
6017.15	6082.41	8
6687.28	6801.33	8
0.95	1.04	8
1.19	1.21	8
1.62	1.78	8
2.38	2.7	8
4.2	4.27	8
7.36	7.34	8
12.95	10.93	8
16.11	21.71	8
14.59	19.71	8
15.7	20.11	8
21.33	17.87	8
19.77	29.5	8
23.2	36.17	8
42.66	36.08	8
50.27	53.52	8
93.44	95.49	8
157.03	155.8	8
297.35	295.55	8
573.47	570.36	8
1112.59	1125.28	8
2160.46	2130.14	8
3222.85	3196.76	8
4204.63	4221.24	8
5258.4	5334.6	8
6297.76	6298.22	8
7295.27	7217.8	8
8265.37	8305.66	8
9403.05	9376.62	8
1.06	1.11	8
1.17	1.29	8
1.64	1.78	8
2.53	2.8	8
4.3	4.41	8
7.61	7.83	8
13.35	11.58	8
19.03	21.36	8
16.08	18.2	8
21.37	21.59	8
22.42	17.69	8
19.55	20.95	8
24.77	30.55	8
44.72	28.46	8
53.7	47.4	8
73.17	73.91	8
113.54	123.02	8
218.11	217.04	8
416.24	421.34	8
796.72	796.09	8
1536.06	1539.16	8
2300.91	2262.98	8
3004.1	2965.64	8
3738.49	3716.48	8
4450.59	4505.26	8
5257.19	5265.66	8
5986.95	5869.59	8
6612.23	6767.21	8
1.25	1.44	9
1.48	1.63	9
1.56	1.77	9
1.37	2.05	9
2.63	2.41	9
2.46	2.63	9
3.75	3.43	9
4.45	4.7	9
6.3	6.29	9
8.85	9.51	9
15.17	15.32	9
25.33	26.33	9
46.88	46.46	9
83.94	86.06	9
161.68	162.5	9
320.93	314.14	9
616.69	631.47	9
930.16	918.8	9
1243.47	1208.74	9
1500.62	1586.63	9
1893.52	1864.43	9
2100.69	2212.22	9
2441.09	2382.52	9
2704.33	2684.04	9
1.49	1.45	9
1.32	1.55	9
1.67	1.94	9
2.21	2.25	9
2.59	2.73	9
3.79	4.01	9
5.1	4.98	9
6.66	6.46	9
12.15	11.73	9
20.42	20.88	9
38.34	39.01	9
75.67	73.93	9
147.26	147.57	9
288.79	292.72	9
581.16	580.45	9
1163.08	1164.82	9
2273.31	2270.6	9
3373.52	3381.45	9
4482.81	4486.81	9
5609.38	5604.64	9
6719.09	6731.53	9
7858.51	7854.52	9
8971.72	8989.41	9
10103.85	10107.98	9
1.12	1.43	9
1.53	1.5	9
1.39	1.65	9
1.92	2.03	9
2.33	2.41	9
3.03	2.96	9
3.64	3.98	9
4.03	4.6	9
5.74	6.11	9
9.04	9.13	9
13.6	14.18	9
22.92	23.53	9
40.23	39.09	9
79.21	77.66	9
147.18	150.46	9
291.71	291.29	9
529.73	532.36	9
779.0	784.32	9
1038.63	1029.83	9
1283.17	1289.34	9
1520.76	1546.19	9
1818.81	1781.56	9
2051.39	2066.62	9
2301.82	2348.63	9
1.21	1.53	9
1.55	1.49	9
1.73	1.82	9
2.5	2.48	9
2.97	3.35	9
3.98	3.69	9
4.69	5.44	9
7.45	7.27	9
11.67	11.74	9
20.53	20.26	9
37.27	38.29	9
73.33	73.78	9
142.03	143.16	9
282.72	281.09	9
558.64	563.4	9
1131.57	1124.63	9
2196.38	2195.3	9
3277.63	3286.13	9
4347.72	4349.76	9
5423.09	5437.75	9
6502.16	6507.76	9
7568.67	7565.1	9
8627.91	8632.28	9
9698.7	9732.01	9
1.18	1.35	10
1.29	1.58	10
1.64	1.7	10
2.1	3.09	10
2.25	2.39	10
2.82	3.41	10
3.7	4.18	10
6.05	6.68	10
9.63	10.45	10
17.88	17.55	10
34.33	33.62	10
61.6	60.69	10
119.11	120.57	10
236.73	233.82	10
462.61	469.46	10
920.09	929.19	10
1781.84	1783.12	10
2676.7	2646.57	10
3514.14	3508.9	10
4425.14	4409.42	10
5268.3	5292.55	10
6153.35	6161.59	10
7010.44	7022.55	10
7875.38	7898.9	10
1.81	1.44	10
1.31	1.61	10
1.78	1.88	10
2.29	2.48	10
3.32	3.07	10
3.86	4.32	10
4.91	5.3	10
7.46	7.8	10
11.9	12.21	10
21.4	20.68	10
39.4	39.29	10
76.44	76.44	10
147.92	148.32	10
296.62	294.39	10
581.21	586.83	10
1159.7	1165.44	10
2261.27	2261.18	10
3361.86	3358.25	10
4444.52	4451.61	10
5549.62	5542.77	10
6643.16	6647.99	10
7738.98	7740.1	10
8853.68	8849.84	10
9965.76	9962.95	10
1.25	1.53	10
1.98	1.75	10
1.82	1.71	10
1.95	2.2	10
2.46	2.57	10
3.08	3.29	10
4.31	4.57	10
6.58	6.77	10
10.11	9.82	10
18.89	17.17	10
30.01	31.35	10
57.43	58.68	10
113.91	110.08	10
221.7	215.26	10
422.24	439.99	10
836.65	850.36	10
1677.9	1626.44	10
2399.32	2435.95	10
3268.52	3224.83	10
4061.22	4001.9	10
4762.5	4947.15	10
5618.2	5751.49	10
6441.04	6513.06	10
7236.78	7328.49	10
1.35	1.39	10
1.47	1.77	10
1.65	2.05	10
2.11	2.55	10
3.32	3.34	10
3.8	4.1	10
4.96	5.29	10
7.95	7.95	10
12.65	12.07	10
21.49	21.86	10
40.81	40.21	10
76.94	77.49	10
150.9	152.01	10
298.52	299.54	10
597.13	595.09	10
1182.43	1186.47	10
2306.95	2298.82	10
3405.4	3403.57	10
4522.9	4526.78	10
5651.45	5638.87	10
6763.38	6765.2	10
7886.96	7875.57	10
8992.15	8999.14	10
10126.35	10098.25	10
1.25	1.3	11
1.44	1.54	11
1.76	1.84	11
2.35	2.27	11
3.0	2.79	11
3.29	3.56	11
4.76	5.13	11
7.21	6.95	11
11.65	11.89	11
20.34	20.31	11
38.02	38.6	11
73.84	74.8	11
144.36	144.41	11
282.74	285.97	11
564.43	566.87	11
1132.13	1127.18	11
2208.81	2198.03	11
3298.9	3284.75	11
4363.61	4370.71	11
5440.34	5453.29	11
6524.83	6537.2	11
7611.63	7618.18	11
8675.4	8687.16	11
9782.69	9759.69	11
1.29	1.33	11
1.48	1.43	11
1.71	1.75	11
1.89	1.94	11
2.18	2.29	11
2.84	3.04	11
3.85	3.9	11
5.7	6.17	11
10.04	9.83	11
17.88	17.19	11
31.42	32.12	11
60.32	60.49	11
116.52	119.58	11
228.68	229.95	11
452.1	456.49	11
917.7	909.71	11
1795.47	1739.57	11
2607.17	2641.57	11
3521.69	3486.55	11
4392.04	4369.87	11
5162.58	5250.33	11
6094.56	6033.73	11
6916.61	6991.36	11
7821.93	7801.81	11
2.01	1.31	11
1.54	1.62	11
1.75	1.99	11
2.48	2.56	11
3.22	2.93	11
3.63	4.12	11
5.06	5.19	11
7.71	7.53	11
11.84	12.23	11
20.92	21.2	11
39.05	38.8	11
74.39	74.46	11
145.28	146.81	11
287.06	287.57	11
571.11	572.13	11
1141.15	1142.09	11
2234.25	2229.91	11
3337.53	3321.22	11
4416.35	4425.39	11
5507.23	5512.91	11
6595.53	6595.55	11
7722.03	7694.14	11
8775.71	8785.93	11
9830.25	9892.31	11
1.23	1.4	11
1.56	1.53	11
1.64	1.89	11
2.18	2.06	11
2.38	2.63	11
2.96	3.33	11
4.15	4.12	11
6.49	6.36	11
9.65	11.06	11
17.03	16.41	11
31.08	30.9	11
58.29	57.31	11
109.3	110.42	11
215.97	211.63	11
425.17	430.84	11
834.74	833.97	11
1657.9	1649.38	11
2450.62	2514.7	11
3238.39	3272.99	11
4070.26	4069.32	11
4906.67	4842.67	11
6216.17	5588.53	11
6513.85	6365.81	11
7371.63	7346.41	11
1.26	1.29	12
1.4	1.45	12
1.83	1.68	12
2.07	2.12	12
3.0	2.91	12
3.46	3.35	12
5.64	4.9	12
6.2	6.97	12
11.58	11.95	12
20.98	21.09	12
39.32	39.06	12
76.67	75.23	12
149.86	151.3	12
297.35	295.53	12
593.71	591.97	12
1177.6	1182.57	12
2280.3	2293.76	12
3389.25	3390.34	12
4489.9	4503.91	12
5594.15	5597.65	12
6721.06	6730.12	12
7853.07	7861.16	12
8976.47	8975.78	12
10082.42	10101.85	12
1.31	1.25	12
1.46	1.4	12
1.62	1.59	12
1.76	1.69	12
1.95	2.03	12
2.46	2.55	12
3.26	3.39	12
4.41	4.53	12
6.13	6.19	12
9.3	9.22	12
15.4	15.91	12
26.49	25.83	12
45.26	46.02	12
86.31	84.77	12
162.25	163.88	12
330.38	321.04	12
622.17	614.3	12
900.34	918.93	12
1220.38	1249.7	12
1530.85	1575.69	12
1793.72	1873.84	12
2123.77	2062.89	12
2307.79	2356.23	12
2696.53	2641.97	12
1.39	1.15	12
1.38	1.36	12
1.64	1.72	12
2.35	2.77	12
2.73	2.96	12
3.6	3.69	12
4.67	4.83	12
6.68	6.51	12
11.83	11.64	12
20.95	20.4	12
38.12	38.48	12
73.44	74.99	12
145.99	146.83	12
291.15	289.94	12
576.02	577.74	12
1146.36	1148.24	12
2220.26	2221.76	12
3285.74	3288.11	12
4359.81	4370.62	12
5434.4	5445.69	12
6508.6	6515.53	12
7555.77	7588.72	12
8634.88	8632.66	12
9691.79	9721.52	12
1.33	1.25	12
1.38	1.5	12
1.61	1.71	12
1.84	1.9	12
2.33	2.22	12
2.65	2.83	12
3.87	3.68	12
4.15	4.49	12
6.06	6.13	12
9.05	8.78	12
14.29	14.17	12
23.27	22.83	12
39.48	39.82	12
72.13	72.43	12
136.89	141.93	12
270.74	266.45	12
525.59	531.35	12
783.06	797.42	12
1031.08	1059.72	12
1312.84	1313.33	12
1564.1	1567.72	12
1804.64	1823.05	12
2089.19	2102.24	12
2353.98	2368.61	12
1.12	1.42	13
1.11	1.3	13
1.41	1.57	13
1.89	2.0	13
2.22	2.77	13
3.82	3.16	13
4.63	3.94	13
4.02	5.13	13
6.36	6.08	13
8.21	7.37	13
11.56	12.33	13
17.74	18.05	13
30.26	30.86	13
54.47	55.28	13
102.62	103.2	13
197.62	198.13	13
385.59	388.56	13
744.1	762.2	13
1093.55	1101.4	13
1473.07	1467.4	13
1832.79	1835.91	13
2178.03	2145.93	13
2504.54	2523.46	13
2885.82	2967.39	13
3260.18	3291.04	13
1.1	1.01	13
1.25	1.18	13
1.36	1.47	13
1.76	1.88	13
2.22	2.7	13
3.02	3.34	13
3.6	3.91	13
4.84	4.6	13
6.63	6.34	13
9.6	8.86	13
14.21	15.43	13
25.24	25.82	13
44.89	46.31	13
83.34	86.72	13
161.84	161.9	13
311.72	317.69	13
614.8	625.93	13
1199.38	1218.88	13
1800.23	1786.47	13
2378.67	2390.37	13
2944.3	2964.39	13
3531.07	3725.17	13
4112.43	4139.12	13
4682.27	4739.11	13
5324.18	5274.07	13
1.11	1.11	13
1.09	1.27	13
1.46	1.54	13
2.08	2.07	13
2.99	3.04	13
2.99	3.31	13
4.02	3.99	13
4.47	3.58	13
6.08	5.81	13
7.09	7.55	13
9.9	10.12	13
16.71	17.75	13
27.94	27.04	13
49.15	48.54	13
91.23	89.21	13
175.25	174.95	13
337.0	338.7	13
634.6	658.11	13
979.38	963.3	13
1282.68	1278.6	13
1601.65	1622.62	13
1898.75	1916.84	13
2202.95	2211.42	13
2490.46	2500.64	13
2838.38	2802.36	13
1.01	1.12	13
1.18	1.36	13
1.36	1.5	13
2.22	1.85	13
3.18	2.5	13
3.04	3.99	13
3.96	3.91	13
4.67	4.28	13
7.17	6.11	13
9.72	8.68	13
13.51	14.66	13
22.69	23.35	13
41.78	42.31	13
78.26	78.48	13
152.93	151.02	13
299.06	299.12	13
573.13	578.75	13
1152.89	1132.91	13
1667.64	1667.53	13
2254.63	2208.65	13
2757.01	2739.68	13
3258.02	3307.76	13
3802.93	3791.13	13
4300.6	4304.23	13
4962.78	4913.83	13
0.98	1.09	14
1.12	1.13	14
1.51	1.51	14
1.96	1.86	14
2.87	2.61	14
3.13	3.5	14
3.31	4.42	14
4.48	4.56	14
6.63	6.32	14
9.84	9.67	14
15.32	15.08	14
23.97	25.76	14
45.71	45.95	14
83.51	83.8	14
161.8	161.44	14
315.78	314.88	14
611.74	624.76	14
1197.11	1207.42	14
1783.97	1767.1	14
2383.77	2344.82	14
2898.9	2948.45	14
3488.22	3493.86	14
4084.81	4095.61	14
4633.32	4674.54	14
5249.52	5265.93	14
1.03	1.22	14
1.26	1.3	14
1.35	1.55	14
2.0	1.85	14
2.78	2.85	14
3.74	4.11	14
3.76	4.35	14
4.36	4.56	14
6.06	6.08	14
7.43	7.69	14
10.98	11.08	14
17.34	17.91	14
30.14	30.33	14
54.36	54.22	14
100.63	101.22	14
193.98	193.76	14
376.96	384.25	14
733.66	736.68	14
1056.1	1091.77	14
1425.62	1420.55	14
1758.71	1766.82	14
2124.63	2142.74	14
2473.28	2498.69	14
2833.47	2838.53	14
3121.3	3202.18	14
1.08	1.12	14
1.21	1.18	14
1.36	1.39	14
2.13	1.94	14
2.85	2.84	14
3.25	3.06	14
4.79	3.36	14
5.07	4.79	14
7.09	6.73	14
9.08	9.65	14
14.32	13.31	14
23.59	24.81	14
42.96	42.76	14
77.75	79.09	14
151.05	151.66	14
297.45	293.46	14
581.61	583.69	14
1123.41	1124.5	14
1622.69	1651.65	14
2209.22	2217.2	14
2672.2	2674.06	14
3234.64	3242.21	14
3781.66	3751.98	14
4360.45	4295.09	14
4842.38	4936.88	14
1.06	1.17	14
1.17	1.13	14
1.64	1.62	14
1.94	2.12	14
2.69	3.32	14
2.88	3.15	14
3.97	4.73	14
4.48	3.96	14
6.34	6.21	14
7.94	6.93	14
10.73	10.67	14
16.05	15.78	14
27.24	28.71	14
48.85	49.1	14
93.91	92.51	14
174.72	180.64	14
348.93	351.54	14
671.99	666.3	14
980.22	989.17	14
1331.36	1303.55	14
1621.22	1609.57	14
1909.44	1911.44	14
2266.16	2220.22	14
2579.88	2530.25	14
2874.63	2820.84	14
1.14	1.12	15
1.2	1.23	15
1.4	1.44	15
2.15	1.95	15
2.25	2.36	15
2.91	3.79	15
4.36	4.37	15
5.24	4.2	15
6.05	5.81	15
8.81	8.34	15
11.45	10.54	15
17.47	17.29	15
29.93	31.05	15
55.06	52.51	15
101.02	100.94	15
191.16	193.72	15
382.5	382.72	15
733.64	739.7	15
1068.05	1079.2	15
1417.65	1450.51	15
1773.72	1787.92	15
2097.78	2110.17	15
2457.18	2482.17	15
2820.17	2768.86	15
3102.26	3209.77	15
1.05	1.21	15
1.28	1.24	15
1.35	1.47	15
1.97	1.77	15
2.77	2.56	15
2.99	3.5	15
3.65	4.11	15
4.88	4.81	15
7.2	6.57	15
9.57	8.92	15
14.61	14.62	15
25.03	25.83	15
43.34	43.73	15
83.32	83.47	15
159.96	160.99	15
312.44	314.06	15
611.26	625.68	15
1211.84	1205.08	15
1777.78	1782.0	15
2358.61	2348.53	15
2902.31	2960.78	15
3522.65	3577.58	15
4100.17	4082.69	15
4641.62	4622.89	15
5203.71	5328.35	15
1.05	1.07	15
1.14	1.25	15
1.44	1.44	15
2.02	2.03	15
2.96	3.1	15
3.55	2.95	15
4.69	4.72	15
4.96	5.6	15
5.61	5.95	15
8.05	7.55	15
9.91	10.22	15
15.83	16.59	15
28.62	28.5	15
47.88	49.45	15
91.17	92.82	15
178.49	177.57	15
342.35	343.1	15
668.78	636.42	15
1001.26	988.54	15
1271.58	1309.04	15
1583.8	1578.43	15
1904.51	1904.51	15
2227.09	2268.87	15
2604.86	2594.31	15
2833.51	2862.95	15
1.11	1.05	15
1.14	1.21	15
1.44	1.3	15
1.98	2.0	15
2.86	2.51	15
2.98	4.2	15
4.21	4.27	15
5.54	5.52	15
7.12	6.49	15
8.72	8.57	15
14.25	14.25	15
23.62	24.08	15
41.79	42.32	15
76.21	79.25	15
151.47	148.91	15
290.94	293.63	15
576.68	582.51	15
1116.41	1105.56	15
1634.58	1668.59	15
2189.13	2199.42	15
2683.91	2736.51	15
3314.72	3233.7	15
3749.92	3722.24	15
4416.01	4295.28	15
4891.92	4813.73	15
1.21	1.09	16
1.15	1.2	16
1.55	1.3	16
1.95	1.7	16
2.84	2.87	16
3.23	3.9	16
3.77	2.93	16
5.48	4.69	16
6.24	7.19	16
9.8	9.27	16
15.12	15.3	16
25.41	24.79	16
45.18	44.37	16
83.64	85.21	16
161.81	162.17	16
315.76	317.24	16
623.79	624.87	16
1217.69	1207.29	16
1791.56	1795.28	16
2387.22	2380.41	16
2944.68	2946.24	16
3493.24	3510.58	16
4135.9	4157.6	16
4716.16	4652.35	16
5298.9	5333.62	16
1.16	1.21	16
1.26	1.22	16
2.1	1.59	16
2.04	1.89	16
2.48	2.46	16
3.57	2.75	16
4.09	3.68	16
4.48	4.86	16
6.6	6.79	16
8.61	8.98	16
11.08	11.58	16
17.54	17.85	16
29.75	30.4	16
54.26	55.59	16
104.65	103.03	16
199.69	196.64	16
384.89	382.47	16
750.37	746.64	16
1114.63	1100.56	16
1474.17	1444.41	16
1832.64	1811.89	16
2165.04	2209.23	16
2533.04	2568.62	16
2907.44	2933.02	16
3316.95	3300.18	16
1.14	1.48	16
1.32	1.16	16
1.38	1.56	16
1.99	1.93	16
2.98	2.82	16
3.53	3.8	16
4.17	3.49	16
4.6	4.49	16
6.81	5.94	16
9.7	9.16	16
14.76	13.81	16
23.55	23.28	16
42.89	42.85	16
78.74	78.81	16
149.44	152.88	16
295.93	291.16	16
590.18	589.66	16
1109.38	1119.3	16
1676.49	1655.77	16
2212.46	2178.95	16
2683.41	2756.95	16
3264.33	3262.9	16
3813.72	3810.75	16
4393.92	4303.02	16
4817.95	4899.61	16
1.17	1.02	16
1.17	1.19	16
1.48	1.72	16
2.17	2.09	16
2.74	2.67	16
3.41	3.2	16
4.33	3.5	16
4.44	4.39	16
6.68	5.8	16
7.43	7.52	16
10.52	10.37	16
16.44	16.3	16
28.09	28.09	16
49.62	49.56	16
90.66	90.35	16
172.52	173.57	16
342.51	339.21	16
648.2	651.3	16
960.51	952.48	16
1320.25	1298.87	16
1617.65	1625.69	16
1928.92	1900.09	16
2216.03	2258.67	16
2525.39	2532.32	16
2847.12	2869.45	16
1.2	0.95	17
1.44	1.17	17
1.54	1.55	17
2.06	2.08	17
2.64	2.7	17
3.11	2.72	17
3.27	3.02	17
3.58	3.41	17
3.68	4.1	17
4.4	4.68	17
5.54	5.7	17
8.26	8.31	17
12.85	12.15	17
20.95	21.17	17
39.13	38.37	17
70.01	69.0	17
131.54	132.05	17
260.07	258.45	17
505.5	503.62	17
1002.19	1011.92	17
1960.13	1925.42	17
2903.39	2946.09	17
3759.6	3811.86	17
4832.94	4800.78	17
5715.47	5658.41	17
6632.32	6666.12	17
7629.49	7453.07	17
8473.68	8619.24	17
1.06	0.96	17
1.26	1.25	17
1.57	1.48	17
2.12	2.02	17
2.73	2.54	17
3.16	2.94	17
3.49	3.19	17
4.0	4.26	17
5.68	5.44	17
6.8	6.58	17
10.69	9.61	17
16.6	15.84	17
27.83	22.08	17
42.85	41.74	17
72.72	74.51	17
143.84	141.95	17
275.0	273.54	17
543.67	549.42	17
1079.07	1078.39	17
2157.69	2172.09	17
4233.42	4223.48	17
6303.3	6275.01	17
8349.5	8348.27	17
10354.51	10408.95	17
12478.81	12467.89	17
14483.03	14519.56	17
16543.43	16552.01	17
18634.5	18565.71	17
1.0	1.06	17
1.24	1.12	17
1.47	1.66	17
2.59	2.2	17
2.75	3.07	17
3.11	2.98	17
3.24	2.6	17
4.15	3.66	17
3.67	3.95	17
4.76	4.69	17
7.36	6.33	17
7.86	7.61	17
11.93	12.49	17
20.07	18.71	17
33.88	33.3	17
57.38	57.81	17
104.63	104.5	17
197.92	200.63	17
385.93	389.78	17
761.82	765.02	17
1471.8	1467.59	17
2166.1	2170.07	17
2922.24	2894.46	17
3592.63	3595.82	17
4199.2	4355.12	17
5095.9	5095.89	17
5741.3	5693.77	17
6470.6	6458.03	17
1.06	1.01	17
1.76	1.14	17
1.59	1.62	17
2.18	2.16	17
2.54	2.62	17
3.0	3.14	17
3.49	2.82	17
4.36	4.29	17
4.9	5.11	17
6.53	7.59	17
9.95	9.57	17
15.72	16.25	17
23.59	24.21	17
41.13	42.68	17
78.03	74.44	17
145.79	143.68	17
286.77	282.01	17
562.48	562.66	17
1113.38	1113.07	17
2242.84	2238.83	17
4354.28	4354.9	17
6470.68	6486.74	17
8608.07	8645.69	17
10700.23	10757.16	17
12824.64	12798.55	17
14901.85	14896.13	17
16923.33	17059.32	17
19179.32	19179.84	17
1.12	1.01	18
1.91	1.33	18
1.61	1.69	18
2.17	2.26	18
2.61	2.86	18
3.25	2.82	18
3.64	3.26	18
3.62	3.47	18
4.47	4.2	18
5.37	5.05	18
6.41	6.15	18
9.15	9.57	18
14.41	14.87	18
26.0	24.96	18
46.81	45.9	18
87.06	86.29	18
166.69	167.07	18
327.73	327.13	18
645.99	653.55	18
1279.14	1272.89	18
2522.87	2502.91	18
3680.4	3696.68	18
4956.09	4891.33	18
6196.97	6266.26	18
7447.06	7419.31	18
8654.2	8653.84	18
9668.63	9736.93	18
11120.31	11023.25	18
1.11	1.03	18
1.36	1.85	18
1.6	1.51	18
2.8	2.12	18
2.69	2.43	18
3.24	2.71	18
3.3	3.61	18
4.03	4.58	18
5.58	5.22	18
7.1	7.1	18
9.94	10.96	18
13.99	13.87	18
21.45	21.57	18
37.74	37.53	18
71.61	70.05	18
132.5	133.42	18
264.04	259.84	18
512.04	512.96	18
1017.15	1009.12	18
2015.6	2023.1	18
3957.49	3952.89	18
5879.42	5889.82	18
7809.84	7802.28	18
9752.35	9738.83	18
11655.32	11640.47	18
13597.57	13672.62	18
15466.9	15557.31	18
17458.69	17507.3	18
1.72	1.0	18
1.94	1.21	18
1.76	1.57	18
2.27	2.09	18
3.01	2.68	18
3.07	3.19	18
3.72	3.4	18
3.79	3.75	18
4.22	4.49	18
4.94	5.36	18
6.87	6.92	18
9.0	9.23	18
13.99	13.09	18
23.36	22.63	18
41.2	41.08	18
75.59	73.92	18
143.08	140.62	18
280.15	294.23	18
545.44	556.57	18
1098.99	1082.68	18
2129.6	2134.57	18
3108.04	3149.24	18
4040.15	4186.11	18
5150.86	5246.64	18
6216.01	6101.33	18
7225.51	7213.01	18
8251.16	8202.38	18
9413.84	9385.88	18
1.2	1.09	18
1.39	1.25	18
2.03	1.69	18
1.94	2.16	18
2.82	2.75	18
3.15	2.96	18
3.77	3.7	18
4.28	4.41	18
5.63	5.4	18
7.07	7.61	18
10.71	10.22	18
13.94	14.35	18
27.32	22.87	18
39.87	41.5	18
74.03	71.75	18
138.53	139.55	18
270.56	270.55	18
532.77	537.26	18
1059.31	1059.61	18
2110.72	2109.18	18
4140.44	4140.3	18
6156.85	6157.83	18
8167.27	8138.86	18
10199.76	10198.18	18
12169.97	12221.89	18
14238.54	14206.77	18
16266.43	16243.35	18
18247.55	18304.55	18
1.09	1.1	19
1.43	1.18	19
1.73	1.54	19
2.15	2.08	19
2.61	2.77	19
3.45	3.32	19
3.46	3.1	19
4.51	4.9	19
5.06	5.66	19
6.57	6.58	19
9.62	9.89	19
12.14	16.69	19
24.77	21.73	19
37.5	36.83	19
68.6	74.61	19
133.56	131.51	19
264.9	260.93	19
504.97	509.62	19
1007.81	1005.14	19
2011.03	2006.75	19
3954.84	3957.99	19
5869.93	5878.82	19
7805.7	7820.95	19
9733.83	9726.27	19
11676.39	11668.77	19
13563.36	13540.34	19
15529.15	15497.7	19
17414.54	17383.62	19
1.1	1.1	19
1.4	1.51	19
1.79	1.54	19
2.25	2.29	19
2.88	2.83	19
3.15	3.27	19
3.43	2.88	19
3.69	3.42	19
4.19	3.68	19
5.18	4.23	19
6.25	6.01	19
9.7	8.56	19
15.22	14.31	19
24.91	24.96	19
45.74	46.51	19
86.02	89.15	19
172.32	164.59	19
324.86	333.47	19
646.53	647.2	19
1282.46	1278.48	19
2472.77	2516.85	19
3675.16	3675.7	19
4878.61	4912.52	19
6651.62	6543.74	19
7309.24	7471.64	19
8640.5	8595.03	19
9732.64	9888.47	19
11122.24	11053.19	19
1.17	1.07	19
1.41	1.32	19
1.75	1.55	19
2.17	2.35	19
2.96	2.63	19
3.11	3.08	19
3.35	3.45	19
4.28	3.59	19
5.57	5.53	19
7.93	6.5	19
10.57	8.8	19
15.41	14.69	19
20.49	21.3	19
41.11	40.53	19
73.91	72.42	19
137.18	139.36	19
276.63	270.71	19
529.51	529.55	19
1048.86	1052.47	19
2115.91	2110.18	19
4133.87	4130.83	19
6140.7	6165.29	19
8153.51	8191.04	19
10180.53	10161.51	19
12192.69	12053.7	19
14197.13	14196.22	19
16171.55	16175.94	19
18237.67	18223.91	19
1.12	1.02	19
1.35	1.26	19
1.7	1.68	19
2.2	2.09	19
2.8	2.83	19
3.42	3.23	19
3.76	3.4	19
3.55	3.68	19
3.99	4.14	19
5.13	5.4	19
7.33	6.62	19
10.53	9.41	19
14.4	14.54	19
23.93	23.49	19
41.5	41.29	19
75.09	75.27	19
143.15	143.49	19
276.02	275.13	19
558.91	547.33	19
1086.99	1082.85	19
2105.35	2097.58	19
3129.6	3264.71	19
4152.6	4203.93	19
5205.63	5150.99	19
6175.49	6229.94	19
7255.55	7227.2	19
8259.44	8177.79	19
9253.4	9439.11	19
1.05	1.03	20
1.42	1.25	20
1.63	1.66	20
2.35	2.18	20
2.52	2.62	20
2.82	3.21	20
3.42	3.61	20
4.08	4.21	20
4.99	5.52	20
7.16	5.74	20
10.27	7.47	20
15.79	12.14	20
22.37	21.31	20
39.68	39.23	20
72.55	74.75	20
140.37	139.25	20
272.5	275.35	20
548.97	550.06	20
1083.03	1079.5	20
2153.53	2160.15	20
4213.5	4213.72	20
6264.89	6264.15	20
8366.7	8354.78	20
10403.88	10345.94	20
12470.15	12437.17	20
14497.69	14568.2	20
16526.77	16529.11	20
18626.18	18732.81	20
0.97	1.03	20
1.16	1.31	20
1.56	1.69	20
1.94	2.31	20
2.55	2.84	20
2.63	3.15	20
3.27	3.05	20
3.32	3.45	20
4.13	4.04	20
4.95	4.4	20
6.09	5.71	20
7.89	7.77	20
13.02	12.11	20
21.42	21.71	20
37.93	38.68	20
70.12	70.25	20
132.4	132.07	20
257.06	262.82	20
512.91	502.74	20
1006.63	1009.27	20
1915.12	2006.53	20
2934.92	2893.73	20
3861.57	3832.29	20
4738.17	4811.55	20
5638.88	5704.26	20
6770.08	6817.2	20
7765.45	7639.87	20
8615.35	8661.15	20
1.06	1.02	20
1.25	1.19	20
1.54	1.59	20
1.92	2.01	20
3.21	2.34	20
2.99	3.22	20
3.48	3.45	20
3.7	4.06	20
5.63	4.98	20
7.59	7.89	20
10.68	10.01	20
14.1	13.99	20
23.28	21.36	20
41.53	40.53	20
77.05	76.32	20
144.36	143.66	20
284.17	283.94	20
559.05	563.43	20
1108.28	1112.67	20
2224.08	2231.5	20
4353.33	4354.66	20
6463.04	6463.13	20
8600.39	8595.77	20
10722.9	10707.82	20
12834.77	12850.77	20
14960.47	14997.79	20
17023.81	17075.49	20
19137.43	19231.48	20
1.08	0.96	20
1.31	1.18	20
1.65	1.48	20
1.89	2.12	20
2.53	2.88	20
2.72	3.21	20
3.17	3.49	20
3.7	3.44	20
3.97	4.31	20
5.43	4.41	20
5.83	5.95	20
7.92	9.42	20
13.01	13.01	20
19.78	19.34	20
32.62	33.44	20
57.06	56.79	20
104.61	107.72	20
203.86	201.38	20
398.62	395.07	20
765.01	766.13	20
1513.47	1478.68	20
2224.73	2198.89	20
2893.65	2933.25	20
3587.64	3635.69	20
4340.62	4339.72	20
5130.42	5028.55	20
5694.25	5614.73	20
6439.6	6485.86	20
1.07	0.99	21
1.13	1.06	21
0.86	1.68	21
1.01	1.08	21
1.1	0.96	21
1.16	1.11	21
1.35	1.28	21
1.56	1.42	21
1.76	1.89	21
2.4	2.15	21
2.69	2.8	21
3.94	3.88	21
6.4	6.31	21
11.33	10.92	21
20.22	19.96	21
37.47	37.9	21
71.92	74.31	21
138.99	140.94	21
277.94	275.86	21
522.17	532.51	21
767.73	781.88	21
1032.6	1039.65	21
1302.76	1278.73	21
1530.33	1585.71	21
1784.87	1812.88	21
2048.82	2120.28	21
2307.28	2254.3	21
0.98	0.96	21
0.93	1.07	21
0.96	1.09	21
0.88	1.07	21
1.05	1.01	21
1.02	1.07	21
1.34	1.22	21
1.62	1.43	21
2.12	1.86	21
3.22	2.75	21
4.16	4.72	21
7.0	7.11	21
17.86	12.67	21
23.99	24.09	21
46.82	46.68	21
90.78	109.89	21
184.55	213.51	21
463.84	356.96	21
714.97	713.01	21
2100.37	1374.92	21
2124.89	2034.34	21
2706.81	2700.69	21
3402.96	3388.07	21
4037.81	4035.77	21
4813.52	4815.61	21
5410.09	5427.8	21
6053.27	6096.1	21
0.89	0.96	21
1.07	1.07	21
0.96	1.08	21
0.98	1.25	21
1.16	1.19	21
0.98	1.48	21
1.41	1.52	21
1.53	1.48	21
1.82	1.95	21
2.32	2.18	21
2.81	3.12	21
4.15	4.11	21
6.03	6.39	21
10.23	10.59	21
18.53	18.41	21
33.27	35.15	21
63.8	64.35	21
124.88	123.38	21
240.49	244.6	21
459.28	457.8	21
682.95	707.08	21
907.52	917.23	21
1128.35	1115.83	21
1361.48	1336.43	21
1555.15	1566.41	21
1753.28	1797.48	21
1988.83	1956.89	21
0.95	1.13	21
0.99	1.17	21
1.0	1.11	21
1.04	1.06	21
1.14	1.2	21
1.12	1.22	21
1.24	1.61	21
1.66	1.61	21
2.4	2.49	21
2.77	3.28	21
4.1	4.67	21
7.26	8.94	21
18.76	16.22	21
30.81	30.68	21
59.76	48.01	21
116.42	93.17	21
183.54	197.28	21
362.68	365.02	21
729.6	723.43	21
1505.45	1461.88	21
2101.35	2152.37	21
2783.84	2790.06	21
3448.17	3465.08	21
4150.88	4167.68	21
4853.85	4806.25	21
5540.14	5540.22	21
6242.7	6278.53	21
0.97	0.95	22
1.11	1.04	22
0.98	1.11	22
1.08	1.13	22
1.19	1.21	22
1.14	1.86	22
1.32	1.26	22
1.49	1.5	22
2.19	1.78	22
2.29	2.58	22
3.55	3.77	22
5.84	5.96	22
10.28	10.4	22
19.38	18.91	22
36.06	36.52	22
69.22	70.48	22
134.67	138.04	22
272.96	272.84	22
543.08	529.56	22
1042.87	1056.26	22
1524.03	1550.58	22
2060.08	2040.03	22
2567.29	2542.96	22
3069.72	3054.09	22
3609.25	3593.48	22
4123.52	4020.52	22
4592.0	4599.9	22
1.05	1.06	22
0.98	1.08	22
0.99	1.08	22
1.11	1.14	22
1.09	1.2	22
1.21	1.26	22
1.44	1.51	22
1.75	1.67	22
2.07	2.21	22
3.13	2.88	22
4.34	3.97	22
7.16	7.3	22
13.03	13.11	22
20.52	24.32	22
46.91	48.02	22
75.96	93.32	22
148.69	213.18	22
294.38	361.97	22
831.81	841.14	22
1402.1	1656.61	22
1694.44	2084.2	22
2278.22	2873.9	22
2821.51	2851.27	22
3366.44	3450.2	22
5051.73	3947.57	22
4786.82	4471.65	22
5490.24	5503.36	22
1.05	1.09	22
0.99	1.01	22
0.97	1.07	22
1.04	1.09	22
1.05	1.25	22
1.82	1.39	22
1.29	1.46	22
2.29	2.33	22
1.97	1.84	22
2.46	2.63	22
3.7	3.59	22
5.67	5.49	22
10.24	10.0	22
18.62	17.32	22
33.79	33.68	22
67.69	63.53	22
123.92	126.77	22
241.05	241.15	22
493.38	494.06	22
922.77	925.32	22
1444.85	1485.4	22
2023.65	1829.05	22
2514.05	2361.54	22
2726.69	2726.4	22
3210.46	3360.34	22
3605.55	3640.31	22
4110.64	4085.69	22
1.01	0.99	22
1.07	1.18	22
1.52	1.09	22
1.1	1.11	22
1.13	1.17	22
1.21	1.19	22
1.36	1.51	22
1.76	1.75	22
2.37	2.37	22
2.78	2.85	22
4.84	4.61	22
9.03	6.73	22
12.18	16.16	22
21.88	21.77	22
59.76	41.71	22
100.01	99.67	22
157.95	159.6	22
313.92	379.61	22
626.27	624.54	22
1484.12	1214.69	22
1809.38	1811.52	22
2402.1	3429.8	22
2977.28	3001.35	22
4040.4	3886.47	22
5215.18	4240.27	22
4801.45	6260.23	22
5871.09	5819.61	22
1.01	1.09	23
1.09	1.11	23
1.01	1.08	23
1.15	1.22	23
1.11	1.15	23
1.29	1.26	23
1.38	1.51	23
1.8	1.69	23
1.95	2.07	23
2.46	2.63	23
4.4	3.81	23
8.4	6.04	23
10.81	12.95	23
29.21	24.87	23
47.78	49.29	23
92.75	76.05	23
224.65	149.21	23
296.33	360.18	23
588.03	751.96	23
1156.63	1883.91	23
2075.13	1721.31	23
2982.47	2974.64	23
2839.08	2923.64	23
3351.54	3391.04	23
4044.84	3920.48	23
4520.69	4515.69	23
5054.11	5279.36	23
1.61	1.0	23
0.97	1.05	23
1.08	1.04	23
1.02	1.04	23
1.14	1.12	23
1.24	1.28	23
1.21	1.36	23
1.48	1.51	23
1.74	2.0	23
2.37	2.65	23
3.4	3.6	23
5.94	5.77	23
10.34	10.15	23
20.11	20.05	23
37.28	38.06	23
71.51	71.01	23
136.92	140.56	23
274.17	268.91	23
531.14	536.03	23
1040.09	1050.94	23
1488.58	1552.31	23
2087.53	2051.1	23
2571.53	2606.76	23
3055.44	3065.58	23
3503.97	3652.74	23
4078.06	4135.32	23
4573.82	4641.92	23
0.98	1.08	23
1.04	1.12	23
1.07	1.05	23
0.97	1.05	23
1.05	1.28	23
1.23	1.17	23
1.54	1.42	23
1.9	1.88	23
2.04	2.24	23
2.91	3.37	23
4.16	4.14	23
8.88	8.96	23
11.68	14.26	23
21.67	21.43	23
60.01	59.61	23
81.29	98.2	23
197.73	159.04	23
316.23	381.55	23
761.09	630.79	23
1472.36	1258.86	23
2182.57	2242.25	23
2483.95	2469.73	23
3005.07	3101.37	23
3584.47	3604.51	23
4340.84	4198.15	23
5924.9	4785.4	23
5370.22	5409.77	23
1.04	1.01	23
0.98	1.13	23
1.08	1.08	23
1.07	1.07	23
1.16	1.03	23
1.13	1.24	23
1.36	1.42	23
1.86	1.74	23
2.12	2.02	23
2.28	2.7	23
3.38	3.67	23
5.51	5.41	23
9.52	9.79	23
19.54	17.58	23
32.58	37.11	23
66.39	66.75	23
124.22	126.58	23
248.56	257.57	23
489.17	492.6	23
967.65	964.95	23
1373.52	1390.03	23
1913.53	1888.23	23
2284.39	2321.91	23
2706.08	2729.88	23
3243.92	3236.87	23
3715.28	3713.89	23
4273.0	4091.23	23
0.91	0.93	24
1.06	0.93	24
0.91	0.95	24
0.96	0.97	24
1.01	0.99	24
1.04	1.06	24
1.22	1.2	24
1.81	1.43	24
2.11	2.14	24
2.62	3.08	24
4.36	5.33	24
9.32	8.08	24
12.62	14.97	24
24.29	28.5	24
51.36	46.58	24
114.63	91.85	24
178.59	178.48	24
448.0	447.73	24
703.63	746.58	24
1367.94	1376.25	24
2050.49	2043.03	24
2736.4	2718.42	24
3366.15	3395.88	24
4097.01	4069.57	24
4754.53	4730.03	24
5407.79	5397.01	24
6107.39	6101.71	24
0.95	0.97	24
0.92	1.08	24
0.85	0.87	24
1.05	1.08	24
1.08	1.14	24
0.98	1.2	24
1.2	1.33	24
1.46	1.5	24
1.63	1.8	24
2.2	2.09	24
2.52	2.74	24
3.95	3.9	24
6.2	6.2	24
11.04	11.01	24
19.8	19.72	24
35.8	37.9	24
72.42	67.36	24
140.7	138.67	24
274.57	266.42	24
496.68	529.55	24
784.69	789.19	24
1046.06	1049.84	24
1304.65	1295.15	24
1520.37	1556.36	24
1767.63	1753.76	24
2080.46	2039.04	24
2298.25	2311.66	24
0.9	0.91	24
0.93	1.08	24
0.91	0.99	24
0.92	1.12	24
0.92	1.04	24
1.1	1.1	24
1.16	1.27	24
1.48	1.73	24
2.18	2.13	24
2.73	3.33	24
5.73	4.34	24
8.61	7.47	24
16.19	12.89	24
24.69	30.61	24
47.41	47.7	24
92.65	117.03	24
232.7	182.94	24
379.34	381.54	24
723.7	717.87	24
1424.48	1428.43	24
2089.11	2068.95	24
2937.68	2898.9	24
3461.16	4344.15	24
4137.78	4172.65	24
4831.37	4846.6	24
5554.69	5532.04	24
6212.16	6224.52	24
0.85	1.0	24
0.83	0.9	24
1.01	1.07	24
1.13	1.07	24
1.03	1.14	24
1.14	1.2	24
1.94	1.45	24
1.56	1.49	24
2.58	1.9	24
2.21	2.33	24
2.83	2.61	24
3.98	4.18	24
6.08	5.95	24
10.15	10.99	24
20.77	19.09	24
36.45	34.41	24
65.47	64.1	24
124.16	124.4	24
249.04	243.33	24
482.27	466.32	24
666.11	702.28	24
906.26	930.74	24
1109.36	1111.69	24
1327.81	1342.41	24
1528.77	1565.6	24
1775.11	1782.65	24
2017.29	1985.9	24
1.95	1.75	25
2.04	2.34	25
2.64	2.61	25
3.32	2.82	25
3.49	3.79	25
3.41	2.99	25
4.05	3.72	25
4.42	4.0	25
4.87	4.89	25
6.1	6.32	25
8.78	8.94	25
14.81	14.78	25
25.95	25.8	25
47.77	47.81	25
88.68	89.66	25
171.39	171.85	25
332.37	340.12	25
678.2	670.84	25
1281.54	1296.46	25
1909.67	1721.51	25
2552.63	2565.45	25
3218.74	3157.2	25
3762.26	3432.94	25
4474.14	4495.23	25
5077.66	5062.8	25
5742.62	5731.75	25
1.69	1.7	25
2.34	2.17	25
2.93	2.94	25
3.67	3.58	25
3.55	3.88	25
4.05	4.18	25
4.31	4.33	25
5.73	5.16	25
7.17	6.91	25
10.11	9.85	25
15.31	16.39	25
22.33	25.43	25
37.27	37.3	25
71.82	70.38	25
130.49	134.33	25
255.03	254.87	25
503.63	508.48	25
995.21	994.15	25
1922.63	2609.95	25
2882.75	2853.61	25
3844.05	3808.34	25
4746.55	8113.49	25
5673.08	5705.03	25
8962.44	6620.05	25
7501.92	7566.88	25
8464.24	8591.37	25
1.55	1.77	25
2.26	2.12	25
2.84	3.06	25
3.21	3.23	25
3.43	3.59	25
3.51	4.16	25
4.41	3.54	25
4.66	4.39	25
5.02	4.71	25
6.94	6.89	25
9.34	9.02	25
13.83	14.89	25
24.84	25.08	25
44.6	44.8	25
84.16	83.76	25
161.63	163.22	25
315.98	284.16	25
568.15	555.39	25
1207.57	1083.55	25
1764.32	1775.96	25
2099.86	2358.89	25
2974.67	2940.22	25
3501.6	3515.41	25
4060.45	4125.53	25
4199.09	4686.78	25
5262.49	5181.67	25
1.54	1.84	25
2.1	2.14	25
2.98	3.01	25
3.78	3.69	25
3.9	3.85	25
4.15	4.2	25
4.78	4.93	25
6.13	5.72	25
6.1	9.08	25
10.76	11.14	25
14.35	14.38	25
24.05	21.36	25
37.82	36.59	25
71.35	90.52	25
135.49	132.33	25
255.32	254.48	25
499.57	508.75	25
1000.1	985.01	25
1960.22	1945.22	25
2860.14	2896.97	25
3811.41	3775.68	25
4680.68	4751.62	25
5722.84	5663.56	25
6562.4	6631.63	25
10227.99	12752.2	25
8468.95	8538.58	25
1.65	1.65	26
2.19	2.28	26
2.86	2.8	26
3.31	3.79	26
3.94	3.82	26
3.92	3.81	26
4.08	4.11	26
4.17	4.58	26
5.8	5.8	26
7.93	6.73	26
11.54	11.66	26
18.94	19.21	26
34.55	34.0	26
59.17	64.35	26
111.84	121.79	26
236.54	236.87	26
432.55	470.87	26
923.68	929.35	26
1811.86	1780.27	26
2707.09	2692.44	26
3518.25	3555.98	26
4427.88	4497.93	26
5316.19	5302.03	26
6139.25	6192.85	26
7072.81	6998.26	26
7912.57	7916.96	26
1.66	1.66	26
2.42	2.09	26
2.91	2.69	26
3.36	3.48	26
3.48	3.32	26
4.08	3.68	26
3.95	3.69	26
4.61	5.19	26
6.12	4.57	26
9.65	8.16	26
12.56	11.15	26
22.34	18.05	26
30.76	29.56	26
56.21	77.41	26
106.92	107.34	26
201.86	201.12	26
563.4	399.65	26
793.15	787.06	26
1545.53	1552.08	26
2323.22	2319.74	26
3095.15	4361.99	26
3858.93	3840.57	26
8450.17	4616.81	26
5368.94	5364.84	26
6152.55	6155.36	26
6923.55	6949.75	26
1.73	1.51	26
2.36	2.36	26
3.55	3.0	26
3.55	3.81	26
4.02	3.84	26
4.3	4.1	26
4.22	4.56	26
4.84	5.14	26
5.96	5.71	26
7.91	8.02	26
11.62	11.36	26
18.72	18.88	26
33.78	33.21	26
60.8	62.49	26
116.02	117.02	26
224.56	225.2	26
444.01	435.34	26
817.06	886.76	26
1692.34	1770.58	26
2485.97	2503.08	26
3331.68	3307.3	26
4101.09	4177.64	26
4952.27	4965.08	26
5760.53	5753.68	26
6551.58	6528.42	26
6927.02	7330.88	26
1.86	1.76	26
2.16	2.33	26
2.9	2.78	26
2.82	3.84	26
3.64	3.43	26
3.31	4.19	26
4.07	4.76	26
4.75	4.64	26
6.61	6.34	26
10.08	7.37	26
12.3	11.0	26
18.97	21.39	26
32.66	32.14	26
54.13	56.63	26
106.19	105.47	26
205.01	204.55	26
566.81	400.45	26
1134.27	787.07	26
1557.98	2219.42	26
2363.43	2340.82	26
3117.84	3120.74	26
5563.25	3925.82	26
6619.73	4646.78	26
5371.27	5450.7	26
6233.06	8709.33	26
7075.05	7093.28	26
1.68	1.67	27
2.41	2.47	27
2.52	2.37	27
2.96	3.39	27
3.61	3.51	27
3.57	3.76	27
4.53	4.01	27
5.47	5.54	27
6.5	6.98	27
10.26	8.36	27
12.51	11.9	27
18.33	18.3	27
33.62	32.27	27
59.48	57.19	27
108.22	108.11	27
208.88	210.24	27
409.47	410.96	27
816.72	808.43	27
2236.64	1585.99	27
2349.25	2362.01	27
3119.62	3106.78	27
3881.42	5460.71	27
4651.95	6579.77	27
7605.64	9877.56	27
6167.95	6143.69	27
6956.14	9797.43	27
1.51	1.78	27
2.14	2.18	27
2.98	3.08	27
3.5	3.66	27
4.13	3.98	27
4.16	3.93	27
4.23	4.2	27
4.9	4.81	27
5.26	5.61	27
8.02	7.27	27
11.62	11.88	27
19.2	18.46	27
34.39	33.66	27
63.12	64.45	27
121.9	121.89	27
218.91	234.83	27
465.04	461.98	27
925.97	920.3	27
1781.53	1788.93	27
2468.92	2704.99	27
3524.38	3605.25	27
4368.24	4475.4	27
5162.76	5296.02	27
6094.75	6079.29	27
6967.83	7056.55	27
7855.22	7351.9	27
1.64	1.76	27
2.13	2.28	27
3.09	2.98	27
3.18	3.21	27
3.16	3.57	27
3.74	4.05	27
4.43	4.38	27
5.41	5.27	27
7.63	6.51	27
8.31	7.66	27
11.44	10.39	27
18.97	21.73	27
33.01	31.99	27
59.68	60.66	27
152.06	110.36	27
214.83	213.96	27
419.91	581.13	27
829.25	825.52	27
1597.4	1608.8	27
3351.09	2373.77	27
3158.62	3208.33	27
3946.5	4004.98	27
4734.27	4766.91	27
5517.59	7763.32	27
6369.17	6281.28	27
7036.09	7114.1	27
1.47	1.74	27
2.17	2.26	27
3.0	3.14	27
3.37	3.76	27
3.26	4.05	27
3.89	4.33	27
4.58	4.49	27
5.14	5.08	27
6.05	5.57	27
8.44	7.3	27
11.42	12.68	27
18.71	19.51	27
33.38	32.9	27
60.38	60.78	27
110.9	116.86	27
226.57	224.65	27
438.44	438.63	27
870.47	869.92	27
1685.62	1685.61	27
2485.12	2564.23	27
3297.48	3286.75	27
4087.94	3878.38	27
4938.49	4645.97	27
5719.05	5472.96	27
6459.77	6485.68	27
7276.43	7489.13	27
1.43	1.55	28
2.41	2.31	28
3.04	2.96	28
3.91	3.52	28
4.04	4.17	28
4.04	4.88	28
5.01	4.64	28
5.41	5.88	28
6.08	7.34	28
8.6	10.88	28
16.86	11.99	28
22.05	26.63	28
37.92	38.7	28
68.66	69.17	28
131.42	132.21	28
255.82	255.77	28
500.65	506.13	28
983.5	999.4	28
1933.47	1926.53	28
2851.2	2875.01	28
3841.08	3841.76	28
4775.48	4760.67	28
5656.69	7643.34	28
6579.46	6594.3	28
10195.54	7539.65	28
8509.94	8524.37	28
1.87	1.72	28
2.28	2.29	28
2.87	2.81	28
3.12	3.37	28
3.05	4.03	28
3.31	4.17	28
4.06	3.88	28
4.59	4.21	28
4.64	4.99	28
5.69	6.39	28
8.79	8.27	28
13.75	13.74	28
25.5	26.19	28
47.89	42.08	28
90.74	89.87	28
173.09	173.97	28
336.92	335.28	28
648.15	675.31	28
1152.03	1276.89	28
1919.32	1958.84	28
2549.25	2549.11	28
2765.29	3218.66	28
3797.17	3372.53	28
4422.7	4394.61	28
5069.71	5078.61	28
5652.84	5643.65	28
1.73	1.78	28
2.18	3.08	28
3.07	2.86	28
3.62	3.69	28
3.9	3.99	28
4.13	4.03	28
4.43	5.29	28
6.07	6.04	28
8.02	6.98	28
11.92	9.88	28
13.3	16.27	28
21.07	22.42	28
38.64	38.43	28
89.66	70.24	28
131.29	133.65	28
253.58	338.08	28
673.38	500.02	28
991.64	999.61	28
1912.92	1938.44	28
2892.41	2848.67	28
3756.86	3836.72	28
4715.03	4697.76	28
5707.56	5706.56	28
6485.27	6599.25	28
7559.47	7499.63	28
8404.28	8361.33	28
1.72	1.63	28
2.17	2.33	28
2.89	3.02	28
3.04	3.35	28
3.11	3.42	28
3.97	3.65	28
3.4	3.7	28
4.24	3.63	28
4.88	5.17	28
6.38	6.87	28
9.14	8.71	28
13.58	15.61	28
25.58	25.16	28
45.08	45.77	28
84.99	83.79	28
162.99	162.43	28
315.26	290.71	28
561.6	620.07	28
1215.18	1193.69	28
1776.14	1775.47	28
2214.52	2364.75	28
2930.19	2960.0	28
3175.49	3539.75	28
3695.11	4077.84	28
4616.12	4246.9	28
5190.25	4838.66	28
0.9	0.75	29
0.95	1.01	29
1.19	1.28	29
1.54	1.44	29
2.29	2.16	29
2.9	2.64	29
3.17	2.89	29
3.1	3.17	29
3.49	3.28	29
3.65	3.04	29
3.42	3.88	29
4.58	4.42	29
6.31	5.11	29
8.13	7.24	29
11.76	10.75	29
20.18	17.62	29
31.0	36.03	29
67.3	66.3	29
126.76	108.71	29
208.36	279.64	29
410.99	480.51	29
1075.03	773.83	29
1156.1	1371.68	29
1568.61	1552.12	29
1913.24	2279.39	29
2333.06	2756.55	29
3193.96	2652.72	29
3586.32	3066.57	29
3423.25	3511.32	29
1.74	0.87	29
1.55	0.96	29
1.19	1.28	29
1.49	1.56	29
2.13	2.11	29
2.68	2.69	29
3.25	3.11	29
3.33	3.11	29
3.44	3.43	29
3.97	3.77	29
4.76	4.33	29
6.76	5.71	29
9.48	9.97	29
14.87	14.23	29
22.99	31.83	29
59.69	59.22	29
99.35	98.92	29
192.17	226.25	29
374.13	379.29	29
744.06	881.67	29
1210.62	928.91	29
2862.96	2903.81	29
4235.89	4206.55	29
6556.01	5533.0	29
8082.52	8082.81	29
9621.48	9681.94	29
11263.5	11252.93	29
12778.21	10820.8	29
14366.4	14370.48	29
0.92	0.88	29
0.98	0.97	29
1.15	1.13	29
1.46	1.53	29
1.97	2.13	29
2.49	2.63	29
2.93	3.02	29
4.03	3.14	29
3.36	3.56	29
3.81	3.83	29
3.64	3.91	29
4.85	5.05	29
6.18	6.12	29
8.21	9.26	29
12.84	12.41	29
19.43	19.48	29
36.18	33.37	29
59.22	73.0	29
125.3	109.51	29
211.25	207.43	29
405.48	407.82	29
785.57	916.17	29
1162.76	1176.59	29
1803.25	1580.05	29
1939.67	1928.67	29
2301.61	2330.83	29
3109.13	2672.44	29
3552.0	3571.51	29
4497.79	3974.54	29
0.96	0.87	29
0.98	1.0	29
1.21	1.34	29
1.5	1.83	29
1.94	2.36	29
2.31	2.71	29
2.99	2.65	29
3.1	3.45	29
3.19	3.31	29
3.23	3.87	29
4.95	4.84	29
7.51	7.29	29
7.89	10.74	29
14.43	18.46	29
29.12	32.11	29
50.21	59.2	29
96.4	114.68	29
155.19	189.18	29
435.01	298.8	29
738.71	862.95	29
919.81	922.92	29
2803.43	2795.16	29
4908.99	4894.75	29
6507.72	5460.92	29
6895.14	6779.01	29
8198.18	6721.23	29
11220.74	9512.09	29
12753.33	10831.43	29
14421.14	14321.0	29
1.19	0.97	30
1.09	1.21	30
1.22	1.35	30
2.5	1.57	30
2.3	2.11	30
2.61	2.82	30
2.95	3.04	30
3.48	2.96	30
3.63	3.15	30
3.96	3.36	30
4.07	3.6	30
5.0	4.63	30
6.29	6.72	30
8.96	9.11	30
14.49	14.95	30
26.2	25.97	30
48.31	48.43	30
98.81	98.75	30
174.79	175.9	30
376.14	342.19	30
684.52	682.35	30
1439.25	1580.59	30
2159.93	1955.04	30
2615.2	2620.15	30
3554.17	3884.09	30
4284.7	3947.58	30
4948.48	5067.18	30
5196.97	5275.45	30
5858.83	5921.94	30
1.15	0.92	30
1.12	1.03	30
1.24	1.24	30
1.65	1.7	30
2.17	2.2	30
2.64	2.68	30
2.95	3.05	30
3.42	3.48	30
3.56	3.34	30
4.17	3.95	30
4.81	4.7	30
5.23	6.03	30
9.3	7.95	30
12.7	12.86	30
26.43	19.22	30
35.52	41.13	30
92.53	93.12	30
156.32	154.49	30
358.22	363.28	30
480.68	595.02	30
1421.4	1431.18	30
2760.41	2766.99	30
4112.68	3429.6	30
3679.39	2761.48	30
4585.88	3469.09	30
5490.4	6842.74	30
9503.19	9499.33	30
7343.67	10853.59	30
12210.37	10179.16	30
1.04	0.94	30
1.06	1.11	30
1.3	1.29	30
1.57	1.59	30
2.36	2.07	30
2.91	2.99	30
3.06	3.01	30
3.34	3.38	30
3.25	3.11	30
3.27	3.98	30
4.54	4.23	30
4.86	5.16	30
7.11	6.49	30
10.6	10.45	30
15.7	15.75	30
28.45	27.96	30
53.67	48.29	30
109.32	92.8	30
177.47	189.45	30
371.37	394.85	30
684.95	694.27	30
1336.23	1447.12	30
1962.56	1972.18	30
2838.23	2627.74	30
3291.73	3498.89	30
4147.5	4183.18	30
4613.2	4534.14	30
5189.12	5177.01	30
5884.2	6276.97	30
1.04	0.87	30
1.12	0.97	30
1.24	1.19	30
1.57	1.73	30
2.16	2.33	30
2.5	2.46	30
2.91	2.84	30
3.56	3.38	30
3.83	3.54	30
3.91	4.07	30
4.76	4.55	30
6.14	5.66	30
9.76	9.3	30
15.03	13.92	30
24.99	21.02	30
43.0	43.42	30
94.59	93.39	30
155.61	154.0	30
361.08	362.66	30
717.7	484.29	30
1422.35	1417.72	30
2309.52	2323.96	30
4123.34	3451.71	30
4597.33	4581.0	30
3397.99	3567.12	30
5547.92	5561.02	30
9531.93	9502.59	30
10845.55	9040.63	30
12229.35	6359.09	30
0.97	0.87	31
1.26	1.01	31
1.2	1.96	31
1.58	1.73	31
2.36	2.04	31
2.64	2.66	31
3.86	2.67	31
3.58	3.25	31
3.65	3.38	31
3.97	3.82	31
4.59	4.85	31
6.06	6.39	31
8.61	9.1	31
14.78	14.83	31
22.77	22.88	31
42.14	42.02	31
93.19	77.96	31
179.66	152.43	31
300.76	300.82	31
595.94	479.87	31
1414.83	1188.81	31
2312.5	1851.61	31
3457.83	4113.66	31
5460.12	5459.11	31
6829.69	5695.65	31
5450.95	5449.45	31
6375.78	9482.28	31
9023.12	10844.85	31
12225.67	10197.6	31
1.04	1.03	31
1.14	1.07	31
1.3	1.25	31
1.53	1.55	31
2.26	2.05	31
2.76	2.77	31
3.12	2.96	31
3.04	3.52	31
3.47	3.11	31
3.74	3.35	31
3.69	5.01	31
4.82	4.74	31
6.48	6.63	31
9.32	9.96	31
17.11	15.55	31
26.46	28.66	31
56.24	56.17	31
108.08	89.88	31
206.97	193.93	31
376.75	348.53	31
755.99	747.74	31
1333.0	1559.39	31
2342.43	2352.56	31
3288.13	2862.05	31
3578.01	3914.48	31
3941.64	3941.47	31
5348.9	4972.79	31
6649.36	5733.25	31
6391.97	6409.3	31
1.06	0.97	31
0.95	1.08	31
1.28	1.25	31
1.53	1.51	31
2.05	2.23	31
2.84	2.97	31
2.78	2.66	31
3.07	3.06	31
3.79	3.67	31
4.18	4.47	31
5.05	5.2	31
5.91	6.08	31
9.84	9.7	31
14.11	15.41	31
26.96	27.32	31
42.58	44.72	31
79.7	64.41	31
182.23	182.35	31
302.91	304.76	31
595.14	595.67	31
1421.07	1191.88	31
2772.32	2773.19	31
3457.02	4118.22	31
5462.85	4578.82	31
5708.11	5672.98	31
4230.03	4244.31	31
9524.19	6457.95	31
10849.58	10887.17	31
12263.81	10148.05	31
1.03	0.93	31
0.98	1.17	31
1.18	1.8	31
1.54	1.71	31
2.04	2.32	31
2.59	2.72	31
3.13	3.57	31
3.41	3.03	31
3.99	3.27	31
4.1	3.61	31
4.19	4.75	31
5.41	4.96	31
6.46	6.72	31
10.17	10.6	31
15.92	16.71	31
28.24	31.17	31
52.79	54.75	31
104.24	99.88	31
189.02	202.34	31
375.48	419.36	31
844.95	735.26	31
1363.31	1534.51	31
2154.19	2270.44	31
2830.59	2832.83	31
3540.68	3798.89	31
4234.91	4240.73	31
5225.18	5335.2	31
6396.69	5897.24	31
6266.75	6229.79	31
0.84	0.91	32
1.07	1.05	32
1.21	1.66	32
1.68	1.57	32
2.06	2.17	32
2.85	2.63	32
2.89	2.9	32
3.19	3.38	32
3.21	3.47	32
4.07	4.16	32
4.56	4.67	32
5.96	6.91	32
9.5	9.52	32
15.88	17.54	32
31.28	28.22	32
60.77	52.94	32
81.0	117.3	32
158.55	193.08	32
312.48	384.36	32
473.81	473.33	32
1670.67	1178.5	32
2753.54	2268.69	32
4844.99	4809.23	32
4472.46	5381.86	32
4421.49	7909.6	32
6620.28	5263.48	32
9432.97	9410.77	32
8892.73	12629.14	32
14235.94	12039.18	32
0.97	0.85	32
1.01	0.97	32
1.29	1.25	32
1.56	1.56	32
2.43	2.1	32
2.76	2.64	32
3.07	3.18	32
3.08	3.04	32
3.51	3.35	32
3.51	3.75	32
3.65	4.01	32
4.88	4.26	32
5.54	5.45	32
7.29	7.88	32
10.81	10.69	32
17.87	20.04	32
31.05	36.13	32
57.5	65.7	32
124.87	108.54	32
209.5	208.83	32
409.34	406.26	32
784.8	944.49	32
1379.83	1388.01	32
1820.73	1818.42	32
2680.21	1953.13	32
2731.08	2280.12	32
3204.75	2731.98	32
3063.36	3021.39	32
4114.32	3433.89	32
0.9	0.93	32
1.06	1.04	32
1.29	1.09	32
1.47	1.53	32
2.15	2.18	32
2.51	2.74	32
3.0	3.09	32
3.26	2.7	32
3.6	3.58	32
3.97	3.5	32
5.26	4.7	32
6.66	6.72	32
8.97	9.71	32
15.41	12.22	32
25.8	25.75	32
49.63	57.25	32
108.59	93.54	32
149.57	182.34	32
355.67	353.65	32
702.77	584.05	32
1401.83	1649.93	32
2232.5	2725.95	32
4786.57	3321.3	32
3430.42	5373.19	32
7897.51	6752.9	32
6604.06	8061.59	32
11026.92	7704.88	32
12569.29	12585.89	32
9811.36	11928.53	32
0.93	0.98	32
1.0	1.08	32
1.11	1.72	32
1.91	2.03	32
3.49	2.09	32
2.73	2.92	32
3.07	2.73	32
3.26	3.21	32
3.37	3.56	32
3.8	3.57	32
4.07	4.32	32
4.89	5.04	32
5.19	6.16	32
8.89	9.1	32
12.88	12.44	32
19.14	20.11	32
32.7	32.94	32
65.75	59.31	32
125.35	125.54	32
212.28	211.16	32
480.85	413.46	32
916.28	793.41	32
1359.71	1160.97	32
1546.33	1558.79	32
1941.85	2259.88	32
2651.68	2669.93	32
2721.38	2705.72	32
3555.32	4026.7	32
3963.67	3462.42	32
1.05	1.14	33
1.2	1.4	33
1.27	1.24	33
1.46	1.31	33
1.41	1.66	33
1.39	1.48	33
1.78	1.61	33
1.74	1.49	33
2.04	1.95	33
2.53	2.77	33
3.63	3.53	33
5.29	4.99	33
7.89	7.86	33
13.61	13.65	33
25.48	25.32	33
51.12	52.21	33
92.12	89.95	33
178.06	173.77	33
348.56	347.09	33
677.38	662.24	33
1072.56	1091.41	33
1321.09	1305.66	33
1650.25	1639.47	33
1968.94	1964.65	33
2312.07	2251.45	33
2625.82	2846.87	33
2923.75	2948.52	33
1.17	0.99	33
1.8	1.25	33
1.4	1.13	33
1.36	1.57	33
1.36	1.41	33
1.56	1.53	33
1.83	1.6	33
2.23	2.14	33
2.93	2.68	33
4.2	4.28	33
7.01	6.27	33
11.37	12.57	33
21.34	18.82	33
45.72	45.87	33
89.39	79.77	33
177.11	177.48	33
347.89	348.34	33
700.25	692.01	33
1376.07	1395.92	33
2704.19	2686.18	33
4027.73	4026.21	33
5324.37	5348.89	33
6606.99	6623.15	33
7926.97	7959.45	33
8221.18	9230.99	33
10566.55	10600.58	33
11863.01	11840.92	33
1.2	1.12	33
1.25	1.35	33
1.42	1.27	33
1.39	1.33	33
1.42	1.48	33
1.44	1.77	33
1.71	1.66	33
2.25	2.06	33
2.12	2.33	33
3.04	2.82	33
4.17	4.09	33
6.1	6.06	33
9.25	9.26	33
15.22	15.31	33
26.55	26.79	33
48.92	48.86	33
90.67	92.8	33
178.96	175.91	33
347.95	349.15	33
664.14	663.69	33
1008.32	1003.95	33
1313.6	1311.92	33
1638.31	1658.42	33
2188.73	1955.08	33
2282.41	2289.72	33
2597.22	2639.45	33
2969.71	2929.75	33
1.17	1.03	33
1.29	1.2	33
1.28	1.53	33
1.5	1.48	33
1.33	1.48	33
1.68	1.42	33
1.88	1.93	33
2.25	2.18	33
3.3	2.89	33
4.41	4.66	33
7.53	7.58	33
12.08	13.74	33
24.47	25.07	33
46.48	47.05	33
90.61	91.56	33
176.67	177.04	33
350.37	350.21	33
693.26	697.83	33
1386.36	1388.4	33
2703.07	2401.16	33
4025.89	3998.57	33
5315.48	5315.75	33
6649.74	6613.01	33
7074.31	7878.09	33
9229.58	9325.44	33
10589.04	9434.06	33
11874.44	10566.39	33
1.15	1.1	34
1.52	1.34	34
1.33	1.44	34
1.64	1.39	34
1.53	1.46	34
1.84	1.61	34
1.78	1.91	34
2.01	1.84	34
2.36	2.41	34
3.26	3.04	34
4.82	4.82	34
7.26	7.7	34
12.55	12.36	34
23.18	23.66	34
42.98	42.71	34
81.07	83.49	34
167.58	158.34	34
347.28	313.64	34
618.18	622.49	34
1201.0	1256.27	34
1782.58	1787.91	34
2348.03	2391.76	34
2960.53	3285.95	34
3545.3	3528.37	34
4123.2	4548.22	34
4733.57	4668.99	34
5582.55	5321.25	34
1.28	1.21	34
1.6	1.32	34
1.45	1.96	34
1.74	1.55	34
1.59	1.55	34
1.69	1.75	34
1.88	1.67	34
2.25	2.17	34
3.02	2.86	34
4.02	3.5	34
6.36	6.46	34
11.3	10.99	34
20.2	20.24	34
37.98	37.36	34
66.41	72.89	34
144.23	144.27	34
284.34	286.08	34
505.57	569.97	34
1137.0	1138.43	34
2217.19	2228.55	34
3298.14	3290.79	34
3887.87	4380.34	34
5461.25	5458.31	34
5784.36	6524.94	34
7633.34	7630.05	34
8710.18	8702.87	34
9773.87	9776.13	34
0.97	1.1	34
1.49	1.38	34
1.52	1.41	34
1.42	1.39	34
1.66	1.59	34
1.67	1.76	34
2.01	1.83	34
2.38	2.06	34
2.68	2.46	34
3.49	3.49	34
5.17	5.09	34
8.19	7.79	34
13.09	13.49	34
23.94	23.47	34
43.46	44.76	34
85.95	82.04	34
162.48	163.46	34
316.95	310.33	34
617.53	622.19	34
1195.61	1266.71	34
1794.94	1805.79	34
2387.43	2466.41	34
2984.25	2994.55	34
3592.47	3549.9	34
4104.78	4371.49	34
4684.43	4745.02	34
5368.19	5354.45	34
1.31	1.26	34
1.34	1.32	34
1.41	1.36	34
1.52	1.22	34
1.66	1.4	34
1.67	1.41	34
1.9	2.04	34
2.36	2.26	34
2.94	2.91	34
4.3	4.22	34
6.23	6.15	34
11.92	11.68	34
20.9	20.91	34
39.61	39.21	34
74.21	74.97	34
146.12	145.27	34
256.54	285.96	34
570.34	573.97	34
1139.07	1137.82	34
2212.59	2217.72	34
3312.08	3297.51	34
4390.45	4380.06	34
4864.35	5460.18	34
6539.74	5842.67	34
7619.74	7614.19	34
8695.18	8702.0	34
9765.17	9766.86	34
1.38	1.25	35
1.26	1.29	35
1.35	1.28	35
1.48	1.47	35
1.51	1.53	35
1.7	1.53	35
1.69	1.68	35
2.38	2.08	35
3.06	2.82	35
4.07	3.94	35
6.02	6.22	35
10.66	11.61	35
19.81	20.12	35
37.9	37.42	35
73.42	73.61	35
144.38	144.59	35
284.77	284.46	35
569.7	568.42	35
1135.17	1133.56	35
1962.74	1964.17	35
3295.1	3289.13	35
4369.81	4369.15	35
5464.76	4860.01	35
5795.53	6534.53	35
6740.8	7627.66	35
8700.3	8702.81	35
9766.03	9771.53	35
1.35	1.22	35
1.49	1.39	35
1.6	1.3	35
1.45	1.42	35
1.69	1.64	35
1.57	1.58	35
1.89	1.88	35
1.88	2.03	35
2.45	2.58	35
3.16	3.27	35
4.72	4.84	35
7.47	7.0	35
12.73	12.17	35
22.89	22.12	35
43.21	43.37	35
81.23	82.2	35
169.76	157.34	35
310.53	311.17	35
621.93	619.27	35
1192.81	1196.71	35
1782.04	1795.06	35
2399.34	2370.53	35
3108.69	2979.37	35
3498.19	3504.51	35
4281.64	4085.5	35
4674.73	4662.53	35
5228.53	5504.85	35
1.25	1.25	35
1.34	1.39	35
1.35	1.39	35
1.58	1.47	35
1.74	1.41	35
1.62	1.53	35
1.87	1.78	35
2.36	2.26	35
3.09	2.75	35
4.13	4.42	35
6.94	6.92	35
11.99	11.9	35
20.76	18.73	35
38.36	38.15	35
73.9	75.0	35
145.57	130.23	35
285.1	285.11	35
569.99	566.68	35
1014.55	1136.75	35
2217.98	2212.77	35
3304.16	3297.82	35
3905.34	3911.53	35
5469.71	5470.5	35
6544.31	5846.28	35
7626.42	7612.85	35
8708.28	8701.7	35
9771.89	9780.75	35
1.19	1.04	35
1.43	1.21	35
1.42	1.45	35
1.49	1.44	35
1.72	1.46	35
1.54	1.58	35
2.05	1.85	35
2.29	2.02	35
2.64	2.6	35
3.46	3.46	35
5.04	4.95	35
8.06	8.07	35
12.94	13.12	35
23.17	23.35	35
43.48	45.1	35
83.96	82.64	35
161.21	162.67	35
334.47	315.63	35
621.16	624.37	35
1267.22	1215.86	35
1819.91	1788.4	35
2397.41	2394.41	35
2971.68	2990.73	35
3542.89	3678.43	35
4159.2	4099.46	35
4654.07	4699.59	35
5313.05	5347.83	35
1.25	1.06	36
1.39	1.28	36
1.33	1.34	36
1.41	1.35	36
1.44	1.44	36
1.64	1.54	36
1.77	1.6	36
2.11	2.21	36
2.91	2.69	36
4.07	4.12	36
6.75	6.29	36
12.89	12.93	36
23.31	21.13	36
45.86	46.02	36
89.77	90.13	36
177.79	176.14	36
350.47	348.28	36
699.71	693.72	36
1393.26	1386.25	36
2388.33	2675.24	36
4013.88	4008.82	36
5331.68	5325.29	36
6671.39	6627.83	36
7968.24	7004.72	36
9349.78	9277.01	36
10683.48	10544.51	36
11894.75	11891.0	36
1.27	1.17	36
1.38	1.2	36
1.35	1.39	36
1.4	1.25	36
1.49	1.36	36
1.59	1.48	36
1.62	1.53	36
1.88	2.0	36
2.23	2.03	36
2.69	2.46	36
3.57	3.31	36
5.27	5.14	36
8.18	7.88	36
14.11	13.8	36
25.18	25.52	36
47.11	52.0	36
92.14	90.52	36
176.94	175.77	36
352.47	344.95	36
679.77	670.84	36
1003.24	989.38	36
1289.54	1478.47	36
1667.24	1668.89	36
1948.39	1968.18	36
2288.33	2503.22	36
2620.79	2613.19	36
2920.25	3263.47	36
1.11	1.11	36
1.29	1.28	36
1.3	1.31	36
1.46	1.33	36
1.53	1.59	36
1.7	1.66	36
2.0	1.82	36
2.3	2.2	36
3.1	2.78	36
4.76	4.43	36
7.5	7.47	36
13.46	13.61	36
25.05	25.28	36
46.95	46.54	36
92.13	90.27	36
177.21	178.21	36
310.87	350.86	36
700.37	698.09	36
1391.86	1378.09	36
2387.26	2393.11	36
4000.08	4013.91	36
5321.16	5349.44	36
6618.5	6642.38	36
7958.97	7073.95	36
9235.92	9295.84	36
10582.07	10599.33	36
10580.89	11851.46	36
1.29	1.04	36
1.23	1.16	36
1.47	1.34	36
1.39	1.36	36
1.66	1.28	36
1.24	1.48	36
1.69	1.68	36
2.1	1.86	36
2.72	2.51	36
2.7	3.05	36
3.87	3.95	36
6.36	6.17	36
9.57	9.35	36
15.85	15.56	36
26.85	26.75	36
49.35	49.11	36
92.79	92.01	36
178.13	176.48	36
345.25	394.19	36
670.8	672.56	36
1000.77	1003.98	36
1323.79	1316.11	36
1662.67	1645.48	36
1976.66	1954.74	36
2308.87	2266.99	36
2610.65	2619.57	36
3306.5	2917.07	36
1.03	0.93	37
1.08	1.01	37
1.31	1.19	37
1.83	1.67	37
2.66	2.48	37
4.49	3.57	37
7.58	7.76	37
12.71	11.52	37
15.52	25.45	37
15.35	28.64	37
15.17	23.43	37
26.44	24.83	37
28.06	24.25	37
28.14	31.8	37
44.54	35.55	37
50.59	56.2	37
89.61	80.7	37
132.54	127.2	37
235.08	232.65	37
427.21	429.49	37
824.27	824.1	37
1589.52	1594.58	37
2375.74	2369.55	37
3098.83	3104.76	37
3905.73	3849.51	37
4689.44	4586.07	37
5405.78	5442.2	37
6050.12	6154.11	37
6893.48	7006.83	37
1.01	0.87	37
1.09	0.98	37
1.86	1.16	37
1.86	1.58	37
2.77	2.57	37
4.34	3.84	37
7.21	6.88	37
11.33	13.53	37
23.97	13.7	37
28.72	21.11	37
26.59	25.53	37
27.41	28.38	37
29.53	31.63	37
32.87	44.62	37
39.01	44.56	37
53.29	63.0	37
97.79	91.62	37
169.84	172.79	37
314.99	316.83	37
607.67	614.5	37
1198.98	1177.92	37
2323.26	2292.3	37
3375.39	3398.92	37
4540.37	4544.71	37
5617.32	5659.28	37
6786.25	6756.68	37
7939.55	7984.33	37
9048.33	9014.55	37
10107.47	10137.91	37
0.97	0.86	37
1.07	1.07	37
1.37	1.24	37
1.81	1.66	37
2.6	2.65	37
4.43	4.23	37
7.7	7.04	37
10.96	12.73	37
15.05	19.48	37
28.22	17.95	37
26.64	25.11	37
21.97	28.72	37
31.07	19.09	37
30.95	30.08	37
39.61	37.64	37
46.52	54.54	37
77.77	76.32	37
120.0	120.48	37
218.38	222.92	37
405.53	416.77	37
792.98	797.01	37
1491.52	1527.17	37
2235.69	2211.73	37
2968.72	2977.75	37
3722.19	3663.34	37
4351.55	4453.61	37
5138.08	5161.61	37
5895.07	5830.4	37
6655.47	6611.25	37
1.01	0.9	37
1.67	1.05	37
1.41	1.25	37
1.83	1.65	37
2.66	2.48	37
4.35	4.42	37
6.91	6.63	37
13.52	12.41	37
18.1	20.28	37
21.36	17.82	37
24.15	25.36	37
32.41	21.0	37
34.05	23.53	37
40.47	27.02	37
45.9	38.86	37
63.87	65.9	37
99.1	94.9	37
152.77	161.84	37
304.62	288.28	37
563.85	578.99	37
1110.33	1083.96	37
2133.57	2100.33	37
3101.51	3141.54	37
4116.7	4216.01	37
5220.91	5246.76	37
6165.44	6201.03	37
7273.35	7275.01	37
8306.38	8344.03	37
9388.64	9425.23	37
0.98	1.01	38
1.08	0.95	38
1.24	1.35	38
1.74	1.72	38
2.72	2.67	38
4.34	4.23	38
5.86	7.34	38
14.02	13.68	38
24.18	24.2	38
27.29	25.85	38
21.09	20.46	38
34.4	32.31	38
24.68	34.61	38
43.94	36.87	38
46.9	39.44	38
58.56	53.6	38
91.66	96.21	38
156.03	163.93	38
296.01	303.77	38
572.8	555.7	38
1100.15	1079.85	38
2088.55	2087.73	38
3104.54	3108.4	38
4055.02	4087.76	38
5092.23	5130.45	38
6117.27	6043.6	38
7122.09	7173.86	38
8122.3	8085.34	38
9048.18	9121.45	38
1.11	1.05	38
1.19	1.09	38
1.43	1.28	38
1.82	1.67	38
3.34	2.99	38
4.55	4.59	38
7.46	7.85	38
14.48	13.97	38
16.35	25.85	38
28.63	22.44	38
27.61	25.1	38
27.61	16.22	38
27.39	23.48	38
37.87	33.74	38
49.49	37.64	38
46.61	60.66	38
98.44	95.35	38
144.35	141.74	38
258.86	266.36	38
502.43	497.72	38
990.74	997.78	38
1894.62	1870.61	38
2746.77	2774.18	38
3672.83	3689.76	38
4593.63	4622.07	38
5468.78	5546.06	38
6375.81	6468.34	38
7368.87	7355.19	38
8710.02	8709.25	38
0.95	0.85	38
1.15	1.07	38
1.41	1.36	38
1.82	1.68	38
2.84	2.7	38
4.4	4.31	38
7.94	7.54	38
8.82	12.01	38
11.62	17.85	38
22.99	21.6	38
26.09	27.37	38
29.39	26.97	38
27.0	35.28	38
32.52	40.22	38
41.28	42.24	38
65.65	63.09	38
100.1	85.73	38
161.55	161.07	38
298.64	289.75	38
540.79	559.19	38
1068.95	1085.58	38
2069.32	2055.18	38
3040.43	3076.06	38
4033.82	4043.2	38
5065.86	5015.23	38
6067.62	6018.62	38
6968.45	7079.09	38
8080.6	7983.52	38
8978.19	9016.08	38
0.92	0.88	38
1.11	1.04	38
1.3	1.23	38
1.78	1.78	38
2.79	2.6	38
4.66	4.29	38
8.29	8.01	38
13.04	12.53	38
10.1	19.93	38
28.02	22.44	38
24.37	26.27	38
24.31	27.19	38
36.65	32.75	38
32.15	30.55	38
33.36	44.76	38
64.67	57.94	38
84.64	90.29	38
141.69	142.75	38
249.26	236.03	38
451.79	452.02	38
874.3	882.51	38
1666.09	1683.31	38
2470.03	2461.56	38
3300.58	3267.22	38
4085.47	4135.97	38
4906.85	4898.72	38
5784.42	5660.17	38
6528.15	6522.89	38
7216.54	7314.17	38
0.92	0.93	39
1.01	1.01	39
1.23	1.34	39
1.8	1.79	39
2.72	2.64	39
4.37	4.36	39
8.03	6.13	39
14.15	8.98	39
14.91	13.9	39
16.46	18.82	39
22.47	15.01	39
24.48	32.44	39
27.15	28.65	39
37.15	33.09	39
46.91	53.59	39
60.78	43.77	39
76.85	78.14	39
150.68	140.17	39
261.59	261.38	39
503.01	499.26	39
976.02	962.87	39
1847.93	1851.4	39
2754.03	2793.57	39
3708.48	3650.68	39
4569.98	4602.11	39
5448.67	5570.03	39
6372.86	6499.76	39
7296.2	7321.47	39
8169.6	8210.31	39
1.05	0.85	39
1.12	1.01	39
1.27	1.3	39
1.79	1.77	39
2.77	2.68	39
4.42	4.43	39
4.82	6.29	39
14.41	14.29	39
15.42	12.89	39
20.24	24.52	39
28.26	23.3	39
35.44	26.98	39
32.23	26.28	39
36.21	30.33	39
39.15	42.53	39
61.44	49.74	39
98.67	92.28	39
155.58	162.58	39
294.33	290.93	39
551.59	557.24	39
1097.24	1088.19	39
2066.31	2083.04	39
3106.62	3072.64	39
4064.16	4100.62	39
5067.92	5080.3	39
6067.32	6118.56	39
7080.9	7059.53	39
8050.92	8115.49	39
9088.61	9189.56	39
1.02	0.93	39
1.12	1.09	39
1.47	1.33	39
1.89	1.82	39
2.71	2.64	39
4.59	4.46	39
7.62	7.8	39
13.58	13.8	39
22.84	21.95	39
16.25	26.78	39
26.0	26.69	39
21.65	19.29	39
25.98	34.65	39
42.19	33.87	39
40.12	47.23	39
59.53	52.17	39
78.3	93.32	39
143.29	139.87	39
237.02	243.66	39
448.07	454.74	39
855.88	877.64	39
1676.98	1680.59	39
2466.61	2499.33	39
3296.49	3225.43	39
4155.87	4071.55	39
4876.57	4901.63	39
5680.1	5668.79	39
6341.25	6541.99	39
7287.44	7315.04	39
0.94	1.4	39
1.07	1.01	39
1.33	1.3	39
1.77	1.69	39
2.59	2.71	39
4.52	3.34	39
7.75	7.93	39
11.77	13.37	39
24.11	18.34	39
15.35	17.97	39
22.15	25.12	39
25.62	17.42	39
28.81	28.79	39
31.17	39.47	39
46.73	40.74	39
63.58	58.49	39
92.04	100.28	39
150.14	149.86	39
288.53	289.79	39
549.69	555.67	39
1076.93	1081.63	39
2091.38	2055.9	39
3095.78	3079.13	39
4130.16	4100.19	39
5067.79	5101.95	39
6058.33	6056.75	39
7182.09	7067.68	39
7973.78	8050.08	39
9116.82	9004.69	39
0.96	0.9	40
1.09	0.94	40
1.35	1.19	40
1.79	1.75	40
2.65	2.62	40
4.49	4.1	40
7.79	7.58	40
13.61	12.87	40
14.23	23.31	40
21.49	26.81	40
25.02	20.89	40
30.81	16.5	40
19.44	24.58	40
30.44	37.06	40
37.63	38.03	40
52.32	55.24	40
95.5	98.78	40
180.53	176.68	40
316.65	324.9	40
613.86	606.37	40
1176.83	1193.31	40
2312.41	2312.8	40
3394.44	3405.86	40
4508.24	4543.76	40
5638.15	5652.62	40
6715.44	6770.88	40
7898.05	7853.31	40
8939.69	8925.8	40
10055.41	10123.65	40
0.99	1.07	40
1.17	1.56	40
1.38	1.15	40
1.84	1.73	40
2.89	2.56	40
4.02	4.29	40
7.98	7.54	40
10.73	11.41	40
24.91	18.0	40
21.16	14.41	40
23.09	27.75	40
25.98	23.19	40
24.66	25.92	40
34.87	29.67	40
39.36	45.34	40
49.47	58.61	40
71.26	74.73	40
136.03	133.99	40
235.5	237.87	40
426.07	427.58	40
825.97	834.48	40
1573.01	1587.7	40
2326.81	2365.47	40
3108.93	3063.88	40
3863.54	3853.67	40
4593.77	4613.07	40
5426.46	5294.63	40
6093.12	6145.54	40
6825.3	6895.99	40
0.94	0.77	40
1.11	0.99	40
1.34	1.13	40
1.74	1.67	40
2.69	2.63	40
4.32	4.47	40
7.47	7.79	40
11.4	10.08	40
16.65	17.35	40
16.45	17.84	40
27.09	31.2	40
23.19	22.93	40
30.97	26.94	40
35.9	28.14	40
41.96	44.64	40
68.07	73.14	40
89.94	94.05	40
171.1	162.72	40
308.43	296.32	40
574.66	565.19	40
1118.68	1115.23	40
2120.87	2147.96	40
3145.48	3149.2	40
4227.52	4207.67	40
5264.09	5238.69	40
6259.91	6268.22	40
7198.03	7290.05	40
8310.42	8279.66	40
9261.98	9256.26	40
1.0	0.84	40
1.0	0.94	40
1.36	1.28	40
1.76	1.71	40
2.7	2.44	40
4.4	4.07	40
7.37	7.76	40
13.03	11.41	40
24.49	13.24	40
27.53	15.11	40
26.51	33.9	40
12.63	21.8	40
26.6	19.62	40
36.31	28.19	40
41.88	38.03	40
52.38	59.18	40
75.4	80.86	40
123.38	116.66	40
216.36	230.22	40
416.76	414.25	40
784.88	808.3	40
1501.82	1536.39	40
2212.54	2243.94	40
2976.11	2972.99	40
3699.0	3691.95	40
4390.29	4404.06	40
5107.06	5070.77	40
5794.23	5835.82	40
6511.44	6611.28	40
1.09	0.99	41
1.26	1.18	41
2.23	1.52	41
2.17	1.99	41
3.22	3.85	41
4.69	5.47	41
7.81	7.69	41
8.31	11.76	41
12.65	9.95	41
15.57	18.5	41
20.86	22.23	41
25.03	25.45	41
34.01	32.91	41
44.88	41.36	41
54.91	59.76	41
92.71	94.74	41
168.8	165.57	41
321.48	315.51	41
600.66	599.69	41
1161.68	1134.42	41
1714.58	1689.81	41
2254.82	2295.46	41
2802.02	2779.15	41
3321.47	3358.88	41
3934.53	3906.39	41
4468.81	4440.82	41
5060.73	4959.84	41
1.11	0.99	41
1.21	1.13	41
1.43	1.5	41
1.8	2.02	41
3.11	2.91	41
4.4	4.61	41
6.62	8.69	41
8.91	8.79	41
12.74	12.28	41
13.28	15.0	41
20.77	22.47	41
24.04	26.12	41
38.15	36.79	41
47.65	47.02	41
78.45	74.44	41
127.73	126.71	41
231.13	232.9	41
439.06	439.18	41
839.83	845.97	41
1626.35	1617.8	41
2383.84	2385.34	41
3163.3	3174.02	41
3924.71	3955.72	41
4706.58	4720.67	41
5488.87	5514.25	41
6278.21	6266.9	41
7089.36	7052.02	41
1.14	0.93	41
1.26	1.15	41
1.49	1.45	41
2.07	1.77	41
2.98	2.67	41
5.46	5.38	41
9.82	4.56	41
9.48	8.63	41
10.68	9.8	41
15.88	13.14	41
20.27	20.79	41
21.29	23.15	41
30.02	29.42	41
37.09	37.25	41
53.41	51.11	41
83.43	84.53	41
148.25	152.08	41
280.78	284.52	41
542.73	540.32	41
1057.87	1029.39	41
1523.51	1538.25	41
2019.0	2032.72	41
2567.63	2543.53	41
3004.14	2975.9	41
3481.09	3490.81	41
4014.43	4064.05	41
4502.85	4491.4	41
1.12	1.01	41
1.21	1.18	41
1.59	1.27	41
2.07	1.92	41
3.27	3.0	41
4.42	4.64	41
8.93	7.4	41
9.5	7.7	41
10.73	12.48	41
15.64	14.27	41
20.26	19.49	41
26.1	30.92	41
35.88	31.81	41
45.12	48.25	41
69.77	69.44	41
123.21	124.9	41
215.25	223.53	41
410.95	410.89	41
804.24	800.95	41
1533.22	1553.1	41
2254.5	2242.13	41
2952.57	2994.18	41
3767.61	3760.54	41
4435.68	4380.23	41
5146.73	5103.5	41
5884.18	6387.78	41
6540.75	6680.3	41
1.23	1.06	42
1.2	1.15	42
1.42	1.49	42
2.1	1.97	42
2.85	2.94	42
4.63	4.94	42
8.59	5.05	42
11.45	8.19	42
9.81	9.18	42
15.49	9.59	42
20.32	17.94	42
26.91	27.45	42
34.8	36.81	42
45.08	43.12	42
74.55	72.03	42
125.1	125.65	42
229.29	227.05	42
428.82	430.01	42
836.26	832.49	42
1615.14	1607.85	42
2403.45	2387.96	42
3170.03	3145.87	42
3949.65	3923.58	42
4700.02	4792.11	42
5489.03	5464.68	42
6263.83	6274.27	42
7035.04	7030.87	42
1.15	1.13	42
1.45	1.12	42
1.66	1.59	42
2.18	2.74	42
3.32	2.16	42
5.01	4.79	42
8.75	6.34	42
6.56	9.42	42
10.46	8.21	42
13.56	13.01	42
18.81	21.1	42
21.04	26.37	42
26.41	30.68	42
36.24	39.51	42
56.42	58.91	42
89.89	94.14	42
163.94	161.91	42
301.01	307.35	42
599.07	586.54	42
1121.84	1125.46	42
1649.89	1666.1	42
2215.51	2235.32	42
2760.01	2721.65	42
3254.34	3313.85	42
3813.44	3775.68	42
4331.89	4329.03	42
4890.69	4893.24	42
1.11	1.09	42
1.28	1.45	42
1.41	1.44	42
1.95	2.0	42
3.28	2.97	42
5.09	4.8	42
6.91	4.22	42
8.36	11.21	42
14.42	9.17	42
13.36	14.94	42
19.59	18.77	42
27.14	24.98	42
30.68	30.34	42
43.93	42.8	42
67.01	67.94	42
114.54	116.3	42
212.84	214.45	42
404.99	410.24	42
781.82	799.78	42
1522.7	1526.3	42
2255.09	2213.14	42
3022.4	3011.3	42
3648.37	3662.53	42
4421.1	4351.03	42
5060.22	5161.73	42
5838.6	5875.19	42
6678.92	6583.04	42
1.17	1.01	42
1.29	1.12	42
1.64	1.43	42
2.12	1.91	42
2.94	2.85	42
5.77	4.46	42
7.84	6.53	42
8.37	7.28	42
10.43	8.23	42
13.44	10.47	42
17.45	16.67	42
21.9	23.18	42
27.46	25.48	42
36.48	38.46	42
51.07	56.02	42
85.54	86.88	42
153.5	150.57	42
280.86	278.47	42
533.16	547.58	42
1031.02	1038.04	42
1554.53	1534.1	42
2004.69	2060.69	42
2554.65	2504.89	42
2982.16	2994.99	42
3486.04	3505.71	42
3946.59	3978.27	42
4496.66	4371.27	42
1.16	0.94	43
1.18	1.11	43
1.71	1.56	43
2.06	1.86	43
3.15	2.54	43
3.6	4.14	43
8.15	8.55	43
8.93	5.0	43
11.26	11.61	43
11.08	14.99	43
18.93	18.13	43
21.01	24.52	43
29.41	28.18	43
36.89	39.59	43
58.41	57.07	43
94.57	92.58	43
167.51	164.39	43
304.84	307.44	43
584.8	585.37	43
1127.64	1123.4	43
1670.66	1684.3	43
2207.39	2198.33	43
2727.97	2724.7	43
3259.94	3246.6	43
3817.89	3828.56	43
4334.18	4366.74	43
4881.94	4898.53	43
1.2	0.97	43
1.26	1.19	43
1.5	1.43	43
1.93	1.77	43
2.93	2.81	43
5.17	4.88	43
4.69	7.69	43
6.42	7.74	43
10.01	6.57	43
11.67	15.06	43
18.76	22.27	43
25.53	25.56	43
35.87	32.13	43
47.39	47.27	43
74.49	72.06	43
124.89	121.26	43
228.54	228.41	43
433.72	430.56	43
842.53	839.72	43
1614.35	1636.19	43
2383.46	2385.93	43
3183.88	3156.28	43
3928.45	3946.33	43
4728.14	4729.79	43
5499.78	5492.09	43
6237.53	6321.0	43
7075.74	7034.89	43
1.24	0.85	43
1.44	1.15	43
1.61	1.51	43
2.18	1.93	43
3.07	3.05	43
5.37	5.03	43
6.41	7.48	43
9.38	7.94	43
8.4	6.48	43
11.34	13.83	43
17.39	13.33	43
19.89	23.59	43
29.54	25.44	43
38.8	39.06	43
57.89	51.55	43
87.1	85.45	43
155.05	150.6	43
282.86	278.18	43
540.35	540.85	43
1030.32	1035.08	43
1544.08	1530.44	43
2053.04	2027.34	43
2512.89	2535.07	43
2996.93	2961.0	43
3525.41	3477.44	43
4009.45	4005.31	43
4414.19	4320.38	43
1.13	0.96	43
1.28	1.01	43
1.61	1.32	43
2.15	1.86	43
3.14	2.84	43
4.87	5.2	43
8.48	8.5	43
8.69	7.49	43
10.63	9.87	43
15.85	12.91	43
16.45	17.39	43
26.93	26.47	43
33.5	29.59	43
44.41	46.99	43
68.33	69.28	43
119.59	118.55	43
217.93	216.46	43
409.7	403.04	43
790.42	786.98	43
1535.88	1517.82	43
2265.04	2271.36	43
2970.98	2961.47	43
3763.82	3709.58	43
4452.0	4361.86	43
5121.91	5041.0	43
5823.67	5930.87	43
6433.58	6515.16	43
1.09	0.89	44
1.32	1.08	44
1.53	1.28	44
1.93	1.78	44
3.02	2.5	44
3.25	5.03	44
5.18	7.15	44
9.74	9.38	44
8.04	9.44	44
12.81	13.16	44
19.01	19.79	44
23.21	25.83	44
32.13	33.94	44
47.82	44.23	44
74.09	74.11	44
125.02	123.63	44
228.77	227.58	44
428.15	433.37	44
832.78	840.77	44
1606.93	1626.94	44
2398.94	2370.07	44
3198.83	3199.81	44
3960.61	3952.64	44
4732.5	4743.36	44
5555.82	5476.71	44
6310.86	6370.31	44
7037.04	7040.83	44
1.18	0.91	44
1.22	0.94	44
1.58	1.44	44
2.08	1.87	44
3.32	2.99	44
5.16	5.46	44
7.96	7.0	44
8.14	5.21	44
8.79	12.35	44
10.6	11.18	44
18.68	18.2	44
23.2	24.86	44
32.34	27.75	44
39.3	40.8	44
53.19	58.07	44
93.89	96.95	44
166.24	163.13	44
309.74	308.47	44
596.41	594.61	44
1146.24	1156.71	44
1690.77	1707.01	44
2254.97	2235.68	44
2804.73	2800.61	44
3323.96	3351.19	44
3909.57	3894.87	44
4442.41	4492.08	44
4926.76	5028.31	44
1.03	1.22	44
1.79	1.0	44
1.63	1.44	44
2.04	2.04	44
2.99	2.86	44
3.93	5.1	44
8.92	3.59	44
8.8	10.18	44
9.61	11.22	44
14.79	16.6	44
16.42	21.46	44
24.64	24.49	44
31.12	30.73	44
44.61	44.61	44
68.9	70.12	44
119.08	116.51	44
219.03	213.92	44
412.41	415.05	44
790.2	798.81	44
1532.69	1522.66	44
2290.02	2287.45	44
2980.16	2974.84	44
3690.79	3714.44	44
4458.35	4473.8	44
5163.62	5225.37	44
5964.83	5826.95	44
6656.45	6666.23	44
1.1	1.0	44
1.38	1.16	44
1.47	1.31	44
2.13	1.82	44
2.99	2.88	44
5.03	5.33	44
8.31	6.27	44
10.57	5.96	44
11.99	10.18	44
15.5	14.19	44
20.44	19.45	44
23.73	21.01	44
27.54	30.06	44
34.25	38.93	44
49.93	49.49	44
85.74	84.15	44
151.67	150.83	44
281.26	280.79	44
542.41	546.36	44
1035.44	1046.2	44
1536.59	1551.91	44
2059.23	2047.75	44
2485.54	2508.41	44
2962.85	3034.52	44
3527.82	3469.35	44
3979.18	3988.4	44
4496.81	4582.43	44
1.11	1.01	45
1.34	1.88	45
1.74	1.57	45
2.49	2.4	45
4.33	3.79	45
6.17	5.31	45
6.72	7.95	45
8.57	10.33	45
8.81	10.35	45
10.08	8.84	45
9.73	12.55	45
14.23	14.17	45
19.89	19.09	45
25.82	28.88	45
45.67	44.79	45
77.74	76.64	45
138.92	140.16	45
265.72	265.49	45
511.3	517.66	45
1020.18	992.45	45
1946.88	1953.97	45
2864.67	2867.36	45
3869.47	3870.32	45
4698.44	4821.71	45
5642.93	5704.13	45
6612.97	6747.16	45
7613.6	7686.72	45
8541.76	8525.85	45
1.11	0.97	45
1.36	1.25	45
1.71	1.61	45
2.64	2.54	45
4.13	3.59	45
5.07	5.12	45
8.47	8.47	45
7.71	9.91	45
10.75	9.33	45
11.67	11.33	45
12.71	13.3	45
16.04	14.86	45
21.0	24.41	45
34.22	33.96	45
60.09	61.27	45
110.66	111.24	45
214.14	212.49	45
415.35	414.09	45
810.59	819.36	45
1628.52	1616.16	45
3142.73	3139.46	45
4668.13	4689.6	45
6191.63	6266.97	45
7772.13	7794.53	45
9299.04	9354.64	45
10877.88	10819.55	45
12453.17	12434.07	45
14013.3	13955.52	45
1.13	0.99	45
1.36	1.2	45
1.79	1.66	45
2.6	2.48	45
4.36	4.36	45
6.75	5.8	45
7.16	7.96	45
9.5	7.63	45
10.65	8.46	45
11.11	8.17	45
12.27	9.08	45
14.88	14.8	45
19.0	18.83	45
27.32	28.11	45
42.16	41.63	45
71.54	71.39	45
129.16	128.59	45
245.32	241.77	45
471.3	465.58	45
929.67	933.99	45
1807.58	1781.55	45
2635.6	2676.53	45
3518.1	3533.94	45
4381.47	4396.06	45
5286.32	5258.11	45
6053.1	6165.57	45
7044.43	7021.46	45
7837.11	7716.28	45
1.02	1.0	45
1.26	1.15	45
1.77	1.65	45
2.55	2.38	45
3.86	3.32	45
4.58	5.55	45
7.81	8.63	45
10.0	9.93	45
10.18	10.0	45
10.14	9.73	45
12.72	9.38	45
15.2	12.83	45
17.22	20.09	45
32.49	32.36	45
55.0	57.2	45
104.17	103.12	45
198.98	196.71	45
385.88	384.34	45
760.15	760.72	45
1500.84	1500.46	45
2936.12	2933.9	45
4341.52	4380.83	45
5785.35	5807.36	45
7219.58	7226.68	45
8654.54	8628.7	45
10094.54	10032.79	45
11486.76	11487.0	45
12919.76	12954.54	45
2.4	1.05	46
1.24	1.31	46
1.77	1.66	46
2.42	2.37	46
3.89	3.74	46
5.85	6.32	46
8.22	7.95	46
9.07	9.08	46
8.77	9.86	46
9.73	10.03	46
13.26	11.88	46
14.88	13.6	46
21.47	19.65	46
30.81	32.13	46
51.53	53.59	46
94.78	96.11	46
180.86	179.43	46
338.44	328.97	46
682.39	652.91	46
1311.45	1306.02	46
2518.41	2566.43	46
3707.07	3796.64	46
4937.12	4983.53	46
6184.46	6187.78	46
7413.22	7472.4	46
8715.4	8728.46	46
9919.02	10019.59	46
11187.87	11043.91	46
1.07	1.13	46
1.94	1.26	46
1.71	1.76	46
2.74	2.72	46
3.89	4.24	46
5.98	6.54	46
6.6	8.33	46
9.47	8.45	46
7.5	8.01	46
11.53	8.95	46
11.7	7.84	46
14.08	15.2	46
20.93	20.76	46
31.43	29.7	46
50.76	51.25	46
95.18	91.16	46
174.39	174.76	46
333.92	338.76	46
706.25	698.5	46
1420.45	1414.97	46
2795.95	2785.47	46
4161.15	4139.36	46
5521.01	5507.89	46
6891.32	6909.54	46
8250.76	8255.97	46
9646.43	9614.87	46
11001.63	10986.63	46
12359.49	12393.14	46
1.04	1.02	46
1.18	1.29	46
1.65	1.58	46
2.48	2.71	46
3.59	3.82	46
6.21	6.21	46
8.59	6.04	46
7.52	8.27	46
10.03	9.12	46
10.64	8.72	46
10.5	10.95	46
16.13	15.36	46
20.44	20.56	46
30.71	31.75	46
51.21	51.39	46
89.05	91.63	46
170.36	173.92	46
329.14	330.79	46
657.29	652.43	46
1296.82	1282.82	46
2501.63	2504.74	46
3749.96	3704.22	46
4922.4	4912.69	46
6112.02	6095.45	46
7313.29	7326.46	46
8484.81	8572.32	46
9818.08	9812.1	46
11099.28	10871.3	46
1.07	1.08	46
1.25	1.28	46
1.71	1.61	46
2.43	2.63	46
4.04	3.76	46
6.0	5.92	46
5.75	7.42	46
8.95	8.11	46
10.93	10.49	46
11.35	10.86	46
12.03	12.68	46
15.53	12.54	46
21.89	20.75	46
32.03	30.75	46
53.01	51.99	46
93.62	93.47	46
178.67	176.78	46
341.12	341.34	46
687.14	685.22	46
1364.04	1370.98	46
2656.19	2662.81	46
3942.67	3944.52	46
5230.31	5232.17	46
6528.06	6515.41	46
7810.9	7799.01	46
9061.08	9081.41	46
10331.04	10349.7	46
11672.8	11643.88	46
1.23	1.04	47
1.31	1.28	47
1.83	1.61	47
2.54	2.42	47
4.01	3.64	47
6.3	5.52	47
7.54	6.52	47
9.25	8.22	47
7.69	9.77	47
8.34	12.08	47
10.89	10.64	47
16.55	15.28	47
18.74	19.59	47
29.93	29.94	47
54.08	52.12	47
94.4	94.97	47
173.77	173.48	47
346.0	337.41	47
673.01	671.74	47
1349.22	1353.8	47
2635.4	2640.64	47
3920.84	3931.37	47
5198.93	5198.81	47
6480.18	6478.57	47
7729.16	7762.57	47
9030.18	9020.59	47
10298.95	10321.58	47
11525.48	11533.6	47
