1.06	0.87	1
1.01	0.98	1
1.24	1.15	1
1.27	1.2	1
1.54	1.43	1
1.76	1.36	1
1.93	1.89	1
2.16	2.15	1
2.81	2.77	1
3.58	3.62	1
5.72	5.59	1
9.96	9.69	1
16.81	17.84	1
32.51	31.43	1
60.69	60.24	1
115.39	117.72	1
227.53	227.49	1
426.2	425.74	1
643.82	650.8	1
835.25	827.81	1
1046.02	1030.35	1
1250.73	1261.97	1
1478.12	1440.31	1
1652.34	1684.99	1
1882.83	1836.83	1
1.07	1.1	1
1.04	1.02	1
1.15	0.82	1
1.37	1.04	1
1.34	1.3	1
1.67	1.55	1
2.11	1.9	1
2.3	2.45	1
3.73	3.73	1
5.84	5.73	1
10.29	10.31	1
18.72	18.33	1
35.83	34.66	1
67.66	67.7	1
131.19	130.29	1
254.58	256.41	1
510.6	516.01	1
1003.44	995.05	1
1466.35	1473.73	1
1944.72	1956.21	1
2422.79	2425.0	1
2875.69	2888.23	1
3370.94	3371.65	1
3873.08	3815.0	1
4294.28	4340.05	1
1.17	1.04	1
1.16	1.04	1
1.17	1.0	1
1.36	1.16	1
1.43	1.41	1
1.61	1.63	1
2.07	1.97	1
2.08	2.21	1
2.83	2.92	1
3.89	3.6	1
5.41	5.37	1
8.93	8.87	1
15.3	15.23	1
28.52	28.14	1
52.6	49.74	1
97.09	94.44	1
186.36	178.75	1
358.11	342.14	1
521.16	516.68	1
706.39	708.66	1
854.01	850.26	1
1056.18	1000.86	1
1241.95	1159.98	1
1353.27	1367.89	1
1514.35	1526.81	1
0.98	0.95	1
1.14	1.12	1
1.21	1.08	1
1.24	1.14	1
1.28	1.4	1
1.76	1.74	1
2.19	2.28	1
2.57	2.45	1
3.55	3.52	1
5.63	5.45	1
9.69	9.43	1
17.57	17.13	1
32.89	33.66	1
64.24	63.53	1
124.37	123.48	1
244.39	246.7	1
486.26	486.58	1
948.41	949.44	1
1412.56	1385.76	1
1840.46	1862.28	1
2308.19	2311.46	1
2725.31	2749.32	1
3228.7	3217.47	1
3710.01	3647.26	1
4121.91	4109.31	1
1.04	1.02	2
1.14	1.02	2
1.32	1.09	2
1.19	1.25	2
1.41	1.44	2
2.36	1.55	2
1.93	1.84	2
2.62	2.53	2
3.97	3.67	2
5.62	6.65	2
10.24	9.82	2
19.0	18.93	2
34.72	34.85	2
69.13	67.97	2
130.75	134.84	2
260.8	257.09	2
510.07	518.68	2
994.68	1007.05	2
1476.62	1477.26	2
1987.12	1967.91	2
2465.04	2447.41	2
2930.78	2952.29	2
3390.07	3424.81	2
3897.79	3904.06	2
4432.44	4384.14	2
1.06	1.09	2
1.07	1.06	2
1.16	1.13	2
1.42	1.31	2
1.52	1.54	2
2.04	1.67	2
2.03	1.95	2
2.61	2.28	2
3.19	3.32	2
4.94	5.54	2
8.14	7.99	2
14.32	17.46	2
26.88	26.12	2
50.65	53.74	2
98.12	98.4	2
193.43	192.03	2
388.17	383.18	2
745.91	749.01	2
1110.72	1112.06	2
1466.2	1472.28	2
1822.55	1834.36	2
2191.56	2190.93	2
2563.78	2544.48	2
2941.11	2909.37	2
3272.61	3303.79	2
1.11	0.99	2
1.21	1.04	2
1.23	1.17	2
1.2	1.1	2
1.77	1.34	2
1.9	1.68	2
2.06	2.08	2
2.5	2.44	2
3.34	3.43	2
5.24	5.17	2
9.05	9.0	2
16.78	16.7	2
30.46	31.17	2
59.66	61.93	2
115.56	115.89	2
226.11	227.6	2
447.61	450.99	2
870.95	882.32	2
1290.67	1285.08	2
1705.1	1695.9	2
2114.28	2142.92	2
2549.76	2539.56	2
2943.03	2954.25	2
3390.81	3415.51	2
3817.44	3853.18	2
1.16	1.01	2
1.82	1.08	2
1.24	1.08	2
1.22	1.22	2
1.52	1.49	2
1.82	1.84	2
2.28	2.15	2
2.64	2.76	2
3.38	3.98	2
5.82	4.82	2
7.91	8.04	2
14.06	13.52	2
26.25	26.16	2
49.28	50.05	2
97.46	97.41	2
190.47	190.8	2
378.14	379.79	2
739.28	733.92	2
1093.46	1097.32	2
1449.1	1451.09	2
1804.51	1809.13	2
2163.1	2170.12	2
2524.64	2519.87	2
2880.75	2881.83	2
3256.83	3234.0	2
1.26	1.05	3
1.25	1.09	3
1.27	1.02	3
1.36	1.29	3
1.57	1.6	3
1.86	2.27	3
2.02	2.13	3
2.31	2.27	3
3.93	2.99	3
4.7	4.98	3
7.72	7.86	3
14.61	13.72	3
27.34	26.22	3
49.97	49.84	3
98.97	101.18	3
195.9	198.88	3
380.31	378.87	3
740.95	742.57	3
1097.85	1104.71	3
1457.06	1460.11	3
1815.05	1811.97	3
2168.82	3526.36	3
2538.47	2539.51	3
2910.96	2902.18	3
3248.19	3252.34	3
1.11	1.03	3
1.32	0.92	3
1.22	1.15	3
1.93	1.26	3
1.56	1.24	3
1.76	1.78	3
2.03	1.98	3
2.71	2.59	3
3.56	3.7	3
6.11	5.69	3
10.08	9.99	3
18.39	18.04	3
35.88	35.13	3
68.48	66.67	3
133.66	131.7	3
262.75	259.41	3
516.44	514.78	3
1000.89	996.97	3
1489.46	1484.26	3
1952.34	1969.1	3
2484.28	2470.71	3
2936.37	2938.15	3
3448.89	3466.47	3
3919.65	3898.26	3
4381.7	4387.19	3
1.1	0.96	3
1.03	0.98	3
1.12	1.62	3
1.27	1.38	3
1.54	1.45	3
2.04	1.85	3
2.36	2.3	3
2.68	2.65	3
3.48	3.99	3
5.04	4.89	3
10.51	7.98	3
13.87	13.99	3
26.01	25.84	3
49.73	49.63	3
97.28	96.97	3
197.2	190.87	3
378.82	377.62	3
735.22	736.41	3
1087.31	1089.39	3
1445.51	1448.53	3
1790.93	1802.98	3
2159.1	2164.78	3
2522.65	2523.37	3
2884.11	2877.01	3
3229.12	3233.24	3
1.16	1.04	3
0.99	1.78	3
1.08	1.11	3
1.39	1.43	3
1.41	1.45	3
1.7	1.68	3
2.06	1.99	3
2.36	2.42	3
3.71	3.39	3
5.24	5.5	3
8.91	8.91	3
16.18	16.84	3
30.83	31.08	3
59.24	60.29	3
117.02	116.3	3
229.19	226.87	3
446.82	451.43	3
862.61	881.64	3
1301.87	1278.23	3
1714.0	1717.91	3
2124.99	2133.01	3
2538.55	2563.97	3
2976.77	2980.73	3
3383.21	3377.32	3
3825.76	3836.04	3
1.17	1.59	4
1.32	1.03	4
1.14	1.08	4
1.26	1.12	4
1.43	1.37	4
1.64	1.57	4
2.11	1.88	4
2.6	2.56	4
3.66	3.64	4
6.07	6.01	4
10.13	10.02	4
18.78	19.26	4
34.64	35.48	4
67.92	69.29	4
131.08	132.94	4
261.83	255.27	4
512.28	505.18	4
993.41	981.6	4
1467.76	1473.14	4
1937.21	1943.38	4
2405.39	2430.27	4
2887.85	2857.32	4
3374.19	3356.72	4
3847.14	3881.6	4
4300.86	4346.47	4
1.35	0.96	4
1.17	1.19	4
1.0	1.87	4
1.5	1.37	4
1.38	1.38	4
1.59	1.54	4
1.91	1.79	4
2.08	1.97	4
2.6	2.86	4
3.76	3.87	4
6.45	6.16	4
9.97	9.99	4
17.29	18.7	4
31.68	31.37	4
63.95	61.44	4
115.28	114.69	4
222.55	221.2	4
442.56	436.48	4
637.58	657.34	4
837.66	851.82	4
1051.15	1047.55	4
1251.25	1251.15	4
1470.31	1459.55	4
1630.65	1700.92	4
1923.0	1978.83	4
1.16	1.04	4
1.11	1.07	4
1.17	1.12	4
1.34	1.25	4
1.49	1.56	4
1.89	1.91	4
2.77	2.02	4
2.58	2.38	4
3.43	3.56	4
5.63	5.7	4
9.51	9.28	4
17.17	17.36	4
33.17	32.67	4
64.65	63.66	4
124.43	122.25	4
245.91	247.71	4
482.44	478.63	4
935.36	948.33	4
1402.73	1398.2	4
1832.59	1850.91	4
2312.03	2300.48	4
2722.37	2768.37	4
3179.0	3179.4	4
3671.73	3639.01	4
4108.88	4077.9	4
1.24	1.1	4
1.24	1.09	4
1.4	1.2	4
1.17	1.34	4
1.61	1.63	4
1.58	1.66	4
1.86	1.88	4
3.2	2.87	4
2.85	2.92	4
3.93	3.69	4
5.63	5.55	4
8.75	8.88	4
15.45	15.57	4
28.21	27.83	4
53.13	51.96	4
95.53	94.97	4
183.0	181.47	4
364.22	355.41	4
517.94	511.77	4
681.58	680.08	4
855.79	860.21	4
1010.4	1057.86	4
1215.97	1180.73	4
1321.58	1338.15	4
1493.39	1483.48	4
1.23	1.05	5
1.27	1.17	5
1.32	1.33	5
1.28	1.64	5
1.6	1.65	5
1.67	1.82	5
2.1	1.94	5
2.41	2.51	5
3.22	3.19	5
4.4	4.27	5
7.0	6.69	5
12.24	12.0	5
22.27	21.51	5
42.16	41.01	5
78.22	79.0	5
145.91	150.75	5
293.35	296.63	5
563.47	554.94	5
831.34	836.16	5
1146.08	1097.78	5
1354.98	1339.49	5
1644.9	1661.58	5
1930.04	1908.76	5
2155.62	2183.47	5
2399.78	2414.56	5
1.11	1.15	5
1.24	1.11	5
1.35	1.26	5
1.3	1.51	5
1.67	1.68	5
1.96	2.24	5
2.49	2.74	5
3.1	3.08	5
4.28	4.61	5
7.19	7.16	5
12.75	12.16	5
22.74	22.86	5
44.35	43.63	5
85.42	84.41	5
164.2	164.43	5
327.37	326.31	5
645.93	652.12	5
1253.12	1260.16	5
1859.11	1881.66	5
2474.39	2471.2	5
3090.88	3102.01	5
3673.81	3686.95	5
4299.9	4299.87	5
4922.63	4877.25	5
5537.59	5564.91	5
1.1	0.96	5
1.76	1.08	5
1.33	1.37	5
1.7	1.38	5
1.94	1.48	5
1.95	1.83	5
2.17	2.34	5
2.38	2.3	5
3.11	3.22	5
4.49	4.09	5
7.11	6.39	5
10.63	11.14	5
18.68	19.16	5
37.57	35.91	5
65.69	64.79	5
122.55	124.19	5
238.07	240.03	5
446.04	456.2	5
685.92	686.06	5
879.59	896.02	5
1093.58	1100.8	5
1332.5	1316.63	5
1558.99	1650.66	5
1751.39	1736.0	5
1946.09	1967.14	5
1.12	1.05	5
1.34	1.65	5
1.38	1.19	5
1.51	1.37	5
1.59	1.76	5
2.35	2.18	5
2.64	2.54	5
3.59	3.72	5
4.91	4.78	5
7.44	7.18	5
13.22	12.52	5
22.88	22.65	5
43.36	43.54	5
84.35	85.23	5
166.83	168.52	5
327.1	328.96	5
654.73	652.48	5
1258.84	1269.15	5
1885.12	1878.44	5
2481.92	2494.26	5
3120.44	3107.25	5
3709.93	3719.23	5
4339.96	4333.31	5
4951.1	4960.69	5
5562.83	5552.15	5
1.12	1.12	6
1.1	1.05	6
1.43	1.37	6
1.34	1.43	6
1.5	1.5	6
2.02	1.85	6
2.2	2.31	6
2.79	2.95	6
3.95	4.0	6
6.28	6.54	6
11.19	11.54	6
19.62	20.39	6
38.92	38.89	6
75.25	72.34	6
144.13	143.45	6
289.26	284.98	6
549.78	572.33	6
1084.31	1086.1	6
1600.09	1616.57	6
2127.08	2163.05	6
2640.41	2625.54	6
3164.79	3197.64	6
3728.35	3672.51	6
4270.97	4195.72	6
4815.32	4784.86	6
1.19	1.16	6
1.16	1.19	6
1.38	1.43	6
1.49	1.48	6
1.78	1.61	6
1.99	1.87	6
2.27	2.27	6
2.93	2.79	6
4.0	4.92	6
7.05	6.99	6
10.41	10.54	6
19.62	19.24	6
35.73	36.78	6
69.89	70.76	6
135.52	135.44	6
269.52	269.84	6
533.9	533.36	6
1044.99	1045.64	6
1549.56	1542.83	6
2053.3	2055.89	6
2557.98	2555.2	6
3068.86	3074.18	6
3582.23	3572.18	6
4099.49	4093.78	6
4609.34	4600.68	6
1.11	1.2	6
1.23	1.32	6
1.34	1.3	6
1.54	1.49	6
1.68	1.64	6
2.07	2.15	6
2.32	2.3	6
2.9	2.69	6
4.19	4.04	6
5.91	6.16	6
9.82	9.9	6
18.2	17.56	6
32.66	32.6	6
62.98	62.24	6
122.11	124.08	6
239.88	237.91	6
464.14	463.31	6
897.73	902.05	6
1334.73	1330.38	6
1808.71	1813.55	6
2246.97	2257.25	6
2629.68	2649.38	6
3065.21	3064.93	6
3525.93	3534.44	6
3966.81	3962.97	6
1.16	1.16	6
1.3	1.26	6
1.31	2.45	6
1.51	1.43	6
1.71	1.92	6
2.31	2.19	6
2.77	2.72	6
3.92	3.16	6
4.39	5.19	6
7.04	6.48	6
11.68	11.63	6
20.37	20.41	6
38.05	38.48	6
73.38	73.21	6
143.86	143.57	6
282.33	281.98	6
564.87	558.46	6
1098.33	1098.33	6
1631.65	1628.18	6
2159.41	2163.81	6
2708.05	2702.92	6
3242.55	3243.2	6
3765.3	3770.23	6
4321.33	4319.76	6
4843.39	4860.29	6
1.15	1.06	7
1.04	1.19	7
1.37	1.38	7
1.71	1.64	7
1.65	1.77	7
1.96	2.14	7
2.56	2.47	7
2.97	2.73	7
3.79	3.84	7
6.33	6.07	7
9.71	10.02	7
18.34	17.43	7
33.09	32.51	7
61.99	63.67	7
121.61	122.79	7
238.37	238.73	7
481.64	476.99	7
924.83	925.83	7
1398.7	1384.27	7
1912.87	1908.03	7
2399.14	2406.09	7
2938.59	2919.09	7
3409.55	3437.37	7
3940.62	3936.55	7
4445.59	4435.23	7
1.74	1.18	7
1.22	1.33	7
2.16	1.32	7
1.53	2.03	7
1.59	2.15	7
1.78	1.88	7
2.06	2.56	7
2.82	2.8	7
3.77	4.06	7
6.55	6.57	7
11.09	11.62	7
20.35	20.88	7
38.74	38.98	7
73.07	76.47	7
142.38	144.5	7
281.47	285.0	7
565.72	562.05	7
1090.75	1081.37	7
1580.05	1607.35	7
2137.54	2117.32	7
2676.19	2660.99	7
3139.2	3265.24	7
3641.65	3693.76	7
4236.74	4300.77	7
4793.4	4748.67	7
1.79	1.2	7
1.16	1.41	7
1.23	1.36	7
1.52	1.47	7
1.79	1.7	7
2.27	2.07	7
2.84	2.68	7
3.32	3.65	7
4.27	4.48	7
6.27	6.42	7
11.01	11.04	7
20.32	19.99	7
36.75	36.85	7
70.12	70.68	7
139.2	137.02	7
274.08	273.52	7
542.54	543.1	7
1051.71	1049.08	7
1589.57	1580.56	7
2116.17	2111.91	7
2650.1	2646.51	7
3198.2	3184.47	7
3705.22	3698.25	7
4247.33	4230.41	7
4799.93	4771.97	7
1.11	1.03	7
1.22	1.35	7
1.25	1.34	7
1.35	1.43	7
1.53	1.56	7
1.73	2.04	7
2.15	2.9	7
2.71	2.6	7
3.74	3.85	7
5.91	5.95	7
9.87	9.76	7
18.04	18.08	7
33.17	33.15	7
63.03	63.69	7
121.48	121.34	7
235.3	235.59	7
462.91	460.11	7
902.01	905.1	7
1325.92	1364.83	7
1774.58	1755.93	7
2244.59	2203.36	7
2916.78	2630.17	7
3069.46	3086.87	7
3551.16	3530.34	7
3930.37	4014.35	7
1.06	1.18	8
1.37	1.25	8
1.06	1.21	8
1.52	1.33	8
1.74	1.8	8
1.89	2.23	8
2.62	2.61	8
3.46	3.09	8
4.42	4.67	8
8.07	7.11	8
12.2	12.45	8
22.15	22.85	8
44.0	43.47	8
84.26	83.85	8
165.02	163.96	8
325.46	326.29	8
646.15	645.7	8
1261.1	1256.52	8
1870.07	1868.35	8
2487.71	2476.43	8
3113.03	3111.67	8
3725.9	3717.23	8
4321.82	4342.47	8
4911.31	4936.19	8
5564.31	5552.71	8
0.96	1.2	8
1.22	1.85	8
1.7	1.5	8
1.48	1.31	8
1.42	1.6	8
1.73	1.76	8
2.05	1.98	8
2.54	2.49	8
3.23	3.26	8
4.32	4.55	8
6.9	6.81	8
12.06	12.26	8
22.01	22.09	8
40.52	42.03	8
78.92	78.84	8
148.41	153.26	8
294.68	291.76	8
545.25	557.93	8
825.53	830.31	8
1116.18	1069.96	8
1380.78	1421.33	8
1678.44	1612.7	8
1899.4	1960.53	8
2162.07	2212.82	8
2513.02	2478.61	8
1.03	1.27	8
1.02	1.33	8
1.42	1.33	8
1.46	1.5	8
1.75	1.74	8
1.99	2.25	8
2.69	2.85	8
3.23	2.95	8
4.67	5.19	8
7.23	7.04	8
12.72	12.82	8
22.49	22.66	8
43.98	43.76	8
84.32	85.54	8
164.83	164.8	8
329.32	327.83	8
650.05	650.52	8
1276.92	1265.69	8
1890.12	1884.54	8
2503.94	2511.04	8
3121.2	3108.25	8
3752.32	3737.82	8
4387.56	4359.85	8
5005.9	4993.77	8
5628.94	5587.91	8
1.18	1.21	8
1.11	1.15	8
1.33	1.2	8
1.4	1.81	8
1.57	1.55	8
1.92	1.84	8
2.21	2.25	8
2.64	2.68	8
3.27	3.21	8
4.64	4.54	8
6.67	6.47	8
10.78	10.76	8
19.32	18.65	8
34.77	36.48	8
65.12	64.6	8
125.41	124.07	8
240.94	235.77	8
460.48	453.85	8
698.2	664.42	8
878.82	898.73	8
1101.45	1086.64	8
1318.39	1342.72	8
1593.35	1538.4	8
1762.93	1731.28	8
1994.83	1970.89	8
1.05	1.18	9
1.39	1.22	9
1.71	1.71	9
2.08	2.12	9
2.43	2.12	9
2.44	2.5	9
2.79	3.13	9
4.39	3.72	9
4.84	4.45	9
7.1	7.24	9
11.93	11.87	9
20.95	21.57	9
38.03	37.54	9
70.32	72.39	9
135.64	137.51	9
264.83	259.88	9
518.48	510.39	9
764.04	763.56	9
992.26	1006.64	9
1202.77	1251.1	9
1468.7	1463.44	9
1696.27	1706.36	9
1974.28	1959.1	9
2220.49	2206.15	9
1.15	0.93	9
1.36	1.18	9
1.55	1.63	9
2.0	1.8	9
2.16	2.33	9
2.41	2.59	9
3.46	3.3	9
4.4	4.37	9
7.12	6.69	9
11.5	11.71	9
19.58	20.83	9
39.12	38.98	9
74.12	75.78	9
147.19	148.02	9
288.27	289.47	9
578.07	572.22	9
1110.34	1117.83	9
1663.24	1653.43	9
2201.31	2166.13	9
2722.31	2731.62	9
3237.81	3262.39	9
3781.78	3832.26	9
4303.19	4302.49	9
4901.99	4873.74	9
1.2	1.37	9
1.39	1.31	9
1.5	1.66	9
1.98	2.29	9
2.24	2.69	9
2.89	2.76	9
2.99	3.27	9
3.78	3.95	9
4.64	5.09	9
7.22	7.1	9
10.86	11.0	9
19.2	18.73	9
34.08	34.04	9
61.02	63.27	9
122.75	113.88	9
226.88	227.73	9
426.72	443.29	9
624.37	632.42	9
846.12	856.96	9
1043.66	1020.54	9
1248.75	1241.5	9
1416.11	1415.07	9
1637.16	1643.53	9
1830.0	1853.76	9
1.19	0.99	9
1.39	1.28	9
1.55	1.57	9
1.94	2.08	9
2.39	2.64	9
3.12	2.97	9
2.87	3.17	9
4.6	4.63	9
6.35	6.71	9
10.46	10.84	9
19.09	19.22	9
35.13	35.35	9
67.84	67.92	9
133.09	130.58	9
259.17	257.62	9
507.11	509.33	9
971.84	981.43	9
1462.78	1486.65	9
1958.72	1950.99	9
2405.91	2415.33	9
2880.31	2891.55	9
3344.71	3344.82	9
3799.35	3800.63	9
4292.27	4310.63	9
1.1	1.15	10
1.39	1.14	10
1.69	2.42	10
1.95	1.74	10
2.12	2.34	10
2.47	2.48	10
3.3	3.43	10
4.1	4.76	10
6.24	6.42	10
10.82	10.95	10
19.64	19.12	10
36.34	36.47	10
69.3	70.11	10
136.43	135.21	10
262.07	262.98	10
524.63	525.72	10
1005.61	1012.93	10
1490.21	1517.76	10
2013.89	1988.03	10
2498.43	2467.39	10
2973.31	2984.7	10
3471.78	3485.8	10
3935.34	3969.96	10
4524.38	4480.25	10
1.29	1.23	10
1.24	1.32	10
1.68	1.74	10
1.87	1.99	10
2.11	2.29	10
2.51	2.47	10
3.03	3.07	10
3.93	3.47	10
5.28	5.55	10
8.14	8.24	10
14.12	14.29	10
25.84	25.77	10
47.93	47.9	10
93.59	92.94	10
181.65	178.83	10
355.95	363.64	10
690.78	689.45	10
1027.28	1036.31	10
1346.25	1371.53	10
1676.85	1690.14	10
2048.29	2030.47	10
2357.82	2366.88	10
2711.38	2714.94	10
3020.19	3068.74	10
0.89	1.84	10
1.36	1.95	10
1.57	1.57	10
2.11	1.9	10
2.67	2.5	10
3.06	2.89	10
3.44	2.95	10
5.24	4.4	10
6.42	6.12	10
10.58	9.9	10
17.91	17.77	10
32.59	33.53	10
61.04	62.67	10
121.75	122.7	10
235.03	235.38	10
462.6	463.46	10
914.24	909.16	10
1324.71	1341.87	10
1761.03	1777.06	10
2216.98	2213.49	10
2604.86	2633.2	10
3080.03	3083.6	10
3483.47	3556.95	10
3924.01	3952.25	10
1.16	1.24	10
1.37	1.23	10
1.65	1.8	10
2.25	2.23	10
2.42	2.65	10
2.49	2.91	10
3.28	3.2	10
3.97	3.89	10
5.63	5.63	10
7.64	8.11	10
13.48	13.16	10
23.71	23.58	10
44.25	45.65	10
85.04	84.62	10
164.62	165.33	10
326.75	326.95	10
629.31	627.57	10
928.49	931.4	10
1241.13	1236.93	10
1537.4	1549.26	10
1837.55	1846.3	10
2450.78	2146.24	10
2456.9	2448.29	10
2753.77	2754.85	10
1.0	1.81	11
1.31	1.28	11
1.43	1.62	11
1.91	2.24	11
2.35	2.1	11
2.53	2.41	11
3.14	3.19	11
3.86	4.12	11
5.71	5.34	11
8.21	7.81	11
14.09	14.38	11
25.35	25.68	11
48.31	48.31	11
92.92	92.01	11
182.11	182.41	11
359.62	361.8	11
700.91	683.81	11
1041.71	1027.15	11
1389.71	1348.65	11
1698.27	1716.22	11
2057.81	2045.96	11
2385.15	2399.16	11
2731.28	2733.15	11
3091.63	3107.59	11
1.16	1.18	11
1.26	1.23	11
1.57	1.67	11
1.91	1.99	11
2.5	2.65	11
2.55	2.5	11
3.08	3.19	11
4.96	4.68	11
6.51	6.89	11
10.51	10.69	11
19.41	19.82	11
36.19	36.65	11
70.76	69.58	11
134.69	135.51	11
263.14	266.65	11
521.98	526.17	11
1001.5	1012.83	11
1506.19	1493.86	11
2005.43	2003.66	11
2487.79	2483.57	11
3001.23	2950.72	11
3486.17	3480.73	11
3950.15	4001.83	11
4469.53	4477.65	11
1.13	1.03	11
1.44	1.37	11
1.68	1.72	11
1.94	2.08	11
2.74	2.68	11
3.16	3.1	11
3.2	3.17	11
3.66	4.05	11
5.46	5.0	11
8.38	7.86	11
13.56	13.5	11
23.55	23.38	11
43.76	44.48	11
84.86	85.38	11
167.22	166.6	11
323.21	325.59	11
631.57	636.18	11
935.59	939.41	11
1246.27	1248.39	11
1563.61	1554.96	11
1884.66	1873.85	11
2180.45	2193.34	11
2503.09	2489.42	11
2812.99	2815.37	11
1.2	1.09	11
1.25	1.24	11
1.62	1.43	11
2.04	2.06	11
2.49	2.48	11
3.69	2.78	11
3.72	3.55	11
4.31	4.47	11
6.1	6.0	11
10.86	10.68	11
18.28	18.36	11
33.31	32.88	11
63.8	64.77	11
123.47	122.58	11
236.9	239.79	11
461.43	468.92	11
899.85	907.53	11
1344.42	1332.92	11
1754.68	1765.12	11
2178.39	2194.03	11
2625.09	2655.9	11
3075.31	3048.39	11
3505.29	3523.17	11
3944.52	3976.94	11
1.14	1.11	12
1.22	1.24	12
1.56	1.52	12
2.0	1.96	12
2.26	2.12	12
2.71	2.72	12
3.46	3.21	12
4.46	4.41	12
6.81	6.92	12
10.78	11.24	12
20.54	21.09	12
38.88	39.22	12
75.7	75.12	12
148.72	147.62	12
286.68	288.24	12
571.28	573.01	12
1118.94	1108.09	12
1673.54	1643.67	12
2206.28	2186.26	12
2769.99	2742.11	12
3243.17	3249.77	12
3752.81	3811.78	12
4293.66	4344.89	12
4915.11	4933.08	12
1.24	1.14	12
1.35	1.33	12
1.4	1.66	12
1.87	1.81	12
2.35	2.25	12
2.27	2.45	12
3.47	2.96	12
3.6	4.02	12
5.14	5.24	12
7.62	7.91	12
12.4	12.09	12
21.08	20.84	12
38.43	38.29	12
71.52	71.56	12
137.72	136.18	12
261.13	272.95	12
507.14	510.84	12
746.62	744.35	12
981.86	1006.35	12
1248.66	1244.36	12
1460.95	1471.57	12
1772.7	1752.14	12
1942.11	1982.2	12
2253.39	2224.05	12
1.16	1.1	12
1.14	1.47	12
1.62	1.48	12
2.17	2.12	12
2.81	2.85	12
2.87	2.69	12
3.41	3.49	12
4.45	4.19	12
6.69	6.31	12
10.73	11.26	12
18.81	18.76	12
35.9	35.35	12
66.86	67.68	12
132.24	127.67	12
258.68	258.84	12
508.11	508.83	12
985.6	974.33	12
1486.21	1454.99	12
1927.88	1943.42	12
2416.9	2416.36	12
2877.49	2867.61	12
3344.26	3328.12	12
3845.47	3834.85	12
4340.32	4323.26	12
1.13	1.14	12
1.25	1.2	12
1.64	1.51	12
2.11	2.06	12
2.35	2.75	12
2.94	3.18	12
3.44	2.87	12
3.71	3.78	12
4.92	4.67	12
7.56	6.97	12
11.02	11.17	12
20.27	19.54	12
34.13	34.15	12
66.02	63.88	12
119.47	120.63	12
228.61	232.55	12
448.62	468.4	12
636.15	650.11	12
860.37	887.88	12
1094.2	1072.92	12
1263.21	1328.14	12
1517.5	1496.54	12
1712.77	1764.34	12
1890.13	1911.18	12
0.83	0.83	13
1.05	0.97	13
1.14	1.16	13
1.35	1.63	13
1.86	1.58	13
2.19	1.97	13
2.16	2.56	13
2.22	2.23	13
2.5	2.33	13
2.6	2.92	13
3.13	2.82	13
3.1	3.59	13
4.82	4.86	13
6.53	6.25	13
9.7	10.34	13
17.13	16.07	13
34.21	29.47	13
66.4	69.1	13
137.23	104.65	13
282.24	202.3	13
557.97	397.69	13
1093.11	776.68	13
1641.92	1138.52	13
2185.23	1750.73	13
2706.31	1890.98	13
3277.87	2229.98	13
3762.85	2592.54	13
4368.7	3034.95	13
4825.82	3294.29	13
0.92	0.83	13
1.05	1.06	13
1.24	1.26	13
1.56	1.46	13
1.8	1.78	13
2.03	2.07	13
2.08	2.0	13
2.1	2.15	13
2.53	2.33	13
2.89	2.77	13
3.77	3.71	13
5.05	5.22	13
8.48	8.94	13
15.11	13.65	13
28.92	29.1	13
54.85	54.81	13
75.91	106.23	13
171.66	207.23	13
294.65	410.51	13
485.33	712.15	13
963.55	1405.21	13
2080.46	3169.77	13
2794.18	4721.46	13
3687.27	6293.82	13
4651.55	7848.61	13
5551.12	8068.76	13
6509.01	11001.69	13
7431.0	10815.33	13
8323.6	13990.28	13
0.88	0.86	13
0.99	1.08	13
1.28	1.13	13
1.58	1.55	13
1.66	1.9	13
2.01	1.96	13
2.06	2.05	13
2.06	2.19	13
2.46	2.47	13
2.59	2.81	13
3.56	3.0	13
3.84	3.7	13
5.32	5.31	13
7.93	7.7	13
12.51	11.26	13
23.37	17.73	13
43.54	30.88	13
79.91	62.51	13
148.78	105.88	13
290.79	204.88	13
569.58	407.4	13
1103.99	773.45	13
1654.39	1143.12	13
2149.27	1710.26	13
2693.61	1852.19	13
3189.9	2262.82	13
3662.84	2637.37	13
4262.39	2972.7	13
4742.87	3330.0	13
0.88	0.86	13
0.99	1.01	13
1.22	1.04	13
1.42	1.57	13
1.5	1.84	13
2.02	2.49	13
2.1	1.85	13
2.53	2.35	13
2.18	2.27	13
3.52	3.04	13
3.91	3.97	13
5.61	5.96	13
8.22	9.27	13
16.27	16.3	13
29.69	28.66	13
59.51	54.82	13
68.09	107.97	13
189.34	209.23	13
272.04	353.46	13
492.16	825.82	13
964.99	1188.4	13
2222.94	2746.8	13
2802.09	4070.98	13
3683.86	6289.91	13
4628.18	7824.08	13
5441.85	9372.2	13
6469.54	10909.54	13
7304.16	10790.8	13
8249.1	14024.61	13
1.0	1.02	14
1.09	1.11	14
1.35	1.32	14
1.54	2.28	14
2.03	1.79	14
2.0	1.98	14
2.06	2.21	14
2.55	2.38	14
2.31	2.41	14
2.8	2.57	14
3.02	3.14	14
4.15	4.05	14
5.22	5.29	14
8.64	8.05	14
14.82	14.01	14
26.12	24.77	14
49.37	50.26	14
93.04	89.35	14
181.37	173.91	14
359.82	344.41	14
774.56	672.93	14
1527.38	1303.9	14
2294.68	1950.4	14
3058.63	2569.53	14
3802.89	3203.22	14
4587.67	3827.07	14
5286.51	4468.76	14
6095.52	5093.88	14
6853.19	5756.13	14
1.04	0.98	14
1.04	1.03	14
1.42	1.31	14
1.53	1.59	14
2.4	1.91	14
1.93	1.91	14
2.75	2.31	14
2.37	2.41	14
2.2	2.42	14
3.02	3.06	14
3.55	3.7	14
5.22	5.35	14
8.38	8.42	14
12.18	13.85	14
25.01	24.81	14
47.62	47.19	14
57.76	92.57	14
116.85	180.91	14
290.08	358.06	14
418.01	605.58	14
1013.02	1413.85	14
1537.42	1947.18	14
2536.3	3502.03	14
3331.35	5428.18	14
3807.78	6766.87	14
4631.6	8123.17	14
5323.87	9462.32	14
6112.2	9222.38	14
6928.4	12163.99	14
0.95	0.97	14
1.21	1.16	14
1.33	1.38	14
1.48	1.53	14
1.68	1.76	14
1.98	2.06	14
2.16	2.49	14
2.48	2.41	14
2.38	2.46	14
2.73	2.92	14
3.52	3.04	14
4.19	4.09	14
6.02	6.08	14
9.35	9.46	14
16.56	15.28	14
30.34	26.49	14
57.21	47.78	14
111.96	92.53	14
210.02	174.16	14
427.45	343.16	14
802.46	665.16	14
1577.57	1378.59	14
2324.26	1928.46	14
3042.74	2602.14	14
3801.34	3209.01	14
4590.31	4054.61	14
5293.23	4496.01	14
6066.26	5119.73	14
6798.97	5751.15	14
0.94	0.88	14
1.03	1.1	14
1.3	1.33	14
1.64	1.67	14
1.7	1.76	14
2.37	2.02	14
2.32	2.24	14
2.38	2.37	14
2.78	2.39	14
3.18	2.99	14
3.84	3.96	14
5.27	5.47	14
8.83	8.74	14
14.92	14.76	14
27.21	26.05	14
51.66	48.39	14
72.04	81.41	14
116.08	179.77	14
310.9	355.57	14
431.07	612.01	14
947.37	1221.23	14
1689.94	2361.15	14
2643.97	4100.36	14
3482.21	5446.98	14
3999.11	6798.31	14
4778.21	7002.1	14
5531.61	9485.61	14
6369.08	10784.31	14
7241.71	12153.21	14
0.88	0.95	15
0.92	1.06	15
1.24	1.15	15
1.52	2.23	15
1.79	1.8	15
2.01	2.03	15
2.46	2.29	15
2.13	2.19	15
2.4	2.7	15
2.94	2.8	15
3.5	3.57	15
4.88	4.86	15
8.0	7.86	15
13.75	12.01	15
25.22	25.08	15
46.85	47.46	15
79.09	52.32	15
181.65	153.76	15
358.9	306.82	15
404.14	711.37	15
830.74	1415.83	15
1679.85	2769.55	15
2402.96	4099.55	15
3237.06	5457.73	15
3822.33	4806.42	15
4578.62	8131.87	15
5307.86	8070.59	15
6268.71	9239.73	15
6919.52	8567.1	15
0.98	0.96	15
0.95	0.98	15
1.17	1.29	15
1.49	1.58	15
1.82	1.85	15
2.04	2.19	15
2.06	1.96	15
2.17	2.21	15
2.17	2.32	15
2.84	2.73	15
3.05	3.99	15
3.74	4.14	15
5.54	5.01	15
8.3	8.29	15
14.58	13.52	15
25.39	24.42	15
52.76	46.68	15
104.22	90.73	15
208.64	179.67	15
410.67	377.13	15
819.99	686.52	15
1608.53	1334.42	15
2372.73	1989.04	15
3108.91	2651.2	15
3918.56	3282.41	15
4737.22	3937.73	15
5509.74	4597.67	15
6301.49	5233.45	15
7051.07	5871.19	15
0.93	0.97	15
1.06	1.08	15
1.46	1.27	15
1.44	1.57	15
2.9	1.85	15
2.2	2.17	15
2.18	2.12	15
2.51	2.38	15
2.77	3.49	15
2.96	2.94	15
3.77	3.76	15
5.37	5.42	15
8.84	8.48	15
14.65	15.07	15
27.51	25.56	15
44.72	41.93	15
100.12	91.32	15
196.94	181.29	15
383.46	307.69	15
430.86	514.26	15
862.59	1016.06	15
1754.08	2754.99	15
2520.19	4095.95	15
3315.26	5443.1	15
4014.91	6777.18	15
4762.4	8123.99	15
5542.36	8149.46	15
6375.77	10860.62	15
7197.92	12174.19	15
0.89	1.04	15
0.99	1.0	15
1.24	1.18	15
1.49	1.58	15
1.88	1.82	15
2.13	2.14	15
1.83	2.42	15
1.97	2.36	15
2.22	2.43	15
2.88	2.7	15
3.23	3.08	15
4.07	3.82	15
5.56	6.06	15
8.81	9.43	15
16.51	15.54	15
30.14	27.02	15
56.88	46.79	15
107.54	89.67	15
203.77	185.1	15
404.74	342.45	15
802.25	672.68	15
1540.11	1321.38	15
2309.6	1958.14	15
3042.39	2557.56	15
3783.45	3177.96	15
4561.7	3806.14	15
5308.27	4499.93	15
6059.67	5127.82	15
6744.59	5769.74	15
0.85	0.92	16
0.92	1.78	16
1.99	1.27	16
1.34	1.55	16
1.78	1.71	16
2.01	2.0	16
2.14	2.12	16
2.05	2.35	16
2.83	2.38	16
2.89	3.17	16
3.41	3.63	16
5.26	5.38	16
8.2	8.16	16
13.79	15.54	16
29.22	27.84	16
56.08	54.29	16
107.93	105.98	16
214.13	208.65	16
310.76	357.15	16
635.86	826.54	16
1117.5	1416.74	16
1977.4	3612.39	16
2823.33	4741.64	16
3765.7	5465.35	16
4792.37	6823.24	16
5635.58	8165.22	16
6515.01	9497.49	16
7425.56	12549.01	16
8430.53	14188.95	16
0.94	0.92	16
0.97	0.96	16
1.11	1.15	16
1.39	1.5	16
1.66	2.08	16
1.96	1.76	16
2.0	2.06	16
2.13	2.02	16
2.26	2.18	16
2.43	2.34	16
2.99	3.02	16
3.45	3.27	16
4.37	4.62	16
6.69	6.59	16
10.04	9.95	16
17.42	16.35	16
31.63	29.73	16
59.3	54.74	16
128.71	105.41	16
280.75	203.68	16
561.94	392.93	16
1101.01	895.45	16
1619.17	1484.62	16
2180.42	1508.55	16
2726.38	2172.6	16
3303.65	2559.5	16
3885.23	2566.59	16
4387.79	2955.29	16
4826.14	3348.82	16
0.89	0.89	16
0.88	0.95	16
1.11	1.73	16
1.46	1.53	16
1.63	1.57	16
1.97	1.95	16
2.06	2.13	16
2.16	2.57	16
2.51	2.37	16
3.2	3.06	16
3.9	3.59	16
5.35	5.73	16
9.17	9.12	16
14.46	15.73	16
30.03	25.8	16
59.7	55.27	16
114.26	106.95	16
227.93	209.68	16
243.56	415.36	16
665.15	816.55	16
1140.48	1635.24	16
1905.74	3189.85	16
2788.48	4723.28	16
3706.08	6251.97	16
4731.06	7817.64	16
5579.32	9442.85	16
6388.03	10979.14	16
7351.25	12448.86	16
8328.87	14037.07	16
0.94	0.92	16
0.97	1.12	16
1.07	1.24	16
1.46	1.73	16
1.72	1.86	16
1.79	1.98	16
2.13	2.16	16
2.21	2.08	16
2.37	2.39	16
2.68	2.71	16
3.37	3.0	16
3.54	3.9	16
5.12	5.74	16
7.82	7.81	16
12.74	11.27	16
23.03	18.71	16
43.97	31.01	16
83.33	62.83	16
156.52	105.19	16
289.45	230.35	16
574.79	454.08	16
1105.97	762.12	16
1646.61	1136.02	16
2149.25	1713.1	16
2673.57	2133.34	16
3226.92	2196.07	16
3759.11	2605.61	16
4222.63	3022.57	16
4788.75	3304.24	16
1.07	1.18	17
1.66	1.62	17
2.18	2.26	17
3.46	3.55	17
5.11	5.32	17
7.22	7.61	17
6.37	7.64	17
9.25	10.87	17
10.23	10.03	17
10.93	12.71	17
13.68	14.58	17
17.86	18.9	17
27.31	26.93	17
43.94	41.87	17
71.95	74.28	17
133.21	131.96	17
250.82	249.46	17
476.95	477.38	17
937.38	938.74	17
1809.85	1779.42	17
2728.51	2693.05	17
3602.8	3563.13	17
4447.99	4504.25	17
5333.76	5332.87	17
6287.38	6224.23	17
7094.37	7037.22	17
8135.7	7997.9	17
1.11	1.22	17
1.53	1.49	17
2.02	2.04	17
3.38	3.32	17
5.12	5.73	17
8.1	9.06	17
12.01	9.26	17
11.6	12.24	17
15.27	15.0	17
10.89	15.42	17
18.08	18.21	17
24.92	17.42	17
36.78	37.29	17
61.7	60.68	17
111.38	111.01	17
205.32	202.35	17
389.92	393.14	17
770.4	775.75	17
1527.93	1539.77	17
2987.24	2988.69	17
4424.85	4439.92	17
5887.84	5886.72	17
7331.87	7349.72	17
8814.44	8855.45	17
10286.77	10295.04	17
11693.97	11713.89	17
13195.52	13160.78	17
1.3	1.29	17
1.57	1.59	17
2.17	2.29	17
3.24	3.58	17
5.84	4.79	17
8.07	7.8	17
9.89	10.1	17
10.79	10.4	17
10.14	10.12	17
13.24	11.77	17
13.37	14.7	17
18.64	16.35	17
28.59	25.49	17
38.85	39.85	17
63.56	68.26	17
119.65	120.24	17
222.76	222.28	17
433.1	433.21	17
845.45	855.81	17
1651.35	1624.21	17
2425.45	2521.83	17
3225.08	3187.13	17
4019.76	4042.48	17
4819.11	4774.83	17
5660.14	5596.99	17
6304.83	6367.68	17
7205.75	7195.17	17
1.15	1.39	17
1.54	1.52	17
2.24	2.17	17
3.43	3.27	17
5.64	5.03	17
7.37	9.04	17
11.19	13.91	17
14.77	16.24	17
11.44	14.83	17
13.92	16.77	17
19.86	18.31	17
24.46	24.12	17
31.85	34.85	17
59.22	54.11	17
103.23	101.18	17
188.69	193.86	17
369.4	371.14	17
728.44	734.19	17
1448.38	1438.28	17
2819.67	2786.0	17
4151.27	4144.05	17
5517.3	5528.88	17
6867.68	6866.74	17
8243.37	8240.67	17
9538.6	9659.44	17
10974.66	10948.76	17
12308.71	12319.11	17
1.16	1.33	18
1.57	1.7	18
2.35	2.27	18
3.43	3.28	18
5.22	6.26	18
10.09	8.35	18
12.52	11.18	18
15.27	14.39	18
13.35	12.24	18
15.82	14.72	18
18.69	16.42	18
24.53	24.47	18
34.74	33.1	18
54.99	57.89	18
96.88	104.18	18
189.2	180.89	18
346.43	348.88	18
681.92	668.1	18
1365.07	1370.87	18
2603.61	2644.55	18
3905.57	3891.9	18
5178.24	5198.58	18
6502.06	6453.28	18
7750.94	7639.84	18
9082.77	8950.56	18
10255.72	10406.62	18
11610.57	11592.53	18
1.36	1.28	18
1.69	1.63	18
2.13	2.39	18
3.62	3.56	18
5.1	4.26	18
7.67	7.73	18
8.04	7.99	18
9.99	10.4	18
8.9	10.41	18
13.44	13.01	18
16.76	14.47	18
19.05	20.82	18
31.56	31.81	18
53.53	51.58	18
92.76	95.16	18
174.84	175.84	18
338.7	335.08	18
660.86	658.31	18
1296.3	1308.29	18
2552.91	2551.99	18
3790.36	3786.78	18
5025.95	5008.21	18
6264.17	6287.23	18
7494.43	7491.06	18
8750.78	8753.92	18
10040.06	9976.71	18
11217.28	11143.39	18
1.21	1.24	18
1.43	1.41	18
2.35	2.14	18
3.35	3.28	18
5.97	5.76	18
8.43	7.46	18
13.32	10.76	18
13.39	11.22	18
15.53	10.59	18
16.18	16.93	18
18.64	18.69	18
22.79	23.16	18
29.65	33.27	18
51.13	53.93	18
95.37	93.38	18
175.76	174.8	18
333.24	327.23	18
649.47	642.49	18
1295.0	1297.57	18
2492.73	2513.05	18
3708.53	3722.62	18
4899.6	4930.6	18
6077.32	6123.75	18
7285.98	7310.53	18
8544.51	8504.97	18
9725.8	9784.0	18
10911.73	10813.06	18
1.41	1.4	18
1.63	2.29	18
2.45	2.44	18
3.54	3.29	18
5.71	5.76	18
6.38	8.57	18
9.18	6.93	18
10.01	11.36	18
10.62	11.26	18
12.79	13.46	18
12.95	14.81	18
18.53	20.29	18
30.73	32.09	18
47.03	50.05	18
87.56	87.16	18
161.51	162.34	18
313.48	310.78	18
612.94	609.05	18
1218.15	1214.92	18
2385.54	2384.94	18
3533.18	3542.86	18
4687.2	4686.43	18
5810.17	5836.13	18
6950.61	6979.98	18
8136.69	8106.95	18
9259.01	9223.33	18
10446.34	10397.97	18
1.31	1.22	19
1.49	1.65	19
2.31	2.26	19
3.39	3.81	19
6.54	5.91	19
7.65	6.3	19
10.64	10.2	19
11.51	12.92	19
9.87	10.05	19
13.98	12.09	19
15.91	14.87	19
21.38	20.04	19
28.41	30.62	19
48.54	50.8	19
88.43	87.88	19
161.29	162.94	19
314.42	310.91	19
619.47	611.13	19
1252.38	1240.27	19
2477.16	2462.39	19
3718.85	3713.15	19
4939.08	4954.59	19
6154.72	6184.51	19
7405.38	7378.9	19
8627.69	8621.01	19
9875.2	9851.6	19
11088.09	11129.08	19
1.28	1.24	19
1.76	1.58	19
2.46	2.39	19
3.54	3.87	19
6.29	6.04	19
10.22	10.57	19
15.09	11.91	19
14.04	11.28	19
12.27	16.33	19
15.18	19.76	19
16.59	15.09	19
25.88	22.16	19
35.89	35.73	19
59.44	59.3	19
98.52	94.82	19
173.44	175.87	19
335.14	337.08	19
653.87	669.56	19
1344.14	1332.34	19
2590.59	2626.0	19
3914.69	3902.32	19
5121.38	5161.34	19
6478.74	6359.76	19
7708.97	7765.08	19
8944.88	8975.08	19
10247.34	10168.79	19
11584.31	11562.93	19
1.39	1.15	19
1.51	1.66	19
2.39	2.28	19
3.47	3.73	19
5.32	4.91	19
6.53	8.38	19
8.78	9.76	19
11.97	10.73	19
10.73	11.82	19
12.73	12.94	19
13.54	12.81	19
21.61	19.75	19
29.58	28.31	19
46.09	48.96	19
88.59	89.29	19
166.81	164.07	19
319.81	316.25	19
619.9	615.53	19
1224.52	1229.8	19
2363.36	2365.76	19
3537.5	3506.17	19
4651.09	4643.31	19
5785.85	5787.4	19
6944.93	6943.11	19
8080.34	8052.35	19
9201.71	9244.86	19
10323.71	10356.24	19
1.25	1.11	19
1.66	1.61	19
2.29	2.26	19
3.55	3.5	19
5.87	5.38	19
9.26	9.25	19
11.4	13.03	19
15.33	11.14	19
11.75	13.01	19
14.33	15.61	19
20.18	19.06	19
28.04	23.26	19
31.88	36.19	19
58.22	54.8	19
96.47	96.51	19
181.07	177.99	19
340.79	330.34	19
658.59	653.44	19
1269.13	1296.96	19
2464.77	2508.63	19
3693.08	3657.9	19
4959.47	4868.73	19
6034.24	6119.68	19
7247.8	7310.21	19
8531.66	8458.61	19
9663.74	9759.03	19
10990.39	10851.06	19
1.08	1.22	20
1.44	1.77	20
2.34	2.35	20
3.61	3.88	20
6.07	6.19	20
9.09	9.69	20
12.37	14.77	20
15.7	12.94	20
16.32	14.63	20
15.22	16.89	20
22.48	20.93	20
25.47	28.26	20
36.8	36.02	20
56.89	62.66	20
109.6	112.08	20
208.19	203.47	20
393.89	394.32	20
776.18	773.42	20
1518.04	1525.13	20
3009.83	3006.48	20
4490.07	4479.25	20
5970.07	5950.72	20
7410.51	7415.18	20
8926.05	8920.94	20
10374.22	10320.05	20
11829.71	11879.07	20
13348.93	13303.1	20
1.18	1.37	20
1.55	1.8	20
2.31	2.16	20
3.44	3.66	20
5.28	4.78	20
8.22	7.04	20
8.92	11.16	20
9.13	9.5	20
11.17	8.62	20
10.86	12.39	20
13.85	14.6	20
19.6	18.95	20
27.52	26.37	20
42.24	42.86	20
73.65	72.28	20
136.47	132.94	20
257.56	251.11	20
486.68	488.71	20
973.85	958.66	20
1833.71	1826.76	20
2727.31	2683.53	20
3643.08	3647.84	20
4495.76	4486.42	20
5445.55	5395.06	20
6234.31	6320.8	20
7176.24	7233.92	20
8023.97	7987.57	20
1.12	1.19	20
1.55	1.53	20
2.87	2.24	20
3.63	3.38	20
5.35	4.77	20
8.67	8.46	20
11.84	11.59	20
13.33	11.56	20
12.18	12.47	20
15.5	15.45	20
17.95	20.27	20
21.21	23.58	20
36.62	29.57	20
56.14	59.64	20
102.52	101.95	20
190.36	190.68	20
375.24	372.62	20
728.1	724.14	20
1451.14	1454.03	20
2836.27	2841.11	20
4183.93	4185.95	20
5548.16	5572.03	20
6966.16	6913.64	20
8225.07	8512.11	20
9675.43	9613.57	20
11010.51	11017.79	20
12415.69	12407.16	20
1.13	1.16	20
1.46	1.63	20
2.16	2.33	20
3.75	3.68	20
5.63	5.63	20
9.06	7.12	20
8.39	8.43	20
10.64	9.95	20
11.01	12.23	20
11.64	12.99	20
11.7	11.89	20
19.28	17.43	20
24.94	23.58	20
41.9	39.94	20
66.71	68.13	20
119.71	120.17	20
222.11	223.53	20
432.46	433.28	20
854.32	847.26	20
1666.06	1651.57	20
2493.37	2459.87	20
3300.73	3259.03	20
4012.84	4047.78	20
4778.54	4836.83	20
5620.16	5653.54	20
6469.57	6451.33	20
7311.0	7191.89	20
0.91	1.0	21
1.04	1.17	21
1.31	1.42	21
1.96	2.11	21
2.85	2.65	21
3.98	4.96	21
5.25	8.89	21
5.45	7.15	21
11.73	10.93	21
12.94	14.3	21
18.46	19.25	21
29.64	29.56	21
48.54	51.41	21
78.36	77.11	21
114.49	106.82	21
154.7	157.28	21
232.89	241.55	21
369.43	367.02	21
667.03	668.02	21
1239.6	1231.04	21
1752.35	1796.44	21
2276.57	2358.0	21
2877.1	2858.91	21
3455.96	3438.73	21
3970.31	3946.17	21
4556.95	4593.64	21
5141.8	5017.58	21
0.89	0.93	21
1.01	1.0	21
1.41	1.33	21
1.67	1.86	21
2.63	2.89	21
4.82	4.8	21
6.14	4.09	21
6.94	8.69	21
11.08	8.11	21
15.36	14.76	21
22.74	22.71	21
31.62	33.71	21
56.12	54.61	21
87.29	84.4	21
132.55	127.22	21
183.56	190.03	21
301.23	295.39	21
499.72	493.16	21
910.32	917.16	21
1699.63	1727.4	21
2509.96	2475.5	21
3232.07	3254.68	21
4035.49	4022.71	21
4812.92	4843.59	21
5627.71	5648.86	21
6341.35	6464.17	21
7249.59	7191.03	21
0.96	1.06	21
1.06	1.12	21
1.33	1.56	21
1.87	2.04	21
2.94	3.17	21
4.79	4.98	21
7.93	7.26	21
10.39	10.9	21
9.34	12.88	21
15.16	12.97	21
19.23	18.01	21
31.95	34.35	21
44.76	51.94	21
75.03	73.58	21
107.86	105.19	21
136.63	144.3	21
208.05	211.32	21
341.83	337.56	21
609.27	595.63	21
1113.82	1094.83	21
1583.83	1600.91	21
2098.55	2137.28	21
2618.16	2607.3	21
3084.14	3113.31	21
3526.95	3573.1	21
4098.51	4031.51	21
4560.42	4610.26	21
0.98	0.92	21
1.01	1.28	21
1.31	1.52	21
1.91	1.8	21
2.59	2.73	21
4.75	4.97	21
6.38	8.11	21
4.72	7.22	21
13.93	12.57	21
15.79	12.56	21
17.22	19.33	21
31.27	34.02	21
52.56	57.16	21
86.41	79.97	21
119.78	116.15	21
175.08	178.55	21
276.37	281.93	21
487.13	480.36	21
877.95	868.83	21
1602.13	1570.73	21
2342.75	2312.58	21
3063.06	3024.19	21
3829.27	3730.48	21
4437.2	4486.58	21
5202.4	5206.31	21
5879.51	5894.99	21
6772.14	6596.38	21
0.99	1.02	22
1.14	1.16	22
1.3	1.34	22
1.96	1.89	22
3.07	2.83	22
4.8	4.3	22
7.43	7.88	22
6.12	11.4	22
11.43	11.22	22
15.78	14.41	22
21.39	19.86	22
32.06	32.54	22
50.98	52.87	22
86.93	86.38	22
129.14	133.8	22
180.16	187.22	22
285.16	286.22	22
494.6	503.94	22
912.64	904.31	22
1691.73	1678.38	22
2473.64	2447.01	22
3216.18	3216.2	22
4054.84	4047.84	22
4814.52	4816.27	22
5642.43	5620.1	22
6360.05	6421.99	22
7152.89	7124.91	22
0.87	0.94	22
1.2	1.18	22
1.47	1.51	22
2.0	2.03	22
2.7	2.77	22
4.88	4.15	22
6.72	7.05	22
6.93	8.86	22
9.02	10.51	22
13.87	12.02	22
19.63	17.52	22
32.59	29.47	22
51.23	50.12	22
76.13	77.02	22
111.12	107.48	22
155.66	158.81	22
229.0	226.6	22
375.91	382.84	22
686.76	673.17	22
1225.67	1250.34	22
1784.92	1803.49	22
2343.91	2322.4	22
2899.57	2906.0	22
3431.05	3471.41	22
4028.14	4038.78	22
4536.44	4479.2	22
5087.76	5098.48	22
0.98	0.95	22
1.14	1.91	22
1.34	1.53	22
1.99	1.96	22
2.76	2.92	22
4.15	4.9	22
4.46	8.72	22
6.03	11.21	22
10.57	11.0	22
11.47	12.83	22
19.46	18.83	22
31.15	34.5	22
51.21	51.34	22
87.57	81.29	22
118.35	119.98	22
181.35	174.54	22
272.45	273.37	22
456.82	464.45	22
848.86	849.35	22
1578.67	1586.57	22
2288.32	2287.06	22
2997.81	2987.37	22
3755.2	3746.61	22
4518.98	4464.23	22
5147.48	5122.28	22
5833.5	5899.03	22
6533.43	6596.91	22
0.94	0.97	22
1.14	1.17	22
1.65	1.73	22
1.9	2.69	22
3.0	2.92	22
4.54	4.5	22
6.42	9.41	22
8.71	8.76	22
12.18	8.64	22
19.35	14.45	22
16.38	21.16	22
32.33	34.2	22
50.91	49.71	22
91.54	101.21	22
111.34	116.32	22
150.89	149.28	22
224.63	214.48	22
367.45	358.82	22
639.55	624.67	22
1118.27	1125.79	22
1619.75	1618.19	22
2165.58	2124.97	22
2584.4	2578.94	22
3097.1	3050.72	22
3619.19	3579.69	22
4195.62	4144.91	22
4490.48	4567.42	22
0.96	0.94	23
1.18	1.09	23
1.29	1.33	23
1.92	2.04	23
2.89	3.43	23
5.28	5.09	23
5.43	8.26	23
7.99	9.38	23
12.03	8.22	23
12.55	12.73	23
20.42	19.37	23
33.69	26.25	23
49.58	48.44	23
75.06	79.3	23
111.21	110.35	23
158.47	160.53	23
236.47	228.54	23
385.4	372.22	23
680.37	666.8	23
1237.33	1223.36	23
1786.83	1794.39	23
2372.38	2341.06	23
2889.42	2891.42	23
3447.4	3467.63	23
3988.72	3991.22	23
4607.27	4588.11	23
5116.92	5045.08	23
1.0	1.06	23
0.97	1.11	23
1.26	1.33	23
1.77	1.89	23
2.84	2.68	23
4.59	4.66	23
7.78	6.55	23
12.41	8.27	23
12.6	9.91	23
12.19	12.5	23
22.2	22.37	23
33.56	32.55	23
54.5	50.88	23
89.49	88.67	23
129.32	131.77	23
193.05	189.33	23
292.11	292.58	23
490.66	513.84	23
905.55	906.22	23
1709.74	1698.15	23
2520.33	2454.76	23
3292.7	3293.03	23
4089.1	4077.45	23
4815.72	4813.66	23
5682.84	5643.18	23
6494.14	6376.99	23
7224.17	7234.06	23
0.99	0.93	23
0.97	1.71	23
1.28	1.34	23
2.02	1.92	23
2.75	3.07	23
4.58	4.06	23
7.54	5.56	23
8.44	13.47	23
11.31	10.18	23
15.6	15.22	23
20.03	15.36	23
31.42	30.26	23
45.69	46.86	23
72.56	77.52	23
111.33	104.04	23
145.14	144.2	23
219.75	214.24	23
353.78	357.82	23
620.66	629.72	23
1136.01	1126.54	23
1610.87	1643.24	23
2134.47	2105.07	23
2624.08	2618.43	23
3176.45	3121.23	23
3607.98	3632.97	23
4070.93	4049.68	23
4548.7	4546.18	23
0.93	0.96	23
0.99	1.16	23
1.22	1.29	23
1.86	1.86	23
2.82	2.8	23
3.73	4.67	23
4.64	6.45	23
11.07	5.68	23
11.14	12.4	23
15.66	14.76	23
21.17	23.28	23
33.77	33.7	23
55.66	47.1	23
83.52	85.2	23
124.08	123.94	23
174.14	178.41	23
266.68	272.71	23
463.73	468.02	23
848.48	851.13	23
1577.05	1564.95	23
2281.3	2293.92	23
2974.44	3044.65	23
3758.94	3756.68	23
4483.45	4480.57	23
5172.88	5247.59	23
5989.83	5970.3	23
6601.12	6621.16	23
1.01	0.98	24
1.16	1.08	24
1.26	1.33	24
1.95	1.93	24
2.7	2.66	24
4.73	4.06	24
7.13	6.06	24
7.75	6.92	24
12.87	10.54	24
14.24	15.01	24
22.02	16.87	24
30.22	33.16	24
55.54	50.16	24
84.74	83.71	24
129.34	130.17	24
187.47	180.74	24
287.3	280.65	24
498.86	491.48	24
918.68	903.41	24
1692.5	1717.93	24
2495.32	2482.47	24
3243.23	3255.96	24
4064.99	4040.78	24
4825.76	4816.73	24
5630.27	5627.21	24
6399.02	6424.42	24
7134.7	7242.5	24
1.07	0.92	24
1.13	1.09	24
1.24	1.36	24
1.85	1.92	24
3.06	2.86	24
5.07	5.46	24
8.62	6.47	24
6.99	9.43	24
8.86	11.49	24
15.53	14.42	24
17.56	22.89	24
31.51	33.2	24
45.46	45.72	24
75.42	73.74	24
104.24	109.47	24
142.65	149.71	24
232.42	224.66	24
378.32	373.83	24
672.67	671.32	24
1227.13	1221.16	24
1807.87	1779.7	24
2329.97	2328.62	24
2848.07	2929.18	24
3455.34	3466.07	24
3972.15	3992.03	24
4515.86	4505.63	24
5049.48	5168.33	24
0.93	0.9	24
1.04	1.11	24
1.41	1.26	24
1.81	1.8	24
2.63	2.43	24
3.85	4.74	24
8.73	4.93	24
6.17	4.95	24
8.77	11.28	24
12.11	12.51	24
21.99	18.35	24
33.02	30.52	24
51.61	48.97	24
87.11	84.19	24
127.08	127.34	24
176.03	186.71	24
280.64	278.99	24
480.54	480.91	24
854.1	873.74	24
1600.15	1611.03	24
2336.03	2307.34	24
3104.06	3077.48	24
3807.83	3765.7	24
4518.24	4482.75	24
5204.64	5144.96	24
5938.58	5926.36	24
6671.93	6643.07	24
0.99	0.96	24
1.04	1.09	24
1.4	1.21	24
1.92	1.92	24
3.25	2.75	24
4.18	4.44	24
6.67	6.01	24
10.2	6.82	24
11.33	8.81	24
12.18	17.37	24
20.75	21.37	24
26.18	30.73	24
44.61	46.92	24
79.5	73.17	24
105.7	106.27	24
146.03	142.58	24
213.89	212.21	24
338.42	342.65	24
596.85	602.99	24
1100.83	1087.04	24
1599.22	1612.17	24
2098.13	2122.87	24
2631.34	2588.56	24
3111.59	3053.83	24
3525.02	3613.07	24
4161.48	3976.5	24
4559.89	4600.55	24
1.1	1.12	25
1.19	1.2	25
1.28	1.14	25
1.18	1.17	25
1.75	1.26	25
1.32	1.29	25
1.68	1.94	25
1.79	1.54	25
2.02	1.94	25
2.28	2.27	25
3.45	3.26	25
4.64	4.46	25
7.83	7.58	25
13.99	12.65	25
25.74	23.71	25
46.95	44.22	25
92.02	84.65	25
180.15	164.64	25
340.66	317.14	25
680.68	609.13	25
1012.87	998.59	25
1340.12	1227.55	25
1675.79	1511.1	25
1992.28	1815.47	25
2361.45	2092.17	25
2630.97	2503.83	25
3124.84	2823.97	25
1.04	1.06	25
1.05	1.18	25
1.22	1.19	25
1.2	1.03	25
1.26	1.11	25
1.13	1.31	25
1.66	1.38	25
1.73	1.89	25
2.0	2.03	25
2.73	2.77	25
3.88	3.88	25
5.66	5.73	25
10.63	8.84	25
19.76	14.83	25
36.84	25.6	25
69.03	46.08	25
136.69	86.15	25
268.58	168.95	25
529.42	319.83	25
1031.54	628.41	25
1347.91	924.28	25
2028.09	1234.07	25
2526.21	1545.07	25
2998.05	1837.65	25
3540.91	2139.53	25
4007.91	2502.43	25
4238.55	2709.59	25
0.93	0.98	25
1.09	1.08	25
1.07	1.01	25
1.07	1.19	25
1.64	1.23	25
1.38	1.24	25
1.7	1.84	25
1.97	2.04	25
3.35	2.98	25
4.63	4.3	25
8.51	7.97	25
14.55	15.29	25
29.22	21.78	25
55.23	53.31	25
95.82	105.05	25
211.55	179.32	25
416.99	393.11	25
740.75	788.72	25
1658.02	1564.14	25
3237.86	2724.58	25
4261.54	4539.8	25
5645.9	6009.64	25
8034.6	7481.5	25
8473.97	8955.9	25
11141.1	10664.74	25
11295.07	11975.94	25
12632.62	13411.28	25
