1.06	1.24
1.01	0.96
1.24	1.12
1.27	1.23
1.54	1.4
1.76	1.56
1.93	1.92
2.16	2.0
2.81	2.81
3.58	3.79
5.72	5.74
9.96	10.02
16.81	17.66
32.51	32.67
60.69	62.14
115.39	118.27
227.53	221.23
426.2	436.26
643.82	633.14
835.25	829.42
1046.02	1066.4
1250.73	1268.54
1478.12	1476.74
1652.34	1653.5
1882.83	1859.66
1.07	1.04
1.04	1.19
1.15	1.05
1.37	1.2
1.34	1.48
1.67	1.73
2.11	1.95
2.3	2.66
3.73	3.81
5.84	5.87
10.29	9.89
18.72	18.67
35.83	35.52
67.66	68.2
131.19	131.56
254.58	260.63
510.6	507.25
1003.44	982.89
1466.35	1463.34
1944.72	1937.54
2422.79	2413.9
2875.69	2888.34
3370.94	3377.27
3873.08	3938.53
4294.28	4300.41
1.17	1.1
1.16	1.03
1.17	1.35
1.36	1.39
1.43	1.38
1.61	1.62
2.07	1.96
2.08	2.52
2.83	2.79
3.89	3.65
5.41	5.4
8.93	9.0
15.3	15.46
28.52	27.22
52.6	50.48
97.09	93.93
186.36	188.54
358.11	346.28
521.16	531.66
706.39	696.9
854.01	855.36
1056.18	998.91
1241.95	1188.82
1353.27	1333.77
1514.35	1507.65
0.98	1.18
1.14	1.15
1.21	1.12
1.24	1.25
1.28	1.54
1.76	1.68
2.19	2.4
2.57	2.72
3.55	3.9
5.63	6.02
9.69	9.7
17.57	17.04
32.89	32.65
64.24	63.26
124.37	124.87
244.39	246.71
486.26	483.29
948.41	938.82
1412.56	1406.49
1840.46	1860.2
2308.19	2285.02
2725.31	2750.45
3228.7	3224.08
3710.01	3656.87
4121.91	4105.3
1.04	1.21
1.14	1.2
1.32	1.25
1.19	1.38
1.41	1.48
2.36	1.85
1.93	1.96
2.62	2.44
3.97	3.58
5.62	5.76
10.24	9.84
19.0	18.35
34.72	35.64
69.13	67.82
130.75	133.24
260.8	255.4
510.07	518.8
994.68	979.57
1476.62	1466.04
1987.12	1949.79
2465.04	2413.87
2930.78	2860.41
3390.07	3385.04
3897.79	3831.63
4432.44	4300.13
1.06	1.19
1.07	1.2
1.16	1.2
1.42	1.4
1.52	1.53
2.04	1.76
2.03	2.25
2.61	3.43
3.19	5.58
4.94	9.07
8.14	17.02
14.32	31.91
26.88	64.32
50.65	101.42
98.12	162.63
193.43	277.62
388.17	518.4
745.91	1306.81
1110.72	1247.15
1466.2	1914.92
1822.55	1942.18
2191.56	2370.22
2563.78	4195.06
2941.11	3204.19
3272.61	3318.32
1.11	1.11
1.21	1.12
1.23	1.24
1.2	1.38
1.77	1.47
1.9	1.97
2.06	2.04
2.5	2.65
3.34	3.86
5.24	5.78
9.05	9.68
16.78	20.06
30.46	34.7
59.66	66.14
115.56	128.46
226.11	251.12
447.61	500.69
870.95	979.65
1290.67	1448.87
1705.1	1907.97
2114.28	2382.45
2549.76	2836.33
2943.03	3340.45
3390.81	3780.35
3817.44	4262.77
1.16	1.08
1.82	1.1
1.24	1.23
1.22	1.42
1.52	1.51
1.82	1.91
2.28	2.35
2.64	3.53
3.38	5.62
5.82	9.63
7.91	17.46
14.06	29.78
26.25	58.67
49.28	103.41
97.46	182.8
190.47	284.67
378.14	443.05
739.28	1210.38
1093.46	1261.57
1449.1	1945.33
1804.51	1916.48
2163.1	2346.54
2524.64	2810.38
2880.75	3143.06
3256.83	3289.41
1.26	1.12
1.25	1.14
1.27	1.12
1.36	1.25
1.57	1.35
1.86	1.76
2.02	2.29
2.31	3.25
3.93	5.21
4.7	8.94
7.72	16.82
14.61	31.6
27.34	57.77
49.97	108.0
98.97	175.4
195.9	312.15
380.31	600.46
740.95	1631.21
1097.85	1275.79
1457.06	1534.53
1815.05	1867.23
2168.82	3599.28
2538.47	2655.83
2910.96	3371.76
3248.19	3422.49
1.11	1.12
1.32	1.09
1.22	1.19
1.93	1.3
1.56	1.52
1.76	1.6
2.03	1.86
2.71	2.43
3.56	3.43
6.11	5.56
10.08	10.24
18.39	17.71
35.88	35.09
68.48	67.67
133.66	128.24
262.75	259.04
516.44	509.76
1000.89	982.36
1489.46	1463.76
1952.34	1923.47
2484.28	2431.82
2936.37	2967.43
3448.89	3330.03
3919.65	3914.64
4381.7	4336.01
1.1	1.08
1.03	1.62
1.12	1.09
1.27	1.19
1.54	1.48
2.04	2.12
2.36	2.48
2.68	3.6
3.48	5.54
5.04	9.6
10.51	17.66
13.87	33.68
26.01	66.41
49.73	132.07
97.28	216.81
197.2	318.16
378.82	601.51
735.22	779.41
1087.31	1167.82
1445.51	2355.55
1790.93	2968.17
2159.1	2272.59
2522.65	2647.67
2884.11	3650.47
3229.12	5262.37
1.16	1.12
0.99	1.12
1.08	1.16
1.39	1.34
1.41	1.6
1.7	1.81
2.06	2.57
2.36	2.54
3.71	3.72
5.24	5.64
8.91	9.54
16.18	18.44
30.83	34.7
59.24	65.83
117.02	127.82
229.19	247.11
446.82	505.42
862.61	964.01
1301.87	1422.1
1714.0	1926.02
2124.99	2400.93
2538.55	2849.33
2976.77	3325.54
3383.21	3799.1
3825.76	4298.05
1.17	1.14
1.32	1.16
1.14	1.14
1.26	1.43
1.43	1.26
1.64	2.29
2.11	2.15
2.6	2.78
3.66	3.66
6.07	5.83
10.13	10.05
18.78	18.79
34.64	35.7
67.92	67.86
131.08	131.07
261.83	257.96
512.28	504.62
993.41	987.1
1467.76	1459.11
1937.21	1943.89
2405.39	2416.92
2887.85	2886.89
3374.19	3374.95
3847.14	3826.64
4300.86	4326.3
1.35	1.11
1.17	1.36
1.0	1.2
1.5	1.22
1.38	1.53
1.59	1.68
1.91	1.95
2.08	1.98
2.6	2.65
3.76	3.96
6.45	5.83
9.97	9.92
17.29	17.43
31.68	32.4
63.95	60.76
115.28	115.4
222.55	223.14
442.56	436.02
637.58	629.75
837.66	851.0
1051.15	1045.23
1251.25	1235.29
1470.31	1461.73
1630.65	1662.97
1923.0	1820.96
1.16	1.0
1.11	1.02
1.17	1.13
1.34	1.05
1.49	1.95
1.89	1.8
2.77	2.27
2.58	2.65
3.43	3.66
5.63	5.69
9.51	9.57
17.17	17.32
33.17	33.31
64.65	63.56
124.43	123.54
245.91	246.09
482.44	480.72
935.36	936.49
1402.73	1396.49
1832.59	1855.68
2312.03	2289.1
2722.37	2739.35
3179.0	3205.01
3671.73	3674.0
4108.88	4071.77
1.24	1.72
1.24	1.14
1.4	1.16
1.17	1.26
1.61	1.46
1.58	1.72
1.86	1.91
3.2	2.27
2.85	3.12
3.93	4.28
5.63	5.53
8.75	9.45
15.45	14.86
28.21	27.52
53.13	50.49
95.53	95.87
183.0	185.63
364.22	352.91
517.94	509.79
681.58	687.91
855.79	863.78
1010.4	1029.2
1215.97	1177.1
1321.58	1325.24
1493.39	1516.09
1.23	1.13
1.27	1.24
1.32	1.31
1.28	1.45
1.6	1.34
1.67	1.97
2.1	2.01
2.41	2.38
3.22	2.97
4.4	4.42
7.0	6.99
12.24	11.68
22.27	21.63
42.16	41.08
78.22	74.6
145.91	141.05
293.35	288.41
563.47	511.33
831.34	802.12
1146.08	1048.71
1354.98	1354.42
1644.9	1686.66
1930.04	1810.0
2155.62	2074.22
2399.78	2427.62
1.11	1.14
1.24	1.31
1.35	1.32
1.3	1.49
1.67	1.7
1.96	2.07
2.49	2.77
3.1	4.64
4.28	7.55
7.19	13.37
12.75	25.16
22.74	49.3
44.35	96.74
85.42	186.69
164.2	381.0
327.37	567.44
645.93	758.22
1253.12	2635.69
1859.11	2984.16
2474.39	4334.23
3090.88	4706.21
3673.81	4673.76
4299.9	4936.69
4922.63	9469.65
5537.59	8201.23
1.1	0.94
1.76	1.3
1.33	1.3
1.7	1.52
1.94	1.69
1.95	1.95
2.17	2.22
2.38	2.7
3.11	3.59
4.49	5.76
7.11	9.0
10.63	15.25
18.68	30.08
37.57	52.8
65.69	85.84
122.55	225.17
238.07	439.3
446.04	618.82
685.92	949.09
879.59	1130.34
1093.58	1453.62
1332.5	1670.16
1558.99	1934.84
1751.39	2019.39
1946.09	2325.95
1.12	1.04
1.34	1.16
1.38	1.27
1.51	1.54
1.59	1.69
2.35	2.03
2.64	2.84
3.59	4.61
4.91	7.68
7.44	14.01
13.22	26.58
22.88	43.55
43.36	102.8
84.35	182.92
166.83	333.45
327.1	654.48
654.73	843.37
1258.84	2312.51
1885.12	2914.8
2481.92	4554.89
3120.44	3320.94
3709.93	6137.51
4339.96	4577.68
4951.1	5508.94
5562.83	6053.63
1.12	0.96
1.1	1.18
1.43	1.23
1.34	1.38
1.5	1.62
2.02	1.79
2.2	2.14
2.79	2.62
3.95	4.21
6.28	6.19
11.19	10.79
19.62	20.94
38.92	36.49
75.25	72.02
144.13	141.88
289.26	275.87
549.78	531.43
1084.31	1064.01
1600.09	1609.71
2127.08	2167.06
2640.41	2612.99
3164.79	3169.81
3728.35	3580.18
4270.97	4212.81
4815.32	4676.45
1.19	0.96
1.16	1.22
1.38	1.22
1.49	1.29
1.78	1.7
1.99	1.93
2.27	2.8
2.93	3.97
4.0	6.86
7.05	11.94
10.41	21.94
19.62	43.3
35.73	82.76
69.89	164.33
135.52	326.66
269.52	636.05
533.9	1282.55
1044.99	2028.63
1549.56	2740.19
2053.3	3539.81
2557.98	4862.59
3068.86	6479.22
3582.23	7698.74
4099.49	8349.39
4609.34	10012.23
1.11	1.09
1.23	1.12
1.34	1.47
1.54	1.62
1.68	1.67
2.07	1.95
2.32	2.22
2.9	2.85
4.19	4.57
5.91	7.9
9.82	12.56
18.2	21.13
32.66	42.49
62.98	77.58
122.11	150.32
239.88	285.25
464.14	537.26
897.73	956.43
1334.73	1482.08
1808.71	1921.07
2246.97	2414.13
2629.68	2862.07
3065.21	3304.71
3525.93	3873.57
3966.81	4036.27
1.16	1.6
1.3	1.28
1.31	1.28
1.51	2.05
1.71	1.75
2.31	2.14
2.77	3.49
3.92	4.24
4.39	6.99
7.04	13.0
11.68	23.0
20.37	44.33
38.05	85.73
73.38	170.52
143.86	332.85
282.33	669.21
564.87	1311.8
1098.33	1673.03
1631.65	2934.51
2159.41	3684.42
2708.05	5380.16
3242.55	6265.21
3765.3	7808.78
4321.33	9089.85
4843.39	10297.2
1.15	1.08
1.04	1.15
1.37	1.34
1.71	1.57
1.65	1.54
1.96	2.72
2.56	2.49
2.97	4.08
3.79	6.42
6.33	12.02
9.71	22.22
18.34	42.54
33.09	83.08
61.99	164.18
121.61	324.22
238.37	651.76
481.64	1288.25
924.83	2513.53
1398.7	3739.57
1912.87	4905.84
2399.14	6157.72
2938.59	7428.5
3409.55	8537.31
3940.62	9644.51
4445.59	10961.59
1.74	1.13
1.22	1.17
2.16	1.28
1.53	1.52
1.59	1.54
1.78	1.81
2.06	1.93
2.82	2.78
3.77	3.89
6.55	6.42
11.09	10.7
20.35	19.55
38.74	37.46
73.07	72.87
142.38	143.17
281.47	277.04
565.72	559.08
1090.75	1046.03
1580.05	1574.17
2137.54	2138.36
2676.19	2624.86
3139.2	3134.02
3641.65	3708.97
4236.74	4241.34
4793.4	4545.69
1.79	1.08
1.16	1.15
1.23	1.4
1.52	1.59
1.79	1.66
2.27	2.31
2.84	3.03
3.32	4.23
4.27	7.26
6.27	12.37
11.01	22.85
20.32	43.79
36.75	87.24
70.12	170.18
139.2	331.99
274.08	659.35
542.54	1310.42
1051.71	2585.71
1589.57	3806.55
2116.17	5129.05
2650.1	6316.17
3198.2	7598.22
3705.22	8785.84
4247.33	9848.73
4799.93	11295.84
1.11	1.04
1.22	1.28
1.25	1.28
1.35	1.5
1.53	1.64
1.73	1.98
2.15	2.21
2.71	2.93
3.74	4.4
5.91	7.08
9.87	12.46
18.04	22.18
33.17	42.65
63.03	85.85
121.48	168.6
235.3	321.6
462.91	546.52
902.01	1017.59
1325.92	1502.92
1774.58	1885.76
2244.59	2411.02
2916.78	2728.15
3069.46	3186.41
3551.16	3589.47
3930.37	4230.13
1.06	1.09
1.37	1.19
1.06	1.36
1.52	1.46
1.74	1.81
1.89	1.93
2.62	2.92
3.46	4.41
4.42	7.35
8.07	13.49
12.2	25.65
22.15	49.13
44.0	96.95
84.26	189.98
165.02	374.24
325.46	747.09
646.15	1125.18
1261.1	2528.96
1870.07	4068.17
2487.71	4434.88
3113.03	3551.85
3725.9	5013.22
4321.82	7791.91
4911.31	5423.82
5564.31	7999.52
0.96	1.12
1.22	1.21
1.7	1.33
1.48	1.47
1.42	1.66
1.73	1.92
2.05	2.11
2.54	2.4
3.23	3.21
4.32	4.38
6.9	6.84
12.06	11.62
22.01	21.36
40.52	40.43
78.92	75.32
148.41	138.93
294.68	279.23
545.25	567.91
825.53	810.99
1116.18	1072.52
1380.78	1290.3
1678.44	1578.41
1899.4	1897.75
2162.07	2160.05
2513.02	2267.16
1.03	1.1
1.02	1.86
1.42	1.37
1.46	1.18
1.75	1.73
1.99	2.06
2.69	3.05
3.23	4.48
4.67	7.72
7.23	14.39
12.72	27.25
22.49	51.4
43.98	101.78
84.32	194.58
164.83	400.7
329.32	796.76
650.05	1301.42
1276.92	2447.1
1890.12	4020.0
2503.94	3710.58
3121.2	3722.1
3752.32	6382.74
4387.56	7750.92
5005.9	7383.28
5628.94	8030.11
1.18	1.14
1.11	1.19
1.33	1.39
1.4	1.36
1.57	1.4
1.92	1.92
2.21	2.33
2.64	2.75
3.27	3.76
4.64	5.61
6.67	9.32
10.78	16.48
19.32	31.28
34.77	57.97
65.12	102.07
125.41	197.84
240.94	377.19
460.48	846.12
698.2	945.54
878.82	1277.4
1101.45	1257.13
1318.39	1619.52
1593.35	1749.66
1762.93	2048.39
1994.83	2383.62
1.05	1.18
1.39	1.17
1.71	1.62
2.08	2.0
2.43	2.65
2.44	2.42
2.79	3.23
4.39	3.7
4.84	5.08
7.1	7.27
11.93	11.99
20.95	20.71
38.03	38.8
70.32	70.16
135.64	135.97
264.83	266.27
518.48	503.17
764.04	759.79
992.26	965.95
1202.77	1245.37
1468.7	1464.5
1696.27	1685.73
1974.28	1954.48
2220.49	2215.91
1.15	1.14
1.36	1.29
1.55	1.56
2.0	1.83
2.16	2.26
2.41	2.88
3.46	3.59
4.4	4.69
7.12	6.76
11.5	11.89
19.58	20.37
39.12	40.58
74.12	75.13
147.19	147.84
288.27	295.03
578.07	572.78
1110.34	1120.2
1663.24	1664.0
2201.31	2155.67
2722.31	2724.91
3237.81	3251.02
3781.78	3789.73
4303.19	4324.55
4901.99	4867.49
1.2	1.17
1.39	1.44
1.5	1.62
1.98	2.27
2.24	2.59
2.89	2.89
2.99	3.23
3.78	4.0
4.64	5.19
7.22	7.09
10.86	11.18
19.2	19.59
34.08	34.67
61.02	62.0
122.75	119.48
226.88	227.17
426.72	432.52
624.37	630.95
846.12	838.35
1043.66	1056.25
1248.75	1222.77
1416.11	1443.42
1637.16	1647.26
1830.0	1874.61
1.19	1.18
1.39	1.32
1.55	1.6
1.94	2.7
2.39	2.62
3.12	3.11
2.87	3.5
4.6	4.6
6.35	6.49
10.46	10.78
19.09	19.0
35.13	38.04
67.84	66.86
133.09	135.24
259.17	258.01
507.11	510.54
971.84	989.51
1462.78	1468.78
1958.72	1935.87
2405.91	2448.71
2880.31	2915.96
3344.71	3356.75
3799.35	3846.32
4292.27	4294.97
1.1	1.05
1.39	1.23
1.69	1.48
1.95	1.89
2.12	3.74
2.47	2.75
3.3	3.41
4.1	4.65
6.24	6.64
10.82	10.73
19.64	19.68
36.34	36.63
69.3	68.84
136.43	135.91
262.07	267.04
524.63	518.16
1005.61	1019.89
1490.21	1511.0
2013.89	1995.71
2498.43	2485.14
2973.31	2994.78
3471.78	3448.16
3935.34	3965.69
4524.38	4455.32
1.29	1.07
1.24	1.35
1.68	1.61
1.87	1.99
2.11	2.34
2.51	3.17
3.03	3.34
3.93	4.35
5.28	5.62
8.14	8.48
14.12	14.26
25.84	25.91
47.93	48.61
93.59	92.52
181.65	183.02
355.95	356.66
690.78	692.5
1027.28	1019.73
1346.25	1360.18
1676.85	1681.74
2048.29	2019.84
2357.82	2368.23
2711.38	2689.24
3020.19	3035.01
0.89	1.21
1.36	1.35
1.57	2.12
2.11	2.02
2.67	3.27
3.06	3.05
3.44	3.33
5.24	4.33
6.42	6.59
10.58	10.57
17.91	18.02
32.59	32.43
61.04	63.53
121.75	119.64
235.03	235.47
462.6	466.76
914.24	897.92
1324.71	1332.78
1761.03	1731.52
2216.98	2193.03
2604.86	2629.57
3080.03	3029.71
3483.47	3502.54
3924.01	3908.79
1.16	1.17
1.37	1.36
1.65	1.75
2.25	2.11
2.42	3.09
2.49	3.21
3.28	3.4
3.97	4.06
5.63	5.79
7.64	7.63
13.48	13.72
23.71	24.26
44.25	44.69
85.04	85.53
164.62	165.28
326.75	334.21
629.31	629.75
928.49	936.75
1241.13	1238.03
1537.4	1544.78
1837.55	1839.12
2450.78	2147.87
2456.9	2445.71
2753.77	2765.48
1.0	1.12
1.31	1.14
1.43	1.59
1.91	1.91
2.35	2.29
2.53	2.72
3.14	3.29
3.86	3.7
5.71	6.72
8.21	8.13
14.09	14.13
25.35	25.95
48.31	48.65
92.92	92.86
182.11	183.68
359.62	359.31
700.91	693.42
1041.71	1023.9
1389.71	1379.24
1698.27	1705.24
2057.81	2026.45
2385.15	2381.98
2731.28	2712.9
3091.63	3078.88
1.16	1.21
1.26	1.16
1.57	1.55
1.91	1.93
2.5	2.39
2.55	3.17
3.08	3.59
4.96	4.66
6.51	7.51
10.51	11.02
19.41	19.8
36.19	36.12
70.76	70.53
134.69	135.52
263.14	261.36
521.98	530.9
1001.5	1008.25
1506.19	1516.09
2005.43	1999.46
2487.79	2477.84
3001.23	2968.58
3486.17	3467.44
3950.15	3955.46
4469.53	4442.96
1.13	1.07
1.44	1.15
1.68	1.65
1.94	2.02
2.74	2.88
3.16	3.19
3.2	3.59
3.66	4.78
5.46	5.71
8.38	8.06
13.56	13.79
23.55	24.4
43.76	44.1
84.86	86.01
167.22	165.36
323.21	329.45
631.57	635.24
935.59	939.0
1246.27	1245.72
1563.61	1560.51
1884.66	1881.44
2180.45	2181.09
2503.09	2488.85
2812.99	2799.9
1.2	1.17
1.25	1.28
1.62	1.41
2.04	2.43
2.49	2.48
3.69	2.6
3.72	3.46
4.31	4.51
6.1	6.14
10.86	10.48
18.28	17.77
33.31	33.69
63.8	63.42
123.47	120.08
236.9	235.32
461.43	462.55
899.85	888.53
1344.42	1340.72
1754.68	1738.31
2178.39	2198.88
2625.09	2602.68
3075.31	3060.74
3505.29	3498.6
3944.52	3928.36
1.14	1.13
1.22	1.35
1.56	1.46
2.0	1.74
2.26	2.46
2.71	3.0
3.46	3.44
4.46	4.82
6.81	6.38
10.78	11.01
20.54	20.66
38.88	38.77
75.7	74.14
148.72	146.85
286.68	289.27
571.28	573.52
1118.94	1113.89
1673.54	1673.84
2206.28	2172.78
2769.99	2717.07
3243.17	3241.0
3752.81	3780.14
4293.66	4357.59
4915.11	4881.24
1.24	1.1
1.35	1.38
1.4	1.41
1.87	1.94
2.35	2.34
2.27	2.88
3.47	3.14
3.6	3.84
5.14	5.25
7.62	8.01
12.4	12.11
21.08	20.51
38.43	38.65
71.52	71.33
137.72	136.52
261.13	273.65
507.14	509.82
746.62	745.55
981.86	1036.72
1248.66	1241.17
1460.95	1522.02
1772.7	1715.79
1942.11	1950.59
2253.39	2205.76
1.16	1.14
1.14	1.3
1.62	1.58
2.17	2.23
2.81	2.66
2.87	3.08
3.41	3.5
4.45	4.49
6.69	6.26
10.73	10.98
18.81	20.08
35.9	38.98
66.86	67.62
132.24	130.7
258.68	261.33
508.11	508.5
985.6	983.77
1486.21	1462.32
1927.88	1938.74
2416.9	2406.87
2877.49	2872.77
3344.26	3410.72
3845.47	3800.74
4340.32	4312.59
1.13	1.19
1.25	1.32
1.64	1.43
2.11	2.0
2.35	2.42
2.94	2.89
3.44	3.36
3.71	4.04
4.92	5.1
7.56	6.66
11.02	11.13
20.27	19.59
34.13	34.57
66.02	63.15
119.47	119.67
228.61	234.81
448.62	445.82
636.15	661.72
860.37	860.86
1094.2	1093.61
1263.21	1275.01
1517.5	1445.98
1712.77	1720.59
1890.13	2025.83
0.83	0.9
1.05	0.98
1.14	1.22
1.35	1.34
1.86	1.94
2.19	2.2
2.16	2.28
2.22	2.31
2.5	2.51
2.6	2.63
3.13	3.01
3.1	3.42
4.82	4.72
6.53	6.42
9.7	9.68
17.13	16.58
34.21	29.69
66.4	56.56
137.23	104.41
282.24	200.36
557.97	402.94
1093.11	767.58
1641.92	1140.92
2185.23	1490.99
2706.31	1857.05
3277.87	2224.16
3762.85	2608.34
4368.7	3013.08
4825.82	3384.17
0.92	0.88
1.05	0.94
1.24	1.08
1.56	1.42
1.8	1.7
2.03	2.09
2.08	2.27
2.1	2.19
2.53	2.41
2.89	2.82
3.77	3.58
5.05	5.28
8.48	8.68
15.11	15.5
28.92	28.46
54.85	53.71
75.91	104.93
171.66	210.0
294.65	412.03
485.33	820.56
963.55	1635.32
2080.46	3172.04
2794.18	4735.66
3687.27	6259.0
4651.55	7810.57
5551.12	9414.05
6509.01	10950.95
7431.0	12406.29
8323.6	14008.47
0.88	0.85
0.99	1.21
1.28	1.16
1.58	1.36
1.66	1.69
2.01	2.04
2.06	1.95
2.06	2.22
2.46	2.44
2.59	2.7
3.56	2.99
3.84	3.76
5.32	5.31
7.93	7.56
12.51	11.37
23.37	18.28
43.54	31.03
79.91	58.33
148.78	105.04
290.79	202.64
569.58	406.25
1103.99	766.32
1654.39	1150.02
2149.27	1506.91
2693.61	1872.63
3189.9	2315.38
3662.84	2651.42
4262.39	2982.62
4742.87	3349.34
0.88	0.92
0.99	0.89
1.22	1.11
1.42	1.57
1.5	1.79
2.02	2.11
2.1	1.9
2.53	1.95
2.18	2.16
3.52	2.95
3.91	3.79
5.61	5.79
8.22	9.07
16.27	16.81
29.69	29.72
59.51	55.05
68.09	106.73
189.34	210.72
272.04	409.86
492.16	819.63
964.99	1644.56
2222.94	3175.04
2802.09	4735.08
3683.86	6302.83
4628.18	7848.18
5441.85	9399.02
6469.54	10971.1
7304.16	12549.45
8249.1	14023.53
0.95	0.85
1.21	1.13
1.33	1.22
1.48	1.55
1.68	1.86
1.98	2.04
2.16	2.29
2.48	2.31
2.38	2.35
2.73	2.79
3.52	3.1
4.19	4.29
6.02	6.02
9.35	9.35
16.56	15.12
30.34	25.44
57.21	48.25
111.96	91.06
210.02	175.61
427.45	342.52
802.46	685.79
1577.57	1319.02
2324.26	1980.52
3072.17	2562.65
3791.7	3263.1
4594.53	3855.46
5279.71	4483.59
6050.71	5151.94
6828.41	5756.2
