1.01	0.89	1
1.07	1.02	1
1.39	1.23	1
1.77	1.57	1
2.62	2.51	1
4.33	3.89	1
5.37	6.63	1
11.01	9.08	1
12.31	12.59	1
14.66	10.85	1
13.91	11.18	1
12.45	12.9	1
12.28	15.79	1
18.25	19.64	1
24.17	24.43	1
33.59	35.22	1
55.21	61.95	1
81.82	100.49	1
146.14	134.69	1
261.09	249.05	1
487.37	464.04	1
937.92	941.04	1
1360.85	1385.67	1
1743.71	1698.56	1
2265.24	2127.04	1
2738.82	2626.62	1
3174.88	2963.73	1
3675.2	3491.37	1
3919.97	3917.42	1
2.16	0.8	1
1.07	1.0	1
1.37	1.74	1
1.68	1.72	1
2.62	3.15	1
4.18	3.98	1
6.77	5.93	1
9.35	11.06	1
15.12	11.07	1
14.31	15.56	1
12.15	17.78	1
16.17	16.77	1
22.71	13.58	1
24.21	27.45	1
34.73	31.02	1
53.77	55.34	1
92.62	90.89	1
172.1	146.24	1
389.79	270.66	1
528.6	642.61	1
1717.08	1708.56	1
3273.32	3291.87	1
4888.26	4899.39	1
6626.94	6610.13	1
8222.71	8243.58	1
9941.82	9925.56	1
11684.16	11548.27	1
12948.03	12943.52	1
14721.1	14741.65	1
0.98	0.82	1
1.08	1.05	1
1.3	1.31	1
1.76	1.81	1
2.49	2.36	1
3.6	4.18	1
6.7	6.64	1
7.71	10.26	1
13.46	11.76	1
14.45	10.24	1
14.64	15.18	1
13.28	16.46	1
13.44	16.56	1
16.31	22.43	1
27.23	23.73	1
36.37	33.51	1
51.81	54.27	1
88.99	76.94	1
180.63	147.83	1
311.9	312.56	1
683.49	531.79	1
1022.96	1010.89	1
1954.56	1716.48	1
2254.47	2587.85	1
2496.9	2862.6	1
3484.12	2912.24	1
4487.1	3927.05	1
4550.2	3926.3	1
5088.21	5772.25	1
0.98	0.87	1
1.1	0.95	1
1.49	1.28	1
1.74	1.93	1
2.41	2.46	1
4.06	3.97	1
5.69	6.91	1
12.11	10.9	1
12.64	13.08	1
12.98	12.15	1
8.26	16.99	1
13.46	12.3	1
20.0	18.26	1
23.62	25.74	1
31.17	36.56	1
48.88	53.06	1
77.34	94.8	1
231.18	227.6	1
446.49	439.81	1
762.23	830.95	1
1788.03	1765.99	1
3473.83	3396.44	1
5206.19	5231.03	1
7075.32	7021.74	1
9066.96	8708.16	1
10100.29	10473.66	1
12211.61	12147.86	1
13862.28	13861.84	1
16111.79	15075.98	1
1.0	0.96	2
1.2	1.05	2
1.29	1.24	2
1.76	1.66	2
3.15	2.64	2
4.11	4.0	2
5.96	6.7	2
10.34	10.1	2
11.41	14.19	2
14.49	13.98	2
11.75	12.64	2
14.33	18.4	2
14.8	16.66	2
18.52	16.84	2
25.93	29.73	2
43.72	42.98	2
78.03	70.22	2
124.69	120.66	2
221.61	204.54	2
388.28	400.54	2
739.52	778.43	2
1471.73	1467.01	2
2139.79	2144.1	2
2783.63	2866.05	2
3581.34	3451.5	2
4231.25	4190.45	2
4906.0	4972.05	2
5625.49	5702.48	2
6231.8	6343.06	2
0.94	0.92	2
1.0	1.08	2
1.23	1.25	2
1.81	1.7	2
2.65	2.35	2
3.94	4.05	2
6.96	6.78	2
10.66	10.09	2
11.79	15.07	2
13.29	15.0	2
16.25	16.81	2
13.31	10.66	2
16.06	21.39	2
23.7	18.6	2
37.92	30.87	2
54.68	40.33	2
96.46	78.93	2
147.35	175.01	2
312.2	221.06	2
680.21	461.22	2
1494.95	1484.34	2
2903.46	2869.4	2
4309.13	4214.96	2
5689.07	5634.6	2
7156.93	7116.62	2
8579.5	8674.3	2
9850.33	9882.08	2
11447.0	11515.89	2
12871.51	12933.12	2
1.06	0.98	2
1.1	1.07	2
1.44	1.32	2
1.82	1.73	2
2.81	2.62	2
4.21	4.06	2
6.38	6.35	2
10.37	11.04	2
10.86	12.65	2
13.65	14.97	2
13.21	9.97	2
16.23	12.52	2
16.77	19.79	2
20.46	20.15	2
30.72	25.22	2
42.0	39.95	2
68.25	70.38	2
124.49	130.42	2
207.88	223.19	2
438.53	402.01	2
837.49	731.45	2
1501.8	1385.32	2
2248.86	2242.23	2
3179.95	3193.6	2
3998.2	3445.83	2
4769.87	4426.89	2
4782.83	4803.04	2
6810.41	6365.41	2
7166.02	7141.0	2
1.07	0.85	2
1.22	0.98	2
1.32	1.18	2
1.85	1.63	2
2.66	2.7	2
3.74	3.84	2
7.06	7.08	2
10.23	9.52	2
13.57	15.47	2
13.15	10.74	2
11.5	8.98	2
16.42	14.04	2
17.11	16.02	2
23.24	26.36	2
43.6	37.46	2
41.58	47.28	2
62.51	64.71	2
146.03	175.59	2
217.12	219.83	2
536.96	648.82	2
1614.21	1574.36	2
3049.92	3040.14	2
4520.81	4416.69	2
6004.74	6004.74	2
7555.36	7632.09	2
8881.94	10063.84	2
9842.73	10205.41	2
11720.19	12119.61	2
13693.72	13682.83	2
0.95	1.49	3
1.11	1.19	3
1.31	1.2	3
1.76	1.8	3
2.7	2.65	3
3.97	3.6	3
6.83	6.64	3
10.02	9.81	3
10.96	13.12	3
14.69	15.05	3
15.48	15.58	3
15.16	16.11	3
20.21	17.6	3
24.61	19.74	3
32.94	29.74	3
57.07	57.08	3
82.04	81.21	3
118.61	149.51	3
223.67	329.86	3
528.98	650.13	3
1371.29	1413.67	3
2634.48	2724.83	3
4268.91	4225.32	3
5704.0	5655.75	3
7183.8	6877.4	3
8674.81	8631.44	3
9982.51	9907.22	3
11331.89	11454.09	3
12819.69	12835.98	3
1.01	0.94	3
1.65	1.0	3
1.31	1.28	3
1.75	1.72	3
2.66	2.5	3
4.2	4.35	3
6.32	5.3	3
9.9	7.9	3
12.95	13.39	3
16.78	14.25	3
15.34	14.37	3
15.57	14.01	3
15.81	19.8	3
20.44	20.39	3
32.32	28.65	3
43.76	46.95	3
63.51	68.71	3
111.07	114.81	3
202.85	200.85	3
386.35	390.02	3
752.37	756.15	3
1426.33	1436.58	3
2074.9	2125.82	3
2870.78	2806.04	3
3513.59	3486.39	3
4262.14	4158.36	3
4866.88	4860.96	3
5562.48	5608.6	3
6307.28	6263.11	3
1.01	0.98	3
0.99	1.09	3
1.27	1.22	3
1.72	1.81	3
2.57	2.51	3
4.15	3.89	3
6.91	5.42	3
9.78	10.52	3
12.51	13.14	3
13.46	9.98	3
12.04	15.01	3
16.12	12.69	3
18.95	13.38	3
22.57	22.75	3
35.35	31.36	3
57.08	36.64	3
79.73	94.91	3
205.16	175.39	3
268.29	274.88	3
604.8	754.51	3
1504.29	1497.08	3
2934.27	2897.92	3
4450.99	4443.53	3
6043.4	5996.51	3
8416.83	7115.93	3
9197.85	9532.4	3
11050.2	10550.36	3
12103.41	12155.59	3
13129.98	13133.0	3
1.07	0.92	3
1.04	1.02	3
1.31	1.22	3
1.94	1.63	3
2.5	2.49	3
4.05	4.11	3
7.11	6.24	3
7.49	11.15	3
13.78	10.97	3
15.17	14.97	3
14.74	14.8	3
14.91	14.75	3
20.7	17.16	3
16.63	22.38	3
29.24	27.99	3
42.64	44.82	3
70.38	73.43	3
130.46	105.65	3
212.75	225.52	3
464.62	408.21	3
844.37	781.52	3
1618.86	1530.08	3
2259.81	2420.79	3
3225.69	2991.95	3
3999.71	4242.53	3
4498.22	4471.6	3
5173.58	5980.04	3
5988.36	6368.94	3
6646.68	7232.9	3
0.9	0.88	4
0.98	1.0	4
1.23	1.27	4
1.55	1.7	4
2.49	2.4	4
3.98	4.01	4
6.86	6.75	4
10.66	9.56	4
11.87	13.74	4
12.39	13.15	4
18.9	16.67	4
18.09	14.54	4
19.6	15.6	4
23.36	25.23	4
32.8	34.5	4
58.59	48.59	4
109.35	78.2	4
177.24	141.69	4
273.85	275.69	4
526.89	645.97	4
1668.95	1636.5	4
3376.3	3381.69	4
4888.98	4872.49	4
6638.44	6590.13	4
8242.65	8145.76	4
9678.53	9744.02	4
11381.12	11465.32	4
13337.84	13123.56	4
16703.69	14730.23	4
0.96	0.86	4
1.01	1.02	4
1.24	1.25	4
1.54	1.63	4
2.54	2.44	4
4.22	4.03	4
6.74	6.52	4
6.97	9.64	4
11.16	12.84	4
11.46	12.52	4
12.62	8.1	4
15.89	15.02	4
19.29	17.75	4
22.3	18.42	4
27.27	23.02	4
31.52	31.88	4
49.64	50.5	4
74.24	75.08	4
129.59	150.55	4
254.6	263.91	4
449.37	457.93	4
879.79	880.92	4
1385.5	1321.4	4
1766.87	1704.25	4
2191.47	2204.41	4
2593.1	2711.43	4
2948.76	3034.76	4
3343.34	3300.6	4
3979.22	3860.41	4
0.93	0.86	4
0.99	0.97	4
1.28	1.34	4
1.67	1.67	4
2.69	2.49	4
4.14	4.08	4
6.99	5.16	4
10.88	10.63	4
11.43	9.82	4
14.03	13.46	4
19.11	15.74	4
14.41	19.09	4
21.76	20.96	4
17.95	28.64	4
34.45	32.96	4
57.88	64.51	4
120.26	114.21	4
201.14	175.31	4
437.83	428.11	4
792.55	801.78	4
1818.59	1743.62	4
3428.87	3418.97	4
5157.25	5142.38	4
7188.21	7181.17	4
8677.43	8672.43	4
10371.34	10461.36	4
12155.94	12230.06	4
13839.91	13513.09	4
15170.69	15054.94	4
0.86	0.89	4
1.01	1.02	4
1.21	1.31	4
1.76	1.67	4
2.43	2.3	4
4.25	4.17	4
6.23	6.48	4
9.26	11.21	4
11.29	14.25	4
15.79	13.95	4
14.94	13.09	4
18.82	12.76	4
18.17	18.7	4
16.17	17.92	4
20.96	25.62	4
30.6	31.11	4
46.55	46.74	4
81.89	91.73	4
130.16	147.2	4
274.35	309.34	4
458.85	590.95	4
1008.22	1165.05	4
1709.84	1492.45	4
2304.15	2279.86	4
2845.44	2126.53	4
2982.06	2976.47	4
2893.99	3414.11	4
3917.28	3909.4	4
3774.88	5003.02	4
1.09	0.95	5
1.3	1.24	5
1.66	1.75	5
2.64	2.55	5
4.4	4.25	5
7.54	6.14	5
10.88	10.26	5
16.87	22.61	5
17.6	20.43	5
28.06	12.76	5
27.98	23.49	5
22.29	20.46	5
25.13	18.93	5
26.7	39.08	5
44.13	48.75	5
66.56	66.05	5
109.32	124.65	5
191.8	185.26	5
324.28	298.39	5
573.31	580.68	5
1074.26	1037.81	5
1605.68	1574.49	5
2116.53	2069.09	5
2594.39	2577.69	5
3148.5	3186.09	5
3619.89	3895.2	5
4332.72	4240.35	5
4687.1	4825.74	5
1.05	0.98	5
1.44	1.22	5
1.71	1.66	5
3.15	3.08	5
4.03	4.34	5
7.19	7.48	5
12.95	13.32	5
17.02	18.31	5
14.5	24.13	5
18.0	16.2	5
16.99	18.1	5
26.37	29.73	5
30.75	30.31	5
40.35	47.07	5
71.2	65.44	5
144.46	122.61	5
265.6	270.76	5
532.37	530.12	5
1064.44	1046.94	5
2116.43	2121.29	5
4129.69	4110.63	5
6131.19	6075.37	5
8089.41	8015.14	5
10050.97	10173.11	5
12190.06	12228.46	5
14134.69	14172.18	5
16292.36	16179.82	5
18237.3	18205.37	5
1.0	1.0	5
1.27	1.27	5
1.76	1.73	5
2.64	2.47	5
4.13	4.47	5
7.71	6.27	5
13.11	13.26	5
15.16	18.5	5
19.13	26.8	5
18.78	17.77	5
23.83	19.66	5
27.44	24.21	5
27.76	30.04	5
37.3	38.24	5
48.05	42.34	5
78.01	73.09	5
126.89	119.54	5
212.91	224.78	5
389.75	348.33	5
739.72	629.49	5
1235.88	1231.82	5
2049.01	2053.39	5
2049.12	2359.44	5
2511.89	2923.63	5
4097.31	3586.8	5
4166.93	4219.98	5
4727.21	4757.47	5
6239.0	6341.42	5
1.02	1.04	5
1.91	1.2	5
1.83	1.74	5
2.63	2.39	5
5.08	4.19	5
7.77	7.44	5
10.33	13.16	5
8.76	9.32	5
21.59	21.64	5
21.8	28.39	5
21.55	23.79	5
32.48	19.81	5
25.0	32.9	5
46.8	53.93	5
84.63	81.85	5
144.68	139.38	5
279.37	292.28	5
554.69	548.0	5
1143.94	1139.11	5
2223.15	2227.61	5
4469.88	4299.34	5
6637.28	6261.3	5
8836.51	8797.58	5
10310.01	10660.63	5
12321.96	12350.7	5
14863.84	15380.77	5
16494.77	18570.52	5
19694.78	19782.75	5
1.0	1.1	6
1.25	1.32	6
1.78	1.86	6
2.58	2.61	6
4.33	4.36	6
7.29	5.77	6
13.29	12.29	6
15.57	13.96	6
20.88	21.24	6
24.66	20.03	6
19.5	23.61	6
27.36	21.08	6
32.88	25.23	6
38.96	44.62	6
50.85	59.41	6
89.06	93.74	6
138.42	141.71	6
264.64	239.81	6
461.48	460.24	6
832.41	838.99	6
1597.0	1620.8	6
2370.46	2391.63	6
3228.85	3298.35	6
4111.64	4093.59	6
4825.87	4830.71	6
5688.24	5786.46	6
6612.84	6433.72	6
7283.32	7362.5	6
1.08	1.06	6
1.31	1.28	6
1.67	1.67	6
2.53	2.63	6
4.26	4.11	6
6.49	6.25	6
10.9	10.03	6
12.29	14.18	6
16.05	24.87	6
29.26	21.91	6
27.15	19.24	6
23.09	25.97	6
28.63	26.79	6
39.12	37.48	6
62.23	76.51	6
155.96	146.95	6
274.31	263.85	6
474.78	462.68	6
928.27	914.36	6
1854.88	1852.94	6
3616.02	3622.91	6
5392.82	5365.73	6
7145.44	7192.72	6
8830.77	8916.1	6
10487.8	10527.34	6
12462.2	12453.47	6
14310.29	14173.49	6
15838.54	15769.01	6
1.13	1.11	6
1.37	1.27	6
1.72	1.69	6
2.67	2.69	6
4.4	4.27	6
6.39	7.54	6
11.12	9.3	6
15.82	16.95	6
16.85	22.31	6
23.33	23.8	6
26.96	21.49	6
20.1	19.71	6
33.11	30.7	6
43.96	39.76	6
58.45	55.98	6
83.19	94.78	6
157.69	151.38	6
273.41	298.69	6
465.45	500.51	6
1068.57	1074.37	6
2021.51	2031.03	6
3063.71	2574.04	6
3797.24	3508.01	6
4343.99	4724.89	6
5660.06	6072.56	6
6541.66	7061.89	6
6926.87	7536.02	6
8557.87	8513.73	6
1.15	1.09	6
1.23	1.36	6
1.71	1.8	6
2.51	2.66	6
4.04	4.18	6
7.77	7.82	6
13.1	10.54	6
17.5	18.68	6
23.02	17.31	6
20.43	17.7	6
16.7	21.16	6
20.5	17.38	6
34.39	32.23	6
43.45	46.02	6
73.5	65.69	6
127.84	132.39	6
248.3	253.18	6
484.95	520.92	6
984.32	1012.58	6
1944.73	1963.87	6
3962.81	3852.33	6
5475.85	5905.96	6
7584.74	7801.92	6
9737.77	9465.82	6
11697.47	10533.53	6
13113.42	13599.31	6
15483.56	15525.24	6
16844.23	16836.27	6
0.96	1.12	7
1.29	1.3	7
1.73	2.42	7
2.64	2.51	7
4.21	4.66	7
7.12	6.48	7
13.5	13.16	7
18.41	14.85	7
14.88	16.16	7
24.99	26.91	7
20.8	23.97	7
28.82	26.81	7
30.82	25.59	7
37.85	31.94	7
68.2	57.89	7
134.0	97.37	7
237.35	238.44	7
432.57	456.06	7
913.21	916.37	7
1855.08	1842.48	7
3545.13	3625.12	7
5379.09	5347.58	7
7095.62	7156.72	7
8788.79	8914.35	7
10567.51	10590.95	7
12464.26	12521.17	7
13975.3	13861.71	7
16108.46	15920.6	7
0.95	1.06	7
1.23	1.33	7
1.73	1.87	7
2.54	2.59	7
4.01	4.38	7
7.29	7.49	7
10.44	10.96	7
10.73	10.76	7
20.24	24.48	7
23.08	22.27	7
19.54	28.06	7
17.73	26.43	7
35.9	28.12	7
37.14	39.3	7
58.95	54.26	7
91.15	98.66	7
140.36	147.52	7
256.81	236.32	7
479.64	470.93	7
887.02	924.56	7
1741.64	1720.96	7
2486.73	2500.99	7
3304.43	3218.73	7
4015.09	3981.85	7
4880.8	4768.73	7
5535.34	5606.78	7
6532.12	6557.51	7
7346.79	7132.08	7
0.98	1.03	7
1.31	1.32	7
1.65	1.66	7
2.48	2.67	7
4.34	4.44	7
7.22	7.52	7
12.84	8.14	7
18.52	14.51	7
19.24	18.9	7
15.03	25.37	7
13.56	20.68	7
15.42	32.25	7
33.07	33.58	7
33.52	43.15	7
62.99	53.17	7
131.39	124.66	7
256.12	249.81	7
481.35	487.47	7
988.01	944.63	7
2029.2	1999.09	7
3798.86	3784.38	7
5877.23	5478.51	7
7784.64	7538.44	7
9396.57	9422.16	7
11663.47	11612.21	7
12740.55	13309.26	7
15500.2	15621.05	7
16922.88	16251.94	7
1.09	1.06	7
1.22	1.38	7
1.67	1.74	7
2.53	2.56	7
4.22	4.5	7
7.25	7.38	7
10.36	12.25	7
19.29	22.82	7
25.29	18.79	7
20.57	24.44	7
26.07	21.31	7
30.69	25.42	7
27.39	39.95	7
39.21	40.09	7
55.57	55.38	7
97.82	90.39	7
141.38	168.25	7
272.89	265.97	7
540.86	601.56	7
1004.94	1112.59	7
1972.62	1947.75	7
2683.2	3124.59	7
3712.36	3566.06	7
4396.36	4720.16	7
5599.36	5583.07	7
6554.2	6661.08	7
7118.24	7568.99	7
8540.63	7835.16	7
0.94	0.93	8
1.09	1.15	8
1.56	1.77	8
2.45	2.49	8
3.62	3.59	8
6.88	6.74	8
11.69	7.62	8
17.3	16.36	8
21.24	13.72	8
23.93	22.95	8
24.71	24.91	8
32.93	28.61	8
31.48	32.44	8
50.96	46.4	8
61.13	75.88	8
142.07	136.9	8
272.53	260.46	8
531.92	520.89	8
1047.93	1067.83	8
2083.57	2105.91	8
4174.02	4140.47	8
6087.47	6081.92	8
8057.89	8138.7	8
10133.65	10143.35	8
12200.51	12137.36	8
14101.52	14197.94	8
16071.05	16159.14	8
18298.08	18479.16	8
0.85	0.92	8
1.2	1.21	8
1.73	1.54	8
2.57	2.64	8
4.33	4.25	8
6.04	7.62	8
8.96	11.79	8
15.76	20.47	8
19.22	16.66	8
21.2	23.8	8
21.92	27.54	8
34.25	30.63	8
31.53	34.95	8
38.48	38.04	8
49.25	48.04	8
72.57	69.69	8
116.72	107.12	8
174.58	182.31	8
311.06	318.7	8
626.05	620.62	8
1126.83	1105.51	8
1557.33	1582.69	8
2068.38	2093.94	8
2683.81	2550.84	8
3191.52	3060.62	8
3604.06	3682.14	8
4327.26	4119.46	8
4718.17	4780.84	8
0.89	1.01	8
1.16	1.11	8
1.53	1.67	8
2.42	2.58	8
4.3	4.46	8
5.6	7.78	8
10.29	13.62	8
15.58	12.77	8
22.99	22.04	8
17.18	20.72	8
23.65	20.11	8
35.39	26.01	8
34.5	30.62	8
54.59	43.74	8
78.09	82.39	8
143.93	142.04	8
290.79	291.78	8
567.75	578.86	8
1139.98	1108.67	8
2277.72	2221.7	8
4354.32	4481.88	8
6719.98	6498.52	8
8237.93	8587.86	8
10635.14	10975.13	8
12778.08	12770.88	8
14421.6	13855.91	8
16985.07	16987.19	8
19828.76	19499.47	8
0.85	0.99	8
1.08	1.35	8
1.68	1.7	8
2.49	2.62	8
4.24	4.05	8
7.64	7.5	8
11.81	8.76	8
10.01	16.96	8
24.5	8.48	8
20.63	17.11	8
21.89	22.59	8
29.25	27.5	8
25.47	34.16	8
41.45	38.87	8
51.29	51.78	8
77.92	76.5	8
127.74	117.97	8
237.97	208.86	8
433.7	432.46	8
745.59	750.34	8
1601.93	1200.48	8
2031.24	1785.33	8
3142.55	3053.69	8
3751.69	3809.79	8
4006.47	4536.99	8
5321.04	5349.66	8
5416.75	4703.07	8
6972.71	6806.35	8
1.16	1.27	9
1.46	1.46	9
1.39	1.57	9
1.49	1.63	9
2.02	2.15	9
2.58	2.51	9
3.3	3.1	9
4.52	4.59	9
6.11	6.4	9
9.62	9.42	9
15.71	16.08	9
26.52	26.03	9
47.4	47.4	9
88.2	86.94	9
165.99	166.37	9
323.3	327.46	9
608.56	633.55	9
952.4	940.0	9
1305.78	1224.49	9
1582.45	1589.46	9
1853.16	1867.07	9
2104.23	2215.04	9
2332.99	2415.46	9
2696.74	2733.84	9
1.28	1.06	9
1.36	1.28	9
1.67	1.82	9
2.18	2.25	9
2.9	2.98	9
3.88	3.5	9
4.57	4.52	9
7.2	6.81	9
11.46	11.66	9
20.31	20.74	9
39.51	38.41	9
75.38	74.43	9
147.41	144.9	9
290.69	292.13	9
585.92	583.51	9
1166.66	1166.81	9
2274.14	2277.77	9
3376.87	3381.73	9
4473.72	4479.62	9
5597.34	5605.44	9
6732.06	6715.4	9
7862.99	7852.74	9
8985.75	8973.27	9
10097.31	10106.41	9
1.33	1.31	9
1.35	1.5	9
1.48	1.61	9
1.7	2.14	9
2.21	2.0	9
2.81	2.76	9
3.97	3.74	9
4.55	4.43	9
5.96	5.99	9
8.98	9.69	9
15.01	14.26	9
22.92	23.53	9
40.89	39.32	9
78.89	77.7	9
147.53	146.82	9
296.63	295.16	9
534.91	521.09	9
793.76	787.54	9
1039.62	1044.58	9
1283.74	1297.98	9
1530.32	1553.79	9
1823.0	1829.06	9
2072.21	2050.11	9
2315.1	2320.95	9
1.2	1.2	9
1.46	1.57	9
1.58	1.66	9
2.27	2.51	9
3.15	3.74	9
3.9	3.45	9
5.06	4.74	9
7.37	6.9	9
11.62	11.31	9
21.1	20.33	9
37.19	38.03	9
73.05	74.28	9
141.67	142.96	9
281.36	283.28	9
562.67	562.87	9
1131.79	1123.12	9
2193.69	2205.93	9
3285.34	3280.04	9
4351.71	4330.6	9
5424.57	5425.78	9
6492.76	6493.41	9
7555.05	7575.3	9
8635.41	8623.73	9
9717.17	9690.31	9
1.7	1.2	10
1.42	1.53	10
1.7	1.72	10
1.95	2.07	10
2.39	2.32	10
3.7	3.65	10
3.9	3.92	10
6.41	6.01	10
9.65	10.2	10
17.64	17.02	10
32.28	32.77	10
62.58	62.16	10
119.55	120.07	10
234.04	233.3	10
464.36	462.66	10
905.08	923.7	10
1799.36	1784.44	10
2667.32	2658.99	10
3529.0	3521.74	10
4368.41	4407.32	10
5252.13	5219.74	10
6111.74	6110.22	10
7001.51	7004.81	10
7879.72	7878.04	10
1.27	1.35	10
1.4	1.55	10
1.87	2.06	10
2.39	2.45	10
3.11	3.13	10
3.84	3.97	10
5.4	4.97	10
7.55	7.62	10
12.3	11.89	10
20.74	21.41	10
40.05	39.81	10
75.52	76.46	10
149.4	151.19	10
293.59	294.34	10
590.15	586.63	10
1166.98	1162.23	10
2252.72	2261.18	10
3354.81	3358.13	10
4456.4	4470.55	10
5561.72	5553.86	10
6670.52	6638.51	10
7758.11	7747.59	10
8859.31	8847.09	10
9960.17	9970.09	10
1.33	1.3	10
1.52	1.39	10
1.76	1.76	10
2.09	2.05	10
3.0	2.34	10
3.15	3.09	10
3.86	4.25	10
5.83	6.15	10
10.24	11.66	10
17.2	17.73	10
30.8	30.91	10
57.96	59.1	10
109.87	111.07	10
222.76	217.47	10
429.42	430.43	10
844.6	874.74	10
1612.36	1625.51	10
2454.32	2434.7	10
3240.32	3243.65	10
4094.61	4053.72	10
4866.73	4805.52	10
5613.99	5630.79	10
6380.5	6493.1	10
7207.27	7169.13	10
1.27	1.4	10
1.48	1.61	10
1.82	1.84	10
2.59	2.67	10
3.37	3.43	10
3.85	4.15	10
5.44	5.61	10
7.79	7.98	10
12.5	12.77	10
21.13	21.51	10
40.02	40.86	10
76.45	77.33	10
152.08	152.45	10
300.88	301.42	10
595.67	595.39	10
1188.45	1183.8	10
2295.72	2292.47	10
3423.11	3405.11	10
4528.09	4526.99	10
5643.28	5648.31	10
6768.71	6749.3	10
7869.09	7875.06	10
9003.76	8995.11	10
10128.75	10082.31	10
1.34	1.31	11
1.77	1.52	11
1.71	1.76	11
2.41	2.44	11
3.31	3.12	11
3.74	4.08	11
4.8	5.2	11
6.97	7.25	11
12.01	11.87	11
20.51	20.43	11
38.08	39.05	11
74.62	74.57	11
145.85	144.31	11
285.55	287.2	11
565.8	566.43	11
1124.04	1126.42	11
2211.7	2211.85	11
3292.98	3285.16	11
4371.35	4372.68	11
5445.12	5446.96	11
6534.01	6522.88	11
7619.09	7609.69	11
8708.89	8690.27	11
9775.15	9766.67	11
1.17	1.43	11
1.5	1.51	11
1.63	1.61	11
1.91	1.93	11
2.34	2.39	11
2.79	2.72	11
3.8	3.93	11
5.95	5.84	11
9.96	9.78	11
18.03	17.17	11
32.28	31.97	11
61.84	60.91	11
119.28	117.92	11
229.78	231.98	11
457.89	454.95	11
915.64	913.31	11
1767.75	1768.59	11
2634.78	2637.56	11
3500.21	3501.54	11
4354.68	4378.68	11
5239.74	5245.97	11
6079.29	6120.04	11
6954.0	6905.42	11
7883.39	7833.5	11
1.33	1.33	11
2.1	1.46	11
1.76	1.72	11
2.41	2.42	11
3.54	3.46	11
4.11	4.21	11
5.44	5.74	11
7.56	7.54	11
12.01	12.72	11
20.58	20.94	11
38.77	39.27	11
75.77	74.99	11
145.86	145.84	11
287.62	288.19	11
572.34	572.31	11
1140.14	1142.42	11
2232.15	2239.47	11
3333.12	3333.78	11
4426.72	4412.93	11
5510.81	5511.86	11
6596.94	6609.04	11
7684.27	7696.45	11
8777.96	8776.81	11
9871.08	9862.61	11
1.31	1.49	11
1.53	1.53	11
1.84	1.69	11
2.23	2.23	11
2.54	2.54	11
2.9	3.47	11
4.05	4.16	11
6.6	5.54	11
10.24	9.35	11
16.79	17.4	11
31.03	31.27	11
56.58	56.11	11
111.37	108.92	11
220.26	216.21	11
427.61	427.04	11
829.02	844.63	11
1678.22	1654.73	11
2488.77	2455.38	11
3260.02	3354.97	11
4052.46	4075.14	11
4866.66	4967.63	11
5748.33	5676.04	11
6482.84	7180.42	11
7268.89	7229.35	11
1.31	1.31	12
1.34	1.38	12
1.78	1.7	12
2.09	2.06	12
2.85	2.98	12
3.21	2.96	12
4.48	4.53	12
7.28	7.52	12
11.47	11.84	12
20.61	20.44	12
38.3	38.53	12
75.67	77.08	12
152.0	149.51	12
298.52	298.68	12
590.41	595.83	12
1181.45	1181.36	12
2292.76	2287.41	12
3391.37	3385.94	12
4490.71	4492.82	12
5605.29	5605.24	12
6730.25	6728.76	12
7857.49	7863.51	12
8963.07	8968.32	12
10106.44	10119.77	12
1.32	0.99	12
1.32	1.36	12
1.64	1.33	12
1.67	1.63	12
2.13	2.19	12
2.54	2.6	12
3.25	3.36	12
4.58	4.4	12
6.62	6.93	12
9.59	9.59	12
15.52	15.42	12
26.75	26.28	12
45.57	47.35	12
85.28	89.03	12
163.71	168.06	12
330.29	318.1	12
611.17	620.75	12
927.94	935.88	12
1208.19	1268.07	12
1542.89	1562.54	12
1895.21	1876.16	12
2184.83	2170.58	12
2475.53	2531.62	12
2799.41	2716.47	12
1.23	1.21	12
1.41	1.33	12
1.78	1.82	12
2.2	2.33	12
3.19	3.1	12
3.6	3.67	12
4.24	5.24	12
7.06	7.11	12
11.59	11.63	12
21.19	20.85	12
38.78	38.17	12
75.17	75.74	12
147.44	144.56	12
286.23	290.47	12
576.73	577.71	12
1146.61	1146.5	12
2227.12	2227.18	12
3290.49	3290.73	12
4347.55	4364.62	12
5435.31	5441.44	12
6509.85	6508.91	12
7587.81	7584.37	12
8628.82	8620.51	12
9691.87	9682.6	12
1.32	1.32	12
1.52	1.39	12
1.37	1.62	12
1.89	1.55	12
2.27	2.13	12
2.99	2.82	12
3.97	3.87	12
4.48	4.75	12
6.19	6.43	12
9.47	8.9	12
14.08	14.99	12
22.95	23.2	12
39.97	40.95	12
74.98	74.41	12
141.22	140.31	12
265.73	274.89	12
529.78	531.92	12
777.27	795.62	12
1032.86	1070.75	12
1325.71	1328.49	12
1584.38	1575.51	12
1812.73	1813.77	12
2062.61	2126.57	12
2366.87	2362.09	12
1.02	1.06	13
1.09	1.22	13
1.32	1.34	13
1.87	1.87	13
2.68	2.63	13
3.39	4.1	13
3.84	4.63	13
5.34	4.96	13
6.25	6.36	13
8.51	8.28	13
11.25	10.98	13
17.99	17.64	13
30.45	30.33	13
55.78	55.07	13
103.92	103.57	13
201.83	203.8	13
393.24	392.44	13
751.36	760.1	13
1126.73	1128.49	13
1475.02	1478.89	13
1837.25	1847.66	13
2205.03	2224.4	13
2570.3	2589.34	13
2909.15	2920.13	13
3261.57	3303.22	13
1.1	0.97	13
1.17	1.16	13
1.35	1.49	13
1.95	2.44	13
2.57	2.47	13
3.38	3.92	13
3.89	4.1	13
4.53	5.4	13
7.35	7.3	13
10.8	9.87	13
14.98	14.96	13
25.76	25.49	13
45.32	45.84	13
84.91	84.41	13
164.87	162.57	13
319.41	319.61	13
627.16	622.26	13
1206.54	1219.22	13
1786.11	1815.12	13
2415.27	2388.96	13
2950.0	2951.8	13
3826.81	3864.52	13
4118.15	4146.03	13
4722.11	4741.14	13
5293.9	5289.5	13
1.06	0.97	13
1.17	1.24	13
1.49	1.61	13
2.06	2.06	13
2.71	2.54	13
4.36	3.57	13
3.57	4.22	13
4.95	4.98	13
5.11	6.11	13
7.42	7.95	13
10.5	11.5	13
15.9	17.6	13
27.81	28.2	13
50.6	49.21	13
92.83	91.33	13
174.64	174.81	13
345.79	341.67	13
663.01	663.07	13
991.98	982.9	13
1294.33	1292.13	13
1578.2	1619.82	13
1893.73	1946.58	13
2286.15	2259.25	13
2572.03	2583.63	13
2881.95	2907.35	13
1.21	0.92	13
1.18	1.26	13
1.4	1.42	13
2.17	1.79	13
2.38	3.0	13
3.67	3.41	13
4.01	3.76	13
6.08	4.96	13
6.67	6.12	13
9.28	9.54	13
13.92	14.44	13
23.9	24.23	13
40.85	42.39	13
79.5	79.14	13
153.25	150.0	13
299.47	296.21	13
580.42	587.21	13
1134.75	1129.51	13
1640.48	1662.01	13
2221.96	2208.42	13
2768.32	2703.2	13
3349.7	3307.89	13
3806.15	3894.93	13
4299.06	4430.75	13
4924.7	4931.88	13
0.89	1.08	14
1.18	1.17	14
1.45	1.45	14
1.95	1.92	14
2.84	2.41	14
3.4	3.56	14
3.43	3.66	14
4.39	5.46	14
6.98	6.9	14
9.84	9.93	14
15.01	14.86	14
26.05	25.32	14
45.26	46.02	14
84.5	83.68	14
162.2	162.25	14
316.38	318.17	14
623.79	621.51	14
1183.98	1204.05	14
1793.52	1775.87	14
2379.64	2344.17	14
2969.18	2954.2	14
3505.64	3499.66	14
4065.01	4119.38	14
4675.74	4673.89	14
5258.18	5230.23	14
0.85	1.12	14
1.26	1.17	14
1.4	1.3	14
2.09	1.93	14
2.23	2.52	14
2.68	3.95	14
4.63	4.64	14
4.56	5.46	14
6.97	6.28	14
8.06	9.31	14
11.16	11.77	14
18.04	17.68	14
31.21	30.07	14
54.24	55.05	14
101.94	100.5	14
196.28	194.47	14
373.8	382.74	14
734.52	745.04	14
1100.93	1095.38	14
1445.69	1443.19	14
1772.35	1796.3	14
2112.71	2157.81	14
2473.02	2534.69	14
2831.06	2863.85	14
3177.88	3237.73	14
1.03	1.1	14
1.15	1.12	14
1.51	1.46	14
1.77	1.87	14
2.47	3.11	14
3.39	3.88	14
3.78	4.79	14
4.5	4.96	14
6.81	6.48	14
9.41	9.83	14
14.08	14.75	14
24.62	23.14	14
44.43	43.08	14
78.57	78.31	14
151.68	153.22	14
291.32	294.89	14
571.75	580.49	14
1110.58	1136.32	14
1633.73	1665.27	14
2192.57	2198.53	14
2720.24	2705.15	14
3227.66	3261.24	14
3782.21	3838.21	14
4322.66	4403.0	14
4837.77	4899.83	14
1.01	1.05	14
1.09	1.11	14
1.47	1.43	14
1.88	1.98	14
2.68	2.92	14
4.01	3.57	14
4.01	4.31	14
4.72	4.74	14
5.91	5.86	14
8.46	7.33	14
11.88	10.88	14
16.01	17.09	14
28.67	29.32	14
50.19	49.91	14
93.61	92.34	14
178.09	180.58	14
350.73	351.38	14
671.82	684.75	14
1002.92	1004.44	14
1295.9	1329.76	14
1645.82	1655.11	14
1923.02	1971.36	14
2251.3	2323.24	14
2523.57	2655.9	14
2816.11	2947.99	14
1.51	1.07	15
1.4	1.14	15
1.49	2.32	15
1.88	1.79	15
2.6	2.39	15
3.08	3.29	15
3.74	4.32	15
5.54	4.67	15
6.37	5.63	15
8.76	8.4	15
11.61	11.02	15
18.28	18.3	15
30.09	30.29	15
54.2	54.31	15
100.72	102.67	15
193.09	194.07	15
379.18	385.05	15
727.35	737.84	15
1089.98	1099.01	15
1421.82	1451.13	15
1769.79	1818.22	15
2105.14	2155.77	15
2460.1	2503.31	15
2842.58	2865.21	15
3150.68	3233.92	15
1.52	0.94	15
1.31	1.09	15
1.54	1.5	15
1.84	1.74	15
2.88	2.55	15
3.21	3.59	15
3.63	3.73	15
4.89	4.92	15
6.99	7.67	15
10.04	9.81	15
15.18	15.19	15
26.29	23.59	15
46.84	45.43	15
82.96	85.02	15
162.94	163.61	15
314.23	313.16	15
631.81	617.05	15
1213.02	1204.03	15
1788.15	1795.18	15
2382.26	2371.94	15
2924.33	2941.04	15
3524.53	3545.8	15
4111.72	4117.36	15
4659.88	4716.44	15
5211.65	5245.78	15
1.17	1.02	15
1.19	1.2	15
1.37	1.48	15
2.15	1.83	15
2.51	2.71	15
3.17	3.37	15
4.6	4.58	15
4.42	4.99	15
5.67	5.81	15
7.82	8.07	15
11.36	10.96	15
17.54	16.96	15
26.77	27.32	15
50.49	49.31	15
94.23	92.52	15
177.84	179.4	15
349.89	350.76	15
665.61	672.54	15
977.6	1004.1	15
1282.95	1322.25	15
1622.51	1651.1	15
1955.84	1994.08	15
2193.26	2293.64	15
2576.67	2621.22	15
2830.91	2973.01	15
1.07	0.97	15
1.31	1.2	15
1.44	1.4	15
1.96	1.9	15
3.07	2.79	15
3.61	3.47	15
3.64	3.81	15
5.02	4.72	15
6.48	6.12	15
8.74	9.95	15
14.31	14.13	15
25.3	23.13	15
41.6	42.42	15
76.76	79.64	15
149.21	151.51	15
290.67	298.74	15
562.71	579.27	15
1133.96	1121.76	15
1674.87	1659.74	15
2200.25	2213.82	15
2667.06	2722.77	15
3275.3	3299.06	15
3708.24	3816.87	15
4321.92	4333.12	15
4788.95	4934.77	15
1.31	0.94	16
1.23	1.1	16
1.35	1.4	16
1.84	1.97	16
2.89	2.82	16
3.9	3.51	16
4.22	3.63	16
4.81	5.49	16
7.04	7.41	16
9.84	10.05	16
16.0	15.07	16
26.2	25.81	16
44.62	45.51	16
85.74	85.32	16
163.31	159.93	16
317.65	319.91	16
625.84	625.75	16
1197.23	1201.26	16
1795.1	1803.53	16
2356.34	2387.65	16
2969.55	2930.67	16
3575.0	3541.64	16
4119.07	4129.36	16
4778.33	4716.9	16
5317.07	5340.6	16
1.17	1.17	16
1.24	1.15	16
1.57	1.58	16
2.07	1.79	16
2.78	2.64	16
3.83	4.1	16
4.02	3.68	16
4.9	4.72	16
5.41	6.81	16
7.88	8.73	16
10.79	11.1	16
18.65	17.32	16
30.73	30.56	16
54.88	54.56	16
103.67	103.65	16
199.23	200.1	16
387.07	390.38	16
752.61	762.09	16
1114.48	1125.98	16
1485.01	1480.97	16
1828.74	1867.5	16
2205.99	2227.03	16
2550.65	2582.8	16
2880.29	2912.95	16
3252.76	3304.98	16
1.02	1.12	16
1.31	1.31	16
1.3	1.49	16
1.88	1.96	16
2.92	2.81	16
3.26	3.9	16
4.19	4.31	16
4.17	5.24	16
6.71	6.73	16
10.01	8.87	16
14.52	14.9	16
23.58	23.85	16
43.15	42.32	16
78.82	77.35	16
151.71	153.24	16
293.32	298.42	16
573.41	576.29	16
1141.29	1123.38	16
1666.85	1677.26	16
2207.88	2221.63	16
2800.27	2721.78	16
3344.66	3292.58	16
3830.19	3824.36	16
4348.18	4420.7	16
4874.53	4986.31	16
1.09	1.09	16
1.72	1.17	16
1.41	1.48	16
1.96	2.16	16
2.87	2.62	16
3.43	2.97	16
3.4	3.7	16
4.39	4.95	16
6.38	6.29	16
7.14	7.72	16
10.04	10.93	16
16.74	17.28	16
27.71	27.18	16
49.68	49.12	16
92.77	91.41	16
173.55	175.74	16
332.16	336.54	16
658.19	661.86	16
950.25	990.57	16
1260.75	1306.02	16
1622.95	1620.02	16
1954.53	1948.26	16
2254.04	2271.93	16
2571.2	2586.58	16
2848.12	2923.23	16
1.0	0.88	17
1.23	1.34	17
1.63	1.46	17
2.05	1.91	17
2.88	2.53	17
3.31	3.08	17
3.56	3.27	17
3.13	3.43	17
4.3	4.28	17
4.38	4.4	17
5.67	5.63	17
7.87	7.53	17
11.27	11.96	17
18.68	19.01	17
33.75	33.09	17
57.79	56.43	17
102.32	104.18	17
198.17	217.88	17
386.41	423.61	17
841.24	765.64	17
1631.75	1638.76	17
2135.99	2250.39	17
2868.09	2871.55	17
3623.64	4024.2	17
4136.19	4775.32	17
5555.39	4993.66	17
5624.85	5723.92	17
6571.41	6544.75	17
0.97	0.89	17
1.24	1.18	17
1.6	1.49	17
2.21	2.01	17
2.72	2.54	17
3.13	3.21	17
3.24	3.6	17
4.2	4.54	17
5.49	4.96	17
7.71	8.02	17
13.25	12.88	17
23.89	23.18	17
43.72	43.61	17
83.07	83.43	17
160.82	163.13	17
317.16	319.31	17
509.2	621.98	17
1233.6	1247.95	17
1996.39	2456.85	17
4941.71	4910.64	17
9689.98	9708.95	17
14530.43	14339.37	17
19144.68	19130.0	17
23639.08	23808.29	17
28413.23	28144.53	17
32856.47	32794.55	17
38052.41	37870.65	17
42498.61	42438.55	17
1.11	0.97	17
1.23	1.16	17
1.82	1.68	17
2.24	1.91	17
2.81	2.41	17
3.36	3.03	17
3.27	2.95	17
3.58	3.69	17
4.17	4.08	17
5.07	5.16	17
6.75	5.69	17
9.68	8.58	17
15.2	16.48	17
22.06	25.52	17
37.02	37.17	17
60.47	61.42	17
109.38	107.2	17
200.81	201.11	17
381.31	388.22	17
754.39	738.83	17
1443.18	1428.09	17
2197.05	2145.01	17
2755.93	2882.59	17
3619.13	3469.43	17
4227.85	4414.92	17
4895.72	4989.99	17
5809.26	5694.21	17
6381.56	6514.25	17
2.32	0.9	17
1.21	1.38	17
1.55	1.34	17
2.02	1.96	17
2.71	2.76	17
3.02	3.06	17
3.65	3.8	17
4.01	4.45	17
5.63	5.36	17
8.73	8.32	17
13.86	13.74	17
24.66	24.89	17
45.66	46.0	17
85.4	84.79	17
132.37	161.77	17
320.51	315.41	17
619.61	631.87	17
1238.51	1013.09	17
2457.24	2482.76	17
4986.7	4940.65	17
9606.58	9713.91	17
14259.68	14217.22	17
19078.8	18892.94	17
23666.62	23705.39	17
28588.05	28618.81	17
33260.93	33098.09	17
37906.4	37968.86	17
42741.42	42233.06	17
1.23	1.14	18
1.5	1.17	18
1.74	1.64	18
2.15	2.13	18
2.78	2.83	18
3.23	3.15	18
3.42	3.33	18
4.06	4.21	18
4.04	4.28	18
4.99	4.34	18
6.29	6.96	18
8.61	8.95	18
13.68	13.95	18
22.6	22.84	18
40.98	40.81	18
78.14	76.29	18
144.53	146.01	18
294.38	282.79	18
567.99	576.56	18
1182.5	1121.02	18
2149.85	2219.34	18
3338.55	3262.19	18
4444.54	4261.1	18
6101.2	6019.54	18
6476.8	6486.29	18
7497.3	7506.19	18
8705.61	8637.34	18
9779.21	9617.23	18
1.16	1.08	18
1.44	1.39	18
2.27	1.68	18
2.47	2.08	18
2.6	2.74	18
3.44	2.84	18
3.58	3.5	18
3.93	3.76	18
5.45	5.64	18
7.92	8.29	18
13.16	12.94	18
22.89	22.85	18
42.94	34.64	18
79.31	81.13	18
156.93	153.54	18
303.16	306.3	18
605.99	592.91	18
1177.74	1181.83	18
2372.35	2344.2	18
4696.86	4721.69	18
9201.89	9306.42	18
13706.83	13609.9	18
18282.82	18271.91	18
22598.72	22738.55	18
26810.14	27331.35	18
32001.64	31609.19	18
36211.61	35895.21	18
40542.4	40620.57	18
1.19	0.97	18
1.31	1.22	18
1.56	1.75	18
2.09	2.23	18
2.66	2.92	18
3.17	2.82	18
3.55	3.64	18
3.59	3.86	18
4.05	4.36	18
6.18	5.48	18
6.91	7.14	18
9.85	11.35	18
18.01	18.02	18
27.26	26.91	18
43.23	44.91	18
82.05	80.64	18
148.72	151.21	18
296.09	306.25	18
578.83	579.39	18
1152.86	1157.22	18
2186.95	2278.75	18
3414.66	3372.48	18
4405.93	4374.5	18
5454.22	5298.95	18
6491.74	6491.93	18
7673.66	7650.27	18
8545.51	8484.88	18
9497.1	9802.06	18
1.12	1.06	18
1.4	1.3	18
1.46	1.61	18
2.07	2.37	18
2.92	2.71	18
3.75	3.04	18
3.73	3.53	18
4.42	3.98	18
5.47	5.9	18
8.38	8.37	18
13.44	13.29	18
23.8	23.17	18
43.7	35.63	18
67.47	81.51	18
156.44	126.71	18
304.57	307.58	18
485.32	596.85	18
1190.51	1184.5	18
2360.15	2350.66	18
4697.9	4687.48	18
9255.75	9182.8	18
13622.78	13667.53	18
18055.08	14822.22	18
22561.43	22567.24	18
27091.61	22154.41	18
32073.36	31619.53	18
35956.97	36281.84	18
40420.04	40960.45	18
1.14	1.03	19
1.31	1.17	19
1.66	1.63	19
2.21	2.24	19
2.83	2.67	19
3.15	2.95	19
3.87	3.42	19
4.09	4.46	19
5.38	5.5	19
8.04	8.35	19
12.92	11.23	19
23.1	22.77	19
42.71	34.77	19
81.13	80.09	19
153.46	155.9	19
303.73	299.13	19
598.2	597.7	19
1191.84	1179.17	19
2346.78	2375.11	19
4702.07	4712.63	19
9146.92	9214.72	19
13600.64	13703.64	19
18076.22	18144.72	19
22964.41	22752.28	19
26880.13	27489.54	19
31607.28	31608.09	19
36006.0	36120.96	19
40349.19	40803.02	19
1.15	1.1	19
1.23	1.23	19
1.61	1.6	19
2.06	2.19	19
2.77	2.59	19
2.93	3.12	19
3.24	3.51	19
3.61	3.56	19
4.03	3.85	19
4.53	4.24	19
6.55	6.17	19
8.7	8.84	19
13.18	13.41	19
23.71	22.89	19
40.66	40.33	19
76.91	78.2	19
146.16	147.45	19
289.45	280.94	19
595.67	592.62	19
1141.41	1127.57	19
2309.89	2193.56	19
3225.66	3321.5	19
4594.23	4451.43	19
6024.68	5440.47	19
6673.47	6545.65	19
7630.74	7912.35	19
9099.6	8690.17	19
9615.46	9768.69	19
1.18	1.15	19
1.52	1.28	19
1.7	1.6	19
2.43	2.16	19
2.69	2.55	19
3.1	3.25	19
3.92	3.28	19
4.58	4.06	19
5.91	5.33	19
8.41	8.47	19
13.54	13.19	19
23.64	23.4	19
35.67	43.95	19
82.84	80.93	19
128.18	158.01	19
250.41	304.41	19
597.6	597.16	19
1176.38	1179.96	19
2353.39	2363.0	19
3811.76	4680.07	19
9231.73	9197.54	19
13501.34	13708.04	19
18063.43	18145.85	19
22775.22	22623.79	19
27138.65	27095.39	19
32029.31	31541.59	19
35765.87	36017.15	19
40388.28	40779.57	19
1.26	1.04	19
1.44	1.39	19
1.91	1.53	19
2.28	2.04	19
3.06	2.79	19
3.24	3.14	19
3.47	4.11	19
3.55	3.55	19
4.31	4.17	19
5.53	5.07	19
7.77	7.45	19
10.85	10.72	19
18.42	17.84	19
27.63	26.75	19
44.76	46.26	19
80.37	80.83	19
156.01	147.63	19
292.5	293.83	19
569.9	562.3	19
1130.21	1119.45	19
2142.22	2190.83	19
3346.9	3271.96	19
4339.48	4402.78	19
5457.48	5361.92	19
6537.32	6584.33	19
7632.81	7654.94	19
8750.86	8821.16	19
9795.63	9871.92	19
1.1	0.97	20
1.29	1.27	20
1.58	1.51	20
2.29	2.0	20
2.81	2.51	20
3.31	3.09	20
3.56	3.36	20
4.32	3.85	20
4.94	5.04	20
8.06	7.44	20
13.52	13.21	20
19.5	23.49	20
42.88	44.59	20
83.99	84.3	20
161.27	161.34	20
318.44	317.01	20
625.14	630.49	20
1239.16	1242.07	20
2501.79	2464.35	20
4913.29	4951.0	20
9570.39	9679.82	20
14250.62	11793.56	20
18936.05	19147.02	20
23620.29	19218.88	20
28502.46	28738.72	20
33053.65	33523.34	20
30390.9	38080.31	20
42808.56	42500.36	20
1.15	1.04	20
1.23	1.21	20
1.62	1.56	20
2.2	2.15	20
2.99	2.62	20
2.88	2.92	20
3.21	3.03	20
3.54	3.36	20
4.05	3.65	20
4.74	4.62	20
5.59	5.82	20
7.34	7.72	20
11.8	11.59	20
19.18	20.07	20
31.9	32.95	20
55.59	58.15	20
103.22	105.85	20
194.18	195.38	20
395.42	371.98	20
750.37	734.87	20
1447.84	1465.47	20
2118.18	2397.95	20
2789.43	2871.58	20
3548.56	4012.25	20
4257.27	4178.91	20
4830.42	4949.34	20
5765.82	5777.93	20
6474.11	6106.06	20
1.05	1.05	20
1.2	1.25	20
1.73	1.54	20
2.24	2.16	20
2.69	2.44	20
3.23	3.46	20
3.54	3.17	20
4.48	4.02	20
5.65	5.58	20
8.22	8.4	20
11.77	13.73	20
19.78	24.43	20
44.8	46.04	20
83.75	84.22	20
163.01	161.84	20
318.35	317.24	20
640.27	625.42	20
1237.72	1244.3	20
2474.61	2465.58	20
4926.75	4862.09	20
9583.45	9607.21	20
14360.6	14378.57	20
15541.69	19207.06	20
23622.09	23870.82	20
28227.1	28329.05	20
33445.05	27205.57	20
37810.75	37748.13	20
42679.6	42094.98	20
1.07	0.93	20
1.29	1.23	20
1.43	1.45	20
2.24	2.08	20
2.69	2.57	20
3.13	3.33	20
3.71	3.06	20
3.38	3.48	20
4.2	4.01	20
5.41	4.7	20
7.26	6.66	20
10.34	9.05	20
16.02	16.53	20
24.08	24.07	20
36.59	37.33	20
59.89	60.81	20
109.52	106.86	20
200.09	203.79	20
397.78	389.01	20
730.39	773.93	20
1505.14	1462.57	20
2178.69	2151.54	20
2779.97	2886.08	20
3584.14	3495.37	20
4360.91	4372.89	20
5098.65	4980.44	20
5783.93	5683.38	20
6381.79	6330.26	20
1.17	1.11	21
1.25	1.01	21
1.17	1.08	21
1.12	1.16	21
1.15	1.22	21
1.3	1.16	21
1.63	1.33	21
1.68	1.65	21
1.98	1.87	21
2.17	2.15	21
2.94	3.46	21
4.13	3.95	21
6.31	6.13	21
11.4	10.63	21
19.54	19.4	21
36.37	35.82	21
68.86	70.53	21
134.95	131.52	21
254.22	253.05	21
488.32	494.75	21
743.63	728.39	21
965.35	964.54	21
1214.9	1211.83	21
1454.92	1492.87	21
1689.1	1735.57	21
1928.45	1924.2	21
2272.54	2192.53	21
1.12	0.95	21
1.03	1.22	21
1.02	0.99	21
1.06	1.18	21
1.04	1.66	21
1.08	1.08	21
1.28	1.29	21
1.6	1.51	21
2.18	2.18	21
3.44	3.35	21
5.79	5.64	21
10.3	10.65	21
20.47	21.09	21
40.44	39.68	21
77.5	75.91	21
154.55	153.03	21
303.16	295.54	21
590.98	596.55	21
1194.7	1176.97	21
2349.92	2344.57	21
3345.12	3384.42	21
4671.38	4763.03	21
5747.77	6059.51	21
6662.74	6719.65	21
7780.62	7833.85	21
9175.28	9224.57	21
10272.03	10226.72	21
1.08	0.94	21
1.08	0.81	21
1.11	1.07	21
1.24	0.96	21
1.26	1.06	21
1.45	1.31	21
1.81	1.17	21
1.85	1.58	21
2.05	2.0	21
2.62	2.29	21
3.06	3.03	21
4.49	4.29	21
7.36	7.09	21
12.62	12.28	21
19.82	21.64	21
36.48	41.86	21
79.52	72.01	21
142.89	141.04	21
287.61	299.12	21
613.92	553.22	21
913.94	878.96	21
1074.47	1112.39	21
1377.64	1334.76	21
1605.52	1501.11	21
1856.62	2075.66	21
2204.37	2215.91	21
2654.81	2552.84	21
1.22	1.04	21
1.18	1.07	21
1.26	0.97	21
1.08	1.23	21
1.13	1.03	21
1.29	1.26	21
1.5	1.32	21
1.94	1.77	21
2.66	2.39	21
3.85	4.74	21
6.63	6.61	21
11.72	11.7	21
22.46	23.11	21
42.52	43.12	21
84.86	82.98	21
166.24	167.54	21
326.73	332.49	21
659.99	655.42	21
1315.35	1302.85	21
2552.04	2561.33	21
3759.49	3805.71	21
5012.14	5011.1	21
6138.62	6376.98	21
7595.54	7539.62	21
8580.04	8676.16	21
10160.17	9940.22	21
11246.46	11312.82	21
1.03	1.16	22
1.14	0.97	22
1.21	1.1	22
1.1	1.0	22
1.43	1.23	22
1.14	1.28	22
1.32	1.25	22
1.62	1.8	22
1.86	1.87	22
2.38	2.49	22
3.79	3.68	22
5.83	5.59	22
9.93	10.36	22
18.86	18.41	22
36.2	35.01	22
69.73	68.59	22
133.04	135.38	22
268.37	264.9	22
523.47	523.72	22
1012.08	1028.15	22
1523.16	1526.24	22
2025.04	2004.67	22
2478.26	2498.73	22
2988.19	2946.34	22
3423.15	3495.7	22
4041.93	3967.33	22
4393.92	4530.86	22
1.04	1.12	22
0.94	1.15	22
1.04	1.1	22
0.95	1.12	22
1.18	1.19	22
1.19	1.2	22
1.36	1.39	22
2.25	1.79	22
2.22	2.53	22
3.19	3.38	22
5.34	5.15	22
9.65	9.7	22
17.59	17.17	22
34.03	33.49	22
64.01	66.19	22
130.01	128.05	22
249.44	255.39	22
525.88	489.76	22
1046.88	1005.27	22
2061.05	1908.95	22
2959.19	2815.4	22
4004.38	3892.33	22
4810.01	4856.77	22
6208.64	5562.59	22
6489.95	6777.59	22
8256.58	7542.41	22
8960.76	8342.84	22
0.95	1.08	22
1.83	1.01	22
1.12	1.18	22
1.13	1.22	22
0.99	1.22	22
1.22	1.38	22
1.5	1.29	22
1.82	1.82	22
2.04	2.22	22
2.54	2.77	22
3.85	3.84	22
6.11	6.1	22
10.5	10.6	22
19.36	19.26	22
36.93	36.09	22
70.23	68.74	22
139.15	136.51	22
268.5	258.09	22
521.11	538.8	22
1021.71	1062.11	22
1545.53	1537.68	22
1980.46	2037.17	22
2467.15	2558.89	22
3033.55	3053.46	22
3549.72	3480.73	22
4010.75	4188.65	22
4394.5	4756.45	22
0.99	1.12	22
1.61	1.11	22
1.01	1.12	22
1.08	1.12	22
1.0	1.15	22
1.29	1.31	22
1.42	1.56	22
1.82	1.83	22
2.57	2.38	22
3.7	4.1	22
5.76	5.44	22
9.85	10.04	22
18.09	18.42	22
34.95	35.56	22
69.49	67.77	22
137.64	134.03	22
270.33	263.36	22
513.41	516.07	22
1069.5	1078.59	22
2039.05	2033.13	22
3041.87	2989.35	22
4015.81	3948.48	22
5092.96	5187.56	22
5978.09	5985.58	22
7002.34	7985.32	22
8001.18	7913.63	22
8962.44	8806.98	22
1.62	1.07	23
1.03	1.17	23
1.06	1.16	23
1.08	1.19	23
1.14	1.17	23
1.29	1.43	23
1.48	1.49	23
1.64	1.61	23
2.2	2.27	23
3.74	3.27	23
5.2	5.26	23
9.42	9.04	23
17.26	17.71	23
34.36	33.66	23
69.1	63.55	23
133.65	126.28	23
264.22	245.85	23
504.44	506.24	23
1044.35	1042.72	23
1944.99	1907.54	23
3014.03	3037.75	23
3861.49	3916.29	23
4712.51	4811.48	23
5536.29	6140.4	23
6708.2	6947.25	23
7717.01	7379.98	23
8279.7	8697.5	23
0.99	0.88	23
1.03	0.97	23
1.05	0.86	23
1.03	1.0	23
1.2	1.13	23
1.38	1.28	23
1.38	1.29	23
1.48	1.39	23
1.8	1.79	23
2.48	2.7	23
3.53	3.52	23
6.03	5.35	23
10.65	10.38	23
19.24	19.21	23
37.11	36.3	23
68.74	70.57	23
133.4	135.72	23
270.44	264.12	23
531.94	527.42	23
1009.26	1002.38	23
1520.87	1514.07	23
2016.11	1983.84	23
2459.49	2466.21	23
2994.95	2920.63	23
3438.82	3458.09	23
4004.33	3826.79	23
4441.99	4453.24	23
1.04	1.05	23
1.02	0.98	23
1.65	1.04	23
1.03	1.26	23
1.01	1.19	23
1.25	1.32	23
1.55	1.41	23
1.74	1.9	23
2.5	2.3	23
3.8	3.52	23
5.63	5.91	23
10.14	10.12	23
18.06	18.36	23
35.27	34.54	23
67.27	69.19	23
133.32	134.18	23
267.99	271.18	23
528.07	523.82	23
1031.3	1038.32	23
2004.17	1993.12	23
3009.56	3027.73	23
3982.99	3942.36	23
4905.16	5170.95	23
5958.22	6005.07	23
6961.05	6910.49	23
8088.97	7818.03	23
9188.56	8860.26	23
1.55	1.02	23
1.0	1.04	23
0.97	0.99	23
0.96	1.05	23
1.15	1.15	23
1.2	1.23	23
1.43	1.56	23
1.6	1.8	23
2.0	2.0	23
2.57	2.61	23
3.58	3.73	23
5.88	6.13	23
10.52	10.96	23
19.9	19.55	23
36.27	36.86	23
68.5	73.77	23
139.25	131.9	23
264.07	269.12	23
535.39	535.13	23
1007.38	1065.29	23
1570.5	1528.67	23
2048.2	2061.29	23
2582.76	2609.15	23
3126.43	3126.89	23
3449.04	3513.56	23
4005.48	4090.25	23
4542.41	4533.07	23
0.9	0.95	24
1.0	0.95	24
0.92	0.95	24
0.99	1.06	24
1.01	1.61	24
1.24	1.13	24
1.33	1.34	24
1.49	1.6	24
2.11	2.22	24
3.57	3.55	24
5.72	5.87	24
10.38	10.51	24
20.03	20.11	24
39.77	39.39	24
80.57	76.31	24
151.91	150.36	24
315.45	301.29	24
582.86	586.18	24
1207.02	1188.81	24
2334.34	2262.9	24
3366.06	3400.89	24
4453.81	4619.37	24
5579.77	5934.26	24
6657.21	6966.23	24
8025.82	7996.48	24
9088.77	9472.9	24
10063.79	9848.66	24
1.04	0.97	24
1.02	0.98	24
0.87	0.98	24
1.04	1.03	24
1.09	1.06	24
1.3	1.22	24
1.34	1.2	24
1.44	1.57	24
1.6	1.77	24
2.29	2.05	24
2.54	2.66	24
3.96	3.96	24
5.86	6.32	24
10.77	10.59	24
19.79	20.0	24
34.8	36.34	24
70.75	69.03	24
129.89	131.32	24
250.89	260.83	24
504.8	490.77	24
742.72	732.76	24
1005.03	995.26	24
1197.09	1264.25	24
1477.12	1434.82	24
1698.35	1749.64	24
1910.67	1933.78	24
2201.6	2215.7	24
0.92	0.75	24
0.93	0.81	24
0.95	0.87	24
0.98	0.83	24
1.07	0.88	24
1.13	1.15	24
1.39	1.73	24
1.8	1.77	24
2.35	2.2	24
3.64	3.57	24
6.65	6.18	24
11.83	11.5	24
21.96	22.0	24
42.7	43.06	24
84.14	84.86	24
166.53	170.37	24
327.44	331.87	24
665.3	649.27	24
1304.79	1316.55	24
2545.49	2559.26	24
3843.02	3733.33	24
4993.27	5019.77	24
6303.3	6264.22	24
7546.85	7476.13	24
8892.63	8826.46	24
9992.76	10055.35	24
11168.41	11166.42	24
1.06	0.84	24
0.91	0.85	24
0.95	0.96	24
1.03	0.86	24
1.12	0.89	24
1.11	1.11	24
1.24	1.77	24
1.47	1.55	24
1.85	2.49	24
2.3	2.18	24
2.91	2.81	24
4.21	3.98	24
7.24	7.3	24
11.94	11.21	24
24.09	20.68	24
38.14	40.51	24
81.12	69.22	24
136.86	149.61	24
300.35	320.76	24
594.51	523.85	24
837.22	768.22	24
1100.41	1054.04	24
1358.27	1225.38	24
1568.17	1816.68	24
1882.63	2070.84	24
2362.91	2184.16	24
2442.23	2581.72	24
1.83	1.67	25
2.3	2.2	25
2.33	2.84	25
3.14	2.99	25
3.92	3.69	25
3.3	2.95	25
4.18	3.49	25
3.81	3.48	25
4.46	5.02	25
5.86	5.41	25
8.29	7.2	25
12.4	11.23	25
19.59	19.61	25
39.03	34.13	25
62.06	62.14	25
116.48	118.89	25
227.6	224.47	25
440.99	449.57	25
863.16	837.79	25
1285.0	1282.38	25
1947.92	1680.05	25
2158.25	2081.98	25
2535.78	2512.5	25
2946.63	3442.28	25
3945.12	3292.25	25
3812.68	4447.62	25
1.9	1.81	25
2.31	2.47	25
3.14	3.09	25
4.3	3.77	25
4.32	3.94	25
4.42	4.46	25
4.33	5.67	25
5.76	5.93	25
7.93	7.37	25
12.21	12.14	25
20.44	20.3	25
36.51	36.3	25
69.26	68.57	25
132.26	133.66	25
215.0	260.31	25
514.41	515.4	25
1024.62	1014.39	25
2026.23	2031.13	25
3960.06	3286.02	25
5858.97	5918.02	25
7764.96	7875.19	25
8046.86	8089.81	25
11655.31	11606.34	25
13514.29	13611.81	25
15571.62	15472.58	25
17579.91	14340.84	25
1.8	1.74	25
2.2	2.13	25
3.18	3.05	25
3.51	3.56	25
3.8	3.49	25
3.89	3.67	25
4.47	3.68	25
3.81	4.31	25
5.11	5.48	25
7.39	7.01	25
10.29	9.75	25
13.87	14.1	25
21.28	21.41	25
36.08	36.42	25
64.43	64.29	25
117.49	121.55	25
229.1	253.14	25
451.47	437.05	25
869.7	852.62	25
1270.57	1304.03	25
1700.72	1994.67	25
2128.57	2093.79	25
2862.59	2523.92	25
3334.51	2909.52	25
3360.68	3841.09	25
3800.24	3771.47	25
1.97	1.85	25
2.33	2.35	25
2.84	3.37	25
3.85	3.69	25
4.55	3.89	25
4.6	4.17	25
5.01	4.41	25
6.3	6.1	25
7.99	7.23	25
12.93	11.38	25
21.39	21.42	25
37.35	36.81	25
34.45	70.3	25
133.67	134.31	25
259.06	261.71	25
512.05	516.85	25
1027.61	844.36	25
1676.42	1334.23	25
3936.33	3936.86	25
5866.27	5874.59	25
6491.78	7769.0	25
9709.56	9751.32	25
11587.86	11652.54	25
13620.75	13636.43	25
15562.06	15498.61	25
17344.47	17359.72	25
1.99	1.94	26
2.53	2.58	26
3.44	3.07	26
3.57	3.82	26
4.01	3.77	26
4.25	4.19	26
4.59	4.16	26
4.8	4.77	26
6.01	5.74	26
7.17	7.29	26
11.07	10.0	26
16.85	16.14	26
27.21	27.43	26
51.67	55.81	26
96.38	96.7	26
184.75	186.0	26
368.01	360.6	26
723.87	730.73	26
1411.68	1402.27	26
2086.87	2098.0	26
2981.4	2780.3	26
3783.32	3466.55	26
4524.61	4096.32	26
4843.56	4802.84	26
5453.68	5492.42	26
6858.71	6207.39	26
1.91	1.92	26
2.47	2.31	26
3.2	2.97	26
3.27	3.21	26
3.97	3.24	26
3.69	3.98	26
4.37	4.5	26
4.68	5.49	26
7.04	7.23	26
10.65	10.76	26
18.14	17.97	26
27.21	31.79	26
61.31	60.66	26
119.43	117.13	26
231.35	232.34	26
457.45	457.89	26
907.7	909.52	26
1826.18	1466.67	26
3553.08	3517.11	26
5230.43	4264.78	26
6997.93	7000.51	26
8604.18	8692.86	26
10450.54	10396.71	26
7617.13	12114.5	26
13927.94	13836.54	26
12689.99	15588.1	26
1.81	1.83	26
2.33	2.26	26
3.19	2.93	26
3.86	3.89	26
4.09	3.94	26
3.77	4.02	26
4.66	4.54	26
5.4	4.91	26
6.5	6.39	26
7.88	8.22	26
12.1	12.08	26
18.31	18.33	26
29.63	30.05	26
55.06	51.95	26
98.81	97.93	26
187.05	187.06	26
367.49	392.53	26
731.58	723.32	26
1498.9	1491.27	26
2092.93	2235.81	26
2710.31	2793.59	26
3688.73	3448.46	26
4096.31	4105.85	26
5086.26	4830.73	26
5436.0	5509.74	26
6187.9	6161.71	26
1.89	2.4	26
2.66	2.29	26
2.9	2.55	26
3.59	3.05	26
3.9	3.3	26
4.15	4.23	26
4.66	4.33	26
5.29	5.95	26
7.5	7.45	26
11.78	11.71	26
16.09	19.61	26
34.58	34.33	26
61.57	51.23	26
119.59	119.72	26
233.25	232.67	26
457.78	458.04	26
906.69	908.83	26
1824.34	1804.73	26
3540.52	3533.06	26
5230.68	5268.55	26
6964.16	6987.01	26
8650.42	8715.53	26
10486.53	10466.32	26
9888.57	12086.03	26
13773.99	13798.68	26
15587.7	15475.57	26
1.94	2.02	27
2.16	2.35	27
2.74	3.16	27
3.14	3.75	27
3.4	4.11	27
3.88	4.08	27
4.32	3.89	27
5.48	4.41	27
7.26	7.52	27
8.31	10.54	27
18.19	18.51	27
27.39	32.0	27
61.24	61.5	27
120.41	118.08	27
192.23	230.97	27
454.74	377.9	27
911.84	899.45	27
1818.03	1473.6	27
3525.39	3527.83	27
4305.08	5253.48	27
5698.23	7002.51	27
8704.05	7114.55	27
10370.28	10390.94	27
9917.49	12133.92	27
13828.82	13828.92	27
15584.58	15611.85	27
1.81	1.79	27
2.39	2.96	27
3.3	2.93	27
3.87	3.74	27
3.86	4.41	27
4.2	4.29	27
3.77	4.29	27
5.34	4.91	27
6.81	5.77	27
6.84	7.03	27
10.18	10.39	27
15.56	15.93	27
28.75	27.68	27
51.73	51.7	27
96.77	105.13	27
184.07	185.66	27
360.17	366.52	27
716.32	720.68	27
1393.17	1401.63	27
2087.17	2107.84	27
2744.23	2760.4	27
3743.1	3470.64	27
4104.24	4136.46	27
4817.59	4810.82	27
5476.67	5420.72	27
6165.44	6179.41	27
1.9	1.86	27
2.34	2.43	27
2.9	2.66	27
3.3	3.12	27
3.45	3.85	27
3.88	4.0	27
4.54	5.11	27
5.04	5.62	27
7.78	7.78	27
11.74	11.69	27
19.51	19.26	27
28.06	33.72	27
62.61	61.77	27
99.62	119.27	27
233.27	232.17	27
457.02	459.62	27
909.34	746.1	27
1807.59	1808.44	27
3506.53	3552.2	27
5250.62	5244.6	27
7012.53	6949.33	27
8687.38	8713.39	27
10368.95	8496.86	27
9938.05	12127.36	27
13866.84	13921.15	27
15582.13	15545.93	27
1.82	1.73	27
2.39	2.42	27
2.96	3.45	27
3.67	3.69	27
4.09	4.17	27
4.12	4.24	27
4.6	4.64	27
5.13	5.07	27
5.93	6.26	27
7.56	8.42	27
11.73	12.51	27
18.02	17.72	27
30.91	30.22	27
52.72	53.52	27
98.88	97.88	27
190.11	201.45	27
366.21	365.3	27
721.81	728.56	27
1493.56	1409.82	27
2093.65	2074.5	27
2757.55	2766.92	27
3467.82	3425.42	27
4125.14	4101.97	27
4759.39	4773.62	27
5519.72	5465.4	27
6115.44	6206.76	27
1.58	1.81	28
2.23	2.47	28
3.21	3.39	28
3.9	3.46	28
3.81	4.3	28
4.68	4.64	28
4.61	5.11	28
5.84	6.22	28
8.11	8.07	28
10.64	10.37	28
20.11	20.38	28
36.32	36.75	28
68.64	69.11	28
132.91	131.86	28
258.78	258.5	28
426.37	426.43	28
1010.71	1021.66	28
2011.54	2023.96	28
3945.5	3290.0	28
5868.65	5924.87	28
7792.8	7719.24	28
9734.9	9664.62	28
11662.65	9712.49	28
13642.95	13510.46	28
12906.4	12787.5	28
14319.77	17454.0	28
1.73	1.68	28
2.26	2.19	28
2.53	3.06	28
3.62	2.77	28
3.71	3.29	28
4.14	3.67	28
3.75	3.94	28
3.98	4.07	28
4.87	5.06	28
5.59	5.38	28
8.5	8.18	28
12.22	12.59	28
19.12	19.66	28
34.4	33.77	28
71.63	62.47	28
135.47	117.17	28
230.72	226.53	28
440.12	449.59	28
868.43	838.94	28
1250.13	1273.43	28
1949.9	1691.42	28
2084.06	2133.23	28
2951.94	2540.76	28
2958.03	3385.16	28
3304.52	3951.72	28
3748.91	3746.26	28
1.67	1.8	28
2.49	2.25	28
2.96	3.06	28
3.64	3.76	28
3.83	4.24	28
4.22	4.47	28
5.08	5.17	28
6.33	6.24	28
8.24	8.51	28
12.31	12.79	28
18.46	21.64	28
37.54	32.05	28
70.92	69.65	28
133.26	133.46	28
215.17	259.88	28
511.82	511.08	28
673.43	1015.58	28
2019.45	2025.65	28
2592.05	3929.65	28
3891.8	5855.01	28
7836.2	7837.95	28
9701.91	9773.93	28
11696.6	11682.99	28
13466.03	13685.8	28
15583.27	15469.31	28
14507.26	17339.47	28
1.93	1.78	28
2.03	2.39	28
2.77	2.64	28
3.26	3.28	28
3.16	3.37	28
3.6	3.92	28
3.64	3.7	28
4.33	4.7	28
4.94	5.81	28
6.35	7.24	28
10.05	9.67	28
14.01	14.64	28
21.51	21.55	28
36.22	35.58	28
64.07	71.59	28
120.89	148.31	28
261.68	224.01	28
444.01	442.9	28
846.68	974.47	28
1279.26	1459.51	28
1669.55	1680.84	28
2068.74	2073.16	28
2512.91	2872.8	28
3363.13	2870.03	28
3306.03	3337.78	28
3754.03	4286.41	28
0.85	0.84	29
0.99	1.01	29
1.2	1.24	29
1.63	1.61	29
2.13	2.03	29
2.71	2.38	29
3.01	3.39	29
2.61	3.04	29
3.34	3.47	29
3.77	3.62	29
3.7	3.89	29
4.22	4.35	29
5.6	5.56	29
7.08	7.2	29
11.33	11.2	29
20.25	17.3	29
35.87	32.01	29
57.46	57.29	29
108.15	109.01	29
210.94	210.69	29
409.9	416.68	29
805.97	778.87	29
1174.52	1177.96	29
1562.1	1572.22	29
2322.99	1944.89	29
2738.88	2302.8	29
2702.2	2748.06	29
3070.49	3074.14	29
3453.83	3502.91	29
0.95	0.8	29
1.06	0.98	29
1.3	1.19	29
1.73	1.58	29
2.94	1.9	29
2.68	2.78	29
2.96	3.5	29
3.11	3.13	29
3.28	3.44	29
4.74	3.88	29
5.01	4.78	29
6.81	6.54	29
9.09	10.4	29
17.46	16.51	29
31.25	31.6	29
58.95	59.73	29
116.1	115.77	29
228.66	225.69	29
379.19	446.05	29
884.23	882.74	29
1756.01	1750.07	29
3397.2	3411.46	29
5004.81	4985.8	29
6572.42	6551.72	29
8140.1	8153.91	29
9708.43	9665.57	29
11266.78	11207.93	29
12869.18	12754.24	29
14433.09	14324.7	29
0.91	0.8	29
1.0	0.94	29
1.17	1.16	29
1.43	1.44	29
1.84	2.12	29
2.37	2.61	29
3.19	2.93	29
3.18	3.02	29
3.12	3.55	29
3.52	3.56	29
3.78	4.2	29
4.84	4.8	29
6.17	6.41	29
8.66	8.31	29
11.92	12.66	29
19.55	19.07	29
36.09	37.05	29
58.46	65.91	29
110.25	108.92	29
216.36	215.18	29
404.65	415.21	29
803.57	793.85	29
1357.26	1161.89	29
1562.33	1548.99	29
1960.07	1938.68	29
2324.38	2280.28	29
2717.6	3163.99	29
3105.33	3589.54	29
3480.61	3458.06	29
0.87	0.9	29
0.93	0.99	29
1.3	1.14	29
1.55	1.7	29
1.83	2.28	29
2.7	2.57	29
2.94	2.95	29
2.64	3.25	29
3.31	3.26	29
4.02	4.69	29
4.06	5.07	29
6.97	6.9	29
11.07	10.5	29
17.17	18.41	29
27.31	32.68	29
59.59	59.61	29
112.95	115.13	29
220.97	223.13	29
437.18	440.89	29
863.81	861.11	29
1719.26	1436.99	29
3341.85	3339.18	29
4951.88	4905.57	29
6502.04	5502.04	29
8872.51	9150.31	29
9677.83	9711.17	29
11193.96	9563.04	29
12903.11	12808.11	29
14352.78	14358.28	29
1.06	1.06	30
1.17	1.57	30
1.75	1.35	30
1.64	1.75	30
2.18	1.98	30
2.74	2.52	30
3.21	3.31	30
3.2	3.37	30
3.57	3.85	30
3.51	3.67	30
4.2	3.92	30
4.52	5.14	30
6.37	6.84	30
9.43	8.53	30
15.77	15.65	30
25.73	26.59	30
49.15	48.2	30
90.77	90.36	30
177.81	175.02	30
342.53	349.86	30
681.1	743.94	30
1452.52	1320.31	30
1971.05	2175.95	30
2654.28	2653.43	30
3266.61	3242.06	30
3936.95	4318.96	30
4568.65	4627.53	30
5251.27	5240.59	30
5814.01	5797.81	30
0.98	0.99	30
1.03	1.16	30
1.3	1.33	30
1.58	1.65	30
2.23	2.22	30
2.62	2.91	30
2.92	3.26	30
3.11	3.74	30
3.29	3.26	30
4.24	4.09	30
4.62	4.57	30
6.2	6.58	30
9.28	9.76	30
13.07	15.21	30
25.69	25.89	30
48.68	48.59	30
93.21	92.39	30
183.06	181.66	30
360.5	361.66	30
717.97	594.41	30
1423.81	1187.85	30
2767.8	2770.1	30
4131.3	4130.32	30
5465.89	5473.46	30
6831.26	6836.96	30
8171.19	8153.43	30
7938.81	9502.46	30
10868.9	10881.57	30
12235.68	12221.97	30
0.99	0.91	30
1.2	1.0	30
1.23	1.17	30
1.74	1.77	30
2.25	2.21	30
2.85	2.8	30
3.23	3.18	30
3.53	3.37	30
3.34	3.36	30
3.45	3.8	30
4.61	4.32	30
5.4	5.06	30
7.32	6.86	30
10.23	10.3	30
16.25	15.47	30
27.09	27.07	30
49.27	50.26	30
90.11	91.76	30
177.98	177.23	30
347.07	344.41	30
687.58	686.67	30
1339.24	1340.04	30
1984.52	1979.09	30
2623.32	2642.82	30
3294.85	3300.93	30
4203.8	3915.03	30
4611.91	4613.01	30
5283.51	5626.07	30
5896.88	5960.12	30
1.09	0.94	30
1.13	1.01	30
1.32	1.36	30
1.61	1.77	30
2.27	2.21	30
2.84	2.87	30
3.29	3.2	30
2.99	4.11	30
3.59	3.41	30
4.02	3.77	30
5.1	4.98	30
6.41	6.87	30
9.91	9.85	30
16.77	15.54	30
27.33	27.48	30
50.03	49.19	30
94.32	80.47	30
183.85	182.01	30
361.31	362.85	30
716.68	713.45	30
1420.81	1423.04	30
2339.36	2776.68	30
4134.43	4126.91	30
5467.14	5460.9	30
6826.36	6832.09	30
8163.44	8176.62	30
9547.01	9543.73	30
10842.84	10849.26	30
12235.79	10184.53	30
1.01	1.01	31
1.63	1.19	31
1.33	1.61	31
1.74	1.71	31
2.34	2.26	31
3.43	3.15	31
3.33	3.31	31
2.76	2.91	31
3.16	3.61	31
4.03	4.12	31
4.61	4.63	31
5.76	6.42	31
9.27	9.42	31
15.29	14.83	31
22.47	26.29	31
49.08	48.76	31
78.65	93.15	31
181.04	181.92	31
360.35	358.89	31
709.41	715.2	31
1424.11	1426.79	31
2770.81	2767.46	31
4138.29	4111.08	31
5491.18	5449.5	31
6817.29	6814.56	31
8190.26	8139.08	31
9550.84	9536.11	31
10853.69	10887.9	31
12219.77	12200.96	31
1.05	0.94	31
1.21	1.18	31
1.28	1.28	31
1.64	1.67	31
2.2	2.28	31
2.85	2.66	31
3.35	3.41	31
3.09	3.41	31
3.62	3.7	31
3.51	3.81	31
4.35	4.18	31
4.93	5.22	31
6.49	6.58	31
9.07	9.3	31
15.83	14.75	31
26.57	27.81	31
48.29	49.16	31
92.32	91.58	31
177.94	192.74	31
345.76	347.16	31
685.58	692.3	31
1462.67	1355.47	31
2000.8	1993.35	31
2649.49	2646.38	31
3281.08	3294.87	31
3965.73	3895.97	31
5071.16	4613.81	31
5221.66	5273.85	31
5896.56	5911.77	31
0.95	0.97	31
1.07	1.1	31
1.2	1.23	31
1.53	1.63	31
2.16	2.09	31
2.83	2.73	31
2.89	3.18	31
3.77	3.5	31
3.36	3.74	31
4.15	4.28	31
5.04	5.0	31
6.53	6.48	31
10.04	9.49	31
15.78	16.19	31
27.3	27.12	31
49.01	49.79	31
94.35	79.73	31
152.87	153.88	31
361.41	360.09	31
713.25	714.11	31
1418.62	1426.69	31
2771.11	2784.5	31
4135.28	4116.55	31
5464.46	5474.47	31
6843.73	6824.38	31
8152.27	8143.88	31
9530.93	9533.17	31
10857.24	10895.9	31
12215.07	12220.5	31
1.04	0.96	31
1.12	1.14	31
1.4	1.34	31
1.69	1.67	31
2.02	2.29	31
2.86	2.96	31
2.91	3.58	31
3.36	2.81	31
3.39	3.88	31
3.72	3.91	31
4.34	4.5	31
5.52	5.26	31
6.91	7.0	31
10.38	10.73	31
16.46	16.43	31
26.74	27.81	31
49.03	49.26	31
92.25	92.03	31
177.64	177.99	31
348.47	351.04	31
686.93	686.73	31
1356.06	1336.11	31
1973.83	1990.64	31
2637.1	2609.04	31
3288.37	3288.19	31
3972.51	4222.6	31
4556.78	4631.73	31
5264.91	5217.6	31
6314.6	5873.23	31
1.0	1.13	32
1.16	1.01	32
1.36	1.28	32
1.72	1.87	32
2.31	2.18	32
2.31	2.33	32
2.93	3.11	32
3.52	3.19	32
3.37	3.09	32
3.93	3.96	32
4.37	5.02	32
6.78	6.0	32
9.19	10.54	32
17.98	17.82	32
32.34	31.8	32
51.86	50.79	32
114.99	117.47	32
227.99	193.73	32
448.95	448.37	32
865.43	853.87	32
1671.52	1679.11	32
3260.59	3236.5	32
4833.89	4805.87	32
6338.75	6367.1	32
7947.06	7938.74	32
9502.11	9548.17	32
11009.68	11101.85	32
12604.57	12606.44	32
14238.28	14268.78	32
1.05	0.86	32
1.03	1.06	32
1.3	1.25	32
1.66	1.87	32
1.99	2.22	32
2.63	2.83	32
3.3	2.98	32
2.95	3.07	32
3.1	2.79	32
3.5	3.83	32
3.98	3.68	32
3.96	4.2	32
5.69	5.63	32
7.39	7.43	32
11.05	10.88	32
17.92	17.81	32
31.25	35.97	32
57.69	56.81	32
108.71	109.41	32
209.96	206.06	32
414.37	408.08	32
930.46	783.02	32
1391.66	1159.91	32
1549.58	1537.61	32
2294.3	1928.17	32
2321.43	2371.59	32
2676.1	2735.1	32
3062.71	3092.15	32
3447.22	3494.07	32
0.98	0.89	32
1.05	1.08	32
1.3	1.21	32
1.61	1.72	32
2.21	2.2	32
2.74	2.8	32
3.07	2.89	32
3.59	3.47	32
4.42	3.58	32
3.98	4.26	32
5.24	5.11	32
7.19	6.71	32
10.67	10.15	32
17.79	17.65	32
30.75	30.92	32
48.58	56.43	32
108.17	109.14	32
213.11	211.2	32
420.78	416.38	32
832.23	829.69	32
1656.08	1651.88	32
3197.84	3213.92	32
4047.8	4802.98	32
6355.4	6315.56	32
7947.59	7898.43	32
9511.0	9450.41	32
11062.68	11042.19	32
12538.02	12642.56	32
14106.11	14176.7	32
1.05	0.97	32
1.05	1.1	32
1.58	1.49	32
2.44	2.64	32
2.23	2.42	32
2.74	3.98	32
3.29	3.47	32
3.98	3.17	32
3.13	3.13	32
3.92	3.82	32
3.87	3.94	32
4.66	4.78	32
5.92	6.58	32
8.73	9.26	32
12.31	12.51	32
19.26	19.2	32
36.21	32.83	32
59.19	58.89	32
108.73	111.0	32
210.71	241.87	32
418.48	473.28	32
798.21	805.54	32
1183.2	1183.5	32
1540.63	1575.59	32
1969.66	1949.37	32
2337.06	2657.09	32
2721.78	3140.26	32
3127.02	3077.74	32
3468.83	3464.36	32
1.12	1.22	33
1.21	1.29	33
1.45	1.47	33
1.51	1.39	33
1.4	1.59	33
1.69	1.57	33
1.61	1.71	33
1.92	1.65	33
2.18	2.13	33
2.45	2.41	33
3.19	3.38	33
5.6	5.1	33
8.05	8.16	33
13.77	14.14	33
25.71	25.42	33
47.16	48.04	33
92.66	91.04	33
178.32	177.47	33
352.22	350.73	33
664.95	682.18	33
991.37	1018.06	33
1328.83	1323.0	33
1663.47	1649.81	33
1954.34	1960.09	33
2349.44	2325.14	33
2630.93	2620.34	33
3011.86	2933.59	33
1.13	1.05	33
1.21	1.27	33
1.39	1.52	33
1.47	1.48	33
1.44	1.54	33
1.74	1.71	33
1.9	1.75	33
2.25	2.25	33
2.83	3.02	33
4.96	4.39	33
7.21	6.96	33
13.04	12.64	33
23.48	23.9	33
46.19	46.44	33
89.05	89.92	33
177.9	176.92	33
351.92	348.25	33
695.65	695.38	33
1388.27	1384.65	33
2691.57	2688.76	33
4034.25	4037.01	33
5306.87	5320.99	33
6616.2	6652.15	33
7926.68	7946.23	33
9283.22	9211.6	33
10521.04	10629.44	33
11896.76	11965.45	33
1.22	1.22	33
1.32	1.45	33
1.35	1.25	33
1.48	1.33	33
1.52	1.64	33
1.54	1.58	33
1.71	1.63	33
1.99	1.83	33
2.17	2.22	33
2.91	2.98	33
4.14	4.23	33
6.36	6.1	33
9.34	9.43	33
15.35	15.28	33
27.36	27.2	33
48.89	49.26	33
92.44	93.04	33
181.49	179.54	33
352.41	353.96	33
683.86	672.18	33
992.93	1006.29	33
1346.82	1308.81	33
1627.14	1673.87	33
2033.08	1970.75	33
2341.04	2342.25	33
2614.92	2629.62	33
2949.2	2975.25	33
1.17	1.09	33
1.21	1.23	33
1.34	1.42	33
1.42	1.48	33
1.68	1.49	33
1.58	1.7	33
1.69	2.03	33
2.45	2.38	33
2.99	3.15	33
4.47	4.93	33
8.38	7.79	33
13.81	13.55	33
25.48	24.71	33
46.41	47.32	33
90.16	90.17	33
177.7	176.53	33
352.53	352.36	33
694.26	694.85	33
1379.52	1389.18	33
2680.76	2706.03	33
4031.79	4023.04	33
5330.1	5352.52	33
6641.99	6665.22	33
8003.13	7925.64	33
9258.2	9242.81	33
10535.64	10564.62	33
11921.95	11964.23	33
1.18	1.25	34
1.39	1.34	34
1.27	1.51	34
1.58	1.55	34
1.74	1.65	34
1.6	1.74	34
1.76	1.82	34
2.06	1.96	34
2.54	2.67	34
2.99	3.21	34
4.81	4.26	34
7.34	7.13	34
12.28	12.27	34
22.29	22.79	34
42.86	43.65	34
82.35	82.8	34
162.91	160.28	34
322.28	312.29	34
621.38	616.23	34
1212.3	1186.32	34
1788.25	1808.75	34
2377.87	2385.64	34
2951.33	2947.54	34
3598.14	3583.15	34
4158.44	4148.0	34
4674.23	4739.12	34
5340.49	5296.53	34
1.37	1.39	34
1.29	1.43	34
1.37	1.49	34
1.53	1.51	34
1.32	2.22	34
1.46	1.68	34
1.82	2.03	34
2.12	2.46	34
2.57	2.87	34
3.77	3.91	34
6.25	6.33	34
11.09	11.0	34
20.03	20.07	34
37.48	37.33	34
73.72	72.79	34
145.2	144.31	34
288.33	288.06	34
566.38	569.63	34
1140.69	1141.24	34
2214.97	2212.75	34
3287.2	3296.7	34
4381.16	4377.37	34
5449.74	5468.45	34
6539.67	6534.81	34
7611.12	7622.79	34
8705.35	8726.46	34
9779.83	9791.58	34
1.22	1.29	34
1.33	1.48	34
1.45	1.65	34
1.51	1.51	34
1.57	1.79	34
1.68	1.58	34
1.76	2.09	34
2.18	2.29	34
2.86	2.52	34
3.23	3.52	34
4.96	5.23	34
8.57	8.26	34
13.4	13.31	34
23.98	23.5	34
42.91	43.77	34
82.61	82.86	34
163.48	160.99	34
321.68	313.79	34
625.59	621.57	34
1199.22	1195.64	34
1800.43	1786.04	34
2389.14	2397.73	34
2976.96	3017.37	34
3532.0	3599.91	34
4155.99	4160.42	34
4765.63	4738.39	34
5345.72	5352.14	34
1.28	1.26	34
1.37	1.6	34
1.52	1.5	34
1.42	1.67	34
1.58	1.71	34
1.78	1.75	34
1.59	1.89	34
2.11	2.45	34
2.86	3.14	34
4.39	4.3	34
6.89	6.77	34
11.92	12.04	34
21.07	20.83	34
38.21	38.93	34
75.29	74.95	34
144.61	144.72	34
287.15	290.0	34
567.09	570.97	34
1140.83	1136.72	34
2221.28	2212.51	34
3303.33	3296.37	34
4385.59	4384.77	34
5454.27	5457.24	34
6544.36	6545.81	34
7616.56	7634.7	34
8705.51	8698.93	34
9771.0	9788.7	34
1.12	1.26	35
1.25	1.39	35
1.39	1.41	35
1.48	1.47	35
1.49	1.45	35
1.59	1.78	35
1.9	1.8	35
2.13	2.14	35
2.81	2.92	35
3.81	4.23	35
6.5	6.38	35
10.92	10.81	35
19.64	20.13	35
37.98	38.51	35
73.73	74.11	35
144.9	143.54	35
286.8	285.21	35
570.71	571.34	35
1137.32	1135.73	35
2221.41	2218.76	35
3292.43	3297.17	35
4378.48	4373.35	35
5450.82	5476.69	35
6539.0	6544.99	35
7620.22	7619.94	35
8684.99	8684.76	35
9796.66	9778.88	35
1.73	1.18	35
1.32	1.39	35
1.47	1.51	35
1.41	1.45	35
1.55	1.51	35
1.77	1.72	35
1.76	1.82	35
2.06	2.32	35
2.45	2.36	35
3.02	3.27	35
4.56	4.46	35
8.08	7.11	35
12.3	12.5	35
22.72	22.56	35
43.31	43.08	35
83.43	81.76	35
161.66	159.33	35
317.23	315.75	35
622.1	621.35	35
1206.7	1208.14	35
1797.22	1787.65	35
2380.51	2360.87	35
2970.2	2995.68	35
3565.65	3530.54	35
4154.79	4153.0	35
5105.56	5026.77	35
5313.85	5286.81	35
1.11	1.27	35
1.47	1.51	35
1.46	1.41	35
1.45	1.68	35
1.67	1.5	35
1.6	1.79	35
1.96	1.94	35
2.27	2.4	35
2.84	3.08	35
4.25	4.15	35
6.99	7.16	35
12.09	12.06	35
20.74	21.22	35
38.94	38.54	35
74.79	74.0	35
144.32	145.3	35
287.37	286.34	35
569.49	571.39	35
1137.2	1137.78	35
2218.01	2215.01	35
3294.17	3301.03	35
4384.55	4385.77	35
5467.15	5480.42	35
6552.11	6549.51	35
7626.32	7616.02	35
8703.7	8702.56	35
9781.27	9780.49	35
1.12	1.26	35
1.26	1.39	35
1.4	1.62	35
1.4	1.45	35
1.54	1.82	35
1.67	1.68	35
1.8	1.87	35
2.19	2.16	35
2.49	2.76	35
3.48	3.58	35
4.67	4.95	35
7.96	8.39	35
13.37	13.37	35
22.53	23.97	35
44.46	46.46	35
83.53	83.47	35
162.1	161.76	35
311.33	316.38	35
626.71	627.1	35
1194.25	1224.49	35
1815.94	1798.5	35
2358.25	2368.55	35
2953.53	2973.03	35
3604.53	3597.19	35
4171.42	4141.68	35
4768.99	4704.26	35
5332.6	5365.72	35
1.08	1.22	36
1.13	1.24	36
1.29	1.29	36
1.44	1.39	36
1.4	1.41	36
1.58	1.56	36
1.74	1.63	36
2.1	1.99	36
2.85	2.71	36
5.03	4.15	36
7.19	7.32	36
12.51	12.6	36
23.87	24.09	36
45.37	46.54	36
90.72	91.92	36
179.6	179.05	36
349.92	348.57	36
694.72	697.01	36
1386.88	1387.5	36
2707.3	2706.73	36
4037.53	4049.8	36
5335.03	5341.81	36
6660.71	6684.17	36
8039.95	7971.41	36
9331.91	9306.96	36
10576.39	10633.28	36
12012.47	11943.74	36
1.13	1.14	36
1.22	1.3	36
1.44	1.43	36
1.3	1.45	36
2.15	1.46	36
1.35	1.54	36
1.5	1.84	36
1.99	1.88	36
2.33	2.21	36
2.43	2.49	36
3.23	3.5	36
4.98	5.14	36
8.12	7.91	36
14.3	13.6	36
25.5	26.01	36
48.01	48.16	36
91.37	92.48	36
177.79	178.67	36
350.73	349.21	36
672.65	682.36	36
1015.13	998.86	36
1321.4	1334.94	36
1664.24	1650.67	36
2036.81	1972.97	36
2290.32	2309.67	36
2640.34	2622.7	36
2987.69	2944.14	36
1.25	1.18	36
1.36	1.31	36
1.34	1.36	36
1.41	1.57	36
1.36	1.64	36
1.6	1.59	36
1.89	2.31	36
2.28	2.31	36
3.63	2.93	36
4.4	4.55	36
8.14	7.88	36
13.61	14.04	36
24.83	25.28	36
46.75	46.66	36
91.05	90.61	36
178.32	180.18	36
350.85	350.35	36
694.86	697.31	36
1388.95	1396.2	36
2729.79	2696.94	36
4003.03	3999.98	36
5322.63	5346.22	36
6627.78	6632.71	36
7922.83	8007.15	36
9310.4	9246.23	36
10580.82	10599.88	36
12010.22	11923.11	36
1.26	1.29	36
1.19	1.21	36
2.02	1.55	36
1.42	1.37	36
1.25	1.4	36
1.42	1.59	36
1.74	1.81	36
1.94	2.04	36
2.15	2.39	36
2.97	2.92	36
4.58	4.44	36
6.15	6.32	36
9.27	9.24	36
15.34	15.33	36
26.76	26.87	36
48.58	49.17	36
93.64	92.37	36
179.74	178.25	36
355.92	350.54	36
675.85	677.06	36
998.66	994.77	36
1330.89	1333.5	36
1675.78	1643.18	36
1984.37	1995.01	36
2348.32	2283.27	36
2631.49	2583.75	36
2960.24	2935.15	36
0.93	0.94	37
1.01	1.01	37
1.28	1.23	37
1.71	1.81	37
2.4	2.57	37
4.1	4.44	37
7.78	7.51	37
12.73	11.39	37
19.59	22.1	37
23.27	28.55	37
24.54	21.51	37
24.56	14.65	37
30.76	31.42	37
40.11	40.54	37
42.46	40.29	37
48.36	54.7	37
82.38	80.61	37
121.22	126.36	37
184.85	186.38	37
321.56	322.38	37
595.58	600.71	37
1127.07	1158.84	37
1633.66	1645.88	37
2161.51	2194.06	37
2731.82	2672.89	37
3223.62	3212.7	37
3747.24	3745.8	37
4296.82	4277.63	37
4874.18	4844.23	37
0.86	0.85	37
1.02	1.02	37
1.38	1.22	37
1.8	1.7	37
2.59	2.55	37
4.29	4.14	37
6.18	7.04	37
13.82	12.29	37
18.01	12.99	37
26.99	20.6	37
25.38	25.04	37
25.82	19.38	37
26.53	29.75	37
33.97	36.95	37
41.44	39.43	37
74.34	59.1	37
116.71	117.77	37
226.45	228.62	37
470.87	470.02	37
1017.35	1007.92	37
2080.59	2067.87	37
4098.55	4081.34	37
6076.96	6045.82	37
8125.95	8032.95	37
10053.19	9999.96	37
12107.36	12069.2	37
13878.08	13991.68	37
16029.72	15991.36	37
17860.24	17874.82	37
0.83	0.93	37
1.05	1.1	37
1.19	1.27	37
1.79	1.81	37
2.66	2.7	37
4.2	4.24	37
7.0	7.78	37
13.41	8.79	37
14.67	14.94	37
13.8	22.36	37
21.73	21.53	37
20.19	25.99	37
26.65	34.27	37
29.4	30.74	37
39.27	38.21	37
54.67	53.84	37
85.67	78.92	37
148.34	141.86	37
233.16	239.08	37
444.15	432.64	37
834.22	849.48	37
1582.79	1592.77	37
2358.19	2361.39	37
3106.03	3119.14	37
3896.84	3884.06	37
4665.65	4664.31	37
5433.02	5372.5	37
6201.12	6120.13	37
6943.78	6918.79	37
0.86	0.81	37
0.98	0.99	37
1.28	1.16	37
1.75	1.6	37
2.64	2.56	37
4.3	4.3	37
7.08	7.55	37
10.52	13.21	37
18.96	16.58	37
20.84	32.39	37
31.15	22.33	37
25.48	16.01	37
33.94	34.8	37
25.07	30.26	37
50.58	53.91	37
75.68	64.12	37
125.03	141.97	37
228.1	248.35	37
505.9	511.2	37
1113.03	1093.44	37
2245.9	2248.13	37
4440.93	4312.34	37
6596.7	6540.31	37
8486.09	8704.38	37
11005.6	11052.56	37
13066.06	13014.36	37
15381.74	15242.64	37
17357.91	17404.94	37
19543.96	19481.8	37
0.99	0.96	38
1.14	0.99	38
1.28	1.2	38
1.73	1.77	38
3.3	2.72	38
4.34	4.38	38
7.63	4.96	38
10.42	13.59	38
14.89	20.77	38
26.66	15.84	38
16.28	24.71	38
26.3	29.52	38
33.03	27.5	38
36.41	32.71	38
43.25	32.45	38
54.56	61.75	38
99.81	96.94	38
142.51	161.13	38
248.46	269.0	38
484.63	456.52	38
876.45	901.5	38
1702.82	1683.09	38
2491.67	2492.3	38
3293.26	3381.82	38
3997.85	3982.39	38
4805.46	4612.19	38
5528.35	5376.34	38
6416.31	6351.08	38
7101.18	6983.36	38
0.9	0.97	38
1.06	1.02	38
1.35	1.3	38
1.79	1.72	38
2.87	2.79	38
4.34	4.45	38
8.21	6.95	38
13.25	14.85	38
18.7	21.67	38
24.54	26.78	38
20.95	26.11	38
34.73	25.13	38
25.14	35.19	38
35.36	28.69	38
43.61	54.2	38
69.26	59.31	38
101.78	107.56	38
151.93	158.41	38
464.16	447.88	38
908.37	895.16	38
1851.4	1861.27	38
3665.61	3713.74	38
5441.93	5395.36	38
7240.04	7252.27	38
8921.83	9014.36	38
10739.04	10819.25	38
12519.91	12532.94	38
14250.91	14310.71	38
16838.88	16147.28	38
0.95	1.01	38
1.09	1.02	38
1.38	1.33	38
1.78	1.79	38
2.73	2.5	38
4.59	4.29	38
7.45	7.86	38
11.86	13.31	38
10.2	14.1	38
17.28	19.65	38
21.71	29.07	38
26.1	30.89	38
29.52	27.42	38
29.1	30.09	38
36.62	36.57	38
59.37	57.05	38
100.45	108.69	38
171.96	176.91	38
288.11	299.98	38
650.74	594.16	38
1085.25	1075.34	38
2139.79	2139.28	38
3103.82	3087.25	38
4090.64	4069.49	38
5105.67	5098.76	38
6094.57	6057.7	38
7075.78	7039.86	38
7943.63	7978.53	38
9111.45	9033.19	38
0.94	0.93	38
1.14	1.65	38
1.3	1.34	38
1.78	1.66	38
2.71	2.64	38
4.28	4.25	38
6.92	7.49	38
12.94	7.63	38
21.17	16.1	38
11.34	21.13	38
30.82	16.56	38
29.7	33.34	38
28.2	30.81	38
37.26	32.23	38
39.43	42.84	38
62.92	66.76	38
112.55	105.12	38
191.66	183.06	38
490.15	511.67	38
974.11	958.08	38
1956.39	1959.65	38
3921.45	3921.52	38
5868.43	5714.63	38
7837.81	7822.17	38
9646.68	9636.93	38
11654.86	11617.07	38
13713.47	13670.59	38
15637.92	14432.97	38
17529.19	17535.09	38
0.85	1.08	39
1.06	1.09	39
1.33	1.22	39
1.69	1.82	39
2.72	2.74	39
4.34	4.14	39
6.64	7.94	39
9.66	9.53	39
19.05	20.47	39
29.17	21.56	39
22.77	28.12	39
25.96	33.06	39
31.84	30.24	39
31.45	29.58	39
43.2	38.24	39
59.91	53.25	39
89.16	91.06	39
228.81	215.78	39
466.08	448.07	39
911.47	921.99	39
1867.02	1840.03	39
3646.75	3593.55	39
5345.1	5311.26	39
7156.42	7203.45	39
8979.53	8997.03	39
10706.57	10792.05	39
12454.52	12433.78	39
14224.68	14230.09	39
16091.5	16094.01	39
0.85	0.95	39
1.04	1.14	39
1.22	1.26	39
1.88	1.77	39
2.67	2.68	39
4.36	4.77	39
6.93	7.31	39
12.55	11.01	39
16.94	18.37	39
20.12	19.86	39
23.99	12.49	39
34.18	18.46	39
36.88	26.84	39
33.49	33.07	39
44.9	50.23	39
60.87	59.0	39
99.22	109.67	39
150.43	156.7	39
272.66	268.97	39
501.63	503.86	39
897.81	920.79	39
1653.17	1663.8	39
2365.01	2412.48	39
3173.37	3136.81	39
3957.9	3939.49	39
4776.42	4634.42	39
5525.95	5530.4	39
6155.72	6161.23	39
6945.09	6972.55	39
0.98	0.95	39
1.04	1.07	39
1.3	1.29	39
1.81	1.82	39
2.53	2.68	39
4.48	4.52	39
7.64	7.03	39
14.18	14.0	39
22.78	19.14	39
30.42	19.03	39
33.8	33.61	39
31.31	26.69	39
26.4	28.28	39
39.71	33.63	39
41.16	35.35	39
58.82	56.77	39
99.13	98.57	39
241.5	237.72	39
518.27	499.01	39
997.48	1001.75	39
2028.79	1937.55	39
3911.09	3916.83	39
5869.14	5935.09	39
7875.13	7909.89	39
9764.14	9793.72	39
11751.93	11750.17	39
13524.95	13630.39	39
15504.7	15972.91	39
17461.74	16899.81	39
0.87	0.92	39
1.06	1.1	39
1.27	1.3	39
1.88	1.78	39
2.71	2.69	39
4.23	4.23	39
7.73	7.33	39
13.65	14.48	39
18.95	23.47	39
24.11	18.8	39
23.78	16.69	39
32.95	19.01	39
33.66	26.17	39
34.91	32.47	39
49.6	50.25	39
59.39	68.17	39
100.95	86.43	39
166.15	168.18	39
301.98	319.23	39
590.13	579.73	39
1101.32	1122.85	39
2069.69	2051.22	39
3017.92	3028.65	39
4090.07	4028.36	39
5052.41	5011.43	39
6016.26	6022.71	39
6930.05	6976.53	39
8160.2	7864.67	39
8844.36	8933.32	39
0.87	0.96	40
0.87	1.01	40
1.22	1.27	40
1.75	1.77	40
2.63	2.68	40
4.22	4.09	40
7.89	8.02	40
9.72	8.24	40
20.05	14.32	40
24.56	21.48	40
18.9	24.95	40
21.5	32.33	40
32.56	25.4	40
26.65	37.26	40
39.01	44.83	40
76.21	69.85	40
120.36	129.98	40
252.94	253.02	40
510.87	493.77	40
951.89	954.82	40
2091.36	2118.96	40
4040.97	4063.87	40
6057.66	6104.18	40
8120.88	8053.97	40
9953.47	10014.84	40
11902.09	12104.86	40
14127.36	13970.24	40
16094.47	16114.02	40
17840.8	18067.06	40
0.77	0.89	40
1.49	1.02	40
1.24	1.22	40
1.66	1.87	40
2.61	2.59	40
4.16	4.36	40
5.99	7.51	40
10.63	13.79	40
17.84	18.32	40
13.37	22.02	40
34.54	25.79	40
27.2	21.73	40
29.84	33.0	40
34.02	38.33	40
51.33	33.12	40
59.89	52.29	40
71.34	76.29	40
110.65	116.97	40
184.51	186.38	40
343.8	336.81	40
612.14	609.89	40
1153.25	1160.5	40
1643.53	1699.92	40
2150.0	2123.82	40
2721.9	2693.95	40
3191.89	3200.12	40
3774.84	3757.01	40
4374.71	4359.98	40
4783.52	4888.57	40
0.85	0.97	40
1.63	1.1	40
1.16	1.26	40
1.62	1.71	40
2.49	2.61	40
3.44	4.42	40
7.51	7.38	40
12.53	10.33	40
10.25	17.87	40
29.09	17.43	40
14.76	25.26	40
24.54	26.76	40
30.88	31.21	40
42.54	37.74	40
45.3	52.59	40
59.71	69.41	40
116.93	109.37	40
268.53	282.32	40
533.0	502.64	40
1047.49	1091.92	40
2257.4	2275.25	40
4416.68	4428.93	40
6602.06	6566.1	40
8811.94	8708.55	40
10904.14	10881.32	40
12593.56	12583.41	40
15238.83	15232.32	40
17382.16	17376.93	40
19628.17	19518.73	40
0.84	0.93	40
0.98	1.03	40
1.16	1.39	40
1.72	1.74	40
2.61	2.53	40
4.73	4.25	40
7.46	7.77	40
13.85	13.98	40
14.99	19.32	40
23.99	20.45	40
21.84	30.37	40
18.69	21.78	40
35.05	16.81	40
36.05	37.0	40
39.68	35.69	40
46.64	52.51	40
81.62	91.3	40
143.88	135.13	40
240.67	241.83	40
447.56	423.96	40
857.08	859.22	40
1616.69	1610.0	40
2351.02	2390.27	40
3115.56	3152.25	40
3836.18	3944.88	40
4608.01	4642.7	40
5432.28	5407.99	40
6348.98	6295.79	40
7135.04	7103.3	40
1.03	1.06	41
1.3	1.28	41
1.62	1.65	41
2.23	2.14	41
2.92	3.37	41
4.63	5.48	41
7.35	9.73	41
8.19	11.16	41
9.75	8.91	41
15.19	12.2	41
21.3	21.65	41
25.7	28.6	41
35.07	34.07	41
42.99	45.07	41
62.89	58.33	41
97.3	97.07	41
168.8	173.32	41
307.22	312.68	41
599.67	609.19	41
1157.84	1156.5	41
1698.32	1710.37	41
2303.89	2296.08	41
2809.77	2805.44	41
3372.93	3368.61	41
3938.86	3943.44	41
4509.11	4474.84	41
5033.83	4957.45	41
0.96	1.11	41
1.35	1.14	41
1.47	1.52	41
1.99	1.99	41
3.43	3.12	41
4.93	4.57	41
9.52	5.94	41
11.2	7.83	41
9.3	10.23	41
14.62	17.16	41
19.89	24.47	41
27.78	30.14	41
36.61	37.15	41
51.44	50.42	41
78.39	74.0	41
125.65	125.77	41
229.97	231.77	41
429.23	430.99	41
855.37	841.91	41
1628.49	1623.52	41
2416.36	2399.07	41
3220.58	3179.76	41
3969.47	3921.86	41
4710.23	4773.14	41
5560.58	5496.94	41
6291.56	6334.26	41
7121.07	7074.49	41
0.99	0.93	41
1.21	1.14	41
1.41	1.46	41
2.05	1.91	41
2.87	3.12	41
4.49	4.44	41
5.76	9.78	41
9.09	11.11	41
10.49	11.62	41
14.4	11.66	41
15.52	18.32	41
22.31	23.74	41
30.03	32.06	41
36.79	39.29	41
51.14	53.02	41
86.13	85.85	41
150.91	152.52	41
279.33	285.94	41
540.55	546.06	41
1051.87	1053.96	41
1545.39	1551.84	41
2043.64	2022.2	41
2556.34	2543.51	41
3032.49	3020.82	41
3481.1	3493.0	41
3997.55	3992.99	41
4510.3	4522.47	41
0.94	0.91	41
1.1	1.11	41
2.12	1.39	41
1.98	2.13	41
3.45	3.03	41
5.16	5.05	41
5.94	8.65	41
12.12	12.62	41
13.93	7.9	41
16.43	15.42	41
24.27	21.78	41
27.84	22.29	41
30.16	32.21	41
45.94	49.45	41
73.84	67.85	41
120.29	122.23	41
219.16	222.49	41
419.13	413.84	41
794.96	805.68	41
1531.06	1528.4	41
2262.33	2268.83	41
2981.94	2974.72	41
3726.44	3744.87	41
4512.16	4380.86	41
5165.73	5160.7	41
6573.54	6387.19	41
6761.16	6571.92	41
1.13	0.96	42
1.13	1.73	42
1.34	1.42	42
1.79	1.98	42
2.67	3.04	42
4.83	5.12	42
5.0	8.88	42
8.15	10.76	42
9.41	10.63	42
12.05	13.91	42
20.06	19.16	42
29.4	27.4	42
33.75	35.89	42
47.77	47.45	42
73.26	70.19	42
125.53	124.47	42
230.97	225.82	42
418.84	428.56	42
829.37	834.18	42
1607.69	1599.72	42
2422.31	2375.26	42
3154.36	3125.04	42
3957.36	3936.5	42
4646.85	4684.3	42
5463.16	5480.02	42
6277.74	6249.65	42
7023.2	7025.6	42
0.96	1.07	42
1.0	1.21	42
1.48	1.3	42
1.81	1.96	42
3.01	3.18	42
5.04	4.29	42
6.78	6.33	42
6.41	8.32	42
14.86	11.95	42
16.54	13.84	42
22.09	22.68	42
27.6	23.9	42
30.51	26.8	42
38.64	42.84	42
56.73	54.42	42
94.06	91.51	42
165.31	167.92	42
306.77	305.12	42
590.4	589.84	42
1122.67	1122.31	42
1652.82	1655.59	42
2158.6	2204.0	42
2741.42	2755.31	42
3271.31	3277.97	42
3788.17	3791.17	42
4333.01	4354.09	42
4997.18	4888.95	42
1.3	1.6	42
1.22	1.19	42
1.4	1.5	42
1.9	2.62	42
2.88	2.9	42
4.18	4.41	42
7.27	9.67	42
7.77	8.16	42
11.42	12.05	42
13.54	12.73	42
18.58	19.76	42
23.57	24.16	42
31.17	30.66	42
44.22	44.22	42
68.08	71.59	42
115.71	118.19	42
214.28	215.16	42
405.01	404.54	42
802.85	785.6	42
1527.62	1507.55	42
2242.3	2282.75	42
2961.01	2999.65	42
3675.72	3689.72	42
4443.84	4465.85	42
5231.26	5102.46	42
5875.88	5894.02	42
6567.33	6580.96	42
0.98	0.97	42
1.18	1.74	42
1.51	1.6	42
1.93	1.84	42
3.09	3.18	42
4.8	5.24	42
6.25	7.55	42
8.62	8.93	42
6.04	11.38	42
14.12	16.83	42
18.94	18.62	42
24.31	23.56	42
28.92	29.88	42
36.99	34.26	42
50.8	57.48	42
88.02	86.66	42
152.45	156.44	42
278.74	278.5	42
534.67	545.39	42
1036.8	1029.5	42
1537.78	1513.27	42
2026.47	2031.69	42
2496.15	2532.37	42
2955.99	3017.37	42
3458.47	3573.95	42
3961.75	3939.59	42
4420.57	4404.14	42
1.06	1.08	43
1.16	1.17	43
1.46	1.49	43
2.12	2.04	43
3.0	2.98	43
4.68	5.55	43
7.54	9.08	43
8.63	6.88	43
8.84	9.25	43
14.77	15.52	43
19.45	22.41	43
19.55	24.03	43
30.06	32.64	43
38.15	39.54	43
56.04	54.32	43
93.8	92.32	43
169.98	162.82	43
313.0	307.14	43
588.05	588.95	43
1132.22	1124.42	43
1639.22	1671.79	43
2214.11	2210.28	43
2735.35	2728.33	43
3260.83	3289.72	43
3845.71	3828.9	43
4343.21	4360.38	43
4860.41	4906.96	43
1.04	1.03	43
1.11	1.17	43
1.51	1.42	43
1.98	1.81	43
2.66	2.75	43
3.61	4.97	43
5.42	8.58	43
7.72	8.62	43
11.37	11.2	43
13.44	14.13	43
18.84	19.5	43
24.73	28.24	43
36.48	34.17	43
48.49	44.73	43
73.64	69.87	43
122.44	125.18	43
226.8	234.07	43
429.79	427.89	43
836.27	844.1	43
1604.49	1616.17	43
2386.04	2376.58	43
3137.35	3144.57	43
3906.71	3943.56	43
4749.48	4749.67	43
5485.26	5434.97	43
6248.91	6227.94	43
7069.3	7020.76	43
0.95	1.1	43
1.06	1.15	43
1.39	1.51	43
2.01	2.68	43
3.03	3.19	43
4.26	5.14	43
6.16	7.77	43
11.32	6.66	43
12.16	10.76	43
10.78	10.46	43
22.79	16.81	43
21.5	22.54	43
29.16	30.8	43
37.65	40.2	43
52.94	53.08	43
86.48	87.09	43
152.5	152.61	43
280.25	286.3	43
535.74	536.18	43
1040.35	1043.33	43
1516.54	1540.36	43
2029.31	2002.65	43
2500.2	2503.13	43
2987.22	3014.23	43
3456.59	3465.77	43
3993.68	4008.86	43
4513.22	4473.1	43
1.0	1.01	43
1.15	1.16	43
1.46	1.27	43
2.02	1.77	43
2.78	2.99	43
5.04	4.86	43
9.08	8.02	43
7.32	7.55	43
10.2	9.68	43
10.82	13.04	43
21.32	18.37	43
25.97	21.2	43
33.59	33.66	43
45.39	45.1	43
68.75	69.16	43
118.43	116.95	43
215.23	212.98	43
410.58	405.14	43
787.16	804.66	43
1495.96	1498.68	43
2248.18	2265.88	43
3007.19	2919.06	43
3777.31	3741.74	43
4443.15	4354.43	43
5198.88	5060.97	43
5809.95	5908.86	43
6623.94	6595.34	43
0.88	1.22	44
1.1	1.06	44
1.32	1.31	44
1.83	1.84	44
2.95	2.94	44
4.53	4.27	44
7.08	6.02	44
8.81	8.19	44
13.12	12.03	44
13.71	14.16	44
20.16	21.72	44
26.75	29.17	44
36.21	32.57	44
47.28	46.57	44
75.26	76.11	44
124.24	125.39	44
229.9	228.51	44
430.31	434.97	44
842.53	843.9	44
1620.75	1626.49	44
2393.18	2388.96	44
3189.75	3144.22	44
3938.0	3939.19	44
4672.16	4720.52	44
5484.26	5500.47	44
6205.86	6261.13	44
7067.43	7067.78	44
0.97	1.14	44
1.12	1.11	44
1.41	1.34	44
1.9	2.12	44
3.03	2.95	44
5.2	5.22	44
6.59	7.22	44
6.75	9.36	44
9.44	11.17	44
13.79	15.08	44
15.87	18.43	44
20.88	22.53	44
31.16	31.77	44
43.25	39.95	44
59.6	58.79	44
92.33	94.35	44
165.43	163.91	44
308.93	309.72	44
601.06	606.23	44
1146.19	1151.76	44
1723.93	1720.85	44
2253.19	2289.15	44
2826.17	2764.87	44
3355.85	3331.25	44
3888.95	3873.11	44
4485.53	4479.69	44
5019.28	5029.52	44
0.89	0.9	44
1.17	1.14	44
1.21	1.54	44
1.83	1.82	44
2.96	2.8	44
4.8	5.03	44
7.38	5.8	44
7.54	7.21	44
11.4	9.28	44
13.81	15.83	44
17.08	17.84	44
24.83	23.68	44
31.75	31.38	44
49.37	41.88	44
71.1	69.34	44
117.73	118.3	44
220.0	215.36	44
416.78	411.38	44
782.02	801.68	44
1529.69	1516.0	44
2287.21	2247.03	44
3006.69	2956.84	44
3690.87	3747.92	44
4422.26	4439.95	44
5144.46	5181.58	44
5825.29	5873.02	44
6678.3	6660.88	44
1.12	1.02	44
1.04	1.11	44
1.43	1.4	44
1.82	1.81	44
3.05	3.01	44
4.18	4.87	44
8.19	8.03	44
7.87	11.63	44
10.72	10.97	44
12.79	13.05	44
20.69	17.62	44
24.2	22.85	44
26.5	28.96	44
36.88	38.77	44
56.7	57.09	44
86.58	85.92	44
153.39	151.25	44
282.67	282.31	44
530.71	550.42	44
1034.22	1038.03	44
1526.34	1537.99	44
2032.97	2042.45	44
2551.29	2532.96	44
3026.35	3046.78	44
3515.21	3527.11	44
4021.11	4038.22	44
4986.68	4894.67	44
1.01	0.91	45
1.14	1.18	45
1.65	1.65	45
2.55	2.51	45
4.25	3.71	45
6.22	5.65	45
6.88	6.74	45
9.44	9.03	45
9.54	9.1	45
11.9	9.9	45
11.12	13.11	45
13.98	13.75	45
20.64	17.51	45
27.43	27.18	45
43.88	41.56	45
74.75	72.67	45
119.54	128.84	45
229.49	237.05	45
473.67	421.14	45
866.32	914.27	45
1479.16	1646.04	45
2686.18	2196.35	45
3551.26	3031.57	45
3603.53	3949.91	45
5303.24	4362.32	45
4970.05	6132.16	45
6476.76	6273.63	45
6339.04	6484.22	45
0.99	1.0	45
1.23	1.3	45
1.72	1.59	45
2.46	2.49	45
3.79	3.55	45
5.1	5.28	45
7.81	8.25	45
9.68	7.85	45
10.13	12.29	45
12.24	11.12	45
16.31	19.07	45
30.5	24.44	45
50.54	51.47	45
73.8	90.42	45
134.84	171.46	45
182.47	256.79	45
644.68	503.24	45
995.25	708.23	45
1962.04	2572.62	45
5124.96	3917.12	45
5395.89	5365.51	45
4692.25	11481.81	45
10606.01	19643.87	45
7845.66	18919.1	45
22692.5	29217.52	45
34264.97	18568.86	45
12404.89	39137.53	45
33653.62	23726.0	45
0.94	1.08	45
1.7	1.17	45
1.63	1.74	45
2.53	3.1	45
3.73	4.43	45
5.51	5.86	45
8.09	8.59	45
8.3	8.74	45
10.8	11.66	45
10.78	11.32	45
11.1	12.09	45
18.82	15.9	45
17.51	24.97	45
31.52	28.54	45
46.89	43.6	45
76.78	74.76	45
127.25	120.59	45
231.12	234.23	45
431.6	466.12	45
892.93	907.12	45
1737.2	1501.28	45
2623.76	2380.38	45
3220.81	3139.02	45
4274.01	3792.93	45
4648.16	4779.1	45
5815.96	5389.51	45
6769.83	5746.13	45
6560.17	6791.08	45
0.97	1.0	45
1.28	1.16	45
1.67	1.63	45
2.19	2.45	45
3.63	3.87	45
5.79	6.01	45
8.08	7.85	45
9.3	9.24	45
12.05	9.24	45
14.5	11.04	45
10.38	14.61	45
25.48	25.67	45
43.36	42.97	45
28.88	52.01	45
95.68	95.59	45
179.09	254.61	45
503.56	348.32	45
687.04	1296.44	45
1937.51	2552.77	45
3909.99	3875.4	45
7625.95	9920.13	45
11271.84	14757.09	45
5798.77	10387.86	45
13186.16	12951.07	45
15632.34	22479.21	45
26020.09	26177.49	45
20727.22	38687.77	45
23440.44	23253.86	45
1.12	1.07	46
1.27	1.37	46
1.74	2.15	46
2.58	2.72	46
3.71	4.25	46
6.44	6.42	46
8.53	7.52	46
8.29	9.6	46
7.73	9.03	46
12.75	11.28	46
12.66	13.65	46
16.21	16.78	46
22.44	23.76	46
31.57	31.33	46
50.84	59.73	46
96.05	93.06	46
192.61	180.81	46
338.47	330.92	46
621.15	640.23	46
1292.71	1277.43	46
2452.87	2392.63	46
3738.48	3578.52	46
4753.67	4666.78	46
5757.15	5993.68	46
7215.66	7179.6	46
8516.08	8513.41	46
9521.33	9330.32	46
10897.02	10853.82	46
0.92	1.18	46
1.2	1.4	46
1.78	1.79	46
2.58	2.88	46
4.08	4.29	46
6.28	5.97	46
7.46	8.22	46
10.34	9.89	46
8.06	10.12	46
14.1	11.29	46
11.36	13.3	46
18.81	17.34	46
38.11	48.94	46
65.75	85.96	46
95.09	159.27	46
241.23	89.02	46
174.54	457.21	46
898.72	915.86	46
1277.71	1816.58	46
3653.28	3650.71	46
4988.23	2793.86	46
13938.76	7370.39	46
18658.12	9877.46	46
12185.74	17710.5	46
21123.79	14844.52	46
17081.02	24713.11	46
19691.74	28264.61	46
22042.08	31630.23	46
1.16	1.08	46
1.3	1.25	46
1.69	1.78	46
2.49	2.64	46
3.72	4.06	46
5.08	6.24	46
7.31	8.84	46
9.69	8.48	46
8.77	8.9	46
11.1	11.36	46
11.82	13.36	46
19.17	18.51	46
21.55	28.07	46
41.45	36.31	46
57.48	59.0	46
103.95	107.63	46
174.85	205.59	46
364.54	360.09	46
663.01	665.25	46
1285.13	1290.49	46
2377.88	2339.99	46
3670.42	3564.92	46
4801.04	4973.28	46
5914.94	6076.87	46
7404.67	6998.79	46
8290.65	8263.87	46
9746.4	9631.59	46
10390.59	10955.5	46
1.02	1.06	46
1.36	1.32	46
1.75	1.72	46
2.49	2.46	46
3.79	4.13	46
5.44	6.0	46
8.39	8.16	46
9.5	7.36	46
11.57	11.65	46
12.95	12.52	46
15.4	17.97	46
26.1	24.21	46
29.67	40.59	46
87.74	48.71	46
164.08	126.25	46
241.32	239.1	46
468.86	177.34	46
929.98	920.51	46
1841.87	2419.8	46
4821.53	2522.91	46
9380.92	9417.76	46
7267.7	13851.49	46
9638.64	14135.92	46
23082.29	6559.18	46
21070.49	14467.72	46
24386.84	27208.36	46
28071.67	27703.1	46
31537.11	21542.31	46
1.0	1.11	47
1.16	1.26	47
1.57	1.92	47
2.37	2.67	47
4.29	3.97	47
6.2	6.15	47
7.96	8.28	47
9.34	7.92	47
11.81	9.09	47
9.79	9.7	47
18.26	12.88	47
31.11	23.36	47
16.76	16.44	47
91.09	58.44	47
107.91	49.83	47
203.3	205.81	47
392.86	391.65	47
1207.59	344.58	47
1534.6	2394.28	47
4785.6	3058.76	47
2656.03	5958.37	47
8928.06	8915.19	47
5221.0	18299.67	47
14749.23	14677.8	47
17676.39	7779.06	47
9063.57	20743.15	47
23274.76	36705.83	47
40891.09	11609.13	47
