1.24	0.87
0.96	0.98
1.12	1.15
1.23	1.2
1.4	1.43
1.56	1.36
1.92	1.89
2.0	2.15
2.81	2.77
3.79	3.62
5.74	5.59
10.02	9.69
17.66	17.84
32.67	31.43
62.14	60.24
118.27	117.72
221.23	227.49
436.26	425.74
633.14	650.8
829.42	827.81
1066.4	1030.35
1268.54	1261.97
1476.74	1440.31
1653.5	1684.99
1859.66	1836.83
1.04	1.1
1.19	1.02
1.05	0.82
1.2	1.04
1.48	1.3
1.73	1.55
1.95	1.9
2.66	2.45
3.81	3.73
5.87	5.73
9.89	10.31
18.67	18.33
35.52	34.66
68.2	67.7
131.56	130.29
260.63	256.41
507.25	516.01
982.89	995.05
1463.34	1473.73
1937.54	1956.21
2413.9	2425.0
2888.34	2888.23
3377.27	3371.65
3938.53	3815.0
4300.41	4340.05
1.1	1.04
1.03	1.04
1.35	1.0
1.39	1.16
1.38	1.41
1.62	1.63
1.96	1.97
2.52	2.21
2.79	2.92
3.65	3.6
5.4	5.37
9.0	8.87
15.46	15.23
27.22	28.14
50.48	49.74
93.93	94.44
188.54	178.75
346.28	342.14
531.66	516.68
696.9	708.66
855.36	850.26
998.91	1000.86
1188.82	1159.98
1333.77	1367.89
1507.65	1526.81
1.18	0.95
1.15	1.12
1.12	1.08
1.25	1.14
1.54	1.4
1.68	1.74
2.4	2.28
2.72	2.45
3.9	3.52
6.02	5.45
9.7	9.43
17.04	17.13
32.65	33.66
63.26	63.53
124.87	123.48
246.71	246.7
483.29	486.58
938.82	949.44
1406.49	1385.76
1860.2	1862.28
2285.02	2311.46
2750.45	2749.32
3224.08	3217.47
3656.87	3647.26
4105.3	4109.31
1.21	1.02
1.2	1.02
1.25	1.09
1.38	1.25
1.48	1.44
1.85	1.55
1.96	1.84
2.44	2.53
3.58	3.67
5.76	6.65
9.84	9.82
18.35	18.93
35.64	34.85
67.82	67.97
133.24	134.84
255.4	257.09
518.8	518.68
979.57	1007.05
1466.04	1477.26
1949.79	1967.91
2413.87	2447.41
2860.41	2952.29
3385.04	3424.81
3831.63	3904.06
4300.13	4384.14
1.19	1.09
1.2	1.06
1.2	1.13
1.4	1.31
1.53	1.54
1.76	1.67
2.25	1.95
3.43	2.28
5.58	3.32
9.07	5.54
17.02	7.99
31.91	17.46
64.32	26.12
101.42	53.74
162.63	98.4
277.62	192.03
518.4	383.18
1306.81	749.01
1247.15	1112.06
1914.92	1472.28
1942.18	1834.36
2370.22	2190.93
4195.06	2544.48
3204.19	2909.37
3318.32	3303.79
1.11	0.99
1.12	1.04
1.24	1.17
1.38	1.1
1.47	1.34
1.97	1.68
2.04	2.08
2.65	2.44
3.86	3.43
5.78	5.17
9.68	9.0
20.06	16.7
34.7	31.17
66.14	61.93
128.46	115.89
251.12	227.6
500.69	450.99
979.65	882.32
1448.87	1285.08
1907.97	1695.9
2382.45	2142.92
2836.33	2539.56
3340.45	2954.25
3780.35	3415.51
4262.77	3853.18
1.08	1.01
1.1	1.08
1.23	1.08
1.42	1.22
1.51	1.49
1.91	1.84
2.35	2.15
3.53	2.76
5.62	3.98
9.63	4.82
17.46	8.04
29.78	13.52
58.67	26.16
103.41	50.05
182.8	97.41
284.67	190.8
443.05	379.79
1210.38	733.92
1261.57	1097.32
1945.33	1451.09
1916.48	1809.13
2346.54	2170.12
2810.38	2519.87
3143.06	2881.83
3289.41	3234.0
1.12	1.05
1.14	1.09
1.12	1.02
1.25	1.29
1.35	1.6
1.76	2.27
2.29	2.13
3.25	2.27
5.21	2.99
8.94	4.98
16.82	7.86
31.6	13.72
57.77	26.22
108.0	49.84
175.4	101.18
312.15	198.88
600.46	378.87
1631.21	742.57
1275.79	1104.71
1534.53	1460.11
1867.23	1811.97
3599.28	3526.36
2655.83	2539.51
3371.76	2902.18
3422.49	3252.34
1.12	1.03
1.09	0.92
1.19	1.15
1.3	1.26
1.52	1.24
1.6	1.78
1.86	1.98
2.43	2.59
3.43	3.7
5.56	5.69
10.24	9.99
17.71	18.04
35.09	35.13
67.67	66.67
128.24	131.7
259.04	259.41
509.76	514.78
982.36	996.97
1463.76	1484.26
1923.47	1969.1
2431.82	2470.71
2967.43	2938.15
3330.03	3466.47
3914.64	3898.26
4336.01	4387.19
1.08	0.96
1.62	0.98
1.09	1.62
1.19	1.38
1.48	1.45
2.12	1.85
2.48	2.3
3.6	2.65
5.54	3.99
9.6	4.89
17.66	7.98
33.68	13.99
66.41	25.84
132.07	49.63
216.81	96.97
318.16	190.87
601.51	377.62
779.41	736.41
1167.82	1089.39
2355.55	1448.53
2968.17	1802.98
2272.59	2164.78
2647.67	2523.37
3650.47	2877.01
5262.37	3233.24
1.12	1.04
1.12	1.78
1.16	1.11
1.34	1.43
1.6	1.45
1.81	1.68
2.57	1.99
2.54	2.42
3.72	3.39
5.64	5.5
9.54	8.91
18.44	16.84
34.7	31.08
65.83	60.29
127.82	116.3
247.11	226.87
505.42	451.43
964.01	881.64
1422.1	1278.23
1926.02	1717.91
2400.93	2133.01
2849.33	2563.97
3325.54	2980.73
3799.1	3377.32
4298.05	3836.04
1.14	1.59
1.16	1.03
1.14	1.08
1.43	1.12
1.26	1.37
2.29	1.57
2.15	1.88
2.78	2.56
3.66	3.64
5.83	6.01
10.05	10.02
18.79	19.26
35.7	35.48
67.86	69.29
131.07	132.94
257.96	255.27
504.62	505.18
987.1	981.6
1459.11	1473.14
1943.89	1943.38
2416.92	2430.27
2886.89	2857.32
3374.95	3356.72
3826.64	3881.6
4326.3	4346.47
1.11	0.96
1.36	1.19
1.2	1.87
1.22	1.37
1.53	1.38
1.68	1.54
1.95	1.79
1.98	1.97
2.65	2.86
3.96	3.87
5.83	6.16
9.92	9.99
17.43	18.7
32.4	31.37
60.76	61.44
115.4	114.69
223.14	221.2
436.02	436.48
629.75	657.34
851.0	851.82
1045.23	1047.55
1235.29	1251.15
1461.73	1459.55
1662.97	1700.92
1820.96	1978.83
1.0	1.04
1.02	1.07
1.13	1.12
1.05	1.25
1.95	1.56
1.8	1.91
2.27	2.02
2.65	2.38
3.66	3.56
5.69	5.7
9.57	9.28
17.32	17.36
33.31	32.67
63.56	63.66
123.54	122.25
246.09	247.71
480.72	478.63
936.49	948.33
1396.49	1398.2
1855.68	1850.91
2289.1	2300.48
2739.35	2768.37
3205.01	3179.4
3674.0	3639.01
4071.77	4077.9
1.72	1.1
1.14	1.09
1.16	1.2
1.26	1.34
1.46	1.63
1.72	1.66
1.91	1.88
2.27	2.87
3.12	2.92
4.28	3.69
5.53	5.55
9.45	8.88
14.86	15.57
27.52	27.83
50.49	51.96
95.87	94.97
185.63	181.47
352.91	355.41
509.79	511.77
687.91	680.08
863.78	860.21
1029.2	1057.86
1177.1	1180.73
1325.24	1338.15
1516.09	1483.48
1.13	1.05
1.24	1.17
1.31	1.33
1.45	1.64
1.34	1.65
1.97	1.82
2.01	1.94
2.38	2.51
2.97	3.19
4.42	4.27
6.99	6.69
11.68	12.0
21.63	21.51
41.08	41.01
74.6	79.0
141.05	150.75
288.41	296.63
511.33	554.94
802.12	836.16
1048.71	1097.78
1354.42	1339.49
1686.66	1661.58
1810.0	1908.76
2074.22	2183.47
2427.62	2414.56
1.14	1.15
1.31	1.11
1.32	1.26
1.49	1.51
1.7	1.68
2.07	2.24
2.77	2.74
4.64	3.08
7.55	4.61
13.37	7.16
25.16	12.16
49.3	22.86
96.74	43.63
186.69	84.41
381.0	164.43
567.44	326.31
758.22	652.12
2635.69	1260.16
2984.16	1881.66
4334.23	2471.2
4706.21	3102.01
4673.76	3686.95
4936.69	4299.87
9469.65	4877.25
8201.23	5564.91
0.94	0.96
1.3	1.08
1.3	1.37
1.52	1.38
1.69	1.48
1.95	1.83
2.22	2.34
2.7	2.3
3.59	3.22
5.76	4.09
9.0	6.39
15.25	11.14
30.08	19.16
52.8	35.91
85.84	64.79
225.17	124.19
439.3	240.03
618.82	456.2
949.09	686.06
1130.34	896.02
1453.62	1100.8
1670.16	1316.63
1934.84	1650.66
2019.39	1736.0
2325.95	1967.14
1.04	1.05
1.16	1.65
1.27	1.19
1.54	1.37
1.69	1.76
2.03	2.18
2.84	2.54
4.61	3.72
7.68	4.78
14.01	7.18
26.58	12.52
43.55	22.65
102.8	43.54
182.92	85.23
333.45	168.52
654.48	328.96
843.37	652.48
2312.51	1269.15
2914.8	1878.44
4554.89	2494.26
3320.94	3107.25
6137.51	3719.23
4577.68	4333.31
5508.94	4960.69
6053.63	5552.15
0.96	1.12
1.18	1.05
1.23	1.37
1.38	1.43
1.62	1.5
1.79	1.85
2.14	2.31
2.62	2.95
4.21	4.0
6.19	6.54
10.79	11.54
20.94	20.39
36.49	38.89
72.02	72.34
141.88	143.45
275.87	284.98
531.43	572.33
1064.01	1086.1
1609.71	1616.57
2167.06	2163.05
2612.99	2625.54
3169.81	3197.64
3580.18	3672.51
4212.81	4195.72
4676.45	4784.86
0.96	1.16
1.22	1.19
1.22	1.43
1.29	1.48
1.7	1.61
1.93	1.87
2.8	2.27
3.97	2.79
6.86	4.92
11.94	6.99
21.94	10.54
43.3	19.24
82.76	36.78
164.33	70.76
326.66	135.44
636.05	269.84
1282.55	533.36
2028.63	1045.64
2740.19	1542.83
3539.81	2055.89
4862.59	2555.2
6479.22	3074.18
7698.74	3572.18
8349.39	4093.78
10012.23	4600.68
1.09	1.2
1.12	1.32
1.47	1.3
1.62	1.49
1.67	1.64
1.95	2.15
2.22	2.3
2.85	2.69
4.57	4.04
7.9	6.16
12.56	9.9
21.13	17.56
42.49	32.6
77.58	62.24
150.32	124.08
285.25	237.91
537.26	463.31
956.43	902.05
1482.08	1330.38
1921.07	1813.55
2414.13	2257.25
2862.07	2649.38
3304.71	3064.93
3873.57	3534.44
4036.27	3962.97
1.6	1.16
1.28	1.26
1.28	2.45
2.05	1.43
1.75	1.92
2.14	2.19
3.49	2.72
4.24	3.16
6.99	5.19
13.0	6.48
23.0	11.63
44.33	20.41
85.73	38.48
170.52	73.21
332.85	143.57
669.21	281.98
1311.8	558.46
1673.03	1098.33
2934.51	1628.18
3684.42	2163.81
5380.16	2702.92
6265.21	3243.2
7808.78	3770.23
9089.85	4319.76
10297.2	4860.29
1.08	1.06
1.15	1.19
1.34	1.38
1.57	1.64
1.54	1.77
2.72	2.14
2.49	2.47
4.08	2.73
6.42	3.84
12.02	6.07
22.22	10.02
42.54	17.43
83.08	32.51
164.18	63.67
324.22	122.79
651.76	238.73
1288.25	476.99
2513.53	925.83
3739.57	1384.27
4905.84	1908.03
6157.72	2406.09
7428.5	2919.09
8537.31	3437.37
9644.51	3936.55
10961.59	4435.23
1.13	1.18
1.17	1.33
1.28	1.32
1.52	2.03
1.54	2.15
1.81	1.88
1.93	2.56
2.78	2.8
3.89	4.06
6.42	6.57
10.7	11.62
19.55	20.88
37.46	38.98
72.87	76.47
143.17	144.5
277.04	285.0
559.08	562.05
1046.03	1081.37
1574.17	1607.35
2138.36	2117.32
2624.86	2660.99
3134.02	3265.24
3708.97	3693.76
4241.34	4300.77
4545.69	4748.67
1.08	1.2
1.15	1.41
1.4	1.36
1.59	1.47
1.66	1.7
2.31	2.07
3.03	2.68
4.23	3.65
7.26	4.48
12.37	6.42
22.85	11.04
43.79	19.99
87.24	36.85
170.18	70.68
331.99	137.02
659.35	273.52
1310.42	543.1
2585.71	1049.08
3806.55	1580.56
5129.05	2111.91
6316.17	2646.51
7598.22	3184.47
8785.84	3698.25
9848.73	4230.41
11295.84	4771.97
1.04	1.03
1.28	1.35
1.28	1.34
1.5	1.43
1.64	1.56
1.98	2.04
2.21	2.9
2.93	2.6
4.4	3.85
7.08	5.95
12.46	9.76
22.18	18.08
42.65	33.15
85.85	63.69
168.6	121.34
321.6	235.59
546.52	460.11
1017.59	905.1
1502.92	1364.83
1885.76	1755.93
2411.02	2203.36
2728.15	2630.17
3186.41	3086.87
3589.47	3530.34
4230.13	4014.35
1.09	1.18
1.19	1.25
1.36	1.21
1.46	1.33
1.81	1.8
1.93	2.23
2.92	2.61
4.41	3.09
7.35	4.67
13.49	7.11
25.65	12.45
49.13	22.85
96.95	43.47
189.98	83.85
374.24	163.96
747.09	326.29
1125.18	645.7
2528.96	1256.52
4068.17	1868.35
4434.88	2476.43
3551.85	3111.67
5013.22	3717.23
7791.91	4342.47
5423.82	4936.19
7999.52	5552.71
1.12	1.2
1.21	1.85
1.33	1.5
1.47	1.31
1.66	1.6
1.92	1.76
2.11	1.98
2.4	2.49
3.21	3.26
4.38	4.55
6.84	6.81
11.62	12.26
21.36	22.09
40.43	42.03
75.32	78.84
138.93	153.26
279.23	291.76
567.91	557.93
810.99	830.31
1072.52	1069.96
1290.3	1421.33
1578.41	1612.7
1897.75	1960.53
2160.05	2212.82
2267.16	2478.61
1.1	1.27
1.86	1.33
1.37	1.33
1.18	1.5
1.73	1.74
2.06	2.25
3.05	2.85
4.48	2.95
7.72	5.19
14.39	7.04
27.25	12.82
51.4	22.66
101.78	43.76
194.58	85.54
400.7	164.8
796.76	327.83
1301.42	650.52
2447.1	1265.69
4020.0	1884.54
3710.58	2511.04
3722.1	3108.25
6382.74	3737.82
7750.92	4359.85
7383.28	4993.77
8030.11	5587.91
1.14	1.21
1.19	1.15
1.39	1.2
1.36	1.81
1.4	1.55
1.92	1.84
2.33	2.25
2.75	2.68
3.76	3.21
5.61	4.54
9.32	6.47
16.48	10.76
31.28	18.65
57.97	36.48
102.07	64.6
197.84	124.07
377.19	235.77
846.12	453.85
945.54	664.42
1277.4	898.73
1257.13	1086.64
1619.52	1342.72
1749.66	1538.4
2048.39	1731.28
2383.62	1970.89
1.18	1.18
1.17	1.22
1.62	1.71
2.0	2.12
2.65	2.12
2.42	2.5
3.23	3.13
3.7	3.72
5.08	4.45
7.27	7.24
11.99	11.87
20.71	21.57
38.8	37.54
70.16	72.39
135.97	137.51
266.27	259.88
503.17	510.39
759.79	763.56
965.95	1006.64
1245.37	1251.1
1464.5	1463.44
1685.73	1706.36
1954.48	1959.1
2215.91	2206.15
1.14	0.93
1.29	1.18
1.56	1.63
1.83	1.8
2.26	2.33
2.88	2.59
3.59	3.3
4.69	4.37
6.76	6.69
11.89	11.71
20.37	20.83
40.58	38.98
75.13	75.78
147.84	148.02
295.03	289.47
572.78	572.22
1120.2	1117.83
1664.0	1653.43
2155.67	2166.13
2724.91	2731.62
3251.02	3262.39
3789.73	3832.26
4324.55	4302.49
4867.49	4873.74
1.17	1.37
1.44	1.31
1.62	1.66
2.27	2.29
2.59	2.69
2.89	2.76
3.23	3.27
4.0	3.95
5.19	5.09
7.09	7.1
11.18	11.0
19.59	18.73
34.67	34.04
62.0	63.27
119.48	113.88
227.17	227.73
432.52	443.29
630.95	632.42
838.35	856.96
1056.25	1020.54
1222.77	1241.5
1443.42	1415.07
1647.26	1643.53
1874.61	1853.76
1.18	0.99
1.32	1.28
1.6	1.57
2.7	2.08
2.62	2.64
3.11	2.97
3.5	3.17
4.6	4.63
6.49	6.71
10.78	10.84
19.0	19.22
38.04	35.35
66.86	67.92
135.24	130.58
258.01	257.62
510.54	509.33
989.51	981.43
1468.78	1486.65
1935.87	1950.99
2448.71	2415.33
2915.96	2891.55
3356.75	3344.82
3846.32	3800.63
4294.97	4310.63
1.05	1.15
1.23	1.14
1.48	2.42
1.89	1.74
3.74	2.34
2.75	2.48
3.41	3.43
4.65	4.76
6.64	6.42
10.73	10.95
19.68	19.12
36.63	36.47
68.84	70.11
135.91	135.21
267.04	262.98
518.16	525.72
1019.89	1012.93
1511.0	1517.76
1995.71	1988.03
2485.14	2467.39
2994.78	2984.7
3448.16	3485.8
3965.69	3969.96
4455.32	4480.25
1.07	1.23
1.35	1.32
1.61	1.74
1.99	1.99
2.34	2.29
3.17	2.47
3.34	3.07
4.35	3.47
5.62	5.55
8.48	8.24
14.26	14.29
25.91	25.77
48.61	47.9
92.52	92.94
183.02	178.83
356.66	363.64
692.5	689.45
1019.73	1036.31
1360.18	1371.53
1681.74	1690.14
2019.84	2030.47
2368.23	2366.88
2689.24	2714.94
3035.01	3068.74
1.21	1.84
1.35	1.95
2.12	1.57
2.02	1.9
3.27	2.5
3.05	2.89
3.33	2.95
4.33	4.4
6.59	6.12
10.57	9.9
18.02	17.77
32.43	33.53
63.53	62.67
119.64	122.7
235.47	235.38
466.76	463.46
897.92	909.16
1332.78	1341.87
1731.52	1777.06
2193.03	2213.49
2629.57	2633.2
3029.71	3083.6
3502.54	3556.95
3908.79	3952.25
1.17	1.24
1.36	1.23
1.75	1.8
2.11	2.23
3.09	2.65
3.21	2.91
3.4	3.2
4.06	3.89
5.79	5.63
7.63	8.11
13.72	13.16
24.26	23.58
44.69	45.65
85.53	84.62
165.28	165.33
334.21	326.95
629.75	627.57
936.75	931.4
1238.03	1236.93
1544.78	1549.26
1839.12	1846.3
2147.87	2146.24
2445.71	2448.29
2765.48	2754.85
1.12	1.81
1.14	1.28
1.59	1.62
1.91	2.24
2.29	2.1
2.72	2.41
3.29	3.19
3.7	4.12
6.72	5.34
8.13	7.81
14.13	14.38
25.95	25.68
48.65	48.31
92.86	92.01
183.68	182.41
359.31	361.8
693.42	683.81
1023.9	1027.15
1379.24	1348.65
1705.24	1716.22
2026.45	2045.96
2381.98	2399.16
2712.9	2733.15
3078.88	3107.59
1.21	1.18
1.16	1.23
1.55	1.67
1.93	1.99
2.39	2.65
3.17	2.5
3.59	3.19
4.66	4.68
7.51	6.89
11.02	10.69
19.8	19.82
36.12	36.65
70.53	69.58
135.52	135.51
261.36	266.65
530.9	526.17
1008.25	1012.83
1516.09	1493.86
1999.46	2003.66
2477.84	2483.57
2968.58	2950.72
3467.44	3480.73
3955.46	4001.83
4442.96	4477.65
1.07	1.03
1.15	1.37
1.65	1.72
2.02	2.08
2.88	2.68
3.19	3.1
3.59	3.17
4.78	4.05
5.71	5.0
8.06	7.86
13.79	13.5
24.4	23.38
44.1	44.48
86.01	85.38
165.36	166.6
329.45	325.59
635.24	636.18
939.0	939.41
1245.72	1248.39
1560.51	1554.96
1881.44	1873.85
2181.09	2193.34
2488.85	2489.42
2799.9	2815.37
1.17	1.09
1.28	1.24
1.41	1.43
2.43	2.06
2.48	2.48
2.6	2.78
3.46	3.55
4.51	4.47
6.14	6.0
10.48	10.68
17.77	18.36
33.69	32.88
63.42	64.77
120.08	122.58
235.32	239.79
462.55	468.92
888.53	907.53
1340.72	1332.92
1738.31	1765.12
2198.88	2194.03
2602.68	2655.9
3060.74	3048.39
3498.6	3523.17
3928.36	3976.94
1.13	1.11
1.35	1.24
1.46	1.52
1.74	1.96
2.46	2.12
3.0	2.72
3.44	3.21
4.82	4.41
6.38	6.92
11.01	11.24
20.66	21.09
38.77	39.22
74.14	75.12
146.85	147.62
289.27	288.24
573.52	573.01
1113.89	1108.09
1673.84	1643.67
2172.78	2186.26
2717.07	2742.11
3241.0	3249.77
3780.14	3811.78
4357.59	4344.89
4881.24	4933.08
1.1	1.14
1.38	1.33
1.41	1.66
1.94	1.81
2.34	2.25
2.88	2.45
3.14	2.96
3.84	4.02
5.25	5.24
8.01	7.91
12.11	12.09
20.51	20.84
38.65	38.29
71.33	71.56
136.52	136.18
273.65	272.95
509.82	510.84
745.55	744.35
1036.72	1006.35
1241.17	1244.36
1522.02	1471.57
1715.79	1752.14
1950.59	1982.2
2205.76	2224.05
1.14	1.1
1.3	1.47
1.58	1.48
2.23	2.12
2.66	2.85
3.08	2.69
3.5	3.49
4.49	4.19
6.26	6.31
10.98	11.26
20.08	18.76
38.98	35.35
67.62	67.68
130.7	127.67
261.33	258.84
508.5	508.83
983.77	974.33
1462.32	1454.99
1938.74	1943.42
2406.87	2416.36
2872.77	2867.61
3410.72	3328.12
3800.74	3834.85
4312.59	4323.26
1.19	1.14
1.32	1.2
1.43	1.51
2.0	2.06
2.42	2.75
2.89	3.18
3.36	2.87
4.04	3.78
5.1	4.67
6.66	6.97
11.13	11.17
19.59	19.54
34.57	34.15
63.15	63.88
119.67	120.63
234.81	232.55
445.82	468.4
661.72	650.11
860.86	887.88
1093.61	1072.92
1275.01	1328.14
1445.98	1496.54
1720.59	1764.34
2025.83	1911.18
0.9	0.83
0.98	0.97
1.22	1.16
1.34	1.63
1.94	1.58
2.2	1.97
2.28	2.56
2.31	2.23
2.51	2.33
2.63	2.92
3.01	2.82
3.42	3.59
4.72	4.86
6.42	6.25
9.68	10.34
16.58	16.07
29.69	29.47
56.56	69.1
104.41	104.65
200.36	202.3
402.94	397.69
767.58	776.68
1140.92	1138.52
1490.99	1750.73
1857.05	1890.98
2224.16	2229.98
2608.34	2592.54
3013.08	3034.95
3384.17	3294.29
0.88	0.83
0.94	1.06
1.08	1.26
1.42	1.46
1.7	1.78
2.09	2.07
2.27	2.0
2.19	2.15
2.41	2.33
2.82	2.77
3.58	3.71
5.28	5.22
8.68	8.94
15.5	13.65
28.46	29.1
53.71	54.81
104.93	106.23
210.0	207.23
412.03	410.51
820.56	712.15
1635.32	1405.21
3172.04	3169.77
4735.66	4721.46
6259.0	6293.82
7810.57	7848.61
9414.05	8068.76
10950.95	11001.69
12406.29	10815.33
14008.47	13990.28
0.85	0.86
1.21	1.08
1.16	1.13
1.36	1.55
1.69	1.9
2.04	1.96
1.95	2.05
2.22	2.19
2.44	2.47
2.7	2.81
2.99	3.0
3.76	3.7
5.31	5.31
7.56	7.7
11.37	11.26
18.28	17.73
31.03	30.88
58.33	62.51
105.04	105.88
202.64	204.88
406.25	407.4
766.32	773.45
1150.02	1143.12
1506.91	1710.26
1872.63	1852.19
2315.38	2262.82
2651.42	2637.37
2982.62	2972.7
3349.34	3330.0
0.92	0.86
0.89	1.01
1.11	1.04
1.57	1.57
1.79	1.84
2.11	2.49
1.9	1.85
1.95	2.35
2.16	2.27
2.95	3.04
3.79	3.97
5.79	5.96
9.07	9.27
16.81	16.3
29.72	28.66
55.05	54.82
106.73	107.97
210.72	209.23
409.86	353.46
819.63	825.82
1644.56	1188.4
3175.04	2746.8
4735.08	4070.98
6302.83	6289.91
7848.18	7824.08
9399.02	9372.2
10971.1	10909.54
12549.45	10790.8
14023.53	14024.61
0.85	0.97
1.13	1.16
1.22	1.38
1.55	1.53
1.86	1.76
2.04	2.06
2.29	2.49
2.31	2.41
2.35	2.46
2.79	2.92
3.1	3.04
4.29	4.09
6.02	6.08
9.35	9.46
15.12	15.28
25.44	26.49
48.25	47.78
91.06	92.53
175.61	174.16
342.52	343.16
685.79	665.16
1319.02	1378.59
1980.52	1928.46
2562.65	2602.14
3263.1	3233.78
3855.46	3802.67
4483.59	4467.75
5151.94	5105.69
5756.2	5773.62
