1.01	1.23	1
1.01	1.28	1
1.13	1.34	1
1.12	1.48	1
1.42	1.5	1
1.61	1.7	1
1.76	1.85	1
2.18	2.02	1
2.66	2.8	1
3.68	3.94	1
5.69	6.01	1
9.79	10.25	1
17.86	17.42	1
31.74	32.78	1
61.19	62.24	1
117.68	116.82	1
229.93	221.17	1
425.89	427.21	1
651.36	637.12	1
864.18	839.91	1
1068.36	1045.1	1
1273.11	1250.26	1
1442.85	1458.75	1
1686.83	1678.56	1
1887.88	1825.28	1
1.07	1.19	1
1.8	1.3	1
1.62	1.2	1
1.09	1.42	1
1.39	1.44	1
1.68	1.92	1
2.71	2.23	1
2.59	2.7	1
3.93	3.92	1
5.75	5.94	1
9.83	10.15	1
18.66	18.99	1
35.04	35.88	1
67.97	68.74	1
129.72	131.1	1
258.81	255.32	1
506.05	506.61	1
988.98	1000.21	1
1486.14	1484.28	1
1940.5	1943.17	1
2432.08	2417.99	1
2897.55	2881.8	1
3359.29	3405.48	1
3907.75	7610.81	1
4286.39	4309.67	1
1.12	1.05	1
1.16	1.76	1
1.94	1.37	1
1.21	1.31	1
1.46	1.42	1
1.74	1.74	1
2.64	2.83	1
2.23	2.37	1
3.0	3.2	1
3.65	3.82	1
5.38	5.72	1
9.02	8.94	1
16.45	15.61	1
27.99	28.1	1
51.63	50.59	1
97.0	101.75	1
181.97	186.26	1
356.13	352.71	1
526.98	516.75	1
688.55	686.82	1
851.17	869.29	1
1022.44	1054.32	1
1182.23	1196.57	1
1372.87	1359.69	1
1536.03	1490.15	1
0.97	1.45	1
1.0	1.12	1
1.07	1.2	1
1.27	1.32	1
1.33	1.36	1
1.7	1.83	1
2.21	2.38	1
2.29	3.2	1
3.52	3.71	1
5.33	5.92	1
10.27	9.82	1
17.59	17.51	1
33.24	32.29	1
63.71	64.44	1
126.18	124.59	1
244.76	244.9	1
487.95	487.04	1
942.22	935.84	1
1397.11	1408.44	1
1862.67	1859.19	1
2288.39	2310.72	1
2751.23	2790.0	1
3230.68	3217.78	1
3700.15	3658.89	1
4123.21	4117.14	1
1.03	1.18	2
1.02	1.34	2
1.1	1.07	2
1.17	1.41	2
1.33	1.47	2
1.51	1.64	2
2.0	2.16	2
2.47	2.49	2
3.56	3.81	2
6.42	5.61	2
10.21	9.72	2
18.84	17.48	2
35.4	34.13	2
66.89	65.11	2
132.25	125.52	2
258.96	247.85	2
503.88	489.18	2
967.09	960.23	2
1476.69	1422.43	2
1999.99	1898.08	2
2435.13	2328.88	2
2948.15	2816.36	2
3382.28	3264.89	2
3792.4	3726.15	2
4380.4	4211.9	2
1.18	1.02	2
1.04	1.16	2
1.09	1.26	2
1.18	1.33	2
1.43	1.56	2
2.38	1.76	2
2.01	2.32	2
2.88	3.33	2
3.17	5.45	2
6.24	9.73	2
7.79	18.93	2
20.96	35.28	2
40.53	69.44	2
50.86	135.34	2
98.52	267.4	2
193.25	536.54	2
383.03	1060.45	2
1190.7	2069.73	2
1108.8	3104.23	2
1468.69	4107.24	2
1827.65	5104.16	2
2208.51	6099.71	2
2544.38	7136.59	2
4655.01	8104.66	2
3270.95	9115.28	2
1.65	1.09	2
1.23	1.12	2
1.05	1.17	2
1.17	1.33	2
1.38	1.94	2
2.16	1.84	2
2.03	2.29	2
2.4	2.58	2
3.6	3.74	2
5.53	5.92	2
9.0	9.41	2
16.53	17.48	2
30.9	33.61	2
60.18	66.33	2
116.7	128.67	2
226.77	246.08	2
449.46	493.75	2
865.41	967.24	2
1310.89	1448.01	2
1710.04	1906.78	2
2136.9	2374.52	2
2551.2	2830.09	2
2933.61	3281.84	2
3372.31	3740.49	2
3832.91	4223.14	2
1.12	0.94	2
1.06	1.07	2
1.2	1.25	2
1.21	1.3	2
1.54	1.54	2
1.79	1.84	2
2.14	2.6	2
2.59	3.44	2
3.51	5.38	2
4.85	9.22	2
8.01	18.38	2
13.76	35.06	2
26.1	68.55	2
49.94	136.14	2
97.75	270.73	2
190.31	531.91	2
378.76	1061.11	2
735.6	2064.44	2
1091.26	3081.76	2
1453.18	4113.21	2
1800.65	5113.83	2
2166.34	4811.53	2
2525.06	7125.99	2
2895.54	8166.23	2
3238.16	9125.6	2
1.22	1.13	3
1.05	1.03	3
1.02	1.22	3
1.27	1.25	3
1.98	1.26	3
1.59	1.87	3
2.01	2.19	3
2.27	3.4	3
3.14	5.99	3
6.09	10.07	3
7.86	18.19	3
13.8	34.79	3
41.05	68.79	3
50.72	136.35	3
97.48	270.78	3
192.08	535.07	3
380.99	1076.7	3
743.17	2065.03	3
2429.79	3117.73	3
1461.58	4081.96	3
1832.52	5110.73	3
4809.22	6080.6	3
2539.4	7085.07	3
2907.35	8106.0	3
3252.55	9152.62	3
1.08	1.2	3
1.04	1.08	3
1.19	1.15	3
1.23	1.3	3
1.37	1.39	3
1.53	1.68	3
1.79	1.81	3
2.54	2.56	3
3.52	3.72	3
5.43	5.63	3
9.8	10.55	3
18.78	17.5	3
35.56	33.49	3
67.05	65.01	3
132.05	126.83	3
264.28	245.6	3
522.2	499.89	3
986.99	961.46	3
1454.12	1422.24	3
1933.9	1887.17	3
2455.88	2368.74	3
2918.74	2817.79	3
3405.28	3314.09	3
3870.8	3763.79	3
4368.12	4243.86	3
1.11	1.1	3
1.04	1.03	3
1.22	1.12	3
1.26	1.28	3
1.58	1.61	3
1.85	1.91	3
2.15	2.62	3
2.58	3.37	3
3.73	5.5	3
5.0	9.6	3
8.31	17.5	3
21.12	34.98	3
25.53	67.8	3
49.7	135.54	3
96.88	266.11	3
305.46	536.43	3
377.74	1063.78	3
735.8	2067.72	3
1091.56	3085.43	3
2330.38	4096.21	3
1805.63	5120.5	3
2164.94	6122.83	3
2520.03	7116.21	3
2883.75	8138.86	3
3240.97	9133.52	3
1.09	1.19	3
1.13	1.06	3
1.05	1.3	3
1.18	1.44	3
1.49	1.45	3
1.6	1.73	3
1.95	2.0	3
2.47	2.62	3
3.5	3.71	3
5.47	5.58	3
9.35	10.08	3
16.43	17.44	3
30.95	34.93	3
59.81	64.47	3
116.42	127.33	3
229.82	253.29	3
449.55	498.07	3
880.27	959.21	3
1291.4	1415.91	3
1724.76	1904.67	3
2120.43	2378.23	3
2556.05	2859.0	3
2965.79	3303.74	3
3437.3	3758.46	3
3830.24	4240.07	3
1.01	0.97	4
1.17	1.18	4
1.03	1.06	4
1.05	1.15	4
1.31	1.3	4
1.62	1.57	4
2.02	2.04	4
2.37	2.55	4
3.73	3.51	4
5.71	6.3	4
9.85	10.23	4
19.48	19.27	4
35.11	35.91	4
67.95	67.38	4
130.75	132.11	4
258.45	257.94	4
515.62	507.59	4
989.71	982.91	4
1463.32	1468.88	4
1945.1	1926.51	4
2432.75	2415.44	4
2890.39	2925.85	4
3364.43	3378.59	4
3878.08	3830.83	4
4343.24	4327.59	4
1.03	1.05	4
0.93	1.18	4
1.06	1.17	4
1.96	1.44	4
1.27	1.58	4
1.58	1.64	4
2.42	1.91	4
2.21	2.26	4
3.16	2.9	4
3.85	3.88	4
5.72	5.77	4
9.72	9.87	4
17.62	18.49	4
32.04	32.51	4
60.37	60.94	4
118.79	117.42	4
224.3	226.72	4
443.55	442.3	4
651.33	640.04	4
839.46	839.67	4
1061.11	1065.85	4
1276.88	1261.53	4
1443.67	1465.69	4
1687.73	1699.73	4
1850.6	1868.92	4
1.1	1.06	4
1.13	1.07	4
1.2	1.17	4
1.15	1.23	4
1.54	1.46	4
1.72	1.77	4
2.02	2.3	4
2.57	2.7	4
3.41	3.84	4
5.31	5.87	4
9.6	9.33	4
17.1	17.94	4
32.96	32.85	4
62.46	64.2	4
123.66	122.92	4
244.43	244.14	4
489.68	481.6	4
945.16	947.27	4
1390.92	1390.89	4
1851.09	1843.44	4
2307.38	2298.65	4
2772.66	4265.79	4
3238.72	3198.28	4
3688.9	3690.27	4
4100.12	4119.68	4
1.11	1.18	4
1.13	1.04	4
1.13	1.1	4
1.29	1.38	4
1.44	1.49	4
1.57	1.66	4
1.82	2.0	4
2.95	2.64	4
3.12	3.31	4
3.89	3.85	4
5.49	5.6	4
9.02	9.01	4
15.35	15.45	4
28.49	27.54	4
52.22	50.86	4
95.52	96.7	4
189.62	190.2	4
357.36	356.92	4
526.32	532.38	4
693.88	705.21	4
839.21	848.95	4
1027.74	1028.19	4
1248.74	1184.49	4
1369.0	1316.17	4
1513.05	1487.84	4
1.01	1.08	5
1.44	1.09	5
1.12	1.46	5
1.45	1.38	5
1.59	1.62	5
1.82	1.87	5
2.67	1.99	5
2.35	2.45	5
2.83	3.01	5
4.28	4.46	5
6.81	6.73	5
12.32	11.03	5
21.4	20.81	5
40.59	38.74	5
77.26	70.3	5
148.49	136.81	5
289.31	265.65	5
542.33	497.65	5
807.13	739.95	5
991.91	999.02	5
1290.98	1215.2	5
1702.69	1455.49	5
1905.06	1726.91	5
2158.09	1941.22	5
2437.51	2179.38	5
0.94	1.1	5
1.06	1.15	5
1.07	1.24	5
1.38	1.47	5
1.64	1.61	5
2.06	2.02	5
2.42	2.72	5
3.5	4.3	5
5.45	7.96	5
9.14	13.35	5
16.62	24.7	5
23.27	48.48	5
43.12	95.18	5
84.69	189.71	5
166.15	375.12	5
467.41	741.44	5
1475.97	1477.48	5
1793.2	2931.49	5
2701.61	4343.93	5
4615.22	5712.37	5
4398.99	7114.35	5
3722.56	8520.81	5
6150.66	9915.79	5
7004.28	11385.31	5
5580.07	12734.54	5
1.03	1.47	5
1.21	1.18	5
1.23	1.24	5
1.33	1.64	5
1.7	1.7	5
1.94	2.02	5
2.28	2.23	5
2.62	2.59	5
3.28	3.21	5
4.6	4.55	5
6.64	6.9	5
10.98	12.34	5
19.69	21.17	5
37.35	39.61	5
65.44	72.14	5
123.77	139.02	5
255.93	269.2	5
459.4	504.48	5
678.74	756.22	5
880.63	988.62	5
1118.24	1245.86	5
1396.53	1502.66	5
1594.06	1758.16	5
1827.04	1980.16	5
2147.65	2191.64	5
1.06	1.11	5
0.98	1.17	5
1.22	1.28	5
1.24	1.43	5
1.61	1.91	5
2.13	2.03	5
2.34	2.85	5
3.62	4.35	5
5.65	7.3	5
7.07	13.4	5
16.79	25.25	5
40.78	49.52	5
60.81	96.57	5
153.12	191.51	5
166.04	372.34	5
743.58	743.64	5
650.75	1484.95	5
1830.3	2876.39	5
1879.19	4308.85	5
3545.74	5755.05	5
4445.6	7180.65	5
5310.29	8598.2	5
4326.93	9989.42	5
9085.14	11467.86	5
8048.09	12687.42	5
1.19	1.03	6
1.09	1.04	6
1.31	1.46	6
1.32	1.48	6
1.69	1.69	6
1.67	1.72	6
2.71	2.09	6
2.71	2.72	6
4.0	3.87	6
6.23	6.06	6
10.76	10.84	6
19.98	19.18	6
37.02	37.05	6
71.3	70.03	6
142.84	137.13	6
281.87	265.61	6
554.15	520.25	6
1077.13	1024.43	6
1554.67	1527.52	6
2124.41	2016.07	6
2638.35	2508.89	6
3218.21	3018.81	6
3618.19	3515.68	6
4228.53	4034.31	6
4752.9	4450.11	6
1.14	1.19	6
1.29	1.32	6
1.17	1.17	6
1.49	1.17	6
1.62	1.63	6
1.95	1.94	6
2.43	2.81	6
3.18	3.98	6
4.92	6.58	6
7.81	11.87	6
14.67	21.77	6
19.11	42.93	6
35.48	83.92	6
99.86	165.73	6
261.47	323.21	6
268.13	637.95	6
528.97	1281.61	6
1042.74	2495.93	6
3013.12	3696.58	6
2070.64	4898.74	6
3748.84	6168.14	6
4529.46	7301.07	6
3579.15	8564.04	6
7801.15	9825.66	6
6685.52	11073.61	6
1.13	1.08	6
1.11	1.06	6
1.39	1.19	6
1.47	1.6	6
1.82	1.68	6
1.94	1.87	6
2.27	2.28	6
2.71	2.69	6
4.07	3.96	6
6.16	6.7	6
9.86	10.42	6
17.96	19.78	6
35.54	36.51	6
65.77	69.89	6
128.27	135.88	6
247.54	267.9	6
485.33	529.11	6
976.75	1013.75	6
1415.7	1514.25	6
1786.87	2030.45	6
2311.84	2507.54	6
2700.11	3047.87	6
3408.98	3555.46	6
3699.47	4078.02	6
3928.27	4530.3	6
1.1	1.11	6
1.28	1.22	6
1.86	1.32	6
1.32	1.78	6
1.72	1.47	6
2.18	2.06	6
2.79	2.88	6
3.26	4.13	6
4.69	6.68	6
8.2	11.82	6
14.36	21.59	6
19.85	42.71	6
37.44	83.53	6
103.73	165.82	6
143.98	324.75	6
518.05	641.54	6
562.96	1286.27	6
1095.65	2488.58	6
2989.76	3741.39	6
3086.05	4903.7	6
2701.59	6095.41	6
4590.59	7362.5	6
3753.14	8625.72	6
4302.65	9818.92	6
4840.83	11114.41	6
1.1	1.14	7
1.22	1.1	7
1.32	1.3	7
1.51	1.26	7
1.65	1.5	7
1.91	1.97	7
2.48	2.73	7
3.73	3.94	7
3.82	7.04	7
7.52	12.27	7
13.91	22.51	7
25.65	43.83	7
32.52	83.5	7
130.95	162.63	7
122.61	325.36	7
370.36	649.36	7
477.55	1273.21	7
1455.67	2500.41	7
2166.12	3759.44	7
1902.56	4973.51	7
2412.66	6222.07	7
2911.07	7376.37	7
8669.77	8520.87	7
5898.05	9705.77	7
6632.38	11012.5	7
1.08	1.12	7
1.77	1.17	7
1.23	1.37	7
1.4	1.29	7
1.34	1.59	7
1.84	1.85	7
2.04	1.83	7
2.9	2.55	7
4.27	3.72	7
6.3	6.01	7
10.86	10.77	7
20.43	19.17	7
38.47	37.19	7
75.63	69.97	7
140.91	134.44	7
274.39	265.89	7
536.38	517.82	7
1054.75	1013.88	7
1532.28	1505.05	7
2098.32	1995.22	7
2664.23	2501.67	7
3146.88	3031.92	7
3643.98	3537.53	7
4251.66	4057.67	7
4590.35	4486.65	7
1.06	1.2	7
1.23	1.18	7
1.42	1.47	7
1.39	1.44	7
2.13	1.64	7
2.07	2.13	7
3.46	2.62	7
3.14	3.86	7
4.67	6.54	7
6.37	11.8	7
14.71	21.76	7
35.52	43.34	7
36.64	86.58	7
102.38	163.0	7
199.46	323.22	7
400.51	652.24	7
787.13	1277.84	7
1058.52	2505.22	7
2260.55	3752.01	7
2121.35	5005.38	7
5004.44	6195.56	7
5958.39	7264.28	7
6899.66	8598.97	7
4250.55	9846.45	7
6889.62	11011.87	7
1.06	1.17	7
1.19	1.25	7
1.46	1.31	7
1.53	1.27	7
1.66	1.76	7
2.04	1.96	7
2.24	2.27	7
2.75	2.94	7
3.75	4.25	7
6.09	6.15	7
9.72	10.74	7
18.16	19.57	7
35.37	37.25	7
65.51	69.5	7
120.31	137.72	7
240.11	268.44	7
513.76	518.14	7
914.92	1019.85	7
1409.39	1519.72	7
1865.25	2012.76	7
2230.64	2504.4	7
2927.5	3049.21	7
3232.5	3494.18	7
3600.74	4022.73	7
3960.68	4546.35	7
1.19	1.61	8
1.21	1.65	8
1.41	1.41	8
1.54	1.33	8
1.66	1.62	8
1.97	2.03	8
2.62	2.73	8
3.16	4.26	8
4.28	7.09	8
9.26	13.66	8
12.57	25.15	8
41.57	49.29	8
61.73	98.01	8
156.29	191.34	8
235.12	376.2	8
470.31	748.57	8
646.34	1480.8	8
1804.07	2902.64	8
1865.09	4316.47	8
3568.07	5720.53	8
3088.82	7138.27	8
5361.28	8579.76	8
4345.72	9969.83	8
4944.58	11351.13	8
5564.0	12647.02	8
1.21	1.07	8
1.41	1.25	8
1.35	1.33	8
1.49	1.46	8
1.66	1.63	8
2.02	1.72	8
2.07	2.13	8
2.39	2.45	8
3.23	2.88	8
4.69	4.25	8
6.93	6.73	8
12.43	11.38	8
20.93	20.7	8
39.41	38.65	8
76.49	70.47	8
143.09	137.62	8
291.0	269.08	8
527.78	509.21	8
814.94	744.13	8
1104.55	985.19	8
1330.59	1264.34	8
1653.01	1544.06	8
1911.8	1761.3	8
2143.84	2011.66	8
2260.26	2205.04	8
1.18	1.22	8
1.22	1.01	8
1.28	1.2	8
1.41	1.38	8
1.5	1.83	8
1.96	2.19	8
2.51	2.93	8
3.07	4.36	8
6.31	7.02	8
7.0	12.79	8
12.61	24.67	8
22.9	48.92	8
61.04	96.29	8
84.75	187.59	8
233.74	375.0	8
466.44	749.71	8
933.55	1480.21	8
1823.78	2923.44	8
1877.76	4322.49	8
2501.12	5710.28	8
3125.79	7105.34	8
3737.71	8566.26	8
4352.21	9919.25	8
7072.1	11247.87	8
10509.14	12746.96	8
0.91	1.31	8
1.16	1.42	8
1.25	1.29	8
1.43	1.26	8
1.55	1.6	8
2.01	1.84	8
1.96	2.09	8
2.57	2.48	8
3.21	3.23	8
4.42	4.6	8
6.68	7.01	8
10.88	11.37	8
20.66	21.15	8
36.44	38.88	8
66.58	72.06	8
124.63	140.33	8
257.49	260.35	8
449.87	511.79	8
692.62	758.46	8
909.89	1008.58	8
1149.85	1282.71	8
1388.16	1456.84	8
1620.91	1742.17	8
1869.67	1978.3	8
2065.03	2246.69	8
1.19	1.11	9
1.44	1.39	9
1.67	1.68	9
2.21	1.94	9
2.36	2.44	9
2.9	2.87	9
3.15	3.11	9
3.97	3.71	9
4.93	5.15	9
7.3	7.46	9
11.87	11.4	9
21.32	20.71	9
37.5	37.87	9
72.15	71.14	9
139.66	135.99	9
264.28	265.84	9
509.9	512.98	9
763.07	707.69	9
989.63	987.88	9
1242.22	1181.59	9
1512.26	1487.65	9
1708.09	1665.08	9
1964.52	1949.22	9
2206.1	2205.12	9
1.24	1.16	9
1.36	1.32	9
1.61	1.63	9
1.83	1.95	9
2.63	2.45	9
2.58	2.69	9
3.29	3.09	9
4.43	4.62	9
6.89	6.45	9
10.98	11.44	9
20.92	20.6	9
39.86	39.63	9
75.43	76.11	9
145.07	146.34	9
295.46	288.93	9
567.85	571.66	9
1126.59	1589.67	9
1665.34	1654.68	9
2197.36	2194.55	9
2750.8	2692.53	9
3248.07	3261.48	9
3817.95	3785.81	9
4355.87	4323.38	9
4850.64	4893.56	9
1.26	1.19	9
1.5	1.14	9
1.68	1.55	9
2.14	2.31	9
2.55	2.53	9
2.94	3.09	9
2.98	3.23	9
3.9	4.33	9
4.87	4.69	9
7.0	6.85	9
11.58	11.81	9
19.09	18.86	9
35.0	36.2	9
63.56	62.82	9
118.76	121.06	9
227.2	230.84	9
432.13	455.3	9
644.96	639.76	9
836.65	857.41	9
1057.96	1021.18	9
1252.91	1260.03	9
1460.71	1474.65	9
1685.01	1616.05	9
1875.53	1812.32	9
1.23	1.18	9
1.25	1.2	9
1.88	1.66	9
2.06	2.27	9
2.65	2.55	9
3.7	3.4	9
3.43	3.64	9
4.66	4.53	9
6.29	6.46	9
10.9	11.04	9
19.64	18.93	9
35.64	35.01	9
67.33	67.7	9
132.77	132.55	9
255.48	261.67	9
512.29	499.3	9
978.87	1484.35	9
1485.4	1472.89	9
1930.32	1960.26	9
2437.39	3636.83	9
2907.43	4354.84	9
3344.1	3349.54	9
3799.87	3847.45	9
4279.87	4294.64	9
1.15	1.11	10
1.4	1.32	10
1.69	1.78	10
1.86	2.24	10
3.17	2.38	10
2.89	2.74	10
3.24	3.94	10
4.11	4.59	10
6.51	7.85	10
11.0	11.29	10
19.11	19.34	10
36.86	36.99	10
69.43	69.98	10
133.82	136.71	10
265.6	263.76	10
522.37	518.37	10
1013.3	993.93	10
1511.53	1471.88	10
2004.45	1965.56	10
2491.36	2480.74	10
2974.34	2935.05	10
3479.55	3458.45	10
3990.22	3978.36	10
4422.42	4477.93	10
1.24	1.24	10
1.2	1.37	10
1.56	1.52	10
2.2	2.16	10
2.25	2.23	10
2.82	2.95	10
2.76	3.14	10
4.21	4.14	10
5.48	7.31	10
8.36	8.52	10
14.34	14.46	10
26.03	39.85	10
48.45	77.11	10
92.24	92.68	10
180.96	288.41	10
355.34	357.08	10
692.33	693.25	10
1041.7	1664.81	10
1354.85	1382.59	10
1691.73	1719.83	10
2025.09	2034.56	10
2358.12	2342.27	10
2711.11	2713.39	10
3084.9	3045.94	10
1.12	2.65	10
1.85	1.27	10
1.61	1.69	10
2.25	2.22	10
2.57	2.74	10
3.28	3.08	10
3.0	3.5	10
4.71	4.39	10
6.77	6.56	10
10.13	10.2	10
18.27	18.1	10
34.28	33.07	10
64.42	62.69	10
120.17	123.76	10
237.79	239.46	10
470.48	459.98	10
902.35	895.1	10
1340.0	1366.12	10
1780.3	1780.57	10
2191.79	2227.72	10
2652.85	2659.43	10
3066.71	3039.32	10
3466.97	3478.85	10
3942.1	4014.43	10
1.18	1.16	10
1.33	1.25	10
1.67	1.88	10
2.09	2.67	10
2.61	2.32	10
3.01	2.85	10
3.47	3.87	10
4.05	4.01	10
5.53	7.24	10
8.4	8.03	10
13.12	13.47	10
23.66	23.88	10
43.32	44.24	10
85.1	85.2	10
166.96	165.93	10
329.13	326.54	10
628.76	633.4	10
939.65	931.28	10
1239.31	1237.08	10
1543.43	1538.53	10
1837.0	1845.29	10
2294.3	5233.74	10
2454.67	2462.84	10
2771.28	2742.63	10
1.15	1.13	11
2.81	1.3	11
1.68	2.25	11
2.24	2.11	11
2.4	2.31	11
2.86	3.16	11
3.29	3.47	11
3.86	4.72	11
5.46	5.32	11
8.32	8.62	11
13.96	21.12	11
25.67	26.44	11
49.24	76.28	11
94.02	94.03	11
181.82	181.96	11
360.64	359.7	11
698.02	1117.58	11
1028.2	1039.96	11
1362.54	3051.0	11
1726.21	1713.74	11
2036.03	2035.12	11
2407.58	2369.19	11
2726.66	2708.51	11
3053.96	3104.69	11
1.25	1.0	11
1.27	1.34	11
1.74	1.73	11
2.1	2.09	11
2.28	2.37	11
2.58	2.6	11
3.21	3.42	11
4.34	4.83	11
6.47	6.89	11
11.38	11.64	11
19.7	19.1	11
37.62	36.88	11
69.76	69.4	11
136.38	132.38	11
266.03	266.68	11
524.45	520.34	11
1026.4	1015.78	11
1517.73	1511.53	11
2003.8	1995.26	11
2515.6	2524.49	11
2990.35	2994.12	11
3474.04	3464.75	11
3963.76	3988.51	11
4430.4	4469.84	11
1.08	1.27	11
1.66	1.32	11
1.83	1.81	11
2.08	2.32	11
2.53	2.68	11
3.12	3.18	11
4.1	3.22	11
3.82	4.34	11
5.13	7.49	11
7.85	8.01	11
13.21	13.49	11
24.06	25.02	11
44.72	43.9	11
85.53	143.61	11
164.84	166.27	11
329.96	327.24	11
632.91	631.33	11
941.19	939.7	11
1255.2	1248.69	11
1562.36	3763.84	11
1881.37	1864.2	11
2194.64	2189.2	11
2499.14	2500.94	11
2809.09	2819.55	11
1.27	1.22	11
1.46	2.04	11
1.68	1.58	11
2.28	2.22	11
2.55	2.61	11
3.14	3.85	11
3.62	3.62	11
4.35	4.83	11
6.6	6.86	11
10.07	10.61	11
18.83	18.25	11
32.91	34.0	11
62.68	62.65	11
122.49	120.19	11
234.65	232.6	11
476.98	465.99	11
907.9	936.49	11
1338.34	1346.35	11
1792.22	1801.64	11
2228.49	2219.63	11
2640.65	2661.99	11
3050.06	3086.05	11
3504.71	3567.25	11
3973.22	3945.05	11
1.26	1.09	12
1.3	1.28	12
2.11	1.54	12
1.91	2.01	12
2.19	2.28	12
2.96	3.11	12
4.3	3.6	12
4.47	4.46	12
6.83	7.05	12
11.23	11.14	12
20.61	20.93	12
39.11	38.31	12
75.38	75.45	12
147.67	148.13	12
285.13	291.16	12
574.22	570.48	12
1108.61	1117.28	12
1647.56	1639.35	12
2193.14	2208.3	12
2722.09	2719.67	12
3282.92	3278.37	12
3825.19	3850.75	12
4343.24	4310.5	12
4926.18	4907.89	12
1.32	1.26	12
1.47	1.33	12
1.55	1.66	12
2.38	1.92	12
2.15	2.37	12
2.65	2.68	12
2.73	2.82	12
3.77	4.22	12
4.95	5.58	12
7.6	7.48	12
12.39	11.98	12
21.0	20.73	12
38.37	38.28	12
72.01	71.66	12
136.18	138.98	12
268.1	266.92	12
520.49	514.55	12
763.89	744.05	12
982.78	989.23	12
1237.16	1238.44	12
1488.15	1516.73	12
1771.1	1743.78	12
2015.27	1977.63	12
2214.21	2182.69	12
1.12	1.26	12
1.98	1.33	12
1.64	1.8	12
2.11	2.69	12
2.86	3.08	12
2.97	3.06	12
3.04	3.87	12
4.21	4.38	12
6.44	6.56	12
11.32	10.69	12
19.56	20.1	12
34.92	35.72	12
66.33	66.06	12
131.58	130.28	12
260.27	256.92	12
512.09	511.7	12
986.25	991.57	12
1451.48	1454.44	12
1940.72	1922.34	12
2413.22	2377.82	12
2873.91	2894.16	12
3351.54	3345.77	12
3802.2	5842.16	12
4303.78	4278.78	12
1.14	1.06	12
1.3	1.3	12
1.8	1.82	12
2.0	1.96	12
2.48	2.48	12
2.7	3.19	12
3.27	3.41	12
3.57	3.43	12
4.78	4.74	12
7.26	7.24	12
11.23	11.51	12
18.44	20.01	12
35.35	34.79	12
63.46	63.82	12
124.36	122.13	12
235.14	233.46	12
437.73	434.52	12
687.35	676.15	12
866.8	849.33	12
1064.44	1135.22	12
1358.79	1321.69	12
1494.14	1502.51	12
1684.61	1747.96	12
1997.11	1919.61	12
0.9	0.92	13
1.0	1.03	13
1.35	1.27	13
1.53	1.51	13
1.82	1.81	13
2.01	2.19	13
2.3	2.21	13
2.2	2.47	13
2.19	2.57	13
2.64	2.75	13
3.13	3.17	13
3.45	3.65	13
4.4	4.33	13
5.65	6.1	13
9.47	10.58	13
16.15	16.21	13
29.9	29.15	13
55.58	54.34	13
117.71	106.31	13
202.97	203.9	13
397.23	396.42	13
767.69	769.32	13
1116.64	1146.51	13
1502.92	1772.29	13
2117.6	1879.25	13
2230.75	2224.8	13
2981.95	2628.27	13
2939.82	2988.27	13
3341.86	3394.25	13
0.84	0.94	13
1.09	1.0	13
1.17	1.17	13
1.6	1.63	13
1.82	1.83	13
2.15	1.99	13
2.17	2.03	13
2.35	2.18	13
2.58	2.47	13
2.8	2.85	13
3.23	3.55	13
5.11	5.26	13
8.34	8.71	13
13.61	15.09	13
28.27	27.58	13
54.48	53.31	13
105.49	105.13	13
205.41	208.82	13
354.21	413.33	13
811.78	817.74	13
1415.57	1626.53	13
2746.94	3176.31	13
4734.65	4748.48	13
6266.71	6309.88	13
7837.42	7831.11	13
9333.76	9387.36	13
10959.7	10948.65	13
12381.74	12491.53	13
13974.54	14045.09	13
0.98	0.93	13
1.05	1.04	13
1.23	1.21	13
1.62	1.4	13
1.79	1.71	13
2.03	2.2	13
2.39	1.91	13
2.31	2.02	13
2.32	2.61	13
2.91	2.84	13
3.03	2.52	13
3.2	3.37	13
4.58	4.42	13
5.94	6.13	13
10.2	9.8	13
16.35	16.74	13
29.61	29.03	13
55.33	54.82	13
104.81	117.3	13
200.02	203.01	13
454.09	386.59	13
768.15	778.66	13
1148.58	1129.04	13
1497.43	1490.28	13
1878.8	1891.8	13
2550.0	2267.57	13
2598.34	2602.89	13
2956.1	3000.11	13
3813.11	3322.68	13
0.96	0.93	13
1.02	0.88	13
1.16	1.18	13
1.53	1.4	13
1.94	1.77	13
1.77	2.15	13
2.14	2.14	13
2.22	2.42	13
2.72	2.46	13
3.23	2.93	13
3.65	3.67	13
5.38	5.35	13
8.5	8.66	13
13.42	15.1	13
27.71	27.94	13
54.07	53.58	13
104.75	106.29	13
208.33	207.1	13
411.89	414.16	13
704.05	706.16	13
1398.96	1634.18	13
3183.47	3188.62	13
4726.21	4755.71	13
6307.18	6295.38	13
7826.22	7858.34	13
9390.46	9364.96	13
10935.15	11036.96	13
12498.19	12529.62	13
14103.97	14023.12	13
0.92	1.0	14
1.05	1.14	14
1.16	1.33	14
1.56	1.5	14
1.86	1.92	14
2.17	2.12	14
2.13	2.39	14
2.36	2.25	14
2.47	2.47	14
2.64	2.93	14
3.06	3.31	14
3.85	3.89	14
5.27	5.15	14
8.53	8.06	14
13.19	14.64	14
24.05	24.93	14
47.78	47.15	14
90.58	88.19	14
172.98	173.34	14
339.45	347.65	14
670.94	674.92	14
1313.16	1310.68	14
1938.12	1961.95	14
2811.42	2599.38	14
3215.01	3226.56	14
3874.17	3878.38	14
4467.35	4493.71	14
5099.17	5093.07	14
5777.16	5748.16	14
