0.89	1.0	1
1.02	1.0	1
1.23	1.41	1
1.57	1.82	1
2.51	2.76	1
3.89	3.89	1
6.63	6.6	1
9.08	8.28	1
12.59	9.84	1
10.85	14.4	1
11.18	15.74	1
12.9	14.33	1
15.79	13.97	1
19.64	18.52	1
24.43	25.21	1
35.22	32.5	1
61.95	60.45	1
100.49	108.37	1
134.69	196.04	1
249.05	374.69	1
464.04	737.79	1
941.04	1401.74	1
1385.67	2112.79	1
1698.56	2791.31	1
2127.04	3497.6	1
2626.62	4140.72	1
2963.73	4803.55	1
3491.37	5513.04	1
3917.42	6291.98	1
0.8	0.95	1
1.0	1.88	1
1.74	1.19	1
1.72	1.76	1
3.15	2.41	1
3.98	4.14	1
5.93	6.41	1
11.06	8.8	1
11.07	11.88	1
15.56	9.32	1
17.78	12.9	1
16.77	16.49	1
13.58	14.04	1
27.45	23.75	1
31.02	31.18	1
55.34	47.03	1
90.89	78.81	1
146.24	148.1	1
270.66	276.12	1
642.61	530.62	1
1708.56	1043.18	1
3291.87	2005.91	1
4899.39	3014.38	1
6610.13	3972.51	1
8243.58	4984.6	1
9925.56	5933.83	1
11548.27	6910.9	1
12943.52	7876.83	1
14741.65	8840.62	1
0.82	0.88	1
1.05	1.02	1
1.31	1.31	1
1.81	1.68	1
2.36	2.44	1
4.18	3.94	1
6.64	6.51	1
10.26	10.13	1
11.76	11.72	1
10.24	13.6	1
15.18	14.54	1
16.46	11.71	1
16.56	17.97	1
22.43	17.97	1
23.73	23.82	1
33.51	33.16	1
54.27	58.75	1
76.94	104.97	1
147.83	193.33	1
312.56	366.47	1
531.79	718.86	1
1010.89	1383.34	1
1716.48	2053.72	1
2587.85	2774.51	1
2862.6	3004.4	1
2912.24	4080.7	1
3927.05	4706.62	1
3926.3	5408.62	1
5772.25	6059.64	1
0.87	0.98	1
0.95	1.1	1
1.28	1.31	1
1.93	1.7	1
2.46	2.54	1
3.97	4.2	1
6.91	6.74	1
10.9	8.67	1
13.08	13.19	1
12.15	15.99	1
16.99	15.31	1
12.3	14.4	1
18.26	19.42	1
25.74	19.69	1
36.56	30.28	1
53.06	40.78	1
94.8	78.4	1
227.6	144.14	1
439.81	265.32	1
830.95	520.36	1
1765.99	1026.87	1
3396.44	1926.02	1
5231.03	2938.02	1
7021.74	3941.51	1
8708.16	4847.97	1
10473.66	5778.15	1
12147.86	6783.41	1
13861.84	7675.27	1
15075.98	8608.09	1
0.96	0.95	2
1.05	1.13	2
1.24	1.28	2
1.66	1.76	2
2.64	2.46	2
4.0	4.16	2
6.7	6.94	2
10.1	9.23	2
14.19	15.26	2
13.98	10.42	2
12.64	17.31	2
18.4	16.49	2
16.66	15.74	2
16.84	20.81	2
29.73	33.34	2
42.98	46.22	2
70.22	79.77	2
120.66	136.92	2
204.54	264.72	2
400.54	513.4	2
778.43	989.24	2
1467.01	1955.55	2
2144.1	2855.78	2
2866.05	3788.77	2
3451.5	4696.55	2
4190.45	5618.82	2
4972.05	6605.81	2
5702.48	7540.27	2
6343.06	8481.75	2
0.92	0.89	2
1.08	1.13	2
1.25	1.43	2
1.7	1.84	2
2.35	2.4	2
4.05	4.32	2
6.78	6.85	2
10.09	10.15	2
15.07	14.59	2
15.0	14.41	2
16.81	13.12	2
10.66	15.44	2
21.39	17.63	2
18.6	21.22	2
30.87	26.72	2
40.33	39.8	2
78.93	64.78	2
175.01	118.01	2
221.06	226.32	2
461.22	427.12	2
1484.34	821.39	2
2869.4	1630.21	2
4214.96	2381.19	2
5634.6	3144.59	2
7116.62	3957.72	2
8674.3	4701.79	2
9882.08	5446.45	2
11515.89	6222.51	2
12933.12	7057.29	2
0.98	1.02	2
1.07	1.13	2
1.32	1.32	2
1.73	1.84	2
2.62	2.54	2
4.06	4.32	2
6.35	7.16	2
11.04	9.57	2
12.65	12.88	2
14.97	11.42	2
9.97	12.83	2
12.52	13.71	2
19.79	16.22	2
20.15	21.76	2
25.22	27.16	2
39.95	46.88	2
70.38	76.41	2
130.42	138.84	2
223.19	262.13	2
402.01	510.58	2
731.45	987.88	2
1385.32	1919.49	2
2242.23	2898.35	2
3193.6	3779.44	2
3445.83	4693.88	2
4426.89	5540.93	2
4803.04	6450.97	2
6365.41	7370.43	2
7141.0	8345.27	2
0.85	0.94	2
0.98	1.16	2
1.18	1.32	2
1.63	1.87	2
2.7	2.71	2
3.84	4.3	2
7.08	6.4	2
9.52	8.11	2
15.47	10.71	2
10.74	11.39	2
8.98	15.66	2
14.04	15.67	2
16.02	17.55	2
26.36	20.66	2
37.46	26.55	2
47.28	38.47	2
64.71	64.36	2
175.59	115.11	2
219.83	215.7	2
648.82	411.21	2
1574.36	805.27	2
3040.14	1546.9	2
4416.69	2296.72	2
6004.74	3024.21	2
7632.09	4168.18	2
10063.84	4498.42	2
10205.41	5215.32	2
12119.61	5994.88	2
13682.83	6695.55	2
1.49	0.88	3
1.19	1.06	3
1.2	1.26	3
1.8	1.67	3
2.65	2.69	3
3.6	3.74	3
6.64	6.84	3
9.81	11.54	3
13.12	8.04	3
15.05	14.65	3
15.58	9.09	3
16.11	14.65	3
17.6	14.93	3
19.74	22.11	3
29.74	29.38	3
57.08	40.86	3
81.21	66.9	3
149.51	116.1	3
329.86	219.67	3
650.13	424.07	3
1413.67	828.71	3
2724.83	1617.55	3
4225.32	2395.6	3
5655.75	3162.71	3
6877.4	3958.5	3
8631.44	4702.92	3
9907.22	5524.62	3
11454.09	6232.42	3
12835.98	7038.48	3
0.94	0.88	3
1.0	0.99	3
1.28	1.35	3
1.72	1.66	3
2.5	2.36	3
4.35	4.23	3
5.3	6.47	3
7.9	8.68	3
13.39	8.87	3
14.25	11.54	3
14.37	12.63	3
14.01	10.87	3
19.8	16.32	3
20.39	19.66	3
28.65	32.68	3
46.95	48.28	3
68.71	76.75	3
114.81	140.35	3
200.85	259.87	3
390.02	514.07	3
756.15	1002.55	3
1436.58	1925.54	3
2125.82	2853.02	3
2806.04	3802.18	3
3486.39	4709.33	3
4158.36	5680.4	3
4860.96	6617.0	3
5608.6	7528.27	3
6263.11	8574.81	3
0.98	1.05	3
1.09	1.09	3
1.22	1.43	3
1.81	1.77	3
2.51	2.74	3
3.89	3.73	3
5.42	6.54	3
10.52	10.35	3
13.14	13.24	3
9.98	11.0	3
15.01	13.88	3
12.69	15.37	3
13.38	16.35	3
22.75	20.36	3
31.36	25.57	3
36.64	38.94	3
94.91	61.92	3
175.39	113.81	3
274.88	211.77	3
754.51	408.38	3
1497.08	803.6	3
2897.92	1559.97	3
4443.53	2330.69	3
5996.51	3094.76	3
7115.93	3790.22	3
9532.4	4488.52	3
10550.36	5211.28	3
12155.59	6019.36	3
13133.0	6760.57	3
0.92	1.08	3
1.02	1.09	3
1.22	1.33	3
1.63	1.71	3
2.49	2.56	3
4.11	3.9	3
6.24	6.19	3
11.15	9.18	3
10.97	11.96	3
14.97	10.96	3
14.8	12.7	3
14.75	16.64	3
17.16	16.71	3
22.38	19.39	3
27.99	31.02	3
44.82	46.5	3
73.43	76.77	3
105.65	138.81	3
225.52	262.12	3
408.21	518.94	3
781.52	996.67	3
1530.08	1895.6	3
2420.79	2838.51	3
2991.95	3735.56	3
4242.53	4679.07	3
4471.6	5590.28	3
5980.04	6582.23	3
6368.94	7361.38	3
7232.9	8351.8	3
0.88	0.85	4
1.0	0.91	4
1.27	1.29	4
1.7	1.66	4
2.4	2.46	4
4.01	4.17	4
6.75	5.99	4
9.56	8.08	4
13.74	12.67	4
13.15	15.84	4
16.67	14.55	4
14.54	15.75	4
15.6	18.51	4
25.23	20.55	4
34.5	32.06	4
48.59	49.01	4
78.2	77.14	4
141.69	147.11	4
275.69	269.24	4
645.97	529.69	4
1636.5	1051.09	4
3381.69	2037.38	4
4872.49	3015.46	4
6590.13	3937.12	4
8145.76	4994.07	4
9744.02	5927.32	4
11465.32	6846.73	4
13123.56	7922.86	4
14730.23	8858.88	4
0.86	0.86	4
1.02	1.05	4
1.25	1.29	4
1.63	1.55	4
2.44	2.61	4
4.03	3.83	4
6.52	6.58	4
9.64	8.16	4
12.84	11.53	4
12.52	10.12	4
8.1	15.97	4
15.02	13.0	4
17.75	15.17	4
18.42	16.84	4
23.02	24.28	4
31.88	37.84	4
50.5	58.69	4
75.08	104.08	4
150.55	196.21	4
263.91	378.15	4
457.93	739.33	4
880.92	1409.22	4
1321.4	1814.62	4
1704.25	2832.53	4
2204.41	3472.97	4
2711.43	4134.4	4
3034.76	4894.8	4
3300.6	5554.12	4
3860.41	6308.34	4
0.86	0.91	4
0.97	0.92	4
1.34	1.25	4
1.67	1.78	4
2.49	2.45	4
4.08	4.02	4
5.16	6.91	4
10.63	9.04	4
9.82	15.7	4
13.46	13.87	4
15.74	13.12	4
19.09	15.34	4
20.96	16.62	4
28.64	19.79	4
32.96	29.25	4
64.51	42.1	4
114.21	82.1	4
175.31	143.04	4
428.11	263.86	4
801.78	511.82	4
1743.62	1038.27	4
3418.97	1974.23	4
5142.38	2984.27	4
7181.17	3939.23	4
8672.43	4819.23	4
10461.36	5744.7	4
12230.06	6755.51	4
13513.09	7765.52	4
15054.94	8683.41	4
0.89	0.78	4
1.02	0.98	4
1.31	1.2	4
1.67	1.71	4
2.3	2.5	4
4.17	3.93	4
6.48	6.69	4
11.21	7.64	4
14.25	14.96	4
13.95	8.05	4
13.09	17.12	4
12.76	12.54	4
18.7	15.18	4
17.92	21.66	4
25.62	24.03	4
31.11	36.55	4
46.74	60.65	4
91.73	104.84	4
147.2	193.55	4
309.34	365.37	4
590.95	714.08	4
1165.05	1402.41	4
1492.45	2090.07	4
2279.86	2806.72	4
2126.53	3393.17	4
2976.47	4094.06	4
3414.11	4672.2	4
3909.4	5430.4	4
5003.02	6131.25	4
0.95	0.96	5
1.24	1.17	5
1.75	1.72	5
2.55	2.44	5
4.25	4.4	5
6.14	7.68	5
10.26	9.16	5
22.61	15.88	5
20.43	22.54	5
12.76	21.38	5
23.49	22.58	5
20.46	22.81	5
18.93	31.39	5
39.08	43.09	5
48.75	46.85	5
66.05	72.13	5
124.65	125.13	5
185.26	225.89	5
298.39	424.49	5
580.68	822.78	5
1037.81	1571.02	5
1574.49	2299.16	5
2069.09	3035.84	5
2577.69	3809.19	5
3186.09	4610.5	5
3895.2	5401.37	5
4240.35	6097.04	5
4825.74	6782.47	5
0.98	0.96	5
1.22	1.15	5
1.66	1.68	5
3.08	2.51	5
4.34	4.26	5
7.48	7.4	5
13.32	10.2	5
18.31	18.86	5
24.13	18.37	5
16.2	23.21	5
18.1	22.37	5
29.73	25.53	5
30.31	27.81	5
47.07	41.9	5
65.44	64.52	5
122.61	99.4	5
270.76	176.09	5
530.12	320.15	5
1046.94	620.21	5
2121.29	1215.03	5
4110.63	2344.96	5
6075.37	3459.16	5
8015.14	4596.04	5
10173.11	5676.08	5
12228.46	6855.27	5
14172.18	7973.32	5
16179.82	9094.18	5
18205.37	10273.08	5
1.0	1.02	5
1.27	1.3	5
1.73	1.64	5
2.47	2.46	5
4.47	4.2	5
6.27	6.12	5
13.26	10.03	5
18.5	16.16	5
26.8	16.37	5
17.77	27.09	5
19.66	17.4	5
24.21	24.29	5
30.04	24.99	5
38.24	29.59	5
42.34	53.88	5
73.09	75.66	5
119.54	124.88	5
224.78	216.28	5
348.33	413.12	5
629.49	798.68	5
1231.82	1522.19	5
2053.39	2329.04	5
2359.44	3006.5	5
2923.63	3778.49	5
3586.8	4522.53	5
4219.98	5067.54	5
4757.47	5896.28	5
6341.42	6613.37	5
1.04	1.05	5
1.2	1.2	5
1.74	1.61	5
2.39	2.64	5
4.19	4.23	5
7.44	7.31	5
13.16	12.7	5
9.32	13.29	5
21.64	19.77	5
28.39	21.6	5
23.79	25.05	5
19.81	30.73	5
32.9	33.69	5
53.93	45.55	5
81.85	46.99	5
139.38	81.33	5
292.28	153.75	5
548.0	294.15	5
1139.11	575.35	5
2227.61	1127.62	5
4299.34	2121.66	5
6261.3	3173.6	5
8797.58	4181.67	5
10660.63	5295.41	5
12350.7	6347.46	5
15380.77	7291.29	5
18570.52	8380.15	5
19782.75	9262.58	5
1.1	1.09	6
1.32	1.21	6
1.86	1.74	6
2.61	2.54	6
4.36	4.52	6
5.77	6.6	6
12.29	11.73	6
13.96	13.78	6
21.24	21.26	6
20.03	24.09	6
23.61	14.75	6
21.08	26.35	6
25.23	34.33	6
44.62	38.97	6
59.41	58.7	6
93.74	89.46	6
141.71	150.79	6
239.81	282.2	6
460.24	557.92	6
838.99	1082.71	6
1620.8	2083.91	6
2391.63	3055.2	6
3298.35	4089.35	6
4093.59	5126.24	6
4830.71	6126.52	6
5786.46	7041.32	6
6433.72	8085.17	6
7362.5	9151.84	6
1.06	1.19	6
1.28	1.23	6
1.67	1.84	6
2.63	2.61	6
4.11	4.15	6
6.25	7.44	6
10.03	13.92	6
14.18	18.7	6
24.87	18.12	6
21.91	19.95	6
19.24	24.11	6
25.97	24.91	6
26.79	30.35	6
37.48	38.16	6
76.51	60.23	6
146.95	92.34	6
263.85	146.53	6
462.68	266.78	6
914.36	505.88	6
1852.94	976.34	6
3622.91	1900.01	6
5365.73	2811.78	6
7192.72	3771.78	6
8916.1	4614.4	6
10527.34	5579.51	6
12453.47	6444.92	6
14173.49	7411.25	6
15769.01	8528.66	6
1.11	0.98	6
1.27	1.33	6
1.69	1.75	6
2.69	2.56	6
4.27	4.07	6
7.54	7.63	6
9.3	13.39	6
16.95	15.8	6
22.31	13.03	6
23.8	18.84	6
21.49	17.29	6
19.71	25.43	6
30.7	30.38	6
39.76	40.64	6
55.98	47.34	6
94.78	85.16	6
151.38	152.02	6
298.69	282.94	6
500.51	550.82	6
1074.37	1080.75	6
2031.03	2092.48	6
2574.04	3107.15	6
3508.01	4093.23	6
4724.89	5072.79	6
6072.56	6083.42	6
7061.89	7143.35	6
7536.02	8116.08	6
8513.73	9015.02	6
1.09	1.05	6
1.36	1.23	6
1.8	1.73	6
2.66	2.59	6
4.18	4.32	6
7.82	7.57	6
10.54	11.94	6
18.68	13.36	6
17.31	17.32	6
17.7	21.52	6
21.16	21.09	6
17.38	19.63	6
32.23	32.79	6
46.02	32.94	6
65.69	49.19	6
132.39	79.76	6
253.18	133.14	6
520.92	240.4	6
1012.58	456.27	6
1963.87	878.66	6
3852.33	1713.58	6
5905.96	2576.92	6
7801.92	3361.71	6
9465.82	4130.34	6
10533.53	4938.02	6
13599.31	5716.71	6
15525.24	6571.74	6
16836.27	7349.7	6
1.12	1.01	7
1.3	1.36	7
2.42	1.73	7
2.51	2.55	7
4.66	4.37	7
6.48	7.37	7
13.16	9.06	7
14.85	22.37	7
16.16	13.11	7
26.91	28.54	7
23.97	26.24	7
26.81	22.56	7
25.59	22.26	7
31.94	38.06	7
57.89	48.59	7
97.37	88.8	7
238.44	133.42	7
456.06	269.74	7
916.37	495.18	7
1842.48	988.7	7
3625.12	1908.66	7
5347.58	2849.31	7
7156.72	3720.92	7
8914.35	4697.41	7
10590.95	5560.87	7
12521.17	6480.71	7
13861.71	7313.2	7
15920.6	8324.06	7
1.06	1.11	7
1.33	1.21	7
1.87	1.68	7
2.59	2.63	7
4.38	4.15	7
7.49	7.54	7
10.96	13.16	7
10.76	18.96	7
24.48	21.2	7
22.27	16.38	7
28.06	16.28	7
26.43	27.85	7
28.12	32.34	7
39.3	32.42	7
54.26	62.48	7
98.66	89.18	7
147.52	157.26	7
236.32	295.18	7
470.93	561.1	7
924.56	1068.6	7
1720.96	2085.78	7
2500.99	3110.46	7
3218.73	4182.7	7
3981.85	5067.87	7
4768.73	6076.06	7
5606.78	7139.01	7
6557.51	8114.12	7
7132.08	9130.58	7
1.03	1.07	7
1.32	1.35	7
1.66	1.72	7
2.67	2.74	7
4.44	3.79	7
7.52	7.83	7
8.14	10.23	7
14.51	17.3	7
18.9	19.11	7
25.37	13.9	7
20.68	25.21	7
32.25	33.47	7
33.58	32.26	7
43.15	30.26	7
53.17	43.71	7
124.66	74.32	7
249.81	137.17	7
487.47	235.04	7
944.63	452.49	7
1999.09	892.25	7
3784.38	1712.42	7
5478.51	2521.0	7
7538.44	3301.21	7
9422.16	4086.07	7
11612.21	4883.07	7
13309.26	5813.9	7
15621.05	6534.66	7
16251.94	7398.3	7
1.06	1.14	7
1.38	1.17	7
1.74	1.72	7
2.56	2.52	7
4.5	4.23	7
7.38	7.0	7
12.25	13.54	7
22.82	23.23	7
18.79	20.6	7
24.44	21.23	7
21.31	23.67	7
25.42	18.79	7
39.95	32.1	7
40.09	37.36	7
55.38	53.06	7
90.39	85.1	7
168.25	153.2	7
265.97	285.88	7
601.56	557.45	7
1112.59	1070.07	7
1947.75	2088.89	7
3124.59	3057.29	7
3566.06	4079.89	7
4720.16	5130.53	7
5583.07	6073.49	7
6661.08	6597.71	7
7568.99	8154.93	7
7835.16	9197.62	7
0.93	0.94	8
1.15	1.22	8
1.77	1.7	8
2.49	2.17	8
3.59	4.21	8
6.74	5.78	8
7.62	10.71	8
16.36	19.35	8
13.72	17.49	8
22.95	25.78	8
24.91	18.3	8
28.61	28.92	8
32.44	25.56	8
46.4	38.64	8
75.88	55.34	8
136.9	93.38	8
260.46	173.09	8
520.89	316.59	8
1067.83	615.87	8
2105.91	1196.01	8
4140.47	2338.28	8
6081.92	3473.85	8
8138.7	4548.79	8
10143.35	5686.07	8
12137.36	6905.2	8
14197.94	7990.85	8
16159.14	9073.95	8
18479.16	10211.58	8
0.92	0.82	8
1.21	1.14	8
1.54	1.65	8
2.64	2.51	8
4.25	4.14	8
7.62	6.41	8
11.79	13.15	8
20.47	17.35	8
16.66	18.39	8
23.8	15.27	8
27.54	25.82	8
30.63	30.17	8
34.95	32.21	8
38.04	40.74	8
48.04	46.24	8
69.69	82.33	8
107.12	123.99	8
182.31	226.82	8
318.7	425.89	8
620.62	803.88	8
1105.51	1560.7	8
1582.69	2300.22	8
2093.94	3069.68	8
2550.84	3780.52	8
3060.62	4587.8	8
3682.14	5236.53	8
4119.46	6017.15	8
4780.84	6687.28	8
1.01	0.95	8
1.11	1.19	8
1.67	1.62	8
2.58	2.38	8
4.46	4.2	8
7.78	7.36	8
13.62	12.95	8
12.77	16.11	8
22.04	14.59	8
20.72	15.7	8
20.11	21.33	8
26.01	19.77	8
30.62	23.2	8
43.74	42.66	8
82.39	50.27	8
142.04	93.44	8
291.78	157.03	8
578.86	297.35	8
1108.67	573.47	8
2221.7	1112.59	8
4481.88	2160.46	8
6498.52	3222.85	8
8587.86	4204.63	8
10975.13	5258.4	8
12770.88	6297.76	8
13855.91	7295.27	8
16987.19	8265.37	8
19499.47	9403.05	8
0.99	1.06	8
1.35	1.17	8
1.7	1.64	8
2.62	2.53	8
4.05	4.3	8
7.5	7.61	8
8.76	13.35	8
16.96	19.03	8
8.48	16.08	8
17.11	21.37	8
22.59	22.42	8
27.5	19.55	8
34.16	24.77	8
38.87	44.72	8
51.78	53.7	8
76.5	73.17	8
117.97	113.54	8
208.86	218.11	8
432.46	416.24	8
750.34	796.72	8
1200.48	1536.06	8
1785.33	2300.91	8
3053.69	3004.1	8
3809.79	3738.49	8
4536.99	4450.59	8
5349.66	5257.19	8
4703.07	5986.95	8
6806.35	6612.23	8
1.27	1.25	9
1.46	1.48	9
1.57	1.56	9
1.63	1.37	9
2.15	2.63	9
2.51	2.46	9
3.1	3.75	9
4.59	4.45	9
6.4	6.3	9
9.42	8.85	9
16.08	15.17	9
26.03	25.33	9
47.4	46.88	9
86.94	83.94	9
166.37	161.68	9
327.46	320.93	9
633.55	616.69	9
940.0	930.16	9
1224.49	1243.47	9
1589.46	1500.62	9
1867.07	1893.52	9
2215.04	2100.69	9
2415.46	2441.09	9
2733.84	2704.33	9
1.06	1.49	9
1.28	1.32	9
1.82	1.67	9
2.25	2.21	9
2.98	2.59	9
3.5	3.79	9
4.52	5.1	9
6.81	6.66	9
11.66	12.15	9
20.74	20.42	9
38.41	38.34	9
74.43	75.67	9
144.9	147.26	9
292.13	288.79	9
583.51	581.16	9
1166.81	1163.08	9
2277.77	2273.31	9
3381.73	3373.52	9
4479.62	4482.81	9
5605.44	5609.38	9
6715.4	6719.09	9
7852.74	7858.51	9
8973.27	8971.72	9
10106.41	10103.85	9
1.31	1.12	9
1.5	1.53	9
1.61	1.39	9
2.14	1.92	9
2.0	2.33	9
2.76	3.03	9
3.74	3.64	9
4.43	4.03	9
5.99	5.74	9
9.69	9.04	9
14.26	13.6	9
23.53	22.92	9
39.32	40.23	9
77.7	79.21	9
146.82	147.18	9
295.16	291.71	9
521.09	529.73	9
787.54	779.0	9
1044.58	1038.63	9
1297.98	1283.17	9
1553.79	1520.76	9
1829.06	1818.81	9
2050.11	2051.39	9
2320.95	2301.82	9
1.2	1.21	9
1.57	1.55	9
1.66	1.73	9
2.51	2.5	9
3.74	2.97	9
3.45	3.98	9
4.74	4.69	9
6.9	7.45	9
11.31	11.67	9
20.33	20.53	9
38.03	37.27	9
74.28	73.33	9
142.96	142.03	9
283.28	282.72	9
562.87	558.64	9
1123.12	1131.57	9
2205.93	2196.38	9
3280.04	3277.63	9
4330.6	4347.72	9
5425.78	5423.09	9
6493.41	6502.16	9
7575.3	7568.67	9
8623.73	8627.91	9
9690.31	9698.7	9
1.2	1.18	10
1.53	1.29	10
1.72	1.64	10
2.07	2.1	10
2.32	2.25	10
3.65	2.82	10
3.92	3.7	10
6.01	6.05	10
10.2	9.63	10
17.02	17.88	10
32.77	34.33	10
62.16	61.6	10
120.07	119.11	10
233.3	236.73	10
462.66	462.61	10
923.7	920.09	10
1784.44	1781.84	10
2658.99	2676.7	10
3521.74	3514.14	10
4407.32	4425.14	10
5219.74	5268.3	10
6110.22	6153.35	10
7004.81	7010.44	10
7878.04	7875.38	10
1.35	1.81	10
1.55	1.31	10
2.06	1.78	10
2.45	2.29	10
3.13	3.32	10
3.97	3.86	10
4.97	4.91	10
7.62	7.46	10
11.89	11.9	10
21.41	21.4	10
39.81	39.4	10
76.46	76.44	10
151.19	147.92	10
294.34	296.62	10
586.63	581.21	10
1162.23	1159.7	10
2261.18	2261.27	10
3358.13	3361.86	10
4470.55	4444.52	10
5553.86	5549.62	10
6638.51	6643.16	10
7747.59	7738.98	10
8847.09	8853.68	10
9970.09	9965.76	10
1.3	1.25	10
1.39	1.98	10
1.76	1.82	10
2.05	1.95	10
2.34	2.46	10
3.09	3.08	10
4.25	4.31	10
6.15	6.58	10
11.66	10.11	10
17.73	18.89	10
30.91	30.01	10
59.1	57.43	10
111.07	113.91	10
217.47	221.7	10
430.43	422.24	10
874.74	836.65	10
1625.51	1677.9	10
2434.7	2399.32	10
3243.65	3268.52	10
4053.72	4061.22	10
4805.52	4762.5	10
5630.79	5618.2	10
6493.1	6441.04	10
7169.13	7236.78	10
1.4	1.35	10
1.61	1.47	10
1.84	1.65	10
2.67	2.11	10
3.43	3.32	10
4.15	3.8	10
5.61	4.96	10
7.98	7.95	10
12.77	12.65	10
21.51	21.49	10
40.86	40.81	10
77.33	76.94	10
152.45	150.9	10
301.42	298.52	10
595.39	597.13	10
1183.8	1182.43	10
2292.47	2306.95	10
3405.11	3405.4	10
4526.99	4522.9	10
5648.31	5651.45	10
6749.3	6763.38	10
7875.06	7886.96	10
8995.11	8992.15	10
10082.31	10126.35	10
1.31	1.25	11
1.52	1.44	11
1.76	1.76	11
2.44	2.35	11
3.12	3.0	11
4.08	3.29	11
5.2	4.76	11
7.25	7.21	11
11.87	11.65	11
20.43	20.34	11
39.05	38.02	11
74.57	73.84	11
144.31	144.36	11
287.2	282.74	11
566.43	564.43	11
1126.42	1132.13	11
2211.85	2208.81	11
3285.16	3298.9	11
4372.68	4363.61	11
5446.96	5440.34	11
6522.88	6524.83	11
7609.69	7611.63	11
8690.27	8675.4	11
9766.67	9782.69	11
1.43	1.29	11
1.51	1.48	11
1.61	1.71	11
1.93	1.89	11
2.39	2.18	11
2.72	2.84	11
3.93	3.85	11
5.84	5.7	11
9.78	10.04	11
17.17	17.88	11
31.97	31.42	11
60.91	60.32	11
117.92	116.52	11
231.98	228.68	11
454.95	452.1	11
913.31	917.7	11
1768.59	1795.47	11
2637.56	2607.17	11
3501.54	3521.69	11
4378.68	4392.04	11
5245.97	5162.58	11
6120.04	6094.56	11
6905.42	6916.61	11
7833.5	7821.93	11
1.33	2.01	11
1.46	1.54	11
1.72	1.75	11
2.42	2.48	11
3.46	3.22	11
4.21	3.63	11
5.74	5.06	11
7.54	7.71	11
12.72	11.84	11
20.94	20.92	11
39.27	39.05	11
74.99	74.39	11
145.84	145.28	11
288.19	287.06	11
572.31	571.11	11
1142.42	1141.15	11
2239.47	2234.25	11
3333.78	3337.53	11
4412.93	4416.35	11
5511.86	5507.23	11
6609.04	6595.53	11
7696.45	7722.03	11
8776.81	8775.71	11
9862.61	9830.25	11
1.49	1.23	11
1.53	1.56	11
1.69	1.64	11
2.23	2.18	11
2.54	2.38	11
3.47	2.96	11
4.16	4.15	11
5.54	6.49	11
9.35	9.65	11
17.4	17.03	11
31.27	31.08	11
56.11	58.29	11
108.92	109.3	11
216.21	215.97	11
427.04	425.17	11
844.63	834.74	11
1654.73	1657.9	11
2455.38	2450.62	11
3354.97	3238.39	11
4075.14	4070.26	11
4967.63	4906.67	11
5676.04	6216.17	11
7180.42	6513.85	11
7229.35	7371.63	11
1.31	1.26	12
1.38	1.4	12
1.7	1.83	12
2.06	2.07	12
2.98	3.0	12
2.96	3.46	12
4.53	5.64	12
7.52	6.2	12
11.84	11.58	12
20.44	20.98	12
38.53	39.32	12
77.08	76.67	12
149.51	149.86	12
298.68	297.35	12
595.83	593.71	12
1181.36	1177.6	12
2287.41	2280.3	12
3385.94	3389.25	12
4492.82	4489.9	12
5605.24	5594.15	12
6728.76	6721.06	12
7863.51	7853.07	12
8968.32	8976.47	12
10119.77	10082.42	12
0.99	1.31	12
1.36	1.46	12
1.33	1.62	12
1.63	1.76	12
2.19	1.95	12
2.6	2.46	12
3.36	3.26	12
4.4	4.41	12
6.93	6.13	12
9.59	9.3	12
15.42	15.4	12
26.28	26.49	12
47.35	45.26	12
89.03	86.31	12
168.06	162.25	12
318.1	330.38	12
620.75	622.17	12
935.88	900.34	12
1268.07	1220.38	12
1562.54	1530.85	12
1876.16	1793.72	12
2170.58	2123.77	12
2531.62	2307.79	12
2716.47	2696.53	12
1.21	1.39	12
1.33	1.38	12
1.82	1.64	12
2.33	2.35	12
3.1	2.73	12
3.67	3.6	12
5.24	4.67	12
7.11	6.68	12
11.63	11.83	12
20.85	20.95	12
38.17	38.12	12
75.74	73.44	12
144.56	145.99	12
290.47	291.15	12
577.71	576.02	12
1146.5	1146.36	12
2227.18	2220.26	12
3290.73	3285.74	12
4364.62	4359.81	12
5441.44	5434.4	12
6508.91	6508.6	12
7584.37	7555.77	12
8620.51	8634.88	12
9682.6	9691.79	12
1.32	1.33	12
1.39	1.38	12
1.62	1.61	12
1.55	1.84	12
2.13	2.33	12
2.82	2.65	12
3.87	3.87	12
4.75	4.15	12
6.43	6.06	12
8.9	9.05	12
14.99	14.29	12
23.2	23.27	12
40.95	39.48	12
74.41	72.13	12
140.31	136.89	12
274.89	270.74	12
531.92	525.59	12
795.62	783.06	12
1070.75	1031.08	12
1328.49	1312.84	12
1575.51	1564.1	12
1813.77	1804.64	12
2126.57	2089.19	12
2362.09	2353.98	12
1.06	1.12	13
1.22	1.11	13
1.34	1.41	13
1.87	1.89	13
2.63	2.22	13
4.1	3.82	13
4.63	4.63	13
4.96	4.02	13
6.36	6.36	13
8.28	8.21	13
10.98	11.56	13
17.64	17.74	13
30.33	30.26	13
55.07	54.47	13
103.57	102.62	13
203.8	197.62	13
392.44	385.59	13
760.1	744.1	13
1128.49	1093.55	13
1478.89	1473.07	13
1847.66	1832.79	13
2224.4	2178.03	13
2589.34	2504.54	13
2920.13	2885.82	13
3303.22	3260.18	13
0.97	1.1	13
1.16	1.25	13
1.49	1.36	13
2.44	1.76	13
2.47	2.22	13
3.92	3.02	13
4.1	3.6	13
5.4	4.84	13
7.3	6.63	13
9.87	9.6	13
14.96	14.21	13
25.49	25.24	13
45.84	44.89	13
84.41	83.34	13
162.57	161.84	13
319.61	311.72	13
622.26	614.8	13
1219.22	1199.38	13
1815.12	1800.23	13
2388.96	2378.67	13
2951.8	2944.3	13
3864.52	3531.07	13
4146.03	4112.43	13
4741.14	4682.27	13
5289.5	5324.18	13
0.97	1.11	13
1.24	1.09	13
1.61	1.46	13
2.06	2.08	13
2.54	2.99	13
3.57	2.99	13
4.22	4.02	13
4.98	4.47	13
6.11	6.08	13
7.95	7.09	13
11.5	9.9	13
17.6	16.71	13
28.2	27.94	13
49.21	49.15	13
91.33	91.23	13
174.81	175.25	13
341.67	337.0	13
663.07	634.6	13
982.9	979.38	13
1292.13	1282.68	13
1619.82	1601.65	13
1946.58	1898.75	13
2259.25	2202.95	13
2583.63	2490.46	13
2907.35	2838.38	13
0.92	1.01	13
1.26	1.18	13
1.42	1.36	13
1.79	2.22	13
3.0	3.18	13
3.41	3.04	13
3.76	3.96	13
4.96	4.67	13
6.12	7.17	13
9.54	9.72	13
14.44	13.51	13
24.23	22.69	13
42.39	41.78	13
79.14	78.26	13
150.0	152.93	13
296.21	299.06	13
587.21	573.13	13
1129.51	1152.89	13
1662.01	1667.64	13
2208.42	2254.63	13
2703.2	2757.01	13
3307.89	3258.02	13
3894.93	3802.93	13
4430.75	4300.6	13
4931.88	4962.78	13
1.08	0.98	14
1.17	1.12	14
1.45	1.51	14
1.92	1.96	14
2.41	2.87	14
3.56	3.13	14
3.66	3.31	14
5.46	4.48	14
6.9	6.63	14
9.93	9.84	14
14.86	15.32	14
25.32	23.97	14
46.02	45.71	14
83.68	83.51	14
162.25	161.8	14
318.17	315.78	14
621.51	611.74	14
1204.05	1197.11	14
1775.87	1783.97	14
2344.17	2383.77	14
2954.2	2898.9	14
3499.66	3488.22	14
4119.38	4084.81	14
4673.89	4633.32	14
5230.23	5249.52	14
1.12	1.03	14
1.17	1.26	14
1.3	1.35	14
1.93	2.0	14
2.52	2.78	14
3.95	3.74	14
4.64	3.76	14
5.46	4.36	14
6.28	6.06	14
9.31	7.43	14
11.77	10.98	14
17.68	17.34	14
30.07	30.14	14
55.05	54.36	14
100.5	100.63	14
194.47	193.98	14
382.74	376.96	14
745.04	733.66	14
1095.38	1056.1	14
1443.19	1425.62	14
1796.3	1758.71	14
2157.81	2124.63	14
2534.69	2473.28	14
2863.85	2833.47	14
3237.73	3121.3	14
1.1	1.08	14
1.12	1.21	14
1.46	1.36	14
1.87	2.13	14
3.11	2.85	14
3.88	3.25	14
4.79	4.79	14
4.96	5.07	14
6.48	7.09	14
9.83	9.08	14
14.75	14.32	14
23.14	23.59	14
43.08	42.96	14
78.31	77.75	14
153.22	151.05	14
294.89	297.45	14
580.49	581.61	14
1136.32	1123.41	14
1665.27	1622.69	14
2198.53	2209.22	14
2705.15	2672.2	14
3261.24	3234.64	14
3838.21	3781.66	14
4403.0	4360.45	14
4899.83	4842.38	14
1.05	1.06	14
1.11	1.17	14
1.43	1.64	14
1.98	1.94	14
2.92	2.69	14
3.57	2.88	14
4.31	3.97	14
4.74	4.48	14
5.86	6.34	14
7.33	7.94	14
10.88	10.73	14
17.09	16.05	14
29.32	27.24	14
49.91	48.85	14
92.34	93.91	14
180.58	174.72	14
351.38	348.93	14
684.75	671.99	14
1004.44	980.22	14
1329.76	1331.36	14
1655.11	1621.22	14
1971.36	1909.44	14
2323.24	2266.16	14
2655.9	2579.88	14
2947.99	2874.63	14
1.07	1.14	15
1.14	1.2	15
2.32	1.4	15
1.79	2.15	15
2.39	2.25	15
3.29	2.91	15
4.32	4.36	15
4.67	5.24	15
5.63	6.05	15
8.4	8.81	15
11.02	11.45	15
18.3	17.47	15
30.29	29.93	15
54.31	55.06	15
102.67	101.02	15
194.07	191.16	15
385.05	382.5	15
737.84	733.64	15
1099.01	1068.05	15
1451.13	1417.65	15
1818.22	1773.72	15
2155.77	2097.78	15
2503.31	2457.18	15
2865.21	2820.17	15
3233.92	3102.26	15
0.94	1.05	15
1.09	1.28	15
1.5	1.35	15
1.74	1.97	15
2.55	2.77	15
3.59	2.99	15
3.73	3.65	15
4.92	4.88	15
7.67	7.2	15
9.81	9.57	15
15.19	14.61	15
23.59	25.03	15
45.43	43.34	15
85.02	83.32	15
163.61	159.96	15
313.16	312.44	15
617.05	611.26	15
1204.03	1211.84	15
1795.18	1777.78	15
2371.94	2358.61	15
2941.04	2902.31	15
3545.8	3522.65	15
4117.36	4100.17	15
4716.44	4641.62	15
5245.78	5203.71	15
1.02	1.05	15
1.2	1.14	15
1.48	1.44	15
1.83	2.02	15
2.71	2.96	15
3.37	3.55	15
4.58	4.69	15
4.99	4.96	15
5.81	5.61	15
8.07	8.05	15
10.96	9.91	15
16.96	15.83	15
27.32	28.62	15
49.31	47.88	15
92.52	91.17	15
179.4	178.49	15
350.76	342.35	15
672.54	668.78	15
1004.1	1001.26	15
1322.25	1271.58	15
1651.1	1583.8	15
1994.08	1904.51	15
2293.64	2227.09	15
2621.22	2604.86	15
2973.01	2833.51	15
0.97	1.11	15
1.2	1.14	15
1.4	1.44	15
1.9	1.98	15
2.79	2.86	15
3.47	2.98	15
3.81	4.21	15
4.72	5.54	15
6.12	7.12	15
9.95	8.72	15
14.13	14.25	15
23.13	23.62	15
42.42	41.79	15
79.64	76.21	15
151.51	151.47	15
298.74	290.94	15
579.27	576.68	15
1121.76	1116.41	15
1659.74	1634.58	15
2213.82	2189.13	15
2722.77	2683.91	15
3299.06	3314.72	15
3816.87	3749.92	15
4333.12	4416.01	15
4934.77	4891.92	15
0.94	1.21	16
1.1	1.15	16
1.4	1.55	16
1.97	1.95	16
2.82	2.84	16
3.51	3.23	16
3.63	3.77	16
5.49	5.48	16
7.41	6.24	16
10.05	9.8	16
15.07	15.12	16
25.81	25.41	16
45.51	45.18	16
85.32	83.64	16
159.93	161.81	16
319.91	315.76	16
625.75	623.79	16
1201.26	1217.69	16
1803.53	1791.56	16
2387.65	2387.22	16
2930.67	2944.68	16
3541.64	3493.24	16
4129.36	4135.9	16
4716.9	4716.16	16
5340.6	5298.9	16
1.17	1.16	16
1.15	1.26	16
1.58	2.1	16
1.79	2.04	16
2.64	2.48	16
4.1	3.57	16
3.68	4.09	16
4.72	4.48	16
6.81	6.6	16
8.73	8.61	16
11.1	11.08	16
17.32	17.54	16
30.56	29.75	16
54.56	54.26	16
103.65	104.65	16
200.1	199.69	16
390.38	384.89	16
762.09	750.37	16
1125.98	1114.63	16
1480.97	1474.17	16
1867.5	1832.64	16
2227.03	2165.04	16
2582.8	2533.04	16
2912.95	2907.44	16
3304.98	3316.95	16
1.12	1.14	16
1.31	1.32	16
1.49	1.38	16
1.96	1.99	16
2.81	2.98	16
3.9	3.53	16
4.31	4.17	16
5.24	4.6	16
6.73	6.81	16
8.87	9.7	16
14.9	14.76	16
23.85	23.55	16
42.32	42.89	16
77.35	78.74	16
153.24	149.44	16
298.42	295.93	16
576.29	590.18	16
1123.38	1109.38	16
1677.26	1676.49	16
2221.63	2212.46	16
2721.78	2683.41	16
3292.58	3264.33	16
3824.36	3813.72	16
4420.7	4393.92	16
4986.31	4817.95	16
1.09	1.17	16
1.17	1.17	16
1.48	1.48	16
2.16	2.17	16
2.62	2.74	16
2.97	3.41	16
3.7	4.33	16
4.95	4.44	16
6.29	6.68	16
7.72	7.43	16
10.93	10.52	16
17.28	16.44	16
27.18	28.09	16
49.12	49.62	16
91.41	90.66	16
175.74	172.52	16
336.54	342.51	16
661.86	648.2	16
990.57	960.51	16
1306.02	1320.25	16
1620.02	1617.65	16
1948.26	1928.92	16
2271.93	2216.03	16
2586.58	2525.39	16
2923.23	2847.12	16
0.88	1.2	17
1.34	1.44	17
1.46	1.54	17
1.91	2.06	17
2.53	2.64	17
3.08	3.11	17
3.27	3.27	17
3.43	3.58	17
4.28	3.68	17
4.4	4.4	17
5.63	5.54	17
7.53	8.26	17
11.96	12.85	17
19.01	20.95	17
33.09	39.13	17
56.43	70.01	17
104.18	131.54	17
217.88	260.07	17
423.61	505.5	17
765.64	1002.19	17
1638.76	1960.13	17
2250.39	2903.39	17
2871.55	3759.6	17
4024.2	4832.94	17
4775.32	5715.47	17
4993.66	6632.32	17
5723.92	7629.49	17
6544.75	8473.68	17
0.89	1.06	17
1.18	1.26	17
1.49	1.57	17
2.01	2.12	17
2.54	2.73	17
3.21	3.16	17
3.6	3.49	17
4.54	4.0	17
4.96	5.68	17
8.02	6.8	17
12.88	10.69	17
23.18	16.6	17
43.61	27.83	17
83.43	42.85	17
163.13	72.72	17
319.31	143.84	17
621.98	275.0	17
1247.95	543.67	17
2456.85	1079.07	17
4910.64	2157.69	17
9708.95	4233.42	17
14339.37	6303.3	17
19130.0	8349.5	17
23808.29	10354.51	17
28144.53	12478.81	17
32794.55	14483.03	17
37870.65	16543.43	17
42438.55	18634.5	17
0.97	1.0	17
1.16	1.24	17
1.68	1.47	17
1.91	2.59	17
2.41	2.75	17
3.03	3.11	17
2.95	3.24	17
3.69	4.15	17
4.08	3.67	17
5.16	4.76	17
5.69	7.36	17
8.58	7.86	17
16.48	11.93	17
25.52	20.07	17
37.17	33.88	17
61.42	57.38	17
107.2	104.63	17
201.11	197.92	17
388.22	385.93	17
738.83	761.82	17
1428.09	1471.8	17
2145.01	2166.1	17
2882.59	2922.24	17
3469.43	3592.63	17
4414.92	4199.2	17
4989.99	5095.9	17
5694.21	5741.3	17
6514.25	6470.6	17
0.9	1.06	17
1.38	1.76	17
1.34	1.59	17
1.96	2.18	17
2.76	2.54	17
3.06	3.0	17
3.8	3.49	17
4.45	4.36	17
5.36	4.9	17
8.32	6.53	17
13.74	9.95	17
24.89	15.72	17
46.0	23.59	17
84.79	41.13	17
161.77	78.03	17
315.41	145.79	17
631.87	286.77	17
1013.09	562.48	17
2482.76	1113.38	17
4940.65	2242.84	17
9713.91	4354.28	17
14217.22	6470.68	17
18892.94	8608.07	17
23705.39	10700.23	17
28618.81	12824.64	17
33098.09	14901.85	17
37968.86	16923.33	17
42233.06	19179.32	17
1.14	1.12	18
1.17	1.91	18
1.64	1.61	18
2.13	2.17	18
2.83	2.61	18
3.15	3.25	18
3.33	3.64	18
4.21	3.62	18
4.28	4.47	18
4.34	5.37	18
6.96	6.41	18
8.95	9.15	18
13.95	14.41	18
22.84	26.0	18
40.81	46.81	18
76.29	87.06	18
146.01	166.69	18
282.79	327.73	18
576.56	645.99	18
1121.02	1279.14	18
2219.34	2522.87	18
3262.19	3680.4	18
4261.1	4956.09	18
6019.54	6196.97	18
6486.29	7447.06	18
7506.19	8654.2	18
8637.34	9668.63	18
9617.23	11120.31	18
1.08	1.11	18
1.39	1.36	18
1.68	1.6	18
2.08	2.8	18
2.74	2.69	18
2.84	3.24	18
3.5	3.3	18
3.76	4.03	18
5.64	5.58	18
8.29	7.1	18
12.94	9.94	18
22.85	13.99	18
34.64	21.45	18
81.13	37.74	18
153.54	71.61	18
306.3	132.5	18
592.91	264.04	18
1181.83	512.04	18
2344.2	1017.15	18
4721.69	2015.6	18
9306.42	3957.49	18
13609.9	5879.42	18
18271.91	7809.84	18
22738.55	9752.35	18
27331.35	11655.32	18
31609.19	13597.57	18
35895.21	15466.9	18
40620.57	17458.69	18
0.97	1.72	18
1.22	1.94	18
1.75	1.76	18
2.23	2.27	18
2.92	3.01	18
2.82	3.07	18
3.64	3.72	18
3.86	3.79	18
4.36	4.22	18
5.48	4.94	18
7.14	6.87	18
11.35	9.0	18
18.02	13.99	18
26.91	23.36	18
44.91	41.2	18
80.64	75.59	18
151.21	143.08	18
306.25	280.15	18
579.39	545.44	18
1157.22	1098.99	18
2278.75	2129.6	18
3372.48	3108.04	18
4374.5	4040.15	18
5298.95	5150.86	18
6491.93	6216.01	18
7650.27	7225.51	18
8484.88	8251.16	18
9802.06	9413.84	18
1.06	1.2	18
1.3	1.39	18
1.61	2.03	18
2.37	1.94	18
2.71	2.82	18
3.04	3.15	18
3.53	3.77	18
3.98	4.28	18
5.9	5.63	18
8.37	7.07	18
13.29	10.71	18
23.17	13.94	18
35.63	27.32	18
81.51	39.87	18
126.71	74.03	18
307.58	138.53	18
596.85	270.56	18
1184.5	532.77	18
2350.66	1059.31	18
4687.48	2110.72	18
9182.8	4140.44	18
13667.53	6156.85	18
14822.22	8167.27	18
22567.24	10199.76	18
22154.41	12169.97	18
31619.53	14238.54	18
36281.84	16266.43	18
40960.45	18247.55	18
1.03	1.09	19
1.17	1.43	19
1.63	1.73	19
2.24	2.15	19
2.67	2.61	19
2.95	3.45	19
3.42	3.46	19
4.46	4.51	19
5.5	5.06	19
8.35	6.57	19
11.23	9.62	19
22.77	12.14	19
34.77	24.77	19
80.09	37.5	19
155.9	68.6	19
299.13	133.56	19
597.7	264.9	19
1179.17	504.97	19
2375.11	1007.81	19
4712.63	2011.03	19
9214.72	3954.84	19
13703.64	5869.93	19
18144.72	7805.7	19
22752.28	9733.83	19
27489.54	11676.39	19
31608.09	13563.36	19
36120.96	15529.15	19
40803.02	17414.54	19
1.1	1.1	19
1.23	1.4	19
1.6	1.79	19
2.19	2.25	19
2.59	2.88	19
3.12	3.15	19
3.51	3.43	19
3.56	3.69	19
3.85	4.19	19
4.24	5.18	19
6.17	6.25	19
8.84	9.7	19
13.41	15.22	19
22.89	24.91	19
40.33	45.74	19
78.2	86.02	19
147.45	172.32	19
280.94	324.86	19
592.62	646.53	19
1127.57	1282.46	19
2193.56	2472.77	19
3321.5	3675.16	19
4451.43	4878.61	19
5440.47	6651.62	19
6545.65	7309.24	19
7912.35	8640.5	19
8690.17	9732.64	19
9768.69	11122.24	19
1.15	1.17	19
1.28	1.41	19
1.6	1.75	19
2.16	2.17	19
2.55	2.96	19
3.25	3.11	19
3.28	3.35	19
4.06	4.28	19
5.33	5.57	19
8.47	7.93	19
13.19	10.57	19
23.4	15.41	19
43.95	20.49	19
80.93	41.11	19
158.01	73.91	19
304.41	137.18	19
597.16	276.63	19
1179.96	529.51	19
2363.0	1048.86	19
4680.07	2115.91	19
9197.54	4133.87	19
13708.04	6140.7	19
18145.85	8153.51	19
22623.79	10180.53	19
27095.39	12192.69	19
31541.59	14197.13	19
36017.15	16171.55	19
40779.57	18237.67	19
1.04	1.12	19
1.39	1.35	19
1.53	1.7	19
2.04	2.2	19
2.79	2.8	19
3.14	3.42	19
4.11	3.76	19
3.55	3.55	19
4.17	3.99	19
5.07	5.13	19
7.45	7.33	19
10.72	10.53	19
17.84	14.4	19
26.75	23.93	19
46.26	41.5	19
80.83	75.09	19
147.63	143.15	19
293.83	276.02	19
562.3	558.91	19
1119.45	1086.99	19
2190.83	2105.35	19
3271.96	3129.6	19
4402.78	4152.6	19
5361.92	5205.63	19
6584.33	6175.49	19
7654.94	7255.55	19
8821.16	8259.44	19
9871.92	9253.4	19
0.97	1.05	20
1.27	1.42	20
1.51	1.63	20
2.0	2.35	20
2.51	2.52	20
3.09	2.82	20
3.36	3.42	20
3.85	4.08	20
5.04	4.99	20
7.44	7.16	20
13.21	10.27	20
23.49	15.79	20
44.59	22.37	20
84.3	39.68	20
161.34	72.55	20
317.01	140.37	20
630.49	272.5	20
1242.07	548.97	20
2464.35	1083.03	20
4951.0	2153.53	20
9679.82	4213.5	20
11793.56	6264.89	20
19147.02	8366.7	20
19218.88	10403.88	20
28738.72	12470.15	20
33523.34	14497.69	20
38080.31	16526.77	20
42500.36	18626.18	20
1.04	0.97	20
1.21	1.16	20
1.56	1.56	20
2.15	1.94	20
2.62	2.55	20
2.92	2.63	20
3.03	3.27	20
3.36	3.32	20
3.65	4.13	20
4.62	4.95	20
5.82	6.09	20
7.72	7.89	20
11.59	13.02	20
20.07	21.42	20
32.95	37.93	20
58.15	70.12	20
105.85	132.4	20
195.38	257.06	20
371.98	512.91	20
734.87	1006.63	20
1465.47	1915.12	20
2397.95	2934.92	20
2871.58	3861.57	20
4012.25	4738.17	20
4178.91	5638.88	20
4949.34	6770.08	20
5777.93	7765.45	20
6106.06	8615.35	20
1.05	1.06	20
1.25	1.25	20
1.54	1.54	20
2.16	1.92	20
2.44	3.21	20
3.46	2.99	20
3.17	3.48	20
4.02	3.7	20
5.58	5.63	20
8.4	7.59	20
13.73	10.68	20
24.43	14.1	20
46.04	23.28	20
84.22	41.53	20
161.84	77.05	20
317.24	144.36	20
625.42	284.17	20
1244.3	559.05	20
2465.58	1108.28	20
4862.09	2224.08	20
9607.21	4353.33	20
14378.57	6463.04	20
19207.06	8600.39	20
23870.82	10722.9	20
28329.05	12834.77	20
27205.57	14960.47	20
37748.13	17023.81	20
42094.98	19137.43	20
0.93	1.08	20
1.23	1.31	20
1.45	1.65	20
2.08	1.89	20
2.57	2.53	20
3.33	2.72	20
3.06	3.17	20
3.48	3.7	20
4.01	3.97	20
4.7	5.43	20
6.66	5.83	20
9.05	7.92	20
16.53	13.01	20
24.07	19.78	20
37.33	32.62	20
60.81	57.06	20
106.86	104.61	20
203.79	203.86	20
389.01	398.62	20
773.93	765.01	20
1462.57	1513.47	20
2151.54	2224.73	20
2886.08	2893.65	20
3495.37	3587.64	20
4372.89	4340.62	20
4980.44	5130.42	20
5683.38	5694.25	20
6330.26	6439.6	20
1.11	1.07	21
1.01	1.13	21
1.08	0.86	21
1.16	1.01	21
1.22	1.1	21
1.16	1.16	21
1.33	1.35	21
1.65	1.56	21
1.87	1.76	21
2.15	2.4	21
3.46	2.69	21
3.95	3.94	21
6.13	6.4	21
10.63	11.33	21
19.4	20.22	21
35.82	37.47	21
70.53	71.92	21
131.52	138.99	21
253.05	277.94	21
494.75	522.17	21
728.39	767.73	21
964.54	1032.6	21
1211.83	1302.76	21
1492.87	1530.33	21
1735.57	1784.87	21
1924.2	2048.82	21
2192.53	2307.28	21
0.95	0.98	21
1.22	0.93	21
0.99	0.96	21
1.18	0.88	21
1.66	1.05	21
1.08	1.02	21
1.29	1.34	21
1.51	1.62	21
2.18	2.12	21
3.35	3.22	21
5.64	4.16	21
10.65	7.0	21
21.09	17.86	21
39.68	23.99	21
75.91	46.82	21
153.03	90.78	21
295.54	184.55	21
596.55	463.84	21
1176.97	714.97	21
2344.57	2100.37	21
3384.42	2124.89	21
4763.03	2706.81	21
6059.51	3402.96	21
6719.65	4037.81	21
7833.85	4813.52	21
9224.57	5410.09	21
10226.72	6053.27	21
0.94	0.89	21
0.81	1.07	21
1.07	0.96	21
0.96	0.98	21
1.06	1.16	21
1.31	0.98	21
1.17	1.41	21
1.58	1.53	21
2.0	1.82	21
2.29	2.32	21
3.03	2.81	21
4.29	4.15	21
7.09	6.03	21
12.28	10.23	21
21.64	18.53	21
41.86	33.27	21
72.01	63.8	21
141.04	124.88	21
299.12	240.49	21
553.22	459.28	21
878.96	682.95	21
1112.39	907.52	21
1334.76	1128.35	21
1501.11	1361.48	21
2075.66	1555.15	21
2215.91	1753.28	21
2552.84	1988.83	21
1.04	0.95	21
1.07	0.99	21
0.97	1.0	21
1.23	1.04	21
1.03	1.14	21
1.26	1.12	21
1.32	1.24	21
1.77	1.66	21
2.39	2.4	21
4.74	2.77	21
6.61	4.1	21
11.7	7.26	21
23.11	18.76	21
43.12	30.81	21
82.98	59.76	21
167.54	116.42	21
332.49	183.54	21
655.42	362.68	21
1302.85	729.6	21
2561.33	1505.45	21
3805.71	2101.35	21
5011.1	2783.84	21
6376.98	3448.17	21
7539.62	4150.88	21
8676.16	4853.85	21
9940.22	5540.14	21
11312.82	6242.7	21
1.16	0.97	22
0.97	1.11	22
1.1	0.98	22
1.0	1.08	22
1.23	1.19	22
1.28	1.14	22
1.25	1.32	22
1.8	1.49	22
1.87	2.19	22
2.49	2.29	22
3.68	3.55	22
5.59	5.84	22
10.36	10.28	22
18.41	19.38	22
35.01	36.06	22
68.59	69.22	22
135.38	134.67	22
264.9	272.96	22
523.72	543.08	22
1028.15	1042.87	22
1526.24	1524.03	22
2004.67	2060.08	22
2498.73	2567.29	22
2946.34	3069.72	22
3495.7	3609.25	22
3967.33	4123.52	22
4530.86	4592.0	22
1.12	1.05	22
1.15	0.98	22
1.1	0.99	22
1.12	1.11	22
1.19	1.09	22
1.2	1.21	22
1.39	1.44	22
1.79	1.75	22
2.53	2.07	22
3.38	3.13	22
5.15	4.34	22
9.7	7.16	22
17.17	13.03	22
33.49	20.52	22
66.19	46.91	22
128.05	75.96	22
255.39	148.69	22
489.76	294.38	22
1005.27	831.81	22
1908.95	1402.1	22
2815.4	1694.44	22
3892.33	2278.22	22
4856.77	2821.51	22
5562.59	3366.44	22
6777.59	5051.73	22
7542.41	4786.82	22
8342.84	5490.24	22
1.08	1.05	22
1.01	0.99	22
1.18	0.97	22
1.22	1.04	22
1.22	1.05	22
1.38	1.82	22
1.29	1.29	22
1.82	2.29	22
2.22	1.97	22
2.77	2.46	22
3.84	3.7	22
6.1	5.67	22
10.6	10.24	22
19.26	18.62	22
36.09	33.79	22
68.74	67.69	22
136.51	123.92	22
258.09	241.05	22
538.8	493.38	22
1062.11	922.77	22
1537.68	1444.85	22
2037.17	2023.65	22
2558.89	2514.05	22
3053.46	2726.69	22
3480.73	3210.46	22
4188.65	3605.55	22
4756.45	4110.64	22
1.12	1.01	22
1.11	1.07	22
1.12	1.52	22
1.12	1.1	22
1.15	1.13	22
1.31	1.21	22
1.56	1.36	22
1.83	1.76	22
2.38	2.37	22
4.1	2.78	22
5.44	4.84	22
10.04	9.03	22
18.42	12.18	22
35.56	21.88	22
67.77	59.76	22
134.03	100.01	22
263.36	157.95	22
516.07	313.92	22
1078.59	626.27	22
2033.13	1484.12	22
2989.35	1809.38	22
3948.48	2402.1	22
5187.56	2977.28	22
5985.58	4040.4	22
7985.32	5215.18	22
7913.63	4801.45	22
8806.98	5871.09	22
1.07	1.01	23
1.17	1.09	23
1.16	1.01	23
1.19	1.15	23
1.17	1.11	23
1.43	1.29	23
1.49	1.38	23
1.61	1.8	23
2.27	1.95	23
3.27	2.46	23
5.26	4.4	23
9.04	8.4	23
17.71	10.81	23
33.66	29.21	23
63.55	47.78	23
126.28	92.75	23
245.85	224.65	23
506.24	296.33	23
1042.72	588.03	23
1907.54	1156.63	23
3037.75	2075.13	23
3916.29	2982.47	23
4811.48	2839.08	23
6140.4	3351.54	23
6947.25	4044.84	23
7379.98	4520.69	23
8697.5	5054.11	23
0.88	1.61	23
0.97	0.97	23
0.86	1.08	23
1.0	1.02	23
1.13	1.14	23
1.28	1.24	23
1.29	1.21	23
1.39	1.48	23
1.79	1.74	23
2.7	2.37	23
3.52	3.4	23
5.35	5.94	23
10.38	10.34	23
19.21	20.11	23
36.3	37.28	23
70.57	71.51	23
135.72	136.92	23
264.12	274.17	23
527.42	531.14	23
1002.38	1040.09	23
1514.07	1488.58	23
1983.84	2087.53	23
2466.21	2571.53	23
2920.63	3055.44	23
3458.09	3503.97	23
3826.79	4078.06	23
4453.24	4573.82	23
1.05	0.98	23
0.98	1.04	23
1.04	1.07	23
1.26	0.97	23
1.19	1.05	23
1.32	1.23	23
1.41	1.54	23
1.9	1.9	23
2.3	2.04	23
3.52	2.91	23
5.91	4.16	23
10.12	8.88	23
18.36	11.68	23
34.54	21.67	23
69.19	60.01	23
134.18	81.29	23
271.18	197.73	23
523.82	316.23	23
1038.32	761.09	23
1993.12	1472.36	23
3027.73	2182.57	23
3942.36	2483.95	23
5170.95	3005.07	23
6005.07	3584.47	23
6910.49	4340.84	23
7818.03	5924.9	23
8860.26	5370.22	23
1.02	1.04	23
1.04	0.98	23
0.99	1.08	23
1.05	1.07	23
1.15	1.16	23
1.23	1.13	23
1.56	1.36	23
1.8	1.86	23
2.0	2.12	23
2.61	2.28	23
3.73	3.38	23
6.13	5.51	23
10.96	9.52	23
19.55	19.54	23
36.86	32.58	23
73.77	66.39	23
131.9	124.22	23
269.12	248.56	23
535.13	489.17	23
1065.29	967.65	23
1528.67	1373.52	23
2061.29	1913.53	23
2609.15	2284.39	23
3126.89	2706.08	23
3513.56	3243.92	23
4090.25	3715.28	23
4533.07	4273.0	23
0.95	0.91	24
0.95	1.06	24
0.95	0.91	24
1.06	0.96	24
1.61	1.01	24
1.13	1.04	24
1.34	1.22	24
1.6	1.81	24
2.22	2.11	24
3.55	2.62	24
5.87	4.36	24
10.51	9.32	24
20.11	12.62	24
39.39	24.29	24
76.31	51.36	24
150.36	114.63	24
301.29	178.59	24
586.18	448.0	24
1188.81	703.63	24
2262.9	1367.94	24
3400.89	2050.49	24
4619.37	2736.4	24
5934.26	3366.15	24
6966.23	4097.01	24
7996.48	4754.53	24
9472.9	5407.79	24
9848.66	6107.39	24
0.97	0.95	24
0.98	0.92	24
0.98	0.85	24
1.03	1.05	24
1.06	1.08	24
1.22	0.98	24
1.2	1.2	24
1.57	1.46	24
1.77	1.63	24
2.05	2.2	24
2.66	2.52	24
3.96	3.95	24
6.32	6.2	24
10.59	11.04	24
20.0	19.8	24
36.34	35.8	24
69.03	72.42	24
131.32	140.7	24
260.83	274.57	24
490.77	496.68	24
732.76	784.69	24
995.26	1046.06	24
1264.25	1304.65	24
1434.82	1520.37	24
1749.64	1767.63	24
1933.78	2080.46	24
2215.7	2298.25	24
0.75	0.9	24
0.81	0.93	24
0.87	0.91	24
0.83	0.92	24
0.88	0.92	24
1.15	1.1	24
1.73	1.16	24
1.77	1.48	24
2.2	2.18	24
3.57	2.73	24
6.18	5.73	24
11.5	8.61	24
22.0	16.19	24
43.06	24.69	24
84.86	47.41	24
170.37	92.65	24
331.87	232.7	24
649.27	379.34	24
1316.55	723.7	24
2559.26	1424.48	24
3733.33	2089.11	24
5019.77	2937.68	24
6264.22	3461.16	24
7476.13	4137.78	24
8826.46	4831.37	24
10055.35	5554.69	24
11166.42	6212.16	24
0.84	0.85	24
0.85	0.83	24
0.96	1.01	24
0.86	1.13	24
0.89	1.03	24
1.11	1.14	24
1.77	1.94	24
1.55	1.56	24
2.49	2.58	24
2.18	2.21	24
2.81	2.83	24
3.98	3.98	24
7.3	6.08	24
11.21	10.15	24
20.68	20.77	24
40.51	36.45	24
69.22	65.47	24
149.61	124.16	24
320.76	249.04	24
523.85	482.27	24
768.22	666.11	24
1054.04	906.26	24
1225.38	1109.36	24
1816.68	1327.81	24
2070.84	1528.77	24
2184.16	1775.11	24
2581.72	2017.29	24
1.67	1.95	25
2.2	2.04	25
2.84	2.64	25
2.99	3.32	25
3.69	3.49	25
2.95	3.41	25
3.49	4.05	25
3.48	4.42	25
5.02	4.87	25
5.41	6.1	25
7.2	8.78	25
11.23	14.81	25
19.61	25.95	25
34.13	47.77	25
62.14	88.68	25
118.89	171.39	25
224.47	332.37	25
449.57	678.2	25
837.79	1281.54	25
1282.38	1909.67	25
1680.05	2552.63	25
2081.98	3218.74	25
2512.5	3762.26	25
3442.28	4474.14	25
3292.25	5077.66	25
4447.62	5742.62	25
1.81	1.69	25
2.47	2.34	25
3.09	2.93	25
3.77	3.67	25
3.94	3.55	25
4.46	4.05	25
5.67	4.31	25
5.93	5.73	25
7.37	7.17	25
12.14	10.11	25
20.3	15.31	25
36.3	22.33	25
68.57	37.27	25
133.66	71.82	25
260.31	130.49	25
515.4	255.03	25
1014.39	503.63	25
2031.13	995.21	25
3286.02	1922.63	25
5918.02	2882.75	25
7875.19	3844.05	25
8089.81	4746.55	25
11606.34	5673.08	25
13611.81	8962.44	25
15472.58	7501.92	25
14340.84	8464.24	25
1.74	1.55	25
2.13	2.26	25
3.05	2.84	25
3.56	3.21	25
3.49	3.43	25
3.67	3.51	25
3.68	4.41	25
4.31	4.66	25
5.48	5.02	25
7.01	6.94	25
9.75	9.34	25
14.1	13.83	25
21.41	24.84	25
36.42	44.6	25
64.29	84.16	25
121.55	161.63	25
253.14	315.98	25
437.05	568.15	25
852.62	1207.57	25
1304.03	1764.32	25
1994.67	2099.86	25
2093.79	2974.67	25
2523.92	3501.6	25
2909.52	4060.45	25
3841.09	4199.09	25
3771.47	5262.49	25
1.85	1.54	25
2.35	2.1	25
3.37	2.98	25
3.69	3.78	25
3.89	3.9	25
4.17	4.15	25
4.41	4.78	25
6.1	6.13	25
7.23	6.1	25
11.38	10.76	25
21.42	14.35	25
36.81	24.05	25
70.3	37.82	25
134.31	71.35	25
261.71	135.49	25
516.85	255.32	25
844.36	499.57	25
1334.23	1000.1	25
3936.86	1960.22	25
5874.59	2860.14	25
7769.0	3811.41	25
9751.32	4680.68	25
11652.54	5722.84	25
13636.43	6562.4	25
15498.61	10227.99	25
17359.72	8468.95	25
1.94	1.65	26
2.58	2.19	26
3.07	2.86	26
3.82	3.31	26
3.77	3.94	26
4.19	3.92	26
4.16	4.08	26
4.77	4.17	26
5.74	5.8	26
7.29	7.93	26
10.0	11.54	26
16.14	18.94	26
27.43	34.55	26
55.81	59.17	26
96.7	111.84	26
186.0	236.54	26
360.6	432.55	26
730.73	923.68	26
1402.27	1811.86	26
2098.0	2707.09	26
2780.3	3518.25	26
3466.55	4427.88	26
4096.32	5316.19	26
4802.84	6139.25	26
5492.42	7072.81	26
6207.39	7912.57	26
1.92	1.66	26
2.31	2.42	26
2.97	2.91	26
3.21	3.36	26
3.24	3.48	26
3.98	4.08	26
4.5	3.95	26
5.49	4.61	26
7.23	6.12	26
10.76	9.65	26
17.97	12.56	26
31.79	22.34	26
60.66	30.76	26
117.13	56.21	26
232.34	106.92	26
457.89	201.86	26
909.52	563.4	26
1466.67	793.15	26
3517.11	1545.53	26
4264.78	2323.22	26
7000.51	3095.15	26
8692.86	3858.93	26
10396.71	8450.17	26
12114.5	5368.94	26
13836.54	6152.55	26
15588.1	6923.55	26
1.83	1.73	26
2.26	2.36	26
2.93	3.55	26
3.89	3.55	26
3.94	4.02	26
4.02	4.3	26
4.54	4.22	26
4.91	4.84	26
6.39	5.96	26
8.22	7.91	26
12.08	11.62	26
18.33	18.72	26
30.05	33.78	26
51.95	60.8	26
97.93	116.02	26
187.06	224.56	26
392.53	444.01	26
723.32	817.06	26
1491.27	1692.34	26
2235.81	2485.97	26
2793.59	3331.68	26
3448.46	4101.09	26
4105.85	4952.27	26
4830.73	5760.53	26
5509.74	6551.58	26
6161.71	6927.02	26
2.4	1.86	26
2.29	2.16	26
2.55	2.9	26
3.05	2.82	26
3.3	3.64	26
4.23	3.31	26
4.33	4.07	26
5.95	4.75	26
7.45	6.61	26
11.71	10.08	26
19.61	12.3	26
34.33	18.97	26
51.23	32.66	26
119.72	54.13	26
232.67	106.19	26
458.04	205.01	26
908.83	566.81	26
1804.73	1134.27	26
3533.06	1557.98	26
5268.55	2363.43	26
6987.01	3117.84	26
8715.53	5563.25	26
10466.32	6619.73	26
12086.03	5371.27	26
13798.68	6233.06	26
15475.57	7075.05	26
2.02	1.68	27
2.35	2.41	27
3.16	2.52	27
3.75	2.96	27
4.11	3.61	27
4.08	3.57	27
3.89	4.53	27
4.41	5.47	27
7.52	6.5	27
10.54	10.26	27
18.51	12.51	27
32.0	18.33	27
61.5	33.62	27
118.08	59.48	27
230.97	108.22	27
377.9	208.88	27
899.45	409.47	27
1473.6	816.72	27
3527.83	2236.64	27
5253.48	2349.25	27
7002.51	3119.62	27
7114.55	3881.42	27
10390.94	4651.95	27
12133.92	7605.64	27
13828.92	6167.95	27
15611.85	6956.14	27
1.79	1.51	27
2.96	2.14	27
2.93	2.98	27
3.74	3.5	27
4.41	4.13	27
4.29	4.16	27
4.29	4.23	27
4.91	4.9	27
5.77	5.26	27
7.03	8.02	27
10.39	11.62	27
15.93	19.2	27
27.68	34.39	27
51.7	63.12	27
105.13	121.9	27
185.66	218.91	27
366.52	465.04	27
720.68	925.97	27
1401.63	1781.53	27
2107.84	2468.92	27
2760.4	3524.38	27
3470.64	4368.24	27
4136.46	5162.76	27
4810.82	6094.75	27
5420.72	6967.83	27
6179.41	7855.22	27
1.86	1.64	27
2.43	2.13	27
2.66	3.09	27
3.12	3.18	27
3.85	3.16	27
4.0	3.74	27
5.11	4.43	27
5.62	5.41	27
7.78	7.63	27
11.69	8.31	27
19.26	11.44	27
33.72	18.97	27
61.77	33.01	27
119.27	59.68	27
232.17	152.06	27
459.62	214.83	27
746.1	419.91	27
1808.44	829.25	27
3552.2	1597.4	27
5244.6	3351.09	27
6949.33	3158.62	27
8713.39	3946.5	27
8496.86	4734.27	27
12127.36	5517.59	27
13921.15	6369.17	27
15545.93	7036.09	27
1.73	1.47	27
2.42	2.17	27
3.45	3.0	27
3.69	3.37	27
4.17	3.26	27
4.24	3.89	27
4.64	4.58	27
5.07	5.14	27
6.26	6.05	27
8.42	8.44	27
12.51	11.42	27
17.72	18.71	27
30.22	33.38	27
53.52	60.38	27
97.88	110.9	27
201.45	226.57	27
365.3	438.44	27
728.56	870.47	27
1409.82	1685.62	27
2074.5	2485.12	27
2766.92	3297.48	27
3425.42	4087.94	27
4101.97	4938.49	27
4773.62	5719.05	27
5465.4	6459.77	27
6206.76	7276.43	27
1.81	1.43	28
2.47	2.41	28
3.39	3.04	28
3.46	3.91	28
4.3	4.04	28
4.64	4.04	28
5.11	5.01	28
6.22	5.41	28
8.07	6.08	28
10.37	8.6	28
20.38	16.86	28
36.75	22.05	28
69.11	37.92	28
131.86	68.66	28
258.5	131.42	28
426.43	255.82	28
1021.66	500.65	28
2023.96	983.5	28
3290.0	1933.47	28
5924.87	2851.2	28
7719.24	3841.08	28
9664.62	4775.48	28
9712.49	5656.69	28
13510.46	6579.46	28
12787.5	10195.54	28
17454.0	8509.94	28
1.68	1.87	28
2.19	2.28	28
3.06	2.87	28
2.77	3.12	28
3.29	3.05	28
3.67	3.31	28
3.94	4.06	28
4.07	4.59	28
5.06	4.64	28
5.38	5.69	28
8.18	8.79	28
12.59	13.75	28
19.66	25.5	28
33.77	47.89	28
62.47	90.74	28
117.17	173.09	28
226.53	336.92	28
449.59	648.15	28
838.94	1152.03	28
1273.43	1919.32	28
1691.42	2549.25	28
2133.23	2765.29	28
2540.76	3797.17	28
3385.16	4422.7	28
3951.72	5069.71	28
3746.26	5652.84	28
1.8	1.73	28
2.25	2.18	28
3.06	3.07	28
3.76	3.62	28
4.24	3.9	28
4.47	4.13	28
5.17	4.43	28
6.24	6.07	28
8.51	8.02	28
12.79	11.92	28
21.64	13.3	28
32.05	21.07	28
69.65	38.64	28
133.46	89.66	28
259.88	131.29	28
511.08	253.58	28
1015.58	673.38	28
2025.65	991.64	28
3929.65	1912.92	28
5855.01	2892.41	28
7837.95	3756.86	28
9773.93	4715.03	28
11682.99	5707.56	28
13685.8	6485.27	28
15469.31	7559.47	28
17339.47	8404.28	28
1.78	1.72	28
2.39	2.17	28
2.64	2.89	28
3.28	3.04	28
3.37	3.11	28
3.92	3.97	28
3.7	3.4	28
4.7	4.24	28
5.81	4.88	28
7.24	6.38	28
9.67	9.14	28
14.64	13.58	28
21.55	25.58	28
35.58	45.08	28
71.59	84.99	28
148.31	162.99	28
224.01	315.26	28
442.9	561.6	28
974.47	1215.18	28
1459.51	1776.14	28
1680.84	2214.52	28
2073.16	2930.19	28
2872.8	3175.49	28
2870.03	3695.11	28
3337.78	4616.12	28
4286.41	5190.25	28
0.84	0.9	29
1.01	0.95	29
1.24	1.19	29
1.61	1.54	29
2.03	2.29	29
2.38	2.9	29
3.39	3.17	29
3.04	3.1	29
3.47	3.49	29
3.62	3.65	29
3.89	3.42	29
4.35	4.58	29
5.56	6.31	29
7.2	8.13	29
11.2	11.76	29
17.3	20.18	29
32.01	31.0	29
57.29	67.3	29
109.01	126.76	29
210.69	208.36	29
416.68	410.99	29
778.87	1075.03	29
1177.96	1156.1	29
1572.22	1568.61	29
1944.89	1913.24	29
2302.8	2333.06	29
2748.06	3193.96	29
3074.14	3586.32	29
3502.91	3423.25	29
0.8	1.74	29
0.98	1.55	29
1.19	1.19	29
1.58	1.49	29
1.9	2.13	29
2.78	2.68	29
3.5	3.25	29
3.13	3.33	29
3.44	3.44	29
3.88	3.97	29
4.78	4.76	29
6.54	6.76	29
10.4	9.48	29
16.51	14.87	29
31.6	22.99	29
59.73	59.69	29
115.77	99.35	29
225.69	192.17	29
446.05	374.13	29
882.74	744.06	29
1750.07	1210.62	29
3411.46	2862.96	29
4985.8	4235.89	29
6551.72	6556.01	29
8153.91	8082.52	29
9665.57	9621.48	29
11207.93	11263.5	29
12754.24	12778.21	29
14324.7	14366.4	29
0.8	0.92	29
0.94	0.98	29
1.16	1.15	29
1.44	1.46	29
2.12	1.97	29
2.61	2.49	29
2.93	2.93	29
3.02	4.03	29
3.55	3.36	29
3.56	3.81	29
4.2	3.64	29
4.8	4.85	29
6.41	6.18	29
8.31	8.21	29
12.66	12.84	29
19.07	19.43	29
37.05	36.18	29
65.91	59.22	29
108.92	125.3	29
215.18	211.25	29
415.21	405.48	29
793.85	785.57	29
1161.89	1162.76	29
1548.99	1803.25	29
1938.68	1939.67	29
2280.28	2301.61	29
3163.99	3109.13	29
3589.54	3552.0	29
3458.06	4497.79	29
0.9	0.96	29
0.99	0.98	29
1.14	1.21	29
1.7	1.5	29
2.28	1.94	29
2.57	2.31	29
2.95	2.99	29
3.25	3.1	29
3.26	3.19	29
4.69	3.23	29
5.07	4.95	29
6.9	7.51	29
10.5	7.89	29
18.41	14.43	29
32.68	29.12	29
59.61	50.21	29
115.13	96.4	29
223.13	155.19	29
440.89	435.01	29
861.11	738.71	29
1436.99	919.81	29
3339.18	2803.43	29
4905.57	4908.99	29
5502.04	6507.72	29
9150.31	6895.14	29
9711.17	8198.18	29
9563.04	11220.74	29
12808.11	12753.33	29
14358.28	14421.14	29
1.06	1.19	30
1.57	1.09	30
1.35	1.22	30
1.75	2.5	30
1.98	2.3	30
2.52	2.61	30
3.31	2.95	30
3.37	3.48	30
3.85	3.63	30
3.67	3.96	30
3.92	4.07	30
5.14	5.0	30
6.84	6.29	30
8.53	8.96	30
15.65	14.49	30
26.59	26.2	30
48.2	48.31	30
90.36	98.81	30
175.02	174.79	30
349.86	376.14	30
743.94	684.52	30
1320.31	1439.25	30
2175.95	2159.93	30
2653.43	2615.2	30
3242.06	3554.17	30
4318.96	4284.7	30
4627.53	4948.48	30
5240.59	5196.97	30
5797.81	5858.83	30
0.99	1.15	30
1.16	1.12	30
1.33	1.24	30
1.65	1.65	30
2.22	2.17	30
2.91	2.64	30
3.26	2.95	30
3.74	3.42	30
3.26	3.56	30
4.09	4.17	30
4.57	4.81	30
6.58	5.23	30
9.76	9.3	30
15.21	12.7	30
25.89	26.43	30
48.59	35.52	30
92.39	92.53	30
181.66	156.32	30
361.66	358.22	30
594.41	480.68	30
1187.85	1421.4	30
2770.1	2760.41	30
4130.32	4112.68	30
5473.46	3679.39	30
6836.96	4585.88	30
8153.43	5490.4	30
9502.46	9503.19	30
10881.57	7343.67	30
12221.97	12210.37	30
0.91	1.04	30
1.0	1.06	30
1.17	1.3	30
1.77	1.57	30
2.21	2.36	30
2.8	2.91	30
3.18	3.06	30
3.37	3.34	30
3.36	3.25	30
3.8	3.27	30
4.32	4.54	30
5.06	4.86	30
6.86	7.11	30
10.3	10.6	30
15.47	15.7	30
27.07	28.45	30
50.26	53.67	30
91.76	109.32	30
177.23	177.47	30
344.41	371.37	30
686.67	684.95	30
1340.04	1336.23	30
1979.09	1962.56	30
2642.82	2838.23	30
3300.93	3291.73	30
3915.03	4147.5	30
4613.01	4613.2	30
5626.07	5189.12	30
5960.12	5884.2	30
0.94	1.04	30
1.01	1.12	30
1.36	1.24	30
1.77	1.57	30
2.21	2.16	30
2.87	2.5	30
3.2	2.91	30
4.11	3.56	30
3.41	3.83	30
3.77	3.91	30
4.98	4.76	30
6.87	6.14	30
9.85	9.76	30
15.54	15.03	30
27.48	24.99	30
49.19	43.0	30
80.47	94.59	30
182.01	155.61	30
362.85	361.08	30
713.45	717.7	30
1423.04	1422.35	30
2776.68	2309.52	30
4126.91	4123.34	30
5460.9	4597.33	30
6832.09	3397.99	30
8176.62	5547.92	30
9543.73	9531.93	30
10849.26	10845.55	30
10184.53	12229.35	30
1.01	0.97	31
1.19	1.26	31
1.61	1.2	31
1.71	1.58	31
2.26	2.36	31
3.15	2.64	31
3.31	3.86	31
2.91	3.58	31
3.61	3.65	31
4.12	3.97	31
4.63	4.59	31
6.42	6.06	31
9.42	8.61	31
14.83	14.78	31
26.29	22.77	31
48.76	42.14	31
93.15	93.19	31
181.92	179.66	31
358.89	300.76	31
715.2	595.94	31
1426.79	1414.83	31
2767.46	2312.5	31
4111.08	3457.83	31
5449.5	5460.12	31
6814.56	6829.69	31
8139.08	5450.95	31
9536.11	6375.78	31
10887.9	9023.12	31
12200.96	12225.67	31
0.94	1.04	31
1.18	1.14	31
1.28	1.3	31
1.67	1.53	31
2.28	2.26	31
2.66	2.76	31
3.41	3.12	31
3.41	3.04	31
3.7	3.47	31
3.81	3.74	31
4.18	3.69	31
5.22	4.82	31
6.58	6.48	31
9.3	9.32	31
14.75	17.11	31
27.81	26.46	31
49.16	56.24	31
91.58	108.08	31
192.74	206.97	31
347.16	376.75	31
692.3	755.99	31
1355.47	1333.0	31
1993.35	2342.43	31
2646.38	3288.13	31
3294.87	3578.01	31
3895.97	3941.64	31
4613.81	5348.9	31
5273.85	6649.36	31
5911.77	6391.97	31
0.97	1.06	31
1.1	0.95	31
1.23	1.28	31
1.63	1.53	31
2.09	2.05	31
2.73	2.84	31
3.18	2.78	31
3.5	3.07	31
3.74	3.79	31
4.28	4.18	31
5.0	5.05	31
6.48	5.91	31
9.49	9.84	31
16.19	14.11	31
27.12	26.96	31
49.79	42.58	31
79.73	79.7	31
153.88	182.23	31
360.09	302.91	31
714.11	595.14	31
1426.69	1421.07	31
2784.5	2772.32	31
4116.55	3457.02	31
5474.47	5462.85	31
6824.38	5708.11	31
8143.88	4230.03	31
9533.17	9524.19	31
10895.9	10849.58	31
12220.5	12263.81	31
0.96	1.03	31
1.14	0.98	31
1.34	1.18	31
1.67	1.54	31
2.29	2.04	31
2.96	2.59	31
3.58	3.13	31
2.81	3.41	31
3.88	3.99	31
3.91	4.1	31
4.5	4.19	31
5.26	5.41	31
7.0	6.46	31
10.73	10.17	31
16.43	15.92	31
27.81	28.24	31
49.26	52.79	31
92.03	104.24	31
177.99	189.02	31
351.04	375.48	31
686.73	844.95	31
1336.11	1363.31	31
1990.64	2154.19	31
2609.04	2830.59	31
3288.19	3540.68	31
4222.6	4234.91	31
4631.73	5225.18	31
5217.6	6396.69	31
5873.23	6266.75	31
1.13	0.84	32
1.01	1.07	32
1.28	1.21	32
1.87	1.68	32
2.18	2.06	32
2.33	2.85	32
3.11	2.89	32
3.19	3.19	32
3.09	3.21	32
3.96	4.07	32
5.02	4.56	32
6.0	5.96	32
10.54	9.5	32
17.82	15.88	32
31.8	31.28	32
50.79	60.77	32
117.47	81.0	32
193.73	158.55	32
448.37	312.48	32
853.87	473.81	32
1679.11	1670.67	32
3236.5	2753.54	32
4805.87	4844.99	32
6367.1	4472.46	32
7938.74	4421.49	32
9548.17	6620.28	32
11101.85	9432.97	32
12606.44	8892.73	32
14268.78	14235.94	32
0.86	0.97	32
1.06	1.01	32
1.25	1.29	32
1.87	1.56	32
2.22	2.43	32
2.83	2.76	32
2.98	3.07	32
3.07	3.08	32
2.79	3.51	32
3.83	3.51	32
3.68	3.65	32
4.2	4.88	32
5.63	5.54	32
7.43	7.29	32
10.88	10.81	32
17.81	17.87	32
35.97	31.05	32
56.81	57.5	32
109.41	124.87	32
206.06	209.5	32
408.08	409.34	32
783.02	784.8	32
1159.91	1379.83	32
1537.61	1820.73	32
1928.17	2680.21	32
2371.59	2731.08	32
2735.1	3204.75	32
3092.15	3063.36	32
3494.07	4114.32	32
0.89	0.9	32
1.08	1.06	32
1.21	1.29	32
1.72	1.47	32
2.2	2.15	32
2.8	2.51	32
2.89	3.0	32
3.47	3.26	32
3.58	3.6	32
4.26	3.97	32
5.11	5.26	32
6.71	6.66	32
10.15	8.97	32
17.65	15.41	32
30.92	25.8	32
56.43	49.63	32
109.14	108.59	32
211.2	149.57	32
416.38	355.67	32
829.69	702.77	32
1651.88	1401.83	32
3213.92	2232.5	32
4802.98	4786.57	32
6315.56	3430.42	32
7898.43	7897.51	32
9450.41	6604.06	32
11042.19	11026.92	32
12642.56	12569.29	32
14176.7	9811.36	32
0.97	0.93	32
1.1	1.0	32
1.49	1.11	32
2.64	1.91	32
2.42	3.49	32
3.98	2.73	32
3.47	3.07	32
3.17	3.26	32
3.13	3.37	32
3.82	3.8	32
3.94	4.07	32
4.78	4.89	32
6.58	5.19	32
9.26	8.89	32
12.51	12.88	32
19.2	19.14	32
32.83	32.7	32
58.89	65.75	32
111.0	125.35	32
241.87	212.28	32
473.28	480.85	32
805.54	916.28	32
1183.5	1359.71	32
1575.59	1546.33	32
1949.37	1941.85	32
2657.09	2651.68	32
3140.26	2721.38	32
3077.74	3555.32	32
3464.36	3963.67	32
1.22	1.05	33
1.29	1.2	33
1.47	1.27	33
1.39	1.46	33
1.59	1.41	33
1.57	1.39	33
1.71	1.78	33
1.65	1.74	33
2.13	2.04	33
2.41	2.53	33
3.38	3.63	33
5.1	5.29	33
8.16	7.89	33
14.14	13.61	33
25.42	25.48	33
48.04	51.12	33
91.04	92.12	33
177.47	178.06	33
350.73	348.56	33
682.18	677.38	33
1018.06	1072.56	33
1323.0	1321.09	33
1649.81	1650.25	33
1960.09	1968.94	33
2325.14	2312.07	33
2620.34	2625.82	33
2933.59	2923.75	33
1.05	1.17	33
1.27	1.8	33
1.52	1.4	33
1.48	1.36	33
1.54	1.36	33
1.71	1.56	33
1.75	1.83	33
2.25	2.23	33
3.02	2.93	33
4.39	4.2	33
6.96	7.01	33
12.64	11.37	33
23.9	21.34	33
46.44	45.72	33
89.92	89.39	33
176.92	177.11	33
348.25	347.89	33
695.38	700.25	33
1384.65	1376.07	33
2688.76	2704.19	33
4037.01	4027.73	33
5320.99	5324.37	33
6652.15	6606.99	33
7946.23	7926.97	33
9211.6	8221.18	33
10629.44	10566.55	33
11965.45	11863.01	33
1.22	1.2	33
1.45	1.25	33
1.25	1.42	33
1.33	1.39	33
1.64	1.42	33
1.58	1.44	33
1.63	1.71	33
1.83	2.25	33
2.22	2.12	33
2.98	3.04	33
4.23	4.17	33
6.1	6.1	33
9.43	9.25	33
15.28	15.22	33
27.2	26.55	33
49.26	48.92	33
93.04	90.67	33
179.54	178.96	33
353.96	347.95	33
672.18	664.14	33
1006.29	1008.32	33
1308.81	1313.6	33
1673.87	1638.31	33
1970.75	2188.73	33
2342.25	2282.41	33
2629.62	2597.22	33
2975.25	2969.71	33
1.09	1.17	33
1.23	1.29	33
1.42	1.28	33
1.48	1.5	33
1.49	1.33	33
1.7	1.68	33
2.03	1.88	33
2.38	2.25	33
3.15	3.3	33
4.93	4.41	33
7.79	7.53	33
13.55	12.08	33
24.71	24.47	33
47.32	46.48	33
90.17	90.61	33
176.53	176.67	33
352.36	350.37	33
694.85	693.26	33
1389.18	1386.36	33
2706.03	2703.07	33
4023.04	4025.89	33
5352.52	5315.48	33
6665.22	6649.74	33
7925.64	7074.31	33
9242.81	9229.58	33
10564.62	10589.04	33
11964.23	11874.44	33
1.25	1.15	34
1.34	1.52	34
1.51	1.33	34
1.55	1.64	34
1.65	1.53	34
1.74	1.84	34
1.82	1.78	34
1.96	2.01	34
2.67	2.36	34
3.21	3.26	34
4.26	4.82	34
7.13	7.26	34
12.27	12.55	34
22.79	23.18	34
43.65	42.98	34
82.8	81.07	34
160.28	167.58	34
312.29	347.28	34
616.23	618.18	34
1186.32	1201.0	34
1808.75	1782.58	34
2385.64	2348.03	34
2947.54	2960.53	34
3583.15	3545.3	34
4148.0	4123.2	34
4739.12	4733.57	34
5296.53	5582.55	34
1.39	1.28	34
1.43	1.6	34
1.49	1.45	34
1.51	1.74	34
2.22	1.59	34
1.68	1.69	34
2.03	1.88	34
2.46	2.25	34
2.87	3.02	34
3.91	4.02	34
6.33	6.36	34
11.0	11.3	34
20.07	20.2	34
37.33	37.98	34
72.79	66.41	34
144.31	144.23	34
288.06	284.34	34
569.63	505.57	34
1141.24	1137.0	34
2212.75	2217.19	34
3296.7	3298.14	34
4377.37	3887.87	34
5468.45	5461.25	34
6534.81	5784.36	34
7622.79	7633.34	34
8726.46	8710.18	34
9791.58	9773.87	34
1.29	0.97	34
1.48	1.49	34
1.65	1.52	34
1.51	1.42	34
1.79	1.66	34
1.58	1.67	34
2.09	2.01	34
2.29	2.38	34
2.52	2.68	34
3.52	3.49	34
5.23	5.17	34
8.26	8.19	34
13.31	13.09	34
23.5	23.94	34
43.77	43.46	34
82.86	85.95	34
160.99	162.48	34
313.79	316.95	34
621.57	617.53	34
1195.64	1195.61	34
1786.04	1794.94	34
2397.73	2387.43	34
3017.37	2984.25	34
3599.91	3592.47	34
4160.42	4104.78	34
4738.39	4684.43	34
5352.14	5368.19	34
1.26	1.31	34
1.6	1.34	34
1.5	1.41	34
1.67	1.52	34
1.71	1.66	34
1.75	1.67	34
1.89	1.9	34
2.45	2.36	34
3.14	2.94	34
4.3	4.3	34
6.77	6.23	34
12.04	11.92	34
20.83	20.9	34
38.93	39.61	34
74.95	74.21	34
144.72	146.12	34
290.0	256.54	34
570.97	570.34	34
1136.72	1139.07	34
2212.51	2212.59	34
3296.37	3312.08	34
4384.77	4390.45	34
5457.24	4864.35	34
6545.81	6539.74	34
7634.7	7619.74	34
8698.93	8695.18	34
9788.7	9765.17	34
1.26	1.38	35
1.39	1.26	35
1.41	1.35	35
1.47	1.48	35
1.45	1.51	35
1.78	1.7	35
1.8	1.69	35
2.14	2.38	35
2.92	3.06	35
4.23	4.07	35
6.38	6.02	35
10.81	10.66	35
20.13	19.81	35
38.51	37.9	35
74.11	73.42	35
143.54	144.38	35
285.21	284.77	35
571.34	569.7	35
1135.73	1135.17	35
2218.76	1962.74	35
3297.17	3295.1	35
4373.35	4369.81	35
5476.69	5464.76	35
6544.99	5795.53	35
7619.94	6740.8	35
8684.76	8700.3	35
9778.88	9766.03	35
1.18	1.35	35
1.39	1.49	35
1.51	1.6	35
1.45	1.45	35
1.51	1.69	35
1.72	1.57	35
1.82	1.89	35
2.32	1.88	35
2.36	2.45	35
3.27	3.16	35
4.46	4.72	35
7.11	7.47	35
12.5	12.73	35
22.56	22.89	35
43.08	43.21	35
81.76	81.23	35
159.33	169.76	35
315.75	310.53	35
621.35	621.93	35
1208.14	1192.81	35
1787.65	1782.04	35
2360.87	2399.34	35
2995.68	3108.69	35
3530.54	3498.19	35
4153.0	4281.64	35
5026.77	4674.73	35
5286.81	5228.53	35
1.27	1.25	35
1.51	1.34	35
1.41	1.35	35
1.68	1.58	35
1.5	1.74	35
1.79	1.62	35
1.94	1.87	35
2.4	2.36	35
3.08	3.09	35
4.15	4.13	35
7.16	6.94	35
12.06	11.99	35
21.22	20.76	35
38.54	38.36	35
74.0	73.9	35
145.3	145.57	35
286.34	285.1	35
571.39	569.99	35
1137.78	1014.55	35
2215.01	2217.98	35
3301.03	3304.16	35
4385.77	3905.34	35
5480.42	5469.71	35
6549.51	6544.31	35
7616.02	7626.42	35
8702.56	8708.28	35
9780.49	9771.89	35
1.26	1.19	35
1.39	1.43	35
1.62	1.42	35
1.45	1.49	35
1.82	1.72	35
1.68	1.54	35
1.87	2.05	35
2.16	2.29	35
2.76	2.64	35
3.58	3.46	35
4.95	5.04	35
8.39	8.06	35
13.37	12.94	35
23.97	23.17	35
46.46	43.48	35
83.47	83.96	35
161.76	161.21	35
316.38	334.47	35
627.1	621.16	35
1224.49	1267.22	35
1798.5	1819.91	35
2368.55	2397.41	35
2973.03	2971.68	35
3597.19	3542.89	35
4141.68	4159.2	35
4704.26	4654.07	35
5365.72	5313.05	35
1.22	1.25	36
1.24	1.39	36
1.29	1.33	36
1.39	1.41	36
1.41	1.44	36
1.56	1.64	36
1.63	1.77	36
1.99	2.11	36
2.71	2.91	36
4.15	4.07	36
7.32	6.75	36
12.6	12.89	36
24.09	23.31	36
46.54	45.86	36
91.92	89.77	36
179.05	177.79	36
348.57	350.47	36
697.01	699.71	36
1387.5	1393.26	36
2706.73	2388.33	36
4049.8	4013.88	36
5341.81	5331.68	36
6684.17	6671.39	36
7971.41	7968.24	36
9306.96	9349.78	36
10633.28	10683.48	36
11943.74	11894.75	36
1.14	1.27	36
1.3	1.38	36
1.43	1.35	36
1.45	1.4	36
1.46	1.49	36
1.54	1.59	36
1.84	1.62	36
1.88	1.88	36
2.21	2.23	36
2.49	2.69	36
3.5	3.57	36
5.14	5.27	36
7.91	8.18	36
13.6	14.11	36
26.01	25.18	36
48.16	47.11	36
92.48	92.14	36
178.67	176.94	36
349.21	352.47	36
682.36	679.77	36
998.86	1003.24	36
1334.94	1289.54	36
1650.67	1667.24	36
1972.97	1948.39	36
2309.67	2288.33	36
2622.7	2620.79	36
2944.14	2920.25	36
1.18	1.11	36
1.31	1.29	36
1.36	1.3	36
1.57	1.46	36
1.64	1.53	36
1.59	1.7	36
2.31	2.0	36
2.31	2.3	36
2.93	3.1	36
4.55	4.76	36
7.88	7.5	36
14.04	13.46	36
25.28	25.05	36
46.66	46.95	36
90.61	92.13	36
180.18	177.21	36
350.35	310.87	36
697.31	700.37	36
1396.2	1391.86	36
2696.94	2387.26	36
3999.98	4000.08	36
5346.22	5321.16	36
6632.71	6618.5	36
8007.15	7958.97	36
9246.23	9235.92	36
10599.88	10582.07	36
11923.11	10580.89	36
1.29	1.29	36
1.21	1.23	36
1.55	1.47	36
1.37	1.39	36
1.4	1.66	36
1.59	1.24	36
1.81	1.69	36
2.04	2.1	36
2.39	2.72	36
2.92	2.7	36
4.44	3.87	36
6.32	6.36	36
9.24	9.57	36
15.33	15.85	36
26.87	26.85	36
49.17	49.35	36
92.37	92.79	36
178.25	178.13	36
350.54	345.25	36
677.06	670.8	36
994.77	1000.77	36
1333.5	1323.79	36
1643.18	1662.67	36
1995.01	1976.66	36
2283.27	2308.87	36
2583.75	2610.65	36
2935.15	3306.5	36
0.94	1.03	37
1.01	1.08	37
1.23	1.31	37
1.81	1.83	37
2.57	2.66	37
4.44	4.49	37
7.51	7.58	37
11.39	12.71	37
22.1	15.52	37
28.55	15.35	37
21.51	15.17	37
14.65	26.44	37
31.42	28.06	37
40.54	28.14	37
40.29	44.54	37
54.7	50.59	37
80.61	89.61	37
126.36	132.54	37
186.38	235.08	37
322.38	427.21	37
600.71	824.27	37
1158.84	1589.52	37
1645.88	2375.74	37
2194.06	3098.83	37
2672.89	3905.73	37
3212.7	4689.44	37
3745.8	5405.78	37
4277.63	6050.12	37
4844.23	6893.48	37
0.85	1.01	37
1.02	1.09	37
1.22	1.86	37
1.7	1.86	37
2.55	2.77	37
4.14	4.34	37
7.04	7.21	37
12.29	11.33	37
12.99	23.97	37
20.6	28.72	37
25.04	26.59	37
19.38	27.41	37
29.75	29.53	37
36.95	32.87	37
39.43	39.01	37
59.1	53.29	37
117.77	97.79	37
228.62	169.84	37
470.02	314.99	37
1007.92	607.67	37
2067.87	1198.98	37
4081.34	2323.26	37
6045.82	3375.39	37
8032.95	4540.37	37
9999.96	5617.32	37
12069.2	6786.25	37
13991.68	7939.55	37
15991.36	9048.33	37
17874.82	10107.47	37
0.93	0.97	37
1.1	1.07	37
1.27	1.37	37
1.81	1.81	37
2.7	2.6	37
4.24	4.43	37
7.78	7.7	37
8.79	10.96	37
14.94	15.05	37
22.36	28.22	37
21.53	26.64	37
25.99	21.97	37
34.27	31.07	37
30.74	30.95	37
38.21	39.61	37
53.84	46.52	37
78.92	77.77	37
141.86	120.0	37
239.08	218.38	37
432.64	405.53	37
849.48	792.98	37
1592.77	1491.52	37
2361.39	2235.69	37
3119.14	2968.72	37
3884.06	3722.19	37
4664.31	4351.55	37
5372.5	5138.08	37
6120.13	5895.07	37
6918.79	6655.47	37
0.81	1.01	37
0.99	1.67	37
1.16	1.41	37
1.6	1.83	37
2.56	2.66	37
4.3	4.35	37
7.55	6.91	37
13.21	13.52	37
16.58	18.1	37
32.39	21.36	37
22.33	24.15	37
16.01	32.41	37
34.8	34.05	37
30.26	40.47	37
53.91	45.9	37
64.12	63.87	37
141.97	99.1	37
248.35	152.77	37
511.2	304.62	37
1093.44	563.85	37
2248.13	1110.33	37
4312.34	2133.57	37
6540.31	3101.51	37
8704.38	4116.7	37
11052.56	5220.91	37
13014.36	6165.44	37
15242.64	7273.35	37
17404.94	8306.38	37
19481.8	9388.64	37
0.96	0.98	38
0.99	1.08	38
1.2	1.24	38
1.77	1.74	38
2.72	2.72	38
4.38	4.34	38
4.96	5.86	38
13.59	14.02	38
20.77	24.18	38
15.84	27.29	38
24.71	21.09	38
29.52	34.4	38
27.5	24.68	38
32.71	43.94	38
32.45	46.9	38
61.75	58.56	38
96.94	91.66	38
161.13	156.03	38
269.0	296.01	38
456.52	572.8	38
901.5	1100.15	38
1683.09	2088.55	38
2492.3	3104.54	38
3381.82	4055.02	38
3982.39	5092.23	38
4612.19	6117.27	38
5376.34	7122.09	38
6351.08	8122.3	38
6983.36	9048.18	38
0.97	1.11	38
1.02	1.19	38
1.3	1.43	38
1.72	1.82	38
2.79	3.34	38
4.45	4.55	38
6.95	7.46	38
14.85	14.48	38
21.67	16.35	38
26.78	28.63	38
26.11	27.61	38
25.13	27.61	38
35.19	27.39	38
28.69	37.87	38
54.2	49.49	38
59.31	46.61	38
107.56	98.44	38
158.41	144.35	38
447.88	258.86	38
895.16	502.43	38
1861.27	990.74	38
3713.74	1894.62	38
5395.36	2746.77	38
7252.27	3672.83	38
9014.36	4593.63	38
10819.25	5468.78	38
12532.94	6375.81	38
14310.71	7368.87	38
16147.28	8710.02	38
1.01	0.95	38
1.02	1.15	38
1.33	1.41	38
1.79	1.82	38
2.5	2.84	38
4.29	4.4	38
7.86	7.94	38
13.31	8.82	38
14.1	11.62	38
19.65	22.99	38
29.07	26.09	38
30.89	29.39	38
27.42	27.0	38
30.09	32.52	38
36.57	41.28	38
57.05	65.65	38
108.69	100.1	38
176.91	161.55	38
299.98	298.64	38
594.16	540.79	38
1075.34	1068.95	38
2139.28	2069.32	38
3087.25	3040.43	38
4069.49	4033.82	38
5098.76	5065.86	38
6057.7	6067.62	38
7039.86	6968.45	38
7978.53	8080.6	38
9033.19	8978.19	38
0.93	0.92	38
1.65	1.11	38
1.34	1.3	38
1.66	1.78	38
2.64	2.79	38
4.25	4.66	38
7.49	8.29	38
7.63	13.04	38
16.1	10.1	38
21.13	28.02	38
16.56	24.37	38
33.34	24.31	38
30.81	36.65	38
32.23	32.15	38
42.84	33.36	38
66.76	64.67	38
105.12	84.64	38
183.06	141.69	38
511.67	249.26	38
958.08	451.79	38
1959.65	874.3	38
3921.52	1666.09	38
5714.63	2470.03	38
7822.17	3300.58	38
9636.93	4085.47	38
11617.07	4906.85	38
13670.59	5784.42	38
14432.97	6528.15	38
17535.09	7216.54	38
1.08	0.92	39
1.09	1.01	39
1.22	1.23	39
1.82	1.8	39
2.74	2.72	39
4.14	4.37	39
7.94	8.03	39
9.53	14.15	39
20.47	14.91	39
21.56	16.46	39
28.12	22.47	39
33.06	24.48	39
30.24	27.15	39
29.58	37.15	39
38.24	46.91	39
53.25	60.78	39
91.06	76.85	39
215.78	150.68	39
448.07	261.59	39
921.99	503.01	39
1840.03	976.02	39
3593.55	1847.93	39
5311.26	2754.03	39
7203.45	3708.48	39
8997.03	4569.98	39
10792.05	5448.67	39
12433.78	6372.86	39
14230.09	7296.2	39
16094.01	8169.6	39
0.95	1.05	39
1.14	1.12	39
1.26	1.27	39
1.77	1.79	39
2.68	2.77	39
4.77	4.42	39
7.31	4.82	39
11.01	14.41	39
18.37	15.42	39
19.86	20.24	39
12.49	28.26	39
18.46	35.44	39
26.84	32.23	39
33.07	36.21	39
50.23	39.15	39
59.0	61.44	39
109.67	98.67	39
156.7	155.58	39
268.97	294.33	39
503.86	551.59	39
920.79	1097.24	39
1663.8	2066.31	39
2412.48	3106.62	39
3136.81	4064.16	39
3939.49	5067.92	39
4634.42	6067.32	39
5530.4	7080.9	39
6161.23	8050.92	39
6972.55	9088.61	39
0.95	1.02	39
1.07	1.12	39
1.29	1.47	39
1.82	1.89	39
2.68	2.71	39
4.52	4.59	39
7.03	7.62	39
14.0	13.58	39
19.14	22.84	39
19.03	16.25	39
33.61	26.0	39
26.69	21.65	39
28.28	25.98	39
33.63	42.19	39
35.35	40.12	39
56.77	59.53	39
98.57	78.3	39
237.72	143.29	39
499.01	237.02	39
1001.75	448.07	39
1937.55	855.88	39
3916.83	1676.98	39
5935.09	2466.61	39
7909.89	3296.49	39
9793.72	4155.87	39
11750.17	4876.57	39
13630.39	5680.1	39
15972.91	6341.25	39
16899.81	7287.44	39
0.92	0.94	39
1.1	1.07	39
1.3	1.33	39
1.78	1.77	39
2.69	2.59	39
4.23	4.52	39
7.33	7.75	39
14.48	11.77	39
23.47	24.11	39
18.8	15.35	39
16.69	22.15	39
19.01	25.62	39
26.17	28.81	39
32.47	31.17	39
50.25	46.73	39
68.17	63.58	39
86.43	92.04	39
168.18	150.14	39
319.23	288.53	39
579.73	549.69	39
1122.85	1076.93	39
2051.22	2091.38	39
3028.65	3095.78	39
4028.36	4130.16	39
5011.43	5067.79	39
6022.71	6058.33	39
6976.53	7182.09	39
7864.67	7973.78	39
8933.32	9116.82	39
0.96	0.96	40
1.01	1.09	40
1.27	1.35	40
1.77	1.79	40
2.68	2.65	40
4.09	4.49	40
8.02	7.79	40
8.24	13.61	40
14.32	14.23	40
21.48	21.49	40
24.95	25.02	40
32.33	30.81	40
25.4	19.44	40
37.26	30.44	40
44.83	37.63	40
69.85	52.32	40
129.98	95.5	40
253.02	180.53	40
493.77	316.65	40
954.82	613.86	40
2118.96	1176.83	40
4063.87	2312.41	40
6104.18	3394.44	40
8053.97	4508.24	40
10014.84	5638.15	40
12104.86	6715.44	40
13970.24	7898.05	40
16114.02	8939.69	40
18067.06	10055.41	40
0.89	0.99	40
1.02	1.17	40
1.22	1.38	40
1.87	1.84	40
2.59	2.89	40
4.36	4.02	40
7.51	7.98	40
13.79	10.73	40
18.32	24.91	40
22.02	21.16	40
25.79	23.09	40
21.73	25.98	40
33.0	24.66	40
38.33	34.87	40
33.12	39.36	40
52.29	49.47	40
76.29	71.26	40
116.97	136.03	40
186.38	235.5	40
336.81	426.07	40
609.89	825.97	40
1160.5	1573.01	40
1699.92	2326.81	40
2123.82	3108.93	40
2693.95	3863.54	40
3200.12	4593.77	40
3757.01	5426.46	40
4359.98	6093.12	40
4888.57	6825.3	40
0.97	0.94	40
1.1	1.11	40
1.26	1.34	40
1.71	1.74	40
2.61	2.69	40
4.42	4.32	40
7.38	7.47	40
10.33	11.4	40
17.87	16.65	40
17.43	16.45	40
25.26	27.09	40
26.76	23.19	40
31.21	30.97	40
37.74	35.9	40
52.59	41.96	40
69.41	68.07	40
109.37	89.94	40
282.32	171.1	40
502.64	308.43	40
1091.92	574.66	40
2275.25	1118.68	40
4428.93	2120.87	40
6566.1	3145.48	40
8708.55	4227.52	40
10881.32	5264.09	40
12583.41	6259.91	40
15232.32	7198.03	40
17376.93	8310.42	40
19518.73	9261.98	40
0.93	1.0	40
1.03	1.0	40
1.39	1.36	40
1.74	1.76	40
2.53	2.7	40
4.25	4.4	40
7.77	7.37	40
13.98	13.03	40
19.32	24.49	40
20.45	27.53	40
30.37	26.51	40
21.78	12.63	40
16.81	26.6	40
37.0	36.31	40
35.69	41.88	40
52.51	52.38	40
91.3	75.4	40
135.13	123.38	40
241.83	216.36	40
423.96	416.76	40
859.22	784.88	40
1610.0	1501.82	40
2390.27	2212.54	40
3152.25	2976.11	40
3944.88	3699.0	40
4642.7	4390.29	40
5407.99	5107.06	40
6295.79	5794.23	40
7103.3	6511.44	40
1.06	1.09	41
1.28	1.26	41
1.65	2.23	41
2.14	2.17	41
3.37	3.22	41
5.48	4.69	41
9.73	7.81	41
11.16	8.31	41
8.91	12.65	41
12.2	15.57	41
21.65	20.86	41
28.6	25.03	41
34.07	34.01	41
45.07	44.88	41
58.33	54.91	41
97.07	92.71	41
173.32	168.8	41
312.68	321.48	41
609.19	600.66	41
1156.5	1161.68	41
1710.37	1714.58	41
2296.08	2254.82	41
2805.44	2802.02	41
3368.61	3321.47	41
3943.44	3934.53	41
4474.84	4468.81	41
4957.45	5060.73	41
1.11	1.11	41
1.14	1.21	41
1.52	1.43	41
1.99	1.8	41
3.12	3.11	41
4.57	4.4	41
5.94	6.62	41
7.83	8.91	41
10.23	12.74	41
17.16	13.28	41
24.47	20.77	41
30.14	24.04	41
37.15	38.15	41
50.42	47.65	41
74.0	78.45	41
125.77	127.73	41
231.77	231.13	41
430.99	439.06	41
841.91	839.83	41
1623.52	1626.35	41
2399.07	2383.84	41
3179.76	3163.3	41
3921.86	3924.71	41
4773.14	4706.58	41
5496.94	5488.87	41
6334.26	6278.21	41
7074.49	7089.36	41
0.93	1.14	41
1.14	1.26	41
1.46	1.49	41
1.91	2.07	41
3.12	2.98	41
4.44	5.46	41
9.78	9.82	41
11.11	9.48	41
11.62	10.68	41
11.66	15.88	41
18.32	20.27	41
23.74	21.29	41
32.06	30.02	41
39.29	37.09	41
53.02	53.41	41
85.85	83.43	41
152.52	148.25	41
285.94	280.78	41
546.06	542.73	41
1053.96	1057.87	41
1551.84	1523.51	41
2022.2	2019.0	41
2543.51	2567.63	41
3020.82	3004.14	41
3493.0	3481.09	41
3992.99	4014.43	41
4522.47	4502.85	41
0.91	1.12	41
1.11	1.21	41
1.39	1.59	41
2.13	2.07	41
3.03	3.27	41
5.05	4.42	41
8.65	8.93	41
12.62	9.5	41
7.9	10.73	41
15.42	15.64	41
21.78	20.26	41
22.29	26.1	41
32.21	35.88	41
49.45	45.12	41
67.85	69.77	41
122.23	123.21	41
222.49	215.25	41
413.84	410.95	41
805.68	804.24	41
1528.4	1533.22	41
2268.83	2254.5	41
2974.72	2952.57	41
3744.87	3767.61	41
4380.86	4435.68	41
5160.7	5146.73	41
6387.19	5884.18	41
6571.92	6540.75	41
0.96	1.23	42
1.73	1.2	42
1.42	1.42	42
1.98	2.1	42
3.04	2.85	42
5.12	4.63	42
8.88	8.59	42
10.76	11.45	42
10.63	9.81	42
13.91	15.49	42
19.16	20.32	42
27.4	26.91	42
35.89	34.8	42
47.45	45.08	42
70.19	74.55	42
124.47	125.1	42
225.82	229.29	42
428.56	428.82	42
834.18	836.26	42
1599.72	1615.14	42
2375.26	2403.45	42
3125.04	3170.03	42
3936.5	3949.65	42
4684.3	4700.02	42
5480.02	5489.03	42
6249.65	6263.83	42
7025.6	7035.04	42
1.07	1.15	42
1.21	1.45	42
1.3	1.66	42
1.96	2.18	42
3.18	3.32	42
4.29	5.01	42
6.33	8.75	42
8.32	6.56	42
11.95	10.46	42
13.84	13.56	42
22.68	18.81	42
23.9	21.04	42
26.8	26.41	42
42.84	36.24	42
54.42	56.42	42
91.51	89.89	42
167.92	163.94	42
305.12	301.01	42
589.84	599.07	42
1122.31	1121.84	42
1655.59	1649.89	42
2204.0	2215.51	42
2755.31	2760.01	42
3277.97	3254.34	42
3791.17	3813.44	42
4354.09	4331.89	42
4888.95	4890.69	42
1.6	1.11	42
1.19	1.28	42
1.5	1.41	42
2.62	1.95	42
2.9	3.28	42
4.41	5.09	42
9.67	6.91	42
8.16	8.36	42
12.05	14.42	42
12.73	13.36	42
19.76	19.59	42
24.16	27.14	42
30.66	30.68	42
44.22	43.93	42
71.59	67.01	42
118.19	114.54	42
215.16	212.84	42
404.54	404.99	42
785.6	781.82	42
1507.55	1522.7	42
2282.75	2255.09	42
2999.65	3022.4	42
3689.72	3648.37	42
4465.85	4421.1	42
5102.46	5060.22	42
5894.02	5838.6	42
6580.96	6678.92	42
0.97	1.17	42
1.74	1.29	42
1.6	1.64	42
1.84	2.12	42
3.18	2.94	42
5.24	5.77	42
7.55	7.84	42
8.93	8.37	42
11.38	10.43	42
16.83	13.44	42
18.62	17.45	42
23.56	21.9	42
29.88	27.46	42
34.26	36.48	42
57.48	51.07	42
86.66	85.54	42
156.44	153.5	42
278.5	280.86	42
545.39	533.16	42
1029.5	1031.02	42
1513.27	1554.53	42
2031.69	2004.69	42
2532.37	2554.65	42
3017.37	2982.16	42
3573.95	3486.04	42
3939.59	3946.59	42
4404.14	4496.66	42
1.08	1.16	43
1.17	1.18	43
1.49	1.71	43
2.04	2.06	43
2.98	3.15	43
5.55	3.6	43
9.08	8.15	43
6.88	8.93	43
9.25	11.26	43
15.52	11.08	43
22.41	18.93	43
24.03	21.01	43
32.64	29.41	43
39.54	36.89	43
54.32	58.41	43
92.32	94.57	43
162.82	167.51	43
307.14	304.84	43
588.95	584.8	43
1124.42	1127.64	43
1671.79	1670.66	43
2210.28	2207.39	43
2728.33	2727.97	43
3289.72	3259.94	43
3828.9	3817.89	43
4360.38	4334.18	43
4906.96	4881.94	43
1.03	1.2	43
1.17	1.26	43
1.42	1.5	43
1.81	1.93	43
2.75	2.93	43
4.97	5.17	43
8.58	4.69	43
8.62	6.42	43
11.2	10.01	43
14.13	11.67	43
19.5	18.76	43
28.24	25.53	43
34.17	35.87	43
44.73	47.39	43
69.87	74.49	43
125.18	124.89	43
234.07	228.54	43
427.89	433.72	43
844.1	842.53	43
1616.17	1614.35	43
2376.58	2383.46	43
3144.57	3183.88	43
3943.56	3928.45	43
4749.67	4728.14	43
5434.97	5499.78	43
6227.94	6237.53	43
7020.76	7075.74	43
1.1	1.24	43
1.15	1.44	43
1.51	1.61	43
2.68	2.18	43
3.19	3.07	43
5.14	5.37	43
7.77	6.41	43
6.66	9.38	43
10.76	8.4	43
10.46	11.34	43
16.81	17.39	43
22.54	19.89	43
30.8	29.54	43
40.2	38.8	43
53.08	57.89	43
87.09	87.1	43
152.61	155.05	43
286.3	282.86	43
536.18	540.35	43
1043.33	1030.32	43
1540.36	1544.08	43
2002.65	2053.04	43
2503.13	2512.89	43
3014.23	2996.93	43
3465.77	3525.41	43
4008.86	4009.45	43
4473.1	4414.19	43
1.01	1.13	43
1.16	1.28	43
1.27	1.61	43
1.77	2.15	43
2.99	3.14	43
4.86	4.87	43
8.02	8.48	43
7.55	8.69	43
9.68	10.63	43
13.04	15.85	43
18.37	16.45	43
21.2	26.93	43
33.66	33.5	43
45.1	44.41	43
69.16	68.33	43
116.95	119.59	43
212.98	217.93	43
405.14	409.7	43
804.66	790.42	43
1498.68	1535.88	43
2265.88	2265.04	43
2919.06	2970.98	43
3741.74	3763.82	43
4354.43	4452.0	43
5060.97	5121.91	43
5908.86	5823.67	43
6595.34	6433.58	43
1.22	1.09	44
1.06	1.32	44
1.31	1.53	44
1.84	1.93	44
2.94	3.02	44
4.27	3.25	44
6.02	5.18	44
8.19	9.74	44
12.03	8.04	44
14.16	12.81	44
21.72	19.01	44
29.17	23.21	44
32.57	32.13	44
46.57	47.82	44
76.11	74.09	44
125.39	125.02	44
228.51	228.77	44
434.97	428.15	44
843.9	832.78	44
1626.49	1606.93	44
2388.96	2398.94	44
3144.22	3198.83	44
3939.19	3960.61	44
4720.52	4732.5	44
5500.47	5555.82	44
6261.13	6310.86	44
7067.78	7037.04	44
1.14	1.18	44
1.11	1.22	44
1.34	1.58	44
2.12	2.08	44
2.95	3.32	44
5.22	5.16	44
7.22	7.96	44
9.36	8.14	44
11.17	8.79	44
15.08	10.6	44
18.43	18.68	44
22.53	23.2	44
31.77	32.34	44
39.95	39.3	44
58.79	53.19	44
94.35	93.89	44
163.91	166.24	44
309.72	309.74	44
606.23	596.41	44
1151.76	1146.24	44
1720.85	1690.77	44
2289.15	2254.97	44
2764.87	2804.73	44
3331.25	3323.96	44
3873.11	3909.57	44
4479.69	4442.41	44
5029.52	4926.76	44
0.9	1.03	44
1.14	1.79	44
1.54	1.63	44
1.82	2.04	44
2.8	2.99	44
5.03	3.93	44
5.8	8.92	44
7.21	8.8	44
9.28	9.61	44
15.83	14.79	44
17.84	16.42	44
23.68	24.64	44
31.38	31.12	44
41.88	44.61	44
69.34	68.9	44
118.3	119.08	44
215.36	219.03	44
411.38	412.41	44
801.68	790.2	44
1516.0	1532.69	44
2247.03	2290.02	44
2956.84	2980.16	44
3747.92	3690.79	44
4439.95	4458.35	44
5181.58	5163.62	44
5873.02	5964.83	44
6660.88	6656.45	44
1.02	1.1	44
1.11	1.38	44
1.4	1.47	44
1.81	2.13	44
3.01	2.99	44
4.87	5.03	44
8.03	8.31	44
11.63	10.57	44
10.97	11.99	44
13.05	15.5	44
17.62	20.44	44
22.85	23.73	44
28.96	27.54	44
38.77	34.25	44
57.09	49.93	44
85.92	85.74	44
151.25	151.67	44
282.31	281.26	44
550.42	542.41	44
1038.03	1035.44	44
1537.99	1536.59	44
2042.45	2059.23	44
2532.96	2485.54	44
3046.78	2962.85	44
3527.11	3527.82	44
4038.22	3979.18	44
4894.67	4496.81	44
0.91	1.11	45
1.18	1.34	45
1.65	1.74	45
2.51	2.49	45
3.71	4.33	45
5.65	6.17	45
6.74	6.72	45
9.03	8.57	45
9.1	8.81	45
9.9	10.08	45
13.11	9.73	45
13.75	14.23	45
17.51	19.89	45
27.18	25.82	45
41.56	45.67	45
72.67	77.74	45
128.84	138.92	45
237.05	265.72	45
421.14	511.3	45
914.27	1020.18	45
1646.04	1946.88	45
2196.35	2864.67	45
3031.57	3869.47	45
3949.91	4698.44	45
4362.32	5642.93	45
6132.16	6612.97	45
6273.63	7613.6	45
6484.22	8541.76	45
1.0	1.11	45
1.3	1.36	45
1.59	1.71	45
2.49	2.64	45
3.55	4.13	45
5.28	5.07	45
8.25	8.47	45
7.85	7.71	45
12.29	10.75	45
11.12	11.67	45
19.07	12.71	45
24.44	16.04	45
51.47	21.0	45
90.42	34.22	45
171.46	60.09	45
256.79	110.66	45
503.24	214.14	45
708.23	415.35	45
2572.62	810.59	45
3917.12	1628.52	45
5365.51	3142.73	45
11481.81	4668.13	45
19643.87	6191.63	45
18919.1	7772.13	45
29217.52	9299.04	45
18568.86	10877.88	45
39137.53	12453.17	45
23726.0	14013.3	45
1.08	1.13	45
1.17	1.36	45
1.74	1.79	45
3.1	2.6	45
4.43	4.36	45
5.86	6.75	45
8.59	7.16	45
8.74	9.5	45
11.66	10.65	45
11.32	11.11	45
12.09	12.27	45
15.9	14.88	45
24.97	19.0	45
28.54	27.32	45
43.6	42.16	45
74.76	71.54	45
120.59	129.16	45
234.23	245.32	45
466.12	471.3	45
907.12	929.67	45
1501.28	1807.58	45
2380.38	2635.6	45
3139.02	3518.1	45
3792.93	4381.47	45
4779.1	5286.32	45
5389.51	6053.1	45
5746.13	7044.43	45
6791.08	7837.11	45
1.0	1.02	45
1.16	1.26	45
1.63	1.77	45
2.45	2.55	45
3.87	3.86	45
6.01	4.58	45
7.85	7.81	45
9.24	10.0	45
9.24	10.18	45
11.04	10.14	45
14.61	12.72	45
25.67	15.2	45
42.97	17.22	45
52.01	32.49	45
95.59	55.0	45
254.61	104.17	45
348.32	198.98	45
1296.44	385.88	45
2552.77	760.15	45
3875.4	1500.84	45
9920.13	2936.12	45
14757.09	4341.52	45
10387.86	5785.35	45
12951.07	7219.58	45
22479.21	8654.54	45
26177.49	10094.54	45
38687.77	11486.76	45
23253.86	12919.76	45
1.07	2.4	46
1.37	1.24	46
2.15	1.77	46
2.72	2.42	46
4.25	3.89	46
6.42	5.85	46
7.52	8.22	46
9.6	9.07	46
9.03	8.77	46
11.28	9.73	46
13.65	13.26	46
16.78	14.88	46
23.76	21.47	46
31.33	30.81	46
59.73	51.53	46
93.06	94.78	46
180.81	180.86	46
330.92	338.44	46
640.23	682.39	46
1277.43	1311.45	46
2392.63	2518.41	46
3578.52	3707.07	46
4666.78	4937.12	46
5993.68	6184.46	46
7179.6	7413.22	46
8513.41	8715.4	46
9330.32	9919.02	46
10853.82	11187.87	46
1.18	1.07	46
1.4	1.94	46
1.79	1.71	46
2.88	2.74	46
4.29	3.89	46
5.97	5.98	46
8.22	6.6	46
9.89	9.47	46
10.12	7.5	46
11.29	11.53	46
13.3	11.7	46
17.34	14.08	46
48.94	20.93	46
85.96	31.43	46
159.27	50.76	46
89.02	95.18	46
457.21	174.39	46
915.86	333.92	46
1816.58	706.25	46
3650.71	1420.45	46
2793.86	2795.95	46
7370.39	4161.15	46
9877.46	5521.01	46
17710.5	6891.32	46
14844.52	8250.76	46
24713.11	9646.43	46
28264.61	11001.63	46
31630.23	12359.49	46
1.08	1.04	46
1.25	1.18	46
1.78	1.65	46
2.64	2.48	46
4.06	3.59	46
6.24	6.21	46
8.84	8.59	46
8.48	7.52	46
8.9	10.03	46
11.36	10.64	46
13.36	10.5	46
18.51	16.13	46
28.07	20.44	46
36.31	30.71	46
59.0	51.21	46
107.63	89.05	46
205.59	170.36	46
360.09	329.14	46
665.25	657.29	46
1290.49	1296.82	46
2339.99	2501.63	46
3564.92	3749.96	46
4973.28	4922.4	46
6076.87	6112.02	46
6998.79	7313.29	46
8263.87	8484.81	46
9631.59	9818.08	46
10955.5	11099.28	46
1.06	1.07	46
1.32	1.25	46
1.72	1.71	46
2.46	2.43	46
4.13	4.04	46
6.0	6.0	46
8.16	5.75	46
7.36	8.95	46
11.65	10.93	46
12.52	11.35	46
17.97	12.03	46
24.21	15.53	46
40.59	21.89	46
48.71	32.03	46
126.25	53.01	46
239.1	93.62	46
177.34	178.67	46
920.51	341.12	46
2419.8	687.14	46
2522.91	1364.04	46
9417.76	2656.19	46
13851.49	3942.67	46
14135.92	5230.31	46
6559.18	6528.06	46
14467.72	7810.9	46
27208.36	9061.08	46
27703.1	10331.04	46
21542.31	11672.8	46
1.11	1.23	47
1.26	1.31	47
1.92	1.83	47
2.67	2.54	47
3.97	4.01	47
6.15	6.3	47
8.28	7.54	47
7.92	9.25	47
9.09	7.69	47
9.7	8.34	47
12.88	10.89	47
23.36	16.55	47
16.44	18.74	47
58.44	29.93	47
49.83	54.08	47
205.81	94.4	47
391.65	173.77	47
344.58	346.0	47
2394.28	673.01	47
3058.76	1349.22	47
5958.37	2635.4	47
8915.19	3920.84	47
18299.67	5198.93	47
14677.8	6480.18	47
7779.06	7729.16	47
20743.15	9030.18	47
36705.83	10298.95	47
11609.13	11525.48	47
