0.6	0.62	1
0.58	0.74	1
0.92	1.09	1
1.15	1.14	1
1.25	1.52	1
1.47	1.55	1
1.37	1.31	1
1.07	1.61	1
1.72	2.38	1
2.27	2.31	1
2.86	3.25	1
4.07	4.73	1
6.32	7.78	1
11.07	12.79	1
18.64	23.52	1
35.37	35.17	1
65.76	67.01	1
126.91	127.59	1
243.23	311.27	1
361.16	368.64	1
479.37	483.46	1
593.88	757.05	1
706.73	711.11	1
857.22	1049.33	1
939.43	1198.19	1
1060.92	1353.88	1
0.7	0.62	1
0.83	0.94	1
1.08	1.12	1
1.56	1.19	1
1.72	1.5	1
1.75	1.82	1
1.77	1.72	1
1.86	1.73	1
3.1	3.05	1
4.38	4.25	1
7.97	7.57	1
13.78	14.28	1
27.55	27.87	1
53.37	45.47	1
104.82	89.44	1
205.4	207.01	1
411.91	349.41	1
821.25	818.99	1
1591.88	1591.19	1
2366.97	2370.01	1
3187.19	2253.75	1
4045.48	3449.66	1
4886.43	4169.36	1
5725.29	4912.96	1
6575.98	6579.58	1
7389.08	7402.02	1
0.62	0.56	1
0.73	0.57	1
0.82	1.18	1
1.27	1.31	1
1.24	1.02	1
1.09	1.39	1
1.18	1.35	1
1.55	1.36	1
1.78	2.05	1
2.24	2.14	1
2.87	3.07	1
4.13	3.86	1
6.27	6.36	1
10.13	10.38	1
19.64	18.85	1
35.2	35.25	1
64.94	66.37	1
127.51	163.73	1
245.68	326.73	1
378.43	373.55	1
479.32	482.42	1
615.39	601.46	1
705.6	933.63	1
822.82	834.27	1
938.72	1199.9	1
1072.18	1073.06	1
0.73	0.58	1
0.93	0.71	1
1.24	1.14	1
1.3	1.41	1
1.43	1.31	1
1.3	1.45	1
1.59	1.5	1
2.65	1.91	1
3.32	2.75	1
4.23	4.54	1
8.04	6.53	1
14.56	12.77	1
26.5	27.47	1
52.64	38.73	1
104.33	103.91	1
208.42	208.2	1
413.43	410.67	1
816.25	702.29	1
1592.33	1591.5	1
2370.05	1691.73	1
3191.75	3201.24	1
4045.7	4041.24	1
4883.62	4896.75	1
5751.1	4062.03	1
6577.58	6586.74	1
7383.41	6317.48	1
0.72	0.52	2
0.8	0.78	2
1.36	1.0	2
1.3	1.24	2
1.62	1.25	2
1.36	1.55	2
1.81	1.96	2
2.19	2.16	2
2.22	2.42	2
3.07	2.96	2
4.25	4.43	2
6.16	6.54	2
10.73	11.33	2
18.98	21.45	2
35.32	35.95	2
69.08	68.56	2
137.76	151.56	2
266.35	298.14	2
513.34	578.9	2
762.1	856.49	2
1012.43	1132.86	2
1254.63	1259.48	2
1498.52	1679.93	2
1734.29	1738.23	2
1966.86	2212.26	2
2210.66	2220.71	2
0.65	0.73	2
0.76	0.74	2
1.17	1.08	2
0.74	1.23	2
1.17	1.31	2
1.58	1.25	2
1.75	1.51	2
2.24	2.22	2
3.09	2.52	2
3.76	4.39	2
7.92	7.01	2
13.7	10.85	2
25.36	20.76	2
46.09	46.65	2
92.78	78.16	2
181.06	179.44	2
354.26	356.63	2
707.2	597.22	2
1371.71	1371.78	2
2040.38	1716.64	2
2693.28	2695.32	2
3351.89	3346.7	2
3996.18	3393.31	2
4659.69	3194.17	2
5307.52	4487.34	2
5959.1	5957.31	2
0.58	0.51	2
0.76	0.75	2
1.08	0.98	2
1.15	1.14	2
1.35	1.31	2
1.37	1.32	2
1.64	1.44	2
1.67	1.85	2
2.36	2.02	2
2.77	2.89	2
3.8	3.57	2
6.22	5.93	2
10.23	11.68	2
18.25	21.13	2
34.16	41.24	2
65.63	65.19	2
126.76	143.02	2
250.19	249.18	2
482.69	480.89	2
709.41	718.71	2
946.94	948.52	2
1172.49	1472.42	2
1405.18	1414.59	2
1636.5	1640.23	2
1863.68	1874.51	2
2102.38	2110.31	2
0.66	0.62	2
0.73	0.81	2
1.05	0.98	2
1.01	1.56	2
0.96	1.14	2
1.53	1.4	2
1.35	1.98	2
2.6	1.82	2
2.47	2.77	2
3.96	4.36	2
7.57	7.55	2
12.66	11.57	2
24.58	17.64	2
47.33	40.76	2
91.5	91.87	2
179.87	180.32	2
357.53	356.85	2
710.19	712.54	2
1378.22	1373.88	2
2032.46	2043.5	2
2700.55	2699.33	2
3350.97	3350.08	2
3996.45	2795.76	2
4609.09	4620.7	2
5246.21	5225.33	2
5823.03	5832.24	2
0.75	0.55	3
0.67	0.73	3
0.97	1.13	3
1.18	1.07	3
1.37	1.21	3
1.47	1.37	3
1.65	1.34	3
1.79	1.89	3
2.79	3.23	3
3.92	4.43	3
7.23	6.69	3
12.63	12.5	3
23.45	16.0	3
45.2	44.45	3
86.91	87.79	3
172.71	173.32	3
341.81	341.29	3
676.99	680.17	3
1309.16	1109.97	3
1934.98	1941.63	3
2583.45	1754.84	3
3190.13	3203.47	3
3818.25	3829.9	3
4488.69	4626.26	3
5273.74	4457.1	3
5929.71	5008.58	3
0.59	0.55	3
0.71	0.91	3
1.16	1.17	3
1.4	1.29	3
1.37	1.3	3
1.42	1.51	3
1.58	1.9	3
1.78	2.08	3
2.3	2.21	3
3.17	3.13	3
3.85	4.04	3
6.64	6.33	3
10.83	12.47	3
19.18	18.71	3
37.86	37.07	3
70.27	77.32	3
135.67	135.72	3
266.24	301.58	3
517.8	525.35	3
767.55	771.41	3
1017.29	1021.95	3
1270.82	1465.22	3
1553.88	1744.2	3
1812.55	2239.04	3
2065.87	2070.07	3
2326.57	2595.35	3
0.55	0.56	3
0.66	0.63	3
0.81	0.76	3
1.17	1.07	3
1.37	1.12	3
1.08	1.57	3
1.77	1.46	3
1.71	1.8	3
2.48	2.73	3
3.84	3.69	3
6.81	6.32	3
11.53	9.64	3
21.01	21.41	3
40.67	40.96	3
80.09	79.26	3
156.15	132.91	3
311.72	213.0	3
615.39	613.42	3
1199.09	1004.36	3
1779.44	1214.67	3
2359.93	2365.03	3
2935.44	2942.67	3
3508.34	3519.82	3
4093.5	4105.01	3
4678.78	4674.8	3
5242.12	5253.71	3
0.61	0.5	3
0.73	0.84	3
0.96	1.07	3
1.18	1.18	3
1.32	1.26	3
1.26	1.35	3
1.41	1.48	3
1.79	1.79	3
1.99	1.88	3
3.0	3.01	3
3.81	4.15	3
6.01	6.53	3
10.14	10.32	3
17.75	18.42	3
34.25	33.57	3
63.54	71.98	3
127.79	125.44	3
249.53	248.05	3
477.41	481.26	3
713.18	713.75	3
942.9	1190.3	3
1172.84	1176.64	3
1408.51	1409.53	3
1634.54	1871.12	3
1892.68	2101.81	3
2091.8	2109.15	3
0.74	0.55	4
0.85	1.01	4
0.99	1.46	4
1.41	1.06	4
1.73	1.43	4
1.38	1.65	4
2.23	1.77	4
2.3	1.99	4
2.78	2.67	4
4.9	4.67	4
7.77	8.4	4
14.85	15.26	4
28.71	23.36	4
54.6	45.43	4
105.83	93.2	4
211.96	181.61	4
419.84	419.13	4
833.17	834.11	4
1621.97	1380.5	4
2401.92	2399.49	4
3168.76	2706.64	4
3942.3	3952.05	4
4726.57	4037.56	4
5521.84	4689.44	4
6282.12	6267.17	4
7038.65	7049.16	4
0.62	0.57	4
0.78	0.81	4
0.78	0.92	4
1.34	1.2	4
1.06	1.25	4
1.35	1.77	4
1.62	1.35	4
1.53	2.22	4
1.89	1.99	4
2.75	1.99	4
2.93	3.48	4
4.18	4.11	4
6.78	6.3	4
10.07	10.31	4
18.75	19.08	4
35.77	34.75	4
64.72	67.44	4
127.75	131.07	4
244.07	245.87	4
362.25	654.19	4
479.6	481.82	4
596.96	913.05	4
712.72	717.78	4
825.56	1046.66	4
944.76	948.29	4
1062.74	1354.38	4
0.6	0.5	4
0.79	0.71	4
1.05	0.94	4
1.16	1.27	4
1.29	1.37	4
1.47	1.48	4
1.57	1.76	4
1.99	1.82	4
2.73	2.74	4
4.15	3.83	4
7.09	7.25	4
13.16	13.08	4
24.65	21.14	4
47.77	41.35	4
93.67	94.3	4
185.71	185.21	4
366.85	368.06	4
730.54	626.1	4
1413.53	1427.55	4
2099.57	2099.03	4
2780.18	2786.55	4
3462.13	2938.68	4
4147.82	4153.46	4
4826.02	4851.23	4
5510.61	4675.39	4
6196.11	6204.13	4
0.57	0.55	4
0.74	0.61	4
0.88	0.98	4
0.94	1.39	4
1.15	1.17	4
1.3	1.06	4
1.58	1.26	4
1.61	1.72	4
1.53	1.98	4
2.04	1.76	4
2.72	2.79	4
3.87	3.9	4
6.3	6.26	4
10.09	10.85	4
19.72	19.56	4
35.48	35.7	4
66.42	65.48	4
127.74	162.08	4
242.84	250.55	4
358.65	560.14	4
476.65	482.46	4
598.77	758.37	4
708.9	718.62	4
830.2	1056.78	4
972.72	1460.13	4
1052.95	1072.78	4
0.45	0.45	5
0.52	0.63	5
0.9	0.75	5
1.43	1.2	5
2.69	1.87	5
5.35	2.83	5
9.93	2.51	5
19.37	3.31	5
36.86	3.86	5
70.61	6.62	5
134.22	10.82	5
238.48	17.86	5
399.46	34.72	5
609.99	64.27	5
758.36	120.19	5
867.22	217.24	5
1022.22	370.9	5
1308.84	622.76	5
1553.94	874.7	5
1777.81	1115.01	5
2011.96	1363.06	5
2225.85	1576.05	5
2435.43	1781.34	5
2634.57	1988.95	5
2840.92	2198.91	5
0.48	0.38	5
0.52	0.55	5
0.92	0.84	5
1.49	1.39	5
2.7	2.22	5
5.02	2.95	5
9.84	3.86	5
20.14	4.68	5
38.58	9.13	5
76.13	14.89	5
149.19	27.35	5
291.59	53.67	5
550.73	101.32	5
1007.8	186.66	5
1751.35	328.04	5
2541.91	540.53	5
2959.02	799.63	5
3549.16	1208.65	5
4051.04	1591.35	5
4550.54	1984.59	5
4971.14	2356.33	5
5438.16	2735.67	5
5836.08	3173.46	5
6233.6	3494.68	5
6575.32	3852.22	5
0.41	0.37	5
0.5	0.5	5
0.77	0.78	5
1.34	1.24	5
2.5	2.16	5
4.63	1.88	5
8.89	2.79	5
17.19	2.89	5
33.4	3.79	5
62.8	6.44	5
118.92	10.02	5
211.93	15.61	5
360.23	28.08	5
554.88	54.94	5
690.15	100.15	5
809.75	178.17	5
963.9	305.45	5
1211.52	536.94	5
1472.01	769.93	5
1716.96	999.38	5
1939.5	1238.8	5
2171.49	1459.85	5
2362.06	1672.07	5
2568.11	1867.36	5
2766.58	2066.06	5
0.43	0.37	5
0.57	0.47	5
0.91	0.83	5
1.39	1.54	5
2.66	2.65	5
4.82	1.94	5
9.98	4.44	5
19.94	6.32	5
39.41	8.08	5
75.83	15.52	5
149.71	27.74	5
291.73	52.63	5
549.55	98.79	5
1010.32	179.47	5
1741.92	313.77	5
2493.52	504.66	5
2941.46	746.42	5
3543.67	1142.03	5
4034.86	1518.12	5
4473.13	1878.44	5
4976.9	2261.33	5
5370.95	2632.19	5
5812.27	3016.53	5
6190.67	3331.23	5
6507.68	3636.38	5
0.46	0.4	6
0.59	0.58	6
0.81	0.75	6
1.5	1.22	6
2.67	2.2	6
5.23	2.39	6
9.98	3.65	6
19.88	6.26	6
39.34	8.42	6
76.91	14.94	6
151.01	28.71	6
293.2	52.58	6
556.82	101.25	6
1021.85	188.36	6
1764.03	339.01	6
2615.61	558.42	6
3075.6	820.88	6
3550.02	1215.7	6
4042.74	1594.19	6
4526.08	1956.93	6
4893.58	2332.0	6
5282.66	2761.94	6
5811.14	3107.07	6
6159.14	3485.81	6
6491.61	3798.51	6
0.51	0.37	6
0.58	0.57	6
1.01	0.94	6
1.48	1.25	6
3.01	2.6	6
5.37	2.62	6
10.29	3.31	6
20.68	4.34	6
39.26	5.16	6
77.3	8.1	6
141.01	11.88	6
258.96	18.68	6
425.05	35.58	6
658.8	67.39	6
823.06	123.69	6
947.24	224.09	6
1136.6	383.49	6
1439.35	646.22	6
1700.25	880.41	6
1949.28	1122.03	6
2206.11	1342.63	6
2439.03	1564.35	6
2659.88	1813.84	6
2894.53	2036.25	6
3112.66	2273.95	6
0.45	0.38	6
0.47	0.52	6
0.71	0.72	6
1.21	1.18	6
2.3	1.39	6
4.27	2.73	6
8.51	3.57	6
16.57	4.07	6
32.41	6.32	6
63.13	11.2	6
123.54	20.68	6
240.34	37.68	6
464.97	72.6	6
833.24	132.57	6
1471.76	232.78	6
2197.02	392.72	6
2595.71	602.62	6
3027.45	953.38	6
3473.74	1291.02	6
3875.81	1632.28	6
4285.32	1960.18	6
4632.31	2302.36	6
4940.07	2645.92	6
5270.72	2958.04	6
5588.77	3261.4	6
0.45	0.37	6
0.57	0.53	6
0.91	0.76	6
1.41	1.38	6
2.58	2.4	6
4.9	1.91	6
9.17	2.38	6
18.29	3.43	6
35.53	4.32	6
68.1	5.64	6
128.52	10.67	6
228.69	17.58	6
381.24	31.7	6
589.93	58.76	6
763.51	104.77	6
865.51	191.52	6
1046.79	327.07	6
1326.68	562.41	6
1584.15	796.03	6
1842.12	1014.86	6
2069.09	1255.29	6
2351.36	1483.83	6
2596.05	1707.87	6
2824.61	1929.73	6
3027.39	2133.13	6
0.47	0.38	7
0.55	0.55	7
0.81	0.82	7
1.48	1.46	7
2.64	2.32	7
5.01	2.07	7
9.58	3.11	7
18.7	2.55	7
36.14	3.93	7
69.1	6.55	7
130.93	10.59	7
231.58	17.54	7
380.84	33.92	7
597.96	63.02	7
771.6	119.83	7
870.61	216.19	7
1051.78	371.11	7
1318.65	627.95	7
1597.55	867.74	7
1863.99	1097.8	7
2087.02	1319.28	7
2351.85	1554.23	7
2573.54	1794.46	7
2795.06	2027.78	7
3003.97	2243.11	7
0.48	0.4	7
0.49	0.52	7
0.83	0.74	7
1.45	1.47	7
2.6	1.68	7
4.84	1.96	7
9.55	3.2	7
18.69	4.97	7
36.97	8.85	7
73.45	14.97	7
144.56	27.4	7
279.77	50.93	7
529.2	95.34	7
987.85	177.47	7
1682.5	317.99	7
2486.69	530.77	7
2925.97	794.74	7
3409.93	1177.54	7
3899.21	1548.21	7
4310.31	1929.52	7
4706.0	2297.13	7
5049.61	2649.93	7
5440.49	3027.45	7
5757.51	3361.96	7
6097.6	3697.99	7
0.39	0.36	7
0.52	0.49	7
0.73	0.86	7
1.37	1.31	7
2.43	2.49	7
4.62	2.26	7
8.79	3.89	7
17.13	3.19	7
32.77	4.18	7
63.89	6.4	7
116.93	8.94	7
211.29	15.54	7
353.98	29.1	7
539.79	52.59	7
703.34	96.58	7
804.06	180.54	7
996.75	313.43	7
1253.63	542.47	7
1507.73	777.63	7
1788.69	996.58	7
2022.48	1217.61	7
2255.72	1428.86	7
2496.19	1673.17	7
2700.87	1907.03	7
2908.7	2115.83	7
0.44	0.39	7
0.51	0.54	7
0.76	0.75	7
1.31	1.01	7
2.31	2.01	7
4.35	2.94	7
8.78	3.71	7
17.24	5.34	7
34.27	7.45	7
67.81	12.35	7
132.43	21.97	7
253.37	42.9	7
496.37	79.08	7
891.21	148.51	7
1554.79	254.64	7
2255.09	429.4	7
2658.16	651.46	7
3181.25	1003.65	7
3644.78	1350.23	7
3994.31	1712.34	7
4368.1	2037.89	7
4744.63	2410.3	7
5145.39	2743.24	7
5416.09	3082.81	7
5765.05	3396.43	7
0.51	0.38	8
0.5	0.54	8
0.83	0.88	8
1.34	1.27	8
2.5	2.24	8
5.08	2.86	8
9.56	4.21	8
18.77	4.96	8
36.04	9.53	8
75.64	15.91	8
147.93	29.08	8
289.0	51.66	8
545.36	99.0	8
997.66	185.52	8
1737.08	331.0	8
2622.45	548.2	8
3016.62	821.48	8
3618.02	1227.37	8
4130.61	1625.1	8
4609.36	2052.79	8
5237.35	2439.48	8
5684.49	2837.94	8
6141.04	3226.77	8
6543.42	3620.6	8
6882.17	3951.34	8
0.51	0.41	8
0.56	0.63	8
0.76	0.79	8
1.52	1.38	8
2.89	2.48	8
5.23	3.11	8
10.61	3.08	8
20.12	3.12	8
39.41	4.5	8
75.79	7.27	8
142.12	11.3	8
258.37	19.9	8
423.63	34.48	8
633.94	68.5	8
819.6	126.81	8
928.25	223.88	8
1089.92	385.5	8
1383.54	634.47	8
1641.6	879.63	8
1862.78	1125.62	8
2108.75	1371.96	8
2321.72	1595.65	8
2525.85	1806.94	8
2763.53	2022.84	8
2936.45	2206.08	8
0.42	0.31	8
0.48	0.5	8
0.73	0.74	8
1.23	1.08	8
2.32	1.74	8
4.38	2.62	8
8.16	3.75	8
16.54	4.23	8
32.25	6.55	8
63.16	10.97	8
124.92	20.88	8
242.23	37.65	8
457.81	71.93	8
854.93	128.69	8
1496.56	233.71	8
2182.26	391.13	8
2588.98	607.26	8
3111.99	965.25	8
3557.09	1329.13	8
3969.38	1663.87	8
4427.72	2020.9	8
4787.36	2365.85	8
5227.94	2709.34	8
5608.46	3064.24	8
5978.48	3374.16	8
0.44	0.36	8
0.5	0.52	8
0.79	0.77	8
1.31	1.14	8
2.38	1.75	8
4.5	2.68	8
8.76	2.6	8
16.77	2.81	8
33.05	3.98	8
63.93	6.16	8
117.95	8.93	8
213.24	16.64	8
360.17	28.48	8
545.91	53.66	8
700.92	95.95	8
805.47	178.02	8
960.91	309.45	8
1226.0	534.51	8
1492.6	765.95	8
1731.1	992.05	8
1954.36	1222.72	8
2162.5	1444.38	8
2400.07	1649.82	8
2567.25	1876.37	8
2799.21	2071.1	8
0.29	0.3	9
0.32	0.3	9
0.31	0.35	9
0.34	0.3	9
0.33	0.37	9
0.37	0.37	9
0.45	0.37	9
0.41	0.47	9
0.48	0.42	9
0.61	0.5	9
0.63	0.67	9
0.86	0.89	9
1.08	1.13	9
1.7	2.01	9
2.53	2.69	9
4.67	5.3	9
7.83	8.3	9
14.36	16.21	9
25.0	28.34	9
46.16	46.87	9
89.4	107.0	9
170.77	204.87	9
256.41	288.94	9
334.99	365.36	9
417.79	468.91	9
494.22	555.39	9
576.03	610.26	9
653.63	694.56	9
736.87	823.49	9
0.32	0.29	9
0.32	0.29	9
0.28	0.36	9
0.33	0.34	9
0.35	0.32	9
0.36	0.35	9
0.39	0.33	9
0.39	0.42	9
0.48	0.55	9
0.7	0.69	9
1.06	1.03	9
1.7	1.64	9
3.27	2.96	9
6.56	5.54	9
12.85	10.4	9
26.54	20.02	9
53.9	40.05	9
107.68	66.05	9
216.44	159.66	9
427.13	316.03	9
843.79	735.2	9
1661.41	1025.99	9
2477.27	2166.39	9
3225.59	2404.1	9
3959.83	2443.99	9
4702.58	3503.78	9
5527.09	4107.92	9
6332.42	3908.28	9
7135.84	5325.71	9
0.24	0.24	9
0.25	0.27	9
0.26	0.22	9
0.27	0.28	9
0.3	0.23	9
0.25	0.35	9
0.31	0.34	9
0.33	0.38	9
0.37	0.46	9
0.46	0.52	9
0.63	0.65	9
0.78	0.87	9
1.01	1.26	9
1.65	2.05	9
2.48	2.83	9
4.68	5.48	9
7.41	7.92	9
14.29	15.39	9
24.22	27.35	9
46.82	53.61	9
90.29	102.8	9
171.8	190.09	9
251.72	278.58	9
333.14	365.76	9
417.08	427.76	9
497.32	542.5	9
578.01	618.41	9
654.41	667.84	9
734.95	818.13	9
0.32	0.3	9
0.29	0.28	9
0.32	0.29	9
0.34	0.32	9
0.3	0.33	9
0.31	0.39	9
0.38	0.33	9
0.41	0.41	9
0.52	0.57	9
0.69	0.64	9
1.07	0.91	9
1.69	1.62	9
3.31	2.67	9
6.36	5.6	9
13.14	8.84	9
26.17	20.63	9
54.44	41.34	9
108.24	94.66	9
215.32	139.7	9
425.65	324.65	9
849.64	641.63	9
1661.27	1062.69	9
2480.28	1880.95	9
3225.68	2827.13	9
3967.61	3009.41	9
4710.45	4134.08	9
5519.08	3510.31	9
6325.78	4781.3	9
7153.38	6267.25	9
0.34	0.27	10
0.21	0.28	10
0.33	0.36	10
0.29	0.31	10
0.32	0.3	10
0.35	0.33	10
0.41	0.41	10
0.42	0.35	10
0.44	0.35	10
0.56	0.7	10
0.87	0.75	10
1.06	1.14	10
1.49	1.56	10
2.53	2.85	10
4.46	5.28	10
7.88	9.0	10
15.57	16.19	10
30.25	31.61	10
58.95	60.83	10
116.98	123.39	10
229.15	234.2	10
447.03	477.12	10
659.27	694.37	10
872.34	894.91	10
1093.87	1087.07	10
1304.16	1334.32	10
1519.61	1586.73	10
1728.58	1856.5	10
1944.77	2044.88	10
0.37	0.29	10
0.25	0.32	10
0.28	0.26	10
0.27	0.26	10
0.31	0.26	10
0.28	0.35	10
0.37	0.32	10
0.44	0.33	10
0.68	0.51	10
0.66	0.73	10
1.18	1.01	10
1.79	1.78	10
2.45	2.29	10
5.94	3.41	10
11.15	6.96	10
20.64	19.31	10
43.73	25.38	10
87.42	63.37	10
173.88	124.86	10
344.76	249.3	10
688.94	498.49	10
1333.56	967.63	10
1958.82	1427.1	10
2590.49	1873.36	10
3222.71	2319.99	10
3823.0	2765.4	10
4439.99	3817.29	10
5054.98	2946.62	10
5665.87	3303.34	10
0.26	0.26	10
0.26	0.25	10
0.24	0.28	10
0.26	0.24	10
0.24	0.24	10
0.27	0.3	10
0.32	0.3	10
0.35	0.32	10
0.39	0.36	10
0.5	0.53	10
0.57	0.62	10
0.95	1.0	10
1.39	1.5	10
2.42	2.67	10
4.17	4.48	10
8.2	8.63	10
14.94	16.16	10
28.76	33.24	10
55.25	55.41	10
107.26	110.12	10
211.03	228.25	10
407.8	422.2	10
608.43	678.46	10
804.3	860.5	10
998.01	1020.78	10
1199.4	1271.49	10
1392.63	1475.92	10
1589.6	1753.31	10
1789.12	1943.38	10
0.3	0.25	10
0.23	0.23	10
0.31	0.3	10
0.29	0.3	10
0.27	0.26	10
0.27	0.25	10
0.32	0.32	10
0.45	0.41	10
0.43	0.56	10
0.74	0.72	10
1.07	0.9	10
1.49	1.92	10
2.72	3.73	10
4.93	4.3	10
10.56	8.08	10
21.5	19.04	10
42.89	27.37	10
87.31	76.03	10
172.83	128.43	10
342.2	215.3	10
681.39	599.51	10
1329.17	1159.37	10
1954.9	1457.38	10
2578.1	1911.24	10
3193.4	2357.2	10
3791.89	2800.47	10
4370.58	3228.43	10
4949.92	3620.45	10
5505.88	3275.96	10
0.36	0.27	11
0.31	0.28	11
0.27	0.33	11
0.34	0.27	11
0.32	0.31	11
0.32	0.29	11
0.27	0.33	11
0.38	0.41	11
0.53	0.46	11
0.66	0.72	11
1.07	0.94	11
1.49	1.3	11
2.79	1.86	11
5.27	4.04	11
10.91	8.14	11
21.6	13.41	11
44.66	44.59	11
86.25	61.89	11
169.73	123.07	11
337.64	291.51	11
672.55	486.34	11
1316.1	763.96	11
1941.73	1403.07	11
2579.38	2212.31	11
3213.85	1872.88	11
3839.7	3303.37	11
4469.53	3229.23	11
5101.43	3684.24	11
5721.18	4925.89	11
0.33	0.27	11
0.24	0.24	11
0.31	0.3	11
0.33	0.3	11
0.29	0.31	11
0.29	0.34	11
0.36	0.4	11
0.36	0.37	11
0.31	0.36	11
0.46	0.57	11
0.66	0.62	11
1.06	1.12	11
1.69	1.67	11
2.63	3.05	11
4.2	4.65	11
8.44	8.2	11
15.37	16.46	11
30.23	31.19	11
58.82	61.1	11
114.03	122.43	11
227.52	242.64	11
439.46	455.05	11
656.85	702.98	11
865.09	907.49	11
1069.68	1124.51	11
1270.92	1336.09	11
1476.08	1545.07	11
1688.53	1716.89	11
1887.03	1980.43	11
0.28	0.23	11
0.24	0.24	11
0.24	0.25	11
0.23	0.24	11
0.25	0.29	11
0.29	0.29	11
0.31	0.33	11
0.33	0.32	11
0.4	0.48	11
0.62	0.58	11
0.93	0.96	11
1.59	1.35	11
2.56	1.61	11
5.15	3.98	11
8.7	8.91	11
17.71	13.98	11
37.64	23.92	11
76.31	46.25	11
149.41	91.03	11
298.69	174.31	11
591.38	430.68	11
1152.07	678.88	11
1714.9	1242.85	11
2272.11	1309.15	11
2828.0	2450.59	11
3390.4	2462.92	11
3955.92	3393.36	11
4506.95	3888.9	11
5057.66	2963.54	11
0.33	0.25	11
0.28	0.28	11
0.25	0.29	11
0.25	0.28	11
0.3	0.28	11
0.32	0.29	11
0.36	0.35	11
0.38	0.36	11
0.42	0.42	11
0.47	0.6	11
0.6	0.7	11
1.08	1.1	11
1.52	1.42	11
2.73	2.67	11
4.46	4.78	11
8.86	8.85	11
15.64	15.4	11
29.33	31.62	11
56.93	59.13	11
110.05	115.62	11
220.18	255.01	11
431.03	441.07	11
650.48	711.19	11
839.18	857.02	11
1044.56	1092.0	11
1246.98	1336.46	11
1445.74	1485.12	11
1649.26	1686.36	11
1849.14	2023.28	11
0.27	0.3	12
0.32	0.25	12
0.24	0.27	12
0.25	0.28	12
0.3	0.27	12
0.3	0.29	12
0.29	0.38	12
0.38	0.4	12
0.48	0.47	12
0.71	0.58	12
0.98	0.99	12
1.96	1.37	12
2.76	2.54	12
5.89	5.31	12
11.76	10.49	12
24.89	18.4	12
50.79	30.75	12
99.64	61.02	12
198.02	145.88	12
395.68	241.16	12
787.31	582.88	12
1534.68	1141.37	12
2269.39	1974.97	12
3008.48	2237.73	12
3748.16	2788.44	12
4481.38	3901.93	12
5219.91	3212.29	12
5962.59	4428.95	12
6718.55	4125.55	12
0.3	0.27	12
0.27	0.29	12
0.24	0.23	12
0.31	0.25	12
0.27	0.38	12
0.39	0.32	12
0.41	0.32	12
0.33	0.48	12
0.46	0.33	12
0.57	0.48	12
0.6	0.6	12
0.75	0.81	12
1.03	1.07	12
1.62	1.81	12
2.48	2.54	12
4.44	5.17	12
7.92	7.86	12
13.6	13.99	12
25.99	28.67	12
46.76	53.65	12
89.05	99.74	12
169.59	204.4	12
251.39	288.06	12
331.52	379.2	12
417.21	466.0	12
496.12	592.46	12
571.27	644.98	12
653.08	741.33	12
733.97	822.16	12
0.23	0.24	12
0.24	0.21	12
0.25	0.22	12
0.25	0.26	12
0.22	0.25	12
0.26	0.27	12
0.27	0.3	12
0.32	0.31	12
0.4	0.43	12
0.6	0.69	12
0.97	0.82	12
1.56	1.08	12
2.47	2.47	12
4.95	4.21	12
10.22	8.07	12
21.41	14.2	12
44.21	38.68	12
87.02	80.34	12
181.18	137.98	12
361.91	232.04	12
720.24	461.74	12
1401.68	880.35	12
2072.23	1540.12	12
2744.54	2049.04	12
3423.94	3420.56	12
4091.8	3049.15	12
4764.24	4186.4	12
5437.77	3365.84	12
6111.8	3787.95	12
0.31	0.22	12
0.3	0.28	12
0.28	0.29	12
0.32	0.3	12
0.31	0.28	12
0.33	0.3	12
0.33	0.34	12
0.36	0.3	12
0.41	0.34	12
0.57	0.55	12
0.54	0.71	12
0.82	1.15	12
1.04	1.08	12
1.68	1.92	12
2.41	2.85	12
4.3	5.47	12
7.5	8.96	12
13.46	16.33	12
24.78	28.93	12
45.85	51.68	12
88.24	127.57	12
177.62	203.41	12
255.04	269.78	12
334.9	371.19	12
411.88	437.8	12
489.86	493.73	12
573.57	607.43	12
652.33	707.72	12
733.42	800.71	12
0.33	0.28	13
0.33	0.34	13
0.49	0.42	13
0.62	0.64	13
1.1	0.98	13
2.09	1.32	13
3.77	2.84	13
7.17	4.03	13
14.21	4.23	13
28.02	5.59	13
53.42	8.79	13
99.78	14.58	13
186.47	23.76	13
308.13	40.84	13
469.09	68.01	13
605.3	107.57	13
663.85	143.52	13
742.4	200.31	13
885.85	301.24	13
1202.28	519.05	13
1520.84	741.49	13
1805.08	942.86	13
2128.97	1153.39	13
2492.49	1369.89	13
2739.1	1591.55	13
2921.14	1786.79	13
3086.0	1942.45	13
0.37	0.26	13
0.32	0.32	13
0.44	0.43	13
0.63	0.66	13
1.09	1.1	13
1.93	1.87	13
3.69	3.03	13
7.12	3.67	13
13.97	3.12	13
27.88	7.34	13
52.95	9.89	13
101.46	15.42	13
187.4	26.49	13
328.56	48.98	13
536.25	81.03	13
723.16	128.59	13
857.23	188.25	13
1004.76	283.32	13
1386.38	474.36	13
2045.06	837.39	13
2702.61	1221.47	13
3469.11	1611.93	13
4151.81	1973.68	13
4875.11	2325.78	13
5470.98	2661.33	13
6006.65	3007.2	13
6450.99	3302.28	13
0.29	0.25	13
0.28	0.3	13
0.39	0.38	13
0.62	0.56	13
1.0	0.97	13
1.7	1.73	13
3.28	2.77	13
6.32	2.96	13
12.37	3.66	13
24.38	4.54	13
46.45	7.25	13
89.51	11.46	13
157.51	18.77	13
274.01	32.66	13
430.25	54.27	13
524.01	82.93	13
595.82	113.37	13
673.32	173.52	13
827.92	267.81	13
1101.98	459.03	13
1389.09	666.75	13
1676.43	863.82	13
1968.85	1084.95	13
2256.78	1280.34	13
2499.81	1460.1	13
2723.32	1673.81	13
2895.52	1860.01	13
0.34	0.23	13
0.3	0.33	13
0.38	0.39	13
0.59	0.62	13
1.01	0.97	13
1.77	1.53	13
3.33	2.61	13
6.24	2.8	13
12.27	4.32	13
24.23	5.38	13
46.22	7.68	13
88.36	13.42	13
164.81	22.62	13
286.85	37.67	13
468.83	62.39	13
640.72	103.56	13
773.29	154.22	13
921.19	240.49	13
1256.43	414.84	13
1842.24	747.79	13
2483.07	1099.48	13
3136.48	1432.47	13
3772.06	1786.62	13
4416.22	2068.54	13
4951.7	2386.87	13
5502.03	2688.79	13
5892.99	2961.57	13
0.4	0.32	14
0.29	0.33	14
0.49	0.5	14
0.7	0.72	14
1.23	1.11	14
2.09	1.87	14
3.96	3.54	14
8.07	4.46	14
15.18	4.33	14
29.77	6.62	14
59.53	10.45	14
111.15	16.83	14
204.04	26.54	14
358.81	49.61	14
554.18	82.6	14
789.87	128.19	14
874.17	181.15	14
1025.93	271.95	14
1328.2	443.66	14
1785.01	768.44	14
2237.17	1098.2	14
2763.55	1440.33	14
3298.08	1771.96	14
3777.5	2114.63	14
4140.46	2450.91	14
4440.73	2764.44	14
4783.75	3095.33	14
0.35	0.3	14
0.32	0.36	14
0.47	0.49	14
0.69	0.71	14
1.21	1.19	14
2.2	1.83	14
4.1	3.74	14
7.73	4.65	14
16.14	5.03	14
31.25	5.54	14
58.99	10.22	14
112.05	16.11	14
202.39	27.53	14
333.95	45.44	14
518.99	72.81	14
676.8	111.38	14
770.53	149.9	14
904.58	213.02	14
1156.91	325.27	14
1619.74	571.87	14
2137.59	862.04	14
2620.89	1084.98	14
3180.9	1302.46	14
3635.57	1513.92	14
4116.12	1742.36	14
4460.33	1922.78	14
4733.15	2102.38	14
0.32	0.25	14
0.32	0.31	14
0.38	0.41	14
0.57	0.55	14
0.98	0.97	14
1.67	1.69	14
3.27	3.0	14
6.31	3.6	14
12.14	3.48	14
23.3	4.8	14
44.71	8.52	14
87.0	11.31	14
156.93	20.37	14
260.89	35.62	14
436.45	60.37	14
617.09	95.38	14
682.56	144.11	14
830.07	216.1	14
1038.5	373.72	14
1467.85	661.09	14
1923.98	968.42	14
2300.21	1253.16	14
2756.74	1562.32	14
3214.42	1863.43	14
3573.85	2151.48	14
3862.79	2464.36	14
4117.11	2720.85	14
0.32	0.28	14
0.33	0.32	14
0.49	0.44	14
0.62	0.65	14
1.13	1.06	14
2.06	2.08	14
4.18	2.62	14
7.82	4.03	14
14.87	5.58	14
29.45	6.75	14
57.16	8.15	14
105.22	14.42	14
187.62	23.69	14
321.22	42.18	14
504.47	69.34	14
656.9	106.6	14
732.97	140.11	14
851.83	197.88	14
1111.35	310.47	14
1564.67	558.29	14
2082.18	829.28	14
2539.73	1023.69	14
3098.4	1233.09	14
3541.14	1421.41	14
3998.02	1600.99	14
4328.36	1770.69	14
4630.25	1914.38	14
0.37	0.26	15
0.36	0.33	15
0.45	0.41	15
0.62	0.67	15
1.17	1.18	15
2.0	1.67	15
3.62	3.24	15
7.04	2.8	15
13.87	4.87	15
26.5	4.95	15
52.4	8.85	15
99.94	13.47	15
183.72	23.3	15
298.55	42.83	15
469.19	70.45	15
606.95	105.8	15
696.61	146.14	15
814.86	203.32	15
1044.18	316.61	15
1491.01	539.35	15
1994.24	789.52	15
2433.81	1002.22	15
2870.38	1231.16	15
3336.86	1444.48	15
3742.1	1655.05	15
4107.15	1836.54	15
4394.92	2009.35	15
0.37	0.29	15
0.34	0.33	15
0.45	0.46	15
0.69	0.65	15
1.12	1.0	15
1.97	1.59	15
3.69	3.48	15
7.18	2.46	15
13.76	5.11	15
26.67	6.24	15
51.78	10.13	15
99.6	16.68	15
184.03	26.98	15
314.06	44.78	15
504.88	77.08	15
703.81	120.94	15
780.42	175.5	15
897.93	263.25	15
1151.38	433.0	15
1607.77	761.1	15
2118.75	1091.27	15
2579.03	1443.69	15
3053.38	1769.63	15
3511.15	2095.17	15
3901.36	2428.2	15
4208.95	2761.56	15
4524.13	3068.9	15
0.28	0.25	15
0.3	0.29	15
0.42	0.41	15
0.59	0.56	15
1.0	0.93	15
1.69	1.74	15
3.27	2.87	15
6.38	2.94	15
12.0	3.94	15
23.68	4.75	15
46.14	7.5	15
86.43	10.32	15
159.22	19.02	15
265.46	32.79	15
410.48	52.66	15
515.55	84.58	15
629.38	114.78	15
707.55	168.02	15
933.75	270.17	15
1351.17	478.61	15
1812.69	703.3	15
2220.49	907.58	15
2668.38	1096.93	15
3073.87	1297.63	15
3475.76	1469.28	15
3762.31	1687.32	15
4019.58	1817.96	15
0.3	0.26	15
0.3	0.3	15
0.39	0.4	15
0.59	0.6	15
1.01	0.97	15
1.7	1.64	15
3.17	2.63	15
6.2	2.9	15
12.03	3.91	15
23.58	5.29	15
45.58	6.62	15
85.04	12.09	15
155.64	20.36	15
275.19	37.1	15
445.51	61.49	15
607.9	98.56	15
695.93	144.0	15
814.61	224.13	15
1044.75	370.97	15
1492.26	669.47	15
1899.25	973.92	15
2328.84	1279.35	15
2787.28	1561.59	15
3179.3	1877.55	15
3601.76	2157.57	15
3904.3	2459.92	15
4111.49	2755.75	15
0.27	0.32	16
0.3	0.38	16
0.46	0.46	16
0.67	0.64	16
1.07	1.18	16
1.89	1.54	16
3.85	2.87	16
7.34	4.07	16
14.2	3.46	16
27.24	5.44	16
54.62	8.81	16
103.32	15.21	16
187.55	28.04	16
320.86	49.18	16
523.63	82.01	16
726.2	127.6	16
856.13	178.82	16
998.11	272.38	16
1345.08	449.03	16
1967.99	803.31	16
2584.29	1165.21	16
3207.64	1506.34	16
3828.64	1863.57	16
4460.47	2179.24	16
5004.94	2534.9	16
5497.45	2867.97	16
5935.14	3153.05	16
0.34	0.25	16
0.32	0.32	16
0.45	0.51	16
0.64	0.65	16
1.08	0.98	16
2.19	1.61	16
3.83	2.7	16
6.99	3.33	16
14.35	3.62	16
28.21	4.67	16
54.24	9.51	16
101.92	14.35	16
182.1	24.89	16
311.03	42.35	16
480.4	71.17	16
605.38	108.52	16
677.26	149.34	16
746.36	206.79	16
922.89	309.72	16
1238.12	514.9	16
1499.81	739.4	16
1792.23	956.46	16
2134.31	1185.63	16
2425.88	1380.48	16
2656.13	1596.73	16
2866.05	1796.42	16
2994.3	1961.11	16
0.28	0.27	16
0.32	0.29	16
0.4	0.39	16
0.62	0.63	16
0.93	0.96	16
1.69	1.33	16
3.24	1.92	16
6.12	3.63	16
12.01	5.02	16
23.53	3.93	16
45.78	7.75	16
87.48	12.9	16
163.67	20.12	16
275.26	36.98	16
455.38	61.75	16
634.45	96.04	16
728.82	142.78	16
880.01	224.28	16
1162.52	380.95	16
1715.5	694.86	16
2261.6	1015.93	16
2822.58	1343.38	16
3395.2	1613.55	16
3984.79	1900.97	16
4458.59	2228.24	16
4892.37	2476.58	16
5292.8	2750.78	16
0.31	0.26	16
0.31	0.3	16
0.36	0.43	16
0.65	0.68	16
1.09	1.03	16
2.03	1.68	16
3.7	2.56	16
7.18	3.34	16
13.38	5.17	16
26.88	4.49	16
51.66	8.27	16
96.69	13.18	16
179.56	23.01	16
300.84	39.75	16
454.32	63.65	16
570.97	95.65	16
637.6	131.18	16
723.15	180.63	16
868.96	281.24	16
1210.68	483.18	16
1490.59	688.6	16
1786.98	883.6	16
2119.2	1097.81	16
2440.71	1295.93	16
2635.77	1511.79	16
2855.88	1688.24	16
2987.14	1876.21	16
0.45	0.4	17
0.68	0.65	17
1.13	1.06	17
1.96	1.7	17
3.34	3.24	17
6.02	5.93	17
11.86	11.08	17
23.87	10.82	17
46.07	12.26	17
93.04	19.05	17
179.19	29.2	17
344.54	44.29	17
649.08	74.46	17
1194.42	147.53	17
2030.53	267.39	17
3036.65	491.29	17
3626.32	871.1	17
3929.57	1334.24	17
4421.59	1778.21	17
5238.28	2480.87	17
5933.83	3115.2	17
6551.19	3763.22	17
7211.48	4394.05	17
7766.05	4949.04	17
8307.07	5508.14	17
8840.66	6034.4	17
9334.14	6521.84	17
0.44	0.45	17
0.59	0.55	17
0.97	1.06	17
1.66	1.6	17
3.36	3.52	17
6.51	4.9	17
12.8	9.31	17
25.4	13.09	17
49.29	17.69	17
97.49	40.67	17
194.08	81.75	17
382.23	248.04	17
745.49	645.43	17
1434.95	1300.3	17
2679.81	2620.82	17
4816.22	4770.59	17
8000.33	7895.5	17
10640.36	10595.92	17
11575.94	11495.46	17
13155.16	13069.52	17
14350.59	14339.11	17
15552.03	15372.98	17
16593.61	16559.59	17
17680.7	17648.12	17
18594.24	18557.64	17
19513.69	19508.71	17
20206.39	20126.67	17
0.43	0.37	17
0.54	0.52	17
0.87	0.83	17
1.38	1.28	17
2.66	2.74	17
5.17	4.29	17
10.24	8.45	17
19.42	8.7	17
38.55	9.14	17
77.36	10.74	17
145.28	21.47	17
284.84	31.46	17
528.69	59.47	17
967.35	117.83	17
1681.09	209.13	17
2520.45	383.46	17
2994.81	673.2	17
3376.14	1040.3	17
3810.08	1412.75	17
4589.86	2022.76	17
5255.02	2629.94	17
5878.36	3243.58	17
6518.48	3842.38	17
7079.46	4429.36	17
7659.35	4955.82	17
8177.07	5514.64	17
8659.76	5930.54	17
0.45	0.34	17
0.62	0.56	17
1.04	0.86	17
1.82	1.69	17
3.29	3.18	17
6.34	3.84	17
12.6	10.28	17
24.31	13.2	17
47.12	20.04	17
93.49	47.29	17
182.79	106.25	17
361.7	248.5	17
709.45	683.21	17
1364.46	1287.38	17
2560.38	2522.62	17
4560.07	4528.01	17
7583.27	7409.96	17
9973.64	9950.11	17
10924.32	11180.9	17
12684.06	12671.88	17
13930.8	13866.5	17
15030.0	14946.35	17
16114.58	15983.87	17
17089.24	17012.69	17
17939.9	18304.66	17
19130.96	19205.48	17
19970.98	19820.95	17
0.53	0.44	18
0.69	0.63	18
1.12	1.03	18
1.8	1.84	18
3.61	3.15	18
6.96	3.3	18
13.76	10.37	18
27.1	15.87	18
53.99	25.24	18
106.66	44.87	18
211.58	163.78	18
417.57	358.9	18
819.51	760.49	18
1573.12	1539.93	18
2977.82	2889.71	18
5354.21	5334.19	18
8806.73	8697.69	18
11767.77	11494.57	18
12770.95	12747.95	18
14233.44	14232.72	18
15585.98	15569.87	18
16857.74	16729.71	18
17951.96	18078.13	18
19007.42	18970.61	18
19774.82	19691.69	18
20685.05	20538.46	18
21249.15	21247.94	18
0.53	0.45	18
0.67	0.7	18
1.08	1.01	18
1.87	1.71	18
3.53	3.51	18
6.45	5.4	18
13.07	8.91	18
25.35	9.95	18
50.12	15.0	18
101.03	18.79	18
197.41	22.35	18
377.28	43.51	18
714.82	85.18	18
1301.45	150.21	18
2221.75	279.9	18
3287.47	525.86	18
3944.0	910.84	18
4322.96	1399.62	18
4885.91	1847.08	18
5736.8	2563.08	18
6588.34	3170.24	18
7277.97	3803.68	18
7977.65	4412.32	18
8668.34	5043.8	18
9158.58	5693.85	18
9918.7	6388.3	18
10410.25	7018.3	18
0.42	0.34	18
0.55	0.51	18
0.79	0.79	18
1.4	1.26	18
2.52	2.52	18
4.93	3.73	18
9.76	6.0	18
19.0	10.63	18
38.19	13.95	18
74.37	34.23	18
145.83	113.42	18
287.67	267.76	18
561.75	511.06	18
1075.49	1039.75	18
2027.23	1962.92	18
3626.08	3580.18	18
5931.26	5894.56	18
7866.19	7876.35	18
8735.9	8711.65	18
10001.44	9920.39	18
11043.97	10997.51	18
12072.88	12069.98	18
13044.45	13039.57	18
13855.4	13783.91	18
14617.08	14757.09	18
15454.33	15420.64	18
16041.74	15972.45	18
0.53	0.4	18
0.56	0.65	18
0.92	1.07	18
1.88	1.76	18
3.39	3.04	18
6.26	4.95	18
12.02	9.14	18
23.37	11.65	18
47.05	8.91	18
90.71	18.69	18
180.22	27.14	18
343.77	46.65	18
668.3	76.92	18
1229.01	148.25	18
2079.4	271.31	18
3200.27	504.91	18
3839.33	874.45	18
4212.27	1332.42	18
4727.89	1735.81	18
5592.09	2398.39	18
6398.27	2979.65	18
7087.56	3576.74	18
7748.83	4191.51	18
8411.34	4798.46	18
8918.28	5407.65	18
9673.3	6053.97	18
10187.62	6713.71	18
0.49	0.43	19
0.61	0.52	19
0.97	0.99	19
1.79	1.79	19
3.23	2.46	19
6.08	6.27	19
11.91	11.7	19
24.34	12.16	19
47.98	12.86	19
92.85	15.65	19
183.0	28.17	19
353.26	46.76	19
683.1	78.29	19
1243.86	152.58	19
2121.43	284.02	19
3133.6	512.08	19
3771.6	890.89	19
4128.66	1371.72	19
4699.85	1820.86	19
5588.96	2528.02	19
6333.06	3128.54	19
7040.89	3746.4	19
7796.81	4368.29	19
8421.19	4994.84	19
9012.14	5635.32	19
9663.43	6279.18	19
10114.35	6946.26	19
0.5	0.43	19
0.61	0.74	19
1.12	1.07	19
1.86	1.8	19
3.39	3.64	19
6.51	6.89	19
13.15	8.4	19
26.43	11.01	19
50.87	19.3	19
101.79	29.28	19
202.58	112.57	19
397.14	363.66	19
780.96	559.17	19
1505.93	1345.3	19
2830.08	2634.17	19
5072.43	4908.61	19
8330.29	8266.86	19
11058.14	10906.35	19
12188.14	12064.04	19
13771.87	13496.38	19
15095.06	15011.24	19
16383.96	16348.67	19
17568.71	17450.04	19
18557.12	18413.24	19
19428.07	19327.2	19
20152.65	19953.48	19
20774.95	20638.86	19
0.4	0.36	19
0.58	0.5	19
0.83	0.74	19
1.52	1.39	19
2.63	2.02	19
4.98	4.66	19
9.89	2.92	19
19.38	9.25	19
38.8	14.27	19
75.44	13.65	19
148.56	22.67	19
292.89	37.76	19
552.94	67.96	19
997.84	118.28	19
1677.83	218.06	19
2513.44	388.62	19
3023.09	671.83	19
3379.79	1033.85	19
3921.89	1432.02	19
4709.32	2074.0	19
5424.7	2642.66	19
6046.62	3237.32	19
6781.61	3808.44	19
7374.8	4376.3	19
7975.49	5003.39	19
8617.44	5575.88	19
9052.48	6275.59	19
0.49	0.39	19
0.6	0.63	19
0.91	1.12	19
1.79	1.61	19
2.98	3.18	19
5.93	5.09	19
11.97	9.47	19
23.34	9.04	19
47.32	22.37	19
92.41	27.11	19
184.47	119.94	19
365.48	200.09	19
702.58	618.91	19
1359.54	1291.42	19
2540.14	2440.99	19
4549.15	4402.06	19
7427.32	7283.04	19
9841.71	9677.8	19
10883.59	10666.18	19
12145.44	12141.88	19
13345.97	13209.29	19
14454.59	14437.23	19
15668.12	15596.07	19
16613.58	16522.63	19
17363.27	17338.18	19
18143.73	17967.57	19
18687.75	18687.8	19
0.52	0.47	20
0.72	0.61	20
1.18	1.21	20
2.01	1.91	20
3.8	3.22	20
7.08	6.83	20
14.27	11.57	20
28.7	15.42	20
56.58	24.53	20
111.04	51.89	20
219.39	153.53	20
433.86	308.06	20
849.67	737.69	20
1631.8	1565.16	20
3024.78	2878.28	20
5501.18	5414.92	20
8920.67	8890.85	20
11945.92	11775.18	20
13010.14	12923.84	20
14644.14	14525.89	20
16209.32	16008.4	20
17141.3	17182.38	20
18658.95	18650.16	20
19801.87	19552.82	20
20862.99	20685.31	20
21771.2	21544.92	20
22449.1	22546.95	20
0.48	0.48	20
0.8	0.61	20
1.1	1.05	20
2.05	1.78	20
3.72	3.43	20
6.77	3.96	20
13.35	9.29	20
26.89	11.81	20
52.43	8.52	20
104.1	17.91	20
203.81	34.44	20
390.47	45.13	20
733.15	84.43	20
1324.59	154.3	20
2252.49	289.38	20
3352.5	528.54	20
3973.09	924.8	20
4346.26	1424.61	20
4889.61	1900.86	20
5718.79	2578.82	20
6455.84	3234.8	20
7096.43	3931.04	20
7724.58	4565.64	20
8350.69	5185.81	20
8859.46	5722.77	20
9391.47	6233.45	20
9842.94	6732.61	20
0.37	0.29	20
0.49	0.5	20
0.94	0.86	20
1.46	1.55	20
2.99	2.88	20
5.39	5.2	20
10.6	9.41	20
20.77	13.82	20
41.0	11.87	20
83.57	42.48	20
164.17	140.6	20
321.97	277.53	20
639.86	600.33	20
1216.52	1183.29	20
2266.2	2128.01	20
4029.09	4033.91	20
6603.62	6538.68	20
8851.31	8732.9	20
9772.45	9540.18	20
10899.68	10855.06	20
12083.81	12016.89	20
12932.73	13354.15	20
14580.38	14406.62	20
15512.94	15385.75	20
16381.68	16390.13	20
17059.13	17070.95	20
17811.33	17883.45	20
0.49	0.41	20
0.61	0.62	20
0.93	0.91	20
1.8	1.46	20
3.37	2.99	20
6.1	4.43	20
12.07	11.28	20
23.75	4.99	20
47.67	16.57	20
94.11	20.81	20
179.84	25.01	20
349.15	40.45	20
649.32	75.36	20
1190.94	139.59	20
1982.15	269.84	20
2970.22	483.93	20
3518.18	828.14	20
3863.79	1258.99	20
4388.35	1648.1	20
5171.05	2264.99	20
5842.22	2852.21	20
6462.0	3525.25	20
7133.33	4142.43	20
7736.28	4766.17	20
8254.57	5266.02	20
8774.68	5768.3	20
9293.95	6234.46	20
0.98	0.74	21
0.87	1.1	21
1.24	1.77	21
1.75	1.63	21
1.14	2.14	21
1.58	1.87	21
2.33	2.03	21
2.83	2.43	21
2.31	2.43	21
3.41	3.39	21
4.88	4.4	21
7.42	9.09	21
11.6	14.01	21
20.95	25.18	21
37.81	44.98	21
70.84	87.75	21
137.66	171.55	21
265.97	336.74	21
391.53	492.26	21
517.8	786.13	21
657.55	812.92	21
765.41	780.35	21
888.85	899.06	21
1023.23	1289.1	21
1141.28	1511.58	21
1.1	0.9	21
1.38	1.89	21
2.08	1.62	21
2.05	2.31	21
2.43	2.13	21
2.77	2.89	21
3.65	2.73	21
4.32	3.25	21
6.77	7.54	21
11.14	9.74	21
20.46	16.59	21
37.37	38.1	21
75.35	75.69	21
148.42	148.31	21
292.92	295.22	21
583.58	489.38	21
1159.66	977.39	21
2251.72	1901.3	21
3338.6	2804.77	21
4431.03	4433.41	21
5508.15	4631.91	21
6605.52	6613.07	21
7688.68	6478.34	21
8784.88	7374.17	21
9856.51	8294.56	21
0.82	0.7	21
0.72	0.83	21
1.1	1.29	21
1.17	1.07	21
1.66	1.75	21
1.6	1.68	21
1.88	2.09	21
2.19	2.18	21
2.53	2.62	21
3.22	3.01	21
4.57	4.92	21
6.86	8.42	21
11.78	13.73	21
20.14	23.58	21
37.76	52.28	21
69.6	85.96	21
137.86	193.06	21
265.87	411.49	21
393.14	398.84	21
513.77	525.43	21
644.96	797.99	21
764.48	977.87	21
898.61	1123.57	21
1041.96	1031.28	21
1147.64	1419.07	21
1.06	1.05	21
1.44	1.55	21
1.69	1.36	21
2.4	1.66	21
2.58	2.43	21
2.35	2.18	21
2.6	2.75	21
3.85	3.28	21
6.57	6.1	21
11.4	10.47	21
20.84	20.67	21
37.1	33.17	21
71.14	74.06	21
144.98	142.76	21
284.62	195.83	21
563.27	561.64	21
1119.34	950.79	21
2175.85	2174.3	21
3223.44	3225.67	21
4278.95	4275.46	21
5316.69	4519.27	21
6374.64	4360.32	21
7436.78	7418.64	21
8483.89	8474.78	21
9524.07	8080.81	21
1.24	1.12	22
1.44	1.33	22
1.56	1.86	22
1.96	2.66	22
2.25	2.17	22
2.59	2.3	22
2.54	2.76	22
2.61	3.2	22
3.77	3.92	22
5.0	5.47	22
7.02	7.26	22
12.32	13.99	22
21.14	22.34	22
38.81	45.35	22
74.97	72.87	22
142.39	144.09	22
281.83	312.78	22
541.62	543.54	22
803.78	987.76	22
1074.99	1309.97	22
1322.46	1636.72	22
1585.27	1954.85	22
1844.25	1858.58	22
2100.84	2102.84	22
2359.87	2636.7	22
0.86	0.73	22
1.09	0.89	22
1.42	1.36	22
1.66	1.29	22
1.44	2.02	22
1.75	2.39	22
2.71	2.17	22
3.6	3.47	22
5.86	4.53	22
9.36	10.54	22
18.72	18.05	22
34.24	22.96	22
67.18	66.82	22
128.78	106.82	22
256.98	169.54	22
502.68	503.71	22
994.61	831.14	22
1927.73	1931.13	22
2830.84	2858.57	22
3743.43	3116.4	22
4672.61	4671.23	22
5610.83	3728.65	22
6537.29	4347.64	22
7471.96	7489.98	22
8400.59	5567.77	22
0.8	0.8	22
1.35	1.16	22
1.62	1.54	22
1.87	1.82	22
1.66	1.96	22
1.98	2.6	22
2.48	2.14	22
2.89	2.99	22
3.31	3.38	22
4.52	4.46	22
7.05	6.98	22
11.56	12.61	22
19.76	20.21	22
36.2	37.39	22
68.68	68.44	22
132.45	179.57	22
264.79	261.27	22
510.08	567.15	22
749.98	836.13	22
990.18	1226.17	22
1236.49	1392.47	22
1473.29	1644.7	22
1719.27	1744.46	22
1957.29	2261.76	22
2200.97	2209.88	22
0.72	0.81	22
0.95	1.1	22
1.22	1.61	22
1.23	1.71	22
2.03	2.15	22
2.14	1.97	22
2.75	3.05	22
2.95	3.38	22
5.08	4.86	22
8.79	8.55	22
16.44	11.87	22
32.59	31.66	22
61.07	52.34	22
119.79	80.43	22
237.13	238.04	22
466.14	391.14	22
930.21	926.0	22
1795.65	894.43	22
2645.41	2654.83	22
3494.21	2909.19	22
4348.67	4348.92	22
5210.92	5221.19	22
6113.19	6091.53	22
6949.06	6983.8	22
7808.55	7807.0	22
0.8	0.82	23
1.22	1.14	23
1.44	1.33	23
1.82	1.96	23
1.84	1.47	23
2.57	2.22	23
3.34	2.31	23
4.34	3.19	23
6.31	6.59	23
10.63	7.87	23
19.78	16.25	23
36.32	31.98	23
73.02	61.46	23
144.37	121.27	23
281.42	237.35	23
558.22	377.8	23
1057.8	1043.48	23
1999.03	1327.57	23
2946.61	2933.54	23
3900.24	2602.42	23
4826.78	4839.88	23
5788.83	4830.12	23
6723.74	4435.25	23
7540.19	7512.61	23
8378.74	8347.56	23
1.17	1.09	23
1.62	1.73	23
2.34	1.7	23
2.31	1.93	23
2.42	2.22	23
2.56	2.21	23
3.15	3.08	23
3.09	3.21	23
4.31	4.25	23
5.52	5.61	23
7.58	8.63	23
13.03	12.76	23
20.9	21.27	23
38.46	46.3	23
73.36	81.18	23
142.29	175.9	23
279.22	278.99	23
538.41	606.05	23
801.05	896.34	23
1060.86	1310.07	23
1316.36	1479.0	23
1584.01	1780.87	23
1844.62	1845.33	23
2100.63	2594.76	23
2350.58	2638.62	23
0.65	0.69	23
0.88	0.78	23
1.1	1.34	23
1.3	1.2	23
1.61	1.23	23
2.23	2.02	23
2.17	2.62	23
3.04	2.83	23
5.52	4.63	23
7.77	8.12	23
15.33	14.7	23
28.14	23.59	23
53.38	53.95	23
105.73	88.69	23
210.21	209.81	23
403.34	268.57	23
799.45	658.22	23
1542.86	1277.03	23
2278.29	1074.05	23
3009.22	2498.96	23
3759.94	3085.26	23
4483.21	4504.3	23
5230.84	4315.35	23
5984.7	5978.81	23
6716.03	5520.98	23
1.17	0.88	23
1.4	1.41	23
1.64	1.87	23
2.6	2.27	23
2.38	2.28	23
2.61	2.98	23
2.9	2.52	23
3.06	3.24	23
3.6	3.87	23
4.77	5.06	23
7.11	7.9	23
11.66	12.19	23
20.28	19.46	23
36.81	36.71	23
68.45	83.77	23
134.27	133.32	23
261.05	292.54	23
502.3	505.78	23
747.26	834.58	23
993.45	1104.37	23
1234.16	1375.39	23
1477.93	1474.39	23
1717.03	1722.69	23
1962.61	1977.41	23
2201.44	2464.02	23
0.92	0.81	24
1.19	1.44	24
1.75	1.63	24
2.07	2.08	24
2.37	1.98	24
2.01	2.46	24
2.69	2.72	24
3.63	2.84	24
5.7	6.36	24
9.62	10.14	24
18.56	18.17	24
33.77	23.66	24
67.62	68.42	24
134.49	111.37	24
266.84	224.15	24
524.4	540.58	24
1068.35	1070.55	24
2076.26	2077.95	24
3081.55	2556.97	24
4087.21	4092.22	24
5176.67	5172.71	24
6271.26	6278.57	24
7377.06	7373.96	24
8475.47	8515.48	24
9564.48	8058.62	24
0.91	0.79	24
1.25	1.0	24
1.51	1.0	24
1.58	1.11	24
1.4	1.58	24
1.77	1.8	24
2.04	1.84	24
2.19	1.85	24
2.83	2.78	24
2.73	3.5	24
4.16	4.11	24
7.17	8.08	24
11.74	14.06	24
20.36	21.47	24
38.01	45.13	24
69.77	89.19	24
138.47	139.45	24
268.22	465.66	24
395.24	497.55	24
525.96	525.46	24
650.37	646.78	24
771.69	774.54	24
899.53	905.1	24
1020.36	1062.15	24
1144.2	1466.07	24
0.89	0.75	24
1.23	1.25	24
1.54	1.36	24
1.63	1.72	24
1.79	1.9	24
2.15	1.83	24
2.39	2.14	24
3.44	3.27	24
5.11	4.16	24
8.88	7.85	24
16.13	16.2	24
30.54	25.65	24
58.95	49.26	24
115.77	116.67	24
228.27	192.8	24
450.95	453.97	24
896.17	896.27	24
1748.62	1156.19	24
2605.39	2605.59	24
3451.87	2863.44	24
4394.31	3635.55	24
5330.82	5325.37	24
6289.05	5254.97	24
7261.16	6034.46	24
8203.99	6842.88	24
0.71	0.67	24
0.93	1.1	24
1.09	1.23	24
1.17	1.67	24
1.77	1.46	24
1.49	1.61	24
1.76	1.9	24
2.09	2.26	24
2.38	2.66	24
3.16	3.58	24
4.16	5.19	24
6.89	6.98	24
11.34	14.76	24
20.67	21.05	24
37.39	45.49	24
69.58	71.12	24
137.38	170.06	24
264.15	269.92	24
391.58	595.97	24
514.82	642.0	24
642.99	1099.78	24
770.82	1182.89	24
891.94	908.39	24
1019.9	1029.38	24
1144.42	1410.39	24
0.56	0.49	25
0.6	0.56	25
0.66	0.69	25
0.73	0.68	25
0.92	0.87	25
0.94	1.1	25
1.69	1.68	25
2.16	2.12	25
3.35	3.43	25
5.24	5.44	25
8.65	9.4	25
15.12	16.3	25
27.93	30.66	25
52.22	55.25	25
96.14	103.55	25
192.09	203.0	25
369.01	379.64	25
543.55	569.91	25
713.18	746.13	25
896.84	926.57	25
1071.48	1130.43	25
1241.18	1286.46	25
1417.31	1476.07	25
1593.93	1650.19	25
0.65	0.65	25
0.73	0.81	25
0.88	0.92	25
1.59	1.26	25
2.36	1.66	25
3.93	2.68	25
8.16	3.83	25
14.06	6.57	25
29.45	12.54	25
58.83	23.68	25
115.89	43.44	25
227.67	87.16	25
456.65	170.63	25
899.68	340.57	25
1802.95	672.92	25
3588.44	1351.45	25
6959.32	2631.25	25
10342.92	3904.3	25
13718.01	5173.61	25
17058.25	6424.49	25
20237.74	7675.11	25
23498.97	8898.51	25
26694.54	10087.24	25
29824.87	11251.19	25
0.43	0.39	25
0.43	0.5	25
0.57	0.64	25
0.61	0.63	25
0.86	0.89	25
0.99	1.13	25
1.46	1.4	25
1.85	1.72	25
3.14	2.99	25
5.02	4.68	25
9.05	7.39	25
15.02	13.04	25
28.11	23.66	25
51.43	43.26	25
98.93	82.13	25
191.86	152.5	25
370.15	286.69	25
548.39	425.02	25
718.4	554.72	25
890.78	658.65	25
1065.68	792.31	25
1245.79	925.92	25
1410.89	1061.07	25
1589.79	1197.35	25
0.57	0.45	25
0.71	0.76	25
0.93	0.99	25
1.24	1.4	25
1.95	1.76	25
3.44	2.6	25
7.01	4.01	25
13.73	5.83	25
26.36	11.03	25
51.58	21.63	25
101.63	41.59	25
195.97	75.91	25
388.15	155.71	25
788.8	303.22	25
1536.64	564.42	25
3073.47	1137.63	25
5762.86	2128.0	25
8579.56	3134.5	25
11384.38	4162.51	25
13928.07	5073.1	25
16702.56	6223.75	25
19343.02	7003.96	25
21545.6	7749.27	25
24297.41	8686.32	25
0.59	0.53	26
0.67	0.65	26
0.78	0.86	26
1.07	1.08	26
1.5	1.22	26
1.87	1.71	26
2.5	2.4	26
3.11	3.39	26
4.97	5.19	26
8.54	8.15	26
13.21	14.08	26
24.99	27.38	26
47.26	47.93	26
91.94	93.33	26
177.61	184.37	26
349.98	368.58	26
677.12	711.6	26
1005.26	1045.08	26
1332.96	1390.12	26
1663.8	1727.91	26
1983.79	2084.35	26
2314.83	2407.14	26
2638.13	2751.0	26
2956.69	3088.87	26
0.47	0.44	26
0.6	0.52	26
0.79	0.73	26
1.21	1.17	26
1.92	1.48	26
2.86	1.64	26
5.9	2.38	26
11.3	3.9	26
22.16	7.22	26
42.89	12.25	26
86.1	23.29	26
170.37	45.35	26
340.74	89.47	26
671.26	175.35	26
1343.84	347.97	26
2686.98	692.63	26
5235.01	1353.28	26
7779.8	2008.79	26
10293.09	2656.34	26
12829.81	3312.79	26
15226.6	3905.12	26
17446.76	4455.94	26
19527.73	5022.5	26
21634.69	5572.97	26
0.44	0.42	26
0.53	0.57	26
0.67	0.71	26
0.84	0.75	26
1.22	1.0	26
1.35	1.9	26
2.14	2.03	26
3.06	2.6	26
4.41	4.0	26
7.56	7.33	26
12.62	12.57	26
23.7	23.02	26
44.86	42.05	26
87.1	83.71	26
168.23	158.1	26
327.95	311.3	26
633.14	581.26	26
942.0	866.44	26
1247.89	1126.36	26
1556.14	1431.03	26
1855.39	1693.54	26
2163.66	1963.14	26
2468.72	2234.55	26
2777.68	2527.25	26
0.49	0.44	26
0.55	0.52	26
0.76	0.76	26
1.05	1.15	26
1.81	1.75	26
2.9	1.74	26
5.74	2.58	26
10.92	4.19	26
20.49	7.03	26
41.13	12.1	26
84.03	24.42	26
155.1	46.86	26
320.9	87.78	26
641.5	181.04	26
1275.54	338.06	26
2486.15	664.45	26
4817.0	1284.11	26
7144.37	1893.91	26
9291.2	2447.06	26
11498.65	3045.06	26
13371.0	3556.57	26
15275.63	4024.78	26
17085.08	4470.15	26
18935.68	4892.45	26
0.48	0.4	27
0.59	0.44	27
0.68	0.72	27
0.94	1.02	27
1.85	2.03	27
3.04	2.08	27
5.61	2.34	27
10.44	3.52	27
20.29	5.95	27
38.73	10.76	27
75.35	20.5	27
147.82	39.53	27
300.93	76.38	27
587.6	147.07	27
1126.32	289.67	27
2259.1	580.65	27
4604.09	1205.01	27
7038.25	1788.58	27
9401.65	2413.57	27
11711.11	3008.05	27
14115.06	3636.35	27
16518.03	4375.26	27
19498.72	5009.98	27
21915.11	5603.64	27
0.58	0.45	27
0.55	0.59	27
0.66	0.85	27
1.03	1.08	27
1.28	1.32	27
1.75	1.82	27
2.15	2.59	27
3.06	3.13	27
4.56	5.14	27
7.85	7.83	27
14.41	15.14	27
25.7	27.0	27
48.11	48.63	27
94.96	98.78	27
183.04	189.22	27
363.77	379.25	27
705.41	736.69	27
1059.49	1094.69	27
1413.03	1457.11	27
1755.64	1817.7	27
2112.72	2178.6	27
2492.65	2571.13	27
2834.38	2933.39	27
3211.03	3317.8	27
0.39	0.41	27
0.44	0.44	27
0.64	0.66	27
0.82	0.88	27
1.51	1.4	27
2.35	1.36	27
4.96	2.48	27
9.04	3.12	27
17.07	5.44	27
33.19	9.81	27
61.72	17.9	27
122.93	34.72	27
244.26	71.77	27
488.47	131.52	27
989.59	267.98	27
1956.44	513.39	27
3812.7	996.15	27
5643.54	1472.26	27
7376.42	1951.88	27
9063.69	2403.74	27
10893.78	2812.48	27
12445.87	3243.03	27
14191.46	3643.85	27
15735.85	4085.84	27
0.49	0.47	27
0.62	0.58	27
0.66	0.73	27
0.78	0.92	27
1.08	1.21	27
1.43	1.42	27
2.42	2.28	27
3.4	2.4	27
4.65	4.71	27
7.8	7.41	27
13.58	12.94	27
24.33	23.64	27
45.21	43.62	27
86.62	83.72	27
169.03	162.4	27
336.9	327.95	27
652.96	605.46	27
966.63	897.09	27
1288.56	1188.41	27
1601.23	1470.03	27
1921.01	1787.71	27
2262.65	2051.99	27
2593.86	2380.21	27
2929.29	2717.51	27
0.61	0.46	28
0.61	0.66	28
0.81	0.98	28
1.24	0.97	28
2.12	1.54	28
3.68	1.93	28
6.93	3.28	28
13.32	5.88	28
24.39	10.14	28
49.27	17.67	28
100.28	37.04	28
194.48	70.46	28
383.87	140.06	28
756.54	273.8	28
1529.96	564.87	28
3168.33	1173.97	28
6259.97	2315.47	28
9481.28	3532.01	28
12733.16	4730.98	28
16069.17	5896.5	28
19209.21	7195.91	28
22539.87	8421.43	28
25716.02	9579.66	28
28813.05	10776.63	28
0.53	0.36	28
0.63	0.6	28
0.59	0.7	28
0.7	0.62	28
0.84	0.9	28
1.03	1.13	28
1.47	1.62	28
2.05	2.11	28
3.15	3.32	28
5.27	5.33	28
9.11	8.97	28
15.39	15.2	28
28.04	28.87	28
52.08	56.28	28
97.31	100.74	28
190.45	199.01	28
363.6	383.32	28
538.74	564.77	28
716.36	746.1	28
889.31	920.95	28
1064.87	1093.84	28
1236.06	1284.03	28
1405.34	1462.19	28
1580.1	1638.8	28
0.44	0.37	28
0.52	0.54	28
0.76	0.72	28
1.05	0.93	28
1.56	1.39	28
2.7	1.56	28
5.42	2.83	28
10.42	4.67	28
20.22	7.41	28
38.87	13.98	28
76.65	26.54	28
151.04	52.97	28
301.27	103.62	28
602.84	206.29	28
1199.03	408.83	28
2390.87	810.12	28
4661.85	1577.1	28
6930.99	2327.65	28
9047.42	3001.83	28
11490.92	3898.83	28
13604.73	4579.13	28
15794.49	5241.27	28
17874.84	5958.14	28
20104.58	6681.01	28
0.48	0.44	28
0.6	0.52	28
0.55	0.54	28
0.69	0.79	28
0.82	1.02	28
0.97	1.0	28
1.42	1.46	28
2.04	1.78	28
3.05	3.11	28
5.32	4.65	28
9.11	7.44	28
14.67	12.41	28
26.97	22.34	28
52.07	40.62	28
99.1	73.5	28
189.06	144.41	28
362.38	284.42	28
543.21	400.41	28
717.25	533.78	28
887.02	673.44	28
1059.71	796.17	28
1227.98	946.58	28
1402.05	1045.34	28
1585.9	1165.92	28
0.28	0.35	29
0.36	0.37	29
0.44	0.46	29
0.61	0.56	29
0.92	1.07	29
1.48	1.1	29
2.36	1.67	29
2.25	2.98	29
2.25	2.55	29
3.47	3.48	29
3.96	2.87	29
3.64	3.67	29
4.0	3.64	29
5.04	4.92	29
5.97	7.45	29
8.54	11.49	29
13.42	15.85	29
22.2	38.39	29
41.34	51.28	29
79.96	99.57	29
152.43	192.84	29
287.12	450.92	29
419.6	672.17	29
560.41	724.85	29
701.35	693.5	29
822.79	1317.58	29
969.28	1264.24	29
1093.63	2077.43	29
1242.54	1968.16	29
0.3	0.3	29
0.38	0.42	29
0.46	0.46	29
0.65	0.69	29
0.92	0.89	29
1.3	1.22	29
2.21	2.14	29
2.43	3.21	29
3.33	2.61	29
4.08	3.52	29
5.05	4.49	29
5.29	4.98	29
7.11	7.77	29
11.22	7.45	29
20.26	13.44	29
36.13	36.18	29
69.88	45.47	29
137.23	115.35	29
272.06	181.51	29
542.21	541.23	29
1079.99	905.09	29
2102.6	1376.69	29
3191.07	2615.08	29
4367.95	3578.35	29
5563.89	3649.52	29
6756.13	5648.5	29
7948.9	3888.22	29
9151.09	7636.95	29
10339.09	8630.28	29
0.24	0.25	29
0.31	0.28	29
0.37	0.38	29
0.54	0.52	29
0.83	0.8	29
1.26	1.2	29
1.71	1.86	29
2.34	2.31	29
3.05	2.22	29
2.51	3.09	29
3.11	2.87	29
3.35	3.58	29
3.73	3.17	29
4.58	4.93	29
5.62	7.25	29
8.71	8.54	29
13.21	16.44	29
23.11	39.19	29
41.91	70.3	29
78.01	116.59	29
152.05	240.74	29
287.64	432.58	29
420.23	535.97	29
559.58	714.66	29
688.76	700.36	29
839.12	1048.63	29
965.24	1256.44	29
1098.2	1417.71	29
1237.91	1567.46	29
0.26	0.29	29
0.39	0.35	29
0.38	0.45	29
0.64	0.67	29
0.92	0.84	29
1.29	1.3	29
1.7	1.78	29
2.18	2.19	29
3.46	3.4	29
3.3	3.41	29
3.86	3.23	29
4.47	4.56	29
6.58	6.26	29
10.77	11.24	29
19.16	16.12	29
33.52	28.98	29
68.0	55.37	29
131.8	109.83	29
262.6	218.6	29
522.03	345.29	29
1044.85	688.09	29
2024.97	987.68	29
3076.34	2034.27	29
4219.76	2775.5	29
5374.92	3531.27	29
6526.17	6528.82	29
7692.36	6362.79	29
8836.72	7352.67	29
9980.13	6550.4	29
0.33	0.27	30
0.33	0.35	30
0.45	0.42	30
0.63	0.6	30
0.9	0.94	30
1.42	1.48	30
1.75	2.23	30
2.78	3.26	30
2.64	3.93	30
3.0	2.71	30
3.71	4.09	30
4.23	3.94	30
4.59	5.13	30
5.74	5.56	30
7.75	10.09	30
12.96	15.9	30
21.64	26.37	30
39.22	40.2	30
75.22	87.1	30
146.48	187.01	30
288.69	334.38	30
560.14	648.54	30
826.44	1075.09	30
1106.36	1263.56	30
1375.5	1567.48	30
1632.01	2129.03	30
1931.69	2188.28	30
2172.41	2546.23	30
2457.05	2474.25	30
0.29	0.26	30
0.27	0.35	30
0.37	0.37	30
0.66	0.54	30
0.83	0.9	30
1.32	1.18	30
1.9	2.11	30
3.13	3.06	30
3.67	3.22	30
3.67	3.52	30
3.63	3.32	30
5.13	4.19	30
7.74	5.97	30
10.43	9.62	30
19.11	13.09	30
36.87	30.05	30
67.22	56.6	30
129.88	108.65	30
255.81	124.41	30
502.65	414.95	30
993.64	653.13	30
1929.61	1598.3	30
2860.63	2372.78	30
3777.79	3126.52	30
4700.21	4683.9	30
5615.08	4652.5	30
6586.61	6577.05	30
7607.38	5001.6	30
8636.77	4200.44	30
0.28	0.26	30
0.29	0.28	30
0.41	0.41	30
0.56	0.52	30
1.02	0.78	30
1.43	1.05	30
1.97	1.77	30
2.71	2.32	30
2.56	2.86	30
2.9	2.95	30
3.32	2.89	30
3.16	3.62	30
4.18	4.6	30
5.56	5.58	30
7.42	8.41	30
11.76	12.37	30
20.13	26.87	30
36.72	53.55	30
72.02	71.11	30
136.37	185.56	30
268.81	311.16	30
522.49	598.67	30
775.37	877.98	30
1021.47	1199.88	30
1273.68	1644.5	30
1526.06	1749.42	30
1775.32	2308.21	30
2026.4	2038.47	30
2288.94	2999.7	30
0.29	0.27	30
0.35	0.32	30
0.39	0.37	30
0.59	0.57	30
0.78	0.87	30
1.57	1.69	30
1.87	2.1	30
3.16	2.09	30
3.39	3.29	30
3.52	3.47	30
4.08	3.9	30
5.08	3.74	30
7.21	5.72	30
11.56	9.88	30
18.77	16.36	30
33.59	29.08	30
65.41	55.17	30
125.47	105.0	30
248.41	206.35	30
485.34	488.56	30
960.37	958.97	30
1799.51	1165.63	30
2639.81	2188.93	30
3471.86	2290.64	30
4422.58	3619.51	30
5307.68	4355.38	30
6189.87	5080.74	30
7186.12	6096.62	30
8375.14	4085.98	30
0.29	0.33	31
0.34	0.33	31
0.39	0.47	31
0.63	0.57	31
1.08	0.94	31
1.7	1.25	31
2.34	1.81	31
2.3	3.11	31
3.5	3.49	31
4.01	3.74	31
3.31	4.03	31
5.32	4.36	31
7.05	7.28	31
9.98	8.44	31
18.55	15.45	31
32.98	17.38	31
65.24	53.56	31
128.43	107.16	31
251.72	165.75	31
499.71	330.24	31
997.39	656.43	31
1943.56	1282.63	31
2885.91	1408.66	31
3833.47	1870.82	31
4775.31	4788.8	31
5712.09	4730.52	31
6589.45	3198.53	31
7471.52	6196.46	31
8435.19	5524.62	31
0.32	0.26	31
0.34	0.32	31
0.45	0.45	31
0.69	0.6	31
1.0	0.85	31
1.47	1.63	31
1.93	1.84	31
3.08	2.79	31
2.53	4.04	31
3.51	3.13	31
2.8	3.48	31
4.08	4.3	31
4.76	4.45	31
6.17	6.14	31
7.93	8.77	31
12.83	15.01	31
20.97	27.48	31
39.44	45.57	31
74.71	96.33	31
145.68	164.28	31
284.73	367.84	31
553.48	637.22	31
826.81	1075.15	31
1101.4	1265.09	31
1369.22	1778.07	31
1643.01	1892.72	31
1911.39	2484.55	31
2188.06	2524.82	31
2465.65	2833.24	31
0.25	0.24	31
0.29	0.33	31
0.37	0.38	31
0.53	0.54	31
0.88	0.77	31
1.35	1.34	31
1.89	1.37	31
2.1	2.17	31
3.17	2.75	31
3.28	2.52	31
3.65	3.24	31
4.55	4.04	31
5.8	6.42	31
8.26	6.36	31
16.16	13.04	31
28.95	23.64	31
53.67	26.21	31
104.37	68.11	31
202.59	131.91	31
402.29	403.17	31
800.24	803.54	31
1567.94	1287.62	31
2323.21	1477.23	31
3080.34	1960.05	31
3842.74	3999.54	31
4786.75	4122.82	31
5753.1	3814.1	31
6565.22	6572.3	31
7420.31	5991.6	31
0.31	0.27	31
0.3	0.31	31
0.42	0.43	31
0.58	0.64	31
1.14	0.98	31
1.43	1.68	31
1.59	2.17	31
2.64	2.87	31
3.13	3.38	31
3.21	3.04	31
3.69	3.09	31
4.26	4.11	31
4.23	4.53	31
5.59	6.49	31
8.16	8.65	31
12.94	15.08	31
22.82	21.41	31
39.87	41.58	31
74.64	90.42	31
145.31	201.4	31
285.86	323.39	31
555.18	642.46	31
828.17	1042.66	31
1095.92	1340.87	31
1386.66	1380.82	31
1647.9	1853.42	31
1907.11	1915.66	31
2189.1	2777.92	31
2460.97	2476.37	31
0.28	0.29	32
0.34	0.33	32
0.43	0.35	32
0.59	0.7	32
0.91	0.95	32
1.4	1.44	32
2.47	2.2	32
3.22	2.22	32
2.86	3.38	32
3.46	3.54	32
4.46	3.14	32
4.81	4.72	32
6.79	6.81	32
11.29	10.38	32
20.34	14.58	32
37.26	20.17	32
68.44	47.27	32
135.31	90.37	32
264.72	218.74	32
522.58	433.13	32
1035.54	859.7	32
2008.27	2007.19	32
2970.65	1455.8	32
3935.52	3268.95	32
4915.2	3238.21	32
5869.43	4864.98	32
6821.14	4508.21	32
7793.62	6474.26	32
8778.63	7267.77	32
0.29	0.21	32
0.32	0.28	32
0.43	0.41	32
0.72	0.63	32
1.15	0.91	32
1.41	1.25	32
1.8	1.91	32
2.44	2.72	32
2.66	1.73	32
3.1	3.15	32
3.32	3.67	32
3.98	3.5	32
4.17	4.66	32
4.65	4.91	32
6.27	6.31	32
9.0	9.61	32
12.45	16.47	32
23.02	34.18	32
40.98	52.08	32
76.89	98.47	32
147.55	190.22	32
283.46	455.6	32
421.98	568.73	32
573.41	888.41	32
693.37	902.23	32
827.69	1326.36	32
964.41	1834.65	32
1098.65	1103.26	32
1232.8	1277.52	32
0.25	0.23	32
0.26	0.26	32
0.36	0.35	32
0.48	0.52	32
0.77	0.75	32
1.21	1.31	32
1.77	1.77	32
2.0	1.96	32
2.58	2.73	32
3.08	3.11	32
3.94	3.39	32
3.96	3.81	32
6.27	5.31	32
10.67	7.74	32
17.48	17.49	32
32.04	26.76	32
60.29	39.78	32
116.52	98.2	32
229.22	149.88	32
453.58	375.07	32
899.34	899.84	32
1747.54	1438.79	32
2599.75	2134.42	32
3444.03	2843.33	32
4293.22	1996.39	32
5159.67	2379.54	32
5997.41	3872.02	32
6845.36	4415.55	32
7696.09	3597.72	32
0.28	0.25	32
0.3	0.26	32
0.38	0.35	32
0.55	0.55	32
1.03	0.86	32
1.12	1.47	32
1.58	1.5	32
2.02	2.77	32
3.39	3.12	32
4.29	3.09	32
2.96	3.22	32
3.81	3.67	32
3.6	3.52	32
5.05	5.12	32
5.32	6.89	32
8.49	10.62	32
14.16	15.19	32
22.26	30.5	32
40.15	51.25	32
77.99	124.87	32
150.0	190.27	32
286.9	432.53	32
426.95	425.37	32
560.07	863.23	32
694.83	900.86	32
827.54	1295.04	32
981.11	1499.52	32
1093.95	1436.91	32
1228.53	2230.4	32
0.37	0.31	33
0.39	0.48	33
0.56	0.58	33
0.86	0.79	33
1.24	0.98	33
2.28	1.41	33
3.85	1.71	33
4.94	1.73	33
5.79	2.8	33
6.57	3.51	33
6.75	3.85	33
7.82	5.99	33
10.77	8.53	33
16.67	15.19	33
26.55	26.64	33
47.09	48.47	33
85.54	91.22	33
159.54	172.58	33
235.55	253.93	33
307.26	337.82	33
383.04	415.66	33
455.18	496.89	33
530.82	577.25	33
605.12	660.25	33
680.28	744.27	33
0.47	0.31	33
0.42	0.39	33
0.51	0.54	33
0.85	0.83	33
1.44	1.04	33
2.38	1.39	33
3.96	1.55	33
6.18	2.35	33
9.1	3.12	33
10.86	4.12	33
16.6	6.31	33
28.27	11.51	33
46.85	19.08	33
89.54	36.41	33
170.8	66.47	33
327.68	128.81	33
642.34	248.32	33
1236.72	476.09	33
1810.33	694.89	33
2402.53	916.0	33
2985.6	1138.25	33
3575.44	1367.55	33
4167.62	1592.97	33
4755.87	1808.3	33
5375.32	2037.12	33
0.33	0.3	33
0.32	0.33	33
0.54	0.42	33
0.79	0.68	33
1.08	0.94	33
1.83	1.85	33
3.39	1.67	33
5.25	1.78	33
5.98	2.83	33
5.41	3.08	33
7.89	3.77	33
7.75	5.42	33
11.09	8.88	33
16.1	14.11	33
25.98	24.78	33
46.07	48.48	33
86.6	87.22	33
159.28	163.11	33
237.88	234.21	33
307.78	309.19	33
384.08	389.72	33
453.83	463.45	33
529.5	532.89	33
605.28	605.45	33
673.54	677.31	33
0.4	0.31	33
0.39	0.3	33
0.5	0.51	33
0.74	0.68	33
1.26	0.8	33
1.98	1.35	33
3.34	2.23	33
5.42	2.04	33
7.93	2.82	33
9.67	3.98	33
15.58	6.4	33
25.32	10.79	33
45.24	17.76	33
81.84	33.69	33
157.95	62.08	33
302.71	120.41	33
599.6	228.29	33
1155.47	441.7	33
1691.09	640.35	33
2244.29	826.16	33
2782.56	1009.58	33
3332.69	1244.79	33
4022.05	1433.83	33
4581.15	1635.36	33
5153.0	1823.5	33
0.43	0.35	34
0.4	0.35	34
0.41	0.49	34
0.72	0.66	34
1.05	0.92	34
2.17	1.39	34
3.74	1.29	34
5.07	2.22	34
7.25	3.09	34
8.54	4.11	34
9.38	5.86	34
13.45	10.13	34
20.65	18.17	34
37.5	33.88	34
65.38	64.07	34
125.79	125.11	34
244.56	248.89	34
470.9	483.65	34
697.78	710.71	34
937.41	941.43	34
1150.49	1173.56	34
1370.85	1408.54	34
1596.58	1638.06	34
1822.44	1877.33	34
2048.93	2114.14	34
0.48	0.29	34
0.43	0.36	34
0.55	0.51	34
0.73	0.78	34
1.22	1.15	34
2.19	0.89	34
3.39	1.95	34
5.22	1.97	34
6.8	3.19	34
8.09	3.7	34
11.94	4.34	34
17.99	6.48	34
32.58	9.39	34
57.81	17.16	34
111.08	30.96	34
211.39	56.54	34
413.93	112.38	34
805.86	213.58	34
1203.21	317.8	34
1587.95	419.27	34
1997.0	522.81	34
2422.09	648.33	34
2943.7	760.06	34
3384.76	869.9	34
3829.35	982.22	34
0.34	0.3	34
0.34	0.32	34
0.43	0.46	34
0.59	0.66	34
1.11	0.89	34
1.77	1.32	34
3.02	1.29	34
4.75	1.99	34
5.82	2.42	34
7.52	3.88	34
8.54	5.3	34
12.75	9.36	34
18.98	16.48	34
32.47	29.06	34
58.51	55.61	34
109.46	109.98	34
212.49	219.91	34
410.08	416.96	34
610.55	604.87	34
806.7	799.89	34
1001.93	993.77	34
1197.68	1219.66	34
1431.94	1428.08	34
1638.8	1624.77	34
1858.83	1843.06	34
0.35	0.33	34
0.36	0.31	34
0.46	0.55	34
0.74	0.75	34
1.14	1.17	34
1.75	1.56	34
2.95	1.49	34
4.42	1.94	34
5.82	2.56	34
7.23	3.21	34
10.64	3.52	34
16.6	5.49	34
28.65	8.48	34
54.01	15.63	34
100.98	27.31	34
197.61	50.4	34
387.08	93.95	34
753.48	182.34	34
1118.47	269.1	34
1483.33	358.47	34
1862.25	440.26	34
2260.09	530.88	34
2662.71	629.66	34
3065.08	720.35	34
3469.41	820.16	34
0.38	0.3	35
0.33	0.35	35
0.5	0.52	35
0.78	0.73	35
1.36	0.97	35
2.34	1.74	35
3.1	1.81	35
4.79	2.64	35
6.57	3.12	35
8.93	3.71	35
12.11	4.72	35
20.13	6.39	35
32.87	10.22	35
60.3	17.09	35
118.29	31.37	35
227.61	59.74	35
448.05	116.6	35
862.59	222.8	35
1271.05	327.2	35
1690.03	431.96	35
2139.82	544.72	35
2578.13	654.64	35
3021.24	765.43	35
3454.26	872.43	35
3877.6	979.36	35
0.4	0.32	35
0.35	0.39	35
0.48	0.51	35
0.75	0.75	35
1.36	1.26	35
2.34	1.73	35
3.64	2.0	35
5.83	2.09	35
7.64	3.38	35
8.62	4.03	35
10.91	6.08	35
13.98	9.34	35
21.24	17.82	35
35.61	31.82	35
62.44	58.84	35
118.32	114.78	35
225.17	230.97	35
430.71	444.68	35
640.33	655.01	35
845.49	867.81	35
1049.32	1076.76	35
1257.01	1289.05	35
1459.68	1501.6	35
1671.75	1717.38	35
1879.06	1938.63	35
0.34	0.3	35
0.36	0.33	35
0.49	0.46	35
0.65	0.6	35
1.01	0.87	35
1.73	1.33	35
2.62	1.58	35
4.18	1.51	35
5.67	1.97	35
7.08	3.13	35
10.5	3.67	35
16.09	5.34	35
26.84	8.34	35
49.79	14.29	35
97.17	24.86	35
187.39	46.23	35
368.04	91.24	35
703.1	169.95	35
1041.47	246.99	35
1398.9	318.42	35
1743.0	416.79	35
2091.25	493.84	35
2446.52	559.5	35
2788.21	649.31	35
3132.44	721.22	35
0.36	0.29	35
0.32	0.33	35
0.44	0.44	35
0.64	0.74	35
1.16	1.1	35
1.91	1.1	35
3.04	1.37	35
4.85	2.36	35
7.32	2.91	35
8.26	3.99	35
8.37	5.72	35
12.86	8.45	35
18.73	15.16	35
31.89	28.27	35
56.25	54.82	35
107.91	105.17	35
207.03	208.38	35
397.22	409.65	35
583.68	597.13	35
775.8	770.72	35
983.1	958.77	35
1155.19	1142.97	35
1338.04	1351.49	35
1530.8	1539.17	35
1718.82	1697.8	35
0.42	0.34	36
0.36	0.41	36
0.54	0.47	36
0.72	0.65	36
1.12	1.1	36
1.8	1.33	36
3.43	1.68	36
4.83	2.32	36
7.81	2.8	36
10.32	3.69	36
15.38	6.49	36
24.3	10.23	36
41.34	18.4	36
78.48	32.78	36
147.85	62.52	36
289.69	119.22	36
570.08	234.11	36
1104.6	454.25	36
1646.05	677.88	36
2186.5	899.15	36
2728.85	1126.84	36
3268.4	1351.0	36
3806.42	1574.38	36
4344.25	1794.99	36
4859.0	2016.8	36
0.38	0.31	36
0.4	0.36	36
0.47	0.44	36
0.72	0.69	36
1.35	1.14	36
1.81	1.11	36
2.8	1.57	36
4.57	1.67	36
5.46	2.56	36
6.77	3.89	36
6.09	3.92	36
7.76	6.1	36
10.46	8.58	36
15.96	14.96	36
25.78	25.89	36
46.24	46.35	36
84.49	89.71	36
158.51	169.01	36
232.65	255.36	36
309.0	337.56	36
382.66	414.11	36
455.52	497.11	36
528.13	577.17	36
607.76	665.9	36
681.59	747.94	36
0.29	0.26	36
0.33	0.32	36
0.44	0.41	36
0.6	0.6	36
0.92	0.87	36
1.88	1.26	36
3.05	1.39	36
4.61	1.75	36
6.94	2.38	36
8.8	3.96	36
13.39	5.25	36
20.57	8.9	36
37.56	16.02	36
68.97	29.4	36
133.36	55.22	36
257.91	105.43	36
507.9	210.02	36
987.61	398.28	36
1462.37	592.46	36
1941.88	772.54	36
2412.71	965.24	36
2888.77	1142.17	36
3367.48	1327.76	36
3849.99	1514.47	36
4317.95	1699.89	36
0.37	0.28	36
0.34	0.32	36
0.47	0.44	36
0.71	0.78	36
1.08	0.99	36
1.89	1.47	36
2.94	1.28	36
3.92	1.45	36
5.34	2.73	36
6.05	3.09	36
5.98	3.81	36
7.66	5.53	36
10.34	8.06	36
16.69	13.45	36
25.71	25.43	36
44.39	44.76	36
86.13	86.97	36
158.56	172.11	36
236.57	239.04	36
306.95	321.02	36
380.94	403.23	36
457.63	462.51	36
532.01	527.23	36
604.13	605.83	36
676.6	679.3	36
0.31	0.3	37
0.28	0.34	37
0.38	0.32	37
0.37	0.3	37
0.33	0.38	37
0.38	0.33	37
0.46	0.49	37
0.49	0.47	37
0.53	0.58	37
0.58	0.66	37
0.8	0.75	37
0.93	1.0	37
1.47	1.65	37
2.31	2.48	37
4.28	4.81	37
7.09	7.58	37
12.27	14.15	37
22.17	25.26	37
42.85	43.28	37
80.33	89.76	37
153.96	168.8	37
225.21	251.61	37
296.02	350.41	37
372.03	415.02	37
454.89	526.74	37
529.61	599.04	37
589.84	651.44	37
659.87	763.78	37
0.39	0.32	37
0.4	0.34	37
0.32	0.38	37
0.42	0.31	37
0.36	0.34	37
0.4	0.38	37
0.39	0.38	37
0.45	0.5	37
0.64	0.6	37
0.96	0.84	37
1.48	1.41	37
2.74	2.05	37
3.93	3.94	37
11.02	6.98	37
20.49	13.42	37
41.82	31.5	37
84.01	62.27	37
167.08	102.47	37
330.93	243.95	37
657.54	403.82	37
1276.52	785.44	37
1898.87	1161.96	37
2520.02	1543.72	37
3137.34	2331.94	37
3756.34	3273.97	37
4375.78	3248.53	37
4996.13	4348.94	37
5642.73	3450.54	37
0.26	0.26	37
0.24	0.28	37
0.26	0.27	37
0.25	0.25	37
0.24	0.36	37
0.35	0.3	37
0.32	0.3	37
0.41	0.44	37
0.49	0.49	37
0.5	0.6	37
0.65	0.77	37
0.98	1.11	37
1.31	1.57	37
2.44	2.54	37
4.08	5.0	37
6.95	7.62	37
12.24	16.18	37
21.94	29.44	37
40.88	53.79	37
80.15	83.68	37
155.55	166.46	37
226.56	239.65	37
300.11	322.67	37
372.63	389.95	37
440.12	477.4	37
513.6	557.91	37
586.48	630.07	37
657.38	737.66	37
0.29	0.25	37
0.3	0.29	37
0.33	0.28	37
0.28	0.29	37
0.33	0.31	37
0.3	0.33	37
0.37	0.33	37
0.45	0.49	37
0.57	0.7	37
0.93	0.86	37
1.52	1.24	37
2.47	2.46	37
5.16	4.63	37
10.61	9.03	37
20.58	16.54	37
41.26	32.03	37
84.37	53.88	37
166.47	107.42	37
332.99	252.9	37
658.39	425.13	37
1278.73	973.73	37
1901.17	1196.77	37
2520.99	1904.47	37
3138.37	1982.9	37
3757.77	2847.35	37
4377.37	2758.21	37
4984.57	3155.54	37
5621.79	4227.0	37
0.3	0.27	38
0.27	0.27	38
0.26	0.29	38
0.3	0.28	38
0.34	0.27	38
0.3	0.38	38
0.44	0.39	38
0.39	0.43	38
0.52	0.51	38
0.77	0.68	38
0.94	0.95	38
1.48	1.42	38
2.51	2.2	38
4.46	5.16	38
9.5	9.53	38
17.29	18.48	38
31.77	33.97	38
62.41	65.08	38
121.54	127.7	38
241.46	248.98	38
464.3	485.15	38
689.19	704.38	38
910.51	970.28	38
1135.06	1198.87	38
1356.64	1412.28	38
1582.31	1643.99	38
1803.59	1923.0	38
2031.23	2107.73	38
0.31	0.26	38
0.26	0.29	38
0.31	0.28	38
0.33	0.29	38
0.3	0.27	38
0.33	0.33	38
0.4	0.44	38
0.42	0.54	38
0.63	0.69	38
0.84	0.87	38
1.73	0.96	38
3.09	2.0	38
4.99	3.1	38
10.03	6.36	38
19.29	11.47	38
39.65	28.61	38
78.01	46.61	38
155.38	112.63	38
304.04	222.67	38
607.61	444.0	38
1175.84	710.15	38
1743.86	1051.86	38
2313.22	1391.71	38
2874.8	1730.58	38
3434.56	2525.08	38
4018.86	2408.68	38
4572.66	3352.65	38
5136.54	3765.07	38
0.3	0.25	38
0.25	0.25	38
0.26	0.28	38
0.29	0.27	38
0.3	0.27	38
0.32	0.32	38
0.37	0.31	38
0.37	0.36	38
0.45	0.55	38
0.64	0.67	38
0.86	0.99	38
1.27	1.43	38
2.19	2.43	38
3.93	4.44	38
7.79	8.63	38
14.26	16.63	38
26.89	33.33	38
54.49	59.08	38
102.76	112.33	38
202.42	208.72	38
391.29	401.9	38
578.34	620.44	38
767.21	837.71	38
953.64	1008.41	38
1155.8	1263.29	38
1323.2	1377.19	38
1508.91	1611.17	38
1700.35	1794.31	38
0.31	0.25	38
0.27	0.26	38
0.27	0.28	38
0.29	0.29	38
0.25	0.32	38
0.37	0.39	38
0.42	0.36	38
0.49	0.57	38
0.57	0.66	38
0.79	0.86	38
1.39	1.4	38
2.39	2.36	38
5.32	3.67	38
9.36	5.56	38
19.57	17.45	38
36.94	33.65	38
74.6	47.33	38
148.21	110.62	38
293.34	185.3	38
581.45	361.77	38
1135.44	712.55	38
1679.56	1049.02	38
2223.85	1667.31	38
2747.59	1679.78	38
3250.36	2019.73	38
3752.91	2303.98	38
4257.02	2606.56	38
4755.09	3712.02	38
0.32	0.29	39
0.29	0.3	39
0.29	0.3	39
0.25	0.33	39
0.33	0.3	39
0.37	0.3	39
0.34	0.39	39
0.5	0.42	39
0.56	0.61	39
0.9	0.71	39
1.46	1.13	39
2.54	1.78	39
5.03	3.14	39
9.07	5.83	39
18.1	12.37	39
35.21	20.35	39
69.79	40.81	39
139.58	98.54	39
274.17	157.56	39
543.05	387.87	39
1055.56	608.18	39
1564.22	1121.29	39
2068.2	1476.32	39
2564.69	1836.54	39
3061.22	2188.18	39
3560.47	2037.91	39
4075.73	2930.25	39
4634.94	3329.96	39
0.34	0.25	39
0.27	0.3	39
0.26	0.29	39
0.31	0.25	39
0.29	0.32	39
0.32	0.3	39
0.35	0.38	39
0.43	0.44	39
0.48	0.54	39
0.77	0.64	39
0.91	0.92	39
1.58	1.4	39
2.26	2.24	39
3.83	4.52	39
7.72	8.09	39
15.84	15.79	39
29.24	30.05	39
56.43	60.28	39
112.44	116.22	39
222.08	235.78	39
423.48	445.93	39
630.42	683.03	39
838.36	891.77	39
1048.52	1114.83	39
1251.14	1329.08	39
1454.57	1552.98	39
1662.57	1731.02	39
1869.08	1989.33	39
0.27	0.25	39
0.27	0.25	39
0.27	0.25	39
0.26	0.3	39
0.28	0.25	39
0.28	0.28	39
0.3	0.36	39
0.41	0.46	39
0.55	0.63	39
0.77	0.82	39
1.27	1.29	39
2.23	1.73	39
3.87	2.74	39
7.8	5.0	39
15.64	11.56	39
30.58	23.01	39
60.04	36.76	39
120.66	104.46	39
237.13	176.51	39
473.46	280.74	39
919.15	531.17	39
1360.84	987.9	39
1801.81	1059.4	39
2242.21	1921.45	39
2692.03	1518.62	39
3119.14	2242.4	39
3580.86	2594.68	39
4056.93	2309.34	39
0.29	0.27	39
0.25	0.24	39
0.29	0.3	39
0.29	0.31	39
0.25	0.31	39
0.32	0.28	39
0.37	0.34	39
0.41	0.38	39
0.56	0.57	39
0.6	0.73	39
0.91	0.99	39
1.46	1.53	39
2.24	2.35	39
4.07	4.56	39
7.54	7.92	39
14.65	17.79	39
28.16	31.86	39
54.42	58.57	39
105.84	116.62	39
209.02	245.21	39
403.7	425.54	39
603.42	658.19	39
794.55	836.15	39
985.27	1018.73	39
1183.89	1253.89	39
1376.52	1453.06	39
1571.9	1664.04	39
1767.08	1870.32	39
0.28	0.23	40
0.25	0.27	40
0.24	0.26	40
0.3	0.28	40
0.26	0.25	40
0.28	0.31	40
0.3	0.36	40
0.4	0.43	40
0.57	0.63	40
0.74	0.64	40
1.48	1.19	40
2.33	1.69	40
5.41	3.55	40
9.54	6.35	40
20.18	12.11	40
40.11	24.17	40
81.19	49.03	40
160.56	98.3	40
328.1	260.98	40
660.77	528.96	40
1290.45	787.32	40
1926.38	1561.61	40
2548.31	1555.08	40
3181.56	2551.96	40
3789.63	2315.86	40
4418.45	3550.16	40
5035.21	4052.76	40
5653.73	3457.73	40
0.24	0.21	40
0.22	0.25	40
0.24	0.23	40
0.27	0.24	40
0.27	0.24	40
0.25	0.31	40
0.29	0.34	40
0.39	0.41	40
0.54	0.56	40
0.84	0.64	40
1.42	1.2	40
2.48	2.07	40
4.74	3.93	40
8.9	7.01	40
17.08	14.59	40
37.43	23.65	40
74.12	47.2	40
146.34	92.17	40
292.69	182.08	40
581.28	363.83	40
1132.68	849.7	40
1674.14	1050.54	40
2223.1	1389.07	40
2766.34	1711.78	40
3305.62	2055.96	40
3851.91	3374.99	40
4404.01	3273.92	40
4949.59	3669.97	40
0.27	0.24	40
0.24	0.26	40
0.33	0.26	40
0.25	0.24	40
0.29	0.28	40
0.3	0.33	40
0.35	0.31	40
0.39	0.41	40
0.55	0.57	40
0.51	0.57	40
0.63	0.66	40
0.96	1.12	40
1.43	1.8	40
2.26	2.57	40
4.2	4.7	40
7.04	8.64	40
12.49	15.61	40
22.46	26.94	40
42.25	42.2	40
81.35	104.96	40
154.26	165.79	40
223.81	242.96	40
301.67	321.72	40
371.51	388.47	40
444.28	515.18	40
515.46	566.95	40
585.56	652.58	40
660.91	762.06	40
