0.6	0.56	1
0.58	0.71	1
0.92	1.1	1
1.15	1.06	1
1.25	1.1	1
1.47	1.25	1
1.37	1.52	1
1.07	1.76	1
1.72	1.9	1
2.27	2.64	1
2.86	3.15	1
4.07	5.05	1
6.32	9.34	1
11.07	12.66	1
18.64	23.01	1
35.37	50.29	1
65.76	81.66	1
126.91	224.18	1
243.23	439.87	1
361.16	365.35	1
479.37	730.73	1
593.88	596.47	1
706.73	1270.32	1
857.22	1051.73	1
939.43	1447.91	1
1060.92	1628.35	1
0.7	0.58	1
0.83	0.93	1
1.08	1.05	1
1.56	1.28	1
1.72	1.34	1
1.75	1.31	1
1.77	1.8	1
1.86	2.27	1
3.1	3.02	1
4.38	4.6	1
7.97	7.01	1
13.78	11.82	1
27.55	21.95	1
53.37	38.31	1
104.82	89.98	1
205.4	116.06	1
411.91	290.32	1
821.25	455.94	1
1591.88	1122.79	1
2366.97	2026.43	1
3187.19	1782.45	1
4045.48	3445.28	1
4886.43	3451.44	1
5725.29	4896.5	1
6575.98	4639.73	1
7389.08	4131.33	1
0.62	0.53	1
0.73	0.67	1
0.82	0.83	1
1.27	1.23	1
1.24	1.29	1
1.09	1.58	1
1.18	1.43	1
1.55	1.56	1
1.78	2.01	1
2.24	2.35	1
2.87	3.79	1
4.13	5.13	1
6.27	10.42	1
10.13	13.8	1
19.64	34.56	1
35.2	45.46	1
64.94	101.83	1
127.51	164.81	1
245.68	369.08	1
378.43	460.8	1
479.32	866.11	1
615.39	755.49	1
705.6	1264.1	1
822.82	1309.93	1
938.72	1456.42	1
1072.18	1383.03	1
0.73	0.55	1
0.93	0.84	1
1.24	1.09	1
1.3	1.2	1
1.43	1.35	1
1.3	1.72	1
1.59	1.99	1
2.65	2.14	1
3.32	3.73	1
4.23	4.85	1
8.04	8.73	1
14.56	12.26	1
26.5	20.65	1
52.64	41.07	1
104.33	75.37	1
208.42	149.08	1
413.43	296.9	1
816.25	467.67	1
1592.33	1147.47	1
2370.05	1341.99	1
3191.75	1798.08	1
4045.7	2870.17	1
4883.62	3479.02	1
5751.1	4058.87	1
6577.58	5617.36	1
7383.41	7399.7	1
0.72	0.6	2
0.8	1.19	2
1.36	1.04	2
1.3	1.47	2
1.62	1.43	2
1.36	1.78	2
1.81	1.98	2
2.19	1.93	2
2.22	2.44	2
3.07	2.97	2
4.25	4.75	2
6.16	7.51	2
10.73	12.61	2
18.98	21.29	2
35.32	47.65	2
69.08	77.97	2
137.76	180.94	2
266.35	359.08	2
513.34	518.27	2
762.1	951.0	2
1012.43	1247.86	2
1254.63	1406.84	2
1498.52	1504.81	2
1734.29	1947.97	2
1966.86	2464.58	2
2210.66	2746.7	2
0.65	0.59	2
0.76	0.9	2
1.17	1.04	2
0.74	1.34	2
1.17	1.55	2
1.58	1.79	2
1.75	1.67	2
2.24	2.38	2
3.09	2.87	2
3.76	4.29	2
7.92	6.18	2
13.7	12.17	2
25.36	20.86	2
46.09	27.27	2
92.78	51.28	2
181.06	152.48	2
354.26	245.71	2
707.2	487.21	2
1371.71	730.84	2
2040.38	1399.08	2
2693.28	1856.01	2
3351.89	2301.25	2
3996.18	2120.59	2
4659.69	3201.49	2
5307.52	4478.63	2
5959.1	4094.83	2
0.58	0.54	2
0.76	0.78	2
1.08	0.94	2
1.15	1.39	2
1.35	1.31	2
1.37	1.37	2
1.64	1.59	2
1.67	2.02	2
2.36	2.15	2
2.77	3.29	2
3.8	5.01	2
6.22	7.24	2
10.23	13.07	2
18.25	24.98	2
34.16	46.96	2
65.63	73.16	2
126.76	141.8	2
250.19	343.83	2
482.69	599.68	2
709.41	816.06	2
946.94	1182.84	2
1172.49	1759.52	2
1405.18	1429.41	2
1636.5	2053.18	2
1863.68	2339.93	2
2102.38	2760.79	2
0.66	0.6	2
0.73	0.82	2
1.05	0.94	2
1.01	1.44	2
0.96	1.3	2
1.53	1.41	2
1.35	1.63	2
2.6	2.27	2
2.47	3.23	2
3.96	4.59	2
7.57	4.96	2
12.66	11.1	2
24.58	15.37	2
47.33	35.55	2
91.5	78.83	2
179.87	153.43	2
357.53	198.43	2
710.19	606.15	2
1378.22	968.69	2
2032.46	1728.0	2
2700.55	1879.14	2
3350.97	2340.57	2
3996.45	2802.71	2
4609.09	3221.49	2
5246.21	3620.92	2
5823.03	5835.92	2
0.75	0.68	3
0.67	0.74	3
0.97	0.91	3
1.18	1.15	3
1.37	1.17	3
1.47	1.4	3
1.65	1.6	3
1.79	1.82	3
2.79	2.27	3
3.92	3.71	3
7.23	6.89	3
12.63	11.92	3
23.45	13.21	3
45.2	31.32	3
86.91	59.78	3
172.71	145.45	3
341.81	235.1	3
676.99	355.87	3
1309.16	1099.33	3
1934.98	1330.12	3
2583.45	1759.01	3
3190.13	1666.29	3
3818.25	1991.67	3
4488.69	3177.41	3
5273.74	4453.99	3
5929.71	4075.41	3
0.59	0.59	3
0.71	0.78	3
1.16	1.24	3
1.4	1.47	3
1.37	1.59	3
1.42	1.31	3
1.58	1.87	3
1.78	1.61	3
2.3	2.67	3
3.17	3.05	3
3.85	4.44	3
6.64	6.52	3
10.83	12.46	3
19.18	21.73	3
37.86	43.31	3
70.27	77.42	3
135.67	166.58	3
266.24	359.12	3
517.8	643.05	3
767.55	945.55	3
1017.29	1261.58	3
1270.82	1564.83	3
1553.88	1912.17	3
1812.55	2232.22	3
2065.87	2309.47	3
2326.57	2867.14	3
0.55	0.49	3
0.66	0.7	3
0.81	0.92	3
1.17	0.9	3
1.37	1.42	3
1.08	1.22	3
1.77	2.02	3
1.71	1.86	3
2.48	2.3	3
3.84	4.34	3
6.81	6.88	3
11.53	9.45	3
21.01	16.23	3
40.67	35.63	3
80.09	80.35	3
156.15	108.79	3
311.72	260.7	3
615.39	422.14	3
1199.09	1004.66	3
1779.44	1215.35	3
2359.93	1226.95	3
2935.44	1993.1	3
3508.34	2402.86	3
4093.5	2119.55	3
4678.78	3163.89	3
5242.12	5260.54	3
0.61	0.5	3
0.73	0.68	3
0.96	1.12	3
1.18	1.22	3
1.32	1.34	3
1.26	1.61	3
1.41	1.92	3
1.79	1.72	3
1.99	2.02	3
3.0	3.34	3
3.81	4.67	3
6.01	6.73	3
10.14	13.78	3
17.75	21.74	3
34.25	37.57	3
63.54	66.07	3
127.79	184.68	3
249.53	303.44	3
477.41	599.97	3
713.18	890.87	3
942.9	1181.51	3
1172.84	1472.65	3
1408.51	1776.41	3
1634.54	2060.71	3
1892.68	2620.7	3
2091.8	2620.5	3
0.74	0.53	4
0.85	0.79	4
0.99	0.97	4
1.41	1.28	4
1.73	1.44	4
1.38	1.3	4
2.23	1.67	4
2.3	2.12	4
2.78	3.07	4
4.9	5.2	4
7.77	6.68	4
14.85	11.6	4
28.71	19.79	4
54.6	47.4	4
105.83	92.0	4
211.96	150.3	4
419.84	233.44	4
833.17	587.01	4
1621.97	902.4	4
2401.92	1336.98	4
3168.76	2711.24	4
3942.3	2779.51	4
4726.57	4026.38	4
5521.84	4684.69	4
6282.12	3489.22	4
7038.65	6003.7	4
0.62	0.6	4
0.78	0.78	4
0.78	1.07	4
1.34	1.24	4
1.06	1.15	4
1.35	1.75	4
1.62	1.48	4
1.53	1.77	4
1.89	2.04	4
2.75	2.58	4
2.93	3.44	4
4.18	4.79	4
6.78	6.74	4
10.07	12.64	4
18.75	27.29	4
35.77	58.46	4
64.72	97.45	4
127.75	191.82	4
244.07	376.18	4
362.25	548.89	4
479.6	853.08	4
596.96	1076.24	4
712.72	1081.99	4
825.56	1280.55	4
944.76	1447.15	4
1062.74	1629.23	4
0.6	0.54	4
0.79	0.75	4
1.05	1.07	4
1.16	1.2	4
1.29	1.21	4
1.47	1.38	4
1.57	1.66	4
1.99	1.96	4
2.73	2.6	4
4.15	4.24	4
7.09	5.28	4
13.16	11.35	4
24.65	16.04	4
47.77	28.41	4
93.67	67.61	4
185.71	186.9	4
366.85	260.94	4
730.54	729.56	4
1413.53	993.03	4
2099.57	1476.46	4
2780.18	2786.45	4
3462.13	2423.33	4
4147.82	2243.26	4
4826.02	3364.76	4
5510.61	4677.67	4
6196.11	4302.58	4
0.57	0.49	4
0.74	0.62	4
0.88	1.06	4
0.94	1.11	4
1.15	1.19	4
1.3	1.68	4
1.58	1.36	4
1.61	1.53	4
1.53	2.05	4
2.04	2.73	4
2.72	3.73	4
3.87	5.53	4
6.3	8.92	4
10.09	16.46	4
19.72	34.21	4
35.48	61.43	4
66.42	109.33	4
127.74	189.65	4
242.84	383.64	4
358.65	367.64	4
476.65	728.86	4
598.77	752.79	4
708.9	720.81	4
830.2	1290.61	4
972.72	1192.25	4
1052.95	1881.27	4
0.45	0.39	5
0.52	0.58	5
0.9	0.87	5
1.43	1.3	5
2.69	2.25	5
5.35	2.14	5
9.93	3.04	5
19.37	4.32	5
36.86	4.78	5
70.61	6.18	5
134.22	10.92	5
238.48	18.23	5
399.46	32.81	5
609.99	64.47	5
758.36	120.72	5
867.22	215.52	5
1022.22	370.86	5
1308.84	625.51	5
1553.94	874.45	5
1777.81	1108.57	5
2011.96	1353.97	5
2225.85	1584.09	5
2435.43	1813.28	5
2634.57	2049.77	5
2840.92	2238.88	5
0.48	0.42	5
0.52	0.53	5
0.92	0.85	5
1.49	1.25	5
2.7	2.2	5
5.02	3.73	5
9.84	3.58	5
20.14	5.72	5
38.58	8.54	5
76.13	16.22	5
149.19	27.63	5
291.59	52.74	5
550.73	99.99	5
1007.8	186.67	5
1751.35	326.4	5
2541.91	538.69	5
2959.02	798.98	5
3549.16	1211.06	5
4051.04	1589.8	5
4550.54	1973.7	5
4971.14	2336.51	5
5438.16	2709.47	5
5836.08	3063.0	5
6233.6	3407.59	5
6575.32	3764.17	5
0.41	0.38	5
0.5	0.5	5
0.77	0.77	5
1.34	1.32	5
2.5	2.1	5
4.63	2.57	5
8.89	2.24	5
17.19	2.84	5
33.4	4.25	5
62.8	6.77	5
118.92	9.26	5
211.93	16.41	5
360.23	29.17	5
554.88	53.37	5
690.15	98.8	5
809.75	179.15	5
963.9	307.43	5
1211.52	540.79	5
1472.01	775.28	5
1716.96	990.12	5
1939.5	1235.54	5
2171.49	1450.75	5
2362.06	1682.44	5
2568.11	1891.1	5
2766.58	2116.16	5
0.43	0.39	5
0.57	0.57	5
0.91	0.86	5
1.39	1.2	5
2.66	2.29	5
4.82	2.93	5
9.98	4.47	5
19.94	5.24	5
39.41	9.38	5
75.83	14.53	5
149.71	28.66	5
291.73	53.21	5
549.55	99.23	5
1010.32	180.29	5
1741.92	319.26	5
2493.52	508.72	5
2941.46	748.51	5
3543.67	1137.27	5
4034.86	1518.28	5
4473.13	1872.8	5
4976.9	2235.15	5
5370.95	2596.42	5
5812.27	2923.06	5
6190.67	3238.24	5
6507.68	3557.88	5
0.46	0.38	6
0.59	0.56	6
0.81	0.89	6
1.5	1.36	6
2.67	2.66	6
5.23	2.89	6
9.98	3.75	6
19.88	5.18	6
39.34	9.09	6
76.91	15.74	6
151.01	28.11	6
293.2	53.92	6
556.82	101.32	6
1021.85	186.57	6
1764.03	335.68	6
2615.61	557.03	6
3075.6	825.72	6
3550.02	1217.57	6
4042.74	1581.17	6
4526.08	1960.33	6
4893.58	2337.37	6
5282.66	2751.19	6
5811.14	3124.02	6
6159.14	3475.52	6
6491.61	3848.03	6
0.51	0.43	6
0.58	0.56	6
1.01	0.83	6
1.48	1.53	6
3.01	2.28	6
5.37	3.48	6
10.29	3.27	6
20.68	4.83	6
39.26	4.99	6
77.3	6.57	6
141.01	12.29	6
258.96	18.65	6
425.05	35.8	6
658.8	66.84	6
823.06	124.75	6
947.24	224.01	6
1136.6	386.78	6
1439.35	634.38	6
1700.25	886.08	6
1949.28	1123.71	6
2206.11	1344.21	6
2439.03	1579.48	6
2659.88	1822.68	6
2894.53	2040.79	6
3112.66	2285.89	6
0.45	0.37	6
0.47	0.48	6
0.71	0.76	6
1.21	1.09	6
2.3	2.11	6
4.27	2.5	6
8.51	3.93	6
16.57	4.52	6
32.41	6.84	6
63.13	11.39	6
123.54	20.56	6
240.34	38.35	6
464.97	70.59	6
833.24	127.8	6
1471.76	236.75	6
2197.02	392.55	6
2595.71	605.46	6
3027.45	947.77	6
3473.74	1300.3	6
3875.81	1626.59	6
4285.32	1969.34	6
4632.31	2302.34	6
4940.07	2642.82	6
5270.72	2983.28	6
5588.77	3283.37	6
0.45	0.42	6
0.57	0.55	6
0.91	0.75	6
1.41	1.46	6
2.58	1.8	6
4.9	2.46	6
9.17	2.5	6
18.29	4.06	6
35.53	3.89	6
68.1	6.67	6
128.52	10.04	6
228.69	17.91	6
381.24	30.99	6
589.93	58.97	6
763.51	108.54	6
865.51	192.67	6
1046.79	324.01	6
1326.68	564.59	6
1584.15	800.51	6
1842.12	1020.55	6
2069.09	1247.52	6
2351.36	1487.42	6
2596.05	1705.3	6
2824.61	1922.76	6
3027.39	2134.89	6
0.47	0.39	7
0.55	0.49	7
0.81	0.73	7
1.48	1.45	7
2.64	1.91	7
5.01	1.94	7
9.58	2.39	7
18.7	3.75	7
36.14	5.57	7
69.1	5.54	7
130.93	11.04	7
231.58	17.49	7
380.84	33.36	7
597.96	62.03	7
771.6	118.78	7
870.61	211.77	7
1051.78	372.82	7
1318.65	628.62	7
1597.55	868.2	7
1863.99	1095.32	7
2087.02	1329.62	7
2351.85	1565.21	7
2573.54	1796.15	7
2795.06	2041.47	7
3003.97	2268.96	7
0.48	0.4	7
0.49	0.53	7
0.83	0.89	7
1.45	1.44	7
2.6	1.84	7
4.84	3.53	7
9.55	3.71	7
18.69	5.09	7
36.97	8.59	7
73.45	15.06	7
144.56	27.92	7
279.77	50.43	7
529.2	97.75	7
987.85	179.24	7
1682.5	316.22	7
2486.69	532.42	7
2925.97	786.72	7
3409.93	1176.58	7
3899.21	1553.38	7
4310.31	1915.55	7
4706.0	2289.19	7
5049.61	2652.97	7
5440.49	3030.06	7
5757.51	3394.8	7
6097.6	3714.49	7
0.39	0.43	7
0.52	0.52	7
0.73	0.75	7
1.37	1.32	7
2.43	1.8	7
4.62	3.38	7
8.79	2.54	7
17.13	4.01	7
32.77	3.98	7
63.89	7.08	7
116.93	10.26	7
211.29	15.14	7
353.98	28.03	7
539.79	51.9	7
703.34	97.24	7
804.06	178.51	7
996.75	308.78	7
1253.63	543.59	7
1507.73	770.41	7
1788.69	999.62	7
2022.48	1211.75	7
2255.72	1446.02	7
2496.19	1667.75	7
2700.87	1910.63	7
2908.7	2108.39	7
0.44	0.39	7
0.51	0.5	7
0.76	0.76	7
1.31	1.15	7
2.31	1.6	7
4.35	2.43	7
8.78	3.17	7
17.24	4.03	7
34.27	7.97	7
67.81	11.99	7
132.43	21.88	7
253.37	42.11	7
496.37	79.28	7
891.21	145.41	7
1554.79	255.47	7
2255.09	424.02	7
2658.16	648.93	7
3181.25	1000.76	7
3644.78	1347.06	7
3994.31	1700.83	7
4368.1	2036.09	7
4744.63	2389.05	7
5145.39	2721.47	7
5416.09	3079.74	7
5765.05	3410.41	7
0.51	0.38	8
0.5	0.51	8
0.83	0.78	8
1.34	1.48	8
2.5	1.91	8
5.08	2.85	8
9.56	3.18	8
18.77	4.31	8
36.04	9.02	8
75.64	15.8	8
147.93	28.34	8
289.0	52.95	8
545.36	99.77	8
997.66	183.86	8
1737.08	328.31	8
2622.45	550.41	8
3016.62	816.44	8
3618.02	1227.88	8
4130.61	1620.88	8
4609.36	2000.13	8
5237.35	2425.09	8
5684.49	2802.82	8
6141.04	3189.35	8
6543.42	3539.36	8
6882.17	3891.86	8
0.51	0.43	8
0.56	0.59	8
0.76	0.88	8
1.52	1.45	8
2.89	2.5	8
5.23	2.5	8
10.61	2.92	8
20.12	4.39	8
39.41	5.55	8
75.79	6.42	8
142.12	10.49	8
258.37	19.68	8
423.63	35.88	8
633.94	66.76	8
819.6	124.49	8
928.25	225.69	8
1089.92	381.52	8
1383.54	633.6	8
1641.6	884.3	8
1862.78	1120.24	8
2108.75	1363.34	8
2321.72	1592.68	8
2525.85	1851.99	8
2763.53	2059.1	8
2936.45	2267.73	8
0.42	0.32	8
0.48	0.48	8
0.73	0.69	8
1.23	1.2	8
2.32	1.48	8
4.38	3.23	8
8.16	3.08	8
16.54	4.31	8
32.25	6.77	8
63.16	11.22	8
124.92	19.41	8
242.23	37.82	8
457.81	70.75	8
854.93	131.91	8
1496.56	233.79	8
2182.26	391.25	8
2588.98	603.84	8
3111.99	961.15	8
3557.09	1319.48	8
3969.38	1664.39	8
4427.72	1990.06	8
4787.36	2331.14	8
5227.94	2670.46	8
5608.46	2987.6	8
5978.48	3320.52	8
0.44	0.4	8
0.5	0.47	8
0.79	0.79	8
1.31	1.28	8
2.38	1.51	8
4.5	2.15	8
8.76	2.89	8
16.77	2.53	8
33.05	4.32	8
63.93	6.21	8
117.95	9.26	8
213.24	16.99	8
360.17	29.14	8
545.91	54.48	8
700.92	98.75	8
805.47	177.72	8
960.91	310.32	8
1226.0	537.52	8
1492.6	771.25	8
1731.1	1001.67	8
1954.36	1233.37	8
2162.5	1451.34	8
2400.07	1687.22	8
2567.25	1895.06	8
2799.21	2107.16	8
0.29	0.27	9
0.32	0.28	9
0.31	0.29	9
0.34	0.4	9
0.33	0.34	9
0.37	0.32	9
0.45	0.4	9
0.41	0.43	9
0.48	0.45	9
0.61	0.59	9
0.63	0.63	9
0.86	0.96	9
1.08	1.22	9
1.7	1.86	9
2.53	2.83	9
4.67	4.99	9
7.83	8.29	9
14.36	14.92	9
25.0	27.82	9
46.16	55.65	9
89.4	106.38	9
170.77	192.79	9
256.41	295.53	9
334.99	391.49	9
417.79	492.97	9
494.22	580.9	9
576.03	682.95	9
653.63	768.63	9
736.87	875.03	9
0.32	0.31	9
0.32	0.29	9
0.28	0.32	9
0.33	0.38	9
0.35	0.31	9
0.36	0.34	9
0.39	0.32	9
0.39	0.43	9
0.48	0.54	9
0.7	0.73	9
1.06	1.05	9
1.7	1.56	9
3.27	2.2	9
6.56	4.41	9
12.85	8.24	9
26.54	23.13	9
53.9	39.58	9
107.68	79.24	9
216.44	158.64	9
427.13	312.59	9
843.79	621.5	9
1661.41	1029.36	9
2477.27	1535.54	9
3225.59	1988.11	9
3959.83	2626.38	9
4702.58	2900.5	9
5527.09	3496.85	9
6332.42	3908.8	9
7135.84	4411.5	9
0.24	0.25	9
0.25	0.25	9
0.26	0.26	9
0.27	0.31	9
0.3	0.25	9
0.25	0.29	9
0.31	0.3	9
0.33	0.32	9
0.37	0.39	9
0.46	0.53	9
0.63	0.67	9
0.78	0.87	9
1.01	1.36	9
1.65	2.32	9
2.48	2.63	9
4.68	5.59	9
7.41	9.83	9
14.29	17.91	9
24.22	31.72	9
46.82	54.72	9
90.29	117.47	9
171.8	198.09	9
251.72	313.0	9
333.14	381.25	9
417.08	486.93	9
497.32	550.92	9
578.01	643.99	9
654.41	742.58	9
734.95	817.84	9
0.32	0.29	9
0.29	0.29	9
0.32	0.3	9
0.34	0.32	9
0.3	0.29	9
0.31	0.34	9
0.38	0.31	9
0.41	0.39	9
0.52	0.45	9
0.69	0.68	9
1.07	0.97	9
1.69	1.46	9
3.31	3.65	9
6.36	4.47	9
13.14	12.48	9
26.17	19.83	9
54.44	43.61	9
108.24	118.53	9
215.32	137.52	9
425.65	335.35	9
849.64	542.35	9
1661.27	1074.61	9
2480.28	1624.21	9
3225.68	2192.2	9
3967.61	2715.36	9
4710.45	2967.55	9
5519.08	3491.74	9
6325.78	4047.25	9
7153.38	4565.18	9
0.34	0.22	10
0.21	0.33	10
0.33	0.3	10
0.29	0.35	10
0.32	0.26	10
0.35	0.32	10
0.41	0.44	10
0.42	0.39	10
0.44	0.42	10
0.56	0.62	10
0.87	0.86	10
1.06	1.06	10
1.49	1.55	10
2.53	2.96	10
4.46	4.41	10
7.88	9.34	10
15.57	16.38	10
30.25	31.24	10
58.95	61.65	10
116.98	122.74	10
229.15	243.41	10
447.03	471.97	10
659.27	704.4	10
872.34	930.13	10
1093.87	1165.88	10
1304.16	1392.03	10
1519.61	1622.87	10
1728.58	1850.3	10
1944.77	2080.37	10
0.37	0.28	10
0.25	0.29	10
0.28	0.29	10
0.27	0.24	10
0.31	0.3	10
0.28	0.26	10
0.37	0.37	10
0.44	0.38	10
0.68	0.5	10
0.66	0.79	10
1.18	0.94	10
1.79	1.66	10
2.45	2.84	10
5.94	3.16	10
11.15	8.39	10
20.64	13.25	10
43.73	31.6	10
87.42	62.58	10
173.88	101.5	10
344.76	247.08	10
688.94	491.99	10
1333.56	789.68	10
1958.82	1242.66	10
2590.49	1516.91	10
3222.71	1878.4	10
3823.0	2235.69	10
4439.99	3232.81	10
5054.98	3057.61	10
5665.87	3492.46	10
0.26	0.24	10
0.26	0.24	10
0.24	0.28	10
0.26	0.29	10
0.24	0.24	10
0.27	0.28	10
0.32	0.35	10
0.35	0.36	10
0.39	0.36	10
0.5	0.5	10
0.57	0.6	10
0.95	1.14	10
1.39	1.56	10
2.42	3.08	10
4.17	5.17	10
8.2	10.17	10
14.94	16.86	10
28.76	35.36	10
55.25	62.38	10
107.26	122.2	10
211.03	222.09	10
407.8	434.05	10
608.43	652.8	10
804.3	893.11	10
998.01	1060.5	10
1199.4	1270.88	10
1392.63	1533.3	10
1589.6	1656.63	10
1789.12	1867.36	10
0.3	0.24	10
0.23	0.26	10
0.31	0.26	10
0.29	0.28	10
0.27	0.28	10
0.27	0.33	10
0.32	0.31	10
0.45	0.33	10
0.43	0.52	10
0.74	0.63	10
1.07	0.91	10
1.49	2.24	10
2.72	2.14	10
4.93	4.45	10
10.56	7.93	10
21.5	13.83	10
42.89	41.24	10
87.31	69.69	10
172.83	131.17	10
342.2	258.41	10
681.39	430.6	10
1329.17	825.63	10
1954.9	1204.64	10
2578.1	1616.74	10
3193.4	2019.06	10
3791.89	2447.08	10
4370.58	2704.08	10
4949.92	3123.08	10
5505.88	3286.25	10
0.36	0.26	11
0.31	0.26	11
0.27	0.26	11
0.34	0.28	11
0.32	0.28	11
0.32	0.28	11
0.27	0.31	11
0.38	0.48	11
0.53	0.54	11
0.66	0.76	11
1.07	0.93	11
1.49	1.14	11
2.79	3.16	11
5.27	4.82	11
10.91	8.37	11
21.6	18.59	11
44.66	26.31	11
86.25	50.22	11
169.73	99.19	11
337.64	240.98	11
672.55	393.51	11
1316.1	768.35	11
1941.73	1134.8	11
2579.38	1622.47	11
3213.85	2079.23	11
3839.7	2326.39	11
4469.53	2631.72	11
5101.43	3021.15	11
5721.18	3378.41	11
0.33	0.25	11
0.24	0.34	11
0.31	0.27	11
0.33	0.29	11
0.29	0.3	11
0.29	0.33	11
0.36	0.4	11
0.36	0.36	11
0.31	0.41	11
0.46	0.46	11
0.66	0.71	11
1.06	0.91	11
1.69	1.65	11
2.63	2.66	11
4.2	4.43	11
8.44	8.51	11
15.37	16.2	11
30.23	31.87	11
58.82	61.44	11
114.03	121.98	11
227.52	237.13	11
439.46	468.61	11
656.85	699.42	11
865.09	915.14	11
1069.68	1135.65	11
1270.92	1370.69	11
1476.08	1577.87	11
1688.53	1788.39	11
1887.03	2020.09	11
0.28	0.23	11
0.24	0.25	11
0.24	0.26	11
0.23	0.26	11
0.25	0.25	11
0.29	0.27	11
0.31	0.33	11
0.33	0.4	11
0.4	0.5	11
0.62	0.6	11
0.93	0.8	11
1.59	1.27	11
2.56	2.06	11
5.15	3.47	11
8.7	5.69	11
17.71	14.48	11
37.64	23.66	11
76.31	46.54	11
149.41	87.67	11
298.69	175.43	11
591.38	471.0	11
1152.07	675.58	11
1714.9	1039.21	11
2272.11	1465.74	11
2828.0	1677.31	11
3390.4	2069.64	11
3955.92	2281.28	11
4506.95	2695.45	11
5057.66	2947.91	11
0.33	0.26	11
0.28	0.28	11
0.25	0.24	11
0.25	0.27	11
0.3	0.28	11
0.32	0.25	11
0.36	0.34	11
0.38	0.39	11
0.42	0.39	11
0.47	0.5	11
0.6	0.65	11
1.08	1.07	11
1.52	1.66	11
2.73	3.31	11
4.46	5.08	11
8.86	9.61	11
15.64	17.5	11
29.33	32.08	11
56.93	71.23	11
110.05	126.83	11
220.18	235.34	11
431.03	462.08	11
650.48	675.81	11
839.18	886.91	11
1044.56	1098.91	11
1246.98	1312.27	11
1445.74	1617.2	11
1649.26	1763.27	11
1849.14	1947.64	11
0.27	0.26	12
0.32	0.3	12
0.24	0.24	12
0.25	0.35	12
0.3	0.29	12
0.3	0.3	12
0.29	0.33	12
0.38	0.36	12
0.48	0.46	12
0.71	0.6	12
0.98	0.89	12
1.96	1.52	12
2.76	2.19	12
5.89	4.35	12
11.76	8.87	12
24.89	18.96	12
50.79	30.51	12
99.64	84.64	12
198.02	145.34	12
395.68	240.8	12
787.31	481.62	12
1534.68	940.76	12
2269.39	1389.5	12
3008.48	1850.7	12
3748.16	2301.2	12
4481.38	2757.16	12
5219.91	3208.23	12
5962.59	4038.45	12
6718.55	4132.47	12
0.3	0.26	12
0.27	0.28	12
0.24	0.28	12
0.31	0.3	12
0.27	0.3	12
0.39	0.29	12
0.41	0.39	12
0.33	0.36	12
0.46	0.37	12
0.57	0.6	12
0.6	0.58	12
0.75	0.89	12
1.03	1.12	12
1.62	1.82	12
2.48	2.76	12
4.44	4.74	12
7.92	8.67	12
13.6	15.24	12
25.99	27.6	12
46.76	51.04	12
89.05	104.59	12
169.59	202.48	12
251.39	290.45	12
331.52	396.13	12
417.21	488.14	12
496.12	569.94	12
571.27	671.09	12
653.08	781.83	12
733.97	829.58	12
0.23	0.24	12
0.24	0.22	12
0.25	0.24	12
0.25	0.21	12
0.22	0.23	12
0.26	0.23	12
0.27	0.29	12
0.32	0.34	12
0.4	0.43	12
0.6	0.57	12
0.97	0.97	12
1.56	1.16	12
2.47	2.48	12
4.95	3.84	12
10.22	7.2	12
21.41	17.35	12
44.21	41.79	12
87.02	88.59	12
181.18	149.49	12
361.91	289.42	12
720.24	696.71	12
1401.68	877.55	12
2072.23	1888.28	12
2744.54	2136.46	12
3423.94	2142.27	12
4091.8	2548.61	12
4764.24	3081.25	12
5437.77	3442.98	12
6111.8	3903.66	12
0.31	0.26	12
0.3	0.29	12
0.28	0.3	12
0.32	0.29	12
0.31	0.32	12
0.33	0.28	12
0.33	0.31	12
0.36	0.33	12
0.41	0.41	12
0.57	0.53	12
0.54	0.58	12
0.82	1.0	12
1.04	1.28	12
1.68	1.95	12
2.41	2.99	12
4.3	5.48	12
7.5	10.12	12
13.46	19.65	12
24.78	33.05	12
45.85	61.43	12
88.24	120.19	12
177.62	243.78	12
255.04	310.03	12
334.9	393.88	12
411.88	487.53	12
489.86	649.33	12
573.57	633.34	12
652.33	759.0	12
733.42	832.59	12
0.33	0.28	13
0.33	0.29	13
0.49	0.42	13
0.62	0.66	13
1.1	1.16	13
2.09	1.69	13
3.77	2.89	13
7.17	3.33	13
14.21	4.21	13
28.02	6.47	13
53.42	8.84	13
99.78	14.16	13
186.47	25.0	13
308.13	41.59	13
469.09	70.37	13
605.3	108.73	13
663.85	145.69	13
742.4	199.47	13
885.85	307.73	13
1202.28	522.74	13
1520.84	734.04	13
1805.08	942.19	13
2128.97	1156.51	13
2492.49	1389.14	13
2739.1	1559.35	13
2921.14	1758.38	13
3086.0	1969.59	13
0.37	0.27	13
0.32	0.33	13
0.44	0.4	13
0.63	0.64	13
1.09	1.1	13
1.93	1.88	13
3.69	3.22	13
7.12	2.82	13
13.97	5.14	13
27.88	5.34	13
52.95	10.8	13
101.46	15.15	13
187.4	27.83	13
328.56	48.32	13
536.25	79.9	13
723.16	130.03	13
857.23	184.75	13
1004.76	279.95	13
1386.38	468.69	13
2045.06	836.39	13
2702.61	1198.36	13
3469.11	1567.46	13
4151.81	1921.12	13
4875.11	2291.84	13
5470.98	2641.7	13
6006.65	2991.49	13
6450.99	3281.21	13
0.29	0.27	13
0.28	0.31	13
0.39	0.38	13
0.62	0.61	13
1.0	0.94	13
1.7	1.8	13
3.28	2.66	13
6.32	3.52	13
12.37	3.21	13
24.38	4.42	13
46.45	8.19	13
89.51	11.29	13
157.51	20.57	13
274.01	32.97	13
430.25	55.13	13
524.01	84.88	13
595.82	117.39	13
673.32	166.76	13
827.92	265.15	13
1101.98	466.51	13
1389.09	671.94	13
1676.43	859.03	13
1968.85	1065.29	13
2256.78	1281.99	13
2499.81	1458.01	13
2723.32	1666.09	13
2895.52	1852.48	13
0.34	0.3	13
0.3	0.33	13
0.38	0.41	13
0.59	0.65	13
1.01	0.96	13
1.77	1.54	13
3.33	1.96	13
6.24	3.2	13
12.27	3.63	13
24.23	5.43	13
46.22	7.9	13
88.36	13.53	13
164.81	21.25	13
286.85	37.78	13
468.83	61.56	13
640.72	103.53	13
773.29	153.88	13
921.19	246.65	13
1256.43	416.98	13
1842.24	748.53	13
2483.07	1068.39	13
3136.48	1396.48	13
3772.06	1743.08	13
4416.22	2042.28	13
4951.7	2352.49	13
5502.03	2666.26	13
5892.99	2960.91	13
0.4	0.28	14
0.29	0.37	14
0.49	0.46	14
0.7	0.74	14
1.23	1.33	14
2.09	1.69	14
3.96	2.49	14
8.07	3.1	14
15.18	6.62	14
29.77	7.64	14
59.53	11.15	14
111.15	15.59	14
204.04	27.1	14
358.81	49.88	14
554.18	80.92	14
789.87	127.14	14
874.17	183.73	14
1025.93	269.96	14
1328.2	445.43	14
1785.01	768.2	14
2237.17	1104.58	14
2763.55	1441.13	14
3298.08	1775.95	14
3777.5	2109.89	14
4140.46	2485.57	14
4440.73	2771.8	14
4783.75	3086.67	14
0.35	0.31	14
0.32	0.36	14
0.47	0.46	14
0.69	0.68	14
1.21	1.09	14
2.2	2.08	14
4.1	3.63	14
7.73	3.36	14
16.14	6.2	14
31.25	6.43	14
58.99	9.96	14
112.05	14.62	14
202.39	26.78	14
333.95	43.37	14
518.99	74.69	14
676.8	113.84	14
770.53	151.73	14
904.58	213.63	14
1156.91	328.14	14
1619.74	555.64	14
2137.59	787.22	14
2620.89	1010.22	14
3180.9	1228.67	14
3635.57	1421.6	14
4116.12	1679.51	14
4460.33	1842.6	14
4733.15	1980.28	14
0.32	0.26	14
0.32	0.3	14
0.38	0.39	14
0.57	0.55	14
0.98	1.01	14
1.67	1.67	14
3.27	2.43	14
6.31	2.74	14
12.14	4.77	14
23.3	4.45	14
44.71	7.31	14
87.0	12.12	14
156.93	20.91	14
260.89	35.81	14
436.45	60.1	14
617.09	94.45	14
682.56	138.44	14
830.07	220.88	14
1038.5	367.93	14
1467.85	657.41	14
1923.98	949.91	14
2300.21	1256.83	14
2756.74	1555.55	14
3214.42	1864.3	14
3573.85	2144.3	14
3862.79	2423.5	14
4117.11	2726.68	14
0.32	0.28	14
0.33	0.32	14
0.49	0.45	14
0.62	0.61	14
1.13	1.13	14
2.06	2.01	14
4.18	3.36	14
7.82	2.49	14
14.87	4.17	14
29.45	6.36	14
57.16	9.28	14
105.22	13.94	14
187.62	25.41	14
321.22	42.37	14
504.47	67.28	14
656.9	102.68	14
732.97	142.76	14
851.83	195.78	14
1111.35	306.36	14
1564.67	531.67	14
2082.18	741.22	14
2539.73	943.33	14
3098.4	1144.44	14
3541.14	1333.48	14
3998.02	1506.24	14
4328.36	1684.83	14
4630.25	1875.99	14
0.37	0.31	15
0.36	0.4	15
0.45	0.43	15
0.62	0.65	15
1.17	1.01	15
2.0	1.97	15
3.62	2.66	15
7.04	3.53	15
13.87	4.33	15
26.5	6.36	15
52.4	9.07	15
99.94	12.97	15
183.72	24.42	15
298.55	40.48	15
469.19	68.21	15
606.95	104.87	15
696.61	146.05	15
814.86	204.01	15
1044.18	313.88	15
1491.01	548.62	15
1994.24	766.97	15
2433.81	993.2	15
2870.38	1204.32	15
3336.86	1414.48	15
3742.1	1631.13	15
4107.15	1840.03	15
4394.92	2055.4	15
0.37	0.27	15
0.34	0.35	15
0.45	0.44	15
0.69	0.63	15
1.12	0.96	15
1.97	1.66	15
3.69	3.01	15
7.18	4.53	15
13.76	5.44	15
26.67	5.82	15
51.78	9.17	15
99.6	15.98	15
184.03	28.37	15
314.06	44.63	15
504.88	77.33	15
703.81	122.37	15
780.42	177.09	15
897.93	262.71	15
1151.38	430.92	15
1607.77	758.69	15
2118.75	1095.17	15
2579.03	1423.43	15
3053.38	1760.88	15
3511.15	2090.01	15
3901.36	2457.32	15
4208.95	2767.83	15
4524.13	3040.7	15
0.28	0.28	15
0.3	0.29	15
0.42	0.37	15
0.59	0.6	15
1.0	0.85	15
1.69	1.76	15
3.27	2.65	15
6.38	3.42	15
12.0	2.82	15
23.68	4.74	15
46.14	7.35	15
86.43	10.3	15
159.22	19.74	15
265.46	31.97	15
410.48	53.9	15
515.55	81.15	15
629.38	113.6	15
707.55	173.12	15
933.75	268.77	15
1351.17	474.4	15
1812.69	687.34	15
2220.49	876.66	15
2668.38	1070.34	15
3073.87	1267.25	15
3475.76	1469.51	15
3762.31	1643.67	15
4019.58	1849.5	15
0.3	0.33	15
0.3	0.31	15
0.39	0.43	15
0.59	0.59	15
1.01	0.83	15
1.7	1.66	15
3.17	2.8	15
6.2	4.19	15
12.03	4.13	15
23.58	5.55	15
45.58	6.87	15
85.04	12.13	15
155.64	21.53	15
275.19	36.91	15
445.51	58.51	15
607.9	94.88	15
695.93	143.28	15
814.61	219.89	15
1044.75	374.57	15
1492.26	664.33	15
1899.25	964.76	15
2328.84	1266.0	15
2787.28	1580.72	15
3179.3	1863.22	15
3601.76	2175.6	15
3904.3	2455.88	15
4111.49	2708.96	15
0.27	0.27	16
0.3	0.3	16
0.46	0.46	16
0.67	0.63	16
1.07	1.11	16
1.89	2.0	16
3.85	2.95	16
7.34	2.86	16
14.2	4.48	16
27.24	6.32	16
54.62	11.27	16
103.32	16.81	16
187.55	28.64	16
320.86	48.09	16
523.63	79.48	16
726.2	125.44	16
856.13	181.92	16
998.11	273.84	16
1345.08	452.06	16
1967.99	798.25	16
2584.29	1132.48	16
3207.64	1487.06	16
3828.64	1836.32	16
4460.47	2164.01	16
5004.94	2514.07	16
5497.45	2805.86	16
5935.14	3120.8	16
0.34	0.26	16
0.32	0.38	16
0.45	0.44	16
0.64	0.66	16
1.08	1.11	16
2.19	1.96	16
3.83	2.48	16
6.99	3.85	16
14.35	5.16	16
28.21	6.01	16
54.24	8.08	16
101.92	16.13	16
182.1	24.63	16
311.03	42.21	16
480.4	71.56	16
605.38	109.33	16
677.26	147.9	16
746.36	200.2	16
922.89	310.09	16
1238.12	519.14	16
1499.81	739.66	16
1792.23	949.98	16
2134.31	1168.41	16
2425.88	1370.47	16
2656.13	1595.46	16
2866.05	1802.58	16
2994.3	1972.55	16
0.28	0.24	16
0.32	0.29	16
0.4	0.38	16
0.62	0.59	16
0.93	0.92	16
1.69	1.52	16
3.24	1.85	16
6.12	3.29	16
12.01	4.14	16
23.53	4.41	16
45.78	7.35	16
87.48	13.79	16
163.67	20.49	16
275.26	36.19	16
455.38	58.74	16
634.45	96.47	16
728.82	144.03	16
880.01	223.15	16
1162.52	387.62	16
1715.5	688.79	16
2261.6	991.74	16
2822.58	1286.91	16
3395.2	1585.5	16
3984.79	1886.72	16
4458.59	2157.33	16
4892.37	2461.49	16
5292.8	2734.1	16
0.31	0.26	16
0.31	0.36	16
0.36	0.44	16
0.65	0.66	16
1.09	0.95	16
2.03	1.88	16
3.7	3.1	16
7.18	4.13	16
13.38	4.79	16
26.88	6.38	16
51.66	7.57	16
96.69	14.65	16
179.56	24.27	16
300.84	38.15	16
454.32	62.86	16
570.97	95.59	16
637.6	131.32	16
723.15	182.65	16
868.96	285.56	16
1210.68	485.73	16
1490.59	676.45	16
1786.98	881.3	16
2119.2	1086.51	16
2440.71	1288.44	16
2635.77	1496.37	16
2855.88	1696.76	16
2987.14	1864.24	16
0.45	0.43	17
0.68	0.6	17
1.13	0.97	17
1.96	1.71	17
3.34	2.42	17
6.02	5.0	17
11.86	8.5	17
23.87	14.24	17
46.07	14.45	17
93.04	21.97	17
179.19	24.0	17
344.54	40.77	17
649.08	77.08	17
1194.42	146.87	17
2030.53	270.59	17
3036.65	497.17	17
3626.32	870.77	17
3929.57	1337.6	17
4421.59	1785.1	17
5238.28	2474.33	17
5933.83	3126.42	17
6551.19	3761.77	17
7211.48	4410.09	17
7766.05	4992.65	17
8307.07	5595.68	17
8840.66	6212.89	17
9334.14	6641.19	17
0.44	0.36	17
0.59	0.64	17
0.97	0.94	17
1.66	1.84	17
3.36	3.12	17
6.51	5.98	17
12.8	12.43	17
25.4	11.71	17
49.29	16.0	17
97.49	25.5	17
194.08	41.66	17
382.23	68.57	17
745.49	133.72	17
1434.95	249.35	17
2679.81	462.64	17
4816.22	839.37	17
8000.33	1427.7	17
10640.36	2144.68	17
11575.94	2728.89	17
13155.16	3647.26	17
14350.59	4431.29	17
15552.03	5235.57	17
16593.61	6031.82	17
17680.7	6848.02	17
18594.24	7644.54	17
19513.69	8419.54	17
20206.39	9110.73	17
0.43	0.35	17
0.54	0.46	17
0.87	0.81	17
1.38	1.48	17
2.66	2.76	17
5.17	4.95	17
10.24	7.57	17
19.42	4.7	17
38.55	10.89	17
77.36	9.83	17
145.28	24.87	17
284.84	35.21	17
528.69	58.65	17
967.35	116.62	17
1681.09	214.37	17
2520.45	383.73	17
2994.81	670.25	17
3376.14	1039.38	17
3810.08	1410.59	17
4589.86	2015.64	17
5255.02	2622.22	17
5878.36	3205.05	17
6518.48	3782.54	17
7079.46	4442.42	17
7659.35	5017.3	17
8177.07	5527.16	17
8659.76	6018.26	17
0.45	0.38	17
0.62	0.56	17
1.04	0.89	17
1.82	1.74	17
3.29	3.21	17
6.34	4.91	17
12.6	9.46	17
24.31	16.57	17
47.12	15.45	17
93.49	21.31	17
182.79	40.22	17
361.7	67.22	17
709.45	131.47	17
1364.46	248.4	17
2560.38	442.9	17
4560.07	781.45	17
7583.27	1335.43	17
9973.64	1975.47	17
10924.32	2471.73	17
12684.06	3411.73	17
13930.8	4163.25	17
15030.0	4875.75	17
16114.58	5635.17	17
17089.24	6416.69	17
17939.9	7188.97	17
19130.96	7888.65	17
19970.98	8498.81	17
0.53	0.47	18
0.69	0.71	18
1.12	1.06	18
1.8	1.9	18
3.61	3.0	18
6.96	3.88	18
13.76	10.72	18
27.1	15.73	18
53.99	14.15	18
106.66	27.36	18
211.58	38.91	18
417.57	77.64	18
819.51	143.24	18
1573.12	268.42	18
2977.82	493.22	18
5354.21	890.37	18
8806.73	1510.48	18
11767.77	2279.3	18
12770.95	2912.37	18
14233.44	3781.27	18
15585.98	4604.14	18
16857.74	5401.94	18
17951.96	6248.71	18
19007.42	7040.89	18
19774.82	7814.47	18
20685.05	8550.59	18
21249.15	9179.48	18
0.53	0.43	18
0.67	0.59	18
1.08	1.04	18
1.87	1.6	18
3.53	3.44	18
6.45	5.87	18
13.07	10.68	18
25.35	14.76	18
50.12	14.35	18
101.03	16.93	18
197.41	29.32	18
377.28	50.02	18
714.82	79.46	18
1301.45	158.5	18
2221.75	285.4	18
3287.47	515.91	18
3944.0	913.89	18
4322.96	1397.49	18
4885.91	1850.43	18
5736.8	2564.38	18
6588.34	3165.41	18
7277.97	3751.9	18
7977.65	4333.61	18
8668.34	4946.5	18
9158.58	5585.08	18
9918.7	6193.13	18
10410.25	6784.43	18
0.42	0.29	18
0.55	0.47	18
0.79	0.74	18
1.4	1.45	18
2.52	2.69	18
4.93	4.16	18
9.76	4.36	18
19.0	7.87	18
38.19	8.0	18
74.37	17.49	18
145.83	27.73	18
287.67	51.71	18
561.75	94.88	18
1075.49	175.59	18
2027.23	313.65	18
3626.08	560.96	18
5931.26	947.88	18
7866.19	1443.88	18
8735.9	1924.01	18
10001.44	2645.66	18
11043.97	3373.36	18
12072.88	4119.27	18
13044.45	4812.09	18
13855.4	5528.84	18
14617.08	6217.61	18
15454.33	6933.86	18
16041.74	7528.55	18
0.53	0.48	18
0.56	0.68	18
0.92	0.97	18
1.88	1.61	18
3.39	3.27	18
6.26	6.27	18
12.02	8.82	18
23.37	15.56	18
47.05	12.96	18
90.71	16.53	18
180.22	25.29	18
343.77	44.01	18
668.3	79.3	18
1229.01	145.21	18
2079.4	266.41	18
3200.27	501.37	18
3839.33	876.11	18
4212.27	1332.24	18
4727.89	1723.35	18
5592.09	2386.98	18
6398.27	2991.51	18
7087.56	3544.88	18
7748.83	4144.09	18
8411.34	4747.87	18
8918.28	5322.1	18
9673.3	5876.91	18
10187.62	6424.22	18
0.49	0.45	19
0.61	0.6	19
0.97	1.15	19
1.79	1.79	19
3.23	3.21	19
6.08	5.67	19
11.91	7.76	19
24.34	16.33	19
47.98	14.75	19
92.85	15.36	19
183.0	25.53	19
353.26	40.92	19
683.1	84.1	19
1243.86	151.61	19
2121.43	277.02	19
3133.6	515.19	19
3771.6	893.06	19
4128.66	1368.03	19
4699.85	1816.04	19
5588.96	2529.88	19
6333.06	3133.56	19
7040.89	3694.49	19
7796.81	4301.13	19
8421.19	4908.62	19
9012.14	5518.57	19
9663.43	6143.78	19
10114.35	6708.41	19
0.5	0.46	19
0.61	0.57	19
1.12	0.98	19
1.86	1.8	19
3.39	3.46	19
6.51	6.49	19
13.15	9.95	19
26.43	14.55	19
50.87	15.15	19
101.79	26.62	19
202.58	39.96	19
397.14	74.35	19
780.96	137.18	19
1505.93	255.73	19
2830.08	482.45	19
5072.43	866.54	19
8330.29	1469.37	19
11058.14	2199.68	19
12188.14	2827.73	19
13771.87	3739.77	19
15095.06	4565.91	19
16383.96	5388.0	19
17568.71	6204.35	19
18557.12	7039.93	19
19428.07	7829.01	19
20152.65	8609.44	19
20774.95	9207.98	19
0.4	0.38	19
0.58	0.49	19
0.83	0.89	19
1.52	1.35	19
2.63	2.33	19
4.98	4.03	19
9.89	8.41	19
19.38	10.26	19
38.8	9.88	19
75.44	12.81	19
148.56	23.25	19
292.89	35.45	19
552.94	66.67	19
997.84	119.91	19
1677.83	215.35	19
2513.44	393.42	19
3023.09	679.28	19
3379.79	1038.07	19
3921.89	1432.92	19
4709.32	2079.36	19
5424.7	2648.84	19
6046.62	3192.86	19
6781.61	3765.09	19
7374.8	4348.66	19
7975.49	4898.61	19
8617.44	5452.42	19
9052.48	6025.73	19
0.49	0.36	19
0.6	0.6	19
0.91	0.88	19
1.79	1.38	19
2.98	2.91	19
5.93	5.36	19
11.97	10.79	19
23.34	8.81	19
47.32	16.85	19
92.41	24.59	19
184.47	40.98	19
365.48	70.38	19
702.58	129.96	19
1359.54	240.66	19
2540.14	438.59	19
4549.15	793.53	19
7427.32	1312.29	19
9841.71	1932.85	19
10883.59	2480.71	19
12145.44	3250.61	19
13345.97	3969.06	19
14454.59	4713.52	19
15668.12	5503.19	19
16613.58	6231.36	19
17363.27	7021.95	19
18143.73	7697.49	19
18687.75	8352.75	19
0.52	0.44	20
0.72	0.64	20
1.18	1.08	20
2.01	1.84	20
3.8	4.0	20
7.08	5.18	20
14.27	10.11	20
28.7	13.46	20
56.58	13.0	20
111.04	27.81	20
219.39	46.94	20
433.86	77.34	20
849.67	147.99	20
1631.8	271.83	20
3024.78	501.23	20
5501.18	903.57	20
8920.67	1523.18	20
11945.92	2285.71	20
13010.14	2911.19	20
14644.14	3852.7	20
16209.32	4697.58	20
17141.3	5523.7	20
18658.95	6429.71	20
19801.87	7266.37	20
20862.99	8064.63	20
21771.2	8854.75	20
22449.1	9573.88	20
0.48	0.4	20
0.8	0.69	20
1.1	1.07	20
2.05	2.04	20
3.72	3.68	20
6.77	6.98	20
13.35	5.1	20
26.89	13.13	20
52.43	21.18	20
104.1	17.71	20
203.81	29.89	20
390.47	49.52	20
733.15	81.81	20
1324.59	155.15	20
2252.49	287.99	20
3352.5	525.71	20
3973.09	926.93	20
4346.26	1419.5	20
4889.61	1889.4	20
5718.79	2586.07	20
6455.84	3220.73	20
7096.43	3877.72	20
7724.58	4502.71	20
8350.69	5122.79	20
8859.46	5745.04	20
9391.47	6281.47	20
9842.94	6753.8	20
0.37	0.36	20
0.49	0.52	20
0.94	0.96	20
1.46	1.64	20
2.99	2.83	20
5.39	3.88	20
10.6	8.99	20
20.77	10.41	20
41.0	13.31	20
83.57	17.74	20
164.17	33.36	20
321.97	64.49	20
639.86	116.91	20
1216.52	213.45	20
2266.2	394.83	20
4029.09	696.61	20
6603.62	1148.12	20
8851.31	1693.56	20
9772.45	2188.83	20
10899.68	2991.17	20
12083.81	3678.19	20
12932.73	4469.89	20
14580.38	5220.62	20
15512.94	5923.62	20
16381.68	6623.53	20
17059.13	7262.46	20
17811.33	7853.9	20
0.49	0.41	20
0.61	0.7	20
0.93	0.84	20
1.8	1.87	20
3.37	3.31	20
6.1	4.84	20
12.07	9.26	20
23.75	13.92	20
47.67	12.16	20
94.11	19.71	20
179.84	24.78	20
349.15	37.17	20
649.32	82.45	20
1190.94	147.21	20
1982.15	268.61	20
2970.22	486.71	20
3518.18	825.91	20
3863.79	1260.22	20
4388.35	1638.95	20
5171.05	2265.2	20
5842.22	2845.54	20
6462.0	3433.43	20
7133.33	4067.09	20
7736.28	4656.64	20
8254.57	5240.93	20
8774.68	5746.35	20
9293.95	6229.44	20
0.98	0.74	21
0.87	1.0	21
1.24	1.43	21
1.75	1.7	21
1.14	1.85	21
1.58	1.89	21
2.33	2.09	21
2.83	2.34	21
2.31	2.57	21
3.41	4.26	21
4.88	5.8	21
7.42	10.23	21
11.6	17.65	21
20.95	32.89	21
37.81	63.49	21
70.84	120.41	21
137.66	240.36	21
265.97	464.35	21
391.53	688.86	21
517.8	909.94	21
657.55	1133.28	21
765.41	1355.02	21
888.85	1577.32	21
1023.23	1806.38	21
1141.28	2037.16	21
1.1	1.13	21
1.38	1.46	21
2.08	1.34	21
2.05	2.25	21
2.43	2.31	21
2.77	2.13	21
3.65	3.16	21
4.32	3.62	21
6.77	4.95	21
11.14	8.49	21
20.46	12.96	21
37.37	21.15	21
75.35	39.3	21
148.42	78.11	21
292.92	153.62	21
583.58	301.9	21
1159.66	601.46	21
2251.72	1168.99	21
3338.6	1736.64	21
4431.03	2300.64	21
5508.15	2870.55	21
6605.52	3431.67	21
7688.68	3997.67	21
8784.88	4562.42	21
9856.51	5124.78	21
0.82	0.77	21
0.72	0.88	21
1.1	1.08	21
1.17	1.48	21
1.66	1.19	21
1.6	2.02	21
1.88	1.76	21
2.19	2.46	21
2.53	2.51	21
3.22	3.98	21
4.57	6.37	21
6.86	10.42	21
11.78	19.21	21
20.14	32.93	21
37.76	61.36	21
69.6	119.62	21
137.86	247.72	21
265.87	474.93	21
393.14	656.68	21
513.77	879.52	21
644.96	1146.67	21
764.48	1308.61	21
898.61	1550.34	21
1041.96	1487.28	21
1147.64	1929.54	21
1.06	1.15	21
1.44	1.59	21
1.69	1.85	21
2.4	1.73	21
2.58	2.35	21
2.35	1.91	21
2.6	3.05	21
3.85	4.01	21
6.57	4.54	21
11.4	6.99	21
20.84	12.48	21
37.1	22.68	21
71.14	40.18	21
144.98	77.71	21
284.62	151.38	21
563.27	298.61	21
1119.34	590.19	21
2175.85	1142.88	21
3223.44	1679.39	21
4278.95	2241.0	21
5316.69	2787.65	21
6374.64	3323.89	21
7436.78	3844.98	21
8483.89	4412.61	21
9524.07	4962.97	21
1.24	0.96	22
1.44	1.4	22
1.56	1.85	22
1.96	2.11	22
2.25	2.0	22
2.59	2.4	22
2.54	2.78	22
2.61	2.96	22
3.77	3.77	22
5.0	5.33	22
7.02	8.64	22
12.32	15.08	22
21.14	27.14	22
38.81	50.85	22
74.97	97.78	22
142.39	189.15	22
281.83	372.79	22
541.62	725.66	22
803.78	1079.32	22
1074.99	1427.17	22
1322.46	1781.55	22
1585.27	2131.82	22
1844.25	2471.93	22
2100.84	2822.42	22
2359.87	3187.64	22
0.86	0.81	22
1.09	1.08	22
1.42	1.23	22
1.66	1.61	22
1.44	2.17	22
1.75	2.08	22
2.71	1.85	22
3.6	3.04	22
5.86	4.76	22
9.36	6.49	22
18.72	10.17	22
34.24	18.88	22
67.18	35.25	22
128.78	66.82	22
256.98	129.76	22
502.68	252.82	22
994.61	494.88	22
1927.73	960.74	22
2830.84	1417.24	22
3743.43	1853.73	22
4672.61	2320.39	22
5610.83	2786.34	22
6537.29	3249.08	22
7471.96	3716.53	22
8400.59	4176.4	22
0.8	0.8	22
1.35	1.13	22
1.62	1.71	22
1.87	1.87	22
1.66	1.63	22
1.98	1.86	22
2.48	2.59	22
2.89	3.05	22
3.31	4.23	22
4.52	5.21	22
7.05	7.91	22
11.56	15.1	22
19.76	27.16	22
36.2	52.8	22
68.68	94.56	22
132.45	185.14	22
264.79	359.02	22
510.08	714.03	22
749.98	1003.45	22
990.18	1324.18	22
1236.49	1699.69	22
1473.29	1977.5	22
1719.27	2311.03	22
1957.29	2406.36	22
2200.97	2922.24	22
0.72	0.74	22
0.95	0.93	22
1.22	1.32	22
1.23	1.82	22
2.03	1.5	22
2.14	1.94	22
2.75	2.65	22
2.95	2.68	22
5.08	4.21	22
8.79	6.92	22
16.44	9.03	22
32.59	19.62	22
61.07	32.58	22
119.79	62.13	22
237.13	121.02	22
466.14	236.36	22
930.21	466.54	22
1795.65	897.16	22
2645.41	1323.93	22
3494.21	1731.44	22
4348.67	2165.49	22
5210.92	2583.9	22
6113.19	3023.93	22
6949.06	3446.18	22
7808.55	3882.28	22
0.8	0.9	23
1.22	1.16	23
1.44	1.45	23
1.82	1.86	23
1.84	1.9	23
2.57	2.19	23
3.34	2.21	23
4.34	3.55	23
6.31	4.23	23
10.63	6.87	23
19.78	11.5	23
36.32	20.22	23
73.02	40.23	23
144.37	76.99	23
281.42	146.52	23
558.22	285.7	23
1057.8	521.16	23
1999.03	1013.54	23
2946.61	1474.8	23
3900.24	1950.81	23
4826.78	2430.24	23
5788.83	2896.77	23
6723.74	3333.07	23
7540.19	3727.76	23
8378.74	4116.42	23
1.17	1.12	23
1.62	1.4	23
2.34	2.11	23
2.31	2.32	23
2.42	2.1	23
2.56	2.87	23
3.15	2.67	23
3.09	3.32	23
4.31	4.27	23
5.52	5.69	23
7.58	8.87	23
13.03	14.5	23
20.9	27.1	23
38.46	51.65	23
73.36	96.66	23
142.29	186.94	23
279.22	371.44	23
538.41	724.59	23
801.05	1075.11	23
1060.86	1425.26	23
1316.36	1785.86	23
1584.01	2135.23	23
1844.62	2470.12	23
2100.63	2828.11	23
2350.58	3171.35	23
0.65	0.7	23
0.88	1.0	23
1.1	0.94	23
1.3	1.17	23
1.61	1.64	23
2.23	1.65	23
2.17	2.01	23
3.04	2.59	23
5.52	4.27	23
7.77	5.78	23
15.33	8.14	23
28.14	14.27	23
53.38	28.24	23
105.73	52.47	23
210.21	102.16	23
403.34	200.11	23
799.45	381.01	23
1542.86	725.15	23
2278.29	1075.5	23
3009.22	1942.16	23
3759.94	1771.38	23
4483.21	2104.23	23
5230.84	2433.06	23
5984.7	2796.55	23
6716.03	3133.35	23
1.17	1.02	23
1.4	1.39	23
1.64	2.16	23
2.6	2.47	23
2.38	2.21	23
2.61	1.8	23
2.9	2.41	23
3.06	2.57	23
3.6	4.16	23
4.77	5.2	23
7.11	8.15	23
11.66	14.55	23
20.28	24.69	23
36.81	53.07	23
68.45	96.38	23
134.27	191.66	23
261.05	370.07	23
502.3	735.75	23
747.26	990.18	23
993.45	1319.07	23
1234.16	1716.21	23
1477.93	1989.51	23
1717.03	2298.35	23
1962.61	2608.59	23
2201.44	2934.57	23
0.92	0.85	24
1.19	1.03	24
1.75	1.46	24
2.07	1.67	24
2.37	1.88	24
2.01	1.88	24
2.69	2.17	24
3.63	3.19	24
5.7	4.45	24
9.62	6.61	24
18.56	11.47	24
33.77	18.82	24
67.62	36.8	24
134.49	70.57	24
266.84	136.12	24
524.4	278.05	24
1068.35	545.98	24
2076.26	1063.58	24
3081.55	1575.06	24
4087.21	2093.06	24
5176.67	2656.68	24
6271.26	3219.76	24
7377.06	3798.13	24
8475.47	4357.4	24
9564.48	4932.63	24
0.91	0.8	24
1.25	1.02	24
1.51	1.55	24
1.58	1.72	24
1.4	1.56	24
1.77	1.95	24
2.04	1.72	24
2.19	2.21	24
2.83	2.59	24
2.73	3.86	24
4.16	6.06	24
7.17	10.12	24
11.74	18.07	24
20.36	33.18	24
38.01	62.28	24
69.77	122.63	24
138.47	239.22	24
268.22	461.92	24
395.24	683.78	24
525.96	907.58	24
650.37	1136.97	24
771.69	1352.59	24
899.53	1578.68	24
1020.36	1807.85	24
1144.2	2027.41	24
0.89	0.83	24
1.23	1.2	24
1.54	1.36	24
1.63	1.42	24
1.79	1.77	24
2.15	2.31	24
2.39	2.2	24
3.44	3.22	24
5.11	4.95	24
8.88	6.28	24
16.13	10.05	24
30.54	17.53	24
58.95	31.78	24
115.77	60.17	24
228.27	117.53	24
450.95	228.17	24
896.17	453.89	24
1748.62	870.7	24
2605.39	1281.31	24
3451.87	1698.9	24
4394.31	2166.74	24
5330.82	2656.26	24
6289.05	3110.88	24
7261.16	3604.97	24
8203.99	4069.01	24
0.71	0.69	24
0.93	0.92	24
1.09	1.18	24
1.17	1.2	24
1.77	1.54	24
1.49	1.48	24
1.76	1.84	24
2.09	2.18	24
2.38	2.63	24
3.16	4.2	24
4.16	6.84	24
6.89	9.54	24
11.34	20.11	24
20.67	34.58	24
37.39	76.23	24
69.58	126.68	24
137.38	261.06	24
264.15	462.9	24
391.58	677.6	24
514.82	906.76	24
642.99	1167.9	24
770.82	1321.68	24
891.94	1512.85	24
1019.9	1726.25	24
1144.42	1954.97	24
0.56	0.49	25
0.6	0.59	25
0.66	0.76	25
0.73	0.73	25
0.92	1.03	25
0.94	1.08	25
1.69	1.56	25
2.16	2.11	25
3.35	3.52	25
5.24	5.34	25
8.65	9.28	25
15.12	15.47	25
27.93	29.33	25
52.22	52.78	25
96.14	105.3	25
192.09	201.6	25
369.01	382.32	25
543.55	565.57	25
713.18	745.0	25
896.84	926.2	25
1071.48	1106.88	25
1241.18	1285.79	25
1417.31	1477.27	25
1593.93	1642.15	25
0.65	0.5	25
0.73	0.67	25
0.88	0.86	25
1.59	1.24	25
2.36	1.86	25
3.93	2.59	25
8.16	4.07	25
14.06	6.8	25
29.45	12.57	25
58.83	22.72	25
115.89	44.28	25
227.67	87.32	25
456.65	170.72	25
899.68	341.66	25
1802.95	680.15	25
3588.44	1350.13	25
6959.32	2625.62	25
10342.92	3889.03	25
13718.01	5158.94	25
17058.25	6438.84	25
20237.74	7671.51	25
23498.97	8862.08	25
26694.54	10105.63	25
29824.87	11283.19	25
0.43	0.39	25
0.43	0.47	25
0.57	0.63	25
0.61	0.66	25
0.86	0.89	25
0.99	0.93	25
1.46	1.42	25
1.85	1.71	25
3.14	2.79	25
5.02	4.43	25
9.05	7.71	25
15.02	12.29	25
28.11	23.16	25
51.43	42.86	25
98.93	73.49	25
191.86	149.38	25
370.15	282.88	25
548.39	416.16	25
718.4	538.18	25
890.78	668.79	25
1065.68	799.07	25
1245.79	936.35	25
1410.89	1046.79	25
1589.79	1183.66	25
0.57	0.58	25
0.71	0.7	25
0.93	1.02	25
1.24	1.19	25
1.95	1.46	25
3.44	2.19	25
7.01	3.38	25
13.73	6.08	25
26.36	10.84	25
51.58	19.74	25
101.63	39.69	25
195.97	81.95	25
388.15	147.94	25
788.8	288.27	25
1536.64	581.12	25
3073.47	1114.67	25
5762.86	2129.63	25
8579.56	3200.52	25
11384.38	4140.21	25
13928.07	5041.18	25
16702.56	6198.33	25
19343.02	7088.38	25
21545.6	7679.3	25
24297.41	8703.99	25
0.59	0.47	26
0.67	0.61	26
0.78	0.87	26
1.07	1.0	26
1.5	1.27	26
1.87	1.69	26
2.5	2.25	26
3.11	3.24	26
4.97	4.88	26
8.54	7.91	26
13.21	14.57	26
24.99	26.07	26
47.26	48.88	26
91.94	93.62	26
177.61	186.32	26
349.98	364.46	26
677.12	703.09	26
1005.26	1050.99	26
1332.96	1393.08	26
1663.8	1734.84	26
1983.79	2049.69	26
2314.83	2396.73	26
2638.13	2739.21	26
2956.69	3088.43	26
0.47	0.46	26
0.6	0.58	26
0.79	0.88	26
1.21	1.08	26
1.92	1.45	26
2.86	1.67	26
5.9	2.67	26
11.3	4.15	26
22.16	6.99	26
42.89	12.21	26
86.1	23.55	26
170.37	45.03	26
340.74	88.32	26
671.26	175.34	26
1343.84	347.49	26
2686.98	693.67	26
5235.01	1353.2	26
7779.8	2009.02	26
10293.09	2656.82	26
12829.81	3313.16	26
15226.6	3911.51	26
17446.76	4506.0	26
19527.73	5026.24	26
21634.69	5546.27	26
0.44	0.39	26
0.53	0.51	26
0.67	0.69	26
0.84	0.83	26
1.22	1.17	26
1.35	1.2	26
2.14	2.27	26
3.06	2.72	26
4.41	4.22	26
7.56	7.21	26
12.62	12.84	26
23.7	22.68	26
44.86	43.66	26
87.1	85.24	26
168.23	155.81	26
327.95	307.18	26
633.14	580.71	26
942.0	858.77	26
1247.89	1138.72	26
1556.14	1423.59	26
1855.39	1669.22	26
2163.66	1959.56	26
2468.72	2230.23	26
2777.68	2499.68	26
0.49	0.44	26
0.55	0.54	26
0.76	0.8	26
1.05	1.0	26
1.81	1.58	26
2.9	1.77	26
5.74	2.54	26
10.92	4.16	26
20.49	6.86	26
41.13	12.41	26
84.03	24.72	26
155.1	43.14	26
320.9	84.58	26
641.5	172.34	26
1275.54	347.54	26
2486.15	660.99	26
4817.0	1274.4	26
7144.37	1892.4	26
9291.2	2484.7	26
11498.65	3023.74	26
13371.0	3519.29	26
15275.63	4008.53	26
17085.08	4453.99	26
18935.68	4999.51	26
0.48	0.44	27
0.59	0.51	27
0.68	0.68	27
0.94	0.92	27
1.85	1.19	27
3.04	1.74	27
5.61	2.14	27
10.44	3.48	27
20.29	5.97	27
38.73	11.07	27
75.35	20.4	27
147.82	38.84	27
300.93	77.2	27
587.6	150.83	27
1126.32	295.27	27
2259.1	586.45	27
4604.09	1185.65	27
7038.25	1793.33	27
9401.65	2426.27	27
11711.11	3008.0	27
14115.06	3635.83	27
16518.03	4326.31	27
19498.72	4968.42	27
21915.11	5602.45	27
0.58	0.47	27
0.55	0.63	27
0.66	0.74	27
1.03	1.0	27
1.28	1.11	27
1.75	1.72	27
2.15	2.42	27
3.06	3.18	27
4.56	4.96	27
7.85	8.67	27
14.41	14.62	27
25.7	27.16	27
48.11	51.67	27
94.96	98.38	27
183.04	190.44	27
363.77	379.11	27
705.41	734.98	27
1059.49	1102.28	27
1413.03	1469.24	27
1755.64	1820.1	27
2112.72	2187.61	27
2492.65	2569.13	27
2834.38	2926.82	27
3211.03	3308.86	27
0.39	0.43	27
0.44	0.51	27
0.64	0.59	27
0.82	0.94	27
1.51	1.16	27
2.35	1.61	27
4.96	2.0	27
9.04	3.0	27
17.07	5.45	27
33.19	9.79	27
61.72	18.19	27
122.93	33.77	27
244.26	69.2	27
488.47	131.46	27
989.59	257.3	27
1956.44	518.76	27
3812.7	998.31	27
5643.54	1469.33	27
7376.42	1953.29	27
9063.69	2361.11	27
10893.78	2816.18	27
12445.87	3227.28	27
14191.46	3645.97	27
15735.85	4069.69	27
0.49	0.45	27
0.62	0.68	27
0.66	0.86	27
0.78	0.92	27
1.08	1.27	27
1.43	1.65	27
2.42	2.36	27
3.4	2.92	27
4.65	4.33	27
7.8	7.51	27
13.58	12.67	27
24.33	24.67	27
45.21	46.93	27
86.62	84.38	27
169.03	159.66	27
336.9	320.25	27
652.96	589.05	27
966.63	888.71	27
1288.56	1190.93	27
1601.23	1466.93	27
1921.01	1752.2	27
2262.65	2104.14	27
2593.86	2389.08	27
2929.29	2723.64	27
0.61	0.45	28
0.61	0.66	28
0.81	0.77	28
1.24	1.25	28
2.12	1.46	28
3.68	1.97	28
6.93	3.18	28
13.32	5.06	28
24.39	10.33	28
49.27	18.39	28
100.28	37.44	28
194.48	69.22	28
383.87	141.2	28
756.54	277.05	28
1529.96	562.12	28
3168.33	1154.49	28
6259.97	2322.54	28
9481.28	3527.26	28
12733.16	4656.24	28
16069.17	5881.62	28
19209.21	7137.2	28
22539.87	8444.05	28
25716.02	9590.04	28
28813.05	10788.39	28
0.53	0.41	28
0.63	0.46	28
0.59	0.64	28
0.7	0.72	28
0.84	0.94	28
1.03	1.14	28
1.47	1.52	28
2.05	2.15	28
3.15	3.17	28
5.27	5.1	28
9.11	9.42	28
15.39	15.44	28
28.04	28.22	28
52.08	52.54	28
97.31	100.78	28
190.45	199.52	28
363.6	382.91	28
538.74	564.06	28
716.36	735.4	28
889.31	924.15	28
1064.87	1104.91	28
1236.06	1282.77	28
1405.34	1467.68	28
1580.1	1654.4	28
0.44	0.39	28
0.52	0.52	28
0.76	0.78	28
1.05	0.96	28
1.56	1.19	28
2.7	1.68	28
5.42	2.41	28
10.42	4.39	28
20.22	7.56	28
38.87	13.89	28
76.65	26.82	28
151.04	52.34	28
301.27	103.47	28
602.84	206.74	28
1199.03	408.08	28
2390.87	811.02	28
4661.85	1572.86	28
6930.99	2301.43	28
9047.42	3015.65	28
11490.92	3885.82	28
13604.73	4509.97	28
15794.49	5225.86	28
17874.84	5983.96	28
20104.58	6677.0	28
0.48	0.4	28
0.6	0.56	28
0.55	0.57	28
0.69	0.66	28
0.82	0.98	28
0.97	1.03	28
1.42	1.53	28
2.04	1.79	28
3.05	3.08	28
5.32	4.56	28
9.11	7.23	28
14.67	12.31	28
26.97	23.02	28
52.07	43.7	28
99.1	80.76	28
189.06	148.09	28
362.38	280.74	28
543.21	412.23	28
717.25	532.52	28
887.02	675.25	28
1059.71	805.73	28
1227.98	920.55	28
1402.05	1066.53	28
1585.9	1183.68	28
0.28	0.27	29
0.36	0.37	29
0.44	0.53	29
0.61	0.66	29
0.92	0.87	29
1.48	1.14	29
2.36	2.29	29
2.25	2.85	29
2.25	3.15	29
3.47	3.73	29
3.96	2.92	29
3.64	3.8	29
4.0	4.16	29
5.04	4.56	29
5.97	8.02	29
8.54	11.12	29
13.42	20.79	29
22.2	38.48	29
41.34	62.74	29
79.96	118.21	29
152.43	275.69	29
287.12	532.88	29
419.6	667.97	29
560.41	1041.57	29
701.35	1101.73	29
822.79	1078.64	29
969.28	1804.91	29
1093.63	1421.04	29
1242.54	2328.72	29
0.3	0.3	29
0.38	0.37	29
0.46	0.45	29
0.65	0.69	29
0.92	1.06	29
1.3	1.23	29
2.21	1.89	29
2.43	3.02	29
3.33	3.83	29
4.08	3.27	29
5.05	3.65	29
5.29	4.26	29
7.11	5.77	29
11.22	7.44	29
20.26	12.67	29
36.13	25.9	29
69.88	35.46	29
137.23	93.78	29
272.06	135.12	29
542.21	269.63	29
1079.99	529.73	29
2102.6	1036.89	29
3191.07	1564.5	29
4367.95	3654.28	29
5563.89	2727.4	29
6756.13	3309.88	29
7948.9	5201.97	29
9151.09	4472.15	29
10339.09	5053.75	29
0.24	0.25	29
0.31	0.27	29
0.37	0.4	29
0.54	0.54	29
0.83	0.69	29
1.26	1.31	29
1.71	1.47	29
2.34	1.76	29
3.05	2.3	29
2.51	3.03	29
3.11	3.22	29
3.35	3.61	29
3.73	4.69	29
4.58	4.8	29
5.62	7.06	29
8.71	11.67	29
13.21	20.45	29
23.11	35.45	29
41.91	55.56	29
78.01	116.73	29
152.05	230.82	29
287.64	443.02	29
420.23	650.63	29
559.58	877.54	29
688.76	1250.06	29
839.12	1279.12	29
965.24	1731.85	29
1098.2	1702.85	29
1237.91	2237.62	29
0.26	0.3	29
0.39	0.36	29
0.38	0.42	29
0.64	0.56	29
0.92	1.05	29
1.29	1.29	29
1.7	1.83	29
2.18	2.57	29
3.46	2.88	29
3.3	4.04	29
3.86	3.72	29
4.47	4.7	29
6.58	5.63	29
10.77	6.73	29
19.16	11.59	29
33.52	24.27	29
68.0	45.83	29
131.8	67.15	29
262.6	131.22	29
522.03	262.2	29
1044.85	513.76	29
2024.97	988.69	29
3076.34	2023.44	29
4219.76	2041.89	29
5374.92	2608.27	29
6526.17	3171.47	29
7692.36	3743.56	29
8836.72	4307.05	29
9980.13	6573.32	29
0.33	0.25	30
0.33	0.32	30
0.45	0.4	30
0.63	0.59	30
0.9	0.91	30
1.42	1.72	30
1.75	1.95	30
2.78	2.46	30
2.64	2.71	30
3.0	3.94	30
3.71	3.7	30
4.23	5.17	30
4.59	4.85	30
5.74	6.77	30
7.75	9.21	30
12.96	15.35	30
21.64	24.29	30
39.22	49.01	30
75.22	95.89	30
146.48	187.11	30
288.69	412.25	30
560.14	723.12	30
826.44	1068.07	30
1106.36	1418.71	30
1375.5	1768.0	30
1632.01	2114.79	30
1931.69	2456.54	30
2172.41	2803.17	30
2457.05	2824.78	30
0.29	0.24	30
0.27	0.3	30
0.37	0.42	30
0.66	0.64	30
0.83	0.84	30
1.32	1.33	30
1.9	2.13	30
3.13	2.48	30
3.67	3.27	30
3.67	2.83	30
3.63	4.33	30
5.13	3.68	30
7.74	5.71	30
10.43	7.54	30
19.11	12.67	30
36.87	18.71	30
67.22	45.34	30
129.88	63.75	30
255.81	125.34	30
502.65	243.27	30
993.64	483.6	30
1929.61	938.04	30
2860.63	1880.3	30
3777.79	1831.26	30
4700.21	2263.88	30
5615.08	2717.99	30
6586.61	3193.4	30
7607.38	3692.21	30
8636.77	5680.12	30
0.28	0.26	30
0.29	0.29	30
0.41	0.37	30
0.56	0.51	30
1.02	0.82	30
1.43	1.4	30
1.97	1.49	30
2.71	2.7	30
2.56	2.38	30
2.9	3.48	30
3.32	3.53	30
3.16	4.15	30
4.18	4.23	30
5.56	5.94	30
7.42	9.23	30
11.76	16.78	30
20.13	26.93	30
36.72	54.84	30
72.02	100.48	30
136.37	186.65	30
268.81	398.57	30
522.49	596.16	30
775.37	1005.91	30
1021.47	1324.2	30
1273.68	1848.03	30
1526.06	2234.61	30
1775.32	2293.16	30
2026.4	2630.0	30
2288.94	3308.37	30
0.29	0.26	30
0.35	0.31	30
0.39	0.4	30
0.59	0.59	30
0.78	1.17	30
1.57	1.47	30
1.87	2.46	30
3.16	2.52	30
3.39	3.07	30
3.52	3.54	30
4.08	4.41	30
5.08	5.88	30
7.21	5.33	30
11.56	9.01	30
18.77	12.22	30
33.59	22.56	30
65.41	55.23	30
125.47	63.85	30
248.41	162.39	30
485.34	408.68	30
960.37	473.36	30
1799.51	1192.05	30
2639.81	1748.57	30
3471.86	2246.13	30
4422.58	2130.14	30
5307.68	2534.89	30
6189.87	2973.04	30
7186.12	3605.62	30
8375.14	4115.61	30
0.29	0.26	31
0.34	0.35	31
0.39	0.49	31
0.63	0.54	31
1.08	1.0	31
1.7	1.32	31
2.34	1.56	31
2.3	2.94	31
3.5	3.52	31
4.01	3.78	31
3.31	3.83	31
5.32	4.11	31
7.05	6.37	31
9.98	7.75	31
18.55	10.12	31
32.98	18.4	31
65.24	45.04	31
128.43	63.48	31
251.72	124.46	31
499.71	247.16	31
997.39	657.36	31
1943.56	948.84	31
2885.91	2395.94	31
3833.47	1872.39	31
4775.31	2330.0	31
5712.09	2781.25	31
6589.45	3196.44	31
7471.52	4918.27	31
8435.19	4079.62	31
0.32	0.28	31
0.34	0.32	31
0.45	0.39	31
0.69	0.64	31
1.0	0.92	31
1.47	1.34	31
1.93	1.93	31
3.08	3.2	31
2.53	2.87	31
3.51	2.9	31
2.8	4.51	31
4.08	3.59	31
4.76	4.34	31
6.17	5.7	31
7.93	8.99	31
12.83	15.28	31
20.97	23.85	31
39.44	44.69	31
74.71	106.7	31
145.68	205.15	31
284.73	370.27	31
553.48	638.91	31
826.81	948.03	31
1101.4	1418.63	31
1369.22	1973.04	31
1643.01	1884.74	31
1911.39	2767.78	31
2188.06	3135.52	31
2465.65	3186.31	31
0.25	0.24	31
0.29	0.3	31
0.37	0.36	31
0.53	0.53	31
0.88	0.71	31
1.35	1.39	31
1.89	1.98	31
2.1	2.31	31
3.17	2.73	31
3.28	2.52	31
3.65	4.2	31
4.55	3.89	31
5.8	5.43	31
8.26	6.42	31
16.16	10.47	31
28.95	15.14	31
53.67	36.27	31
104.37	51.87	31
202.59	96.28	31
402.29	187.08	31
800.24	511.16	31
1567.94	716.02	31
2323.21	1059.68	31
3080.34	1401.78	31
3842.74	1851.13	31
4786.75	2222.44	31
5753.1	2697.43	31
6565.22	4198.13	31
7420.31	3471.14	31
0.31	0.28	31
0.3	0.34	31
0.42	0.47	31
0.58	0.58	31
1.14	1.11	31
1.43	1.47	31
1.59	1.85	31
2.64	2.86	31
3.13	3.31	31
3.21	3.42	31
3.69	4.08	31
4.26	4.02	31
4.23	5.2	31
5.59	7.14	31
8.16	11.28	31
12.94	16.85	31
22.82	26.15	31
39.87	55.98	31
74.64	94.27	31
145.31	201.76	31
285.86	322.45	31
555.18	702.53	31
828.17	830.33	31
1095.92	1391.26	31
1386.66	1554.2	31
1647.9	1846.91	31
1907.11	2418.84	31
2189.1	2738.31	31
2460.97	3431.43	31
0.28	0.28	32
0.34	0.3	32
0.43	0.4	32
0.59	0.58	32
0.91	1.01	32
1.4	1.07	32
2.47	1.53	32
3.22	2.7	32
2.86	3.31	32
3.46	3.76	32
4.46	4.82	32
4.81	5.48	32
6.79	5.85	32
11.29	8.44	32
20.34	12.75	32
37.26	20.01	32
68.44	35.53	32
135.31	69.64	32
264.72	130.25	32
522.58	522.41	32
1035.54	508.94	32
2008.27	1325.13	32
2970.65	1457.36	32
3935.52	2602.14	32
4915.2	3232.63	32
5869.43	2871.99	32
6821.14	3340.4	32
7793.62	3815.94	32
8778.63	4284.43	32
0.29	0.26	32
0.32	0.28	32
0.43	0.41	32
0.72	0.58	32
1.15	0.67	32
1.41	1.63	32
1.8	2.35	32
2.44	2.75	32
2.66	3.95	32
3.1	4.05	32
3.32	3.47	32
3.98	3.44	32
4.17	4.45	32
4.65	5.33	32
6.27	6.42	32
9.0	12.72	32
12.45	20.76	32
23.02	33.11	32
40.98	61.1	32
76.89	116.55	32
147.55	272.98	32
283.46	537.17	32
421.98	790.56	32
573.41	885.1	32
693.37	1293.8	32
827.69	1544.53	32
964.41	1809.99	32
1098.65	2083.54	32
1232.8	2305.7	32
0.25	0.23	32
0.26	0.25	32
0.36	0.39	32
0.48	0.54	32
0.77	0.76	32
1.21	1.29	32
1.77	1.5	32
2.0	1.9	32
2.58	2.26	32
3.08	3.1	32
3.94	3.89	32
3.96	4.31	32
6.27	6.13	32
10.67	8.13	32
17.48	13.08	32
32.04	17.81	32
60.29	33.11	32
116.52	77.31	32
229.22	150.73	32
453.58	292.77	32
899.34	434.81	32
1747.54	823.93	32
2599.75	1222.86	32
3444.03	2241.64	32
4293.22	2028.42	32
5159.67	2394.42	32
5997.41	2769.97	32
6845.36	3141.58	32
7696.09	4928.05	32
0.28	0.23	32
0.3	0.3	32
0.38	0.38	32
0.55	0.6	32
1.03	0.78	32
1.12	1.32	32
1.58	2.1	32
2.02	2.64	32
3.39	2.62	32
4.29	3.49	32
2.96	3.18	32
3.81	3.38	32
3.6	4.24	32
5.05	5.6	32
5.32	7.65	32
8.49	12.7	32
14.16	20.68	32
22.26	41.27	32
40.15	85.08	32
77.99	137.58	32
150.0	232.03	32
286.9	523.09	32
426.95	654.43	32
560.07	885.57	32
694.83	1268.76	32
827.54	1502.05	32
981.11	1793.62	32
1093.95	1975.71	32
1228.53	2249.5	32
0.37	0.33	33
0.39	0.37	33
0.56	0.53	33
0.86	0.83	33
1.24	0.99	33
2.28	1.23	33
3.85	1.29	33
4.94	2.0	33
5.79	2.79	33
6.57	3.96	33
6.75	4.67	33
7.82	5.56	33
10.77	9.0	33
16.67	14.04	33
26.55	25.73	33
47.09	48.06	33
85.54	89.49	33
159.54	172.79	33
235.55	254.95	33
307.26	332.43	33
383.04	418.69	33
455.18	494.8	33
530.82	580.66	33
605.12	664.69	33
680.28	739.03	33
0.47	0.32	33
0.42	0.4	33
0.51	0.58	33
0.85	0.79	33
1.44	1.2	33
2.38	1.25	33
3.96	1.97	33
6.18	2.23	33
9.1	3.02	33
10.86	4.85	33
16.6	6.4	33
28.27	11.25	33
46.85	19.71	33
89.54	35.69	33
170.8	67.16	33
327.68	128.92	33
642.34	249.6	33
1236.72	474.6	33
1810.33	692.58	33
2402.53	920.84	33
2985.6	1137.66	33
3575.44	1366.3	33
4167.62	1589.79	33
4755.87	1814.88	33
5375.32	2039.39	33
0.33	0.37	33
0.32	0.4	33
0.54	0.44	33
0.79	0.69	33
1.08	1.03	33
1.83	1.18	33
3.39	1.72	33
5.25	1.72	33
5.98	2.68	33
5.41	3.13	33
7.89	4.14	33
7.75	5.51	33
11.09	8.32	33
16.1	14.9	33
25.98	25.54	33
46.07	47.28	33
86.6	87.7	33
159.28	160.75	33
237.88	241.21	33
307.78	302.48	33
384.08	390.31	33
453.83	468.29	33
529.5	562.29	33
605.28	619.15	33
673.54	686.82	33
0.4	0.35	33
0.39	0.37	33
0.5	0.48	33
0.74	0.79	33
1.26	1.07	33
1.98	1.14	33
3.34	1.55	33
5.42	1.94	33
7.93	3.73	33
9.67	4.31	33
15.58	5.87	33
25.32	10.37	33
45.24	17.64	33
81.84	32.68	33
157.95	61.92	33
302.71	116.41	33
599.6	231.16	33
1155.47	435.36	33
1691.09	633.87	33
2244.29	818.52	33
2782.56	1023.67	33
3332.69	1227.87	33
4022.05	1440.11	33
4581.15	1638.48	33
5153.0	1820.79	33
0.43	0.36	34
0.4	0.38	34
0.41	0.52	34
0.72	0.71	34
1.05	1.09	34
2.17	1.2	34
3.74	1.96	34
5.07	1.85	34
7.25	3.2	34
8.54	4.21	34
9.38	6.35	34
13.45	10.33	34
20.65	18.02	34
37.5	34.22	34
65.38	64.03	34
125.79	124.42	34
244.56	246.79	34
470.9	480.78	34
697.78	709.56	34
937.41	939.81	34
1150.49	1177.02	34
1370.85	1405.77	34
1596.58	1641.8	34
1822.44	1870.81	34
2048.93	2103.13	34
0.48	0.39	34
0.43	0.39	34
0.55	0.51	34
0.73	0.78	34
1.22	1.19	34
2.19	1.56	34
3.39	1.54	34
5.22	2.21	34
6.8	2.78	34
8.09	3.32	34
11.94	4.67	34
17.99	6.32	34
32.58	10.0	34
57.81	17.26	34
111.08	30.37	34
211.39	57.32	34
413.93	111.01	34
805.86	215.11	34
1203.21	313.89	34
1587.95	418.61	34
1997.0	517.93	34
2422.09	644.72	34
2943.7	760.66	34
3384.76	873.07	34
3829.35	985.74	34
0.34	0.27	34
0.34	0.33	34
0.43	0.39	34
0.59	0.64	34
1.11	0.84	34
1.77	1.09	34
3.02	1.38	34
4.75	1.76	34
5.82	2.63	34
7.52	3.28	34
8.54	6.11	34
12.75	8.67	34
18.98	16.13	34
32.47	29.81	34
58.51	56.53	34
109.46	106.95	34
212.49	215.28	34
410.08	420.26	34
610.55	617.97	34
806.7	800.17	34
1001.93	993.04	34
1197.68	1189.52	34
1431.94	1466.93	34
1638.8	1624.57	34
1858.83	1831.76	34
0.35	0.32	34
0.36	0.36	34
0.46	0.54	34
0.74	0.7	34
1.14	0.87	34
1.75	1.33	34
2.95	1.34	34
4.42	1.9	34
5.82	2.6	34
7.23	3.02	34
10.64	4.01	34
16.6	5.79	34
28.65	8.94	34
54.01	15.3	34
100.98	27.94	34
197.61	50.96	34
387.08	95.83	34
753.48	181.33	34
1118.47	269.05	34
1483.33	351.49	34
1862.25	448.0	34
2260.09	529.2	34
2662.71	629.82	34
3065.08	721.28	34
3469.41	812.28	34
0.38	0.31	35
0.33	0.39	35
0.5	0.48	35
0.78	0.62	35
1.36	1.03	35
2.34	1.14	35
3.1	1.61	35
4.79	1.85	35
6.57	3.48	35
8.93	3.31	35
12.11	4.23	35
20.13	6.51	35
32.87	10.97	35
60.3	17.61	35
118.29	31.23	35
227.61	60.35	35
448.05	116.65	35
862.59	222.13	35
1271.05	326.57	35
1690.03	434.15	35
2139.82	544.16	35
2578.13	656.7	35
3021.24	763.21	35
3454.26	874.5	35
3877.6	980.86	35
0.4	0.35	35
0.35	0.4	35
0.48	0.52	35
0.75	0.69	35
1.36	0.98	35
2.34	1.81	35
3.64	1.58	35
5.83	2.26	35
7.64	3.6	35
8.62	4.24	35
10.91	6.83	35
13.98	9.7	35
21.24	17.0	35
35.61	30.89	35
62.44	59.28	35
118.32	116.07	35
225.17	229.97	35
430.71	442.06	35
640.33	657.59	35
845.49	864.09	35
1049.32	1074.34	35
1257.01	1295.73	35
1459.68	1507.76	35
1671.75	1722.63	35
1879.06	1936.64	35
0.34	0.32	35
0.36	0.35	35
0.49	0.48	35
0.65	0.69	35
1.01	1.04	35
1.73	0.96	35
2.62	2.19	35
4.18	1.53	35
5.67	2.35	35
7.08	3.1	35
10.5	4.25	35
16.09	5.93	35
26.84	8.53	35
49.79	15.59	35
97.17	25.2	35
187.39	46.64	35
368.04	88.46	35
703.1	168.85	35
1041.47	255.68	35
1398.9	323.42	35
1743.0	399.48	35
2091.25	487.64	35
2446.52	563.09	35
2788.21	655.99	35
3132.44	739.81	35
0.36	0.3	35
0.32	0.3	35
0.44	0.45	35
0.64	0.76	35
1.16	1.03	35
1.91	1.22	35
3.04	1.68	35
4.85	2.16	35
7.32	2.77	35
8.26	3.89	35
8.37	5.66	35
12.86	8.39	35
18.73	15.75	35
31.89	28.55	35
56.25	56.5	35
107.91	103.45	35
207.03	207.19	35
397.22	408.42	35
583.68	581.18	35
775.8	783.67	35
983.1	961.33	35
1155.19	1156.08	35
1338.04	1345.63	35
1530.8	1524.71	35
1718.82	1744.25	35
0.42	0.25	36
0.36	0.35	36
0.54	0.48	36
0.72	0.72	36
1.12	0.9	36
1.8	1.05	36
3.43	1.37	36
4.83	2.11	36
7.81	3.24	36
10.32	4.38	36
15.38	6.04	36
24.3	9.97	36
41.34	17.67	36
78.48	33.07	36
147.85	62.05	36
289.69	118.5	36
570.08	233.85	36
1104.6	454.48	36
1646.05	676.61	36
2186.5	900.4	36
2728.85	1121.55	36
3268.4	1344.11	36
3806.42	1573.11	36
4344.25	1792.94	36
4859.0	2018.02	36
0.38	0.34	36
0.4	0.38	36
0.47	0.46	36
0.72	0.75	36
1.35	1.06	36
1.81	1.08	36
2.8	1.9	36
4.57	1.87	36
5.46	2.83	36
6.77	3.3	36
6.09	3.83	36
7.76	5.34	36
10.46	8.38	36
15.96	14.73	36
25.78	25.51	36
46.24	46.01	36
84.49	88.67	36
158.51	174.3	36
232.65	254.04	36
309.0	339.66	36
382.66	413.01	36
455.52	505.29	36
528.13	594.05	36
607.76	659.05	36
681.59	742.45	36
0.29	0.27	36
0.33	0.36	36
0.44	0.43	36
0.6	0.71	36
0.92	0.87	36
1.88	1.34	36
3.05	1.57	36
4.61	1.61	36
6.94	2.7	36
8.8	3.45	36
13.39	5.61	36
20.57	9.38	36
37.56	16.17	36
68.97	28.75	36
133.36	54.62	36
257.91	107.05	36
507.9	207.57	36
987.61	391.82	36
1462.37	587.21	36
1941.88	767.43	36
2412.71	964.94	36
2888.77	1140.49	36
3367.48	1330.49	36
3849.99	1504.97	36
4317.95	1704.64	36
0.37	0.34	36
0.34	0.35	36
0.47	0.44	36
0.71	0.63	36
1.08	1.07	36
1.89	1.22	36
2.94	1.22	36
3.92	2.33	36
5.34	3.07	36
6.05	3.14	36
5.98	4.04	36
7.66	5.37	36
10.34	8.1	36
16.69	13.34	36
25.71	25.02	36
44.39	43.59	36
86.13	86.65	36
158.56	160.74	36
236.57	254.36	36
306.95	305.78	36
380.94	396.87	36
457.63	455.54	36
532.01	530.43	36
604.13	616.14	36
676.6	690.19	36
0.31	0.29	37
0.28	0.36	37
0.38	0.38	37
0.37	0.29	37
0.33	0.39	37
0.38	0.45	37
0.46	0.42	37
0.49	0.47	37
0.53	0.55	37
0.58	0.66	37
0.8	0.81	37
0.93	1.09	37
1.47	1.55	37
2.31	2.58	37
4.28	4.63	37
7.09	7.73	37
12.27	14.34	37
22.17	24.81	37
42.85	48.23	37
80.33	94.36	37
153.96	177.97	37
225.21	269.04	37
296.02	348.36	37
372.03	433.29	37
454.89	517.79	37
529.61	575.29	37
589.84	688.56	37
659.87	775.56	37
0.39	0.31	37
0.4	0.32	37
0.32	0.34	37
0.42	0.34	37
0.36	0.38	37
0.4	0.35	37
0.39	0.46	37
0.45	0.56	37
0.64	0.56	37
0.96	0.86	37
1.48	1.6	37
2.74	2.4	37
3.93	4.07	37
11.02	7.14	37
20.49	13.68	37
41.82	27.69	37
84.01	57.82	37
167.08	116.5	37
330.93	228.58	37
657.54	533.5	37
1276.52	785.48	37
1898.87	1189.66	37
2520.02	1541.12	37
3137.34	1922.7	37
3756.34	2301.3	37
4375.78	2689.07	37
4996.13	3059.5	37
5642.73	3441.82	37
0.26	0.23	37
0.24	0.27	37
0.26	0.31	37
0.25	0.28	37
0.24	0.3	37
0.35	0.34	37
0.32	0.38	37
0.41	0.47	37
0.49	0.46	37
0.5	0.6	37
0.65	0.76	37
0.98	1.11	37
1.31	1.73	37
2.44	2.82	37
4.08	5.11	37
6.95	8.58	37
12.24	14.59	37
21.94	27.82	37
40.88	49.25	37
80.15	96.2	37
155.55	169.55	37
226.56	268.78	37
300.11	356.07	37
372.63	404.03	37
440.12	549.57	37
513.6	578.52	37
586.48	645.8	37
657.38	731.53	37
0.29	0.29	37
0.3	0.3	37
0.33	0.27	37
0.28	0.31	37
0.33	0.32	37
0.3	0.38	37
0.37	0.34	37
0.45	0.44	37
0.57	0.64	37
0.93	0.86	37
1.52	1.32	37
2.47	2.08	37
5.16	3.94	37
10.61	7.12	37
20.58	19.5	37
41.26	27.48	37
84.37	53.46	37
166.47	117.62	37
332.99	214.91	37
658.39	423.44	37
1278.73	813.97	37
1901.17	1193.45	37
2520.99	1598.64	37
3138.37	2043.22	37
3757.77	2389.3	37
4377.37	2758.32	37
4984.57	3155.21	37
5621.79	3560.62	37
0.3	0.32	38
0.27	0.27	38
0.26	0.29	38
0.3	0.32	38
0.34	0.37	38
0.3	0.37	38
0.44	0.4	38
0.39	0.44	38
0.52	0.58	38
0.77	0.61	38
0.94	0.86	38
1.48	1.48	38
2.51	2.52	38
4.46	4.73	38
9.5	8.83	38
17.29	18.09	38
31.77	33.78	38
62.41	64.98	38
121.54	126.48	38
241.46	256.3	38
464.3	487.74	38
689.19	731.85	38
910.51	944.41	38
1135.06	1189.03	38
1356.64	1424.21	38
1582.31	1676.05	38
1803.59	1907.57	38
2031.23	2136.2	38
0.31	0.34	38
0.26	0.26	38
0.31	0.31	38
0.33	0.3	38
0.3	0.27	38
0.33	0.32	38
0.4	0.41	38
0.42	0.47	38
0.63	0.61	38
0.84	0.84	38
1.73	1.43	38
3.09	2.33	38
4.99	4.02	38
10.03	6.29	38
19.29	14.62	38
39.65	23.56	38
78.01	56.96	38
155.38	111.52	38
304.04	218.69	38
607.61	363.06	38
1175.84	709.85	38
1743.86	1053.12	38
2313.22	1392.2	38
2874.8	1730.98	38
3434.56	2071.34	38
4018.86	2417.54	38
4572.66	3355.5	38
5136.54	3125.1	38
0.3	0.25	38
0.25	0.26	38
0.26	0.3	38
0.29	0.28	38
0.3	0.29	38
0.32	0.31	38
0.37	0.34	38
0.37	0.39	38
0.45	0.53	38
0.64	0.64	38
0.86	0.91	38
1.27	1.43	38
2.19	2.46	38
3.93	4.49	38
7.79	8.36	38
14.26	16.95	38
26.89	33.57	38
54.49	60.22	38
102.76	120.22	38
202.42	219.64	38
391.29	421.3	38
578.34	655.16	38
767.21	800.8	38
953.64	1011.72	38
1155.8	1203.02	38
1323.2	1406.19	38
1508.91	1760.87	38
1700.35	1907.28	38
0.31	0.27	38
0.27	0.25	38
0.27	0.29	38
0.29	0.31	38
0.25	0.25	38
0.37	0.32	38
0.42	0.35	38
0.49	0.55	38
0.57	0.75	38
0.79	0.89	38
1.39	1.66	38
2.39	2.32	38
5.32	3.14	38
9.36	6.47	38
19.57	14.57	38
36.94	31.93	38
74.6	47.79	38
148.21	111.57	38
293.34	284.25	38
581.45	368.9	38
1135.44	849.3	38
1679.56	1045.58	38
2223.85	1677.03	38
2747.59	1732.49	38
3250.36	2035.95	38
3752.91	2325.69	38
4257.02	2602.49	38
4755.09	3146.64	38
0.32	0.31	39
0.29	0.28	39
0.29	0.29	39
0.25	0.3	39
0.33	0.32	39
0.37	0.36	39
0.34	0.32	39
0.5	0.47	39
0.56	0.58	39
0.9	0.84	39
1.46	1.03	39
2.54	1.87	39
5.03	2.99	39
9.07	4.88	39
18.1	12.0	39
35.21	20.38	39
69.79	50.31	39
139.58	79.61	39
274.17	192.43	39
543.05	311.92	39
1055.56	607.43	39
1564.22	1119.79	39
2068.2	1314.28	39
2564.69	1468.95	39
3061.22	1756.58	39
3560.47	2068.09	39
4075.73	2346.14	39
4634.94	2671.12	39
0.34	0.29	39
0.27	0.3	39
0.26	0.35	39
0.31	0.29	39
0.29	0.25	39
0.32	0.41	39
0.35	0.35	39
0.43	0.39	39
0.48	0.46	39
0.77	0.66	39
0.91	0.92	39
1.58	1.53	39
2.26	2.38	39
3.83	4.34	39
7.72	8.42	39
15.84	16.18	39
29.24	30.28	39
56.43	59.95	39
112.44	118.93	39
222.08	231.68	39
423.48	450.33	39
630.42	673.94	39
838.36	893.25	39
1048.52	1109.82	39
1251.14	1330.34	39
1454.57	1549.74	39
1662.57	1768.18	39
1869.08	1988.25	39
0.27	0.25	39
0.27	0.26	39
0.27	0.24	39
0.26	0.3	39
0.28	0.28	39
0.28	0.29	39
0.3	0.36	39
0.41	0.43	39
0.55	0.53	39
0.77	0.83	39
1.27	1.26	39
2.23	1.74	39
3.87	2.82	39
7.8	5.03	39
15.64	9.74	39
30.58	29.33	39
60.04	36.95	39
120.66	71.01	39
237.13	139.46	39
473.46	279.94	39
919.15	534.84	39
1360.84	787.5	39
1801.81	1040.14	39
2242.21	1327.31	39
2692.03	1550.12	39
3119.14	1824.69	39
3580.86	2027.81	39
4056.93	2337.54	39
0.29	0.32	39
0.25	0.24	39
0.29	0.25	39
0.29	0.28	39
0.25	0.28	39
0.32	0.31	39
0.37	0.33	39
0.41	0.44	39
0.56	0.55	39
0.6	0.69	39
0.91	0.79	39
1.46	1.57	39
2.24	2.63	39
4.07	4.47	39
7.54	9.06	39
14.65	16.94	39
28.16	34.56	39
54.42	58.78	39
105.84	112.39	39
209.02	243.84	39
403.7	478.11	39
603.42	697.35	39
794.55	842.69	39
985.27	1036.14	39
1183.89	1289.06	39
1376.52	1452.08	39
1571.9	1684.61	39
1767.08	1868.08	39
0.28	0.27	40
0.25	0.32	40
0.24	0.24	40
0.3	0.33	40
0.26	0.31	40
0.28	0.3	40
0.3	0.34	40
0.4	0.36	40
0.57	0.53	40
0.74	0.82	40
1.48	0.95	40
2.33	1.99	40
5.41	4.14	40
9.54	5.71	40
20.18	11.94	40
40.11	24.54	40
81.19	48.75	40
160.56	126.24	40
328.1	195.78	40
660.77	400.54	40
1290.45	785.09	40
1926.38	1245.01	40
2548.31	1555.39	40
3181.56	1930.63	40
3789.63	2425.17	40
4418.45	2711.99	40
5035.21	3073.57	40
5653.73	3456.54	40
0.24	0.24	40
0.22	0.24	40
0.24	0.24	40
0.27	0.24	40
0.27	0.25	40
0.25	0.3	40
0.29	0.26	40
0.39	0.4	40
0.54	0.51	40
0.84	0.76	40
1.42	1.02	40
2.48	1.83	40
4.74	3.67	40
8.9	7.29	40
17.08	14.29	40
37.43	23.96	40
74.12	46.68	40
146.34	116.45	40
292.69	200.06	40
581.28	468.41	40
1132.68	704.16	40
1674.14	1049.42	40
2223.1	1453.73	40
2766.34	1731.34	40
3305.62	2041.06	40
3851.91	2371.08	40
4404.01	2749.51	40
4949.59	3028.95	40
0.27	0.24	40
0.24	0.23	40
0.33	0.3	40
0.25	0.27	40
0.29	0.3	40
0.3	0.28	40
0.35	0.34	40
0.39	0.38	40
0.55	0.5	40
0.51	0.6	40
0.63	0.82	40
0.96	1.16	40
1.43	1.77	40
2.26	2.71	40
4.2	5.27	40
7.04	8.81	40
12.49	13.59	40
22.46	28.24	40
42.25	57.24	40
81.35	88.44	40
154.26	171.03	40
223.81	278.99	40
301.67	348.2	40
371.51	411.09	40
444.28	489.78	40
515.46	560.03	40
585.56	664.1	40
660.91	714.93	40
