0.6	0.56
0.58	0.77
0.92	0.97
1.15	1.37
1.25	1.28
1.47	1.11
1.37	1.57
1.07	1.74
1.72	1.8
2.27	2.3
2.86	3.67
4.07	4.73
6.32	8.51
11.07	16.26
18.64	30.16
35.37	58.12
65.76	114.92
126.91	227.26
243.23	438.06
361.16	650.55
479.37	870.35
593.88	1068.93
706.73	1276.84
857.22	1487.87
939.43	1691.36
1060.92	1903.71
0.7	0.63
0.83	0.92
1.08	1.04
1.56	1.67
1.72	1.37
1.75	1.44
1.77	1.82
1.86	2.39
3.1	2.79
4.38	4.67
7.97	6.17
13.78	11.47
27.55	18.0
53.37	33.46
104.82	60.04
205.4	116.66
411.91	230.3
821.25	459.51
1591.88	893.64
2366.97	1325.93
3187.19	1784.27
4045.48	2260.92
4886.43	2729.73
5725.29	3206.26
6575.98	3681.54
7389.08	4134.82
0.62	0.49
0.73	0.62
0.82	0.98
1.27	1.22
1.24	1.64
1.09	1.45
1.18	1.25
1.55	1.86
1.78	2.4
2.24	2.4
2.87	4.02
4.13	5.32
6.27	10.39
10.13	19.26
19.64	36.08
35.2	70.03
64.94	122.93
127.51	261.05
245.68	445.04
378.43	657.76
479.32	873.26
615.39	1083.99
705.6	1304.48
822.82	1518.25
938.72	1680.84
1072.18	1938.28
0.73	0.65
0.93	0.79
1.24	1.0
1.3	1.44
1.43	1.48
1.3	1.8
1.59	1.73
2.65	2.42
3.32	3.22
4.23	4.96
8.04	7.43
14.56	14.13
26.5	21.26
52.64	35.9
104.33	63.27
208.42	121.79
413.43	239.74
816.25	482.14
1592.33	904.73
2370.05	1342.92
3191.75	1801.38
4045.7	2291.46
4883.62	2765.81
5751.1	3243.5
6577.58	3719.62
7383.41	4163.34
0.72	0.63
0.8	0.92
1.36	1.1
1.3	1.33
1.62	1.51
1.36	1.48
1.81	1.52
2.19	1.75
2.22	2.37
3.07	2.92
4.25	4.5
6.16	7.82
10.73	13.84
18.98	24.49
35.32	48.08
69.08	93.44
137.76	182.11
266.35	356.96
513.34	693.1
762.1	1029.49
1012.43	1369.45
1254.63	1708.3
1498.52	2030.81
1734.29	2363.79
1966.86	2681.33
2210.66	3012.27
0.65	0.5
0.76	0.8
1.17	0.87
0.74	1.11
1.17	1.32
1.58	1.91
1.75	1.41
2.24	2.31
3.09	2.66
3.76	4.15
7.92	8.48
13.7	8.11
25.36	20.83
46.09	34.48
92.78	51.97
181.06	99.35
354.26	191.46
707.2	382.7
1371.71	730.77
2040.38	1086.22
2693.28	1434.27
3351.89	1778.1
3996.18	2121.14
4659.69	2471.0
5307.52	2810.7
5959.1	3157.68
0.58	0.49
0.76	0.77
1.08	1.03
1.15	1.15
1.35	1.23
1.37	1.22
1.64	1.52
1.67	1.68
2.36	2.21
2.77	2.98
3.8	5.17
6.22	7.66
10.23	14.39
18.25	25.92
34.16	50.38
65.63	93.58
126.76	174.26
250.19	371.03
482.69	666.18
709.41	997.92
946.94	1321.13
1172.49	1634.29
1405.18	1941.82
1636.5	2294.08
1863.68	2607.4
2102.38	2897.83
0.66	0.55
0.73	0.94
1.05	1.44
1.01	1.69
0.96	1.07
1.53	1.37
1.35	1.47
2.6	1.95
2.47	3.2
3.96	5.46
7.57	7.76
12.66	13.07
24.58	22.21
47.33	37.59
91.5	52.67
179.87	101.45
357.53	201.48
710.19	402.45
1378.22	766.19
2032.46	1124.4
2700.55	1496.03
3350.97	1834.86
3996.45	2178.11
4609.09	2512.48
5246.21	2826.63
5823.03	3136.0
0.75	0.58
0.67	0.79
0.97	1.02
1.18	1.15
1.37	1.32
1.47	1.5
1.65	1.51
1.79	1.67
2.79	2.83
3.92	4.0
7.23	6.38
12.63	7.78
23.45	14.04
45.2	24.81
86.91	49.77
172.71	94.33
341.81	184.77
676.99	358.34
1309.16	690.18
1934.98	1013.92
2583.45	1339.9
3190.13	1666.58
3818.25	1991.29
4488.69	2456.56
5273.74	2799.63
5929.71	3148.61
0.59	0.72
0.71	0.83
1.16	0.97
1.4	1.21
1.37	1.44
1.42	1.47
1.58	1.35
1.78	2.31
2.3	1.92
3.17	3.09
3.85	4.39
6.64	7.36
10.83	13.23
19.18	24.68
37.86	47.9
70.27	94.4
135.67	180.81
266.24	359.61
517.8	698.88
767.55	1039.56
1017.29	1378.21
1270.82	1759.45
1553.88	2087.83
1812.55	2427.42
2065.87	2783.97
2326.57	3145.96
0.55	0.48
0.66	0.68
0.81	0.94
1.17	0.99
1.37	1.44
1.08	1.13
1.77	1.69
1.71	2.08
2.48	2.85
3.84	3.99
6.81	5.74
11.53	7.51
21.01	16.55
40.67	24.84
80.09	46.0
156.15	85.42
311.72	166.31
615.39	327.14
1199.09	627.62
1779.44	931.66
2359.93	1213.88
2935.44	1518.18
3508.34	1819.96
4093.5	2122.02
4678.78	2411.24
5242.12	2705.15
0.61	0.52
0.73	0.77
0.96	1.07
1.18	1.24
1.32	1.37
1.26	1.46
1.41	1.51
1.79	1.93
1.99	2.4
3.0	3.38
3.81	5.02
6.01	7.06
10.14	12.78
17.75	26.36
34.25	50.43
63.54	96.3
127.79	181.2
249.53	345.19
477.41	708.34
713.18	986.36
942.9	1311.97
1172.84	1631.65
1408.51	1944.11
1634.54	2299.53
1892.68	2602.79
2091.8	2907.97
0.74	0.59
0.85	0.95
0.99	1.03
1.41	1.61
1.73	1.53
1.38	1.47
2.23	1.77
2.3	2.05
2.78	3.33
4.9	4.52
7.77	8.32
14.85	10.47
28.71	20.16
54.6	39.45
105.83	62.15
211.96	121.5
419.84	235.66
833.17	465.42
1621.97	903.25
2401.92	1338.24
3168.76	1770.78
3942.3	2205.77
4726.57	2635.71
5521.84	3060.98
6282.12	3490.0
7038.65	3923.6
0.62	0.63
0.78	0.84
0.78	0.93
1.34	1.27
1.06	1.6
1.35	1.65
1.62	1.64
1.53	1.75
1.89	1.79
2.75	2.27
2.93	3.18
4.18	5.48
6.78	8.66
10.07	15.77
18.75	30.88
35.77	59.05
64.72	112.71
127.75	223.69
244.07	439.21
362.25	649.38
479.6	855.13
596.96	1063.87
712.72	1280.45
825.56	1499.72
944.76	1699.57
1062.74	1895.48
0.6	0.5
0.79	0.72
1.05	0.91
1.16	1.2
1.29	1.41
1.47	1.24
1.57	1.6
1.99	2.06
2.73	3.05
4.15	4.35
7.09	6.34
13.16	9.95
24.65	16.85
47.77	32.82
93.67	58.37
185.71	111.97
366.85	209.91
730.54	411.49
1413.53	781.08
2099.57	1145.69
2780.18	1538.96
3462.13	1913.23
4147.82	2262.19
4826.02	2642.44
5510.61	2978.7
6196.11	3361.04
0.57	0.5
0.74	0.7
0.88	0.98
0.94	1.3
1.15	1.1
1.3	1.11
1.58	1.27
1.61	1.62
1.53	2.02
2.04	2.71
2.72	3.82
3.87	5.99
6.3	10.77
10.09	17.99
19.72	38.52
35.48	65.53
66.42	140.27
127.74	224.68
242.84	468.74
358.65	664.34
476.65	883.14
598.77	1092.8
708.9	1261.12
830.2	1491.55
972.72	1698.86
1052.95	1935.52
0.45	0.38
0.52	0.53
0.9	0.84
1.43	1.53
2.69	2.64
5.35	2.18
9.93	3.02
19.37	3.43
36.86	4.69
70.61	5.69
134.22	11.25
238.48	17.97
399.46	32.55
609.99	64.78
758.36	120.03
867.22	216.43
1022.22	372.09
1308.84	632.06
1553.94	863.75
1777.81	1117.59
2011.96	1355.26
2225.85	1582.43
2435.43	1839.56
2634.57	2031.71
2840.92	2258.71
0.48	0.44
0.52	0.61
0.92	0.75
1.49	1.53
2.7	2.38
5.02	2.57
9.84	3.58
20.14	6.12
38.58	8.5
76.13	15.13
149.19	28.03
291.59	52.2
550.73	100.16
1007.8	186.17
1751.35	325.85
2541.91	535.59
2959.02	796.49
3549.16	1206.75
4051.04	1598.01
4550.54	1972.59
4971.14	2335.45
5438.16	2701.81
5836.08	3060.31
6233.6	3409.13
6575.32	3748.91
0.41	0.36
0.5	0.52
0.77	0.76
1.34	1.33
2.5	1.74
4.63	2.21
8.89	2.7
17.19	3.17
33.4	3.85
62.8	5.97
118.92	8.94
211.93	16.53
360.23	28.38
554.88	53.52
690.15	99.92
809.75	177.41
963.9	308.56
1211.52	540.41
1472.01	768.66
1716.96	1005.26
1939.5	1219.62
2171.49	1453.47
2362.06	1667.74
2568.11	1903.17
2766.58	2111.42
0.43	0.41
0.57	0.54
0.91	0.82
1.39	1.3
2.66	2.08
4.82	2.77
9.98	3.57
19.94	6.48
39.41	8.15
75.83	15.04
149.71	29.32
291.73	52.15
549.55	98.26
1010.32	180.24
1741.92	311.83
2493.52	514.39
2941.46	743.78
3543.67	1135.67
4034.86	1512.28
4473.13	1880.93
4976.9	2228.09
5370.95	2582.49
5812.27	2915.42
6190.67	3227.55
6507.68	3545.22
0.46	0.39
0.59	0.58
0.81	0.83
1.5	1.42
2.67	2.42
5.23	2.84
9.98	3.23
19.88	6.21
39.34	8.77
76.91	16.33
151.01	29.1
293.2	53.58
556.82	100.87
1021.85	186.78
1764.03	339.81
2615.61	555.66
3075.6	819.79
3550.02	1211.12
4042.74	1593.62
4526.08	1963.21
4893.58	2323.05
5282.66	2756.78
5811.14	3130.02
6159.14	3483.09
6491.61	3829.49
0.51	0.39
0.58	0.53
1.01	0.94
1.48	1.48
3.01	2.59
5.37	2.21
10.29	3.4
20.68	3.69
39.26	5.5
77.3	7.09
141.01	11.76
258.96	18.88
425.05	35.42
658.8	68.55
823.06	125.97
947.24	227.15
1136.6	384.36
1439.35	640.43
1700.25	879.33
1949.28	1117.73
2206.11	1348.66
2439.03	1582.3
2659.88	1818.42
2894.53	2041.4
3112.66	2301.83
0.45	0.39
0.47	0.49
0.71	0.69
1.21	1.06
2.3	2.14
4.27	2.6
8.51	3.0
16.57	4.35
32.41	7.6
63.13	11.72
123.54	20.49
240.34	38.64
464.97	70.93
833.24	131.07
1471.76	232.24
2197.02	392.0
2595.71	608.92
3027.45	945.98
3473.74	1290.72
3875.81	1629.77
4285.32	1972.16
4632.31	2328.26
4940.07	2639.83
5270.72	2972.02
5588.77	3279.49
0.45	0.4
0.57	0.51
0.91	0.84
1.41	1.36
2.58	2.22
4.9	2.25
9.17	3.53
18.29	3.11
35.53	4.88
68.1	6.45
128.52	10.92
228.69	17.09
381.24	32.16
589.93	60.32
763.51	108.4
865.51	189.76
1046.79	325.59
1326.68	566.83
1584.15	798.66
1842.12	1025.07
2069.09	1256.36
2351.36	1484.68
2596.05	1717.78
2824.61	1926.56
3027.39	2135.21
0.47	0.43
0.55	0.51
0.81	0.82
1.48	1.47
2.64	2.11
5.01	1.9
9.58	1.96
18.7	3.9
36.14	3.37
69.1	6.52
130.93	10.37
231.58	17.83
380.84	33.88
597.96	62.32
771.6	118.05
870.61	216.72
1051.78	373.92
1318.65	624.04
1597.55	870.23
1863.99	1106.62
2087.02	1337.34
2351.85	1564.88
2573.54	1796.7
2795.06	2039.91
3003.97	2256.54
0.48	0.36
0.49	0.5
0.83	0.89
1.45	1.49
2.6	2.56
4.84	1.74
9.55	2.76
18.69	4.8
36.97	7.96
73.45	15.6
144.56	27.33
279.77	51.42
529.2	95.74
987.85	176.74
1682.5	315.87
2486.69	533.39
2925.97	778.34
3409.93	1179.78
3899.21	1561.36
4310.31	1928.13
4706.0	2289.11
5049.61	2677.31
5440.49	3019.31
5757.51	3371.64
6097.6	3709.08
0.39	0.39
0.52	0.51
0.73	0.77
1.37	1.34
2.43	2.27
4.62	2.4
8.79	3.17
17.13	3.32
32.77	4.7
63.89	5.94
116.93	9.03
211.29	15.84
353.98	29.11
539.79	52.53
703.34	99.19
804.06	178.14
996.75	309.27
1253.63	541.69
1507.73	774.19
1788.69	1001.05
2022.48	1225.84
2255.72	1443.59
2496.19	1662.84
2700.87	1887.74
2908.7	2101.78
0.44	0.38
0.51	0.48
0.76	0.72
1.31	1.08
2.31	2.16
4.35	2.87
8.78	3.14
17.24	4.77
34.27	6.91
67.81	12.46
132.43	22.03
253.37	42.86
496.37	78.11
891.21	145.61
1554.79	257.71
2255.09	427.86
2658.16	650.86
3181.25	1003.92
3644.78	1355.95
3994.31	1690.31
4368.1	2050.04
4744.63	2384.95
5145.39	2712.77
5416.09	3089.8
5765.05	3390.11
0.51	0.4
0.5	0.57
0.83	0.78
1.34	1.21
2.5	2.34
5.08	2.66
9.56	4.1
18.77	4.86
36.04	9.34
75.64	15.6
147.93	29.14
289.0	53.43
545.36	100.79
997.66	185.06
1737.08	329.51
2622.45	549.25
3016.62	816.09
3618.02	1235.23
4130.61	1620.33
4609.36	2044.48
5237.35	2425.47
5684.49	2797.47
6141.04	3177.39
6543.42	3541.09
6882.17	3886.95
0.51	0.44
0.56	0.54
0.76	0.95
1.52	1.22
2.89	1.72
5.23	3.43
10.61	3.11
20.12	3.91
39.41	3.78
75.79	6.82
142.12	10.59
258.37	19.91
423.63	35.26
633.94	66.14
819.6	127.31
928.25	222.06
1089.92	382.21
1383.54	634.22
1641.6	880.31
1862.78	1123.72
2108.75	1362.03
2321.72	1590.09
2525.85	1827.35
2763.53	2053.95
2936.45	2248.91
0.42	0.34
0.48	0.5
0.73	0.74
1.23	1.13
2.32	1.48
4.38	2.91
8.16	3.37
16.54	3.46
32.25	7.16
63.16	11.1
124.92	19.83
242.23	37.79
457.81	71.11
854.93	130.61
1496.56	232.2
2182.26	392.9
2588.98	609.27
3111.99	973.51
3557.09	1313.27
3969.38	1668.53
4427.72	1995.82
4787.36	2330.47
5227.94	2682.16
5608.46	2993.14
5978.48	3314.69
0.44	0.36
0.5	0.5
0.79	0.83
1.31	1.31
2.38	2.33
4.5	3.32
8.76	2.62
16.77	3.48
33.05	4.57
63.93	6.27
117.95	8.93
213.24	15.34
360.17	28.3
545.91	51.24
700.92	95.25
805.47	174.67
960.91	309.34
1226.0	537.73
1492.6	771.74
1731.1	993.77
1954.36	1223.06
2162.5	1457.55
2400.07	1675.83
2567.25	1909.17
2799.21	2137.44
0.29	0.29
0.32	0.35
0.31	0.28
0.34	0.25
0.33	0.34
0.37	0.38
0.45	0.43
0.41	0.46
0.48	0.41
0.61	0.56
0.63	0.62
0.86	0.85
1.08	1.15
1.7	1.97
2.53	2.85
4.67	5.0
7.83	7.81
14.36	14.75
25.0	28.69
46.16	56.09
89.4	106.66
170.77	199.91
256.41	294.42
334.99	393.28
417.79	483.48
494.22	590.38
576.03	687.26
653.63	773.73
736.87	881.32
0.32	0.31
0.32	0.3
0.28	0.32
0.33	0.3
0.35	0.33
0.36	0.36
0.39	0.4
0.39	0.39
0.48	0.5
0.7	0.68
1.06	0.9
1.7	1.37
3.27	2.52
6.56	5.93
12.85	9.45
26.54	19.88
53.9	40.34
107.68	66.23
216.44	185.19
427.13	312.79
843.79	621.29
1661.41	1030.71
2477.27	1565.02
3225.59	1991.56
3959.83	2620.7
4702.58	2899.91
5527.09	3601.84
6332.42	4104.43
7135.84	4423.99
0.24	0.26
0.25	0.27
0.26	0.27
0.27	0.28
0.3	0.28
0.25	0.3
0.31	0.31
0.33	0.41
0.37	0.42
0.46	0.57
0.63	0.63
0.78	0.87
1.01	1.23
1.65	1.97
2.48	3.37
4.68	5.65
7.41	7.93
14.29	16.34
24.22	34.29
46.82	49.97
90.29	99.93
171.8	240.46
251.72	323.09
333.14	383.09
417.08	456.4
497.32	584.55
578.01	662.37
654.41	784.46
734.95	825.68
0.32	0.32
0.29	0.28
0.32	0.32
0.34	0.3
0.3	0.31
0.31	0.36
0.38	0.31
0.41	0.43
0.52	0.52
0.69	0.79
1.07	0.85
1.69	1.86
3.31	2.7
6.36	4.72
13.14	11.48
26.17	21.1
54.44	50.95
108.24	84.33
215.32	237.22
425.65	274.04
849.64	541.96
1661.27	1069.45
2480.28	1576.47
3225.68	2181.43
3967.61	3160.1
4710.45	3045.61
5519.08	3512.32
6325.78	4004.86
7153.38	4528.21
0.34	0.3
0.21	0.3
0.33	0.3
0.29	0.25
0.32	0.29
0.35	0.34
0.41	0.39
0.42	0.35
0.44	0.49
0.56	0.54
0.87	0.66
1.06	1.16
1.49	1.88
2.53	2.81
4.46	4.34
7.88	8.39
15.57	17.08
30.25	32.14
58.95	62.6
116.98	120.06
229.15	242.13
447.03	473.89
659.27	703.86
872.34	933.18
1093.87	1162.53
1304.16	1389.75
1519.61	1619.83
1728.58	1849.03
1944.77	2089.96
0.37	0.27
0.25	0.21
0.28	0.31
0.27	0.34
0.31	0.35
0.28	0.4
0.37	0.35
0.44	0.42
0.68	0.54
0.66	0.78
1.18	1.14
1.79	1.71
2.45	2.53
5.94	3.83
11.15	8.85
20.64	13.15
43.73	36.61
87.42	51.16
173.88	145.73
344.76	291.97
688.94	491.02
1333.56	794.75
1958.82	1242.27
2590.49	1526.77
3222.71	1878.0
3823.0	2337.18
4439.99	2592.6
5054.98	3059.88
5665.87	3498.25
0.26	0.25
0.26	0.3
0.24	0.23
0.26	0.25
0.24	0.26
0.27	0.28
0.32	0.26
0.35	0.37
0.39	0.39
0.5	0.6
0.57	0.63
0.95	1.12
1.39	1.62
2.42	2.87
4.17	4.61
8.2	8.9
14.94	16.48
28.76	31.45
55.25	66.34
107.26	136.45
211.03	238.11
407.8	438.91
608.43	632.52
804.3	858.87
998.01	1051.63
1199.4	1288.89
1392.63	1532.93
1589.6	1675.7
1789.12	1914.65
0.3	0.27
0.23	0.27
0.31	0.27
0.29	0.32
0.27	0.28
0.27	0.36
0.32	0.35
0.45	0.36
0.43	0.57
0.74	0.75
1.07	0.88
1.49	1.76
2.72	2.03
4.93	5.84
10.56	7.02
21.5	17.46
42.89	27.4
87.31	70.25
172.83	107.68
342.2	216.38
681.39	428.03
1329.17	821.75
1954.9	1412.61
2578.1	1631.95
3193.4	2047.87
3791.89	2366.26
4370.58	2638.19
4949.92	3082.62
5505.88	3551.85
0.36	0.27
0.31	0.27
0.27	0.26
0.34	0.3
0.32	0.27
0.32	0.32
0.27	0.33
0.38	0.38
0.53	0.46
0.66	0.64
1.07	0.92
1.49	1.41
2.79	1.93
5.27	3.66
10.91	7.92
21.6	12.05
44.66	37.75
86.25	50.26
169.73	99.13
337.64	197.25
672.55	480.67
1316.1	772.97
1941.73	1174.48
2579.38	1502.91
3213.85	2078.35
3839.7	2324.76
4469.53	2633.16
5101.43	3020.23
5721.18	3378.96
0.33	0.27
0.24	0.27
0.31	0.29
0.33	0.33
0.29	0.33
0.29	0.29
0.36	0.34
0.36	0.44
0.31	0.47
0.46	0.55
0.66	0.68
1.06	1.14
1.69	1.57
2.63	2.59
4.2	4.78
8.44	8.54
15.37	16.51
30.23	31.58
58.82	63.2
114.03	122.2
227.52	240.38
439.46	460.63
656.85	689.05
865.09	918.52
1069.68	1151.97
1270.92	1354.44
1476.08	1575.58
1688.53	1797.38
1887.03	2020.59
0.28	0.24
0.24	0.23
0.24	0.27
0.23	0.23
0.25	0.3
0.29	0.28
0.31	0.32
0.33	0.34
0.4	0.5
0.62	0.57
0.93	0.97
1.59	1.05
2.56	2.04
5.15	2.86
8.7	5.42
17.71	10.92
37.64	23.47
76.31	46.72
149.41	140.63
298.69	228.25
591.38	467.42
1152.07	694.84
1714.9	1090.55
2272.11	1506.82
2828.0	1650.85
3390.4	2205.74
3955.92	2299.1
4506.95	2679.16
5057.66	3088.74
0.33	0.25
0.28	0.27
0.25	0.29
0.25	0.32
0.3	0.22
0.32	0.32
0.36	0.31
0.38	0.42
0.42	0.39
0.47	0.55
0.6	0.8
1.08	1.13
1.52	1.63
2.73	2.86
4.46	4.25
8.86	9.26
15.64	18.53
29.33	36.73
56.93	64.54
110.05	131.38
220.18	247.1
431.03	490.91
650.48	705.62
839.18	906.73
1044.56	1154.82
1246.98	1324.49
1445.74	1518.75
1649.26	1782.26
1849.14	2079.28
0.27	0.32
0.32	0.24
0.24	0.26
0.25	0.27
0.3	0.33
0.3	0.27
0.29	0.43
0.38	0.33
0.48	0.42
0.71	0.6
0.98	1.14
1.96	1.12
2.76	2.31
5.89	4.86
11.76	9.42
24.89	14.78
50.79	36.91
99.64	60.73
198.02	144.15
395.68	288.34
787.31	577.13
1534.68	939.54
2269.39	1669.79
3008.48	1849.06
3748.16	2757.25
4481.38	2754.46
5219.91	3394.34
5962.59	4217.69
6718.55	4145.52
0.3	0.24
0.27	0.25
0.24	0.25
0.31	0.31
0.27	0.28
0.39	0.34
0.41	0.4
0.33	0.38
0.46	0.46
0.57	0.52
0.6	0.68
0.75	0.84
1.03	1.05
1.62	1.83
2.48	2.72
4.44	4.95
7.92	8.41
13.6	15.49
25.99	28.29
46.76	53.15
89.05	106.3
169.59	196.93
251.39	290.83
331.52	397.35
417.21	490.71
496.12	556.5
571.27	682.56
653.08	777.96
733.97	862.94
0.23	0.23
0.24	0.25
0.25	0.24
0.25	0.27
0.22	0.24
0.26	0.26
0.27	0.29
0.32	0.33
0.4	0.45
0.6	0.57
0.97	1.01
1.56	1.07
2.47	2.23
4.95	5.94
10.22	8.88
21.41	21.24
44.21	34.44
87.02	59.3
181.18	140.71
361.91	228.86
720.24	548.43
1401.68	890.12
2072.23	1665.63
2744.54	1730.45
3423.94	2153.08
4091.8	2550.77
4764.24	3074.57
5437.77	3587.36
6111.8	3840.93
0.31	0.26
0.3	0.26
0.28	0.28
0.32	0.22
0.31	0.32
0.33	0.33
0.33	0.34
0.36	0.36
0.41	0.42
0.57	0.58
0.54	0.66
0.82	0.98
1.04	1.14
1.68	2.03
2.41	2.76
4.3	6.48
7.5	9.02
13.46	17.39
24.78	32.49
45.85	54.07
88.24	121.77
177.62	225.51
255.04	323.49
334.9	470.74
411.88	534.51
489.86	588.66
573.57	672.75
652.33	787.27
733.42	862.5
0.33	0.33
0.33	0.32
0.49	0.48
0.62	0.64
1.1	1.08
2.09	1.94
3.77	2.64
7.17	4.7
14.21	3.4
28.02	6.8
53.42	9.19
99.78	13.71
186.47	23.03
308.13	41.44
469.09	70.37
605.3	104.55
663.85	144.29
742.4	200.42
885.85	307.17
1202.28	510.71
1520.84	728.78
1805.08	945.3
2128.97	1162.19
2492.49	1388.44
2739.1	1576.63
2921.14	1782.23
3086.0	1970.53
0.37	0.27
0.32	0.33
0.44	0.45
0.63	0.62
1.09	1.05
1.93	1.33
3.69	2.05
7.12	3.34
13.97	4.65
27.88	5.54
52.95	9.56
101.46	15.14
187.4	24.73
328.56	47.74
536.25	79.47
723.16	126.95
857.23	185.95
1004.76	278.21
1386.38	471.31
2045.06	844.49
2702.61	1219.23
3469.11	1557.31
4151.81	1929.64
4875.11	2282.43
5470.98	2660.89
6006.65	2970.6
6450.99	3289.48
0.29	0.25
0.28	0.31
0.39	0.39
0.62	0.56
1.0	0.89
1.7	1.77
3.28	2.32
6.32	4.61
12.37	4.05
24.38	4.0
46.45	7.42
89.51	12.64
157.51	18.53
274.01	33.78
430.25	52.61
524.01	84.64
595.82	113.45
673.32	171.42
827.92	270.39
1101.98	473.06
1389.09	652.96
1676.43	859.21
1968.85	1076.67
2256.78	1264.66
2499.81	1450.15
2723.32	1651.93
2895.52	1840.87
0.34	0.27
0.3	0.3
0.38	0.42
0.59	0.62
1.01	0.99
1.77	1.68
3.33	2.81
6.24	2.55
12.27	4.07
24.23	4.75
46.22	8.85
88.36	12.32
164.81	22.02
286.85	36.81
468.83	63.5
640.72	104.1
773.29	153.3
921.19	239.4
1256.43	417.57
1842.24	751.97
2483.07	1089.25
3136.48	1417.36
3772.06	1729.17
4416.22	2054.26
4951.7	2372.63
5502.03	2677.96
5892.99	2965.33
0.4	0.27
0.29	0.38
0.49	0.45
0.7	0.71
1.23	1.16
2.09	2.12
3.96	4.08
8.07	5.11
15.18	5.48
29.77	6.04
59.53	11.48
111.15	16.9
204.04	27.31
358.81	49.05
554.18	81.17
789.87	132.29
874.17	188.43
1025.93	268.45
1328.2	442.54
1785.01	771.38
2237.17	1101.33
2763.55	1447.59
3298.08	1791.79
3777.5	2128.77
4140.46	2437.28
4440.73	2759.71
4783.75	3069.93
0.35	0.27
0.32	0.36
0.47	0.47
0.69	0.64
1.21	1.1
2.2	2.09
4.1	3.73
7.73	4.85
16.14	5.21
31.25	7.43
58.99	9.12
112.05	16.78
202.39	26.44
333.95	43.06
518.99	71.73
676.8	110.83
770.53	150.89
904.58	212.21
1156.91	326.82
1619.74	554.89
2137.59	787.07
2620.89	1000.84
3180.9	1226.97
3635.57	1445.78
4116.12	1635.72
4460.33	1852.78
4733.15	2024.22
0.32	0.25
0.32	0.29
0.38	0.38
0.57	0.57
0.98	0.95
1.67	1.41
3.27	2.44
6.31	4.02
12.14	3.47
23.3	4.3
44.71	7.92
87.0	11.79
156.93	21.69
260.89	36.15
436.45	61.37
617.09	93.58
682.56	138.53
830.07	220.16
1038.5	384.25
1467.85	679.99
1923.98	970.99
2300.21	1277.96
2756.74	1570.0
3214.42	1860.0
3573.85	2162.39
3862.79	2441.26
4117.11	2733.38
0.32	0.27
0.33	0.31
0.49	0.46
0.62	0.66
1.13	1.17
2.06	2.16
4.18	2.53
7.82	5.37
14.87	4.65
29.45	5.58
57.16	9.3
105.22	14.28
187.62	24.14
321.22	40.43
504.47	68.59
656.9	103.77
732.97	140.48
851.83	198.45
1111.35	306.9
1564.67	524.28
2082.18	750.78
2539.73	948.28
3098.4	1151.82
3541.14	1336.97
3998.02	1520.48
4328.36	1700.64
4630.25	1843.47
0.37	0.26
0.36	0.4
0.45	0.46
0.62	0.67
1.17	1.09
2.0	1.97
3.62	3.08
7.04	2.64
13.87	3.81
26.5	5.67
52.4	9.12
99.94	13.95
183.72	24.83
298.55	42.96
469.19	67.09
606.95	103.84
696.61	147.61
814.86	201.87
1044.18	311.72
1491.01	531.46
1994.24	757.84
2433.81	984.47
2870.38	1195.3
3336.86	1423.15
3742.1	1632.75
4107.15	1869.03
4394.92	2014.77
0.37	0.27
0.34	0.32
0.45	0.43
0.69	0.67
1.12	1.05
1.97	1.82
3.69	2.86
7.18	4.02
13.76	5.34
26.67	7.03
51.78	9.56
99.6	15.61
184.03	24.8
314.06	44.68
504.88	79.36
703.81	122.58
780.42	175.09
897.93	261.24
1151.38	433.87
1607.77	765.65
2118.75	1097.17
2579.03	1423.01
3053.38	1782.98
3511.15	2102.53
3901.36	2447.43
4208.95	2750.69
4524.13	3056.29
0.28	0.25
0.3	0.28
0.42	0.43
0.59	0.56
1.0	0.95
1.69	1.51
3.27	2.96
6.38	3.17
12.0	5.16
23.68	4.91
46.14	6.47
86.43	10.85
159.22	18.4
265.46	31.58
410.48	52.56
515.55	83.22
629.38	115.99
707.55	170.83
933.75	268.98
1351.17	479.4
1812.69	677.33
2220.49	880.29
2668.38	1067.6
3073.87	1281.85
3475.76	1440.21
3762.31	1638.85
4019.58	1813.15
0.3	0.25
0.3	0.3
0.39	0.44
0.59	0.58
1.01	0.79
1.7	1.33
3.17	2.92
6.2	3.34
12.03	3.41
23.58	4.96
45.58	7.31
85.04	12.57
155.64	21.32
275.19	36.19
445.51	61.63
607.9	96.23
695.93	142.97
814.61	220.73
1044.75	371.82
1492.26	677.09
1899.25	959.29
2328.84	1287.05
2787.28	1571.23
3179.3	1880.66
3601.76	2180.34
3904.3	2426.86
4111.49	2752.33
0.27	0.27
0.3	0.37
0.46	0.42
0.67	0.65
1.07	1.17
1.89	1.98
3.85	2.44
7.34	3.02
14.2	5.9
27.24	6.24
54.62	10.12
103.32	15.59
187.55	27.25
320.86	47.71
523.63	82.24
726.2	126.37
856.13	181.77
998.11	273.84
1345.08	448.19
1967.99	795.34
2584.29	1136.69
3207.64	1490.6
3828.64	1827.2
4460.47	2165.95
5004.94	2520.58
5497.45	2837.82
5935.14	3150.91
0.34	0.28
0.32	0.36
0.45	0.52
0.64	0.67
1.08	1.1
2.19	1.57
3.83	3.48
6.99	4.81
14.35	4.82
28.21	5.93
54.24	9.24
101.92	14.56
182.1	25.03
311.03	43.46
480.4	70.35
605.38	109.52
677.26	148.78
746.36	204.43
922.89	312.9
1238.12	515.2
1499.81	728.91
1792.23	940.72
2134.31	1152.11
2425.88	1380.57
2656.13	1567.36
2866.05	1808.05
2994.3	1977.28
0.28	0.23
0.32	0.31
0.4	0.39
0.62	0.6
0.93	0.94
1.69	1.56
3.24	2.25
6.12	3.87
12.01	4.5
23.53	4.34
45.78	7.39
87.48	12.04
163.67	21.04
275.26	36.5
455.38	60.71
634.45	97.86
728.82	141.23
880.01	220.6
1162.52	382.21
1715.5	692.86
2261.6	996.3
2822.58	1291.82
3395.2	1590.86
3984.79	1887.92
4458.59	2200.11
4892.37	2466.14
5292.8	2716.05
0.31	0.27
0.31	0.41
0.36	0.43
0.65	0.6
1.09	1.2
2.03	1.84
3.7	2.51
7.18	3.07
13.38	4.39
26.88	5.06
51.66	8.5
96.69	13.8
179.56	23.14
300.84	37.42
454.32	63.96
570.97	96.78
637.6	130.29
723.15	181.83
868.96	286.97
1210.68	472.39
1490.59	676.68
1786.98	886.28
2119.2	1081.91
2440.71	1293.77
2635.77	1503.36
2855.88	1686.89
2987.14	1859.72
0.45	0.42
0.68	0.57
1.13	1.04
1.96	1.98
3.34	3.1
6.02	5.6
11.86	9.83
23.87	10.03
46.07	16.87
93.04	20.31
179.19	26.96
344.54	44.5
649.08	79.14
1194.42	143.03
2030.53	273.27
3036.65	500.59
3626.32	868.67
3929.57	1338.24
4421.59	1779.25
5238.28	2479.63
5933.83	3130.06
6551.19	3774.1
7211.48	4399.04
7766.05	5005.71
8307.07	5632.88
8840.66	6200.85
9334.14	6677.73
0.44	0.36
0.59	0.64
0.97	1.06
1.66	1.6
3.36	2.99
6.51	4.52
12.8	6.88
25.4	9.23
49.29	16.39
97.49	20.81
194.08	41.4
382.23	76.73
745.49	130.35
1434.95	248.21
2679.81	465.1
4816.22	834.91
8000.33	1436.49
10640.36	2149.56
11575.94	2722.31
13155.16	3658.01
14350.59	4436.82
15552.03	5217.11
16593.61	6025.96
17680.7	6860.23
18594.24	7662.1
19513.69	8402.48
20206.39	9109.64
0.43	0.36
0.54	0.6
0.87	0.87
1.38	1.41
2.66	2.71
5.17	4.17
10.24	9.84
19.42	9.84
38.55	8.47
77.36	15.32
145.28	21.08
284.84	31.8
528.69	56.95
967.35	115.33
1681.09	214.93
2520.45	388.65
2994.81	672.32
3376.14	1038.72
3810.08	1413.87
4589.86	2016.81
5255.02	2636.13
5878.36	3208.87
6518.48	3808.42
7079.46	4426.85
7659.35	5009.03
8177.07	5550.9
8659.76	6069.06
0.45	0.36
0.62	0.56
1.04	1.0
1.82	1.67
3.29	3.12
6.34	6.43
12.6	9.83
24.31	12.03
47.12	16.27
93.49	25.29
182.79	34.25
361.7	72.32
709.45	126.25
1364.46	239.21
2560.38	444.21
4560.07	788.73
7583.27	1338.89
9973.64	1973.78
10924.32	2543.8
12684.06	3396.83
13930.8	4155.96
15030.0	4891.6
16114.58	5633.9
17089.24	6377.73
17939.9	7192.0
19130.96	7888.8
19970.98	8539.13
0.42	0.32
0.55	0.48
0.79	0.74
1.4	1.61
2.52	2.09
4.93	4.52
9.76	8.14
19.0	9.68
38.19	10.51
74.37	18.44
145.83	30.13
287.67	51.82
561.75	88.9
1075.49	171.09
2027.23	319.35
3626.08	568.76
5931.26	949.86
7866.19	1445.88
8735.9	1916.26
10001.44	2651.21
11043.97	3382.82
12072.88	4074.88
13044.45	4794.51
13855.4	5511.08
14617.08	6259.49
15454.33	6912.86
16041.74	7529.38
0.51	0.42
0.6	0.65
0.91	0.81
1.85	1.89
3.29	3.21
6.07	5.85
11.65	5.15
22.92	8.67
46.38	11.09
88.4	19.19
176.52	21.55
334.91	49.34
656.44	75.48
1203.29	147.48
2038.89	266.66
3151.18	502.44
3774.38	866.86
4149.81	1327.56
4650.36	1709.43
5520.1	2375.61
6285.2	2949.21
7019.67	3526.58
7655.84	4083.72
8322.0	4716.76
8840.58	5301.55
9575.33	5885.87
10069.67	6405.54
