0.6	0.56	1
0.58	0.73	1
0.92	0.78	1
1.15	1.17	1
1.25	1.22	1
1.47	1.55	1
1.37	1.42	1
1.07	1.33	1
1.72	2.29	1
2.27	2.25	1
2.86	3.04	1
4.07	4.43	1
6.32	7.31	1
11.07	12.03	1
18.64	20.89	1
35.37	38.94	1
65.76	73.09	1
126.91	146.02	1
243.23	278.1	1
361.16	412.36	1
479.37	558.73	1
593.88	814.45	1
706.73	810.86	1
857.22	950.8	1
939.43	1091.73	1
1060.92	1227.53	1
0.7	0.6	1
0.83	0.72	1
1.08	1.14	1
1.56	1.27	1
1.72	1.6	1
1.75	1.47	1
1.77	1.94	1
1.86	2.69	1
3.1	3.16	1
4.38	3.85	1
7.97	8.88	1
13.78	14.84	1
27.55	28.13	1
53.37	46.89	1
104.82	91.56	1
205.4	209.8	1
411.91	417.57	1
821.25	833.58	1
1591.88	1632.71	1
2366.97	2056.62	1
3187.19	3254.38	1
4045.48	4114.24	1
4886.43	4982.31	1
5725.29	4963.12	1
6575.98	6700.49	1
7389.08	7537.89	1
0.62	0.58	1
0.73	0.72	1
0.82	0.94	1
1.27	1.01	1
1.24	1.42	1
1.09	1.6	1
1.18	1.43	1
1.55	1.46	1
1.78	2.26	1
2.24	2.39	1
2.87	3.49	1
4.13	6.19	1
6.27	11.14	1
10.13	19.79	1
19.64	39.05	1
35.2	70.22	1
64.94	116.21	1
127.51	285.92	1
245.68	422.49	1
378.43	590.94	1
479.32	767.52	1
615.39	987.23	1
705.6	1216.03	1
822.82	1306.92	1
938.72	1504.46	1
1072.18	1686.75	1
0.73	0.6	1
0.93	0.8	1
1.24	1.02	1
1.3	1.16	1
1.43	1.31	1
1.3	1.13	1
1.59	2.05	1
2.65	2.06	1
3.32	3.72	1
4.23	5.03	1
8.04	9.57	1
14.56	16.28	1
26.5	33.57	1
52.64	60.22	1
104.33	104.34	1
208.42	237.61	1
413.43	472.95	1
816.25	897.31	1
1592.33	1761.96	1
2370.05	2686.27	1
3191.75	3531.35	1
4045.7	4430.35	1
4883.62	5385.18	1
5751.1	5261.84	1
6577.58	7188.39	1
7383.41	8081.69	1
0.72	0.69	2
0.8	0.85	2
1.36	1.29	2
1.3	1.35	2
1.62	1.35	2
1.36	1.43	2
1.81	1.66	2
2.19	1.91	2
2.22	2.18	2
3.07	2.77	2
4.25	4.22	2
6.16	6.58	2
10.73	11.25	2
18.98	20.73	2
35.32	39.19	2
69.08	73.26	2
137.76	144.63	2
266.35	287.11	2
513.34	552.14	2
762.1	815.76	2
1012.43	1182.73	2
1254.63	1337.86	2
1498.52	1602.65	2
1734.29	1860.77	2
1966.86	2102.05	2
2210.66	2363.09	2
0.65	0.51	2
0.76	0.67	2
1.17	0.91	2
0.74	1.52	2
1.17	1.82	2
1.58	1.45	2
1.75	1.55	2
2.24	1.89	2
3.09	2.81	2
3.76	4.63	2
7.92	5.8	2
13.7	13.09	2
25.36	25.13	2
46.09	40.13	2
92.78	94.52	2
181.06	184.43	2
354.26	363.8	2
707.2	725.39	2
1371.71	1400.73	2
2040.38	2076.72	2
2693.28	2758.12	2
3351.89	3426.21	2
3996.18	4097.73	2
4659.69	3997.14	2
5307.52	5427.93	2
5959.1	6107.91	2
0.58	0.53	2
0.76	0.76	2
1.08	1.05	2
1.15	1.12	2
1.35	1.29	2
1.37	1.41	2
1.64	1.6	2
1.67	1.58	2
2.36	2.17	2
2.77	3.0	2
3.8	4.61	2
6.22	8.18	2
10.23	13.78	2
18.25	26.84	2
34.16	53.22	2
65.63	83.77	2
126.76	171.34	2
250.19	327.28	2
482.69	637.5	2
709.41	1011.6	2
946.94	1296.17	2
1172.49	1576.63	2
1405.18	1842.34	2
1636.5	2147.2	2
1863.68	2494.04	2
2102.38	2812.36	2
0.66	0.55	2
0.73	0.84	2
1.05	1.03	2
1.01	1.83	2
0.96	1.47	2
1.53	1.33	2
1.35	1.81	2
2.6	2.07	2
2.47	2.81	2
3.96	4.83	2
7.57	9.53	2
12.66	14.47	2
24.58	28.16	2
47.33	47.36	2
91.5	103.07	2
179.87	204.87	2
357.53	394.44	2
710.19	823.25	2
1378.22	1523.78	2
2032.46	2289.08	2
2700.55	3000.39	2
3350.97	3752.24	2
3996.45	4483.82	2
4609.09	5193.19	2
5246.21	5834.06	2
5823.03	6548.46	2
0.75	0.53	3
0.67	0.77	3
0.97	0.86	3
1.18	1.52	3
1.37	1.13	3
1.47	1.57	3
1.65	1.62	3
1.79	1.84	3
2.79	2.82	3
3.92	5.25	3
7.23	6.93	3
12.63	12.13	3
23.45	23.97	3
45.2	45.26	3
86.91	88.98	3
172.71	176.31	3
341.81	349.69	3
676.99	695.13	3
1309.16	1343.07	3
1934.98	1987.03	3
2583.45	2631.69	3
3190.13	2728.23	3
3818.25	3918.6	3
4488.69	4754.65	3
5273.74	5412.19	3
5929.71	6071.16	3
0.59	0.63	3
0.71	0.71	3
1.16	1.19	3
1.4	1.17	3
1.37	1.46	3
1.42	1.46	3
1.58	1.48	3
1.78	1.69	3
2.3	1.87	3
3.17	3.38	3
3.85	3.84	3
6.64	6.67	3
10.83	11.36	3
19.18	20.34	3
37.86	38.84	3
70.27	75.2	3
135.67	143.82	3
266.24	285.96	3
517.8	551.03	3
767.55	819.86	3
1017.29	1087.02	3
1270.82	1355.97	3
1553.88	1671.47	3
1812.55	1928.51	3
2065.87	2204.85	3
2326.57	2702.36	3
0.55	0.57	3
0.66	0.68	3
0.81	0.79	3
1.17	1.06	3
1.37	0.94	3
1.08	1.34	3
1.77	1.64	3
1.71	2.24	3
2.48	2.51	3
3.84	4.26	3
6.81	7.53	3
11.53	11.17	3
21.01	21.83	3
40.67	49.73	3
80.09	98.62	3
156.15	200.55	3
311.72	353.63	3
615.39	703.07	3
1199.09	1120.58	3
1779.44	2030.15	3
2359.93	2642.71	3
2935.44	2796.25	3
3508.34	4047.12	3
4093.5	4608.25	3
4678.78	5376.26	3
5242.12	5970.65	3
0.61	0.5	3
0.73	0.73	3
0.96	0.97	3
1.18	1.18	3
1.32	1.38	3
1.26	1.47	3
1.41	1.43	3
1.79	1.97	3
1.99	2.33	3
3.0	2.99	3
3.81	5.06	3
6.01	8.23	3
10.14	14.74	3
17.75	25.03	3
34.25	47.45	3
63.54	93.75	3
127.79	187.56	3
249.53	333.15	3
477.41	662.09	3
713.18	949.71	3
942.9	1256.28	3
1172.84	1621.9	3
1408.51	1842.92	3
1634.54	2216.49	3
1892.68	2482.38	3
2091.8	2734.05	3
0.74	0.66	4
0.85	0.9	4
0.99	0.93	4
1.41	1.22	4
1.73	1.33	4
1.38	1.52	4
2.23	1.72	4
2.3	2.34	4
2.78	3.03	4
4.9	4.65	4
7.77	8.39	4
14.85	14.88	4
28.71	25.16	4
54.6	54.32	4
105.83	110.23	4
211.96	215.81	4
419.84	428.34	4
833.17	849.56	4
1621.97	1651.01	4
2401.92	2444.74	4
3168.76	3239.77	4
3942.3	4023.38	4
4726.57	4812.34	4
5521.84	5607.83	4
6282.12	6410.91	4
7038.65	7186.82	4
0.62	0.62	4
0.78	0.76	4
0.78	1.07	4
1.34	1.14	4
1.06	1.42	4
1.35	1.19	4
1.62	1.4	4
1.53	1.44	4
1.89	1.85	4
2.75	2.32	4
2.93	3.02	4
4.18	4.29	4
6.78	6.76	4
10.07	11.4	4
18.75	21.06	4
35.77	38.93	4
64.72	73.94	4
127.75	144.49	4
244.07	280.19	4
362.25	410.32	4
479.6	546.15	4
596.96	677.11	4
712.72	809.67	4
825.56	947.53	4
944.76	1072.45	4
1062.74	1204.73	4
0.6	0.54	4
0.79	0.73	4
1.05	1.03	4
1.16	1.13	4
1.29	1.3	4
1.47	1.37	4
1.57	1.56	4
1.99	2.12	4
2.73	2.97	4
4.15	4.49	4
7.09	8.7	4
13.16	14.92	4
24.65	29.39	4
47.77	57.83	4
93.67	113.45	4
185.71	204.4	4
366.85	446.92	4
730.54	868.2	4
1413.53	1603.46	4
2099.57	2376.48	4
2780.18	3083.07	4
3462.13	3217.38	4
4147.82	4573.89	4
4826.02	5349.87	4
5510.61	6145.56	4
6196.11	5742.59	4
0.57	0.5	4
0.74	0.64	4
0.88	0.81	4
0.94	1.28	4
1.15	1.52	4
1.3	1.2	4
1.58	1.59	4
1.61	1.49	4
1.53	2.08	4
2.04	2.62	4
2.72	3.66	4
3.87	5.91	4
6.3	9.83	4
10.09	19.47	4
19.72	33.35	4
35.48	71.95	4
66.42	119.09	4
127.74	223.78	4
242.84	411.29	4
358.65	561.8	4
476.65	767.58	4
598.77	991.78	4
708.9	1217.28	4
830.2	1298.28	4
972.72	1478.86	4
1052.95	1704.84	4
0.45	0.42	5
0.52	0.56	5
0.9	0.82	5
1.43	1.37	5
2.69	1.69	5
5.35	3.6	5
9.93	3.99	5
19.37	3.9	5
36.86	5.1	5
70.61	6.12	5
134.22	10.35	5
238.48	18.22	5
399.46	34.62	5
609.99	64.25	5
758.36	121.46	5
867.22	218.48	5
1022.22	377.35	5
1308.84	625.34	5
1553.94	871.46	5
1777.81	1120.54	5
2011.96	1368.57	5
2225.85	1579.18	5
2435.43	1793.83	5
2634.57	1968.19	5
2840.92	2157.57	5
0.48	0.38	5
0.52	0.5	5
0.92	0.82	5
1.49	1.27	5
2.7	2.6	5
5.02	2.81	5
9.84	3.33	5
20.14	5.89	5
38.58	8.86	5
76.13	15.37	5
149.19	27.57	5
291.59	52.99	5
550.73	101.6	5
1007.8	185.45	5
1751.35	324.71	5
2541.91	537.78	5
2959.02	801.55	5
3549.16	1203.42	5
4051.04	1592.41	5
4550.54	1976.95	5
4971.14	2352.67	5
5438.16	2757.33	5
5836.08	3134.94	5
6233.6	3546.42	5
6575.32	3909.22	5
0.41	0.39	5
0.5	0.5	5
0.77	0.82	5
1.34	1.34	5
2.5	1.87	5
4.63	2.36	5
8.89	2.86	5
17.19	3.31	5
33.4	4.29	5
62.8	6.17	5
118.92	9.52	5
211.93	16.44	5
360.23	29.05	5
554.88	53.22	5
690.15	99.67	5
809.75	177.14	5
963.9	308.55	5
1211.52	540.58	5
1472.01	760.69	5
1716.96	994.68	5
1939.5	1244.81	5
2171.49	1492.85	5
2362.06	1699.71	5
2568.11	1889.32	5
2766.58	2100.74	5
0.43	0.43	5
0.57	0.61	5
0.91	0.89	5
1.39	1.18	5
2.66	1.83	5
4.82	2.88	5
9.98	3.74	5
19.94	5.02	5
39.41	8.21	5
75.83	16.69	5
149.71	27.62	5
291.73	52.77	5
549.55	100.31	5
1010.32	178.81	5
1741.92	316.83	5
2493.52	508.17	5
2941.46	750.19	5
3543.67	1136.56	5
4034.86	1511.31	5
4473.13	1882.61	5
4976.9	2272.5	5
5370.95	2665.08	5
5812.27	3027.33	5
6190.67	3430.37	5
6507.68	3779.6	5
0.46	0.42	6
0.59	0.59	6
0.81	0.86	6
1.5	1.34	6
2.67	1.78	6
5.23	2.45	6
9.98	3.66	6
19.88	5.31	6
39.34	9.91	6
76.91	14.72	6
151.01	28.85	6
293.2	52.71	6
556.82	101.12	6
1021.85	188.03	6
1764.03	335.98	6
2615.61	556.61	6
3075.6	827.16	6
3550.02	1213.37	6
4042.74	1579.91	6
4526.08	1969.88	6
4893.58	2349.97	6
5282.66	2716.81	6
5811.14	3112.77	6
6159.14	3460.53	6
6491.61	3786.47	6
0.51	0.41	6
0.58	0.58	6
1.01	0.89	6
1.48	1.47	6
3.01	2.48	6
5.37	1.96	6
10.29	2.67	6
20.68	3.23	6
39.26	5.47	6
77.3	7.95	6
141.01	10.85	6
258.96	18.95	6
425.05	35.13	6
658.8	67.6	6
823.06	126.93	6
947.24	223.82	6
1136.6	385.56	6
1439.35	643.63	6
1700.25	881.94	6
1949.28	1107.32	6
2206.11	1336.45	6
2439.03	1570.75	6
2659.88	1804.6	6
2894.53	2035.95	6
3112.66	2282.18	6
0.45	0.34	6
0.47	0.46	6
0.71	0.73	6
1.21	1.13	6
2.3	2.08	6
4.27	2.8	6
8.51	2.97	6
16.57	4.03	6
32.41	6.45	6
63.13	11.23	6
123.54	20.77	6
240.34	37.91	6
464.97	71.25	6
833.24	131.14	6
1471.76	230.02	6
2197.02	389.69	6
2595.71	604.52	6
3027.45	956.16	6
3473.74	1299.7	6
3875.81	1632.67	6
4285.32	1974.36	6
4632.31	2298.24	6
4940.07	2643.84	6
5270.72	2971.62	6
5588.77	3276.73	6
0.45	0.42	6
0.57	0.52	6
0.91	0.9	6
1.41	1.35	6
2.58	2.01	6
4.9	2.5	6
9.17	3.11	6
18.29	3.78	6
35.53	4.96	6
68.1	6.28	6
128.52	9.88	6
228.69	18.45	6
381.24	31.82	6
589.93	57.39	6
763.51	104.5	6
865.51	189.49	6
1046.79	331.02	6
1326.68	565.97	6
1584.15	792.82	6
1842.12	1015.72	6
2069.09	1240.77	6
2351.36	1489.75	6
2596.05	1719.29	6
2824.61	1953.08	6
3027.39	2199.13	6
0.47	0.4	7
0.55	0.52	7
0.81	0.91	7
1.48	1.38	7
2.64	2.58	7
5.01	2.53	7
9.58	3.05	7
18.7	2.85	7
36.14	4.98	7
69.1	6.71	7
130.93	11.05	7
231.58	18.95	7
380.84	34.05	7
597.96	63.98	7
771.6	119.76	7
870.61	217.14	7
1051.78	377.34	7
1318.65	628.0	7
1597.55	870.37	7
1863.99	1087.27	7
2087.02	1316.95	7
2351.85	1534.89	7
2573.54	1790.0	7
2795.06	2024.65	7
3003.97	2271.08	7
0.48	0.39	7
0.49	0.63	7
0.83	0.77	7
1.45	1.33	7
2.6	2.45	7
4.84	2.13	7
9.55	3.3	7
18.69	5.14	7
36.97	7.59	7
73.45	14.06	7
144.56	27.7	7
279.77	49.76	7
529.2	96.01	7
987.85	179.34	7
1682.5	316.59	7
2486.69	532.28	7
2925.97	797.0	7
3409.93	1183.21	7
3899.21	1565.84	7
4310.31	1929.72	7
4706.0	2305.45	7
5049.61	2664.51	7
5440.49	3018.74	7
5757.51	3358.48	7
6097.6	3674.99	7
0.39	0.39	7
0.52	0.51	7
0.73	0.73	7
1.37	1.25	7
2.43	1.91	7
4.62	1.8	7
8.79	3.65	7
17.13	3.59	7
32.77	4.22	7
63.89	6.74	7
116.93	9.57	7
211.29	15.83	7
353.98	28.87	7
539.79	54.18	7
703.34	97.94	7
804.06	177.66	7
996.75	309.55	7
1253.63	544.91	7
1507.73	778.58	7
1788.69	999.09	7
2022.48	1219.35	7
2255.72	1450.84	7
2496.19	1701.46	7
2700.87	1928.01	7
2908.7	2158.22	7
0.44	0.36	7
0.51	0.53	7
0.76	0.71	7
1.31	1.17	7
2.31	1.82	7
4.35	2.39	7
8.78	3.15	7
17.24	4.96	7
34.27	6.72	7
67.81	12.92	7
132.43	21.89	7
253.37	41.9	7
496.37	80.05	7
891.21	144.85	7
1554.79	260.75	7
2255.09	429.11	7
2658.16	652.19	7
3181.25	996.6	7
3644.78	1354.48	7
3994.31	1691.36	7
4368.1	2044.51	7
4744.63	2396.75	7
5145.39	2761.72	7
5416.09	3084.73	7
5765.05	3414.31	7
0.51	0.43	8
0.5	0.52	8
0.83	0.84	8
1.34	1.38	8
2.5	2.27	8
5.08	2.79	8
9.56	3.42	8
18.77	5.13	8
36.04	8.59	8
75.64	15.47	8
147.93	27.89	8
289.0	52.72	8
545.36	100.48	8
997.66	184.21	8
1737.08	328.37	8
2622.45	549.11	8
3016.62	812.94	8
3618.02	1222.28	8
4130.61	1626.64	8
4609.36	2011.42	8
5237.35	2445.49	8
5684.49	2839.18	8
6141.04	3255.75	8
6543.42	3660.68	8
6882.17	4059.09	8
0.51	0.42	8
0.56	0.59	8
0.76	0.82	8
1.52	1.32	8
2.89	2.05	8
5.23	2.45	8
10.61	2.48	8
20.12	4.8	8
39.41	4.41	8
75.79	7.5	8
142.12	10.65	8
258.37	21.0	8
423.63	35.38	8
633.94	69.49	8
819.6	120.55	8
928.25	226.12	8
1089.92	383.21	8
1383.54	637.07	8
1641.6	884.5	8
1862.78	1121.82	8
2108.75	1352.22	8
2321.72	1573.25	8
2525.85	1769.34	8
2763.53	1982.61	8
2936.45	2181.83	8
0.42	0.36	8
0.48	0.45	8
0.73	0.75	8
1.23	1.13	8
2.32	1.81	8
4.38	2.61	8
8.16	2.9	8
16.54	3.96	8
32.25	6.54	8
63.16	11.69	8
124.92	20.89	8
242.23	37.65	8
457.81	73.02	8
854.93	130.56	8
1496.56	233.81	8
2182.26	396.93	8
2588.98	603.15	8
3111.99	973.69	8
3557.09	1323.96	8
3969.38	1663.57	8
4427.72	2039.11	8
4787.36	2378.29	8
5227.94	2766.59	8
5608.46	3123.7	8
5978.48	3482.36	8
0.44	0.39	8
0.5	0.53	8
0.79	0.74	8
1.31	1.3	8
2.38	1.91	8
4.5	1.92	8
8.76	2.5	8
16.77	3.31	8
33.05	4.07	8
63.93	6.79	8
117.95	9.66	8
213.24	16.2	8
360.17	28.33	8
545.91	53.67	8
700.92	97.38	8
805.47	173.72	8
960.91	306.53	8
1226.0	534.37	8
1492.6	768.52	8
1731.1	987.32	8
1954.36	1221.77	8
2162.5	1464.79	8
2400.07	1670.73	8
2567.25	1869.83	8
2799.21	2068.99	8
0.29	0.33	9
0.32	0.29	9
0.31	0.33	9
0.34	0.3	9
0.33	0.32	9
0.37	0.37	9
0.45	0.41	9
0.41	0.45	9
0.48	0.49	9
0.61	0.6	9
0.63	0.61	9
0.86	0.85	9
1.08	1.11	9
1.7	1.81	9
2.53	2.84	9
4.67	4.78	9
7.83	7.93	9
14.36	14.7	9
25.0	27.54	9
46.16	49.37	9
89.4	95.47	9
170.77	187.08	9
256.41	274.35	9
334.99	361.31	9
417.79	445.98	9
494.22	530.98	9
576.03	620.68	9
653.63	710.25	9
736.87	802.65	9
0.32	0.28	9
0.32	0.3	9
0.28	0.33	9
0.33	0.31	9
0.35	0.3	9
0.36	0.32	9
0.39	0.39	9
0.39	0.42	9
0.48	0.6	9
0.7	0.7	9
1.06	1.01	9
1.7	2.03	9
3.27	3.36	9
6.56	6.91	9
12.85	12.87	9
26.54	26.11	9
53.9	52.54	9
107.68	105.94	9
216.44	211.69	9
427.13	417.21	9
843.79	828.18	9
1661.41	1631.37	9
2477.27	2433.96	9
3225.59	3161.77	9
3959.83	3888.23	9
4702.58	4607.8	9
5527.09	5406.85	9
6332.42	6208.37	9
7135.84	7008.09	9
0.24	0.25	9
0.25	0.22	9
0.26	0.24	9
0.27	0.27	9
0.3	0.27	9
0.25	0.28	9
0.31	0.29	9
0.33	0.3	9
0.37	0.4	9
0.46	0.53	9
0.63	0.66	9
0.78	0.97	9
1.01	1.42	9
1.65	2.3	9
2.48	3.3	9
4.68	6.19	9
7.41	9.61	9
14.29	19.48	9
24.22	38.41	9
46.82	67.54	9
90.29	166.81	9
171.8	257.62	9
251.72	370.15	9
333.14	471.95	9
417.08	674.99	9
497.32	703.48	9
578.01	803.06	9
654.41	895.5	9
734.95	1052.44	9
0.32	0.26	9
0.29	0.23	9
0.32	0.32	9
0.34	0.28	9
0.3	0.29	9
0.31	0.35	9
0.38	0.38	9
0.41	0.39	9
0.52	0.55	9
0.69	0.7	9
1.07	1.07	9
1.69	1.97	9
3.31	3.87	9
6.36	6.82	9
13.14	15.09	9
26.17	28.6	9
54.44	58.6	9
108.24	119.31	9
215.32	228.33	9
425.65	470.79	9
849.64	900.78	9
1661.27	1832.28	9
2480.28	2637.09	9
3225.68	3468.79	9
3967.61	4163.38	9
4710.45	4934.45	9
5519.08	5848.05	9
6325.78	6644.27	9
7153.38	7519.9	9
0.34	0.26	10
0.21	0.21	10
0.33	0.32	10
0.29	0.36	10
0.32	0.27	10
0.35	0.33	10
0.41	0.37	10
0.42	0.36	10
0.44	0.4	10
0.56	0.58	10
0.87	0.71	10
1.06	0.93	10
1.49	1.56	10
2.53	2.83	10
4.46	4.37	10
7.88	8.67	10
15.57	15.96	10
30.25	30.83	10
58.95	60.91	10
116.98	119.94	10
229.15	236.21	10
447.03	457.88	10
659.27	678.19	10
872.34	903.2	10
1093.87	1124.05	10
1304.16	1342.16	10
1519.61	1560.72	10
1728.58	1784.49	10
1944.77	2009.07	10
0.37	0.27	10
0.25	0.24	10
0.28	0.28	10
0.27	0.26	10
0.31	0.33	10
0.28	0.29	10
0.37	0.32	10
0.44	0.52	10
0.68	0.53	10
0.66	0.88	10
1.18	1.06	10
1.79	2.12	10
2.45	2.53	10
5.94	4.85	10
11.15	10.02	10
20.64	21.44	10
43.73	42.39	10
87.42	85.35	10
173.88	169.7	10
344.76	335.76	10
688.94	670.27	10
1333.56	1300.07	10
1958.82	1911.56	10
2590.49	2519.91	10
3222.71	3132.92	10
3823.0	3727.06	10
4439.99	4322.12	10
5054.98	4933.15	10
5665.87	5533.22	10
0.26	0.24	10
0.26	0.25	10
0.24	0.25	10
0.26	0.23	10
0.24	0.27	10
0.27	0.32	10
0.32	0.32	10
0.35	0.35	10
0.39	0.38	10
0.5	0.52	10
0.57	0.66	10
0.95	1.0	10
1.39	1.74	10
2.42	2.84	10
4.17	4.79	10
8.2	9.71	10
14.94	19.37	10
28.76	39.83	10
55.25	72.23	10
107.26	144.76	10
211.03	263.73	10
407.8	470.17	10
608.43	707.8	10
804.3	961.05	10
998.01	1141.14	10
1199.4	1404.16	10
1392.63	1584.05	10
1589.6	1820.51	10
1789.12	2071.92	10
0.3	0.25	10
0.23	0.28	10
0.31	0.25	10
0.29	0.27	10
0.27	0.27	10
0.27	0.29	10
0.32	0.34	10
0.45	0.42	10
0.43	0.56	10
0.74	0.8	10
1.07	1.35	10
1.49	2.29	10
2.72	3.12	10
4.93	6.69	10
10.56	10.85	10
21.5	24.3	10
42.89	49.51	10
87.31	97.86	10
172.83	194.04	10
342.2	363.92	10
681.39	741.89	10
1329.17	1492.06	10
1954.9	2063.41	10
2578.1	2739.71	10
3193.4	3480.31	10
3791.89	4079.39	10
4370.58	4610.34	10
4949.92	5297.79	10
5505.88	5835.94	10
0.36	0.27	11
0.31	0.28	11
0.27	0.26	11
0.34	0.34	11
0.32	0.25	11
0.32	0.31	11
0.27	0.31	11
0.38	0.43	11
0.53	0.54	11
0.66	0.55	11
1.07	0.93	11
1.49	1.62	11
2.79	3.28	11
5.27	6.08	11
10.91	9.75	11
21.6	19.59	11
44.66	43.44	11
86.25	84.43	11
169.73	165.43	11
337.64	328.22	11
672.55	657.99	11
1316.1	1274.52	11
1941.73	1896.02	11
2579.38	2512.77	11
3213.85	3132.58	11
3839.7	3747.35	11
4469.53	4360.21	11
5101.43	4980.69	11
5721.18	5583.05	11
0.33	0.26	11
0.24	0.27	11
0.31	0.29	11
0.33	0.28	11
0.29	0.34	11
0.29	0.36	11
0.36	0.31	11
0.36	0.4	11
0.31	0.45	11
0.46	0.53	11
0.66	0.72	11
1.06	1.07	11
1.69	1.51	11
2.63	2.86	11
4.2	4.19	11
8.44	8.42	11
15.37	16.06	11
30.23	31.17	11
58.82	60.22	11
114.03	116.52	11
227.52	234.3	11
439.46	459.56	11
656.85	674.43	11
865.09	888.76	11
1069.68	1104.4	11
1270.92	1316.61	11
1476.08	1516.28	11
1688.53	1734.59	11
1887.03	1949.73	11
0.28	0.23	11
0.24	0.27	11
0.24	0.22	11
0.23	0.25	11
0.25	0.24	11
0.29	0.27	11
0.31	0.31	11
0.33	0.32	11
0.4	0.52	11
0.62	0.67	11
0.93	0.93	11
1.59	1.78	11
2.56	3.16	11
5.15	4.5	11
8.7	8.14	11
17.71	18.44	11
37.64	41.94	11
76.31	81.91	11
149.41	169.03	11
298.69	336.78	11
591.38	667.17	11
1152.07	1244.15	11
1714.9	1830.06	11
2272.11	2474.27	11
2828.0	3000.62	11
3390.4	3660.11	11
3955.92	4186.92	11
4506.95	4828.16	11
5057.66	5424.63	11
0.33	0.23	11
0.28	0.22	11
0.25	0.28	11
0.25	0.29	11
0.3	0.26	11
0.32	0.27	11
0.36	0.35	11
0.38	0.34	11
0.42	0.34	11
0.47	0.57	11
0.6	0.78	11
1.08	1.19	11
1.52	1.71	11
2.73	3.17	11
4.46	5.0	11
8.86	9.59	11
15.64	18.48	11
29.33	35.9	11
56.93	66.0	11
110.05	139.67	11
220.18	251.29	11
431.03	500.84	11
650.48	746.7	11
839.18	957.35	11
1044.56	1236.08	11
1246.98	1434.13	11
1445.74	1666.92	11
1649.26	1885.04	11
1849.14	2125.19	11
0.27	0.23	12
0.32	0.27	12
0.24	0.24	12
0.25	0.28	12
0.3	0.27	12
0.3	0.28	12
0.29	0.31	12
0.38	0.39	12
0.48	0.43	12
0.71	0.7	12
0.98	0.9	12
1.96	1.77	12
2.76	3.42	12
5.89	6.36	12
11.76	11.88	12
24.89	23.92	12
50.79	49.19	12
99.64	97.25	12
198.02	194.34	12
395.68	385.57	12
787.31	770.8	12
1534.68	1501.44	12
2269.39	2221.67	12
3008.48	2944.78	12
3748.16	3669.0	12
4481.38	4394.44	12
5219.91	5114.22	12
5962.59	5835.19	12
6718.55	6560.95	12
0.3	0.25	12
0.27	0.27	12
0.24	0.33	12
0.31	0.24	12
0.27	0.25	12
0.39	0.33	12
0.41	0.33	12
0.33	0.4	12
0.46	0.47	12
0.57	0.52	12
0.6	0.62	12
0.75	0.8	12
1.03	1.09	12
1.62	1.71	12
2.48	2.68	12
4.44	4.64	12
7.92	8.13	12
13.6	14.66	12
25.99	26.68	12
46.76	49.77	12
89.05	95.8	12
169.59	185.89	12
251.39	274.21	12
331.52	356.95	12
417.21	444.57	12
496.12	532.47	12
571.27	619.32	12
653.08	710.75	12
733.97	800.87	12
0.23	0.23	12
0.24	0.22	12
0.25	0.27	12
0.25	0.25	12
0.22	0.24	12
0.26	0.25	12
0.27	0.31	12
0.32	0.37	12
0.4	0.39	12
0.6	0.64	12
0.97	0.96	12
1.56	1.58	12
2.47	3.12	12
4.95	5.74	12
10.22	11.99	12
21.41	24.99	12
44.21	49.52	12
87.02	98.61	12
181.18	203.11	12
361.91	390.39	12
720.24	772.28	12
1401.68	1529.62	12
2072.23	2231.06	12
2744.54	2914.88	12
3423.94	3702.61	12
4091.8	4300.87	12
4764.24	5006.47	12
5437.77	5767.49	12
6111.8	6439.36	12
0.31	0.26	12
0.3	0.27	12
0.28	0.22	12
0.32	0.25	12
0.31	0.24	12
0.33	0.23	12
0.33	0.41	12
0.36	0.41	12
0.41	0.49	12
0.57	0.61	12
0.54	0.65	12
0.82	0.94	12
1.04	1.47	12
1.68	2.12	12
2.41	3.39	12
4.3	6.02	12
7.5	10.35	12
13.46	19.99	12
24.78	37.45	12
45.85	67.07	12
88.24	121.4	12
177.62	301.29	12
255.04	399.87	12
334.9	489.36	12
411.88	606.91	12
489.86	657.98	12
573.57	782.56	12
652.33	939.22	12
733.42	1064.15	12
0.33	0.28	13
0.33	0.32	13
0.49	0.51	13
0.62	0.68	13
1.1	1.07	13
2.09	1.99	13
3.77	2.96	13
7.17	3.17	13
14.21	4.39	13
28.02	6.72	13
53.42	8.66	13
99.78	15.4	13
186.47	24.57	13
308.13	43.17	13
469.09	68.91	13
605.3	109.92	13
663.85	144.61	13
742.4	195.66	13
885.85	307.98	13
1202.28	515.55	13
1520.84	733.5	13
1805.08	949.36	13
2128.97	1168.5	13
2492.49	1379.42	13
2739.1	1583.97	13
2921.14	1779.48	13
3086.0	1935.16	13
0.37	0.24	13
0.32	0.34	13
0.44	0.41	13
0.63	0.61	13
1.09	1.06	13
1.93	1.98	13
3.69	2.77	13
7.12	4.1	13
13.97	5.51	13
27.88	4.75	13
52.95	9.28	13
101.46	16.2	13
187.4	27.43	13
328.56	47.36	13
536.25	82.54	13
723.16	126.09	13
857.23	186.41	13
1004.76	282.04	13
1386.38	472.69	13
2045.06	879.12	13
2702.61	1277.39	13
3469.11	1642.26	13
4151.81	2022.37	13
4875.11	2370.57	13
5470.98	2721.21	13
6006.65	3049.19	13
6450.99	3379.99	13
0.29	0.27	13
0.28	0.32	13
0.39	0.43	13
0.62	0.62	13
1.0	0.96	13
1.7	1.76	13
3.28	2.62	13
6.32	4.46	13
12.37	3.31	13
24.38	3.39	13
46.45	7.72	13
89.51	11.05	13
157.51	21.34	13
274.01	32.4	13
430.25	55.04	13
524.01	85.47	13
595.82	114.74	13
673.32	168.34	13
827.92	262.91	13
1101.98	468.78	13
1389.09	649.27	13
1676.43	862.1	13
1968.85	1066.45	13
2256.78	1260.0	13
2499.81	1457.48	13
2723.32	1657.88	13
2895.52	1816.29	13
0.34	0.26	13
0.3	0.31	13
0.38	0.39	13
0.59	0.58	13
1.01	1.01	13
1.77	1.42	13
3.33	2.23	13
6.24	3.63	13
12.27	3.66	13
24.23	5.28	13
46.22	7.95	13
88.36	12.57	13
164.81	22.37	13
286.85	37.75	13
468.83	62.73	13
640.72	101.51	13
773.29	152.92	13
921.19	243.79	13
1256.43	416.62	13
1842.24	801.13	13
2483.07	1170.05	13
3136.48	1491.86	13
3772.06	1806.55	13
4416.22	2150.5	13
4951.7	2446.52	13
5502.03	2780.23	13
5892.99	3051.77	13
0.4	0.3	14
0.29	0.34	14
0.49	0.45	14
0.7	0.7	14
1.23	1.13	14
2.09	2.23	14
3.96	2.59	14
8.07	3.71	14
15.18	4.7	14
29.77	6.76	14
59.53	10.16	14
111.15	15.55	14
204.04	28.25	14
358.81	48.93	14
554.18	80.79	14
789.87	129.53	14
874.17	181.49	14
1025.93	274.74	14
1328.2	440.53	14
1785.01	774.5	14
2237.17	1113.58	14
2763.55	1443.85	14
3298.08	1778.43	14
3777.5	2109.93	14
4140.46	2467.05	14
4440.73	2787.05	14
4783.75	3071.93	14
0.35	0.31	14
0.32	0.37	14
0.47	0.48	14
0.69	0.67	14
1.21	1.16	14
2.2	1.82	14
4.1	2.84	14
7.73	3.87	14
16.14	4.35	14
31.25	6.29	14
58.99	9.54	14
112.05	14.11	14
202.39	25.86	14
333.95	43.55	14
518.99	74.0	14
676.8	112.89	14
770.53	153.66	14
904.58	211.55	14
1156.91	324.58	14
1619.74	592.86	14
2137.59	864.6	14
2620.89	1104.98	14
3180.9	1317.05	14
3635.57	1530.37	14
4116.12	1743.73	14
4460.33	1951.19	14
4733.15	2128.76	14
0.32	0.29	14
0.32	0.28	14
0.38	0.41	14
0.57	0.57	14
0.98	0.94	14
1.67	1.68	14
3.27	2.49	14
6.31	3.1	14
12.14	3.16	14
23.3	5.22	14
44.71	8.22	14
87.0	11.77	14
156.93	21.78	14
260.89	36.57	14
436.45	60.29	14
617.09	96.22	14
682.56	142.99	14
830.07	219.9	14
1038.5	367.28	14
1467.85	660.1	14
1923.98	952.22	14
2300.21	1256.02	14
2756.74	1558.99	14
3214.42	1881.61	14
3573.85	2173.67	14
3862.79	2436.88	14
4117.11	2727.16	14
0.32	0.27	14
0.33	0.29	14
0.49	0.41	14
0.62	0.73	14
1.13	1.11	14
2.06	2.16	14
4.18	3.94	14
7.82	5.06	14
14.87	3.97	14
29.45	6.31	14
57.16	9.5	14
105.22	16.29	14
187.62	23.99	14
321.22	41.67	14
504.47	69.27	14
656.9	103.02	14
732.97	135.78	14
851.83	199.58	14
1111.35	313.74	14
1564.67	589.67	14
2082.18	844.28	14
2539.73	1053.93	14
3098.4	1254.09	14
3541.14	1441.66	14
3998.02	1627.44	14
4328.36	1799.18	14
4630.25	1981.09	14
0.37	0.33	15
0.36	0.3	15
0.45	0.41	15
0.62	0.63	15
1.17	1.01	15
2.0	1.92	15
3.62	3.21	15
7.04	4.42	15
13.87	3.73	15
26.5	4.42	15
52.4	7.69	15
99.94	14.18	15
183.72	25.39	15
298.55	41.07	15
469.19	68.34	15
606.95	108.49	15
696.61	145.1	15
814.86	203.23	15
1044.18	312.61	15
1491.01	568.06	15
1994.24	824.97	15
2433.81	1036.71	15
2870.38	1260.62	15
3336.86	1470.94	15
3742.1	1699.06	15
4107.15	1869.49	15
4394.92	2059.03	15
0.37	0.26	15
0.34	0.32	15
0.45	0.39	15
0.69	0.65	15
1.12	1.09	15
1.97	1.98	15
3.69	3.66	15
7.18	4.15	15
13.76	4.96	15
26.67	6.46	15
51.78	10.72	15
99.6	14.41	15
184.03	25.35	15
314.06	46.94	15
504.88	76.91	15
703.81	122.9	15
780.42	178.35	15
897.93	260.08	15
1151.38	435.25	15
1607.77	761.78	15
2118.75	1097.75	15
2579.03	1453.63	15
3053.38	1771.69	15
3511.15	2107.43	15
3901.36	2462.21	15
4208.95	2763.66	15
4524.13	3065.45	15
0.28	0.26	15
0.3	0.27	15
0.42	0.37	15
0.59	0.57	15
1.0	0.92	15
1.69	1.66	15
3.27	2.64	15
6.38	2.34	15
12.0	3.29	15
23.68	3.94	15
46.14	7.48	15
86.43	10.84	15
159.22	18.31	15
265.46	32.24	15
410.48	54.42	15
515.55	83.49	15
629.38	117.16	15
707.55	169.08	15
933.75	273.34	15
1351.17	514.14	15
1812.69	740.55	15
2220.49	938.55	15
2668.38	1143.41	15
3073.87	1357.07	15
3475.76	1504.74	15
3762.31	1697.08	15
4019.58	1865.25	15
0.3	0.28	15
0.3	0.3	15
0.39	0.38	15
0.59	0.57	15
1.01	0.92	15
1.7	1.68	15
3.17	2.04	15
6.2	1.89	15
12.03	2.5	15
23.58	5.31	15
45.58	7.01	15
85.04	13.43	15
155.64	22.58	15
275.19	35.39	15
445.51	61.59	15
607.9	95.11	15
695.93	143.55	15
814.61	216.45	15
1044.75	381.95	15
1492.26	670.81	15
1899.25	966.14	15
2328.84	1266.92	15
2787.28	1574.57	15
3179.3	1878.23	15
3601.76	2177.49	15
3904.3	2447.37	15
4111.49	2725.57	15
0.27	0.28	16
0.3	0.29	16
0.46	0.37	16
0.67	0.67	16
1.07	1.14	16
1.89	1.92	16
3.85	3.3	16
7.34	3.65	16
14.2	4.54	16
27.24	4.71	16
54.62	9.05	16
103.32	15.2	16
187.55	28.04	16
320.86	48.2	16
523.63	79.9	16
726.2	127.07	16
856.13	182.79	16
998.11	275.02	16
1345.08	454.71	16
1967.99	836.65	16
2584.29	1199.28	16
3207.64	1564.76	16
3828.64	1900.57	16
4460.47	2254.52	16
5004.94	2591.57	16
5497.45	2908.99	16
5935.14	3201.28	16
0.34	0.27	16
0.32	0.29	16
0.45	0.45	16
0.64	0.63	16
1.08	1.09	16
2.19	1.99	16
3.83	3.82	16
6.99	4.46	16
14.35	3.84	16
28.21	6.03	16
54.24	9.16	16
101.92	13.83	16
182.1	25.07	16
311.03	43.89	16
480.4	72.82	16
605.38	109.07	16
677.26	148.52	16
746.36	206.48	16
922.89	310.56	16
1238.12	516.93	16
1499.81	738.64	16
1792.23	947.34	16
2134.31	1173.43	16
2425.88	1376.85	16
2656.13	1602.06	16
2866.05	1780.9	16
2994.3	1983.25	16
0.28	0.26	16
0.32	0.28	16
0.4	0.4	16
0.62	0.58	16
0.93	0.96	16
1.69	1.65	16
3.24	3.19	16
6.12	3.41	16
12.01	4.05	16
23.53	4.7	16
45.78	7.02	16
87.48	12.53	16
163.67	21.57	16
275.26	37.0	16
455.38	59.41	16
634.45	96.58	16
728.82	140.15	16
880.01	224.68	16
1162.52	385.07	16
1715.5	719.3	16
2261.6	1054.06	16
2822.58	1369.56	16
3395.2	1661.73	16
3984.79	1959.73	16
4458.59	2243.2	16
4892.37	2573.89	16
5292.8	2800.13	16
0.31	0.25	16
0.31	0.32	16
0.36	0.49	16
0.65	0.63	16
1.09	1.19	16
2.03	1.78	16
3.7	3.05	16
7.18	2.63	16
13.38	5.62	16
26.88	4.79	16
51.66	8.06	16
96.69	12.95	16
179.56	21.99	16
300.84	37.49	16
454.32	62.86	16
570.97	96.94	16
637.6	132.36	16
723.15	178.74	16
868.96	283.83	16
1210.68	474.12	16
1490.59	689.58	16
1786.98	885.64	16
2119.2	1090.07	16
2440.71	1296.4	16
2635.77	1516.28	16
2855.88	1671.88	16
2987.14	1854.34	16
0.45	0.42	17
0.68	0.59	17
1.13	1.02	17
1.96	2.02	17
3.34	3.44	17
6.02	5.37	17
11.86	9.24	17
23.87	7.73	17
46.07	9.86	17
93.04	12.67	17
179.19	24.92	17
344.54	44.62	17
649.08	78.87	17
1194.42	148.2	17
2030.53	269.43	17
3036.65	493.7	17
3626.32	866.18	17
3929.57	1337.05	17
4421.59	1781.01	17
5238.28	2481.4	17
5933.83	3144.14	17
6551.19	3782.44	17
7211.48	4346.62	17
7766.05	4852.23	17
8307.07	5326.71	17
8840.66	5771.09	17
9334.14	6207.41	17
0.44	0.51	17
0.59	0.55	17
0.97	0.98	17
1.66	1.91	17
3.36	3.38	17
6.51	6.54	17
12.8	5.26	17
25.4	11.97	17
49.29	15.51	17
97.49	22.58	17
194.08	40.42	17
382.23	70.16	17
745.49	131.93	17
1434.95	255.79	17
2679.81	467.37	17
4816.22	840.68	17
8000.33	1433.0	17
10640.36	2143.11	17
11575.94	2715.83	17
13155.16	3641.26	17
14350.59	4386.85	17
15552.03	5156.64	17
16593.61	6038.63	17
17680.7	6935.01	17
18594.24	7844.75	17
19513.69	8817.84	17
20206.39	9637.58	17
0.43	0.34	17
0.54	0.51	17
0.87	0.88	17
1.38	1.41	17
2.66	2.46	17
5.17	5.01	17
10.24	8.81	17
19.42	10.26	17
38.55	14.68	17
77.36	13.93	17
145.28	19.05	17
284.84	34.3	17
528.69	58.22	17
967.35	107.28	17
1681.09	216.05	17
2520.45	383.61	17
2994.81	669.58	17
3376.14	1033.47	17
3810.08	1406.34	17
4589.86	2016.94	17
5255.02	2677.52	17
5878.36	3360.97	17
6518.48	3948.97	17
7079.46	4488.11	17
7659.35	5028.98	17
8177.07	5496.28	17
8659.76	5894.22	17
0.45	0.39	17
0.62	0.65	17
1.04	1.07	17
1.82	1.59	17
3.29	3.09	17
6.34	6.16	17
12.6	7.3	17
24.31	11.86	17
47.12	12.48	17
93.49	25.33	17
182.79	37.77	17
361.7	68.56	17
709.45	128.87	17
1364.46	235.0	17
2560.38	446.98	17
4560.07	792.78	17
7583.27	1338.98	17
9973.64	1967.31	17
10924.32	2479.05	17
12684.06	3385.72	17
13930.8	4145.37	17
15030.0	4899.73	17
16114.58	5725.52	17
17089.24	6607.76	17
17939.9	7597.95	17
19130.96	8594.58	17
19970.98	9488.92	17
0.53	0.38	18
0.69	0.69	18
1.12	0.97	18
1.8	2.08	18
3.61	2.87	18
6.96	5.08	18
13.76	11.19	18
27.1	13.72	18
53.99	20.81	18
106.66	19.15	18
211.58	42.71	18
417.57	76.15	18
819.51	146.21	18
1573.12	267.03	18
2977.82	499.64	18
5354.21	899.95	18
8806.73	1517.17	18
11767.77	2268.65	18
12770.95	2924.22	18
14233.44	3793.15	18
15585.98	4606.71	18
16857.74	5654.82	18
17951.96	6704.43	18
19007.42	7616.77	18
19774.82	8344.29	18
20685.05	9007.68	18
21249.15	9616.85	18
0.53	0.43	18
0.67	0.55	18
1.08	1.03	18
1.87	1.74	18
3.53	3.47	18
6.45	4.57	18
13.07	11.9	18
25.35	10.03	18
50.12	17.14	18
101.03	19.41	18
197.41	29.27	18
377.28	45.85	18
714.82	83.77	18
1301.45	156.91	18
2221.75	284.9	18
3287.47	524.89	18
3944.0	915.7	18
4322.96	1402.86	18
4885.91	1848.61	18
5736.8	2553.2	18
6588.34	3076.09	18
7277.97	3640.09	18
7977.65	4215.18	18
8668.34	4826.41	18
9158.58	5430.57	18
9918.7	6078.03	18
10410.25	6705.64	18
0.42	0.39	18
0.55	0.5	18
0.79	0.83	18
1.4	1.31	18
2.52	2.48	18
4.93	4.14	18
9.76	9.5	18
19.0	8.19	18
38.19	7.77	18
74.37	15.29	18
145.83	30.49	18
287.67	49.69	18
561.75	94.61	18
1075.49	169.13	18
2027.23	321.0	18
3626.08	563.01	18
5931.26	949.75	18
7866.19	1448.71	18
8735.9	1926.1	18
10001.44	2654.45	18
11043.97	3369.39	18
12072.88	4271.23	18
13044.45	5144.3	18
13855.4	5945.29	18
14617.08	6643.87	18
15454.33	7292.31	18
16041.74	7843.11	18
0.53	0.47	18
0.56	0.57	18
0.92	1.0	18
1.88	1.77	18
3.39	3.24	18
6.26	6.25	18
12.02	7.95	18
23.37	6.24	18
47.05	12.41	18
90.71	21.5	18
180.22	28.26	18
343.77	44.06	18
668.3	79.76	18
1229.01	148.91	18
2079.4	267.61	18
3200.27	504.91	18
3839.33	880.14	18
4212.27	1339.77	18
4727.89	1729.1	18
5592.09	2383.9	18
6398.27	2944.53	18
7087.56	3504.47	18
7748.83	4087.69	18
8411.34	4663.96	18
8918.28	5333.58	18
9673.3	5952.37	18
10187.62	6677.86	18
0.49	0.46	19
0.61	0.63	19
0.97	1.04	19
1.79	1.74	19
3.23	3.26	19
6.08	6.41	19
11.91	7.02	19
24.34	7.89	19
47.98	13.48	19
92.85	14.49	19
183.0	29.25	19
353.26	39.8	19
683.1	85.84	19
1243.86	152.76	19
2121.43	276.52	19
3133.6	508.6	19
3771.6	898.39	19
4128.66	1363.1	19
4699.85	1804.62	19
5588.96	2510.47	19
6333.06	3042.53	19
7040.89	3584.26	19
7796.81	4167.15	19
8421.19	4772.45	19
9012.14	5362.99	19
9663.43	5993.77	19
10114.35	6619.97	19
0.5	0.42	19
0.61	0.67	19
1.12	0.9	19
1.86	1.94	19
3.39	2.96	19
6.51	5.82	19
13.15	13.08	19
26.43	12.79	19
50.87	17.19	19
101.79	26.28	19
202.58	39.76	19
397.14	79.16	19
780.96	139.49	19
1505.93	268.04	19
2830.08	481.34	19
5072.43	860.33	19
8330.29	1464.01	19
11058.14	2198.75	19
12188.14	2834.9	19
13771.87	3725.5	19
15095.06	4545.45	19
16383.96	5608.07	19
17568.71	6706.21	19
18557.12	7628.31	19
19428.07	8383.29	19
20152.65	9050.29	19
20774.95	9633.79	19
0.4	0.36	19
0.58	0.55	19
0.83	0.77	19
1.52	1.45	19
2.63	2.76	19
4.98	4.26	19
9.89	8.55	19
19.38	10.67	19
38.8	12.65	19
75.44	19.89	19
148.56	22.16	19
292.89	36.27	19
552.94	66.8	19
997.84	123.58	19
1677.83	220.36	19
2513.44	395.7	19
3023.09	674.21	19
3379.79	1033.55	19
3921.89	1424.43	19
4709.32	2070.84	19
5424.7	2613.17	19
6046.62	3158.37	19
6781.61	3692.34	19
7374.8	4276.98	19
7975.49	4862.43	19
8617.44	5514.31	19
9052.48	6122.56	19
0.49	0.44	19
0.6	0.58	19
0.91	0.86	19
1.79	1.8	19
2.98	2.8	19
5.93	6.15	19
11.97	8.89	19
23.34	13.27	19
47.32	14.75	19
92.41	26.33	19
184.47	43.67	19
365.48	71.36	19
702.58	125.65	19
1359.54	241.11	19
2540.14	436.89	19
4549.15	783.18	19
7427.32	1306.97	19
9841.71	1934.47	19
10883.59	2471.21	19
12145.44	3245.89	19
13345.97	3993.57	19
14454.59	4971.7	19
15668.12	6056.72	19
16613.58	6926.45	19
17363.27	7675.72	19
18143.73	8315.1	19
18687.75	8889.04	19
0.52	0.45	20
0.72	0.68	20
1.18	1.13	20
2.01	2.04	20
3.8	3.81	20
7.08	6.12	20
14.27	10.88	20
28.7	10.81	20
56.58	19.97	20
111.04	25.58	20
219.39	43.01	20
433.86	75.58	20
849.67	144.55	20
1631.8	272.41	20
3024.78	503.71	20
5501.18	896.33	20
8920.67	1525.31	20
11945.92	2292.27	20
13010.14	2911.93	20
14644.14	3846.57	20
16209.32	4672.44	20
17141.3	5517.21	20
18658.95	6453.09	20
19801.87	7476.23	20
20862.99	8517.72	20
21771.2	9585.24	20
22449.1	10631.86	20
0.48	0.51	20
0.8	0.63	20
1.1	1.0	20
2.05	2.17	20
3.72	2.82	20
6.77	7.29	20
13.35	10.55	20
26.89	12.97	20
52.43	11.28	20
104.1	20.15	20
203.81	31.38	20
390.47	50.11	20
733.15	82.1	20
1324.59	161.37	20
2252.49	293.8	20
3352.5	536.37	20
3973.09	928.49	20
4346.26	1427.15	20
4889.61	1889.32	20
5718.79	2571.14	20
6455.84	3287.64	20
7096.43	3870.66	20
7724.58	4455.48	20
8350.69	4974.58	20
8859.46	5467.91	20
9391.47	5876.43	20
9842.94	6289.22	20
0.37	0.37	20
0.49	0.53	20
0.94	0.91	20
1.46	1.65	20
2.99	2.42	20
5.39	4.31	20
10.6	6.47	20
20.77	13.04	20
41.0	14.17	20
83.57	24.97	20
164.17	36.33	20
321.97	62.49	20
639.86	114.02	20
1216.52	210.25	20
2266.2	388.59	20
4029.09	693.46	20
6603.62	1147.88	20
8851.31	1708.78	20
9772.45	2175.64	20
10899.68	2947.15	20
12083.81	3647.06	20
12932.73	4355.09	20
14580.38	5305.7	20
15512.94	6185.25	20
16381.68	7085.21	20
17059.13	8059.76	20
17811.33	8985.54	20
0.49	0.4	20
0.61	0.65	20
0.93	1.01	20
1.8	1.8	20
3.37	3.38	20
6.1	5.5	20
12.07	8.96	20
23.75	8.47	20
47.67	13.99	20
94.11	18.31	20
179.84	24.13	20
349.15	40.59	20
649.32	81.28	20
1190.94	145.14	20
1982.15	266.72	20
2970.22	482.97	20
3518.18	827.31	20
3863.79	1257.91	20
4388.35	1648.56	20
5171.05	2270.06	20
5842.22	2908.17	20
6462.0	3536.06	20
7133.33	4120.59	20
7736.28	4740.17	20
8254.57	5246.98	20
8774.68	5665.45	20
9293.95	6104.11	20
0.98	0.79	21
0.87	0.99	21
1.24	1.63	21
1.75	1.31	21
1.14	1.47	21
1.58	2.09	21
2.33	2.13	21
2.83	2.55	21
2.31	2.53	21
3.41	3.19	21
4.88	4.9	21
7.42	7.31	21
11.6	14.8	21
20.95	22.96	21
37.81	42.28	21
70.84	80.39	21
137.66	155.38	21
265.97	304.43	21
391.53	446.05	21
517.8	588.55	21
657.55	733.43	21
765.41	880.6	21
888.85	1019.81	21
1023.23	1168.52	21
1141.28	1301.56	21
1.1	1.23	21
1.38	1.51	21
2.08	1.86	21
2.05	2.04	21
2.43	2.47	21
2.77	2.76	21
3.65	3.24	21
4.32	4.88	21
6.77	5.68	21
11.14	10.37	21
20.46	18.33	21
37.37	40.08	21
75.35	75.66	21
148.42	150.14	21
292.92	296.6	21
583.58	493.86	21
1159.66	1176.26	21
2251.72	1912.89	21
3338.6	3391.38	21
4431.03	4494.47	21
5508.15	4689.16	21
6605.52	6706.28	21
7688.68	7816.7	21
8784.88	7459.42	21
9856.51	10012.44	21
0.82	0.72	21
0.72	0.77	21
1.1	1.24	21
1.17	1.41	21
1.66	1.96	21
1.6	1.47	21
1.88	1.94	21
2.19	2.4	21
2.53	2.84	21
3.22	4.3	21
4.57	6.36	21
6.86	9.99	21
11.78	19.4	21
20.14	37.23	21
37.76	68.49	21
69.6	114.94	21
137.86	229.97	21
265.87	443.29	21
393.14	681.5	21
513.77	885.37	21
644.96	1097.89	21
764.48	1291.37	21
898.61	1541.79	21
1041.96	1693.6	21
1147.64	1880.67	21
1.06	0.79	21
1.44	1.28	21
1.69	1.79	21
2.4	2.28	21
2.58	2.19	21
2.35	2.29	21
2.6	3.14	21
3.85	4.33	21
6.57	7.46	21
11.4	11.18	21
20.84	21.59	21
37.1	41.33	21
71.14	81.32	21
144.98	166.55	21
284.62	256.05	21
563.27	509.23	21
1119.34	1261.43	21
2175.85	2402.47	21
3223.44	3586.51	21
4278.95	4694.92	21
5316.69	5812.6	21
6374.64	6923.64	21
7436.78	8072.84	21
8483.89	9230.96	21
9524.07	10391.79	21
1.24	0.98	22
1.44	1.46	22
1.56	1.93	22
1.96	1.65	22
2.25	1.94	22
2.59	2.38	22
2.54	2.63	22
2.61	2.82	22
3.77	3.59	22
5.0	4.75	22
7.02	7.4	22
12.32	12.68	22
21.14	22.96	22
38.81	41.13	22
74.97	83.9	22
142.39	163.84	22
281.83	298.89	22
541.62	576.09	22
803.78	853.45	22
1074.99	1232.7	22
1322.46	1419.74	22
1585.27	1687.15	22
1844.25	1960.23	22
2100.84	2458.88	22
2359.87	2741.77	22
0.86	0.66	22
1.09	0.93	22
1.42	1.09	22
1.66	1.6	22
1.44	1.92	22
1.75	2.12	22
2.71	2.42	22
3.6	3.67	22
5.86	5.43	22
9.36	10.27	22
18.72	15.5	22
34.24	34.91	22
67.18	68.73	22
128.78	132.22	22
256.98	217.34	22
502.68	511.85	22
994.61	1011.52	22
1927.73	1961.42	22
2830.84	2900.05	22
3743.43	3157.89	22
4672.61	4758.4	22
5610.83	4752.34	22
6537.29	5521.29	22
7471.96	7607.2	22
8400.59	7070.19	22
0.8	0.87	22
1.35	1.29	22
1.62	1.56	22
1.87	2.06	22
1.66	2.2	22
1.98	1.75	22
2.48	2.19	22
2.89	3.11	22
3.31	4.11	22
4.52	5.9	22
7.05	10.02	22
11.56	17.06	22
19.76	30.71	22
36.2	53.14	22
68.68	110.67	22
132.45	183.16	22
264.79	401.7	22
510.08	678.63	22
749.98	1025.93	22
990.18	1332.93	22
1236.49	1659.84	22
1473.29	2004.17	22
1719.27	2327.3	22
1957.29	2652.55	22
2200.97	2983.8	22
0.72	0.75	22
0.95	0.79	22
1.22	1.55	22
1.23	1.33	22
2.03	1.62	22
2.14	1.93	22
2.75	2.83	22
2.95	3.74	22
5.08	6.09	22
8.79	8.87	22
16.44	18.41	22
32.59	37.7	22
61.07	73.18	22
119.79	132.31	22
237.13	229.24	22
466.14	532.05	22
930.21	1038.78	22
1795.65	2007.22	22
2645.41	2922.42	22
3494.21	3149.56	22
4348.67	4824.44	22
5210.92	5776.85	22
6113.19	6735.24	22
6949.06	6303.82	22
7808.55	8620.35	22
0.8	0.77	23
1.22	0.83	23
1.44	1.29	23
1.82	1.9	23
1.84	1.86	23
2.57	2.52	23
3.34	2.86	23
4.34	4.31	23
6.31	5.94	23
10.63	11.09	23
19.78	19.87	23
36.32	37.85	23
73.02	74.78	23
144.37	145.86	23
281.42	288.86	23
558.22	553.93	23
1057.8	1063.08	23
1999.03	1696.25	23
2946.61	2979.09	23
3900.24	3941.36	23
4826.78	4922.87	23
5788.83	5875.21	23
6723.74	6850.28	23
7540.19	6349.11	23
8378.74	8511.38	23
1.17	1.1	23
1.62	1.76	23
2.34	2.28	23
2.31	1.77	23
2.42	2.63	23
2.56	2.84	23
3.15	2.85	23
3.09	3.16	23
4.31	4.01	23
5.52	4.73	23
7.58	8.25	23
13.03	13.6	23
20.9	22.71	23
38.46	40.19	23
73.36	83.54	23
142.29	150.83	23
279.22	297.84	23
538.41	573.58	23
801.05	852.04	23
1060.86	1130.96	23
1316.36	1536.19	23
1584.01	1682.18	23
1844.62	1958.08	23
2100.63	2240.31	23
2350.58	2512.54	23
0.65	0.73	23
0.88	0.92	23
1.1	1.31	23
1.3	1.35	23
1.61	1.86	23
2.23	1.88	23
2.17	2.31	23
3.04	3.4	23
5.52	5.41	23
7.77	8.6	23
15.33	14.41	23
28.14	33.14	23
53.38	65.0	23
105.73	121.78	23
210.21	255.74	23
403.34	403.11	23
799.45	895.42	23
1542.86	1758.95	23
2278.29	2582.67	23
3009.22	3470.58	23
3759.94	4211.78	23
4483.21	5058.38	23
5230.84	4700.19	23
5984.7	6750.82	23
6716.03	7485.25	23
1.17	1.19	23
1.4	1.41	23
1.64	1.89	23
2.6	2.15	23
2.38	2.33	23
2.61	1.97	23
2.9	3.01	23
3.06	3.79	23
3.6	4.07	23
4.77	6.39	23
7.11	9.87	23
11.66	16.57	23
20.28	26.09	23
36.81	50.91	23
68.45	104.01	23
134.27	223.63	23
261.05	364.34	23
502.3	691.62	23
747.26	1019.2	23
993.45	1367.62	23
1234.16	1676.12	23
1477.93	2024.3	23
1717.03	2327.98	23
1962.61	2637.51	23
2201.44	2971.24	23
0.92	0.83	24
1.19	1.31	24
1.75	1.55	24
2.07	2.0	24
2.37	1.88	24
2.01	2.0	24
2.69	2.85	24
3.63	3.41	24
5.7	5.86	24
9.62	9.63	24
18.56	18.34	24
33.77	34.8	24
67.62	69.41	24
134.49	137.64	24
266.84	269.07	24
524.4	551.02	24
1068.35	1088.72	24
2076.26	2111.84	24
3081.55	3132.17	24
4087.21	3483.55	24
5176.67	5247.12	24
6271.26	6381.07	24
7377.06	7491.15	24
8475.47	8619.32	24
9564.48	9716.33	24
0.91	0.76	24
1.25	1.26	24
1.51	1.27	24
1.58	1.12	24
1.4	1.23	24
1.77	1.94	24
2.04	2.04	24
2.19	2.47	24
2.83	2.73	24
2.73	3.38	24
4.16	4.61	24
7.17	7.7	24
11.74	15.34	24
20.36	22.61	24
38.01	49.08	24
69.77	80.97	24
138.47	157.31	24
268.22	302.26	24
395.24	533.59	24
525.96	591.97	24
650.37	729.77	24
771.69	875.67	24
899.53	1025.73	24
1020.36	1387.85	24
1144.2	1306.54	24
0.89	0.9	24
1.23	1.17	24
1.54	1.46	24
1.63	1.53	24
1.79	1.81	24
2.15	2.19	24
2.39	2.86	24
3.44	3.55	24
5.11	5.81	24
8.88	10.18	24
16.13	18.24	24
30.54	33.45	24
58.95	56.39	24
115.77	87.12	24
228.27	259.14	24
450.95	557.51	24
896.17	1026.0	24
1748.62	1989.17	24
2605.39	2876.26	24
3451.87	2417.53	24
4394.31	4921.46	24
5330.82	5873.79	24
6289.05	5645.03	24
7261.16	7984.01	24
8203.99	9027.86	24
0.71	0.83	24
0.93	0.87	24
1.09	1.39	24
1.17	1.3	24
1.77	1.63	24
1.49	1.58	24
1.76	1.94	24
2.09	2.24	24
2.38	2.79	24
3.16	3.78	24
4.16	6.53	24
6.89	11.89	24
11.34	23.93	24
20.67	42.7	24
37.39	78.2	24
69.58	136.43	24
137.38	234.92	24
264.15	478.35	24
391.58	673.48	24
514.82	877.56	24
642.99	1122.05	24
770.82	1278.51	24
891.94	1513.58	24
1019.9	1680.61	24
1144.42	1909.09	24
0.56	0.46	25
0.6	0.58	25
0.66	0.62	25
0.73	0.73	25
0.92	0.89	25
0.94	1.11	25
1.69	1.57	25
2.16	2.04	25
3.35	3.55	25
5.24	5.39	25
8.65	9.22	25
15.12	15.97	25
27.93	29.43	25
52.22	54.01	25
96.14	103.45	25
192.09	199.43	25
369.01	384.93	25
543.55	566.65	25
713.18	749.68	25
896.84	926.3	25
1071.48	1107.87	25
1241.18	1284.79	25
1417.31	1478.87	25
1593.93	1646.78	25
0.65	0.59	25
0.73	0.86	25
0.88	1.02	25
1.59	1.44	25
2.36	2.08	25
3.93	2.61	25
8.16	3.79	25
14.06	6.79	25
29.45	12.3	25
58.83	24.69	25
115.89	44.36	25
227.67	87.54	25
456.65	172.66	25
899.68	341.66	25
1802.95	675.91	25
3588.44	1350.64	25
6959.32	2617.73	25
10342.92	3905.31	25
13718.01	5172.45	25
17058.25	6411.21	25
20237.74	7644.73	25
23498.97	8886.68	25
26694.54	10049.55	25
29824.87	11263.76	25
0.43	0.36	25
0.43	0.48	25
0.57	0.5	25
0.61	0.56	25
0.86	0.84	25
0.99	1.05	25
1.46	1.54	25
1.85	1.83	25
3.14	3.06	25
5.02	4.99	25
9.05	8.0	25
15.02	12.99	25
28.11	24.52	25
51.43	42.18	25
98.93	73.57	25
191.86	157.07	25
370.15	284.51	25
548.39	415.3	25
718.4	554.23	25
890.78	669.57	25
1065.68	809.98	25
1245.79	941.6	25
1410.89	1061.4	25
1589.79	1208.93	25
0.57	0.51	25
0.71	0.78	25
0.93	0.79	25
1.24	1.38	25
1.95	1.95	25
3.44	2.59	25
7.01	3.38	25
13.73	6.24	25
26.36	11.38	25
51.58	19.35	25
101.63	38.39	25
195.97	78.95	25
388.15	155.87	25
788.8	291.89	25
1536.64	605.64	25
3073.47	1102.31	25
5762.86	2105.86	25
8579.56	3161.36	25
11384.38	4212.77	25
13928.07	5096.5	25
16702.56	5854.35	25
19343.02	6982.27	25
21545.6	7905.84	25
24297.41	8651.63	25
0.59	0.51	26
0.67	0.61	26
0.78	1.01	26
1.07	1.06	26
1.5	1.26	26
1.87	1.52	26
2.5	2.57	26
3.11	3.53	26
4.97	4.74	26
8.54	8.29	26
13.21	14.98	26
24.99	25.62	26
47.26	50.12	26
91.94	94.51	26
177.61	185.98	26
349.98	364.52	26
677.12	702.12	26
1005.26	1050.35	26
1332.96	1396.68	26
1663.8	1737.88	26
1983.79	2067.61	26
2314.83	2401.73	26
2638.13	2756.63	26
2956.69	3081.74	26
0.47	0.47	26
0.6	0.55	26
0.79	0.74	26
1.21	1.11	26
1.92	1.51	26
2.86	2.44	26
5.9	2.92	26
11.3	4.42	26
22.16	6.95	26
42.89	12.93	26
86.1	24.36	26
170.37	45.57	26
340.74	89.09	26
671.26	176.46	26
1343.84	349.19	26
2686.98	694.96	26
5235.01	1352.69	26
7779.8	2009.63	26
10293.09	2654.78	26
12829.81	3313.83	26
15226.6	3889.28	26
17446.76	4478.11	26
19527.73	5010.63	26
21634.69	5556.96	26
0.44	0.45	26
0.53	0.62	26
0.67	0.65	26
0.84	0.93	26
1.22	1.19	26
1.35	1.62	26
2.14	1.85	26
3.06	2.76	26
4.41	4.6	26
7.56	6.98	26
12.62	12.8	26
23.7	22.95	26
44.86	41.49	26
87.1	79.53	26
168.23	162.15	26
327.95	302.01	26
633.14	594.91	26
942.0	856.81	26
1247.89	1151.86	26
1556.14	1406.32	26
1855.39	1676.07	26
2163.66	1974.55	26
2468.72	2251.62	26
2777.68	2516.39	26
0.49	0.42	26
0.55	0.63	26
0.76	0.7	26
1.05	1.1	26
1.81	1.64	26
2.9	2.58	26
5.74	2.96	26
10.92	4.57	26
20.49	7.86	26
41.13	12.61	26
84.03	24.48	26
155.1	46.18	26
320.9	85.78	26
641.5	173.58	26
1275.54	330.83	26
2486.15	661.06	26
4817.0	1290.28	26
7144.37	1887.07	26
9291.2	2469.26	26
11498.65	3041.62	26
13371.0	3539.48	26
15275.63	4062.72	26
17085.08	4421.76	26
18935.68	4915.25	26
0.48	0.39	27
0.59	0.57	27
0.68	0.68	27
0.94	1.07	27
1.85	1.64	27
3.04	1.64	27
5.61	2.79	27
10.44	3.8	27
20.29	6.31	27
38.73	10.85	27
75.35	20.93	27
147.82	39.67	27
300.93	75.07	27
587.6	153.26	27
1126.32	297.11	27
2259.1	585.13	27
4604.09	1193.29	27
7038.25	1791.25	27
9401.65	2433.5	27
11711.11	3027.03	27
14115.06	3658.93	27
16518.03	4349.98	27
19498.72	4970.07	27
21915.11	5578.56	27
0.58	0.52	27
0.55	0.61	27
0.66	0.73	27
1.03	0.9	27
1.28	1.08	27
1.75	1.77	27
2.15	2.25	27
3.06	3.27	27
4.56	5.14	27
7.85	8.27	27
14.41	14.59	27
25.7	26.06	27
48.11	50.78	27
94.96	101.45	27
183.04	190.25	27
363.77	380.77	27
705.41	737.52	27
1059.49	1100.09	27
1413.03	1456.43	27
1755.64	1828.85	27
2112.72	2182.08	27
2492.65	2553.74	27
2834.38	2966.47	27
3211.03	3334.59	27
0.39	0.39	27
0.44	0.39	27
0.64	0.63	27
0.82	0.82	27
1.51	1.24	27
2.35	2.14	27
4.96	2.88	27
9.04	3.37	27
17.07	5.9	27
33.19	10.39	27
61.72	18.69	27
122.93	35.79	27
244.26	66.85	27
488.47	131.18	27
989.59	258.7	27
1956.44	518.25	27
3812.7	996.59	27
5643.54	1469.93	27
7376.42	1929.04	27
9063.69	2384.45	27
10893.78	2808.88	27
12445.87	3216.62	27
14191.46	3656.48	27
15735.85	4103.84	27
0.49	0.45	27
0.62	0.6	27
0.66	0.78	27
0.78	0.97	27
1.08	1.22	27
1.43	1.64	27
2.42	2.22	27
3.4	3.08	27
4.65	4.17	27
7.8	7.3	27
13.58	12.67	27
24.33	23.23	27
45.21	42.9	27
86.62	85.11	27
169.03	161.12	27
336.9	316.79	27
652.96	595.53	27
966.63	883.67	27
1288.56	1173.9	27
1601.23	1462.0	27
1921.01	1756.83	27
2262.65	2061.6	27
2593.86	2378.47	27
2929.29	2712.94	27
0.61	0.54	28
0.61	0.56	28
0.81	0.82	28
1.24	1.33	28
2.12	2.0	28
3.68	2.46	28
6.93	2.98	28
13.32	5.63	28
24.39	10.27	28
49.27	18.97	28
100.28	35.62	28
194.48	73.24	28
383.87	139.79	28
756.54	278.71	28
1529.96	571.19	28
3168.33	1150.98	28
6259.97	2282.54	28
9481.28	3497.1	28
12733.16	4738.89	28
16069.17	5922.28	28
19209.21	7181.99	28
22539.87	8422.17	28
25716.02	9640.79	28
28813.05	10770.52	28
0.53	0.45	28
0.63	0.55	28
0.59	0.69	28
0.7	0.65	28
0.84	0.96	28
1.03	0.96	28
1.47	1.56	28
2.05	2.07	28
3.15	3.35	28
5.27	5.38	28
9.11	8.75	28
15.39	15.82	28
28.04	28.35	28
52.08	55.99	28
97.31	100.58	28
190.45	202.52	28
363.6	383.04	28
538.74	562.56	28
716.36	745.89	28
889.31	926.58	28
1064.87	1105.33	28
1236.06	1286.43	28
1405.34	1461.02	28
1580.1	1643.03	28
0.44	0.45	28
0.52	0.54	28
0.76	0.67	28
1.05	0.89	28
1.56	1.6	28
2.7	1.84	28
5.42	2.69	28
10.42	4.3	28
20.22	7.42	28
38.87	13.94	28
76.65	26.84	28
151.04	52.96	28
301.27	103.73	28
602.84	205.17	28
1199.03	408.63	28
2390.87	807.7	28
4661.85	1572.89	28
6930.99	2333.41	28
9047.42	3025.31	28
11490.92	3827.26	28
13604.73	4554.07	28
15794.49	5240.58	28
17874.84	5945.97	28
20104.58	6655.34	28
0.48	0.49	28
0.6	0.6	28
0.55	0.63	28
0.69	0.67	28
0.82	0.92	28
0.97	1.16	28
1.42	1.54	28
2.04	1.91	28
3.05	3.06	28
5.32	4.57	28
9.11	7.69	28
14.67	14.02	28
26.97	23.3	28
52.07	43.92	28
99.1	73.21	28
189.06	144.7	28
362.38	282.53	28
543.21	420.42	28
717.25	534.93	28
887.02	656.52	28
1059.71	793.71	28
1227.98	931.92	28
1402.05	1048.62	28
1585.9	1185.16	28
0.28	0.32	29
0.36	0.36	29
0.44	0.43	29
0.61	0.59	29
0.92	0.79	29
1.48	1.31	29
2.36	2.18	29
2.25	1.97	29
2.25	2.88	29
3.47	3.21	29
3.96	2.84	29
3.64	3.75	29
4.0	3.74	29
5.04	4.96	29
5.97	6.73	29
8.54	9.24	29
13.42	14.45	29
22.2	30.1	29
41.34	54.56	29
79.96	86.45	29
152.43	166.14	29
287.12	326.08	29
419.6	591.28	29
560.41	628.71	29
701.35	1135.83	29
822.79	1368.18	29
969.28	1356.56	29
1093.63	1242.06	29
1242.54	1395.09	29
0.3	0.3	29
0.38	0.38	29
0.46	0.48	29
0.65	0.55	29
0.92	0.9	29
1.3	1.56	29
2.21	2.24	29
2.43	2.61	29
3.33	3.34	29
4.08	3.34	29
5.05	4.27	29
5.29	5.45	29
7.11	7.18	29
11.22	12.31	29
20.26	20.16	29
36.13	35.94	29
69.88	71.23	29
137.23	114.32	29
272.06	226.54	29
542.21	458.5	29
1079.99	1097.04	29
2102.6	2137.29	29
3191.07	3243.42	29
4367.95	2899.4	29
5563.89	5649.0	29
6756.13	6855.37	29
7948.9	8066.74	29
9151.09	7728.65	29
10339.09	10480.42	29
0.24	0.25	29
0.31	0.29	29
0.37	0.37	29
0.54	0.49	29
0.83	0.87	29
1.26	1.14	29
1.71	1.79	29
2.34	1.78	29
3.05	2.49	29
2.51	2.97	29
3.11	3.15	29
3.35	3.4	29
3.73	3.91	29
4.58	5.08	29
5.62	8.32	29
8.71	11.39	29
13.21	21.04	29
23.11	41.07	29
41.91	79.73	29
78.01	127.92	29
152.05	230.6	29
287.64	516.87	29
420.23	719.47	29
559.58	945.39	29
688.76	1115.9	29
839.12	1398.27	29
965.24	1642.39	29
1098.2	1833.46	29
1237.91	2163.99	29
0.26	0.28	29
0.39	0.33	29
0.38	0.43	29
0.64	0.62	29
0.92	0.85	29
1.29	1.28	29
1.7	2.24	29
2.18	2.03	29
3.46	2.41	29
3.3	3.57	29
3.86	3.44	29
4.47	5.36	29
6.58	4.33	29
10.77	12.23	29
19.16	21.23	29
33.52	38.62	29
68.0	73.2	29
131.8	144.74	29
262.6	233.61	29
522.03	369.52	29
1044.85	933.6	29
2024.97	1879.31	29
3076.34	3351.74	29
4219.76	4610.49	29
5374.92	4786.83	29
6526.17	5805.97	29
7692.36	8375.92	29
8836.72	7872.52	29
9980.13	10855.01	29
0.33	0.27	30
0.33	0.38	30
0.45	0.42	30
0.63	0.62	30
0.9	1.1	30
1.42	1.47	30
1.75	2.43	30
2.78	2.92	30
2.64	3.24	30
3.0	3.08	30
3.71	3.62	30
4.23	3.71	30
4.59	4.41	30
5.74	5.53	30
7.75	8.32	30
12.96	14.67	30
21.64	23.74	30
39.22	40.77	30
75.22	80.3	30
146.48	155.33	30
288.69	309.74	30
560.14	610.3	30
826.44	880.16	30
1106.36	1167.42	30
1375.5	1456.02	30
1632.01	1738.83	30
1931.69	2281.73	30
2172.41	2317.04	30
2457.05	2621.89	30
0.29	0.28	30
0.27	0.33	30
0.37	0.47	30
0.66	0.61	30
0.83	0.8	30
1.32	1.35	30
1.9	2.09	30
3.13	2.5	30
3.67	3.32	30
3.67	3.55	30
3.63	3.83	30
5.13	4.34	30
7.74	7.6	30
10.43	10.52	30
19.11	19.75	30
36.87	36.35	30
67.22	69.04	30
129.88	132.5	30
255.81	215.4	30
502.65	510.24	30
993.64	1011.25	30
1929.61	1630.53	30
2860.63	2913.63	30
3777.79	3179.59	30
4700.21	3115.72	30
5615.08	4725.68	30
6586.61	4422.38	30
7607.38	6401.63	30
8636.77	8783.54	30
0.28	0.25	30
0.29	0.29	30
0.41	0.38	30
0.56	0.55	30
1.02	0.84	30
1.43	1.26	30
1.97	1.78	30
2.71	2.66	30
2.56	2.41	30
2.9	3.45	30
3.32	3.56	30
3.16	4.25	30
4.18	5.12	30
5.56	6.6	30
7.42	9.23	30
11.76	15.84	30
20.13	31.58	30
36.72	47.95	30
72.02	104.55	30
136.37	186.36	30
268.81	436.05	30
522.49	693.83	30
775.37	1033.48	30
1021.47	1391.52	30
1273.68	1789.25	30
1526.06	2067.73	30
1775.32	2389.24	30
2026.4	2740.79	30
2288.94	3064.12	30
0.29	0.26	30
0.35	0.3	30
0.39	0.34	30
0.59	0.48	30
0.78	0.92	30
1.57	1.38	30
1.87	1.87	30
3.16	2.44	30
3.39	3.41	30
3.52	3.37	30
4.08	5.4	30
5.08	4.11	30
7.21	7.11	30
11.56	12.76	30
18.77	20.52	30
33.59	41.84	30
65.41	59.79	30
125.47	149.37	30
248.41	281.81	30
485.34	446.67	30
960.37	1072.95	30
1799.51	1604.08	30
2639.81	2360.85	30
3471.86	3810.97	30
4422.58	3935.47	30
5307.68	5870.62	30
6189.87	5768.08	30
7186.12	8084.48	30
8375.14	7492.72	30
0.29	0.26	31
0.34	0.38	31
0.39	0.43	31
0.63	0.56	31
1.08	0.87	31
1.7	1.52	31
2.34	2.02	31
2.3	2.6	31
3.5	3.69	31
4.01	2.79	31
3.31	4.46	31
5.32	5.18	31
7.05	5.9	31
9.98	11.19	31
18.55	15.72	31
32.98	34.11	31
65.24	55.22	31
128.43	107.96	31
251.72	255.82	31
499.71	509.27	31
997.39	840.49	31
1943.56	1981.6	31
2885.91	2949.16	31
3833.47	3902.6	31
4775.31	4859.88	31
5712.09	4808.25	31
6589.45	6731.01	31
7471.52	6298.98	31
8435.19	8587.33	31
0.32	0.26	31
0.34	0.29	31
0.45	0.41	31
0.69	0.6	31
1.0	1.0	31
1.47	1.72	31
1.93	2.49	31
3.08	2.26	31
2.53	2.62	31
3.51	3.69	31
2.8	4.21	31
4.08	3.0	31
4.76	4.97	31
6.17	5.88	31
7.93	8.12	31
12.83	14.02	31
20.97	23.35	31
39.44	51.8	31
74.71	78.88	31
145.68	154.09	31
284.73	342.77	31
553.48	661.48	31
826.81	986.44	31
1101.4	1315.84	31
1369.22	1650.03	31
1643.01	1750.75	31
1911.39	2047.09	31
2188.06	2335.51	31
2465.65	2617.32	31
0.25	0.25	31
0.29	0.28	31
0.37	0.38	31
0.53	0.52	31
0.88	0.85	31
1.35	1.36	31
1.89	1.95	31
2.1	2.39	31
3.17	3.06	31
3.28	2.41	31
3.65	4.0	31
4.55	4.02	31
5.8	6.74	31
8.26	6.02	31
16.16	15.01	31
28.95	35.22	31
53.67	62.12	31
104.37	126.37	31
202.59	193.78	31
402.29	495.38	31
800.24	919.98	31
1567.94	1761.58	31
2323.21	2621.35	31
3080.34	2801.51	31
3842.74	4297.35	31
4786.75	5303.17	31
5753.1	6370.24	31
6565.22	7235.47	31
7420.31	8318.17	31
0.31	0.25	31
0.3	0.31	31
0.42	0.41	31
0.58	0.69	31
1.14	0.92	31
1.43	1.46	31
1.59	1.57	31
2.64	2.04	31
3.13	3.27	31
3.21	3.53	31
3.69	3.55	31
4.26	4.15	31
4.23	5.57	31
5.59	6.87	31
8.16	11.18	31
12.94	16.14	31
22.82	29.98	31
39.87	55.33	31
74.64	114.35	31
145.31	208.65	31
285.86	390.07	31
555.18	724.56	31
828.17	1150.74	31
1095.92	1474.96	31
1386.66	1837.54	31
1647.9	2268.24	31
1907.11	2516.9	31
2189.1	3009.04	31
2460.97	3248.45	31
0.28	0.25	32
0.34	0.33	32
0.43	0.44	32
0.59	0.56	32
0.91	0.71	32
1.4	1.7	32
2.47	1.96	32
3.22	2.02	32
2.86	2.97	32
3.46	3.3	32
4.46	4.08	32
4.81	4.99	32
6.79	6.28	32
11.29	10.28	32
20.34	21.05	32
37.26	31.48	32
68.44	70.02	32
135.31	136.23	32
264.72	222.93	32
522.58	529.53	32
1035.54	1056.95	32
2008.27	1689.48	32
2970.65	3022.96	32
3935.52	2648.33	32
4915.2	4984.02	32
5869.43	4945.06	32
6821.14	6952.12	32
7793.62	7919.85	32
8778.63	7377.11	32
0.29	0.24	32
0.32	0.29	32
0.43	0.39	32
0.72	0.54	32
1.15	0.88	32
1.41	1.14	32
1.8	2.02	32
2.44	2.38	32
2.66	2.58	32
3.1	2.31	32
3.32	2.8	32
3.98	3.62	32
4.17	4.18	32
4.65	4.75	32
6.27	6.24	32
9.0	9.57	32
12.45	15.07	32
23.02	25.34	32
40.98	46.8	32
76.89	87.2	32
147.55	169.14	32
283.46	397.11	32
421.98	589.76	32
573.41	627.51	32
693.37	1184.53	32
827.69	938.38	32
964.41	1092.76	32
1098.65	1242.94	32
1232.8	1406.6	32
0.25	0.2	32
0.26	0.27	32
0.36	0.34	32
0.48	0.51	32
0.77	0.68	32
1.21	1.24	32
1.77	1.64	32
2.0	2.44	32
2.58	2.48	32
3.08	3.48	32
3.94	3.51	32
3.96	4.63	32
6.27	5.86	32
10.67	7.62	32
17.48	16.12	32
32.04	29.31	32
60.29	54.81	32
116.52	110.76	32
229.22	203.69	32
453.58	406.88	32
899.34	1009.49	32
1747.54	1599.3	32
2599.75	2319.07	32
3444.03	3100.88	32
4293.22	4789.7	32
5159.67	5647.81	32
5997.41	5363.22	32
6845.36	4694.92	32
7696.09	8473.64	32
0.28	0.24	32
0.3	0.29	32
0.38	0.38	32
0.55	0.63	32
1.03	0.8	32
1.12	1.24	32
1.58	1.43	32
2.02	2.48	32
3.39	3.28	32
4.29	3.34	32
2.96	3.25	32
3.81	3.29	32
3.6	4.94	32
5.05	5.53	32
5.32	7.57	32
8.49	15.87	32
14.16	24.5	32
22.26	34.58	32
40.15	75.23	32
77.99	139.39	32
150.0	271.32	32
286.9	482.89	32
426.95	716.15	32
560.07	892.88	32
694.83	1124.14	32
827.54	1322.18	32
981.11	1607.54	32
1093.95	1754.03	32
1228.53	1928.11	32
0.37	0.3	33
0.39	0.36	33
0.56	0.51	33
0.86	0.77	33
1.24	0.97	33
2.28	1.04	33
3.85	1.83	33
4.94	1.91	33
5.79	2.93	33
6.57	3.68	33
6.75	4.81	33
7.82	5.43	33
10.77	8.98	33
16.67	15.63	33
26.55	27.01	33
47.09	47.86	33
85.54	90.78	33
159.54	171.73	33
235.55	254.87	33
307.26	336.72	33
383.04	423.77	33
455.18	512.05	33
530.82	577.72	33
605.12	663.58	33
680.28	744.33	33
0.47	0.33	33
0.42	0.38	33
0.51	0.47	33
0.85	0.79	33
1.44	1.02	33
2.38	1.34	33
3.96	1.81	33
6.18	2.44	33
9.1	3.36	33
10.86	4.82	33
16.6	6.6	33
28.27	11.4	33
46.85	19.61	33
89.54	36.38	33
170.8	66.05	33
327.68	130.52	33
642.34	246.36	33
1236.72	473.64	33
1810.33	693.55	33
2402.53	914.74	33
2985.6	1133.4	33
3575.44	1364.74	33
4167.62	1587.38	33
4755.87	1813.78	33
5375.32	2038.08	33
0.33	0.27	33
0.32	0.34	33
0.54	0.46	33
0.79	0.75	33
1.08	1.03	33
1.83	1.49	33
3.39	1.65	33
5.25	2.4	33
5.98	2.87	33
5.41	3.37	33
7.89	4.43	33
7.75	5.74	33
11.09	8.26	33
16.1	15.69	33
25.98	24.71	33
46.07	46.4	33
86.6	83.37	33
159.28	162.41	33
237.88	232.4	33
307.78	305.62	33
384.08	397.81	33
453.83	453.28	33
529.5	546.48	33
605.28	617.66	33
673.54	680.04	33
0.4	0.33	33
0.39	0.41	33
0.5	0.51	33
0.74	0.78	33
1.26	1.2	33
1.98	1.32	33
3.34	1.98	33
5.42	2.45	33
7.93	3.19	33
9.67	4.82	33
15.58	6.47	33
25.32	10.25	33
45.24	17.97	33
81.84	32.73	33
157.95	63.21	33
302.71	121.29	33
599.6	232.48	33
1155.47	450.98	33
1691.09	630.99	33
2244.29	823.07	33
2782.56	1013.4	33
3332.69	1208.27	33
4022.05	1442.92	33
4581.15	1645.72	33
5153.0	1837.36	33
0.43	0.32	34
0.4	0.41	34
0.41	0.48	34
0.72	0.69	34
1.05	0.99	34
2.17	1.37	34
3.74	1.72	34
5.07	2.17	34
7.25	3.17	34
8.54	4.13	34
9.38	6.55	34
13.45	10.1	34
20.65	19.37	34
37.5	33.6	34
65.38	65.59	34
125.79	127.13	34
244.56	246.58	34
470.9	484.47	34
697.78	715.01	34
937.41	945.49	34
1150.49	1174.84	34
1370.85	1406.47	34
1596.58	1643.55	34
1822.44	1873.26	34
2048.93	2102.94	34
0.48	0.3	34
0.43	0.39	34
0.55	0.56	34
0.73	0.9	34
1.22	0.93	34
2.19	1.69	34
3.39	1.32	34
5.22	1.9	34
6.8	2.55	34
8.09	3.59	34
11.94	4.8	34
17.99	6.54	34
32.58	9.85	34
57.81	16.9	34
111.08	30.94	34
211.39	57.99	34
413.93	111.3	34
805.86	214.59	34
1203.21	315.31	34
1587.95	416.41	34
1997.0	524.48	34
2422.09	631.54	34
2943.7	759.61	34
3384.76	872.58	34
3829.35	982.05	34
0.34	0.32	34
0.34	0.31	34
0.43	0.42	34
0.59	0.63	34
1.11	0.91	34
1.77	1.13	34
3.02	1.51	34
4.75	1.82	34
5.82	3.1	34
7.52	3.8	34
8.54	5.58	34
12.75	8.59	34
18.98	16.27	34
32.47	29.52	34
58.51	56.82	34
109.46	111.05	34
212.49	213.64	34
410.08	415.96	34
610.55	615.34	34
806.7	802.3	34
1001.93	997.06	34
1197.68	1201.84	34
1431.94	1438.54	34
1638.8	1637.22	34
1858.83	1838.37	34
0.35	0.28	34
0.36	0.32	34
0.46	0.44	34
0.74	0.72	34
1.14	0.98	34
1.75	1.23	34
2.95	1.36	34
4.42	2.56	34
5.82	2.9	34
7.23	2.9	34
10.64	4.17	34
16.6	6.06	34
28.65	8.7	34
54.01	15.56	34
100.98	27.64	34
197.61	49.7	34
387.08	97.4	34
753.48	184.97	34
1118.47	274.91	34
1483.33	362.55	34
1862.25	441.96	34
2260.09	531.08	34
2662.71	629.06	34
3065.08	716.37	34
3469.41	816.68	34
0.38	0.3	35
0.33	0.36	35
0.5	0.5	35
0.78	0.68	35
1.36	1.07	35
2.34	1.75	35
3.1	2.16	35
4.79	2.18	35
6.57	2.59	35
8.93	3.8	35
12.11	4.58	35
20.13	6.58	35
32.87	10.56	35
60.3	17.65	35
118.29	31.99	35
227.61	61.08	35
448.05	116.24	35
862.59	223.26	35
1271.05	325.72	35
1690.03	434.05	35
2139.82	545.95	35
2578.13	653.38	35
3021.24	764.59	35
3454.26	875.85	35
3877.6	984.3	35
0.4	0.3	35
0.35	0.32	35
0.48	0.5	35
0.75	0.71	35
1.36	1.06	35
2.34	1.27	35
3.64	1.64	35
5.83	2.75	35
7.64	3.38	35
8.62	4.22	35
10.91	6.39	35
13.98	9.7	35
21.24	17.4	35
35.61	31.07	35
62.44	61.14	35
118.32	116.56	35
225.17	228.52	35
430.71	441.88	35
640.33	661.57	35
845.49	868.09	35
1049.32	1077.32	35
1257.01	1292.54	35
1459.68	1508.24	35
1671.75	1721.51	35
1879.06	1923.17	35
0.34	0.26	35
0.36	0.29	35
0.49	0.44	35
0.65	0.68	35
1.01	0.98	35
1.73	1.64	35
2.62	1.85	35
4.18	1.78	35
5.67	2.97	35
7.08	3.18	35
10.5	4.07	35
16.09	5.29	35
26.84	8.35	35
49.79	14.67	35
97.17	24.76	35
187.39	45.98	35
368.04	89.93	35
703.1	171.55	35
1041.47	249.38	35
1398.9	321.63	35
1743.0	414.32	35
2091.25	490.14	35
2446.52	562.11	35
2788.21	646.24	35
3132.44	723.32	35
0.36	0.3	35
0.32	0.34	35
0.44	0.5	35
0.64	0.66	35
1.16	1.09	35
1.91	1.01	35
3.04	1.6	35
4.85	2.11	35
7.32	3.09	35
8.26	4.23	35
8.37	5.78	35
12.86	8.77	35
18.73	15.46	35
31.89	28.19	35
56.25	54.79	35
107.91	107.11	35
207.03	207.4	35
397.22	405.32	35
583.68	588.56	35
775.8	764.97	35
983.1	961.01	35
1155.19	1146.81	35
1338.04	1340.66	35
1530.8	1526.72	35
1718.82	1702.38	35
0.42	0.31	36
0.36	0.37	36
0.54	0.46	36
0.72	0.71	36
1.12	1.02	36
1.8	1.25	36
3.43	1.69	36
4.83	2.01	36
7.81	2.71	36
10.32	4.29	36
15.38	5.67	36
24.3	9.31	36
41.34	18.21	36
78.48	32.46	36
147.85	61.74	36
289.69	119.8	36
570.08	235.26	36
1104.6	453.89	36
1646.05	676.19	36
2186.5	899.16	36
2728.85	1124.98	36
3268.4	1347.93	36
3806.42	1568.46	36
4344.25	1790.88	36
4859.0	2015.64	36
0.38	0.31	36
0.4	0.39	36
0.47	0.57	36
0.72	0.77	36
1.35	1.16	36
1.81	1.32	36
2.8	1.46	36
4.57	1.92	36
5.46	2.72	36
6.77	3.77	36
6.09	4.63	36
7.76	5.64	36
10.46	8.4	36
15.96	14.13	36
25.78	27.14	36
46.24	47.97	36
84.49	89.56	36
158.51	172.78	36
232.65	258.64	36
309.0	341.75	36
382.66	418.2	36
455.52	505.15	36
528.13	588.61	36
607.76	668.32	36
681.59	742.25	36
0.29	0.29	36
0.33	0.3	36
0.44	0.47	36
0.6	0.65	36
0.92	1.04	36
1.88	1.29	36
3.05	1.48	36
4.61	1.87	36
6.94	2.5	36
8.8	3.8	36
13.39	5.81	36
20.57	8.94	36
37.56	15.5	36
68.97	29.47	36
133.36	55.03	36
257.91	106.34	36
507.9	207.56	36
987.61	396.37	36
1462.37	592.12	36
1941.88	772.22	36
2412.71	961.6	36
2888.77	1138.26	36
3367.48	1334.66	36
3849.99	1521.92	36
4317.95	1700.14	36
0.37	0.34	36
0.34	0.32	36
0.47	0.47	36
0.71	0.73	36
1.08	1.01	36
1.89	1.7	36
2.94	1.7	36
3.92	1.85	36
5.34	2.54	36
6.05	2.95	36
5.98	4.13	36
7.66	5.87	36
10.34	8.13	36
16.69	13.37	36
25.71	27.13	36
44.39	49.94	36
86.13	85.64	36
158.56	169.1	36
236.57	235.82	36
306.95	309.06	36
380.94	386.53	36
457.63	458.46	36
532.01	527.52	36
604.13	616.23	36
676.6	677.58	36
0.31	0.32	37
0.28	0.32	37
0.38	0.34	37
0.37	0.36	37
0.33	0.34	37
0.38	0.4	37
0.46	0.42	37
0.49	0.46	37
0.53	0.58	37
0.58	0.57	37
0.8	0.73	37
0.93	1.09	37
1.47	1.52	37
2.31	2.42	37
4.28	4.21	37
7.09	7.39	37
12.27	12.89	37
22.17	24.52	37
42.85	45.41	37
80.33	87.44	37
153.96	165.88	37
225.21	242.66	37
296.02	322.13	37
372.03	403.9	37
454.89	481.65	37
529.61	551.03	37
589.84	633.27	37
659.87	716.86	37
0.39	0.3	37
0.4	0.3	37
0.32	0.35	37
0.42	0.35	37
0.36	0.38	37
0.4	0.34	37
0.39	0.4	37
0.45	0.46	37
0.64	0.62	37
0.96	0.96	37
1.48	1.8	37
2.74	2.78	37
3.93	4.74	37
11.02	9.43	37
20.49	20.25	37
41.82	40.12	37
84.01	80.37	37
167.08	162.4	37
330.93	320.76	37
657.54	636.44	37
1276.52	1234.96	37
1898.87	1839.24	37
2520.02	2439.08	37
3137.34	3038.81	37
3756.34	3640.22	37
4375.78	4245.22	37
4996.13	4843.42	37
5642.73	5439.63	37
0.26	0.25	37
0.24	0.26	37
0.26	0.27	37
0.25	0.26	37
0.24	0.28	37
0.35	0.32	37
0.32	0.41	37
0.41	0.35	37
0.49	0.53	37
0.5	0.57	37
0.65	0.71	37
0.98	1.08	37
1.31	1.73	37
2.44	2.74	37
4.08	5.42	37
6.95	7.68	37
12.24	15.48	37
21.94	28.07	37
40.88	58.75	37
80.15	101.66	37
155.55	213.68	37
226.56	270.42	37
300.11	388.28	37
372.63	419.37	37
440.12	481.56	37
513.6	573.12	37
586.48	668.62	37
657.38	856.09	37
0.29	0.28	37
0.3	0.27	37
0.33	0.3	37
0.28	0.29	37
0.33	0.33	37
0.3	0.31	37
0.37	0.4	37
0.45	0.44	37
0.57	0.62	37
0.93	0.97	37
1.52	1.76	37
2.47	3.47	37
5.16	5.8	37
10.61	11.92	37
20.58	22.24	37
41.26	44.79	37
84.37	88.32	37
166.47	172.83	37
332.99	354.33	37
658.39	692.9	37
1278.73	1358.14	37
1901.17	1983.33	37
2520.99	2619.25	37
3138.37	3258.85	37
3757.77	3966.01	37
4377.37	4528.59	37
4984.57	5202.98	37
5621.79	5898.89	37
0.3	0.29	38
0.27	0.26	38
0.26	0.26	38
0.3	0.25	38
0.34	0.34	38
0.3	0.34	38
0.44	0.35	38
0.39	0.48	38
0.52	0.54	38
0.77	0.55	38
0.94	0.94	38
1.48	1.52	38
2.51	2.27	38
4.46	4.53	38
9.5	7.73	38
17.29	18.07	38
31.77	33.0	38
62.41	64.43	38
121.54	124.52	38
241.46	245.88	38
464.3	476.22	38
689.19	707.7	38
910.51	934.03	38
1135.06	1161.61	38
1356.64	1391.05	38
1582.31	1624.46	38
1803.59	1851.38	38
2031.23	2080.85	38
0.31	0.26	38
0.26	0.26	38
0.31	0.28	38
0.33	0.24	38
0.3	0.25	38
0.33	0.29	38
0.4	0.38	38
0.42	0.53	38
0.63	0.65	38
0.84	1.03	38
1.73	1.34	38
3.09	2.73	38
4.99	5.51	38
10.03	8.92	38
19.29	16.83	38
39.65	39.11	38
78.01	74.95	38
155.38	148.75	38
304.04	292.59	38
607.61	586.21	38
1175.84	1137.46	38
1743.86	1685.73	38
2313.22	2232.67	38
2874.8	2775.75	38
3434.56	3325.44	38
4018.86	3867.93	38
4572.66	4417.47	38
5136.54	4960.43	38
0.3	0.26	38
0.25	0.25	38
0.26	0.29	38
0.29	0.22	38
0.3	0.29	38
0.32	0.31	38
0.37	0.35	38
0.37	0.34	38
0.45	0.48	38
0.64	0.67	38
0.86	0.94	38
1.27	1.59	38
2.19	2.3	38
3.93	4.93	38
7.79	9.3	38
14.26	16.05	38
26.89	34.45	38
54.49	62.76	38
102.76	109.42	38
202.42	228.32	38
391.29	438.07	38
578.34	624.11	38
767.21	847.19	38
953.64	1119.31	38
1155.8	1234.7	38
1323.2	1438.35	38
1508.91	1608.73	38
1700.35	1814.36	38
0.31	0.26	38
0.27	0.28	38
0.27	0.26	38
0.29	0.28	38
0.25	0.26	38
0.37	0.34	38
0.42	0.33	38
0.49	0.49	38
0.57	0.57	38
0.79	0.97	38
1.39	1.55	38
2.39	2.44	38
5.32	5.02	38
9.36	9.95	38
19.57	21.35	38
36.94	41.15	38
74.6	78.0	38
148.21	161.8	38
293.34	302.71	38
581.45	603.35	38
1135.44	1256.2	38
1679.56	1769.08	38
2223.85	2356.35	38
2747.59	2904.23	38
3250.36	3406.73	38
3752.91	3917.75	38
4257.02	4461.89	38
4755.09	4969.24	38
0.32	0.26	39
0.29	0.26	39
0.29	0.29	39
0.25	0.31	39
0.33	0.31	39
0.37	0.29	39
0.34	0.35	39
0.5	0.52	39
0.56	0.68	39
0.9	0.86	39
1.46	1.17	39
2.54	2.6	39
5.03	5.01	39
9.07	8.9	39
18.1	16.8	39
35.21	34.53	39
69.79	67.68	39
139.58	131.74	39
274.17	263.59	39
543.05	522.22	39
1055.56	1016.64	39
1564.22	1507.56	39
2068.2	1990.16	39
2564.69	2471.28	39
3061.22	2949.02	39
3560.47	3426.57	39
4075.73	3925.16	39
4634.94	4467.64	39
0.34	0.25	39
0.27	0.25	39
0.26	0.31	39
0.31	0.27	39
0.29	0.33	39
0.32	0.33	39
0.35	0.33	39
0.43	0.43	39
0.48	0.54	39
0.77	0.63	39
0.91	0.89	39
1.58	1.43	39
2.26	2.26	39
3.83	4.13	39
7.72	8.19	39
15.84	15.36	39
29.24	29.42	39
56.43	58.33	39
112.44	114.47	39
222.08	225.16	39
423.48	436.34	39
630.42	650.62	39
838.36	860.79	39
1048.52	1074.96	39
1251.14	1282.97	39
1454.57	1503.7	39
1662.57	1707.96	39
1869.08	1921.56	39
0.27	0.25	39
0.27	0.23	39
0.27	0.3	39
0.26	0.24	39
0.28	0.27	39
0.28	0.25	39
0.3	0.34	39
0.41	0.4	39
0.55	0.65	39
0.77	0.84	39
1.27	1.43	39
2.23	2.15	39
3.87	4.55	39
7.8	9.05	39
15.64	17.1	39
30.58	34.52	39
60.04	66.82	39
120.66	129.72	39
237.13	246.31	39
473.46	520.04	39
919.15	996.16	39
1360.84	1478.34	39
1801.81	1920.77	39
2242.21	2385.52	39
2692.03	2918.42	39
3119.14	3272.66	39
3580.86	3808.35	39
4056.93	4258.94	39
0.29	0.26	39
0.25	0.27	39
0.29	0.26	39
0.29	0.28	39
0.25	0.28	39
0.32	0.33	39
0.37	0.33	39
0.41	0.4	39
0.56	0.58	39
0.6	0.68	39
0.91	0.98	39
1.46	1.62	39
2.24	2.67	39
4.07	4.77	39
7.54	9.25	39
14.65	15.35	39
28.16	34.83	39
54.42	62.43	39
105.84	118.02	39
209.02	233.4	39
403.7	444.11	39
603.42	631.17	39
794.55	843.55	39
985.27	1044.04	39
1183.89	1274.07	39
1376.52	1532.28	39
1571.9	1682.95	39
1767.08	1876.96	39
0.28	0.26	40
0.25	0.25	40
0.24	0.23	40
0.3	0.38	40
0.26	0.32	40
0.28	0.34	40
0.3	0.38	40
0.4	0.46	40
0.57	0.65	40
0.74	0.9	40
1.48	1.33	40
2.33	2.83	40
5.41	4.23	40
9.54	10.5	40
20.18	19.44	40
40.11	39.6	40
81.19	77.29	40
160.56	157.06	40
328.1	315.87	40
660.77	638.05	40
1290.45	1249.34	40
1926.38	1868.14	40
2548.31	2479.1	40
3181.56	3076.49	40
3789.63	3669.48	40
4418.45	4272.1	40
5035.21	4888.02	40
5653.73	5476.52	40
0.24	0.23	40
0.22	0.24	40
0.24	0.23	40
0.27	0.24	40
0.27	0.27	40
0.25	0.27	40
0.29	0.34	40
0.39	0.37	40
0.54	0.54	40
0.84	0.83	40
1.42	1.53	40
2.48	2.64	40
4.74	4.85	40
8.9	9.5	40
17.08	19.81	40
37.43	38.53	40
74.12	81.85	40
146.34	153.71	40
292.69	311.49	40
581.28	634.07	40
1132.68	1170.04	40
1674.14	1743.13	40
2223.1	2303.22	40
2766.34	2919.46	40
3305.62	3514.46	40
3851.91	4008.13	40
4404.01	4603.3	40
4949.59	5143.23	40
0.27	0.23	40
0.24	0.26	40
0.33	0.24	40
0.25	0.26	40
0.29	0.27	40
0.3	0.3	40
0.35	0.31	40
0.39	0.38	40
0.55	0.5	40
0.51	0.61	40
0.63	0.79	40
0.96	1.21	40
1.43	1.6	40
2.26	2.82	40
4.2	4.82	40
7.04	9.36	40
12.49	16.64	40
22.46	29.7	40
42.25	52.76	40
81.35	98.85	40
154.26	178.27	40
223.81	290.75	40
301.67	352.26	40
371.51	415.35	40
444.28	501.88	40
515.46	615.67	40
585.56	659.97	40
660.91	808.48	40
