0.6	0.6	1
0.58	0.75	1
0.92	1.13	1
1.15	0.85	1
1.25	1.7	1
1.47	1.71	1
1.37	1.65	1
1.07	1.8	1
1.72	1.76	1
2.27	2.17	1
2.86	2.53	1
4.07	4.05	1
6.32	6.18	1
11.07	10.09	1
18.64	18.88	1
35.37	34.8	1
65.76	65.22	1
126.91	131.14	1
243.23	245.61	1
361.16	496.84	1
479.37	498.73	1
593.88	601.59	1
706.73	716.76	1
857.22	830.14	1
939.43	945.45	1
1060.92	1066.92	1
0.7	0.52	1
0.83	0.71	1
1.08	1.08	1
1.56	1.26	1
1.72	1.54	1
1.75	1.6	1
1.77	1.76	1
1.86	2.25	1
3.1	2.6	1
4.38	4.48	1
7.97	8.4	1
13.78	14.44	1
27.55	23.11	1
53.37	54.5	1
104.82	90.53	1
205.4	205.33	1
411.91	412.45	1
821.25	817.69	1
1591.88	1604.78	1
2366.97	2394.55	1
3187.19	3218.21	1
4045.48	4048.25	1
4886.43	4913.31	1
5725.29	5742.82	1
6575.98	6585.67	1
7389.08	7426.82	1
0.62	0.52	1
0.73	0.72	1
0.82	0.82	1
1.27	0.88	1
1.24	1.17	1
1.09	1.45	1
1.18	1.41	1
1.55	1.95	1
1.78	1.92	1
2.24	2.01	1
2.87	2.73	1
4.13	3.86	1
6.27	6.64	1
10.13	11.38	1
19.64	19.17	1
35.2	36.23	1
64.94	66.82	1
127.51	163.31	1
245.68	249.15	1
378.43	369.76	1
479.32	484.22	1
615.39	598.42	1
705.6	721.77	1
822.82	858.81	1
938.72	949.5	1
1072.18	1066.96	1
0.73	0.56	1
0.93	0.83	1
1.24	1.23	1
1.3	1.21	1
1.43	1.34	1
1.3	1.63	1
1.59	1.77	1
2.65	2.08	1
3.32	2.81	1
4.23	4.08	1
8.04	7.63	1
14.56	14.3	1
26.5	28.46	1
52.64	54.4	1
104.33	104.81	1
208.42	206.84	1
413.43	412.12	1
816.25	819.17	1
1592.33	1601.51	1
2370.05	2370.78	1
3191.75	3195.78	1
4045.7	3474.82	1
4883.62	4890.24	1
5751.1	5745.53	1
6577.58	6626.4	1
7383.41	7412.06	1
0.72	0.57	2
0.8	0.87	2
1.36	1.23	2
1.3	1.38	2
1.62	1.49	2
1.36	1.44	2
1.81	1.53	2
2.19	1.59	2
2.22	2.34	2
3.07	3.02	2
4.25	4.46	2
6.16	6.12	2
10.73	11.18	2
18.98	19.23	2
35.32	36.09	2
69.08	68.64	2
137.76	135.92	2
266.35	299.11	2
513.34	521.24	2
762.1	765.12	2
1012.43	1014.35	2
1254.63	1413.36	2
1498.52	1507.46	2
1734.29	1739.42	2
1966.86	2030.69	2
2210.66	2223.87	2
0.65	0.51	2
0.76	0.7	2
1.17	0.92	2
0.74	1.02	2
1.17	1.15	2
1.58	1.41	2
1.75	1.81	2
2.24	2.1	2
3.09	2.47	2
3.76	4.04	2
7.92	7.5	2
13.7	12.85	2
25.36	25.29	2
46.09	40.06	2
92.78	91.87	2
181.06	181.01	2
354.26	355.76	2
707.2	708.84	2
1371.71	1371.79	2
2040.38	2033.32	2
2693.28	2699.51	2
3351.89	3350.96	2
3996.18	4002.52	2
4659.69	4656.41	2
5307.52	5314.97	2
5959.1	5957.61	2
0.58	0.53	2
0.76	0.76	2
1.08	0.87	2
1.15	1.33	2
1.35	1.14	2
1.37	1.62	2
1.64	1.49	2
1.67	1.71	2
2.36	1.98	2
2.77	2.63	2
3.8	3.9	2
6.22	6.82	2
10.23	10.05	2
18.25	18.64	2
34.16	34.34	2
65.63	65.83	2
126.76	147.61	2
250.19	252.3	2
482.69	484.2	2
709.41	716.67	2
946.94	1100.52	2
1172.49	1398.53	2
1405.18	1439.33	2
1636.5	1646.26	2
1863.68	1874.72	2
2102.38	2164.63	2
0.66	0.52	2
0.73	0.76	2
1.05	1.01	2
1.01	1.33	2
0.96	1.19	2
1.53	1.39	2
1.35	2.06	2
2.6	2.42	2
2.47	2.97	2
3.96	3.97	2
7.57	7.13	2
12.66	13.32	2
24.58	25.07	2
47.33	46.18	2
91.5	76.88	2
179.87	179.26	2
357.53	356.12	2
710.19	707.43	2
1378.22	1386.47	2
2032.46	2037.75	2
2700.55	2702.97	2
3350.97	3349.21	2
3996.45	3997.27	2
4609.09	4628.46	2
5246.21	5221.98	2
5823.03	5826.62	2
0.75	0.54	3
0.67	0.69	3
0.97	0.76	3
1.18	0.92	3
1.37	1.38	3
1.47	1.61	3
1.65	1.57	3
1.79	1.57	3
2.79	2.53	3
3.92	3.97	3
7.23	7.01	3
12.63	12.34	3
23.45	23.45	3
45.2	44.81	3
86.91	87.52	3
172.71	173.65	3
341.81	343.73	3
676.99	678.83	3
1309.16	1315.23	3
1934.98	1957.58	3
2583.45	2571.54	3
3190.13	3199.83	3
3818.25	3826.6	3
4488.69	4633.12	3
5273.74	4485.43	3
5929.71	5956.57	3
0.59	0.65	3
0.71	1.05	3
1.16	1.07	3
1.4	1.53	3
1.37	1.28	3
1.42	1.38	3
1.58	1.64	3
1.78	1.83	3
2.3	2.5	3
3.17	2.83	3
3.85	4.48	3
6.64	6.09	3
10.83	10.91	3
19.18	19.01	3
37.86	40.56	3
70.27	71.51	3
135.67	139.5	3
266.24	267.9	3
517.8	583.28	3
767.55	783.64	3
1017.29	1020.79	3
1270.82	1304.53	3
1553.88	1565.13	3
1812.55	1815.34	3
2065.87	2087.0	3
2326.57	2378.13	3
0.55	0.48	3
0.66	0.68	3
0.81	0.98	3
1.17	1.05	3
1.37	1.14	3
1.08	1.56	3
1.77	1.62	3
1.71	1.83	3
2.48	2.3	3
3.84	3.72	3
6.81	6.22	3
11.53	11.22	3
21.01	21.47	3
40.67	41.36	3
80.09	80.0	3
156.15	157.23	3
311.72	310.22	3
615.39	616.01	3
1199.09	1199.86	3
1779.44	1780.42	3
2359.93	2368.14	3
2935.44	2964.85	3
3508.34	3526.22	3
4093.5	4096.28	3
4678.78	4674.74	3
5242.12	5289.89	3
0.61	0.45	3
0.73	0.72	3
0.96	0.9	3
1.18	1.16	3
1.32	1.29	3
1.26	1.38	3
1.41	1.52	3
1.79	1.68	3
1.99	2.13	3
3.0	2.85	3
3.81	3.75	3
6.01	5.81	3
10.14	11.0	3
17.75	18.32	3
34.25	33.84	3
63.54	64.98	3
127.79	148.53	3
249.53	248.82	3
477.41	482.06	3
713.18	712.11	3
942.9	966.73	3
1172.84	1199.02	3
1408.51	1408.41	3
1634.54	1640.85	3
1892.68	1890.8	3
2091.8	2100.83	3
0.74	0.69	4
0.85	0.81	4
0.99	1.11	4
1.41	1.3	4
1.73	1.18	4
1.38	1.37	4
2.23	1.46	4
2.3	2.11	4
2.78	3.12	4
4.9	4.47	4
7.77	7.56	4
14.85	14.71	4
28.71	27.33	4
54.6	55.09	4
105.83	91.89	4
211.96	149.04	4
419.84	419.27	4
833.17	840.92	4
1621.97	1376.62	4
2401.92	2401.5	4
3168.76	3177.78	4
3942.3	3949.02	4
4726.57	4723.07	4
5521.84	5536.54	4
6282.12	6268.01	4
7038.65	7051.06	4
0.62	0.5	4
0.78	0.78	4
0.78	0.97	4
1.34	1.31	4
1.06	1.19	4
1.35	0.98	4
1.62	1.79	4
1.53	1.54	4
1.89	2.07	4
2.75	2.57	4
2.93	2.73	4
4.18	4.22	4
6.78	6.6	4
10.07	12.91	4
18.75	19.12	4
35.77	33.79	4
64.72	65.53	4
127.75	127.38	4
244.07	251.57	4
362.25	366.18	4
479.6	480.4	4
596.96	756.11	4
712.72	716.78	4
825.56	834.13	4
944.76	991.31	4
1062.74	1066.42	4
0.6	0.56	4
0.79	0.76	4
1.05	0.82	4
1.16	1.17	4
1.29	1.27	4
1.47	1.34	4
1.57	1.63	4
1.99	2.24	4
2.73	2.57	4
4.15	3.91	4
7.09	7.26	4
13.16	13.06	4
24.65	24.25	4
47.77	48.41	4
93.67	93.89	4
185.71	185.59	4
366.85	369.37	4
730.54	734.89	4
1413.53	1414.61	4
2099.57	2105.98	4
2780.18	2378.29	4
3462.13	3481.18	4
4147.82	3557.14	4
4826.02	4102.1	4
5510.61	4680.3	4
6196.11	6209.74	4
0.57	0.48	4
0.74	0.7	4
0.88	0.91	4
0.94	1.02	4
1.15	1.3	4
1.3	1.19	4
1.58	1.54	4
1.61	1.47	4
1.53	1.9	4
2.04	2.22	4
2.72	3.0	4
3.87	4.18	4
6.3	6.66	4
10.09	11.23	4
19.72	18.93	4
35.48	47.06	4
66.42	68.63	4
127.74	128.17	4
242.84	249.28	4
358.65	474.72	4
476.65	484.83	4
598.77	602.05	4
708.9	708.55	4
830.2	832.75	4
972.72	976.59	4
1052.95	1066.42	4
0.45	0.38	5
0.52	0.56	5
0.9	0.85	5
1.43	1.5	5
2.69	2.57	5
5.35	2.28	5
9.93	2.16	5
19.37	4.21	5
36.86	5.03	5
70.61	6.18	5
134.22	10.74	5
238.48	19.11	5
399.46	34.28	5
609.99	64.54	5
758.36	121.23	5
867.22	219.81	5
1022.22	374.83	5
1308.84	633.06	5
1553.94	872.96	5
1777.81	1121.98	5
2011.96	1358.93	5
2225.85	1574.87	5
2435.43	1782.58	5
2634.57	1996.97	5
2840.92	2180.8	5
0.48	0.41	5
0.52	0.55	5
0.92	0.83	5
1.49	1.4	5
2.7	1.69	5
5.02	2.16	5
9.84	3.99	5
20.14	5.26	5
38.58	8.81	5
76.13	15.15	5
149.19	28.62	5
291.59	52.53	5
550.73	100.56	5
1007.8	183.42	5
1751.35	326.96	5
2541.91	541.32	5
2959.02	791.32	5
3549.16	1207.93	5
4051.04	1593.54	5
4550.54	1981.02	5
4971.14	2374.15	5
5438.16	2773.33	5
5836.08	3173.29	5
6233.6	3574.47	5
6575.32	3948.8	5
0.41	0.38	5
0.5	0.47	5
0.77	0.85	5
1.34	1.32	5
2.5	2.05	5
4.63	2.97	5
8.89	2.91	5
17.19	3.71	5
33.4	4.49	5
62.8	6.48	5
118.92	9.15	5
211.93	17.71	5
360.23	28.97	5
554.88	54.86	5
690.15	97.84	5
809.75	176.23	5
963.9	306.34	5
1211.52	543.18	5
1472.01	767.31	5
1716.96	1004.49	5
1939.5	1234.97	5
2171.49	1466.31	5
2362.06	1663.01	5
2568.11	1876.81	5
2766.58	2087.5	5
0.43	0.4	5
0.57	0.44	5
0.91	0.83	5
1.39	1.39	5
2.66	2.14	5
4.82	3.79	5
9.98	4.17	5
19.94	5.36	5
39.41	9.24	5
75.83	15.8	5
149.71	28.34	5
291.73	51.82	5
549.55	98.48	5
1010.32	181.66	5
1741.92	314.28	5
2493.52	505.3	5
2941.46	749.34	5
3543.67	1142.57	5
4034.86	1525.2	5
4473.13	1888.89	5
4976.9	2278.8	5
5370.95	2670.1	5
5812.27	3022.72	5
6190.67	3425.95	5
6507.68	3745.63	5
0.46	0.42	6
0.59	0.52	6
0.81	0.85	6
1.5	1.56	6
2.67	2.34	6
5.23	3.0	6
9.98	3.53	6
19.88	4.43	6
39.34	8.62	6
76.91	15.19	6
151.01	28.33	6
293.2	53.71	6
556.82	99.82	6
1021.85	188.11	6
1764.03	333.68	6
2615.61	557.24	6
3075.6	813.32	6
3550.02	1217.64	6
4042.74	1593.83	6
4526.08	1970.1	6
4893.58	2326.98	6
5282.66	2751.93	6
5811.14	3110.93	6
6159.14	3468.11	6
6491.61	3803.6	6
0.51	0.42	6
0.58	0.54	6
1.01	0.87	6
1.48	1.55	6
3.01	2.81	6
5.37	3.99	6
10.29	2.64	6
20.68	3.93	6
39.26	4.06	6
77.3	7.4	6
141.01	10.39	6
258.96	18.55	6
425.05	36.82	6
658.8	66.87	6
823.06	126.02	6
947.24	223.05	6
1136.6	381.53	6
1439.35	646.93	6
1700.25	884.18	6
1949.28	1112.43	6
2206.11	1334.28	6
2439.03	1574.58	6
2659.88	1792.64	6
2894.53	2036.36	6
3112.66	2278.51	6
0.45	0.34	6
0.47	0.49	6
0.71	0.69	6
1.21	1.17	6
2.3	1.9	6
4.27	2.9	6
8.51	4.03	6
16.57	4.53	6
32.41	6.78	6
63.13	11.38	6
123.54	19.45	6
240.34	38.11	6
464.97	72.39	6
833.24	131.88	6
1471.76	234.98	6
2197.02	391.21	6
2595.71	604.88	6
3027.45	947.17	6
3473.74	1288.03	6
3875.81	1648.48	6
4285.32	1966.5	6
4632.31	2308.49	6
4940.07	2643.24	6
5270.72	2964.6	6
5588.77	3279.67	6
0.45	0.4	6
0.57	0.48	6
0.91	0.8	6
1.41	1.14	6
2.58	2.41	6
4.9	2.82	6
9.17	2.85	6
18.29	3.13	6
35.53	3.91	6
68.1	6.74	6
128.52	9.98	6
228.69	18.23	6
381.24	32.41	6
589.93	58.63	6
763.51	106.08	6
865.51	194.4	6
1046.79	326.72	6
1326.68	570.39	6
1584.15	790.62	6
1842.12	1013.36	6
2069.09	1237.73	6
2351.36	1478.27	6
2596.05	1701.51	6
2824.61	1938.85	6
3027.39	2146.84	6
0.47	0.37	7
0.55	0.5	7
0.81	0.9	7
1.48	1.45	7
2.64	2.27	7
5.01	1.42	7
9.58	2.18	7
18.7	3.86	7
36.14	4.47	7
69.1	7.56	7
130.93	11.38	7
231.58	18.27	7
380.84	33.39	7
597.96	64.38	7
771.6	119.68	7
870.61	217.1	7
1051.78	375.38	7
1318.65	626.36	7
1597.55	869.16	7
1863.99	1098.09	7
2087.02	1325.86	7
2351.85	1549.11	7
2573.54	1787.03	7
2795.06	2029.58	7
3003.97	2236.48	7
0.48	0.37	7
0.49	0.5	7
0.83	0.76	7
1.45	1.32	7
2.6	2.03	7
4.84	3.46	7
9.55	3.75	7
18.69	5.9	7
36.97	9.24	7
73.45	14.31	7
144.56	27.11	7
279.77	50.74	7
529.2	96.93	7
987.85	179.03	7
1682.5	315.97	7
2486.69	527.64	7
2925.97	792.83	7
3409.93	1180.65	7
3899.21	1551.71	7
4310.31	1940.58	7
4706.0	2307.15	7
5049.61	2664.51	7
5440.49	3029.54	7
5757.51	3382.45	7
6097.6	3686.87	7
0.39	0.36	7
0.52	0.51	7
0.73	0.8	7
1.37	1.26	7
2.43	2.42	7
4.62	3.26	7
8.79	2.13	7
17.13	3.35	7
32.77	4.1	7
63.89	6.76	7
116.93	9.23	7
211.29	15.25	7
353.98	28.06	7
539.79	52.41	7
703.34	100.56	7
804.06	175.97	7
996.75	305.35	7
1253.63	543.4	7
1507.73	776.88	7
1788.69	1000.01	7
2022.48	1214.7	7
2255.72	1436.25	7
2496.19	1663.24	7
2700.87	1898.93	7
2908.7	2124.15	7
0.44	0.34	7
0.51	0.47	7
0.76	0.75	7
1.31	1.31	7
2.31	2.27	7
4.35	2.55	7
8.78	3.06	7
17.24	4.26	7
34.27	7.23	7
67.81	12.66	7
132.43	22.75	7
253.37	42.51	7
496.37	78.48	7
891.21	145.61	7
1554.79	256.04	7
2255.09	424.25	7
2658.16	644.18	7
3181.25	997.91	7
3644.78	1341.27	7
3994.31	1697.27	7
4368.1	2046.06	7
4744.63	2404.51	7
5145.39	2739.05	7
5416.09	3077.69	7
5765.05	3406.7	7
0.51	0.44	8
0.5	0.5	8
0.83	0.86	8
1.34	1.21	8
2.5	1.72	8
5.08	3.51	8
9.56	3.6	8
18.77	4.44	8
36.04	8.9	8
75.64	15.1	8
147.93	28.11	8
289.0	52.73	8
545.36	100.16	8
997.66	185.26	8
1737.08	329.53	8
2622.45	550.02	8
3016.62	815.06	8
3618.02	1229.25	8
4130.61	1622.07	8
4609.36	2056.19	8
5237.35	2471.94	8
5684.49	2855.66	8
6141.04	3311.8	8
6543.42	3699.41	8
6882.17	4149.53	8
0.51	0.39	8
0.56	0.64	8
0.76	0.89	8
1.52	1.5	8
2.89	2.8	8
5.23	3.63	8
10.61	3.29	8
20.12	4.09	8
39.41	4.7	8
75.79	7.71	8
142.12	11.57	8
258.37	19.39	8
423.63	35.94	8
633.94	67.18	8
819.6	124.03	8
928.25	226.83	8
1089.92	384.55	8
1383.54	633.92	8
1641.6	883.98	8
1862.78	1120.92	8
2108.75	1358.33	8
2321.72	1577.34	8
2525.85	1798.78	8
2763.53	1990.47	8
2936.45	2194.66	8
0.42	0.38	8
0.48	0.45	8
0.73	0.68	8
1.23	1.27	8
2.32	2.25	8
4.38	2.3	8
8.16	3.32	8
16.54	4.19	8
32.25	6.98	8
63.16	11.71	8
124.92	19.82	8
242.23	37.89	8
457.81	70.43	8
854.93	132.65	8
1496.56	232.92	8
2182.26	394.8	8
2588.98	602.69	8
3111.99	968.54	8
3557.09	1314.41	8
3969.38	1681.21	8
4427.72	2025.14	8
4787.36	2364.46	8
5227.94	2750.92	8
5608.46	3114.06	8
5978.48	3526.92	8
0.44	0.37	8
0.5	0.47	8
0.79	0.79	8
1.31	1.26	8
2.38	2.1	8
4.5	2.84	8
8.76	3.29	8
16.77	2.59	8
33.05	5.62	8
63.93	5.35	8
117.95	9.25	8
213.24	15.77	8
360.17	29.71	8
545.91	53.21	8
700.92	97.98	8
805.47	176.32	8
960.91	308.7	8
1226.0	550.76	8
1492.6	767.88	8
1731.1	994.9	8
1954.36	1214.45	8
2162.5	1430.37	8
2400.07	1656.7	8
2567.25	1857.18	8
2799.21	2052.12	8
0.29	0.28	9
0.32	0.25	9
0.31	0.27	9
0.34	0.31	9
0.33	0.32	9
0.37	0.36	9
0.45	0.32	9
0.41	0.39	9
0.48	0.45	9
0.61	0.52	9
0.63	0.58	9
0.86	0.93	9
1.08	1.08	9
1.7	1.77	9
2.53	2.5	9
4.67	4.63	9
7.83	7.78	9
14.36	14.18	9
25.0	24.97	9
46.16	48.4	9
89.4	88.96	9
170.77	172.75	9
256.41	252.33	9
334.99	329.7	9
417.79	414.72	9
494.22	493.17	9
576.03	573.3	9
653.63	653.41	9
736.87	731.67	9
0.32	0.29	9
0.32	0.28	9
0.28	0.3	9
0.33	0.3	9
0.35	0.32	9
0.36	0.33	9
0.39	0.37	9
0.39	0.4	9
0.48	0.51	9
0.7	0.77	9
1.06	1.25	9
1.7	1.68	9
3.27	3.46	9
6.56	6.24	9
12.85	12.79	9
26.54	26.94	9
53.9	54.3	9
107.68	108.01	9
216.44	216.58	9
427.13	424.75	9
843.79	842.41	9
1661.41	1665.59	9
2477.27	2485.83	9
3225.59	3234.6	9
3959.83	3966.08	9
4702.58	4697.78	9
5527.09	5514.88	9
6332.42	6331.38	9
7135.84	7137.44	9
0.24	0.22	9
0.25	0.26	9
0.26	0.27	9
0.27	0.29	9
0.3	0.22	9
0.25	0.28	9
0.31	0.31	9
0.33	0.28	9
0.37	0.3	9
0.46	0.54	9
0.63	0.64	9
0.78	0.81	9
1.01	1.15	9
1.65	1.76	9
2.48	2.56	9
4.68	4.52	9
7.41	7.74	9
14.29	13.63	9
24.22	24.63	9
46.82	45.98	9
90.29	91.16	9
171.8	172.06	9
251.72	251.27	9
333.14	332.94	9
417.08	419.74	9
497.32	490.52	9
578.01	571.21	9
654.41	661.6	9
734.95	729.97	9
0.32	0.32	9
0.29	0.32	9
0.32	0.31	9
0.34	0.28	9
0.3	0.26	9
0.31	0.35	9
0.38	0.31	9
0.41	0.33	9
0.52	0.49	9
0.69	0.74	9
1.07	1.18	9
1.69	1.42	9
3.31	3.54	9
6.36	6.56	9
13.14	12.75	9
26.17	27.03	9
54.44	54.31	9
108.24	108.56	9
215.32	215.54	9
425.65	428.54	9
849.64	844.01	9
1661.27	1663.52	9
2480.28	2483.65	9
3225.68	3228.44	9
3967.61	3965.28	9
4710.45	4700.69	9
5519.08	5517.54	9
6325.78	6328.77	9
7153.38	7147.24	9
0.34	0.21	10
0.21	0.23	10
0.33	0.27	10
0.29	0.27	10
0.32	0.28	10
0.35	0.29	10
0.41	0.42	10
0.42	0.4	10
0.44	0.47	10
0.56	0.54	10
0.87	0.71	10
1.06	1.03	10
1.49	1.58	10
2.53	2.69	10
4.46	4.07	10
7.88	8.29	10
15.57	16.14	10
30.25	30.07	10
58.95	58.38	10
116.98	116.99	10
229.15	230.5	10
447.03	445.0	10
659.27	659.42	10
872.34	875.85	10
1093.87	1090.98	10
1304.16	1305.94	10
1519.61	1523.83	10
1728.58	1727.89	10
1944.77	1940.62	10
0.37	0.26	10
0.25	0.22	10
0.28	0.26	10
0.27	0.28	10
0.31	0.28	10
0.28	0.29	10
0.37	0.35	10
0.44	0.36	10
0.68	0.62	10
0.66	0.51	10
1.18	0.96	10
1.79	1.48	10
2.45	3.03	10
5.94	5.71	10
11.15	10.64	10
20.64	21.57	10
43.73	44.02	10
87.42	86.7	10
173.88	173.27	10
344.76	343.34	10
688.94	685.26	10
1333.56	1329.86	10
1958.82	1960.75	10
2590.49	2588.86	10
3222.71	3213.19	10
3823.0	3830.28	10
4439.99	4435.75	10
5054.98	5059.32	10
5665.87	5672.9	10
0.26	0.21	10
0.26	0.22	10
0.24	0.24	10
0.26	0.23	10
0.24	0.25	10
0.27	0.26	10
0.32	0.3	10
0.35	0.33	10
0.39	0.32	10
0.5	0.56	10
0.57	0.62	10
0.95	1.07	10
1.39	1.49	10
2.42	2.55	10
4.17	4.11	10
8.2	8.13	10
14.94	15.05	10
28.76	29.1	10
55.25	55.2	10
107.26	108.41	10
211.03	212.23	10
407.8	411.92	10
608.43	605.58	10
804.3	801.12	10
998.01	996.43	10
1199.4	1219.41	10
1392.63	1387.62	10
1589.6	1589.25	10
1789.12	1784.3	10
0.3	0.26	10
0.23	0.24	10
0.31	0.29	10
0.29	0.24	10
0.27	0.25	10
0.27	0.36	10
0.32	0.28	10
0.45	0.51	10
0.43	0.58	10
0.74	0.71	10
1.07	1.33	10
1.49	2.15	10
2.72	3.89	10
4.93	5.07	10
10.56	11.22	10
21.5	22.38	10
42.89	43.09	10
87.31	86.61	10
172.83	171.68	10
342.2	342.37	10
681.39	682.92	10
1329.17	1327.96	10
1954.9	1952.36	10
2578.1	2585.03	10
3193.4	3199.47	10
3791.89	3794.15	10
4370.58	4397.43	10
4949.92	4920.88	10
5505.88	5501.64	10
0.36	0.31	11
0.31	0.28	11
0.27	0.23	11
0.34	0.3	11
0.32	0.26	11
0.32	0.25	11
0.27	0.3	11
0.38	0.4	11
0.53	0.52	11
0.66	0.68	11
1.07	1.2	11
1.49	1.8	11
2.79	3.54	11
5.27	4.64	11
10.91	10.81	11
21.6	20.11	11
44.66	44.62	11
86.25	86.4	11
169.73	171.66	11
337.64	336.69	11
672.55	673.55	11
1316.1	1310.16	11
1941.73	1942.48	11
2579.38	2571.86	11
3213.85	3202.18	11
3839.7	3838.09	11
4469.53	4464.74	11
5101.43	5127.39	11
5721.18	5727.46	11
0.33	0.26	11
0.24	0.26	11
0.31	0.24	11
0.33	0.35	11
0.29	0.3	11
0.29	0.27	11
0.36	0.34	11
0.36	0.28	11
0.31	0.39	11
0.46	0.55	11
0.66	0.59	11
1.06	1.08	11
1.69	1.41	11
2.63	2.68	11
4.2	4.2	11
8.44	8.11	11
15.37	15.16	11
30.23	30.17	11
58.82	58.31	11
114.03	113.54	11
227.52	227.96	11
439.46	449.55	11
656.85	657.68	11
865.09	865.7	11
1069.68	1076.65	11
1270.92	1274.17	11
1476.08	1476.7	11
1688.53	1678.37	11
1887.03	1882.56	11
0.28	0.24	11
0.24	0.23	11
0.24	0.28	11
0.23	0.23	11
0.25	0.27	11
0.29	0.27	11
0.31	0.23	11
0.33	0.37	11
0.4	0.41	11
0.62	0.66	11
0.93	1.01	11
1.59	1.49	11
2.56	2.36	11
5.15	5.01	11
8.7	7.84	11
17.71	18.29	11
37.64	37.93	11
76.31	75.19	11
149.41	150.01	11
298.69	297.84	11
591.38	592.24	11
1152.07	1154.22	11
1714.9	1715.36	11
2272.11	2272.84	11
2828.0	2834.31	11
3390.4	3396.39	11
3955.92	3947.33	11
4506.95	4514.49	11
5057.66	5057.24	11
0.33	0.23	11
0.28	0.25	11
0.25	0.22	11
0.25	0.27	11
0.3	0.28	11
0.32	0.28	11
0.36	0.38	11
0.38	0.36	11
0.42	0.36	11
0.47	0.63	11
0.6	0.74	11
1.08	1.15	11
1.52	1.4	11
2.73	2.96	11
4.46	4.36	11
8.86	8.07	11
15.64	15.24	11
29.33	29.91	11
56.93	57.82	11
110.05	112.82	11
220.18	221.62	11
431.03	430.88	11
650.48	641.87	11
839.18	840.89	11
1044.56	1046.13	11
1246.98	1240.4	11
1445.74	1445.61	11
1649.26	1644.05	11
1849.14	1849.5	11
0.27	0.27	12
0.32	0.24	12
0.24	0.26	12
0.25	0.23	12
0.3	0.2	12
0.3	0.31	12
0.29	0.32	12
0.38	0.4	12
0.48	0.45	12
0.71	0.62	12
0.98	0.92	12
1.96	1.82	12
2.76	3.5	12
5.89	5.69	12
11.76	11.9	12
24.89	24.28	12
50.79	50.27	12
99.64	99.97	12
198.02	197.13	12
395.68	393.76	12
787.31	788.26	12
1534.68	1531.62	12
2269.39	2269.57	12
3008.48	3003.63	12
3748.16	3747.34	12
4481.38	4489.68	12
5219.91	5215.42	12
5962.59	5956.89	12
6718.55	6696.68	12
0.3	0.24	12
0.27	0.25	12
0.24	0.24	12
0.31	0.3	12
0.27	0.3	12
0.39	0.22	12
0.41	0.31	12
0.33	0.36	12
0.46	0.33	12
0.57	0.48	12
0.6	0.6	12
0.75	0.74	12
1.03	1.08	12
1.62	1.88	12
2.48	2.4	12
4.44	4.31	12
7.92	7.56	12
13.6	13.43	12
25.99	24.86	12
46.76	46.63	12
89.05	89.24	12
169.59	169.41	12
251.39	254.79	12
331.52	336.58	12
417.21	432.67	12
496.12	512.46	12
571.27	573.99	12
653.08	653.02	12
733.97	725.46	12
0.23	0.26	12
0.24	0.24	12
0.25	0.21	12
0.25	0.22	12
0.22	0.24	12
0.26	0.24	12
0.27	0.28	12
0.32	0.3	12
0.4	0.44	12
0.6	0.58	12
0.97	0.99	12
1.56	1.42	12
2.47	2.76	12
4.95	5.4	12
10.22	10.62	12
21.41	21.73	12
44.21	43.99	12
87.02	91.36	12
181.18	182.22	12
361.91	361.95	12
720.24	721.78	12
1401.68	1402.36	12
2072.23	2079.78	12
2744.54	2746.35	12
3423.94	3422.38	12
4091.8	4094.32	12
4764.24	4760.31	12
5437.77	5443.55	12
6111.8	6119.71	12
0.31	0.21	12
0.3	0.28	12
0.28	0.23	12
0.32	0.28	12
0.31	0.28	12
0.33	0.28	12
0.33	0.34	12
0.36	0.35	12
0.41	0.46	12
0.57	0.51	12
0.54	0.59	12
0.82	0.89	12
1.04	1.09	12
1.68	1.72	12
2.41	2.56	12
4.3	4.39	12
7.5	7.39	12
13.46	13.92	12
24.78	25.1	12
45.85	46.03	12
88.24	91.37	12
177.62	172.62	12
255.04	259.99	12
334.9	334.42	12
411.88	413.73	12
489.86	491.47	12
573.57	575.83	12
652.33	654.64	12
733.42	759.92	12
0.33	0.27	13
0.33	0.29	13
0.49	0.44	13
0.62	0.73	13
1.1	1.17	13
2.09	1.91	13
3.77	3.61	13
7.17	4.67	13
14.21	4.48	13
28.02	5.65	13
53.42	7.59	13
99.78	14.22	13
186.47	23.0	13
308.13	39.35	13
469.09	69.0	13
605.3	104.32	13
663.85	143.17	13
742.4	202.64	13
885.85	308.67	13
1202.28	525.19	13
1520.84	731.95	13
1805.08	952.71	13
2128.97	1156.25	13
2492.49	1389.72	13
2739.1	1576.76	13
2921.14	1806.33	13
3086.0	1970.1	13
0.37	0.27	13
0.32	0.28	13
0.44	0.43	13
0.63	0.67	13
1.09	1.08	13
1.93	1.59	13
3.69	3.54	13
7.12	2.9	13
13.97	4.99	13
27.88	6.57	13
52.95	9.51	13
101.46	15.2	13
187.4	26.71	13
328.56	47.8	13
536.25	78.65	13
723.16	127.74	13
857.23	185.29	13
1004.76	285.34	13
1386.38	470.78	13
2045.06	877.19	13
2702.61	1270.28	13
3469.11	1649.55	13
4151.81	2011.64	13
4875.11	2383.03	13
5470.98	2730.75	13
6006.65	3056.75	13
6450.99	3401.89	13
0.29	0.23	13
0.28	0.28	13
0.39	0.35	13
0.62	0.56	13
1.0	1.02	13
1.7	1.22	13
3.28	2.35	13
6.32	2.98	13
12.37	3.23	13
24.38	4.64	13
46.45	7.22	13
89.51	11.19	13
157.51	18.47	13
274.01	33.32	13
430.25	53.59	13
524.01	84.74	13
595.82	113.4	13
673.32	167.91	13
827.92	268.99	13
1101.98	465.95	13
1389.09	664.65	13
1676.43	867.89	13
1968.85	1069.63	13
2256.78	1283.77	13
2499.81	1472.34	13
2723.32	1668.9	13
2895.52	1839.76	13
0.34	0.28	13
0.3	0.31	13
0.38	0.39	13
0.59	0.6	13
1.01	0.94	13
1.77	1.77	13
3.33	2.48	13
6.24	2.95	13
12.27	3.83	13
24.23	6.65	13
46.22	8.08	13
88.36	12.38	13
164.81	22.03	13
286.85	38.18	13
468.83	62.39	13
640.72	104.26	13
773.29	151.89	13
921.19	243.24	13
1256.43	413.6	13
1842.24	789.9	13
2483.07	1144.6	13
3136.48	1485.64	13
3772.06	1800.6	13
4416.22	2108.14	13
4951.7	2422.54	13
5502.03	2736.64	13
5892.99	3009.52	13
0.4	0.29	14
0.29	0.33	14
0.49	0.43	14
0.7	0.67	14
1.23	1.16	14
2.09	1.99	14
3.96	3.15	14
8.07	5.71	14
15.18	3.84	14
29.77	5.46	14
59.53	9.61	14
111.15	15.93	14
204.04	26.41	14
358.81	49.38	14
554.18	84.52	14
789.87	125.37	14
874.17	183.57	14
1025.93	271.23	14
1328.2	443.39	14
1785.01	782.21	14
2237.17	1116.2	14
2763.55	1451.53	14
3298.08	1781.75	14
3777.5	2132.44	14
4140.46	2467.56	14
4440.73	2815.49	14
4783.75	3076.24	14
0.35	0.25	14
0.32	0.35	14
0.47	0.5	14
0.69	0.75	14
1.21	1.28	14
2.2	2.1	14
4.1	3.62	14
7.73	2.59	14
16.14	3.38	14
31.25	6.09	14
58.99	8.59	14
112.05	17.13	14
202.39	25.84	14
333.95	44.89	14
518.99	74.33	14
676.8	110.49	14
770.53	150.35	14
904.58	215.15	14
1156.91	330.4	14
1619.74	591.68	14
2137.59	871.59	14
2620.89	1101.96	14
3180.9	1311.54	14
3635.57	1548.07	14
4116.12	1756.41	14
4460.33	1933.1	14
4733.15	2164.51	14
0.32	0.25	14
0.32	0.29	14
0.38	0.38	14
0.57	0.55	14
0.98	0.91	14
1.67	1.57	14
3.27	2.59	14
6.31	1.92	14
12.14	3.11	14
23.3	4.31	14
44.71	7.93	14
87.0	12.59	14
156.93	21.48	14
260.89	36.22	14
436.45	60.61	14
617.09	91.87	14
682.56	141.66	14
830.07	224.82	14
1038.5	380.43	14
1467.85	664.77	14
1923.98	967.21	14
2300.21	1274.35	14
2756.74	1559.93	14
3214.42	1855.16	14
3573.85	2155.86	14
3862.79	2453.0	14
4117.11	2721.69	14
0.32	0.24	14
0.33	0.3	14
0.49	0.41	14
0.62	0.66	14
1.13	1.18	14
2.06	1.89	14
4.18	3.4	14
7.82	2.88	14
14.87	4.94	14
29.45	6.55	14
57.16	9.14	14
105.22	14.73	14
187.62	24.02	14
321.22	41.55	14
504.47	68.47	14
656.9	107.99	14
732.97	139.8	14
851.83	195.19	14
1111.35	312.56	14
1564.67	558.72	14
2082.18	830.9	14
2539.73	1045.81	14
3098.4	1240.04	14
3541.14	1439.74	14
3998.02	1624.4	14
4328.36	1791.8	14
4630.25	1943.86	14
0.37	0.25	15
0.36	0.36	15
0.45	0.44	15
0.62	0.61	15
1.17	1.07	15
2.0	1.59	15
3.62	3.54	15
7.04	4.17	15
13.87	3.53	15
26.5	6.42	15
52.4	10.3	15
99.94	13.68	15
183.72	25.15	15
298.55	41.82	15
469.19	67.82	15
606.95	105.73	15
696.61	145.78	15
814.86	205.36	15
1044.18	315.42	15
1491.01	571.56	15
1994.24	820.56	15
2433.81	1035.58	15
2870.38	1288.5	15
3336.86	1490.84	15
3742.1	1694.89	15
4107.15	1876.85	15
4394.92	2084.96	15
0.37	0.31	15
0.34	0.29	15
0.45	0.45	15
0.69	0.63	15
1.12	1.04	15
1.97	2.01	15
3.69	3.01	15
7.18	3.26	15
13.76	4.52	15
26.67	5.06	15
51.78	10.2	15
99.6	16.43	15
184.03	27.08	15
314.06	45.07	15
504.88	76.85	15
703.81	122.52	15
780.42	172.79	15
897.93	264.45	15
1151.38	429.8	15
1607.77	758.9	15
2118.75	1106.46	15
2579.03	1443.04	15
3053.38	1787.63	15
3511.15	2108.82	15
3901.36	2439.94	15
4208.95	2757.76	15
4524.13	3057.5	15
0.28	0.25	15
0.3	0.27	15
0.42	0.36	15
0.59	0.55	15
1.0	0.88	15
1.69	1.63	15
3.27	1.38	15
6.38	3.0	15
12.0	3.54	15
23.68	5.39	15
46.14	7.56	15
86.43	11.24	15
159.22	19.26	15
265.46	33.18	15
410.48	53.29	15
515.55	82.28	15
629.38	116.95	15
707.55	173.55	15
933.75	276.42	15
1351.17	504.2	15
1812.69	736.62	15
2220.49	934.16	15
2668.38	1141.88	15
3073.87	1322.27	15
3475.76	1535.31	15
3762.31	1695.93	15
4019.58	1874.33	15
0.3	0.26	15
0.3	0.32	15
0.39	0.38	15
0.59	0.59	15
1.01	0.92	15
1.7	1.67	15
3.17	1.96	15
6.2	2.69	15
12.03	3.82	15
23.58	4.9	15
45.58	7.07	15
85.04	13.2	15
155.64	20.24	15
275.19	35.64	15
445.51	61.64	15
607.9	96.33	15
695.93	141.65	15
814.61	220.42	15
1044.75	377.03	15
1492.26	675.97	15
1899.25	966.52	15
2328.84	1271.83	15
2787.28	1571.75	15
3179.3	1869.25	15
3601.76	2175.71	15
3904.3	2460.9	15
4111.49	2752.37	15
0.27	0.26	16
0.3	0.3	16
0.46	0.4	16
0.67	0.62	16
1.07	0.89	16
1.89	1.92	16
3.85	2.81	16
7.34	3.64	16
14.2	4.3	16
27.24	6.83	16
54.62	9.7	16
103.32	15.98	16
187.55	28.0	16
320.86	48.61	16
523.63	80.97	16
726.2	126.29	16
856.13	181.16	16
998.11	272.5	16
1345.08	453.55	16
1967.99	836.32	16
2584.29	1199.08	16
3207.64	1556.06	16
3828.64	1920.7	16
4460.47	2243.71	16
5004.94	2586.8	16
5497.45	2927.77	16
5935.14	3232.38	16
0.34	0.25	16
0.32	0.29	16
0.45	0.42	16
0.64	0.67	16
1.08	1.08	16
2.19	2.03	16
3.83	3.01	16
6.99	5.32	16
14.35	4.63	16
28.21	5.65	16
54.24	8.36	16
101.92	13.84	16
182.1	24.4	16
311.03	42.56	16
480.4	74.64	16
605.38	109.42	16
677.26	145.87	16
746.36	206.38	16
922.89	311.13	16
1238.12	516.87	16
1499.81	749.33	16
1792.23	954.65	16
2134.31	1180.59	16
2425.88	1385.29	16
2656.13	1609.39	16
2866.05	1797.79	16
2994.3	1963.06	16
0.28	0.24	16
0.32	0.28	16
0.4	0.38	16
0.62	0.61	16
0.93	0.93	16
1.69	1.5	16
3.24	2.64	16
6.12	2.27	16
12.01	3.39	16
23.53	4.87	16
45.78	7.86	16
87.48	14.52	16
163.67	21.69	16
275.26	36.73	16
455.38	59.92	16
634.45	96.3	16
728.82	143.24	16
880.01	223.25	16
1162.52	380.76	16
1715.5	712.13	16
2261.6	1041.03	16
2822.58	1356.15	16
3395.2	1636.1	16
3984.79	1932.43	16
4458.59	2252.97	16
4892.37	2510.3	16
5292.8	2830.91	16
0.31	0.25	16
0.31	0.28	16
0.36	0.41	16
0.65	0.62	16
1.09	1.07	16
2.03	1.58	16
3.7	2.59	16
7.18	2.92	16
13.38	4.14	16
26.88	6.68	16
51.66	7.64	16
96.69	12.65	16
179.56	23.22	16
300.84	40.01	16
454.32	62.23	16
570.97	94.86	16
637.6	132.45	16
723.15	185.42	16
868.96	283.65	16
1210.68	481.88	16
1490.59	681.39	16
1786.98	896.37	16
2119.2	1107.48	16
2440.71	1298.48	16
2635.77	1495.94	16
2855.88	1697.4	16
2987.14	1853.01	16
0.45	0.43	17
0.68	0.75	17
1.13	1.07	17
1.96	1.84	17
3.34	3.31	17
6.02	4.64	17
11.86	11.79	17
23.87	7.35	17
46.07	14.36	17
93.04	16.15	17
179.19	24.93	17
344.54	43.09	17
649.08	76.44	17
1194.42	147.08	17
2030.53	266.7	17
3036.65	497.41	17
3626.32	870.69	17
3929.57	1337.26	17
4421.59	1779.05	17
5238.28	2477.73	17
5933.83	3176.68	17
6551.19	3864.45	17
7211.48	4462.39	17
7766.05	5020.75	17
8307.07	5581.37	17
8840.66	6127.53	17
9334.14	6589.83	17
0.44	0.45	17
0.59	0.57	17
0.97	0.96	17
1.66	1.89	17
3.36	2.84	17
6.51	5.07	17
12.8	8.15	17
25.4	10.54	17
49.29	23.69	17
97.49	47.38	17
194.08	115.84	17
382.23	293.13	17
745.49	517.03	17
1434.95	1404.12	17
2679.81	2599.58	17
4816.22	4769.3	17
8000.33	7954.5	17
10640.36	10619.02	17
11575.94	11572.86	17
13155.16	13069.25	17
14350.59	14361.59	17
15552.03	15427.35	17
16593.61	16490.78	17
17680.7	17672.5	17
18594.24	18640.16	17
19513.69	19478.87	17
20206.39	20248.17	17
0.43	0.35	17
0.54	0.49	17
0.87	0.94	17
1.38	1.51	17
2.66	2.45	17
5.17	4.37	17
10.24	9.29	17
19.42	9.81	17
38.55	10.24	17
77.36	17.24	17
145.28	18.98	17
284.84	37.57	17
528.69	61.32	17
967.35	116.41	17
1681.09	210.04	17
2520.45	388.26	17
2994.81	677.86	17
3376.14	1040.92	17
3810.08	1408.58	17
4589.86	2027.82	17
5255.02	2671.95	17
5878.36	3338.55	17
6518.48	3921.84	17
7079.46	4502.19	17
7659.35	5058.92	17
8177.07	5553.27	17
8659.76	6018.98	17
0.45	0.34	17
0.62	0.54	17
1.04	0.96	17
1.82	1.59	17
3.29	3.4	17
6.34	5.6	17
12.6	5.69	17
24.31	8.35	17
47.12	15.46	17
93.49	62.84	17
182.79	162.61	17
361.7	267.97	17
709.45	604.32	17
1364.46	1230.78	17
2560.38	2354.04	17
4560.07	4508.27	17
7583.27	7376.09	17
9973.64	10090.28	17
10924.32	10950.43	17
12684.06	12621.2	17
13930.8	13974.82	17
15030.0	14900.13	17
16114.58	15951.49	17
17089.24	17047.08	17
17939.9	18255.5	17
19130.96	18936.33	17
19970.98	19857.05	17
0.42	0.34	18
0.55	0.44	18
0.79	0.75	18
1.4	1.41	18
2.52	2.62	18
4.93	3.79	18
9.76	5.99	18
19.0	10.32	18
38.19	15.91	18
74.37	16.85	18
145.83	101.68	18
287.67	196.2	18
561.75	523.73	18
1075.49	979.2	18
2027.23	1986.78	18
3626.08	3545.0	18
5931.26	5911.51	18
7866.19	7903.06	18
8735.9	8740.5	18
10001.44	9945.54	18
11043.97	11030.61	18
12072.88	12079.2	18
13044.45	12988.72	18
13855.4	13903.2	18
14617.08	14783.24	18
15454.33	15433.94	18
16041.74	16015.65	18
0.51	0.42	18
0.6	0.65	18
0.91	0.84	18
1.85	1.8	18
3.29	3.13	18
6.07	5.83	18
11.65	8.07	18
22.92	6.6	18
46.38	9.28	18
88.4	12.89	18
176.52	27.41	18
334.91	43.43	18
656.44	77.1	18
1203.29	135.71	18
2038.89	265.68	18
3151.18	498.39	18
3774.38	868.96	18
4149.81	1324.8	18
4650.36	1706.37	18
5520.1	2358.71	18
6285.2	2933.15	18
7019.67	3531.61	18
7655.84	4169.37	18
8322.0	4816.89	18
8840.58	5479.63	18
9575.33	6090.07	18
10069.67	6740.18	18
