0.56	0.6	1
0.73	0.58	1
0.78	0.92	1
1.17	1.15	1
1.22	1.25	1
1.55	1.47	1
1.42	1.37	1
1.33	1.07	1
2.29	1.72	1
2.25	2.27	1
3.04	2.86	1
4.43	4.07	1
7.31	6.32	1
12.03	11.07	1
20.89	18.64	1
38.94	35.37	1
73.09	65.76	1
146.02	126.91	1
278.1	243.23	1
412.36	361.16	1
558.73	479.37	1
814.45	593.88	1
810.86	706.73	1
950.8	857.22	1
1091.73	939.43	1
1227.53	1060.92	1
0.6	0.7	1
0.72	0.83	1
1.14	1.08	1
1.27	1.56	1
1.6	1.72	1
1.47	1.75	1
1.94	1.77	1
2.69	1.86	1
3.16	3.1	1
3.85	4.38	1
8.88	7.97	1
14.84	13.78	1
28.13	27.55	1
46.89	53.37	1
91.56	104.82	1
209.8	205.4	1
417.57	411.91	1
833.58	821.25	1
1632.71	1591.88	1
2056.62	2366.97	1
3254.38	3187.19	1
4114.24	4045.48	1
4982.31	4886.43	1
4963.12	5725.29	1
6700.49	6575.98	1
7537.89	7389.08	1
0.58	0.62	1
0.72	0.73	1
0.94	0.82	1
1.01	1.27	1
1.42	1.24	1
1.6	1.09	1
1.43	1.18	1
1.46	1.55	1
2.26	1.78	1
2.39	2.24	1
3.49	2.87	1
6.19	4.13	1
11.14	6.27	1
19.79	10.13	1
39.05	19.64	1
70.22	35.2	1
116.21	64.94	1
285.92	127.51	1
422.49	245.68	1
590.94	378.43	1
767.52	479.32	1
987.23	615.39	1
1216.03	705.6	1
1306.92	822.82	1
1504.46	938.72	1
1686.75	1072.18	1
0.6	0.73	1
0.8	0.93	1
1.02	1.24	1
1.16	1.3	1
1.31	1.43	1
1.13	1.3	1
2.05	1.59	1
2.06	2.65	1
3.72	3.32	1
5.03	4.23	1
9.57	8.04	1
16.28	14.56	1
33.57	26.5	1
60.22	52.64	1
104.34	104.33	1
237.61	208.42	1
472.95	413.43	1
897.31	816.25	1
1761.96	1592.33	1
2686.27	2370.05	1
3531.35	3191.75	1
4430.35	4045.7	1
5385.18	4883.62	1
5261.84	5751.1	1
7188.39	6577.58	1
8081.69	7383.41	1
0.69	0.72	2
0.85	0.8	2
1.29	1.36	2
1.35	1.3	2
1.35	1.62	2
1.43	1.36	2
1.66	1.81	2
1.91	2.19	2
2.18	2.22	2
2.77	3.07	2
4.22	4.25	2
6.58	6.16	2
11.25	10.73	2
20.73	18.98	2
39.19	35.32	2
73.26	69.08	2
144.63	137.76	2
287.11	266.35	2
552.14	513.34	2
815.76	762.1	2
1182.73	1012.43	2
1337.86	1254.63	2
1602.65	1498.52	2
1860.77	1734.29	2
2102.05	1966.86	2
2363.09	2210.66	2
0.51	0.65	2
0.67	0.76	2
0.91	1.17	2
1.52	0.74	2
1.82	1.17	2
1.45	1.58	2
1.55	1.75	2
1.89	2.24	2
2.81	3.09	2
4.63	3.76	2
5.8	7.92	2
13.09	13.7	2
25.13	25.36	2
40.13	46.09	2
94.52	92.78	2
184.43	181.06	2
363.8	354.26	2
725.39	707.2	2
1400.73	1371.71	2
2076.72	2040.38	2
2758.12	2693.28	2
3426.21	3351.89	2
4097.73	3996.18	2
3997.14	4659.69	2
5427.93	5307.52	2
6107.91	5959.1	2
0.53	0.58	2
0.76	0.76	2
1.05	1.08	2
1.12	1.15	2
1.29	1.35	2
1.41	1.37	2
1.6	1.64	2
1.58	1.67	2
2.17	2.36	2
3.0	2.77	2
4.61	3.8	2
8.18	6.22	2
13.78	10.23	2
26.84	18.25	2
53.22	34.16	2
83.77	65.63	2
171.34	126.76	2
327.28	250.19	2
637.5	482.69	2
1011.6	709.41	2
1296.17	946.94	2
1576.63	1172.49	2
1842.34	1405.18	2
2147.2	1636.5	2
2494.04	1863.68	2
2812.36	2102.38	2
0.55	0.66	2
0.84	0.73	2
1.03	1.05	2
1.83	1.01	2
1.47	0.96	2
1.33	1.53	2
1.81	1.35	2
2.07	2.6	2
2.81	2.47	2
4.83	3.96	2
9.53	7.57	2
14.47	12.66	2
28.16	24.58	2
47.36	47.33	2
103.07	91.5	2
204.87	179.87	2
394.44	357.53	2
823.25	710.19	2
1523.78	1378.22	2
2289.08	2032.46	2
3000.39	2700.55	2
3752.24	3350.97	2
4483.82	3996.45	2
5193.19	4609.09	2
5834.06	5246.21	2
6548.46	5823.03	2
0.53	0.75	3
0.77	0.67	3
0.86	0.97	3
1.52	1.18	3
1.13	1.37	3
1.57	1.47	3
1.62	1.65	3
1.84	1.79	3
2.82	2.79	3
5.25	3.92	3
6.93	7.23	3
12.13	12.63	3
23.97	23.45	3
45.26	45.2	3
88.98	86.91	3
176.31	172.71	3
349.69	341.81	3
695.13	676.99	3
1343.07	1309.16	3
1987.03	1934.98	3
2631.69	2583.45	3
2728.23	3190.13	3
3918.6	3818.25	3
4754.65	4488.69	3
5412.19	5273.74	3
6071.16	5929.71	3
0.63	0.59	3
0.71	0.71	3
1.19	1.16	3
1.17	1.4	3
1.46	1.37	3
1.46	1.42	3
1.48	1.58	3
1.69	1.78	3
1.87	2.3	3
3.38	3.17	3
3.84	3.85	3
6.67	6.64	3
11.36	10.83	3
20.34	19.18	3
38.84	37.86	3
75.2	70.27	3
143.82	135.67	3
285.96	266.24	3
551.03	517.8	3
819.86	767.55	3
1087.02	1017.29	3
1355.97	1270.82	3
1671.47	1553.88	3
1928.51	1812.55	3
2204.85	2065.87	3
2702.36	2326.57	3
0.57	0.55	3
0.68	0.66	3
0.79	0.81	3
1.06	1.17	3
0.94	1.37	3
1.34	1.08	3
1.64	1.77	3
2.24	1.71	3
2.51	2.48	3
4.26	3.84	3
7.53	6.81	3
11.17	11.53	3
21.83	21.01	3
49.73	40.67	3
98.62	80.09	3
200.55	156.15	3
353.63	311.72	3
703.07	615.39	3
1120.58	1199.09	3
2030.15	1779.44	3
2642.71	2359.93	3
2796.25	2935.44	3
4047.12	3508.34	3
4608.25	4093.5	3
5376.26	4678.78	3
5970.65	5242.12	3
0.5	0.61	3
0.73	0.73	3
0.97	0.96	3
1.18	1.18	3
1.38	1.32	3
1.47	1.26	3
1.43	1.41	3
1.97	1.79	3
2.33	1.99	3
2.99	3.0	3
5.06	3.81	3
8.23	6.01	3
14.74	10.14	3
25.03	17.75	3
47.45	34.25	3
93.75	63.54	3
187.56	127.79	3
333.15	249.53	3
662.09	477.41	3
949.71	713.18	3
1256.28	942.9	3
1621.9	1172.84	3
1842.92	1408.51	3
2216.49	1634.54	3
2482.38	1892.68	3
2734.05	2091.8	3
0.66	0.74	4
0.9	0.85	4
0.93	0.99	4
1.22	1.41	4
1.33	1.73	4
1.52	1.38	4
1.72	2.23	4
2.34	2.3	4
3.03	2.78	4
4.65	4.9	4
8.39	7.77	4
14.88	14.85	4
25.16	28.71	4
54.32	54.6	4
110.23	105.83	4
215.81	211.96	4
428.34	419.84	4
849.56	833.17	4
1651.01	1621.97	4
2444.74	2401.92	4
3239.77	3168.76	4
4023.38	3942.3	4
4812.34	4726.57	4
5607.83	5521.84	4
6410.91	6282.12	4
7186.82	7038.65	4
0.62	0.62	4
0.76	0.78	4
1.07	0.78	4
1.14	1.34	4
1.42	1.06	4
1.19	1.35	4
1.4	1.62	4
1.44	1.53	4
1.85	1.89	4
2.32	2.75	4
3.02	2.93	4
4.29	4.18	4
6.76	6.78	4
11.4	10.07	4
21.06	18.75	4
38.93	35.77	4
73.94	64.72	4
144.49	127.75	4
280.19	244.07	4
410.32	362.25	4
546.15	479.6	4
677.11	596.96	4
809.67	712.72	4
947.53	825.56	4
1072.45	944.76	4
1204.73	1062.74	4
0.54	0.6	4
0.73	0.79	4
1.03	1.05	4
1.13	1.16	4
1.3	1.29	4
1.37	1.47	4
1.56	1.57	4
2.12	1.99	4
2.97	2.73	4
4.49	4.15	4
8.7	7.09	4
14.92	13.16	4
29.39	24.65	4
57.83	47.77	4
113.45	93.67	4
204.4	185.71	4
446.92	366.85	4
868.2	730.54	4
1603.46	1413.53	4
2376.48	2099.57	4
3083.07	2780.18	4
3217.38	3462.13	4
4573.89	4147.82	4
5349.87	4826.02	4
6145.56	5510.61	4
5742.59	6196.11	4
0.5	0.57	4
0.64	0.74	4
0.81	0.88	4
1.28	0.94	4
1.52	1.15	4
1.2	1.3	4
1.59	1.58	4
1.49	1.61	4
2.08	1.53	4
2.62	2.04	4
3.66	2.72	4
5.91	3.87	4
9.83	6.3	4
19.47	10.09	4
33.35	19.72	4
71.95	35.48	4
119.09	66.42	4
223.78	127.74	4
411.29	242.84	4
561.8	358.65	4
767.58	476.65	4
991.78	598.77	4
1217.28	708.9	4
1298.28	830.2	4
1478.86	972.72	4
1704.84	1052.95	4
0.42	0.45	5
0.56	0.52	5
0.82	0.9	5
1.37	1.43	5
1.69	2.69	5
3.6	5.35	5
3.99	9.93	5
3.9	19.37	5
5.1	36.86	5
6.12	70.61	5
10.35	134.22	5
18.22	238.48	5
34.62	399.46	5
64.25	609.99	5
121.46	758.36	5
218.48	867.22	5
377.35	1022.22	5
625.34	1308.84	5
871.46	1553.94	5
1120.54	1777.81	5
1368.57	2011.96	5
1579.18	2225.85	5
1793.83	2435.43	5
1968.19	2634.57	5
2157.57	2840.92	5
0.38	0.48	5
0.5	0.52	5
0.82	0.92	5
1.27	1.49	5
2.6	2.7	5
2.81	5.02	5
3.33	9.84	5
5.89	20.14	5
8.86	38.58	5
15.37	76.13	5
27.57	149.19	5
52.99	291.59	5
101.6	550.73	5
185.45	1007.8	5
324.71	1751.35	5
537.78	2541.91	5
801.55	2959.02	5
1203.42	3549.16	5
1592.41	4051.04	5
1976.95	4550.54	5
2352.67	4971.14	5
2757.33	5438.16	5
3134.94	5836.08	5
3546.42	6233.6	5
3909.22	6575.32	5
0.39	0.41	5
0.5	0.5	5
0.82	0.77	5
1.34	1.34	5
1.87	2.5	5
2.36	4.63	5
2.86	8.89	5
3.31	17.19	5
4.29	33.4	5
6.17	62.8	5
9.52	118.92	5
16.44	211.93	5
29.05	360.23	5
53.22	554.88	5
99.67	690.15	5
177.14	809.75	5
308.55	963.9	5
540.58	1211.52	5
760.69	1472.01	5
994.68	1716.96	5
1244.81	1939.5	5
1492.85	2171.49	5
1699.71	2362.06	5
1889.32	2568.11	5
2100.74	2766.58	5
0.43	0.43	5
0.61	0.57	5
0.89	0.91	5
1.18	1.39	5
1.83	2.66	5
2.88	4.82	5
3.74	9.98	5
5.02	19.94	5
8.21	39.41	5
16.69	75.83	5
27.62	149.71	5
52.77	291.73	5
100.31	549.55	5
178.81	1010.32	5
316.83	1741.92	5
508.17	2493.52	5
750.19	2941.46	5
1136.56	3543.67	5
1511.31	4034.86	5
1882.61	4473.13	5
2272.5	4976.9	5
2665.08	5370.95	5
3027.33	5812.27	5
3430.37	6190.67	5
3779.6	6507.68	5
0.42	0.46	6
0.59	0.59	6
0.86	0.81	6
1.34	1.5	6
1.78	2.67	6
2.45	5.23	6
3.66	9.98	6
5.31	19.88	6
9.91	39.34	6
14.72	76.91	6
28.85	151.01	6
52.71	293.2	6
101.12	556.82	6
188.03	1021.85	6
335.98	1764.03	6
556.61	2615.61	6
827.16	3075.6	6
1213.37	3550.02	6
1579.91	4042.74	6
1969.88	4526.08	6
2349.97	4893.58	6
2716.81	5282.66	6
3112.77	5811.14	6
3460.53	6159.14	6
3786.47	6491.61	6
0.41	0.51	6
0.58	0.58	6
0.89	1.01	6
1.47	1.48	6
2.48	3.01	6
1.96	5.37	6
2.67	10.29	6
3.23	20.68	6
5.47	39.26	6
7.95	77.3	6
10.85	141.01	6
18.95	258.96	6
35.13	425.05	6
67.6	658.8	6
126.93	823.06	6
223.82	947.24	6
385.56	1136.6	6
643.63	1439.35	6
881.94	1700.25	6
1107.32	1949.28	6
1336.45	2206.11	6
1570.75	2439.03	6
1804.6	2659.88	6
2035.95	2894.53	6
2282.18	3112.66	6
0.34	0.45	6
0.46	0.47	6
0.73	0.71	6
1.13	1.21	6
2.08	2.3	6
2.8	4.27	6
2.97	8.51	6
4.03	16.57	6
6.45	32.41	6
11.23	63.13	6
20.77	123.54	6
37.91	240.34	6
71.25	464.97	6
131.14	833.24	6
230.02	1471.76	6
389.69	2197.02	6
604.52	2595.71	6
956.16	3027.45	6
1299.7	3473.74	6
1632.67	3875.81	6
1974.36	4285.32	6
2298.24	4632.31	6
2643.84	4940.07	6
2971.62	5270.72	6
3276.73	5588.77	6
0.42	0.45	6
0.52	0.57	6
0.9	0.91	6
1.35	1.41	6
2.01	2.58	6
2.5	4.9	6
3.11	9.17	6
3.78	18.29	6
4.96	35.53	6
6.28	68.1	6
9.88	128.52	6
18.45	228.69	6
31.82	381.24	6
57.39	589.93	6
104.5	763.51	6
189.49	865.51	6
331.02	1046.79	6
565.97	1326.68	6
792.82	1584.15	6
1015.72	1842.12	6
1240.77	2069.09	6
1489.75	2351.36	6
1719.29	2596.05	6
1953.08	2824.61	6
2199.13	3027.39	6
0.4	0.47	7
0.52	0.55	7
0.91	0.81	7
1.38	1.48	7
2.58	2.64	7
2.53	5.01	7
3.05	9.58	7
2.85	18.7	7
4.98	36.14	7
6.71	69.1	7
11.05	130.93	7
18.95	231.58	7
34.05	380.84	7
63.98	597.96	7
119.76	771.6	7
217.14	870.61	7
377.34	1051.78	7
628.0	1318.65	7
870.37	1597.55	7
1087.27	1863.99	7
1316.95	2087.02	7
1534.89	2351.85	7
1790.0	2573.54	7
2024.65	2795.06	7
2271.08	3003.97	7
0.39	0.48	7
0.63	0.49	7
0.77	0.83	7
1.33	1.45	7
2.45	2.6	7
2.13	4.84	7
3.3	9.55	7
5.14	18.69	7
7.59	36.97	7
14.06	73.45	7
27.7	144.56	7
49.76	279.77	7
96.01	529.2	7
179.34	987.85	7
316.59	1682.5	7
532.28	2486.69	7
797.0	2925.97	7
1183.21	3409.93	7
1565.84	3899.21	7
1929.72	4310.31	7
2305.45	4706.0	7
2664.51	5049.61	7
3018.74	5440.49	7
3358.48	5757.51	7
3674.99	6097.6	7
0.39	0.39	7
0.51	0.52	7
0.73	0.73	7
1.25	1.37	7
1.91	2.43	7
1.8	4.62	7
3.65	8.79	7
3.59	17.13	7
4.22	32.77	7
6.74	63.89	7
9.57	116.93	7
15.83	211.29	7
28.87	353.98	7
54.18	539.79	7
97.94	703.34	7
177.66	804.06	7
309.55	996.75	7
544.91	1253.63	7
778.58	1507.73	7
999.09	1788.69	7
1219.35	2022.48	7
1450.84	2255.72	7
1701.46	2496.19	7
1928.01	2700.87	7
2158.22	2908.7	7
0.36	0.44	7
0.53	0.51	7
0.71	0.76	7
1.17	1.31	7
1.82	2.31	7
2.39	4.35	7
3.15	8.78	7
4.96	17.24	7
6.72	34.27	7
12.92	67.81	7
21.89	132.43	7
41.9	253.37	7
80.05	496.37	7
144.85	891.21	7
260.75	1554.79	7
429.11	2255.09	7
652.19	2658.16	7
996.6	3181.25	7
1354.48	3644.78	7
1691.36	3994.31	7
2044.51	4368.1	7
2396.75	4744.63	7
2761.72	5145.39	7
3084.73	5416.09	7
3414.31	5765.05	7
0.43	0.51	8
0.52	0.5	8
0.84	0.83	8
1.38	1.34	8
2.27	2.5	8
2.79	5.08	8
3.42	9.56	8
5.13	18.77	8
8.59	36.04	8
15.47	75.64	8
27.89	147.93	8
52.72	289.0	8
100.48	545.36	8
184.21	997.66	8
328.37	1737.08	8
549.11	2622.45	8
812.94	3016.62	8
1222.28	3618.02	8
1626.64	4130.61	8
2011.42	4609.36	8
2445.49	5237.35	8
2839.18	5684.49	8
3255.75	6141.04	8
3660.68	6543.42	8
4059.09	6882.17	8
0.42	0.51	8
0.59	0.56	8
0.82	0.76	8
1.32	1.52	8
2.05	2.89	8
2.45	5.23	8
2.48	10.61	8
4.8	20.12	8
4.41	39.41	8
7.5	75.79	8
10.65	142.12	8
21.0	258.37	8
35.38	423.63	8
69.49	633.94	8
120.55	819.6	8
226.12	928.25	8
383.21	1089.92	8
637.07	1383.54	8
884.5	1641.6	8
1121.82	1862.78	8
1352.22	2108.75	8
1573.25	2321.72	8
1769.34	2525.85	8
1982.61	2763.53	8
2181.83	2936.45	8
0.36	0.42	8
0.45	0.48	8
0.75	0.73	8
1.13	1.23	8
1.81	2.32	8
2.61	4.38	8
2.9	8.16	8
3.96	16.54	8
6.54	32.25	8
11.69	63.16	8
20.89	124.92	8
37.65	242.23	8
73.02	457.81	8
130.56	854.93	8
233.81	1496.56	8
396.93	2182.26	8
603.15	2588.98	8
973.69	3111.99	8
1323.96	3557.09	8
1663.57	3969.38	8
2039.11	4427.72	8
2378.29	4787.36	8
2766.59	5227.94	8
3123.7	5608.46	8
3482.36	5978.48	8
0.39	0.44	8
0.53	0.5	8
0.74	0.79	8
1.3	1.31	8
1.91	2.38	8
1.92	4.5	8
2.5	8.76	8
3.31	16.77	8
4.07	33.05	8
6.79	63.93	8
9.66	117.95	8
16.2	213.24	8
28.33	360.17	8
53.67	545.91	8
97.38	700.92	8
173.72	805.47	8
306.53	960.91	8
534.37	1226.0	8
768.52	1492.6	8
987.32	1731.1	8
1221.77	1954.36	8
1464.79	2162.5	8
1670.73	2400.07	8
1869.83	2567.25	8
2068.99	2799.21	8
0.33	0.29	9
0.29	0.32	9
0.33	0.31	9
0.3	0.34	9
0.32	0.33	9
0.37	0.37	9
0.41	0.45	9
0.45	0.41	9
0.49	0.48	9
0.6	0.61	9
0.61	0.63	9
0.85	0.86	9
1.11	1.08	9
1.81	1.7	9
2.84	2.53	9
4.78	4.67	9
7.93	7.83	9
14.7	14.36	9
27.54	25.0	9
49.37	46.16	9
95.47	89.4	9
187.08	170.77	9
274.35	256.41	9
361.31	334.99	9
445.98	417.79	9
530.98	494.22	9
620.68	576.03	9
710.25	653.63	9
802.65	736.87	9
0.28	0.32	9
0.3	0.32	9
0.33	0.28	9
0.31	0.33	9
0.3	0.35	9
0.32	0.36	9
0.39	0.39	9
0.42	0.39	9
0.6	0.48	9
0.7	0.7	9
1.01	1.06	9
2.03	1.7	9
3.36	3.27	9
6.91	6.56	9
12.87	12.85	9
26.11	26.54	9
52.54	53.9	9
105.94	107.68	9
211.69	216.44	9
417.21	427.13	9
828.18	843.79	9
1631.37	1661.41	9
2433.96	2477.27	9
3161.77	3225.59	9
3888.23	3959.83	9
4607.8	4702.58	9
5406.85	5527.09	9
6208.37	6332.42	9
7008.09	7135.84	9
0.25	0.24	9
0.22	0.25	9
0.24	0.26	9
0.27	0.27	9
0.27	0.3	9
0.28	0.25	9
0.29	0.31	9
0.3	0.33	9
0.4	0.37	9
0.53	0.46	9
0.66	0.63	9
0.97	0.78	9
1.42	1.01	9
2.3	1.65	9
3.3	2.48	9
6.19	4.68	9
9.61	7.41	9
19.48	14.29	9
38.41	24.22	9
67.54	46.82	9
166.81	90.29	9
257.62	171.8	9
370.15	251.72	9
471.95	333.14	9
674.99	417.08	9
703.48	497.32	9
803.06	578.01	9
895.5	654.41	9
1052.44	734.95	9
0.26	0.32	9
0.23	0.29	9
0.32	0.32	9
0.28	0.34	9
0.29	0.3	9
0.35	0.31	9
0.38	0.38	9
0.39	0.41	9
0.55	0.52	9
0.7	0.69	9
1.07	1.07	9
1.97	1.69	9
3.87	3.31	9
6.82	6.36	9
15.09	13.14	9
28.6	26.17	9
58.6	54.44	9
119.31	108.24	9
228.33	215.32	9
470.79	425.65	9
900.78	849.64	9
1832.28	1661.27	9
2637.09	2480.28	9
3468.79	3225.68	9
4163.38	3967.61	9
4934.45	4710.45	9
5848.05	5519.08	9
6644.27	6325.78	9
7519.9	7153.38	9
0.26	0.34	10
0.21	0.21	10
0.32	0.33	10
0.36	0.29	10
0.27	0.32	10
0.33	0.35	10
0.37	0.41	10
0.36	0.42	10
0.4	0.44	10
0.58	0.56	10
0.71	0.87	10
0.93	1.06	10
1.56	1.49	10
2.83	2.53	10
4.37	4.46	10
8.67	7.88	10
15.96	15.57	10
30.83	30.25	10
60.91	58.95	10
119.94	116.98	10
236.21	229.15	10
457.88	447.03	10
678.19	659.27	10
903.2	872.34	10
1124.05	1093.87	10
1342.16	1304.16	10
1560.72	1519.61	10
1784.49	1728.58	10
2009.07	1944.77	10
0.27	0.37	10
0.24	0.25	10
0.28	0.28	10
0.26	0.27	10
0.33	0.31	10
0.29	0.28	10
0.32	0.37	10
0.52	0.44	10
0.53	0.68	10
0.88	0.66	10
1.06	1.18	10
2.12	1.79	10
2.53	2.45	10
4.85	5.94	10
10.02	11.15	10
21.44	20.64	10
42.39	43.73	10
85.35	87.42	10
169.7	173.88	10
335.76	344.76	10
670.27	688.94	10
1300.07	1333.56	10
1911.56	1958.82	10
2519.91	2590.49	10
3132.92	3222.71	10
3727.06	3823.0	10
4322.12	4439.99	10
4933.15	5054.98	10
5533.22	5665.87	10
0.24	0.26	10
0.25	0.26	10
0.25	0.24	10
0.23	0.26	10
0.27	0.24	10
0.32	0.27	10
0.32	0.32	10
0.35	0.35	10
0.38	0.39	10
0.52	0.5	10
0.66	0.57	10
1.0	0.95	10
1.74	1.39	10
2.84	2.42	10
4.79	4.17	10
9.71	8.2	10
19.37	14.94	10
39.83	28.76	10
72.23	55.25	10
144.76	107.26	10
263.73	211.03	10
470.17	407.8	10
707.8	608.43	10
961.05	804.3	10
1141.14	998.01	10
1404.16	1199.4	10
1584.05	1392.63	10
1820.51	1589.6	10
2071.92	1789.12	10
0.25	0.3	10
0.28	0.23	10
0.25	0.31	10
0.27	0.29	10
0.27	0.27	10
0.29	0.27	10
0.34	0.32	10
0.42	0.45	10
0.56	0.43	10
0.8	0.74	10
1.35	1.07	10
2.29	1.49	10
3.12	2.72	10
6.69	4.93	10
10.85	10.56	10
24.3	21.5	10
49.51	42.89	10
97.86	87.31	10
194.04	172.83	10
363.92	342.2	10
741.89	681.39	10
1492.06	1329.17	10
2063.41	1954.9	10
2739.71	2578.1	10
3480.31	3193.4	10
4079.39	3791.89	10
4610.34	4370.58	10
5297.79	4949.92	10
5835.94	5505.88	10
0.27	0.36	11
0.28	0.31	11
0.26	0.27	11
0.34	0.34	11
0.25	0.32	11
0.31	0.32	11
0.31	0.27	11
0.43	0.38	11
0.54	0.53	11
0.55	0.66	11
0.93	1.07	11
1.62	1.49	11
3.28	2.79	11
6.08	5.27	11
9.75	10.91	11
19.59	21.6	11
43.44	44.66	11
84.43	86.25	11
165.43	169.73	11
328.22	337.64	11
657.99	672.55	11
1274.52	1316.1	11
1896.02	1941.73	11
2512.77	2579.38	11
3132.58	3213.85	11
3747.35	3839.7	11
4360.21	4469.53	11
4980.69	5101.43	11
5583.05	5721.18	11
0.26	0.33	11
0.27	0.24	11
0.29	0.31	11
0.28	0.33	11
0.34	0.29	11
0.36	0.29	11
0.31	0.36	11
0.4	0.36	11
0.45	0.31	11
0.53	0.46	11
0.72	0.66	11
1.07	1.06	11
1.51	1.69	11
2.86	2.63	11
4.19	4.2	11
8.42	8.44	11
16.06	15.37	11
31.17	30.23	11
60.22	58.82	11
116.52	114.03	11
234.3	227.52	11
459.56	439.46	11
674.43	656.85	11
888.76	865.09	11
1104.4	1069.68	11
1316.61	1270.92	11
1516.28	1476.08	11
1734.59	1688.53	11
1949.73	1887.03	11
0.23	0.28	11
0.27	0.24	11
0.22	0.24	11
0.25	0.23	11
0.24	0.25	11
0.27	0.29	11
0.31	0.31	11
0.32	0.33	11
0.52	0.4	11
0.67	0.62	11
0.93	0.93	11
1.78	1.59	11
3.16	2.56	11
4.5	5.15	11
8.14	8.7	11
18.44	17.71	11
41.94	37.64	11
81.91	76.31	11
169.03	149.41	11
336.78	298.69	11
667.17	591.38	11
1244.15	1152.07	11
1830.06	1714.9	11
2474.27	2272.11	11
3000.62	2828.0	11
3660.11	3390.4	11
4186.92	3955.92	11
4828.16	4506.95	11
5424.63	5057.66	11
0.23	0.33	11
0.22	0.28	11
0.28	0.25	11
0.29	0.25	11
0.26	0.3	11
0.27	0.32	11
0.35	0.36	11
0.34	0.38	11
0.34	0.42	11
0.57	0.47	11
0.78	0.6	11
1.19	1.08	11
1.71	1.52	11
3.17	2.73	11
5.0	4.46	11
9.59	8.86	11
18.48	15.64	11
35.9	29.33	11
66.0	56.93	11
139.67	110.05	11
251.29	220.18	11
500.84	431.03	11
746.7	650.48	11
957.35	839.18	11
1236.08	1044.56	11
1434.13	1246.98	11
1666.92	1445.74	11
1885.04	1649.26	11
2125.19	1849.14	11
0.23	0.27	12
0.27	0.32	12
0.24	0.24	12
0.28	0.25	12
0.27	0.3	12
0.28	0.3	12
0.31	0.29	12
0.39	0.38	12
0.43	0.48	12
0.7	0.71	12
0.9	0.98	12
1.77	1.96	12
3.42	2.76	12
6.36	5.89	12
11.88	11.76	12
23.92	24.89	12
49.19	50.79	12
97.25	99.64	12
194.34	198.02	12
385.57	395.68	12
770.8	787.31	12
1501.44	1534.68	12
2221.67	2269.39	12
2944.78	3008.48	12
3669.0	3748.16	12
4394.44	4481.38	12
5114.22	5219.91	12
5835.19	5962.59	12
6560.95	6718.55	12
0.25	0.3	12
0.27	0.27	12
0.33	0.24	12
0.24	0.31	12
0.25	0.27	12
0.33	0.39	12
0.33	0.41	12
0.4	0.33	12
0.47	0.46	12
0.52	0.57	12
0.62	0.6	12
0.8	0.75	12
1.09	1.03	12
1.71	1.62	12
2.68	2.48	12
4.64	4.44	12
8.13	7.92	12
14.66	13.6	12
26.68	25.99	12
49.77	46.76	12
95.8	89.05	12
185.89	169.59	12
274.21	251.39	12
356.95	331.52	12
444.57	417.21	12
532.47	496.12	12
619.32	571.27	12
710.75	653.08	12
800.87	733.97	12
0.23	0.23	12
0.22	0.24	12
0.27	0.25	12
0.25	0.25	12
0.24	0.22	12
0.25	0.26	12
0.31	0.27	12
0.37	0.32	12
0.39	0.4	12
0.64	0.6	12
0.96	0.97	12
1.58	1.56	12
3.12	2.47	12
5.74	4.95	12
11.99	10.22	12
24.99	21.41	12
49.52	44.21	12
98.61	87.02	12
203.11	181.18	12
390.39	361.91	12
772.28	720.24	12
1529.62	1401.68	12
2231.06	2072.23	12
2914.88	2744.54	12
3702.61	3423.94	12
4300.87	4091.8	12
5006.47	4764.24	12
5767.49	5437.77	12
6439.36	6111.8	12
0.26	0.31	12
0.27	0.3	12
0.22	0.28	12
0.25	0.32	12
0.24	0.31	12
0.23	0.33	12
0.41	0.33	12
0.41	0.36	12
0.49	0.41	12
0.61	0.57	12
0.65	0.54	12
0.94	0.82	12
1.47	1.04	12
2.12	1.68	12
3.39	2.41	12
6.02	4.3	12
10.35	7.5	12
19.99	13.46	12
37.45	24.78	12
67.07	45.85	12
121.4	88.24	12
301.29	177.62	12
399.87	255.04	12
489.36	334.9	12
606.91	411.88	12
657.98	489.86	12
782.56	573.57	12
939.22	652.33	12
1064.15	733.42	12
0.28	0.33	13
0.32	0.33	13
0.51	0.49	13
0.68	0.62	13
1.07	1.1	13
1.99	2.09	13
2.96	3.77	13
3.17	7.17	13
4.39	14.21	13
6.72	28.02	13
8.66	53.42	13
15.4	99.78	13
24.57	186.47	13
43.17	308.13	13
68.91	469.09	13
109.92	605.3	13
144.61	663.85	13
195.66	742.4	13
307.98	885.85	13
515.55	1202.28	13
733.5	1520.84	13
949.36	1805.08	13
1168.5	2128.97	13
1379.42	2492.49	13
1583.97	2739.1	13
1779.48	2921.14	13
1935.16	3086.0	13
0.24	0.37	13
0.34	0.32	13
0.41	0.44	13
0.61	0.63	13
1.06	1.09	13
1.98	1.93	13
2.77	3.69	13
4.1	7.12	13
5.51	13.97	13
4.75	27.88	13
9.28	52.95	13
16.2	101.46	13
27.43	187.4	13
47.36	328.56	13
82.54	536.25	13
126.09	723.16	13
186.41	857.23	13
282.04	1004.76	13
472.69	1386.38	13
879.12	2045.06	13
1277.39	2702.61	13
1642.26	3469.11	13
2022.37	4151.81	13
2370.57	4875.11	13
2721.21	5470.98	13
3049.19	6006.65	13
3379.99	6450.99	13
0.27	0.29	13
0.32	0.28	13
0.43	0.39	13
0.62	0.62	13
0.96	1.0	13
1.76	1.7	13
2.62	3.28	13
4.46	6.32	13
3.31	12.37	13
3.39	24.38	13
7.72	46.45	13
11.05	89.51	13
21.34	157.51	13
32.4	274.01	13
55.04	430.25	13
85.47	524.01	13
114.74	595.82	13
168.34	673.32	13
262.91	827.92	13
468.78	1101.98	13
649.27	1389.09	13
862.1	1676.43	13
1066.45	1968.85	13
1260.0	2256.78	13
1457.48	2499.81	13
1657.88	2723.32	13
1816.29	2895.52	13
0.26	0.34	13
0.31	0.3	13
0.39	0.38	13
0.58	0.59	13
1.01	1.01	13
1.42	1.77	13
2.23	3.33	13
3.63	6.24	13
3.66	12.27	13
5.28	24.23	13
7.95	46.22	13
12.57	88.36	13
22.37	164.81	13
37.75	286.85	13
62.73	468.83	13
101.51	640.72	13
152.92	773.29	13
243.79	921.19	13
416.62	1256.43	13
801.13	1842.24	13
1170.05	2483.07	13
1491.86	3136.48	13
1806.55	3772.06	13
2150.5	4416.22	13
2446.52	4951.7	13
2780.23	5502.03	13
3051.77	5892.99	13
0.3	0.4	14
0.34	0.29	14
0.45	0.49	14
0.7	0.7	14
1.13	1.23	14
2.23	2.09	14
2.59	3.96	14
3.71	8.07	14
4.7	15.18	14
6.76	29.77	14
10.16	59.53	14
15.55	111.15	14
28.25	204.04	14
48.93	358.81	14
80.79	554.18	14
129.53	789.87	14
181.49	874.17	14
274.74	1025.93	14
440.53	1328.2	14
774.5	1785.01	14
1113.58	2237.17	14
1443.85	2763.55	14
1778.43	3298.08	14
2109.93	3777.5	14
2467.05	4140.46	14
2787.05	4440.73	14
3071.93	4783.75	14
0.31	0.35	14
0.37	0.32	14
0.48	0.47	14
0.67	0.69	14
1.16	1.21	14
1.82	2.2	14
2.84	4.1	14
3.87	7.73	14
4.35	16.14	14
6.29	31.25	14
9.54	58.99	14
14.11	112.05	14
25.86	202.39	14
43.55	333.95	14
74.0	518.99	14
112.89	676.8	14
153.66	770.53	14
211.55	904.58	14
324.58	1156.91	14
592.86	1619.74	14
864.6	2137.59	14
1104.98	2620.89	14
1317.05	3180.9	14
1530.37	3635.57	14
1743.73	4116.12	14
1951.19	4460.33	14
2128.76	4733.15	14
0.29	0.32	14
0.28	0.32	14
0.41	0.38	14
0.57	0.57	14
0.94	0.98	14
1.68	1.67	14
2.49	3.27	14
3.1	6.31	14
3.16	12.14	14
5.22	23.3	14
8.22	44.71	14
11.77	87.0	14
21.78	156.93	14
36.57	260.89	14
60.29	436.45	14
96.22	617.09	14
142.99	682.56	14
219.9	830.07	14
367.28	1038.5	14
660.1	1467.85	14
952.22	1923.98	14
1256.02	2300.21	14
1558.99	2756.74	14
1881.61	3214.42	14
2173.67	3573.85	14
2436.88	3862.79	14
2727.16	4117.11	14
0.27	0.32	14
0.29	0.33	14
0.41	0.49	14
0.73	0.62	14
1.11	1.13	14
2.16	2.06	14
3.94	4.18	14
5.06	7.82	14
3.97	14.87	14
6.31	29.45	14
9.5	57.16	14
16.29	105.22	14
23.99	187.62	14
41.67	321.22	14
69.27	504.47	14
103.02	656.9	14
135.78	732.97	14
199.58	851.83	14
313.74	1111.35	14
589.67	1564.67	14
844.28	2082.18	14
1053.93	2539.73	14
1254.09	3098.4	14
1441.66	3541.14	14
1627.44	3998.02	14
1799.18	4328.36	14
1981.09	4630.25	14
0.33	0.37	15
0.3	0.36	15
0.41	0.45	15
0.63	0.62	15
1.01	1.17	15
1.92	2.0	15
3.21	3.62	15
4.42	7.04	15
3.73	13.87	15
4.42	26.5	15
7.69	52.4	15
14.18	99.94	15
25.39	183.72	15
41.07	298.55	15
68.34	469.19	15
108.49	606.95	15
145.1	696.61	15
203.23	814.86	15
312.61	1044.18	15
568.06	1491.01	15
824.97	1994.24	15
1036.71	2433.81	15
1260.62	2870.38	15
1470.94	3336.86	15
1699.06	3742.1	15
1869.49	4107.15	15
2059.03	4394.92	15
0.26	0.37	15
0.32	0.34	15
0.39	0.45	15
0.65	0.69	15
1.09	1.12	15
1.98	1.97	15
3.66	3.69	15
4.15	7.18	15
4.96	13.76	15
6.46	26.67	15
10.72	51.78	15
14.41	99.6	15
25.35	184.03	15
46.94	314.06	15
76.91	504.88	15
122.9	703.81	15
178.35	780.42	15
260.08	897.93	15
435.25	1151.38	15
761.78	1607.77	15
1097.75	2118.75	15
1453.63	2579.03	15
1771.69	3053.38	15
2107.43	3511.15	15
2462.21	3901.36	15
2763.66	4208.95	15
3065.45	4524.13	15
0.26	0.28	15
0.27	0.3	15
0.37	0.42	15
0.57	0.59	15
0.92	1.0	15
1.66	1.69	15
2.64	3.27	15
2.34	6.38	15
3.29	12.0	15
3.94	23.68	15
7.48	46.14	15
10.84	86.43	15
18.31	159.22	15
32.24	265.46	15
54.42	410.48	15
83.49	515.55	15
117.16	629.38	15
169.08	707.55	15
273.34	933.75	15
514.14	1351.17	15
740.55	1812.69	15
938.55	2220.49	15
1143.41	2668.38	15
1357.07	3073.87	15
1504.74	3475.76	15
1697.08	3762.31	15
1865.25	4019.58	15
0.28	0.3	15
0.3	0.3	15
0.38	0.39	15
0.57	0.59	15
0.92	1.01	15
1.68	1.7	15
2.04	3.17	15
1.89	6.2	15
2.5	12.03	15
5.31	23.58	15
7.01	45.58	15
13.43	85.04	15
22.58	155.64	15
35.39	275.19	15
61.59	445.51	15
95.11	607.9	15
143.55	695.93	15
216.45	814.61	15
381.95	1044.75	15
670.81	1492.26	15
966.14	1899.25	15
1266.92	2328.84	15
1574.57	2787.28	15
1878.23	3179.3	15
2177.49	3601.76	15
2447.37	3904.3	15
2725.57	4111.49	15
0.28	0.27	16
0.29	0.3	16
0.37	0.46	16
0.67	0.67	16
1.14	1.07	16
1.92	1.89	16
3.3	3.85	16
3.65	7.34	16
4.54	14.2	16
4.71	27.24	16
9.05	54.62	16
15.2	103.32	16
28.04	187.55	16
48.2	320.86	16
79.9	523.63	16
127.07	726.2	16
182.79	856.13	16
275.02	998.11	16
454.71	1345.08	16
836.65	1967.99	16
1199.28	2584.29	16
1564.76	3207.64	16
1900.57	3828.64	16
2254.52	4460.47	16
2591.57	5004.94	16
2908.99	5497.45	16
3201.28	5935.14	16
0.27	0.34	16
0.29	0.32	16
0.45	0.45	16
0.63	0.64	16
1.09	1.08	16
1.99	2.19	16
3.82	3.83	16
4.46	6.99	16
3.84	14.35	16
6.03	28.21	16
9.16	54.24	16
13.83	101.92	16
25.07	182.1	16
43.89	311.03	16
72.82	480.4	16
109.07	605.38	16
148.52	677.26	16
206.48	746.36	16
310.56	922.89	16
516.93	1238.12	16
738.64	1499.81	16
947.34	1792.23	16
1173.43	2134.31	16
1376.85	2425.88	16
1602.06	2656.13	16
1780.9	2866.05	16
1983.25	2994.3	16
0.26	0.28	16
0.28	0.32	16
0.4	0.4	16
0.58	0.62	16
0.96	0.93	16
1.65	1.69	16
3.19	3.24	16
3.41	6.12	16
4.05	12.01	16
4.7	23.53	16
7.02	45.78	16
12.53	87.48	16
21.57	163.67	16
37.0	275.26	16
59.41	455.38	16
96.58	634.45	16
140.15	728.82	16
224.68	880.01	16
385.07	1162.52	16
719.3	1715.5	16
1054.06	2261.6	16
1369.56	2822.58	16
1661.73	3395.2	16
1959.73	3984.79	16
2243.2	4458.59	16
2573.89	4892.37	16
2800.13	5292.8	16
0.25	0.31	16
0.32	0.31	16
0.49	0.36	16
0.63	0.65	16
1.19	1.09	16
1.78	2.03	16
3.05	3.7	16
2.63	7.18	16
5.62	13.38	16
4.79	26.88	16
8.06	51.66	16
12.95	96.69	16
21.99	179.56	16
37.49	300.84	16
62.86	454.32	16
96.94	570.97	16
132.36	637.6	16
178.74	723.15	16
283.83	868.96	16
474.12	1210.68	16
689.58	1490.59	16
885.64	1786.98	16
1090.07	2119.2	16
1296.4	2440.71	16
1516.28	2635.77	16
1671.88	2855.88	16
1854.34	2987.14	16
0.42	0.45	17
0.59	0.68	17
1.02	1.13	17
2.02	1.96	17
3.44	3.34	17
5.37	6.02	17
9.24	11.86	17
7.73	23.87	17
9.86	46.07	17
12.67	93.04	17
24.92	179.19	17
44.62	344.54	17
78.87	649.08	17
148.2	1194.42	17
269.43	2030.53	17
493.7	3036.65	17
866.18	3626.32	17
1337.05	3929.57	17
1781.01	4421.59	17
2481.4	5238.28	17
3144.14	5933.83	17
3782.44	6551.19	17
4346.62	7211.48	17
4852.23	7766.05	17
5326.71	8307.07	17
5771.09	8840.66	17
6207.41	9334.14	17
0.51	0.44	17
0.55	0.59	17
0.98	0.97	17
1.91	1.66	17
3.38	3.36	17
6.54	6.51	17
5.26	12.8	17
11.97	25.4	17
15.51	49.29	17
22.58	97.49	17
40.42	194.08	17
70.16	382.23	17
131.93	745.49	17
255.79	1434.95	17
467.37	2679.81	17
840.68	4816.22	17
1433.0	8000.33	17
2143.11	10640.36	17
2715.83	11575.94	17
3641.26	13155.16	17
4386.85	14350.59	17
5156.64	15552.03	17
6038.63	16593.61	17
6935.01	17680.7	17
7844.75	18594.24	17
8817.84	19513.69	17
9637.58	20206.39	17
0.34	0.43	17
0.51	0.54	17
0.88	0.87	17
1.41	1.38	17
2.46	2.66	17
5.01	5.17	17
8.81	10.24	17
10.26	19.42	17
14.68	38.55	17
13.93	77.36	17
19.05	145.28	17
34.3	284.84	17
58.22	528.69	17
107.28	967.35	17
216.05	1681.09	17
383.61	2520.45	17
669.58	2994.81	17
1033.47	3376.14	17
1406.34	3810.08	17
2016.94	4589.86	17
2677.52	5255.02	17
3360.97	5878.36	17
3948.97	6518.48	17
4488.11	7079.46	17
5028.98	7659.35	17
5496.28	8177.07	17
5894.22	8659.76	17
0.39	0.45	17
0.65	0.62	17
1.07	1.04	17
1.59	1.82	17
3.09	3.29	17
6.16	6.34	17
7.3	12.6	17
11.86	24.31	17
12.48	47.12	17
25.33	93.49	17
37.77	182.79	17
68.56	361.7	17
128.87	709.45	17
235.0	1364.46	17
446.98	2560.38	17
792.78	4560.07	17
1338.98	7583.27	17
1967.31	9973.64	17
2479.05	10924.32	17
3385.72	12684.06	17
4145.37	13930.8	17
4899.73	15030.0	17
5725.52	16114.58	17
6607.76	17089.24	17
7597.95	17939.9	17
8594.58	19130.96	17
9488.92	19970.98	17
0.38	0.53	18
0.69	0.69	18
0.97	1.12	18
2.08	1.8	18
2.87	3.61	18
5.08	6.96	18
11.19	13.76	18
13.72	27.1	18
20.81	53.99	18
19.15	106.66	18
42.71	211.58	18
76.15	417.57	18
146.21	819.51	18
267.03	1573.12	18
499.64	2977.82	18
899.95	5354.21	18
1517.17	8806.73	18
2268.65	11767.77	18
2924.22	12770.95	18
3793.15	14233.44	18
4606.71	15585.98	18
5654.82	16857.74	18
6704.43	17951.96	18
7616.77	19007.42	18
8344.29	19774.82	18
9007.68	20685.05	18
9616.85	21249.15	18
0.43	0.53	18
0.55	0.67	18
1.03	1.08	18
1.74	1.87	18
3.47	3.53	18
4.57	6.45	18
11.9	13.07	18
10.03	25.35	18
17.14	50.12	18
19.41	101.03	18
29.27	197.41	18
45.85	377.28	18
83.77	714.82	18
156.91	1301.45	18
284.9	2221.75	18
524.89	3287.47	18
915.7	3944.0	18
1402.86	4322.96	18
1848.61	4885.91	18
2553.2	5736.8	18
3076.09	6588.34	18
3640.09	7277.97	18
4215.18	7977.65	18
4826.41	8668.34	18
5430.57	9158.58	18
6078.03	9918.7	18
6705.64	10410.25	18
0.39	0.42	18
0.5	0.55	18
0.83	0.79	18
1.31	1.4	18
2.48	2.52	18
4.14	4.93	18
9.5	9.76	18
8.19	19.0	18
7.77	38.19	18
15.29	74.37	18
30.49	145.83	18
49.69	287.67	18
94.61	561.75	18
169.13	1075.49	18
321.0	2027.23	18
563.01	3626.08	18
949.75	5931.26	18
1448.71	7866.19	18
1926.1	8735.9	18
2654.45	10001.44	18
3369.39	11043.97	18
4271.23	12072.88	18
5144.3	13044.45	18
5945.29	13855.4	18
6643.87	14617.08	18
7292.31	15454.33	18
7843.11	16041.74	18
0.47	0.53	18
0.57	0.56	18
1.0	0.92	18
1.77	1.88	18
3.24	3.39	18
6.25	6.26	18
7.95	12.02	18
6.24	23.37	18
12.41	47.05	18
21.5	90.71	18
28.26	180.22	18
44.06	343.77	18
79.76	668.3	18
148.91	1229.01	18
267.61	2079.4	18
504.91	3200.27	18
880.14	3839.33	18
1339.77	4212.27	18
1729.1	4727.89	18
2383.9	5592.09	18
2944.53	6398.27	18
3504.47	7087.56	18
4087.69	7748.83	18
4663.96	8411.34	18
5333.58	8918.28	18
5952.37	9673.3	18
6677.86	10187.62	18
0.46	0.49	19
0.63	0.61	19
1.04	0.97	19
1.74	1.79	19
3.26	3.23	19
6.41	6.08	19
7.02	11.91	19
7.89	24.34	19
13.48	47.98	19
14.49	92.85	19
29.25	183.0	19
39.8	353.26	19
85.84	683.1	19
152.76	1243.86	19
276.52	2121.43	19
508.6	3133.6	19
898.39	3771.6	19
1363.1	4128.66	19
1804.62	4699.85	19
2510.47	5588.96	19
3042.53	6333.06	19
3584.26	7040.89	19
4167.15	7796.81	19
4772.45	8421.19	19
5362.99	9012.14	19
5993.77	9663.43	19
6619.97	10114.35	19
0.42	0.5	19
0.67	0.61	19
0.9	1.12	19
1.94	1.86	19
2.96	3.39	19
5.82	6.51	19
13.08	13.15	19
12.79	26.43	19
17.19	50.87	19
26.28	101.79	19
39.76	202.58	19
79.16	397.14	19
139.49	780.96	19
268.04	1505.93	19
481.34	2830.08	19
860.33	5072.43	19
1464.01	8330.29	19
2198.75	11058.14	19
2834.9	12188.14	19
3725.5	13771.87	19
4545.45	15095.06	19
5608.07	16383.96	19
6706.21	17568.71	19
7628.31	18557.12	19
8383.29	19428.07	19
9050.29	20152.65	19
9633.79	20774.95	19
0.36	0.4	19
0.55	0.58	19
0.77	0.83	19
1.45	1.52	19
2.76	2.63	19
4.26	4.98	19
8.55	9.89	19
10.67	19.38	19
12.65	38.8	19
19.89	75.44	19
22.16	148.56	19
36.27	292.89	19
66.8	552.94	19
123.58	997.84	19
220.36	1677.83	19
395.7	2513.44	19
674.21	3023.09	19
1033.55	3379.79	19
1424.43	3921.89	19
2070.84	4709.32	19
2613.17	5424.7	19
3158.37	6046.62	19
3692.34	6781.61	19
4276.98	7374.8	19
4862.43	7975.49	19
5514.31	8617.44	19
6122.56	9052.48	19
0.44	0.49	19
0.58	0.6	19
0.86	0.91	19
1.8	1.79	19
2.8	2.98	19
6.15	5.93	19
8.89	11.97	19
13.27	23.34	19
14.75	47.32	19
26.33	92.41	19
43.67	184.47	19
71.36	365.48	19
125.65	702.58	19
241.11	1359.54	19
436.89	2540.14	19
783.18	4549.15	19
1306.97	7427.32	19
1934.47	9841.71	19
2471.21	10883.59	19
3245.89	12145.44	19
3993.57	13345.97	19
4971.7	14454.59	19
6056.72	15668.12	19
6926.45	16613.58	19
7675.72	17363.27	19
8315.1	18143.73	19
8889.04	18687.75	19
0.45	0.52	20
0.68	0.72	20
1.13	1.18	20
2.04	2.01	20
3.81	3.8	20
6.12	7.08	20
10.88	14.27	20
10.81	28.7	20
19.97	56.58	20
25.58	111.04	20
43.01	219.39	20
75.58	433.86	20
144.55	849.67	20
272.41	1631.8	20
503.71	3024.78	20
896.33	5501.18	20
1525.31	8920.67	20
2292.27	11945.92	20
2911.93	13010.14	20
3846.57	14644.14	20
4672.44	16209.32	20
5517.21	17141.3	20
6453.09	18658.95	20
7476.23	19801.87	20
8517.72	20862.99	20
9585.24	21771.2	20
10631.86	22449.1	20
0.51	0.48	20
0.63	0.8	20
1.0	1.1	20
2.17	2.05	20
2.82	3.72	20
7.29	6.77	20
10.55	13.35	20
12.97	26.89	20
11.28	52.43	20
20.15	104.1	20
31.38	203.81	20
50.11	390.47	20
82.1	733.15	20
161.37	1324.59	20
293.8	2252.49	20
536.37	3352.5	20
928.49	3973.09	20
1427.15	4346.26	20
1889.32	4889.61	20
2571.14	5718.79	20
3287.64	6455.84	20
3870.66	7096.43	20
4455.48	7724.58	20
4974.58	8350.69	20
5467.91	8859.46	20
5876.43	9391.47	20
6289.22	9842.94	20
0.37	0.37	20
0.53	0.49	20
0.91	0.94	20
1.65	1.46	20
2.42	2.99	20
4.31	5.39	20
6.47	10.6	20
13.04	20.77	20
14.17	41.0	20
24.97	83.57	20
36.33	164.17	20
62.49	321.97	20
114.02	639.86	20
210.25	1216.52	20
388.59	2266.2	20
693.46	4029.09	20
1147.88	6603.62	20
1708.78	8851.31	20
2175.64	9772.45	20
2947.15	10899.68	20
3647.06	12083.81	20
4355.09	12932.73	20
5305.7	14580.38	20
6185.25	15512.94	20
7085.21	16381.68	20
8059.76	17059.13	20
8985.54	17811.33	20
0.4	0.49	20
0.65	0.61	20
1.01	0.93	20
1.8	1.8	20
3.38	3.37	20
5.5	6.1	20
8.96	12.07	20
8.47	23.75	20
13.99	47.67	20
18.31	94.11	20
24.13	179.84	20
40.59	349.15	20
81.28	649.32	20
145.14	1190.94	20
266.72	1982.15	20
482.97	2970.22	20
827.31	3518.18	20
1257.91	3863.79	20
1648.56	4388.35	20
2270.06	5171.05	20
2908.17	5842.22	20
3536.06	6462.0	20
4120.59	7133.33	20
4740.17	7736.28	20
5246.98	8254.57	20
5665.45	8774.68	20
6104.11	9293.95	20
0.79	0.98	21
0.99	0.87	21
1.63	1.24	21
1.31	1.75	21
1.47	1.14	21
2.09	1.58	21
2.13	2.33	21
2.55	2.83	21
2.53	2.31	21
3.19	3.41	21
4.9	4.88	21
7.31	7.42	21
14.8	11.6	21
22.96	20.95	21
42.28	37.81	21
80.39	70.84	21
155.38	137.66	21
304.43	265.97	21
446.05	391.53	21
588.55	517.8	21
733.43	657.55	21
880.6	765.41	21
1019.81	888.85	21
1168.52	1023.23	21
1301.56	1141.28	21
1.23	1.1	21
1.51	1.38	21
1.86	2.08	21
2.04	2.05	21
2.47	2.43	21
2.76	2.77	21
3.24	3.65	21
4.88	4.32	21
5.68	6.77	21
10.37	11.14	21
18.33	20.46	21
40.08	37.37	21
75.66	75.35	21
150.14	148.42	21
296.6	292.92	21
493.86	583.58	21
1176.26	1159.66	21
1912.89	2251.72	21
3391.38	3338.6	21
4494.47	4431.03	21
4689.16	5508.15	21
6706.28	6605.52	21
7816.7	7688.68	21
7459.42	8784.88	21
10012.44	9856.51	21
0.72	0.82	21
0.77	0.72	21
1.24	1.1	21
1.41	1.17	21
1.96	1.66	21
1.47	1.6	21
1.94	1.88	21
2.4	2.19	21
2.84	2.53	21
4.3	3.22	21
6.36	4.57	21
9.99	6.86	21
19.4	11.78	21
37.23	20.14	21
68.49	37.76	21
114.94	69.6	21
229.97	137.86	21
443.29	265.87	21
681.5	393.14	21
885.37	513.77	21
1097.89	644.96	21
1291.37	764.48	21
1541.79	898.61	21
1693.6	1041.96	21
1880.67	1147.64	21
0.79	1.06	21
1.28	1.44	21
1.79	1.69	21
2.28	2.4	21
2.19	2.58	21
2.29	2.35	21
3.14	2.6	21
4.33	3.85	21
7.46	6.57	21
11.18	11.4	21
21.59	20.84	21
41.33	37.1	21
81.32	71.14	21
166.55	144.98	21
256.05	284.62	21
509.23	563.27	21
1261.43	1119.34	21
2402.47	2175.85	21
3586.51	3223.44	21
4694.92	4278.95	21
5812.6	5316.69	21
6923.64	6374.64	21
8072.84	7436.78	21
9230.96	8483.89	21
10391.79	9524.07	21
0.98	1.24	22
1.46	1.44	22
1.93	1.56	22
1.65	1.96	22
1.94	2.25	22
2.38	2.59	22
2.63	2.54	22
2.82	2.61	22
3.59	3.77	22
4.75	5.0	22
7.4	7.02	22
12.68	12.32	22
22.96	21.14	22
41.13	38.81	22
83.9	74.97	22
163.84	142.39	22
298.89	281.83	22
576.09	541.62	22
853.45	803.78	22
1232.7	1074.99	22
1419.74	1322.46	22
1687.15	1585.27	22
1960.23	1844.25	22
2458.88	2100.84	22
2741.77	2359.87	22
0.66	0.86	22
0.93	1.09	22
1.09	1.42	22
1.6	1.66	22
1.92	1.44	22
2.12	1.75	22
2.42	2.71	22
3.67	3.6	22
5.43	5.86	22
10.27	9.36	22
15.5	18.72	22
34.91	34.24	22
68.73	67.18	22
132.22	128.78	22
217.34	256.98	22
511.85	502.68	22
1011.52	994.61	22
1961.42	1927.73	22
2900.05	2830.84	22
3157.89	3743.43	22
4758.4	4672.61	22
4752.34	5610.83	22
5521.29	6537.29	22
7607.2	7471.96	22
7070.19	8400.59	22
0.87	0.8	22
1.29	1.35	22
1.56	1.62	22
2.06	1.87	22
2.2	1.66	22
1.75	1.98	22
2.19	2.48	22
3.11	2.89	22
4.11	3.31	22
5.9	4.52	22
10.02	7.05	22
17.06	11.56	22
30.71	19.76	22
53.14	36.2	22
110.67	68.68	22
183.16	132.45	22
401.7	264.79	22
678.63	510.08	22
1025.93	749.98	22
1332.93	990.18	22
1659.84	1236.49	22
2004.17	1473.29	22
2327.3	1719.27	22
2652.55	1957.29	22
2983.8	2200.97	22
0.75	0.72	22
0.79	0.95	22
1.55	1.22	22
1.33	1.23	22
1.62	2.03	22
1.93	2.14	22
2.83	2.75	22
3.74	2.95	22
6.09	5.08	22
8.87	8.79	22
18.41	16.44	22
37.7	32.59	22
73.18	61.07	22
132.31	119.79	22
229.24	237.13	22
532.05	466.14	22
1038.78	930.21	22
2007.22	1795.65	22
2922.42	2645.41	22
3149.56	3494.21	22
4824.44	4348.67	22
5776.85	5210.92	22
6735.24	6113.19	22
6303.82	6949.06	22
8620.35	7808.55	22
0.77	0.8	23
0.83	1.22	23
1.29	1.44	23
1.9	1.82	23
1.86	1.84	23
2.52	2.57	23
2.86	3.34	23
4.31	4.34	23
5.94	6.31	23
11.09	10.63	23
19.87	19.78	23
37.85	36.32	23
74.78	73.02	23
145.86	144.37	23
288.86	281.42	23
553.93	558.22	23
1063.08	1057.8	23
1696.25	1999.03	23
2979.09	2946.61	23
3941.36	3900.24	23
4922.87	4826.78	23
5875.21	5788.83	23
6850.28	6723.74	23
6349.11	7540.19	23
8511.38	8378.74	23
1.1	1.17	23
1.76	1.62	23
2.28	2.34	23
1.77	2.31	23
2.63	2.42	23
2.84	2.56	23
2.85	3.15	23
3.16	3.09	23
4.01	4.31	23
4.73	5.52	23
8.25	7.58	23
13.6	13.03	23
22.71	20.9	23
40.19	38.46	23
83.54	73.36	23
150.83	142.29	23
297.84	279.22	23
573.58	538.41	23
852.04	801.05	23
1130.96	1060.86	23
1536.19	1316.36	23
1682.18	1584.01	23
1958.08	1844.62	23
2240.31	2100.63	23
2512.54	2350.58	23
0.73	0.65	23
0.92	0.88	23
1.31	1.1	23
1.35	1.3	23
1.86	1.61	23
1.88	2.23	23
2.31	2.17	23
3.4	3.04	23
5.41	5.52	23
8.6	7.77	23
14.41	15.33	23
33.14	28.14	23
65.0	53.38	23
121.78	105.73	23
255.74	210.21	23
403.11	403.34	23
895.42	799.45	23
1758.95	1542.86	23
2582.67	2278.29	23
3470.58	3009.22	23
4211.78	3759.94	23
5058.38	4483.21	23
4700.19	5230.84	23
6750.82	5984.7	23
7485.25	6716.03	23
1.19	1.17	23
1.41	1.4	23
1.89	1.64	23
2.15	2.6	23
2.33	2.38	23
1.97	2.61	23
3.01	2.9	23
3.79	3.06	23
4.07	3.6	23
6.39	4.77	23
9.87	7.11	23
16.57	11.66	23
26.09	20.28	23
50.91	36.81	23
104.01	68.45	23
223.63	134.27	23
364.34	261.05	23
691.62	502.3	23
1019.2	747.26	23
1367.62	993.45	23
1676.12	1234.16	23
2024.3	1477.93	23
2327.98	1717.03	23
2637.51	1962.61	23
2971.24	2201.44	23
0.83	0.92	24
1.31	1.19	24
1.55	1.75	24
2.0	2.07	24
1.88	2.37	24
2.0	2.01	24
2.85	2.69	24
3.41	3.63	24
5.86	5.7	24
9.63	9.62	24
18.34	18.56	24
34.8	33.77	24
69.41	67.62	24
137.64	134.49	24
269.07	266.84	24
551.02	524.4	24
1088.72	1068.35	24
2111.84	2076.26	24
3132.17	3081.55	24
3483.55	4087.21	24
5247.12	5176.67	24
6381.07	6271.26	24
7491.15	7377.06	24
8619.32	8475.47	24
9716.33	9564.48	24
0.76	0.91	24
1.26	1.25	24
1.27	1.51	24
1.12	1.58	24
1.23	1.4	24
1.94	1.77	24
2.04	2.04	24
2.47	2.19	24
2.73	2.83	24
3.38	2.73	24
4.61	4.16	24
7.7	7.17	24
15.34	11.74	24
22.61	20.36	24
49.08	38.01	24
80.97	69.77	24
157.31	138.47	24
302.26	268.22	24
533.59	395.24	24
591.97	525.96	24
729.77	650.37	24
875.67	771.69	24
1025.73	899.53	24
1387.85	1020.36	24
1306.54	1144.2	24
0.9	0.89	24
1.17	1.23	24
1.46	1.54	24
1.53	1.63	24
1.81	1.79	24
2.19	2.15	24
2.86	2.39	24
3.55	3.44	24
5.81	5.11	24
10.18	8.88	24
18.24	16.13	24
33.45	30.54	24
56.39	58.95	24
87.12	115.77	24
259.14	228.27	24
557.51	450.95	24
1026.0	896.17	24
1989.17	1748.62	24
2876.26	2605.39	24
2417.53	3451.87	24
4921.46	4394.31	24
5873.79	5330.82	24
5645.03	6289.05	24
7984.01	7261.16	24
9027.86	8203.99	24
0.83	0.71	24
0.87	0.93	24
1.39	1.09	24
1.3	1.17	24
1.63	1.77	24
1.58	1.49	24
1.94	1.76	24
2.24	2.09	24
2.79	2.38	24
3.78	3.16	24
6.53	4.16	24
11.89	6.89	24
23.93	11.34	24
42.7	20.67	24
78.2	37.39	24
136.43	69.58	24
234.92	137.38	24
478.35	264.15	24
673.48	391.58	24
877.56	514.82	24
1122.05	642.99	24
1278.51	770.82	24
1513.58	891.94	24
1680.61	1019.9	24
1909.09	1144.42	24
0.46	0.56	25
0.58	0.6	25
0.62	0.66	25
0.73	0.73	25
0.89	0.92	25
1.11	0.94	25
1.57	1.69	25
2.04	2.16	25
3.55	3.35	25
5.39	5.24	25
9.22	8.65	25
15.97	15.12	25
29.43	27.93	25
54.01	52.22	25
103.45	96.14	25
199.43	192.09	25
384.93	369.01	25
566.65	543.55	25
749.68	713.18	25
926.3	896.84	25
1107.87	1071.48	25
1284.79	1241.18	25
1478.87	1417.31	25
1646.78	1593.93	25
0.59	0.65	25
0.86	0.73	25
1.02	0.88	25
1.44	1.59	25
2.08	2.36	25
2.61	3.93	25
3.79	8.16	25
6.79	14.06	25
12.3	29.45	25
24.69	58.83	25
44.36	115.89	25
87.54	227.67	25
172.66	456.65	25
341.66	899.68	25
675.91	1802.95	25
1350.64	3588.44	25
2617.73	6959.32	25
3905.31	10342.92	25
5172.45	13718.01	25
6411.21	17058.25	25
7644.73	20237.74	25
8886.68	23498.97	25
10049.55	26694.54	25
11263.76	29824.87	25
0.36	0.43	25
0.48	0.43	25
0.5	0.57	25
0.56	0.61	25
0.84	0.86	25
1.05	0.99	25
1.54	1.46	25
1.83	1.85	25
3.06	3.14	25
4.99	5.02	25
8.0	9.05	25
12.99	15.02	25
24.52	28.11	25
42.18	51.43	25
73.57	98.93	25
157.07	191.86	25
284.51	370.15	25
415.3	548.39	25
554.23	718.4	25
669.57	890.78	25
809.98	1065.68	25
941.6	1245.79	25
1061.4	1410.89	25
1208.93	1589.79	25
0.51	0.57	25
0.78	0.71	25
0.79	0.93	25
1.38	1.24	25
1.95	1.95	25
2.59	3.44	25
3.38	7.01	25
6.24	13.73	25
11.38	26.36	25
19.35	51.58	25
38.39	101.63	25
78.95	195.97	25
155.87	388.15	25
291.89	788.8	25
605.64	1536.64	25
1102.31	3073.47	25
2105.86	5762.86	25
3161.36	8579.56	25
4212.77	11384.38	25
5096.5	13928.07	25
5854.35	16702.56	25
6982.27	19343.02	25
7905.84	21545.6	25
8651.63	24297.41	25
0.51	0.59	26
0.61	0.67	26
1.01	0.78	26
1.06	1.07	26
1.26	1.5	26
1.52	1.87	26
2.57	2.5	26
3.53	3.11	26
4.74	4.97	26
8.29	8.54	26
14.98	13.21	26
25.62	24.99	26
50.12	47.26	26
94.51	91.94	26
185.98	177.61	26
364.52	349.98	26
702.12	677.12	26
1050.35	1005.26	26
1396.68	1332.96	26
1737.88	1663.8	26
2067.61	1983.79	26
2401.73	2314.83	26
2756.63	2638.13	26
3081.74	2956.69	26
0.47	0.47	26
0.55	0.6	26
0.74	0.79	26
1.11	1.21	26
1.51	1.92	26
2.44	2.86	26
2.92	5.9	26
4.42	11.3	26
6.95	22.16	26
12.93	42.89	26
24.36	86.1	26
45.57	170.37	26
89.09	340.74	26
176.46	671.26	26
349.19	1343.84	26
694.96	2686.98	26
1352.69	5235.01	26
2009.63	7779.8	26
2654.78	10293.09	26
3313.83	12829.81	26
3889.28	15226.6	26
4478.11	17446.76	26
5010.63	19527.73	26
5556.96	21634.69	26
0.45	0.44	26
0.62	0.53	26
0.65	0.67	26
0.93	0.84	26
1.19	1.22	26
1.62	1.35	26
1.85	2.14	26
2.76	3.06	26
4.6	4.41	26
6.98	7.56	26
12.8	12.62	26
22.95	23.7	26
41.49	44.86	26
79.53	87.1	26
162.15	168.23	26
302.01	327.95	26
594.91	633.14	26
856.81	942.0	26
1151.86	1247.89	26
1406.32	1556.14	26
1676.07	1855.39	26
1974.55	2163.66	26
2251.62	2468.72	26
2516.39	2777.68	26
0.42	0.49	26
0.63	0.55	26
0.7	0.76	26
1.1	1.05	26
1.64	1.81	26
2.58	2.9	26
2.96	5.74	26
4.57	10.92	26
7.86	20.49	26
12.61	41.13	26
24.48	84.03	26
46.18	155.1	26
85.78	320.9	26
173.58	641.5	26
330.83	1275.54	26
661.06	2486.15	26
1290.28	4817.0	26
1887.07	7144.37	26
2469.26	9291.2	26
3041.62	11498.65	26
3539.48	13371.0	26
4062.72	15275.63	26
4421.76	17085.08	26
4915.25	18935.68	26
0.39	0.48	27
0.57	0.59	27
0.68	0.68	27
1.07	0.94	27
1.64	1.85	27
1.64	3.04	27
2.79	5.61	27
3.8	10.44	27
6.31	20.29	27
10.85	38.73	27
20.93	75.35	27
39.67	147.82	27
75.07	300.93	27
153.26	587.6	27
297.11	1126.32	27
585.13	2259.1	27
1193.29	4604.09	27
1791.25	7038.25	27
2433.5	9401.65	27
3027.03	11711.11	27
3658.93	14115.06	27
4349.98	16518.03	27
4970.07	19498.72	27
5578.56	21915.11	27
0.52	0.58	27
0.61	0.55	27
0.73	0.66	27
0.9	1.03	27
1.08	1.28	27
1.77	1.75	27
2.25	2.15	27
3.27	3.06	27
5.14	4.56	27
8.27	7.85	27
14.59	14.41	27
26.06	25.7	27
50.78	48.11	27
101.45	94.96	27
190.25	183.04	27
380.77	363.77	27
737.52	705.41	27
1100.09	1059.49	27
1456.43	1413.03	27
1828.85	1755.64	27
2182.08	2112.72	27
2553.74	2492.65	27
2966.47	2834.38	27
3334.59	3211.03	27
0.39	0.39	27
0.39	0.44	27
0.63	0.64	27
0.82	0.82	27
1.24	1.51	27
2.14	2.35	27
2.88	4.96	27
3.37	9.04	27
5.9	17.07	27
10.39	33.19	27
18.69	61.72	27
35.79	122.93	27
66.85	244.26	27
131.18	488.47	27
258.7	989.59	27
518.25	1956.44	27
996.59	3812.7	27
1469.93	5643.54	27
1929.04	7376.42	27
2384.45	9063.69	27
2808.88	10893.78	27
3216.62	12445.87	27
3656.48	14191.46	27
4103.84	15735.85	27
0.45	0.49	27
0.6	0.62	27
0.78	0.66	27
0.97	0.78	27
1.22	1.08	27
1.64	1.43	27
2.22	2.42	27
3.08	3.4	27
4.17	4.65	27
7.3	7.8	27
12.67	13.58	27
23.23	24.33	27
42.9	45.21	27
85.11	86.62	27
161.12	169.03	27
316.79	336.9	27
595.53	652.96	27
883.67	966.63	27
1173.9	1288.56	27
1462.0	1601.23	27
1756.83	1921.01	27
2061.6	2262.65	27
2378.47	2593.86	27
2712.94	2929.29	27
0.54	0.61	28
0.56	0.61	28
0.82	0.81	28
1.33	1.24	28
2.0	2.12	28
2.46	3.68	28
2.98	6.93	28
5.63	13.32	28
10.27	24.39	28
18.97	49.27	28
35.62	100.28	28
73.24	194.48	28
139.79	383.87	28
278.71	756.54	28
571.19	1529.96	28
1150.98	3168.33	28
2282.54	6259.97	28
3497.1	9481.28	28
4738.89	12733.16	28
5922.28	16069.17	28
7181.99	19209.21	28
8422.17	22539.87	28
9640.79	25716.02	28
10770.52	28813.05	28
0.45	0.53	28
0.55	0.63	28
0.69	0.59	28
0.65	0.7	28
0.96	0.84	28
0.96	1.03	28
1.56	1.47	28
2.07	2.05	28
3.35	3.15	28
5.38	5.27	28
8.75	9.11	28
15.82	15.39	28
28.35	28.04	28
55.99	52.08	28
100.58	97.31	28
202.52	190.45	28
383.04	363.6	28
562.56	538.74	28
745.89	716.36	28
926.58	889.31	28
1105.33	1064.87	28
1286.43	1236.06	28
1461.02	1405.34	28
1643.03	1580.1	28
0.45	0.44	28
0.54	0.52	28
0.67	0.76	28
0.89	1.05	28
1.6	1.56	28
1.84	2.7	28
2.69	5.42	28
4.3	10.42	28
7.42	20.22	28
13.94	38.87	28
26.84	76.65	28
52.96	151.04	28
103.73	301.27	28
205.17	602.84	28
408.63	1199.03	28
807.7	2390.87	28
1572.89	4661.85	28
2333.41	6930.99	28
3025.31	9047.42	28
3827.26	11490.92	28
4554.07	13604.73	28
5240.58	15794.49	28
5945.97	17874.84	28
6655.34	20104.58	28
0.49	0.48	28
0.6	0.6	28
0.63	0.55	28
0.67	0.69	28
0.92	0.82	28
1.16	0.97	28
1.54	1.42	28
1.91	2.04	28
3.06	3.05	28
4.57	5.32	28
7.69	9.11	28
14.02	14.67	28
23.3	26.97	28
43.92	52.07	28
73.21	99.1	28
144.7	189.06	28
282.53	362.38	28
420.42	543.21	28
534.93	717.25	28
656.52	887.02	28
793.71	1059.71	28
931.92	1227.98	28
1048.62	1402.05	28
1185.16	1585.9	28
0.32	0.28	29
0.36	0.36	29
0.43	0.44	29
0.59	0.61	29
0.79	0.92	29
1.31	1.48	29
2.18	2.36	29
1.97	2.25	29
2.88	2.25	29
3.21	3.47	29
2.84	3.96	29
3.75	3.64	29
3.74	4.0	29
4.96	5.04	29
6.73	5.97	29
9.24	8.54	29
14.45	13.42	29
30.1	22.2	29
54.56	41.34	29
86.45	79.96	29
166.14	152.43	29
326.08	287.12	29
591.28	419.6	29
628.71	560.41	29
1135.83	701.35	29
1368.18	822.79	29
1356.56	969.28	29
1242.06	1093.63	29
1395.09	1242.54	29
0.3	0.3	29
0.38	0.38	29
0.48	0.46	29
0.55	0.65	29
0.9	0.92	29
1.56	1.3	29
2.24	2.21	29
2.61	2.43	29
3.34	3.33	29
3.34	4.08	29
4.27	5.05	29
5.45	5.29	29
7.18	7.11	29
12.31	11.22	29
20.16	20.26	29
35.94	36.13	29
71.23	69.88	29
114.32	137.23	29
226.54	272.06	29
458.5	542.21	29
1097.04	1079.99	29
2137.29	2102.6	29
3243.42	3191.07	29
2899.4	4367.95	29
5649.0	5563.89	29
6855.37	6756.13	29
8066.74	7948.9	29
7728.65	9151.09	29
10480.42	10339.09	29
0.25	0.24	29
0.29	0.31	29
0.37	0.37	29
0.49	0.54	29
0.87	0.83	29
1.14	1.26	29
1.79	1.71	29
1.78	2.34	29
2.49	3.05	29
2.97	2.51	29
3.15	3.11	29
3.4	3.35	29
3.91	3.73	29
5.08	4.58	29
8.32	5.62	29
11.39	8.71	29
21.04	13.21	29
41.07	23.11	29
79.73	41.91	29
127.92	78.01	29
230.6	152.05	29
516.87	287.64	29
719.47	420.23	29
945.39	559.58	29
1115.9	688.76	29
1398.27	839.12	29
1642.39	965.24	29
1833.46	1098.2	29
2163.99	1237.91	29
0.28	0.26	29
0.33	0.39	29
0.43	0.38	29
0.62	0.64	29
0.85	0.92	29
1.28	1.29	29
2.24	1.7	29
2.03	2.18	29
2.41	3.46	29
3.57	3.3	29
3.44	3.86	29
5.36	4.47	29
4.33	6.58	29
12.23	10.77	29
21.23	19.16	29
38.62	33.52	29
73.2	68.0	29
144.74	131.8	29
233.61	262.6	29
369.52	522.03	29
933.6	1044.85	29
1879.31	2024.97	29
3351.74	3076.34	29
4610.49	4219.76	29
4786.83	5374.92	29
5805.97	6526.17	29
8375.92	7692.36	29
7872.52	8836.72	29
10855.01	9980.13	29
0.27	0.33	30
0.38	0.33	30
0.42	0.45	30
0.62	0.63	30
1.1	0.9	30
1.47	1.42	30
2.43	1.75	30
2.92	2.78	30
3.24	2.64	30
3.08	3.0	30
3.62	3.71	30
3.71	4.23	30
4.41	4.59	30
5.53	5.74	30
8.32	7.75	30
14.67	12.96	30
23.74	21.64	30
40.77	39.22	30
80.3	75.22	30
155.33	146.48	30
309.74	288.69	30
610.3	560.14	30
880.16	826.44	30
1167.42	1106.36	30
1456.02	1375.5	30
1738.83	1632.01	30
2281.73	1931.69	30
2317.04	2172.41	30
2621.89	2457.05	30
0.28	0.29	30
0.33	0.27	30
0.47	0.37	30
0.61	0.66	30
0.8	0.83	30
1.35	1.32	30
2.09	1.9	30
2.5	3.13	30
3.32	3.67	30
3.55	3.67	30
3.83	3.63	30
4.34	5.13	30
7.6	7.74	30
10.52	10.43	30
19.75	19.11	30
36.35	36.87	30
69.04	67.22	30
132.5	129.88	30
215.4	255.81	30
510.24	502.65	30
1011.25	993.64	30
1630.53	1929.61	30
2913.63	2860.63	30
3179.59	3777.79	30
3115.72	4700.21	30
4725.68	5615.08	30
4422.38	6586.61	30
6401.63	7607.38	30
8783.54	8636.77	30
0.25	0.28	30
0.29	0.29	30
0.38	0.41	30
0.55	0.56	30
0.84	1.02	30
1.26	1.43	30
1.78	1.97	30
2.66	2.71	30
2.41	2.56	30
3.45	2.9	30
3.56	3.32	30
4.25	3.16	30
5.12	4.18	30
6.6	5.56	30
9.23	7.42	30
15.84	11.76	30
31.58	20.13	30
47.95	36.72	30
104.55	72.02	30
186.36	136.37	30
436.05	268.81	30
693.83	522.49	30
1033.48	775.37	30
1391.52	1021.47	30
1789.25	1273.68	30
2067.73	1526.06	30
2389.24	1775.32	30
2740.79	2026.4	30
3064.12	2288.94	30
0.26	0.29	30
0.3	0.35	30
0.34	0.39	30
0.48	0.59	30
0.92	0.78	30
1.38	1.57	30
1.87	1.87	30
2.44	3.16	30
3.41	3.39	30
3.37	3.52	30
5.4	4.08	30
4.11	5.08	30
7.11	7.21	30
12.76	11.56	30
20.52	18.77	30
41.84	33.59	30
59.79	65.41	30
149.37	125.47	30
281.81	248.41	30
446.67	485.34	30
1072.95	960.37	30
1604.08	1799.51	30
2360.85	2639.81	30
3810.97	3471.86	30
3935.47	4422.58	30
5870.62	5307.68	30
5768.08	6189.87	30
8084.48	7186.12	30
7492.72	8375.14	30
0.26	0.29	31
0.38	0.34	31
0.43	0.39	31
0.56	0.63	31
0.87	1.08	31
1.52	1.7	31
2.02	2.34	31
2.6	2.3	31
3.69	3.5	31
2.79	4.01	31
4.46	3.31	31
5.18	5.32	31
5.9	7.05	31
11.19	9.98	31
15.72	18.55	31
34.11	32.98	31
55.22	65.24	31
107.96	128.43	31
255.82	251.72	31
509.27	499.71	31
840.49	997.39	31
1981.6	1943.56	31
2949.16	2885.91	31
3902.6	3833.47	31
4859.88	4775.31	31
4808.25	5712.09	31
6731.01	6589.45	31
6298.98	7471.52	31
8587.33	8435.19	31
0.26	0.32	31
0.29	0.34	31
0.41	0.45	31
0.6	0.69	31
1.0	1.0	31
1.72	1.47	31
2.49	1.93	31
2.26	3.08	31
2.62	2.53	31
3.69	3.51	31
4.21	2.8	31
3.0	4.08	31
4.97	4.76	31
5.88	6.17	31
8.12	7.93	31
14.02	12.83	31
23.35	20.97	31
51.8	39.44	31
78.88	74.71	31
154.09	145.68	31
342.77	284.73	31
661.48	553.48	31
986.44	826.81	31
1315.84	1101.4	31
1650.03	1369.22	31
1750.75	1643.01	31
2047.09	1911.39	31
2335.51	2188.06	31
2617.32	2465.65	31
0.25	0.25	31
0.28	0.29	31
0.38	0.37	31
0.52	0.53	31
0.85	0.88	31
1.36	1.35	31
1.95	1.89	31
2.39	2.1	31
3.06	3.17	31
2.41	3.28	31
4.0	3.65	31
4.02	4.55	31
6.74	5.8	31
6.02	8.26	31
15.01	16.16	31
35.22	28.95	31
62.12	53.67	31
126.37	104.37	31
193.78	202.59	31
495.38	402.29	31
919.98	800.24	31
1761.58	1567.94	31
2621.35	2323.21	31
2801.51	3080.34	31
4297.35	3842.74	31
5303.17	4786.75	31
6370.24	5753.1	31
7235.47	6565.22	31
8318.17	7420.31	31
0.25	0.31	31
0.31	0.3	31
0.41	0.42	31
0.69	0.58	31
0.92	1.14	31
1.46	1.43	31
1.57	1.59	31
2.04	2.64	31
3.27	3.13	31
3.53	3.21	31
3.55	3.69	31
4.15	4.26	31
5.57	4.23	31
6.87	5.59	31
11.18	8.16	31
16.14	12.94	31
29.98	22.82	31
55.33	39.87	31
114.35	74.64	31
208.65	145.31	31
390.07	285.86	31
724.56	555.18	31
1150.74	828.17	31
1474.96	1095.92	31
1837.54	1386.66	31
2268.24	1647.9	31
2516.9	1907.11	31
3009.04	2189.1	31
3248.45	2460.97	31
0.25	0.28	32
0.33	0.34	32
0.44	0.43	32
0.56	0.59	32
0.71	0.91	32
1.7	1.4	32
1.96	2.47	32
2.02	3.22	32
2.97	2.86	32
3.3	3.46	32
4.08	4.46	32
4.99	4.81	32
6.28	6.79	32
10.28	11.29	32
21.05	20.34	32
31.48	37.26	32
70.02	68.44	32
136.23	135.31	32
222.93	264.72	32
529.53	522.58	32
1056.95	1035.54	32
1689.48	2008.27	32
3022.96	2970.65	32
2648.33	3935.52	32
4984.02	4915.2	32
4945.06	5869.43	32
6952.12	6821.14	32
7919.85	7793.62	32
7377.11	8778.63	32
0.24	0.29	32
0.29	0.32	32
0.39	0.43	32
0.54	0.72	32
0.88	1.15	32
1.14	1.41	32
2.02	1.8	32
2.38	2.44	32
2.58	2.66	32
2.31	3.1	32
2.8	3.32	32
3.62	3.98	32
4.18	4.17	32
4.75	4.65	32
6.24	6.27	32
9.57	9.0	32
15.07	12.45	32
25.34	23.02	32
46.8	40.98	32
87.2	76.89	32
169.14	147.55	32
397.11	283.46	32
589.76	421.98	32
627.51	573.41	32
1184.53	693.37	32
938.38	827.69	32
1092.76	964.41	32
1242.94	1098.65	32
1406.6	1232.8	32
0.2	0.25	32
0.27	0.26	32
0.34	0.36	32
0.51	0.48	32
0.68	0.77	32
1.24	1.21	32
1.64	1.77	32
2.44	2.0	32
2.48	2.58	32
3.48	3.08	32
3.51	3.94	32
4.63	3.96	32
5.86	6.27	32
7.62	10.67	32
16.12	17.48	32
29.31	32.04	32
54.81	60.29	32
110.76	116.52	32
203.69	229.22	32
406.88	453.58	32
1009.49	899.34	32
1599.3	1747.54	32
2319.07	2599.75	32
3100.88	3444.03	32
4789.7	4293.22	32
5647.81	5159.67	32
5363.22	5997.41	32
4694.92	6845.36	32
8473.64	7696.09	32
0.24	0.28	32
0.29	0.3	32
0.38	0.38	32
0.63	0.55	32
0.8	1.03	32
1.24	1.12	32
1.43	1.58	32
2.48	2.02	32
3.28	3.39	32
3.34	4.29	32
3.25	2.96	32
3.29	3.81	32
4.94	3.6	32
5.53	5.05	32
7.57	5.32	32
15.87	8.49	32
24.5	14.16	32
34.58	22.26	32
75.23	40.15	32
139.39	77.99	32
271.32	150.0	32
482.89	286.9	32
716.15	426.95	32
892.88	560.07	32
1124.14	694.83	32
1322.18	827.54	32
1607.54	981.11	32
1754.03	1093.95	32
1928.11	1228.53	32
0.3	0.37	33
0.36	0.39	33
0.51	0.56	33
0.77	0.86	33
0.97	1.24	33
1.04	2.28	33
1.83	3.85	33
1.91	4.94	33
2.93	5.79	33
3.68	6.57	33
4.81	6.75	33
5.43	7.82	33
8.98	10.77	33
15.63	16.67	33
27.01	26.55	33
47.86	47.09	33
90.78	85.54	33
171.73	159.54	33
254.87	235.55	33
336.72	307.26	33
423.77	383.04	33
512.05	455.18	33
577.72	530.82	33
663.58	605.12	33
744.33	680.28	33
0.33	0.47	33
0.38	0.42	33
0.47	0.51	33
0.79	0.85	33
1.02	1.44	33
1.34	2.38	33
1.81	3.96	33
2.44	6.18	33
3.36	9.1	33
4.82	10.86	33
6.6	16.6	33
11.4	28.27	33
19.61	46.85	33
36.38	89.54	33
66.05	170.8	33
130.52	327.68	33
246.36	642.34	33
473.64	1236.72	33
693.55	1810.33	33
914.74	2402.53	33
1133.4	2985.6	33
1364.74	3575.44	33
1587.38	4167.62	33
1813.78	4755.87	33
2038.08	5375.32	33
0.27	0.33	33
0.34	0.32	33
0.46	0.54	33
0.75	0.79	33
1.03	1.08	33
1.49	1.83	33
1.65	3.39	33
2.4	5.25	33
2.87	5.98	33
3.37	5.41	33
4.43	7.89	33
5.74	7.75	33
8.26	11.09	33
15.69	16.1	33
24.71	25.98	33
46.4	46.07	33
83.37	86.6	33
162.41	159.28	33
232.4	237.88	33
305.62	307.78	33
397.81	384.08	33
453.28	453.83	33
546.48	529.5	33
617.66	605.28	33
680.04	673.54	33
0.33	0.4	33
0.41	0.39	33
0.51	0.5	33
0.78	0.74	33
1.2	1.26	33
1.32	1.98	33
1.98	3.34	33
2.45	5.42	33
3.19	7.93	33
4.82	9.67	33
6.47	15.58	33
10.25	25.32	33
17.97	45.24	33
32.73	81.84	33
63.21	157.95	33
121.29	302.71	33
232.48	599.6	33
450.98	1155.47	33
630.99	1691.09	33
823.07	2244.29	33
1013.4	2782.56	33
1208.27	3332.69	33
1442.92	4022.05	33
1645.72	4581.15	33
1837.36	5153.0	33
0.32	0.43	34
0.41	0.4	34
0.48	0.41	34
0.69	0.72	34
0.99	1.05	34
1.37	2.17	34
1.72	3.74	34
2.17	5.07	34
3.17	7.25	34
4.13	8.54	34
6.55	9.38	34
10.1	13.45	34
19.37	20.65	34
33.6	37.5	34
65.59	65.38	34
127.13	125.79	34
246.58	244.56	34
484.47	470.9	34
715.01	697.78	34
945.49	937.41	34
1174.84	1150.49	34
1406.47	1370.85	34
1643.55	1596.58	34
1873.26	1822.44	34
2102.94	2048.93	34
0.3	0.48	34
0.39	0.43	34
0.56	0.55	34
0.9	0.73	34
0.93	1.22	34
1.69	2.19	34
1.32	3.39	34
1.9	5.22	34
2.55	6.8	34
3.59	8.09	34
4.8	11.94	34
6.54	17.99	34
9.85	32.58	34
16.9	57.81	34
30.94	111.08	34
57.99	211.39	34
111.3	413.93	34
214.59	805.86	34
315.31	1203.21	34
416.41	1587.95	34
524.48	1997.0	34
631.54	2422.09	34
759.61	2943.7	34
872.58	3384.76	34
982.05	3829.35	34
0.32	0.34	34
0.31	0.34	34
0.42	0.43	34
0.63	0.59	34
0.91	1.11	34
1.13	1.77	34
1.51	3.02	34
1.82	4.75	34
3.1	5.82	34
3.8	7.52	34
5.58	8.54	34
8.59	12.75	34
16.27	18.98	34
29.52	32.47	34
56.82	58.51	34
111.05	109.46	34
213.64	212.49	34
415.96	410.08	34
615.34	610.55	34
802.3	806.7	34
997.06	1001.93	34
1201.84	1197.68	34
1438.54	1431.94	34
1637.22	1638.8	34
1838.37	1858.83	34
0.28	0.35	34
0.32	0.36	34
0.44	0.46	34
0.72	0.74	34
0.98	1.14	34
1.23	1.75	34
1.36	2.95	34
2.56	4.42	34
2.9	5.82	34
2.9	7.23	34
4.17	10.64	34
6.06	16.6	34
8.7	28.65	34
15.56	54.01	34
27.64	100.98	34
49.7	197.61	34
97.4	387.08	34
184.97	753.48	34
274.91	1118.47	34
362.55	1483.33	34
441.96	1862.25	34
531.08	2260.09	34
629.06	2662.71	34
716.37	3065.08	34
816.68	3469.41	34
0.3	0.38	35
0.36	0.33	35
0.5	0.5	35
0.68	0.78	35
1.07	1.36	35
1.75	2.34	35
2.16	3.1	35
2.18	4.79	35
2.59	6.57	35
3.8	8.93	35
4.58	12.11	35
6.58	20.13	35
10.56	32.87	35
17.65	60.3	35
31.99	118.29	35
61.08	227.61	35
116.24	448.05	35
223.26	862.59	35
325.72	1271.05	35
434.05	1690.03	35
545.95	2139.82	35
653.38	2578.13	35
764.59	3021.24	35
875.85	3454.26	35
984.3	3877.6	35
0.3	0.4	35
0.32	0.35	35
0.5	0.48	35
0.71	0.75	35
1.06	1.36	35
1.27	2.34	35
1.64	3.64	35
2.75	5.83	35
3.38	7.64	35
4.22	8.62	35
6.39	10.91	35
9.7	13.98	35
17.4	21.24	35
31.07	35.61	35
61.14	62.44	35
116.56	118.32	35
228.52	225.17	35
441.88	430.71	35
661.57	640.33	35
868.09	845.49	35
1077.32	1049.32	35
1292.54	1257.01	35
1508.24	1459.68	35
1721.51	1671.75	35
1923.17	1879.06	35
0.26	0.34	35
0.29	0.36	35
0.44	0.49	35
0.68	0.65	35
0.98	1.01	35
1.64	1.73	35
1.85	2.62	35
1.78	4.18	35
2.97	5.67	35
3.18	7.08	35
4.07	10.5	35
5.29	16.09	35
8.35	26.84	35
14.67	49.79	35
24.76	97.17	35
45.98	187.39	35
89.93	368.04	35
171.55	703.1	35
249.38	1041.47	35
321.63	1398.9	35
414.32	1743.0	35
490.14	2091.25	35
562.11	2446.52	35
646.24	2788.21	35
723.32	3132.44	35
0.3	0.36	35
0.34	0.32	35
0.5	0.44	35
0.66	0.64	35
1.09	1.16	35
1.01	1.91	35
1.6	3.04	35
2.11	4.85	35
3.09	7.32	35
4.23	8.26	35
5.78	8.37	35
8.77	12.86	35
15.46	18.73	35
28.19	31.89	35
54.79	56.25	35
107.11	107.91	35
207.4	207.03	35
405.32	397.22	35
588.56	583.68	35
764.97	775.8	35
961.01	983.1	35
1146.81	1155.19	35
1340.66	1338.04	35
1526.72	1530.8	35
1702.38	1718.82	35
0.31	0.42	36
0.37	0.36	36
0.46	0.54	36
0.71	0.72	36
1.02	1.12	36
1.25	1.8	36
1.69	3.43	36
2.01	4.83	36
2.71	7.81	36
4.29	10.32	36
5.67	15.38	36
9.31	24.3	36
18.21	41.34	36
32.46	78.48	36
61.74	147.85	36
119.8	289.69	36
235.26	570.08	36
453.89	1104.6	36
676.19	1646.05	36
899.16	2186.5	36
1124.98	2728.85	36
1347.93	3268.4	36
1568.46	3806.42	36
1790.88	4344.25	36
2015.64	4859.0	36
0.31	0.38	36
0.39	0.4	36
0.57	0.47	36
0.77	0.72	36
1.16	1.35	36
1.32	1.81	36
1.46	2.8	36
1.92	4.57	36
2.72	5.46	36
3.77	6.77	36
4.63	6.09	36
5.64	7.76	36
8.4	10.46	36
14.13	15.96	36
27.14	25.78	36
47.97	46.24	36
89.56	84.49	36
172.78	158.51	36
258.64	232.65	36
341.75	309.0	36
418.2	382.66	36
505.15	455.52	36
588.61	528.13	36
668.32	607.76	36
742.25	681.59	36
0.29	0.29	36
0.3	0.33	36
0.47	0.44	36
0.65	0.6	36
1.04	0.92	36
1.29	1.88	36
1.48	3.05	36
1.87	4.61	36
2.5	6.94	36
3.8	8.8	36
5.81	13.39	36
8.94	20.57	36
15.5	37.56	36
29.47	68.97	36
55.03	133.36	36
106.34	257.91	36
207.56	507.9	36
396.37	987.61	36
592.12	1462.37	36
772.22	1941.88	36
961.6	2412.71	36
1138.26	2888.77	36
1334.66	3367.48	36
1521.92	3849.99	36
1700.14	4317.95	36
0.34	0.37	36
0.32	0.34	36
0.47	0.47	36
0.73	0.71	36
1.01	1.08	36
1.7	1.89	36
1.7	2.94	36
1.85	3.92	36
2.54	5.34	36
2.95	6.05	36
4.13	5.98	36
5.87	7.66	36
8.13	10.34	36
13.37	16.69	36
27.13	25.71	36
49.94	44.39	36
85.64	86.13	36
169.1	158.56	36
235.82	236.57	36
309.06	306.95	36
386.53	380.94	36
458.46	457.63	36
527.52	532.01	36
616.23	604.13	36
677.58	676.6	36
0.32	0.31	37
0.32	0.28	37
0.34	0.38	37
0.36	0.37	37
0.34	0.33	37
0.4	0.38	37
0.42	0.46	37
0.46	0.49	37
0.58	0.53	37
0.57	0.58	37
0.73	0.8	37
1.09	0.93	37
1.52	1.47	37
2.42	2.31	37
4.21	4.28	37
7.39	7.09	37
12.89	12.27	37
24.52	22.17	37
45.41	42.85	37
87.44	80.33	37
165.88	153.96	37
242.66	225.21	37
322.13	296.02	37
403.9	372.03	37
481.65	454.89	37
551.03	529.61	37
633.27	589.84	37
716.86	659.87	37
0.3	0.39	37
0.3	0.4	37
0.35	0.32	37
0.35	0.42	37
0.38	0.36	37
0.34	0.4	37
0.4	0.39	37
0.46	0.45	37
0.62	0.64	37
0.96	0.96	37
1.8	1.48	37
2.78	2.74	37
4.74	3.93	37
9.43	11.02	37
20.25	20.49	37
40.12	41.82	37
80.37	84.01	37
162.4	167.08	37
320.76	330.93	37
636.44	657.54	37
1234.96	1276.52	37
1839.24	1898.87	37
2439.08	2520.02	37
3038.81	3137.34	37
3640.22	3756.34	37
4245.22	4375.78	37
4843.42	4996.13	37
5439.63	5642.73	37
0.25	0.26	37
0.26	0.24	37
0.27	0.26	37
0.26	0.25	37
0.28	0.24	37
0.32	0.35	37
0.41	0.32	37
0.35	0.41	37
0.53	0.49	37
0.57	0.5	37
0.71	0.65	37
1.08	0.98	37
1.73	1.31	37
2.74	2.44	37
5.42	4.08	37
7.68	6.95	37
15.48	12.24	37
28.07	21.94	37
58.75	40.88	37
101.66	80.15	37
213.68	155.55	37
270.42	226.56	37
388.28	300.11	37
419.37	372.63	37
481.56	440.12	37
573.12	513.6	37
668.62	586.48	37
856.09	657.38	37
0.28	0.29	37
0.27	0.3	37
0.3	0.33	37
0.29	0.28	37
0.33	0.33	37
0.31	0.3	37
0.4	0.37	37
0.44	0.45	37
0.62	0.57	37
0.97	0.93	37
1.76	1.52	37
3.47	2.47	37
5.8	5.16	37
11.92	10.61	37
22.24	20.58	37
44.79	41.26	37
88.32	84.37	37
172.83	166.47	37
354.33	332.99	37
692.9	658.39	37
1358.14	1278.73	37
1983.33	1901.17	37
2619.25	2520.99	37
3258.85	3138.37	37
3966.01	3757.77	37
4528.59	4377.37	37
5202.98	4984.57	37
5898.89	5621.79	37
0.29	0.3	38
0.26	0.27	38
0.26	0.26	38
0.25	0.3	38
0.34	0.34	38
0.34	0.3	38
0.35	0.44	38
0.48	0.39	38
0.54	0.52	38
0.55	0.77	38
0.94	0.94	38
1.52	1.48	38
2.27	2.51	38
4.53	4.46	38
7.73	9.5	38
18.07	17.29	38
33.0	31.77	38
64.43	62.41	38
124.52	121.54	38
245.88	241.46	38
476.22	464.3	38
707.7	689.19	38
934.03	910.51	38
1161.61	1135.06	38
1391.05	1356.64	38
1624.46	1582.31	38
1851.38	1803.59	38
2080.85	2031.23	38
0.26	0.31	38
0.26	0.26	38
0.28	0.31	38
0.24	0.33	38
0.25	0.3	38
0.29	0.33	38
0.38	0.4	38
0.53	0.42	38
0.65	0.63	38
1.03	0.84	38
1.34	1.73	38
2.73	3.09	38
5.51	4.99	38
8.92	10.03	38
16.83	19.29	38
39.11	39.65	38
74.95	78.01	38
148.75	155.38	38
292.59	304.04	38
586.21	607.61	38
1137.46	1175.84	38
1685.73	1743.86	38
2232.67	2313.22	38
2775.75	2874.8	38
3325.44	3434.56	38
3867.93	4018.86	38
4417.47	4572.66	38
4960.43	5136.54	38
0.26	0.3	38
0.25	0.25	38
0.29	0.26	38
0.22	0.29	38
0.29	0.3	38
0.31	0.32	38
0.35	0.37	38
0.34	0.37	38
0.48	0.45	38
0.67	0.64	38
0.94	0.86	38
1.59	1.27	38
2.3	2.19	38
4.93	3.93	38
9.3	7.79	38
16.05	14.26	38
34.45	26.89	38
62.76	54.49	38
109.42	102.76	38
228.32	202.42	38
438.07	391.29	38
624.11	578.34	38
847.19	767.21	38
1119.31	953.64	38
1234.7	1155.8	38
1438.35	1323.2	38
1608.73	1508.91	38
1814.36	1700.35	38
0.26	0.31	38
0.28	0.27	38
0.26	0.27	38
0.28	0.29	38
0.26	0.25	38
0.34	0.37	38
0.33	0.42	38
0.49	0.49	38
0.57	0.57	38
0.97	0.79	38
1.55	1.39	38
2.44	2.39	38
5.02	5.32	38
9.95	9.36	38
21.35	19.57	38
41.15	36.94	38
78.0	74.6	38
161.8	148.21	38
302.71	293.34	38
603.35	581.45	38
1256.2	1135.44	38
1769.08	1679.56	38
2356.35	2223.85	38
2904.23	2747.59	38
3406.73	3250.36	38
3917.75	3752.91	38
4461.89	4257.02	38
4969.24	4755.09	38
0.26	0.32	39
0.26	0.29	39
0.29	0.29	39
0.31	0.25	39
0.31	0.33	39
0.29	0.37	39
0.35	0.34	39
0.52	0.5	39
0.68	0.56	39
0.86	0.9	39
1.17	1.46	39
2.6	2.54	39
5.01	5.03	39
8.9	9.07	39
16.8	18.1	39
34.53	35.21	39
67.68	69.79	39
131.74	139.58	39
263.59	274.17	39
522.22	543.05	39
1016.64	1055.56	39
1507.56	1564.22	39
1990.16	2068.2	39
2471.28	2564.69	39
2949.02	3061.22	39
3426.57	3560.47	39
3925.16	4075.73	39
4467.64	4634.94	39
0.25	0.34	39
0.25	0.27	39
0.31	0.26	39
0.27	0.31	39
0.33	0.29	39
0.33	0.32	39
0.33	0.35	39
0.43	0.43	39
0.54	0.48	39
0.63	0.77	39
0.89	0.91	39
1.43	1.58	39
2.26	2.26	39
4.13	3.83	39
8.19	7.72	39
15.36	15.84	39
29.42	29.24	39
58.33	56.43	39
114.47	112.44	39
225.16	222.08	39
436.34	423.48	39
650.62	630.42	39
860.79	838.36	39
1074.96	1048.52	39
1282.97	1251.14	39
1503.7	1454.57	39
1707.96	1662.57	39
1921.56	1869.08	39
0.25	0.27	39
0.23	0.27	39
0.3	0.27	39
0.24	0.26	39
0.27	0.28	39
0.25	0.28	39
0.34	0.3	39
0.4	0.41	39
0.65	0.55	39
0.84	0.77	39
1.43	1.27	39
2.15	2.23	39
4.55	3.87	39
9.05	7.8	39
17.1	15.64	39
34.52	30.58	39
66.82	60.04	39
129.72	120.66	39
246.31	237.13	39
520.04	473.46	39
996.16	919.15	39
1478.34	1360.84	39
1920.77	1801.81	39
2385.52	2242.21	39
2918.42	2692.03	39
3272.66	3119.14	39
3808.35	3580.86	39
4258.94	4056.93	39
0.26	0.29	39
0.27	0.25	39
0.26	0.29	39
0.28	0.29	39
0.28	0.25	39
0.33	0.32	39
0.33	0.37	39
0.4	0.41	39
0.58	0.56	39
0.68	0.6	39
0.98	0.91	39
1.62	1.46	39
2.67	2.24	39
4.77	4.07	39
9.25	7.54	39
15.35	14.65	39
34.83	28.16	39
62.43	54.42	39
118.02	105.84	39
233.4	209.02	39
444.11	403.7	39
631.17	603.42	39
843.55	794.55	39
1044.04	985.27	39
1274.07	1183.89	39
1532.28	1376.52	39
1682.95	1571.9	39
1876.96	1767.08	39
0.26	0.28	40
0.25	0.25	40
0.23	0.24	40
0.38	0.3	40
0.32	0.26	40
0.34	0.28	40
0.38	0.3	40
0.46	0.4	40
0.65	0.57	40
0.9	0.74	40
1.33	1.48	40
2.83	2.33	40
4.23	5.41	40
10.5	9.54	40
19.44	20.18	40
39.6	40.11	40
77.29	81.19	40
157.06	160.56	40
315.87	328.1	40
638.05	660.77	40
1249.34	1290.45	40
1868.14	1926.38	40
2479.1	2548.31	40
3076.49	3181.56	40
3669.48	3789.63	40
4272.1	4418.45	40
4888.02	5035.21	40
5476.52	5653.73	40
0.23	0.24	40
0.24	0.22	40
0.23	0.24	40
0.24	0.27	40
0.27	0.27	40
0.27	0.25	40
0.34	0.29	40
0.37	0.39	40
0.54	0.54	40
0.83	0.84	40
1.53	1.42	40
2.64	2.48	40
4.85	4.74	40
9.5	8.9	40
19.81	17.08	40
38.53	37.43	40
81.85	74.12	40
153.71	146.34	40
311.49	292.69	40
634.07	581.28	40
1170.04	1132.68	40
1743.13	1674.14	40
2303.22	2223.1	40
2919.46	2766.34	40
3514.46	3305.62	40
4008.13	3851.91	40
4603.3	4404.01	40
5143.23	4949.59	40
0.23	0.27	40
0.26	0.24	40
0.24	0.33	40
0.26	0.25	40
0.27	0.29	40
0.3	0.3	40
0.31	0.35	40
0.38	0.39	40
0.5	0.55	40
0.61	0.51	40
0.79	0.63	40
1.21	0.96	40
1.6	1.43	40
2.82	2.26	40
4.82	4.2	40
9.36	7.04	40
16.64	12.49	40
29.7	22.46	40
52.76	42.25	40
98.85	81.35	40
178.27	154.26	40
290.75	223.81	40
352.26	301.67	40
415.35	371.51	40
501.88	444.28	40
615.67	515.46	40
659.97	585.56	40
808.48	660.91	40
