0.62	0.56	1
0.74	0.77	1
1.09	0.97	1
1.14	1.37	1
1.52	1.28	1
1.55	1.11	1
1.31	1.57	1
1.61	1.74	1
2.38	1.8	1
2.31	2.3	1
3.25	3.67	1
4.73	4.73	1
7.78	8.51	1
12.79	16.26	1
23.52	30.16	1
35.17	58.12	1
67.01	114.92	1
127.59	227.26	1
311.27	438.06	1
368.64	650.55	1
483.46	870.35	1
757.05	1068.93	1
711.11	1276.84	1
1049.33	1487.87	1
1198.19	1691.36	1
1353.88	1903.71	1
0.62	0.63	1
0.94	0.92	1
1.12	1.04	1
1.19	1.67	1
1.5	1.37	1
1.82	1.44	1
1.72	1.82	1
1.73	2.39	1
3.05	2.79	1
4.25	4.67	1
7.57	6.17	1
14.28	11.47	1
27.87	18.0	1
45.47	33.46	1
89.44	60.04	1
207.01	116.66	1
349.41	230.3	1
818.99	459.51	1
1591.19	893.64	1
2370.01	1325.93	1
2253.75	1784.27	1
3449.66	2260.92	1
4169.36	2729.73	1
4912.96	3206.26	1
6579.58	3681.54	1
7402.02	4134.82	1
0.56	0.49	1
0.57	0.62	1
1.18	0.98	1
1.31	1.22	1
1.02	1.64	1
1.39	1.45	1
1.35	1.25	1
1.36	1.86	1
2.05	2.4	1
2.14	2.4	1
3.07	4.02	1
3.86	5.32	1
6.36	10.39	1
10.38	19.26	1
18.85	36.08	1
35.25	70.03	1
66.37	122.93	1
163.73	261.05	1
326.73	445.04	1
373.55	657.76	1
482.42	873.26	1
601.46	1083.99	1
933.63	1304.48	1
834.27	1518.25	1
1199.9	1680.84	1
1073.06	1938.28	1
0.58	0.65	1
0.71	0.79	1
1.14	1.0	1
1.41	1.44	1
1.31	1.48	1
1.45	1.8	1
1.5	1.73	1
1.91	2.42	1
2.75	3.22	1
4.54	4.96	1
6.53	7.43	1
12.77	14.13	1
27.47	21.26	1
38.73	35.9	1
103.91	63.27	1
208.2	121.79	1
410.67	239.74	1
702.29	482.14	1
1591.5	904.73	1
1691.73	1342.92	1
3201.24	1801.38	1
4041.24	2291.46	1
4896.75	2765.81	1
4062.03	3243.5	1
6586.74	3719.62	1
6317.48	4163.34	1
0.52	0.63	2
0.78	0.92	2
1.0	1.1	2
1.24	1.33	2
1.25	1.51	2
1.55	1.48	2
1.96	1.52	2
2.16	1.75	2
2.42	2.37	2
2.96	2.92	2
4.43	4.5	2
6.54	7.82	2
11.33	13.84	2
21.45	24.49	2
35.95	48.08	2
68.56	93.44	2
151.56	182.11	2
298.14	356.96	2
578.9	693.1	2
856.49	1029.49	2
1132.86	1369.45	2
1259.48	1708.3	2
1679.93	2030.81	2
1738.23	2363.79	2
2212.26	2681.33	2
2220.71	3012.27	2
0.73	0.5	2
0.74	0.8	2
1.08	0.87	2
1.23	1.11	2
1.31	1.32	2
1.25	1.91	2
1.51	1.41	2
2.22	2.31	2
2.52	2.66	2
4.39	4.15	2
7.01	8.48	2
10.85	8.11	2
20.76	20.83	2
46.65	34.48	2
78.16	51.97	2
179.44	99.35	2
356.63	191.46	2
597.22	382.7	2
1371.78	730.77	2
1716.64	1086.22	2
2695.32	1434.27	2
3346.7	1778.1	2
3393.31	2121.14	2
3194.17	2471.0	2
4487.34	2810.7	2
5957.31	3157.68	2
0.51	0.49	2
0.75	0.77	2
0.98	1.03	2
1.14	1.15	2
1.31	1.23	2
1.32	1.22	2
1.44	1.52	2
1.85	1.68	2
2.02	2.21	2
2.89	2.98	2
3.57	5.17	2
5.93	7.66	2
11.68	14.39	2
21.13	25.92	2
41.24	50.38	2
65.19	93.58	2
143.02	174.26	2
249.18	371.03	2
480.89	666.18	2
718.71	997.92	2
948.52	1321.13	2
1472.42	1634.29	2
1414.59	1941.82	2
1640.23	2294.08	2
1874.51	2607.4	2
2110.31	2897.83	2
0.62	0.55	2
0.81	0.94	2
0.98	1.44	2
1.56	1.69	2
1.14	1.07	2
1.4	1.37	2
1.98	1.47	2
1.82	1.95	2
2.77	3.2	2
4.36	5.46	2
7.55	7.76	2
11.57	13.07	2
17.64	22.21	2
40.76	37.59	2
91.87	52.67	2
180.32	101.45	2
356.85	201.48	2
712.54	402.45	2
1373.88	766.19	2
2043.5	1124.4	2
2699.33	1496.03	2
3350.08	1834.86	2
2795.76	2178.11	2
4620.7	2512.48	2
5225.33	2826.63	2
5832.24	3136.0	2
0.55	0.58	3
0.73	0.79	3
1.13	1.02	3
1.07	1.15	3
1.21	1.32	3
1.37	1.5	3
1.34	1.51	3
1.89	1.67	3
3.23	2.83	3
4.43	4.0	3
6.69	6.38	3
12.5	7.78	3
16.0	14.04	3
44.45	24.81	3
87.79	49.77	3
173.32	94.33	3
341.29	184.77	3
680.17	358.34	3
1109.97	690.18	3
1941.63	1013.92	3
1754.84	1339.9	3
3203.47	1666.58	3
3829.9	1991.29	3
4626.26	2456.56	3
4457.1	2799.63	3
5008.58	3148.61	3
0.55	0.72	3
0.91	0.83	3
1.17	0.97	3
1.29	1.21	3
1.3	1.44	3
1.51	1.47	3
1.9	1.35	3
2.08	2.31	3
2.21	1.92	3
3.13	3.09	3
4.04	4.39	3
6.33	7.36	3
12.47	13.23	3
18.71	24.68	3
37.07	47.9	3
77.32	94.4	3
135.72	180.81	3
301.58	359.61	3
525.35	698.88	3
771.41	1039.56	3
1021.95	1378.21	3
1465.22	1759.45	3
1744.2	2087.83	3
2239.04	2427.42	3
2070.07	2783.97	3
2595.35	3145.96	3
0.56	0.48	3
0.63	0.68	3
0.76	0.94	3
1.07	0.99	3
1.12	1.44	3
1.57	1.13	3
1.46	1.69	3
1.8	2.08	3
2.73	2.85	3
3.69	3.99	3
6.32	5.74	3
9.64	7.51	3
21.41	16.55	3
40.96	24.84	3
79.26	46.0	3
132.91	85.42	3
213.0	166.31	3
613.42	327.14	3
1004.36	627.62	3
1214.67	931.66	3
2365.03	1213.88	3
2942.67	1518.18	3
3519.82	1819.96	3
4105.01	2122.02	3
4674.8	2411.24	3
5253.71	2705.15	3
0.5	0.52	3
0.84	0.77	3
1.07	1.07	3
1.18	1.24	3
1.26	1.37	3
1.35	1.46	3
1.48	1.51	3
1.79	1.93	3
1.88	2.4	3
3.01	3.38	3
4.15	5.02	3
6.53	7.06	3
10.32	12.78	3
18.42	26.36	3
33.57	50.43	3
71.98	96.3	3
125.44	181.2	3
248.05	345.19	3
481.26	708.34	3
713.75	986.36	3
1190.3	1311.97	3
1176.64	1631.65	3
1409.53	1944.11	3
1871.12	2299.53	3
2101.81	2602.79	3
2109.15	2907.97	3
0.55	0.59	4
1.01	0.95	4
1.46	1.03	4
1.06	1.61	4
1.43	1.53	4
1.65	1.47	4
1.77	1.77	4
1.99	2.05	4
2.67	3.33	4
4.67	4.52	4
8.4	8.32	4
15.26	10.47	4
23.36	20.16	4
45.43	39.45	4
93.2	62.15	4
181.61	121.5	4
419.13	235.66	4
834.11	465.42	4
1380.5	903.25	4
2399.49	1338.24	4
2706.64	1770.78	4
3952.05	2205.77	4
4037.56	2635.71	4
4689.44	3060.98	4
6267.17	3490.0	4
7049.16	3923.6	4
0.57	0.63	4
0.81	0.84	4
0.92	0.93	4
1.2	1.27	4
1.25	1.6	4
1.77	1.65	4
1.35	1.64	4
2.22	1.75	4
1.99	1.79	4
1.99	2.27	4
3.48	3.18	4
4.11	5.48	4
6.3	8.66	4
10.31	15.77	4
19.08	30.88	4
34.75	59.05	4
67.44	112.71	4
131.07	223.69	4
245.87	439.21	4
654.19	649.38	4
481.82	855.13	4
913.05	1063.87	4
717.78	1280.45	4
1046.66	1499.72	4
948.29	1699.57	4
1354.38	1895.48	4
0.5	0.5	4
0.71	0.72	4
0.94	0.91	4
1.27	1.2	4
1.37	1.41	4
1.48	1.24	4
1.76	1.6	4
1.82	2.06	4
2.74	3.05	4
3.83	4.35	4
7.25	6.34	4
13.08	9.95	4
21.14	16.85	4
41.35	32.82	4
94.3	58.37	4
185.21	111.97	4
368.06	209.91	4
626.1	411.49	4
1427.55	781.08	4
2099.03	1145.69	4
2786.55	1538.96	4
2938.68	1913.23	4
4153.46	2262.19	4
4851.23	2642.44	4
4675.39	2978.7	4
6204.13	3361.04	4
0.55	0.5	4
0.61	0.7	4
0.98	0.98	4
1.39	1.3	4
1.17	1.1	4
1.06	1.11	4
1.26	1.27	4
1.72	1.62	4
1.98	2.02	4
1.76	2.71	4
2.79	3.82	4
3.9	5.99	4
6.26	10.77	4
10.85	17.99	4
19.56	38.52	4
35.7	65.53	4
65.48	140.27	4
162.08	224.68	4
250.55	468.74	4
560.14	664.34	4
482.46	883.14	4
758.37	1092.8	4
718.62	1261.12	4
1056.78	1491.55	4
1460.13	1698.86	4
1072.78	1935.52	4
0.45	0.38	5
0.63	0.53	5
0.75	0.84	5
1.2	1.53	5
1.87	2.64	5
2.83	2.18	5
2.51	3.02	5
3.31	3.43	5
3.86	4.69	5
6.62	5.69	5
10.82	11.25	5
17.86	17.97	5
34.72	32.55	5
64.27	64.78	5
120.19	120.03	5
217.24	216.43	5
370.9	372.09	5
622.76	632.06	5
874.7	863.75	5
1115.01	1117.59	5
1363.06	1355.26	5
1576.05	1582.43	5
1781.34	1839.56	5
1988.95	2031.71	5
2198.91	2258.71	5
0.38	0.44	5
0.55	0.61	5
0.84	0.75	5
1.39	1.53	5
2.22	2.38	5
2.95	2.57	5
3.86	3.58	5
4.68	6.12	5
9.13	8.5	5
14.89	15.13	5
27.35	28.03	5
53.67	52.2	5
101.32	100.16	5
186.66	186.17	5
328.04	325.85	5
540.53	535.59	5
799.63	796.49	5
1208.65	1206.75	5
1591.35	1598.01	5
1984.59	1972.59	5
2356.33	2335.45	5
2735.67	2701.81	5
3173.46	3060.31	5
3494.68	3409.13	5
3852.22	3748.91	5
0.37	0.36	5
0.5	0.52	5
0.78	0.76	5
1.24	1.33	5
2.16	1.74	5
1.88	2.21	5
2.79	2.7	5
2.89	3.17	5
3.79	3.85	5
6.44	5.97	5
10.02	8.94	5
15.61	16.53	5
28.08	28.38	5
54.94	53.52	5
100.15	99.92	5
178.17	177.41	5
305.45	308.56	5
536.94	540.41	5
769.93	768.66	5
999.38	1005.26	5
1238.8	1219.62	5
1459.85	1453.47	5
1672.07	1667.74	5
1867.36	1903.17	5
2066.06	2111.42	5
0.37	0.41	5
0.47	0.54	5
0.83	0.82	5
1.54	1.3	5
2.65	2.08	5
1.94	2.77	5
4.44	3.57	5
6.32	6.48	5
8.08	8.15	5
15.52	15.04	5
27.74	29.32	5
52.63	52.15	5
98.79	98.26	5
179.47	180.24	5
313.77	311.83	5
504.66	514.39	5
746.42	743.78	5
1142.03	1135.67	5
1518.12	1512.28	5
1878.44	1880.93	5
2261.33	2228.09	5
2632.19	2582.49	5
3016.53	2915.42	5
3331.23	3227.55	5
3636.38	3545.22	5
0.4	0.39	6
0.58	0.58	6
0.75	0.83	6
1.22	1.42	6
2.2	2.42	6
2.39	2.84	6
3.65	3.23	6
6.26	6.21	6
8.42	8.77	6
14.94	16.33	6
28.71	29.1	6
52.58	53.58	6
101.25	100.87	6
188.36	186.78	6
339.01	339.81	6
558.42	555.66	6
820.88	819.79	6
1215.7	1211.12	6
1594.19	1593.62	6
1956.93	1963.21	6
2332.0	2323.05	6
2761.94	2756.78	6
3107.07	3130.02	6
3485.81	3483.09	6
3798.51	3829.49	6
0.37	0.39	6
0.57	0.53	6
0.94	0.94	6
1.25	1.48	6
2.6	2.59	6
2.62	2.21	6
3.31	3.4	6
4.34	3.69	6
5.16	5.5	6
8.1	7.09	6
11.88	11.76	6
18.68	18.88	6
35.58	35.42	6
67.39	68.55	6
123.69	125.97	6
224.09	227.15	6
383.49	384.36	6
646.22	640.43	6
880.41	879.33	6
1122.03	1117.73	6
1342.63	1348.66	6
1564.35	1582.3	6
1813.84	1818.42	6
2036.25	2041.4	6
2273.95	2301.83	6
0.38	0.39	6
0.52	0.49	6
0.72	0.69	6
1.18	1.06	6
1.39	2.14	6
2.73	2.6	6
3.57	3.0	6
4.07	4.35	6
6.32	7.6	6
11.2	11.72	6
20.68	20.49	6
37.68	38.64	6
72.6	70.93	6
132.57	131.07	6
232.78	232.24	6
392.72	392.0	6
602.62	608.92	6
953.38	945.98	6
1291.02	1290.72	6
1632.28	1629.77	6
1960.18	1972.16	6
2302.36	2328.26	6
2645.92	2639.83	6
2958.04	2972.02	6
3261.4	3279.49	6
0.37	0.4	6
0.53	0.51	6
0.76	0.84	6
1.38	1.36	6
2.4	2.22	6
1.91	2.25	6
2.38	3.53	6
3.43	3.11	6
4.32	4.88	6
5.64	6.45	6
10.67	10.92	6
17.58	17.09	6
31.7	32.16	6
58.76	60.32	6
104.77	108.4	6
191.52	189.76	6
327.07	325.59	6
562.41	566.83	6
796.03	798.66	6
1014.86	1025.07	6
1255.29	1256.36	6
1483.83	1484.68	6
1707.87	1717.78	6
1929.73	1926.56	6
2133.13	2135.21	6
0.38	0.43	7
0.55	0.51	7
0.82	0.82	7
1.46	1.47	7
2.32	2.11	7
2.07	1.9	7
3.11	1.96	7
2.55	3.9	7
3.93	3.37	7
6.55	6.52	7
10.59	10.37	7
17.54	17.83	7
33.92	33.88	7
63.02	62.32	7
119.83	118.05	7
216.19	216.72	7
371.11	373.92	7
627.95	624.04	7
867.74	870.23	7
1097.8	1106.62	7
1319.28	1337.34	7
1554.23	1564.88	7
1794.46	1796.7	7
2027.78	2039.91	7
2243.11	2256.54	7
0.4	0.36	7
0.52	0.5	7
0.74	0.89	7
1.47	1.49	7
1.68	2.56	7
1.96	1.74	7
3.2	2.76	7
4.97	4.8	7
8.85	7.96	7
14.97	15.6	7
27.4	27.33	7
50.93	51.42	7
95.34	95.74	7
177.47	176.74	7
317.99	315.87	7
530.77	533.39	7
794.74	778.34	7
1177.54	1179.78	7
1548.21	1561.36	7
1929.52	1928.13	7
2297.13	2289.11	7
2649.93	2677.31	7
3027.45	3019.31	7
3361.96	3371.64	7
3697.99	3709.08	7
0.36	0.39	7
0.49	0.51	7
0.86	0.77	7
1.31	1.34	7
2.49	2.27	7
2.26	2.4	7
3.89	3.17	7
3.19	3.32	7
4.18	4.7	7
6.4	5.94	7
8.94	9.03	7
15.54	15.84	7
29.1	29.11	7
52.59	52.53	7
96.58	99.19	7
180.54	178.14	7
313.43	309.27	7
542.47	541.69	7
777.63	774.19	7
996.58	1001.05	7
1217.61	1225.84	7
1428.86	1443.59	7
1673.17	1662.84	7
1907.03	1887.74	7
2115.83	2101.78	7
0.39	0.38	7
0.54	0.48	7
0.75	0.72	7
1.01	1.08	7
2.01	2.16	7
2.94	2.87	7
3.71	3.14	7
5.34	4.77	7
7.45	6.91	7
12.35	12.46	7
21.97	22.03	7
42.9	42.86	7
79.08	78.11	7
148.51	145.61	7
254.64	257.71	7
429.4	427.86	7
651.46	650.86	7
1003.65	1003.92	7
1350.23	1355.95	7
1712.34	1690.31	7
2037.89	2050.04	7
2410.3	2384.95	7
2743.24	2712.77	7
3082.81	3089.8	7
3396.43	3390.11	7
0.38	0.4	8
0.54	0.57	8
0.88	0.78	8
1.27	1.21	8
2.24	2.34	8
2.86	2.66	8
4.21	4.1	8
4.96	4.86	8
9.53	9.34	8
15.91	15.6	8
29.08	29.14	8
51.66	53.43	8
99.0	100.79	8
185.52	185.06	8
331.0	329.51	8
548.2	549.25	8
821.48	816.09	8
1227.37	1235.23	8
1625.1	1620.33	8
2052.79	2044.48	8
2439.48	2425.47	8
2837.94	2797.47	8
3226.77	3177.39	8
3620.6	3541.09	8
3951.34	3886.95	8
0.41	0.44	8
0.63	0.54	8
0.79	0.95	8
1.38	1.22	8
2.48	1.72	8
3.11	3.43	8
3.08	3.11	8
3.12	3.91	8
4.5	3.78	8
7.27	6.82	8
11.3	10.59	8
19.9	19.91	8
34.48	35.26	8
68.5	66.14	8
126.81	127.31	8
223.88	222.06	8
385.5	382.21	8
634.47	634.22	8
879.63	880.31	8
1125.62	1123.72	8
1371.96	1362.03	8
1595.65	1590.09	8
1806.94	1827.35	8
2022.84	2053.95	8
2206.08	2248.91	8
0.31	0.34	8
0.5	0.5	8
0.74	0.74	8
1.08	1.13	8
1.74	1.48	8
2.62	2.91	8
3.75	3.37	8
4.23	3.46	8
6.55	7.16	8
10.97	11.1	8
20.88	19.83	8
37.65	37.79	8
71.93	71.11	8
128.69	130.61	8
233.71	232.2	8
391.13	392.9	8
607.26	609.27	8
965.25	973.51	8
1329.13	1313.27	8
1663.87	1668.53	8
2020.9	1995.82	8
2365.85	2330.47	8
2709.34	2682.16	8
3064.24	2993.14	8
3374.16	3314.69	8
0.36	0.36	8
0.52	0.5	8
0.77	0.83	8
1.14	1.31	8
1.75	2.33	8
2.68	3.32	8
2.6	2.62	8
2.81	3.48	8
3.98	4.57	8
6.16	6.27	8
8.93	8.93	8
16.64	15.34	8
28.48	28.3	8
53.66	51.24	8
95.95	95.25	8
178.02	174.67	8
309.45	309.34	8
534.51	537.73	8
765.95	771.74	8
992.05	993.77	8
1222.72	1223.06	8
1444.38	1457.55	8
1649.82	1675.83	8
1876.37	1909.17	8
2071.1	2137.44	8
0.3	0.29	9
0.3	0.35	9
0.35	0.28	9
0.3	0.25	9
0.37	0.34	9
0.37	0.38	9
0.37	0.43	9
0.47	0.46	9
0.42	0.41	9
0.5	0.56	9
0.67	0.62	9
0.89	0.85	9
1.13	1.15	9
2.01	1.97	9
2.69	2.85	9
5.3	5.0	9
8.3	7.81	9
16.21	14.75	9
28.34	28.69	9
46.87	56.09	9
107.0	106.66	9
204.87	199.91	9
288.94	294.42	9
365.36	393.28	9
468.91	483.48	9
555.39	590.38	9
610.26	687.26	9
694.56	773.73	9
823.49	881.32	9
0.29	0.31	9
0.29	0.3	9
0.36	0.32	9
0.34	0.3	9
0.32	0.33	9
0.35	0.36	9
0.33	0.4	9
0.42	0.39	9
0.55	0.5	9
0.69	0.68	9
1.03	0.9	9
1.64	1.37	9
2.96	2.52	9
5.54	5.93	9
10.4	9.45	9
20.02	19.88	9
40.05	40.34	9
66.05	66.23	9
159.66	185.19	9
316.03	312.79	9
735.2	621.29	9
1025.99	1030.71	9
2166.39	1565.02	9
2404.1	1991.56	9
2443.99	2620.7	9
3503.78	2899.91	9
4107.92	3601.84	9
3908.28	4104.43	9
5325.71	4423.99	9
0.24	0.26	9
0.27	0.27	9
0.22	0.27	9
0.28	0.28	9
0.23	0.28	9
0.35	0.3	9
0.34	0.31	9
0.38	0.41	9
0.46	0.42	9
0.52	0.57	9
0.65	0.63	9
0.87	0.87	9
1.26	1.23	9
2.05	1.97	9
2.83	3.37	9
5.48	5.65	9
7.92	7.93	9
15.39	16.34	9
27.35	34.29	9
53.61	49.97	9
102.8	99.93	9
190.09	240.46	9
278.58	323.09	9
365.76	383.09	9
427.76	456.4	9
542.5	584.55	9
618.41	662.37	9
667.84	784.46	9
818.13	825.68	9
0.3	0.32	9
0.28	0.28	9
0.29	0.32	9
0.32	0.3	9
0.33	0.31	9
0.39	0.36	9
0.33	0.31	9
0.41	0.43	9
0.57	0.52	9
0.64	0.79	9
0.91	0.85	9
1.62	1.86	9
2.67	2.7	9
5.6	4.72	9
8.84	11.48	9
20.63	21.1	9
41.34	50.95	9
94.66	84.33	9
139.7	237.22	9
324.65	274.04	9
641.63	541.96	9
1062.69	1069.45	9
1880.95	1576.47	9
2827.13	2181.43	9
3009.41	3160.1	9
4134.08	3045.61	9
3510.31	3512.32	9
4781.3	4004.86	9
6267.25	4528.21	9
0.27	0.3	10
0.28	0.3	10
0.36	0.3	10
0.31	0.25	10
0.3	0.29	10
0.33	0.34	10
0.41	0.39	10
0.35	0.35	10
0.35	0.49	10
0.7	0.54	10
0.75	0.66	10
1.14	1.16	10
1.56	1.88	10
2.85	2.81	10
5.28	4.34	10
9.0	8.39	10
16.19	17.08	10
31.61	32.14	10
60.83	62.6	10
123.39	120.06	10
234.2	242.13	10
477.12	473.89	10
694.37	703.86	10
894.91	933.18	10
1087.07	1162.53	10
1334.32	1389.75	10
1586.73	1619.83	10
1856.5	1849.03	10
2044.88	2089.96	10
0.29	0.27	10
0.32	0.21	10
0.26	0.31	10
0.26	0.34	10
0.26	0.35	10
0.35	0.4	10
0.32	0.35	10
0.33	0.42	10
0.51	0.54	10
0.73	0.78	10
1.01	1.14	10
1.78	1.71	10
2.29	2.53	10
3.41	3.83	10
6.96	8.85	10
19.31	13.15	10
25.38	36.61	10
63.37	51.16	10
124.86	145.73	10
249.3	291.97	10
498.49	491.02	10
967.63	794.75	10
1427.1	1242.27	10
1873.36	1526.77	10
2319.99	1878.0	10
2765.4	2337.18	10
3817.29	2592.6	10
2946.62	3059.88	10
3303.34	3498.25	10
0.26	0.25	10
0.25	0.3	10
0.28	0.23	10
0.24	0.25	10
0.24	0.26	10
0.3	0.28	10
0.3	0.26	10
0.32	0.37	10
0.36	0.39	10
0.53	0.6	10
0.62	0.63	10
1.0	1.12	10
1.5	1.62	10
2.67	2.87	10
4.48	4.61	10
8.63	8.9	10
16.16	16.48	10
33.24	31.45	10
55.41	66.34	10
110.12	136.45	10
228.25	238.11	10
422.2	438.91	10
678.46	632.52	10
860.5	858.87	10
1020.78	1051.63	10
1271.49	1288.89	10
1475.92	1532.93	10
1753.31	1675.7	10
1943.38	1914.65	10
0.25	0.27	10
0.23	0.27	10
0.3	0.27	10
0.3	0.32	10
0.26	0.28	10
0.25	0.36	10
0.32	0.35	10
0.41	0.36	10
0.56	0.57	10
0.72	0.75	10
0.9	0.88	10
1.92	1.76	10
3.73	2.03	10
4.3	5.84	10
8.08	7.02	10
19.04	17.46	10
27.37	27.4	10
76.03	70.25	10
128.43	107.68	10
215.3	216.38	10
599.51	428.03	10
1159.37	821.75	10
1457.38	1412.61	10
1911.24	1631.95	10
2357.2	2047.87	10
2800.47	2366.26	10
3228.43	2638.19	10
3620.45	3082.62	10
3275.96	3551.85	10
0.27	0.27	11
0.28	0.27	11
0.33	0.26	11
0.27	0.3	11
0.31	0.27	11
0.29	0.32	11
0.33	0.33	11
0.41	0.38	11
0.46	0.46	11
0.72	0.64	11
0.94	0.92	11
1.3	1.41	11
1.86	1.93	11
4.04	3.66	11
8.14	7.92	11
13.41	12.05	11
44.59	37.75	11
61.89	50.26	11
123.07	99.13	11
291.51	197.25	11
486.34	480.67	11
763.96	772.97	11
1403.07	1174.48	11
2212.31	1502.91	11
1872.88	2078.35	11
3303.37	2324.76	11
3229.23	2633.16	11
3684.24	3020.23	11
4925.89	3378.96	11
0.27	0.27	11
0.24	0.27	11
0.3	0.29	11
0.3	0.33	11
0.31	0.33	11
0.34	0.29	11
0.4	0.34	11
0.37	0.44	11
0.36	0.47	11
0.57	0.55	11
0.62	0.68	11
1.12	1.14	11
1.67	1.57	11
3.05	2.59	11
4.65	4.78	11
8.2	8.54	11
16.46	16.51	11
31.19	31.58	11
61.1	63.2	11
122.43	122.2	11
242.64	240.38	11
455.05	460.63	11
702.98	689.05	11
907.49	918.52	11
1124.51	1151.97	11
1336.09	1354.44	11
1545.07	1575.58	11
1716.89	1797.38	11
1980.43	2020.59	11
0.23	0.24	11
0.24	0.23	11
0.25	0.27	11
0.24	0.23	11
0.29	0.3	11
0.29	0.28	11
0.33	0.32	11
0.32	0.34	11
0.48	0.5	11
0.58	0.57	11
0.96	0.97	11
1.35	1.05	11
1.61	2.04	11
3.98	2.86	11
8.91	5.42	11
13.98	10.92	11
23.92	23.47	11
46.25	46.72	11
91.03	140.63	11
174.31	228.25	11
430.68	467.42	11
678.88	694.84	11
1242.85	1090.55	11
1309.15	1506.82	11
2450.59	1650.85	11
2462.92	2205.74	11
3393.36	2299.1	11
3888.9	2679.16	11
2963.54	3088.74	11
0.25	0.25	11
0.28	0.27	11
0.29	0.29	11
0.28	0.32	11
0.28	0.22	11
0.29	0.32	11
0.35	0.31	11
0.36	0.42	11
0.42	0.39	11
0.6	0.55	11
0.7	0.8	11
1.1	1.13	11
1.42	1.63	11
2.67	2.86	11
4.78	4.25	11
8.85	9.26	11
15.4	18.53	11
31.62	36.73	11
59.13	64.54	11
115.62	131.38	11
255.01	247.1	11
441.07	490.91	11
711.19	705.62	11
857.02	906.73	11
1092.0	1154.82	11
1336.46	1324.49	11
1485.12	1518.75	11
1686.36	1782.26	11
2023.28	2079.28	11
0.3	0.32	12
0.25	0.24	12
0.27	0.26	12
0.28	0.27	12
0.27	0.33	12
0.29	0.27	12
0.38	0.43	12
0.4	0.33	12
0.47	0.42	12
0.58	0.6	12
0.99	1.14	12
1.37	1.12	12
2.54	2.31	12
5.31	4.86	12
10.49	9.42	12
18.4	14.78	12
30.75	36.91	12
61.02	60.73	12
145.88	144.15	12
241.16	288.34	12
582.88	577.13	12
1141.37	939.54	12
1974.97	1669.79	12
2237.73	1849.06	12
2788.44	2757.25	12
3901.93	2754.46	12
3212.29	3394.34	12
4428.95	4217.69	12
4125.55	4145.52	12
0.27	0.24	12
0.29	0.25	12
0.23	0.25	12
0.25	0.31	12
0.38	0.28	12
0.32	0.34	12
0.32	0.4	12
0.48	0.38	12
0.33	0.46	12
0.48	0.52	12
0.6	0.68	12
0.81	0.84	12
1.07	1.05	12
1.81	1.83	12
2.54	2.72	12
5.17	4.95	12
7.86	8.41	12
13.99	15.49	12
28.67	28.29	12
53.65	53.15	12
99.74	106.3	12
204.4	196.93	12
288.06	290.83	12
379.2	397.35	12
466.0	490.71	12
592.46	556.5	12
644.98	682.56	12
741.33	777.96	12
822.16	862.94	12
0.24	0.23	12
0.21	0.25	12
0.22	0.24	12
0.26	0.27	12
0.25	0.24	12
0.27	0.26	12
0.3	0.29	12
0.31	0.33	12
0.43	0.45	12
0.69	0.57	12
0.82	1.01	12
1.08	1.07	12
2.47	2.23	12
4.21	5.94	12
8.07	8.88	12
14.2	21.24	12
38.68	34.44	12
80.34	59.3	12
137.98	140.71	12
232.04	228.86	12
461.74	548.43	12
880.35	890.12	12
1540.12	1665.63	12
2049.04	1730.45	12
3420.56	2153.08	12
3049.15	2550.77	12
4186.4	3074.57	12
3365.84	3587.36	12
3787.95	3840.93	12
0.22	0.26	12
0.28	0.26	12
0.29	0.28	12
0.3	0.22	12
0.28	0.32	12
0.3	0.33	12
0.34	0.34	12
0.3	0.36	12
0.34	0.42	12
0.55	0.58	12
0.71	0.66	12
1.15	0.98	12
1.08	1.14	12
1.92	2.03	12
2.85	2.76	12
5.47	6.48	12
8.96	9.02	12
16.33	17.39	12
28.93	32.49	12
51.68	54.07	12
127.57	121.77	12
203.41	225.51	12
269.78	323.49	12
371.19	470.74	12
437.8	534.51	12
493.73	588.66	12
607.43	672.75	12
707.72	787.27	12
800.71	862.5	12
0.28	0.33	13
0.34	0.32	13
0.42	0.48	13
0.64	0.64	13
0.98	1.08	13
1.32	1.94	13
2.84	2.64	13
4.03	4.7	13
4.23	3.4	13
5.59	6.8	13
8.79	9.19	13
14.58	13.71	13
23.76	23.03	13
40.84	41.44	13
68.01	70.37	13
107.57	104.55	13
143.52	144.29	13
200.31	200.42	13
301.24	307.17	13
519.05	510.71	13
741.49	728.78	13
942.86	945.3	13
1153.39	1162.19	13
1369.89	1388.44	13
1591.55	1576.63	13
1786.79	1782.23	13
1942.45	1970.53	13
0.26	0.27	13
0.32	0.33	13
0.43	0.45	13
0.66	0.62	13
1.1	1.05	13
1.87	1.33	13
3.03	2.05	13
3.67	3.34	13
3.12	4.65	13
7.34	5.54	13
9.89	9.56	13
15.42	15.14	13
26.49	24.73	13
48.98	47.74	13
81.03	79.47	13
128.59	126.95	13
188.25	185.95	13
283.32	278.21	13
474.36	471.31	13
837.39	844.49	13
1221.47	1219.23	13
1611.93	1557.31	13
1973.68	1929.64	13
2325.78	2282.43	13
2661.33	2660.89	13
3007.2	2970.6	13
3302.28	3289.48	13
0.25	0.25	13
0.3	0.31	13
0.38	0.39	13
0.56	0.56	13
0.97	0.89	13
1.73	1.77	13
2.77	2.32	13
2.96	4.61	13
3.66	4.05	13
4.54	4.0	13
7.25	7.42	13
11.46	12.64	13
18.77	18.53	13
32.66	33.78	13
54.27	52.61	13
82.93	84.64	13
113.37	113.45	13
173.52	171.42	13
267.81	270.39	13
459.03	473.06	13
666.75	652.96	13
863.82	859.21	13
1084.95	1076.67	13
1280.34	1264.66	13
1460.1	1450.15	13
1673.81	1651.93	13
1860.01	1840.87	13
0.23	0.27	13
0.33	0.3	13
0.39	0.42	13
0.62	0.62	13
0.97	0.99	13
1.53	1.68	13
2.61	2.81	13
2.8	2.55	13
4.32	4.07	13
5.38	4.75	13
7.68	8.85	13
13.42	12.32	13
22.62	22.02	13
37.67	36.81	13
62.39	63.5	13
103.56	104.1	13
154.22	153.3	13
240.49	239.4	13
414.84	417.57	13
747.79	751.97	13
1099.48	1089.25	13
1432.47	1417.36	13
1786.62	1729.17	13
2068.54	2054.26	13
2386.87	2372.63	13
2688.79	2677.96	13
2961.57	2965.33	13
0.32	0.27	14
0.33	0.38	14
0.5	0.45	14
0.72	0.71	14
1.11	1.16	14
1.87	2.12	14
3.54	4.08	14
4.46	5.11	14
4.33	5.48	14
6.62	6.04	14
10.45	11.48	14
16.83	16.9	14
26.54	27.31	14
49.61	49.05	14
82.6	81.17	14
128.19	132.29	14
181.15	188.43	14
271.95	268.45	14
443.66	442.54	14
768.44	771.38	14
1098.2	1101.33	14
1440.33	1447.59	14
1771.96	1791.79	14
2114.63	2128.77	14
2450.91	2437.28	14
2764.44	2759.71	14
3095.33	3069.93	14
0.3	0.27	14
0.36	0.36	14
0.49	0.47	14
0.71	0.64	14
1.19	1.1	14
1.83	2.09	14
3.74	3.73	14
4.65	4.85	14
5.03	5.21	14
5.54	7.43	14
10.22	9.12	14
16.11	16.78	14
27.53	26.44	14
45.44	43.06	14
72.81	71.73	14
111.38	110.83	14
149.9	150.89	14
213.02	212.21	14
325.27	326.82	14
571.87	554.89	14
862.04	787.07	14
1084.98	1000.84	14
1302.46	1226.97	14
1513.92	1445.78	14
1742.36	1635.72	14
1922.78	1852.78	14
2102.38	2024.22	14
0.25	0.25	14
0.31	0.29	14
0.41	0.38	14
0.55	0.57	14
0.97	0.95	14
1.69	1.41	14
3.0	2.44	14
3.6	4.02	14
3.48	3.47	14
4.8	4.3	14
8.52	7.92	14
11.31	11.79	14
20.37	21.69	14
35.62	36.15	14
60.37	61.37	14
95.38	93.58	14
144.11	138.53	14
216.1	220.16	14
373.72	384.25	14
661.09	679.99	14
968.42	970.99	14
1253.16	1277.96	14
1562.32	1570.0	14
1863.43	1860.0	14
2151.48	2162.39	14
2464.36	2441.26	14
2720.85	2733.38	14
0.28	0.27	14
0.32	0.31	14
0.44	0.46	14
0.65	0.66	14
1.06	1.17	14
2.08	2.16	14
2.62	2.53	14
4.03	5.37	14
5.58	4.65	14
6.75	5.58	14
8.15	9.3	14
14.42	14.28	14
23.69	24.14	14
42.18	40.43	14
69.34	68.59	14
106.6	103.77	14
140.11	140.48	14
197.88	198.45	14
310.47	306.9	14
558.29	524.28	14
829.28	750.78	14
1023.69	948.28	14
1233.09	1151.82	14
1421.41	1336.97	14
1600.99	1520.48	14
1770.69	1700.64	14
1914.38	1843.47	14
0.26	0.26	15
0.33	0.4	15
0.41	0.46	15
0.67	0.67	15
1.18	1.09	15
1.67	1.97	15
3.24	3.08	15
2.8	2.64	15
4.87	3.81	15
4.95	5.67	15
8.85	9.12	15
13.47	13.95	15
23.3	24.83	15
42.83	42.96	15
70.45	67.09	15
105.8	103.84	15
146.14	147.61	15
203.32	201.87	15
316.61	311.72	15
539.35	531.46	15
789.52	757.84	15
1002.22	984.47	15
1231.16	1195.3	15
1444.48	1423.15	15
1655.05	1632.75	15
1836.54	1869.03	15
2009.35	2014.77	15
0.29	0.27	15
0.33	0.32	15
0.46	0.43	15
0.65	0.67	15
1.0	1.05	15
1.59	1.82	15
3.48	2.86	15
2.46	4.02	15
5.11	5.34	15
6.24	7.03	15
10.13	9.56	15
16.68	15.61	15
26.98	24.8	15
44.78	44.68	15
77.08	79.36	15
120.94	122.58	15
175.5	175.09	15
263.25	261.24	15
433.0	433.87	15
761.1	765.65	15
1091.27	1097.17	15
1443.69	1423.01	15
1769.63	1782.98	15
2095.17	2102.53	15
2428.2	2447.43	15
2761.56	2750.69	15
3068.9	3056.29	15
0.25	0.25	15
0.29	0.28	15
0.41	0.43	15
0.56	0.56	15
0.93	0.95	15
1.74	1.51	15
2.87	2.96	15
2.94	3.17	15
3.94	5.16	15
4.75	4.91	15
7.5	6.47	15
10.32	10.85	15
19.02	18.4	15
32.79	31.58	15
52.66	52.56	15
84.58	83.22	15
114.78	115.99	15
168.02	170.83	15
270.17	268.98	15
478.61	479.4	15
703.3	677.33	15
907.58	880.29	15
1096.93	1067.6	15
1297.63	1281.85	15
1469.28	1440.21	15
1687.32	1638.85	15
1817.96	1813.15	15
0.26	0.25	15
0.3	0.3	15
0.4	0.44	15
0.6	0.58	15
0.97	0.79	15
1.64	1.33	15
2.63	2.92	15
2.9	3.34	15
3.91	3.41	15
5.29	4.96	15
6.62	7.31	15
12.09	12.57	15
20.36	21.32	15
37.1	36.19	15
61.49	61.63	15
98.56	96.23	15
144.0	142.97	15
224.13	220.73	15
370.97	371.82	15
669.47	677.09	15
973.92	959.29	15
1279.35	1287.05	15
1561.59	1571.23	15
1877.55	1880.66	15
2157.57	2180.34	15
2459.92	2426.86	15
2755.75	2752.33	15
0.32	0.27	16
0.38	0.37	16
0.46	0.42	16
0.64	0.65	16
1.18	1.17	16
1.54	1.98	16
2.87	2.44	16
4.07	3.02	16
3.46	5.9	16
5.44	6.24	16
8.81	10.12	16
15.21	15.59	16
28.04	27.25	16
49.18	47.71	16
82.01	82.24	16
127.6	126.37	16
178.82	181.77	16
272.38	273.84	16
449.03	448.19	16
803.31	795.34	16
1165.21	1136.69	16
1506.34	1490.6	16
1863.57	1827.2	16
2179.24	2165.95	16
2534.9	2520.58	16
2867.97	2837.82	16
3153.05	3150.91	16
0.25	0.28	16
0.32	0.36	16
0.51	0.52	16
0.65	0.67	16
0.98	1.1	16
1.61	1.57	16
2.7	3.48	16
3.33	4.81	16
3.62	4.82	16
4.67	5.93	16
9.51	9.24	16
14.35	14.56	16
24.89	25.03	16
42.35	43.46	16
71.17	70.35	16
108.52	109.52	16
149.34	148.78	16
206.79	204.43	16
309.72	312.9	16
514.9	515.2	16
739.4	728.91	16
956.46	940.72	16
1185.63	1152.11	16
1380.48	1380.57	16
1596.73	1567.36	16
1796.42	1808.05	16
1961.11	1977.28	16
0.27	0.23	16
0.29	0.31	16
0.39	0.39	16
0.63	0.6	16
0.96	0.94	16
1.33	1.56	16
1.92	2.25	16
3.63	3.87	16
5.02	4.5	16
3.93	4.34	16
7.75	7.39	16
12.9	12.04	16
20.12	21.04	16
36.98	36.5	16
61.75	60.71	16
96.04	97.86	16
142.78	141.23	16
224.28	220.6	16
380.95	382.21	16
694.86	692.86	16
1015.93	996.3	16
1343.38	1291.82	16
1613.55	1590.86	16
1900.97	1887.92	16
2228.24	2200.11	16
2476.58	2466.14	16
2750.78	2716.05	16
0.26	0.27	16
0.3	0.41	16
0.43	0.43	16
0.68	0.6	16
1.03	1.2	16
1.68	1.84	16
2.56	2.51	16
3.34	3.07	16
5.17	4.39	16
4.49	5.06	16
8.27	8.5	16
13.18	13.8	16
23.01	23.14	16
39.75	37.42	16
63.65	63.96	16
95.65	96.78	16
131.18	130.29	16
180.63	181.83	16
281.24	286.97	16
483.18	472.39	16
688.6	676.68	16
883.6	886.28	16
1097.81	1081.91	16
1295.93	1293.77	16
1511.79	1503.36	16
1688.24	1686.89	16
1876.21	1859.72	16
0.4	0.42	17
0.65	0.57	17
1.06	1.04	17
1.7	1.98	17
3.24	3.1	17
5.93	5.6	17
11.08	9.83	17
10.82	10.03	17
12.26	16.87	17
19.05	20.31	17
29.2	26.96	17
44.29	44.5	17
74.46	79.14	17
147.53	143.03	17
267.39	273.27	17
491.29	500.59	17
871.1	868.67	17
1334.24	1338.24	17
1778.21	1779.25	17
2480.87	2479.63	17
3115.2	3130.06	17
3763.22	3774.1	17
4394.05	4399.04	17
4949.04	5005.71	17
5508.14	5632.88	17
6034.4	6200.85	17
6521.84	6677.73	17
0.45	0.36	17
0.55	0.64	17
1.06	1.06	17
1.6	1.6	17
3.52	2.99	17
4.9	4.52	17
9.31	6.88	17
13.09	9.23	17
17.69	16.39	17
40.67	20.81	17
81.75	41.4	17
248.04	76.73	17
645.43	130.35	17
1300.3	248.21	17
2620.82	465.1	17
4770.59	834.91	17
7895.5	1436.49	17
10595.92	2149.56	17
11495.46	2722.31	17
13069.52	3658.01	17
14339.11	4436.82	17
15372.98	5217.11	17
16559.59	6025.96	17
17648.12	6860.23	17
18557.64	7662.1	17
19508.71	8402.48	17
20126.67	9109.64	17
0.37	0.36	17
0.52	0.6	17
0.83	0.87	17
1.28	1.41	17
2.74	2.71	17
4.29	4.17	17
8.45	9.84	17
8.7	9.84	17
9.14	8.47	17
10.74	15.32	17
21.47	21.08	17
31.46	31.8	17
59.47	56.95	17
117.83	115.33	17
209.13	214.93	17
383.46	388.65	17
673.2	672.32	17
1040.3	1038.72	17
1412.75	1413.87	17
2022.76	2016.81	17
2629.94	2636.13	17
3243.58	3208.87	17
3842.38	3808.42	17
4429.36	4426.85	17
4955.82	5009.03	17
5514.64	5550.9	17
5930.54	6069.06	17
0.34	0.36	17
0.56	0.56	17
0.86	1.0	17
1.69	1.67	17
3.18	3.12	17
3.84	6.43	17
10.28	9.83	17
13.2	12.03	17
20.04	16.27	17
47.29	25.29	17
106.25	34.25	17
248.5	72.32	17
683.21	126.25	17
1287.38	239.21	17
2522.62	444.21	17
4528.01	788.73	17
7409.96	1338.89	17
9950.11	1973.78	17
11180.9	2543.8	17
12671.88	3396.83	17
13866.5	4155.96	17
14946.35	4891.6	17
15983.87	5633.9	17
17012.69	6377.73	17
18304.66	7192.0	17
19205.48	7888.8	17
19820.95	8539.13	17
0.44	0.45	18
0.63	0.71	18
1.03	0.96	18
1.84	1.96	18
3.15	3.74	18
3.3	5.6	18
10.37	7.9	18
15.87	11.38	18
25.24	20.47	18
44.87	25.98	18
163.78	45.38	18
358.9	80.24	18
760.49	145.42	18
1539.93	266.16	18
2889.71	494.23	18
5334.19	898.87	18
8697.69	1510.89	18
11494.57	2278.7	18
12747.95	2916.5	18
14232.72	3798.14	18
15569.87	4616.82	18
16729.71	5426.65	18
18078.13	6237.1	18
18970.61	7030.99	18
19691.69	7806.64	18
20538.46	8536.67	18
21247.94	9212.8	18
0.45	0.46	18
0.7	0.63	18
1.01	1.1	18
1.71	1.65	18
3.51	3.04	18
5.4	5.88	18
8.91	10.83	18
9.95	15.61	18
15.0	7.28	18
18.79	23.69	18
22.35	28.19	18
43.51	47.43	18
85.18	86.6	18
150.21	152.18	18
279.9	283.81	18
525.86	517.5	18
910.84	914.27	18
1399.62	1403.52	18
1847.08	1852.45	18
2563.08	2568.14	18
3170.24	3151.19	18
3803.68	3745.42	18
4412.32	4352.02	18
5043.8	4977.65	18
5693.85	5592.98	18
6388.3	6246.06	18
7018.3	6802.92	18
0.34	0.32	18
0.51	0.48	18
0.79	0.74	18
1.26	1.61	18
2.52	2.09	18
3.73	4.52	18
6.0	8.14	18
10.63	9.68	18
13.95	10.51	18
34.23	18.44	18
113.42	30.13	18
267.76	51.82	18
511.06	88.9	18
1039.75	171.09	18
1962.92	319.35	18
3580.18	568.76	18
5894.56	949.86	18
7876.35	1445.88	18
8711.65	1916.26	18
9920.39	2651.21	18
10997.51	3382.82	18
12069.98	4074.88	18
13039.57	4794.51	18
13783.91	5511.08	18
14757.09	6259.49	18
15420.64	6912.86	18
15972.45	7529.38	18
0.4	0.45	18
0.65	0.66	18
1.07	0.92	18
1.76	1.93	18
3.04	3.23	18
4.95	5.96	18
9.14	7.53	18
11.65	7.76	18
8.91	13.13	18
18.69	16.34	18
27.14	22.26	18
46.65	47.77	18
76.92	74.24	18
148.25	150.86	18
271.31	267.6	18
504.91	509.36	18
874.45	880.38	18
1332.42	1333.12	18
1735.81	1729.24	18
2398.39	2403.71	18
2979.65	2971.42	18
3576.74	3546.2	18
4191.51	4109.67	18
4798.46	4732.65	18
5407.65	5313.0	18
6053.97	5887.28	18
6713.71	6411.54	18
0.43	0.44	19
0.52	0.67	19
0.99	1.01	19
1.79	1.76	19
2.46	3.27	19
6.27	6.59	19
11.7	8.54	19
12.16	9.57	19
12.86	12.5	19
15.65	16.16	19
28.17	26.67	19
46.76	46.55	19
78.29	82.57	19
152.58	143.77	19
284.02	281.89	19
512.08	514.52	19
890.89	889.44	19
1371.72	1364.21	19
1820.86	1808.85	19
2528.02	2530.12	19
3128.54	3136.88	19
3746.4	3695.55	19
4368.29	4294.03	19
4994.84	4915.85	19
5635.32	5519.79	19
6279.18	6130.46	19
6946.26	6732.73	19
0.43	0.49	19
0.74	0.61	19
1.07	1.09	19
1.8	1.91	19
3.64	3.38	19
6.89	6.76	19
8.4	12.82	19
11.01	14.42	19
19.3	17.69	19
29.28	24.88	19
112.57	42.87	19
363.66	73.4	19
559.17	133.54	19
1345.3	260.56	19
2634.17	483.76	19
4908.61	870.71	19
8266.86	1461.21	19
10906.35	2202.81	19
12064.04	2841.13	19
13496.38	3724.6	19
15011.24	4538.86	19
16348.67	5393.44	19
17450.04	6227.66	19
18413.24	7056.83	19
19327.2	7816.13	19
19953.48	8552.17	19
20638.86	9198.96	19
0.36	0.33	19
0.5	0.5	19
0.74	0.77	19
1.39	1.35	19
2.02	2.43	19
4.66	3.13	19
2.92	7.17	19
9.25	9.37	19
14.27	9.09	19
13.65	14.24	19
22.67	22.5	19
37.76	36.62	19
67.96	65.59	19
118.28	122.11	19
218.06	216.29	19
388.62	399.62	19
671.83	677.14	19
1033.85	1041.86	19
1432.02	1444.93	19
2074.0	2089.44	19
2642.66	2650.34	19
3237.32	3205.38	19
3808.44	3756.91	19
4376.3	4329.8	19
5003.39	4904.28	19
5575.88	5453.29	19
6275.59	6013.58	19
0.39	0.4	19
0.63	0.55	19
1.12	1.08	19
1.61	1.65	19
3.18	3.09	19
5.09	4.49	19
9.47	7.75	19
9.04	17.05	19
22.37	10.26	19
27.11	25.84	19
119.94	36.64	19
200.09	71.11	19
618.91	133.6	19
1291.42	243.3	19
2440.99	442.42	19
4402.06	784.06	19
7283.04	1306.83	19
9677.8	1942.48	19
10666.18	2461.92	19
12141.88	3259.55	19
13209.29	3989.32	19
14437.23	4730.4	19
15596.07	5520.01	19
16522.63	6274.26	19
17338.18	6994.99	19
17967.57	7665.21	19
18687.8	8294.6	19
0.47	0.51	20
0.61	0.67	20
1.21	1.03	20
1.91	2.34	20
3.22	3.83	20
6.83	7.35	20
11.57	10.88	20
15.42	10.92	20
24.53	15.85	20
51.89	28.11	20
153.53	46.9	20
308.06	75.13	20
737.69	144.12	20
1565.16	271.92	20
2878.28	511.75	20
5414.92	905.07	20
8890.85	1512.68	20
11775.18	2273.31	20
12923.84	2929.77	20
14525.89	3859.84	20
16008.4	4687.3	20
17182.38	5514.02	20
18650.16	6419.62	20
19552.82	7270.51	20
20685.31	8072.21	20
21544.92	8846.08	20
22546.95	9544.81	20
0.48	0.42	20
0.61	0.7	20
1.05	1.09	20
1.78	1.72	20
3.43	3.53	20
3.96	7.06	20
9.29	10.93	20
11.81	8.54	20
8.52	13.59	20
17.91	14.63	20
34.44	28.02	20
45.13	46.99	20
84.43	82.15	20
154.3	158.8	20
289.38	291.9	20
528.54	534.11	20
924.8	933.9	20
1424.61	1419.83	20
1900.86	1891.16	20
2578.82	2571.11	20
3234.8	3229.76	20
3931.04	3861.46	20
4565.64	4502.46	20
5185.81	5117.44	20
5722.77	5769.7	20
6233.45	6294.61	20
6732.61	6749.23	20
0.29	0.34	20
0.5	0.57	20
0.86	0.82	20
1.55	1.71	20
2.88	2.62	20
5.2	4.55	20
9.41	8.97	20
13.82	8.78	20
11.87	11.17	20
42.48	20.44	20
140.6	39.28	20
277.53	66.27	20
600.33	117.53	20
1183.29	222.42	20
2128.01	391.2	20
4033.91	693.91	20
6538.68	1149.72	20
8732.9	1696.88	20
9540.18	2198.57	20
10855.06	2975.65	20
12016.89	3670.84	20
13354.15	4461.29	20
14406.62	5180.15	20
15385.75	5903.46	20
16390.13	6594.74	20
17070.95	7250.14	20
17883.45	7857.54	20
0.41	0.44	20
0.62	0.56	20
0.91	1.04	20
1.46	1.62	20
2.99	3.16	20
4.43	6.46	20
11.28	7.67	20
4.99	13.01	20
16.57	12.7	20
20.81	17.84	20
25.01	25.0	20
40.45	47.98	20
75.36	83.49	20
139.59	145.26	20
269.84	264.54	20
483.93	487.03	20
828.14	837.41	20
1258.99	1254.34	20
1648.1	1654.46	20
2264.99	2266.53	20
2852.21	2870.8	20
3525.25	3452.27	20
4142.43	4089.35	20
4766.17	4642.53	20
5266.02	5239.46	20
5768.3	5784.52	20
6234.46	6240.52	20
0.74	0.96	21
1.1	0.96	21
1.77	1.23	21
1.63	1.28	21
2.14	1.22	21
1.87	1.5	21
2.03	1.91	21
2.43	1.93	21
2.43	3.53	21
3.39	3.56	21
4.4	5.93	21
9.09	10.18	21
14.01	17.16	21
25.18	33.8	21
44.98	63.12	21
87.75	120.84	21
171.55	239.51	21
336.74	462.27	21
492.26	687.22	21
786.13	911.98	21
812.92	1132.21	21
780.35	1353.95	21
899.06	1569.05	21
1289.1	1796.98	21
1511.58	2029.23	21
0.9	1.27	21
1.89	1.22	21
1.62	1.82	21
2.31	2.04	21
2.13	2.61	21
2.89	2.33	21
2.73	2.76	21
3.25	2.66	21
7.54	6.71	21
9.74	8.64	21
16.59	12.23	21
38.1	20.61	21
75.69	40.25	21
148.31	77.11	21
295.22	153.05	21
489.38	302.21	21
977.39	601.94	21
1901.3	1171.03	21
2804.77	1734.54	21
4433.41	2299.08	21
4631.91	2866.57	21
6613.07	3434.51	21
6478.34	4000.07	21
7374.17	4560.26	21
8294.56	5126.88	21
0.7	0.69	21
0.83	0.8	21
1.29	1.29	21
1.07	1.21	21
1.75	1.42	21
1.68	1.88	21
2.09	2.22	21
2.18	2.5	21
2.62	3.02	21
3.01	4.31	21
4.92	5.94	21
8.42	10.41	21
13.73	18.09	21
23.58	34.13	21
52.28	68.33	21
85.96	123.07	21
193.06	273.39	21
411.49	462.47	21
398.84	664.08	21
525.43	875.64	21
797.99	1092.47	21
977.87	1301.79	21
1123.57	1530.49	21
1031.28	1724.08	21
1419.07	1968.45	21
1.05	0.86	21
1.55	1.35	21
1.36	1.65	21
1.66	2.19	21
2.43	1.98	21
2.18	2.34	21
2.75	3.02	21
3.28	3.76	21
6.1	5.32	21
10.47	6.93	21
20.67	12.15	21
33.17	20.38	21
74.06	40.86	21
142.76	78.23	21
195.83	149.33	21
561.64	297.75	21
950.79	591.15	21
2174.3	1133.63	21
3225.67	1686.65	21
4275.46	2226.21	21
4519.27	2764.86	21
4360.32	3331.66	21
7418.64	3857.8	21
8474.78	4416.34	21
8080.81	4945.05	21
1.12	1.01	22
1.33	1.63	22
1.86	1.86	22
2.66	2.1	22
2.17	2.22	22
2.3	2.51	22
2.76	2.65	22
3.2	3.24	22
3.92	4.22	22
5.47	4.71	22
7.26	9.14	22
13.99	14.78	22
22.34	26.93	22
45.35	50.33	22
72.87	96.17	22
144.09	190.25	22
312.78	374.22	22
543.54	726.35	22
987.76	1071.43	22
1309.97	1426.15	22
1636.72	1782.06	22
1954.85	2129.29	22
1858.58	2471.76	22
2102.84	2842.51	22
2636.7	3180.26	22
0.73	0.83	22
0.89	0.96	22
1.36	1.04	22
1.29	1.62	22
2.02	1.64	22
2.39	2.54	22
2.17	2.5	22
3.47	3.49	22
4.53	5.16	22
10.54	5.61	22
18.05	10.03	22
22.96	18.26	22
66.82	33.32	22
106.82	64.26	22
169.54	129.63	22
503.71	252.3	22
831.14	494.87	22
1931.13	959.97	22
2858.57	1423.36	22
3116.4	1855.64	22
4671.23	2321.75	22
3728.65	2784.5	22
4347.64	3249.39	22
7489.98	3713.61	22
5567.77	4173.78	22
0.8	0.73	22
1.16	1.3	22
1.54	1.46	22
1.82	1.71	22
1.96	2.19	22
2.6	2.28	22
2.14	2.3	22
2.99	2.88	22
3.38	3.84	22
4.46	5.66	22
6.98	8.83	22
12.61	14.28	22
20.21	26.06	22
37.39	49.64	22
68.44	99.53	22
179.57	193.33	22
261.27	374.6	22
567.15	698.34	22
836.13	1015.4	22
1226.17	1333.4	22
1392.47	1694.52	22
1644.7	1960.82	22
1744.46	2337.47	22
2261.76	2666.99	22
2209.88	3001.57	22
0.81	0.91	22
1.1	1.02	22
1.61	1.33	22
1.71	1.36	22
2.15	2.01	22
1.97	1.87	22
3.05	2.9	22
3.38	2.61	22
4.86	5.59	22
8.55	6.55	22
11.87	10.01	22
31.66	18.58	22
52.34	32.61	22
80.43	62.81	22
238.04	120.15	22
391.14	236.62	22
926.0	465.14	22
894.43	899.02	22
2654.83	1316.31	22
2909.19	1731.27	22
4348.92	2156.35	22
5221.19	2580.12	22
6091.53	3030.11	22
6983.8	3453.82	22
7807.0	3884.87	22
0.82	0.84	23
1.14	1.15	23
1.33	1.72	23
1.96	1.43	23
1.47	1.98	23
2.22	2.29	23
2.31	2.65	23
3.19	3.69	23
6.59	4.92	23
7.87	7.12	23
16.25	12.39	23
31.98	20.4	23
61.46	39.26	23
121.27	76.12	23
237.35	147.22	23
377.8	278.55	23
1043.48	531.84	23
1327.57	1001.47	23
2933.54	1478.7	23
2602.42	1942.81	23
4839.88	2426.04	23
4830.12	2902.02	23
4435.25	3356.2	23
7512.61	3764.62	23
8347.56	4151.12	23
1.09	1.29	23
1.73	1.46	23
1.7	2.21	23
1.93	2.12	23
2.22	2.69	23
2.21	2.38	23
3.08	3.0	23
3.21	3.34	23
4.25	4.61	23
5.61	5.71	23
8.63	9.05	23
12.76	15.73	23
21.27	26.89	23
46.3	50.84	23
81.18	96.35	23
175.9	189.76	23
278.99	372.11	23
606.05	724.47	23
896.34	1074.19	23
1310.07	1424.66	23
1479.0	1769.06	23
1780.87	2121.11	23
1845.33	2472.63	23
2594.76	2846.46	23
2638.62	3183.98	23
0.69	0.7	23
0.78	0.79	23
1.34	0.89	23
1.2	1.32	23
1.23	1.71	23
2.02	1.83	23
2.62	2.08	23
2.83	2.48	23
4.63	3.99	23
8.12	5.57	23
14.7	8.1	23
23.59	14.42	23
53.95	27.2	23
88.69	52.8	23
209.81	102.07	23
268.57	194.57	23
658.22	385.25	23
1277.03	724.57	23
1074.05	1077.58	23
2498.96	1430.57	23
3085.26	1767.32	23
4504.3	2095.55	23
4315.35	2456.61	23
5978.81	2797.96	23
5520.98	3126.15	23
0.88	1.14	23
1.41	1.7	23
1.87	1.74	23
2.27	2.05	23
2.28	2.02	23
2.98	2.34	23
2.52	2.23	23
3.24	3.46	23
3.87	3.89	23
5.06	6.11	23
7.9	8.9	23
12.19	15.32	23
19.46	28.03	23
36.71	49.73	23
83.77	100.65	23
133.32	177.06	23
292.54	376.56	23
505.78	672.85	23
834.58	998.93	23
1104.37	1321.92	23
1375.39	1683.38	23
1474.39	1973.7	23
1722.69	2320.14	23
1977.41	2693.06	23
2464.02	2945.56	23
0.81	0.99	24
1.44	1.12	24
1.63	1.73	24
2.08	1.73	24
1.98	1.91	24
2.46	2.3	24
2.72	3.21	24
2.84	3.2	24
6.36	3.72	24
10.14	6.33	24
18.17	11.24	24
23.66	20.04	24
68.42	37.78	24
111.37	70.47	24
224.15	135.79	24
540.58	277.91	24
1070.55	547.47	24
2077.95	1061.39	24
2556.97	1578.0	24
4092.22	2088.99	24
5172.71	2657.79	24
6278.57	3221.08	24
7373.96	3791.91	24
8515.48	4365.26	24
8058.62	4940.73	24
0.79	0.92	24
1.0	1.05	24
1.0	1.29	24
1.11	1.44	24
1.58	1.51	24
1.8	1.68	24
1.84	2.15	24
1.85	2.35	24
2.78	2.8	24
3.5	3.5	24
4.11	5.58	24
8.08	10.12	24
14.06	18.57	24
21.47	32.59	24
45.13	61.1	24
89.19	121.03	24
139.45	239.01	24
465.66	463.46	24
497.55	693.86	24
525.46	906.43	24
646.78	1124.88	24
774.54	1353.66	24
905.1	1575.62	24
1062.15	1838.0	24
1466.07	2020.09	24
0.75	0.83	24
1.25	1.17	24
1.36	1.44	24
1.72	1.63	24
1.9	1.79	24
1.83	2.0	24
2.14	2.74	24
3.27	3.33	24
4.16	5.29	24
7.85	6.22	24
16.2	10.01	24
25.65	17.92	24
49.26	31.97	24
116.67	60.32	24
192.8	116.17	24
453.97	227.27	24
896.27	447.72	24
1156.19	876.39	24
2605.59	1288.02	24
2863.44	1717.09	24
3635.55	2179.28	24
5325.37	2627.78	24
5254.97	3139.58	24
6034.46	3598.43	24
6842.88	4066.7	24
0.67	0.67	24
1.1	0.9	24
1.23	1.16	24
1.67	1.21	24
1.46	1.98	24
1.61	1.37	24
1.9	2.01	24
2.26	1.89	24
2.66	3.06	24
3.58	3.91	24
5.19	6.09	24
6.98	10.13	24
14.76	17.35	24
21.05	32.37	24
45.49	64.72	24
71.12	135.05	24
170.06	240.13	24
269.92	469.27	24
595.97	678.43	24
642.0	892.86	24
1099.78	1090.26	24
1182.89	1296.6	24
908.39	1564.57	24
1029.38	1731.77	24
1410.39	1926.09	24
0.49	0.47	25
0.56	0.7	25
0.69	0.62	25
0.68	0.78	25
0.87	0.95	25
1.1	1.12	25
1.68	1.64	25
2.12	2.15	25
3.43	3.29	25
5.44	5.18	25
9.4	9.32	25
16.3	15.88	25
30.66	29.85	25
55.25	53.16	25
103.55	106.0	25
203.0	201.21	25
379.64	387.16	25
569.91	565.87	25
746.13	746.85	25
926.57	928.92	25
1130.43	1108.27	25
1286.46	1289.65	25
1476.07	1474.02	25
1650.19	1647.41	25
0.65	0.53	25
0.81	0.71	25
0.92	0.94	25
1.26	1.44	25
1.66	2.23	25
2.68	2.52	25
3.83	3.82	25
6.57	6.73	25
12.54	12.55	25
23.68	22.37	25
43.44	44.19	25
87.16	87.19	25
170.63	172.69	25
340.57	343.35	25
672.92	681.65	25
1351.45	1349.08	25
2631.25	2618.72	25
3904.3	3902.14	25
5173.61	5163.46	25
6424.49	6440.44	25
7675.11	7651.27	25
8898.51	8903.65	25
10087.24	10057.63	25
11251.19	11299.11	25
0.39	0.38	25
0.5	0.51	25
0.64	0.54	25
0.63	0.76	25
0.89	0.88	25
1.13	1.24	25
1.4	1.44	25
1.72	1.74	25
2.99	2.88	25
4.68	4.61	25
7.39	7.85	25
13.04	13.84	25
23.66	22.27	25
43.26	41.39	25
82.13	79.18	25
152.5	148.27	25
286.69	278.39	25
425.02	409.19	25
554.72	535.93	25
658.65	664.42	25
792.31	805.04	25
925.92	928.27	25
1061.07	1052.56	25
1197.35	1176.85	25
0.45	0.48	25
0.76	0.69	25
0.99	0.82	25
1.4	1.27	25
1.76	2.0	25
2.6	2.27	25
4.01	3.38	25
5.83	6.64	25
11.03	10.42	25
21.63	19.9	25
41.59	41.63	25
75.91	75.27	25
155.71	155.95	25
303.22	295.66	25
564.42	548.57	25
1137.63	1106.73	25
2128.0	2167.56	25
3134.5	3177.97	25
4162.51	4100.99	25
5073.1	5155.83	25
6223.75	6190.2	25
7003.96	6994.3	25
7749.27	7679.75	25
8686.32	8693.25	25
0.53	0.5	26
0.65	0.71	26
0.86	0.85	26
1.08	1.03	26
1.22	1.41	26
1.71	1.8	26
2.4	2.45	26
3.39	3.37	26
5.19	4.9	26
8.15	8.23	26
14.08	14.87	26
27.38	26.97	26
47.93	47.79	26
93.33	94.71	26
184.37	185.72	26
368.58	363.3	26
711.6	711.19	26
1045.08	1048.96	26
1390.12	1393.73	26
1727.91	1742.05	26
2084.35	2076.67	26
2407.14	2400.16	26
2751.0	2747.2	26
3088.87	3090.05	26
0.44	0.47	26
0.52	0.63	26
0.73	0.75	26
1.17	1.14	26
1.48	1.78	26
1.64	1.85	26
2.38	2.32	26
3.9	4.04	26
7.22	6.94	26
12.25	12.71	26
23.29	23.81	26
45.35	45.52	26
89.47	88.69	26
175.35	175.82	26
347.97	347.77	26
692.63	694.33	26
1353.28	1351.16	26
2008.79	2009.64	26
2656.34	2660.4	26
3312.79	3312.63	26
3905.12	3931.98	26
4455.94	4483.85	26
5022.5	5018.42	26
5572.97	5555.03	26
0.42	0.46	26
0.57	0.48	26
0.71	0.62	26
0.75	0.8	26
1.0	1.44	26
1.9	1.47	26
2.03	2.04	26
2.6	2.69	26
4.0	4.09	26
7.33	7.04	26
12.57	11.98	26
23.02	24.53	26
42.05	42.44	26
83.71	81.33	26
158.1	161.65	26
311.3	302.83	26
581.26	593.62	26
866.44	852.85	26
1126.36	1126.87	26
1431.03	1405.23	26
1693.54	1688.75	26
1963.14	1978.85	26
2234.55	2274.18	26
2527.25	2505.21	26
0.44	0.4	26
0.52	0.6	26
0.76	0.67	26
1.15	0.9	26
1.75	1.65	26
1.74	1.69	26
2.58	2.65	26
4.19	4.08	26
7.03	6.67	26
12.1	12.49	26
24.42	22.89	26
46.86	45.48	26
87.78	88.43	26
181.04	167.06	26
338.06	341.74	26
664.45	660.38	26
1284.11	1279.84	26
1893.91	1887.37	26
2447.06	2471.35	26
3045.06	3013.09	26
3556.57	3568.15	26
4024.78	4065.13	26
4470.15	4487.81	26
4892.45	4967.47	26
0.4	0.41	27
0.44	0.49	27
0.72	0.73	27
1.02	1.14	27
2.03	1.3	27
2.08	1.53	27
2.34	2.54	27
3.52	3.7	27
5.95	6.32	27
10.76	10.9	27
20.5	20.57	27
39.53	38.59	27
76.38	77.91	27
147.07	148.71	27
289.67	302.68	27
580.65	580.45	27
1205.01	1205.63	27
1788.58	1795.42	27
2413.57	2388.44	27
3008.05	3026.56	27
3636.35	3637.38	27
4375.26	4345.2	27
5009.98	4990.32	27
5603.64	5615.43	27
0.45	0.47	27
0.59	0.74	27
0.85	0.65	27
1.08	0.99	27
1.32	1.19	27
1.82	1.55	27
2.59	2.53	27
3.13	2.98	27
5.14	5.26	27
7.83	8.77	27
15.14	15.4	27
27.0	26.31	27
48.63	51.55	27
98.78	96.99	27
189.22	190.71	27
379.25	376.52	27
736.69	737.61	27
1094.69	1097.96	27
1457.11	1467.19	27
1817.7	1827.38	27
2178.6	2199.43	27
2571.13	2570.96	27
2933.39	2936.77	27
3317.8	3327.42	27
0.41	0.39	27
0.44	0.54	27
0.66	0.57	27
0.88	0.86	27
1.4	1.2	27
1.36	1.43	27
2.48	2.34	27
3.12	3.48	27
5.44	5.56	27
9.81	9.44	27
17.9	18.61	27
34.72	33.85	27
71.77	71.45	27
131.52	130.52	27
267.98	256.99	27
513.39	526.05	27
996.15	995.7	27
1472.26	1484.08	27
1951.88	1951.88	27
2403.74	2373.74	27
2812.48	2800.14	27
3243.03	3215.09	27
3643.85	3652.33	27
4085.84	4100.58	27
0.47	0.48	27
0.58	0.6	27
0.73	0.91	27
0.92	0.93	27
1.21	1.36	27
1.42	1.97	27
2.28	2.21	27
2.4	2.59	27
4.71	4.54	27
7.41	7.17	27
12.94	12.67	27
23.64	23.37	27
43.62	43.56	27
83.72	83.15	27
162.4	166.66	27
327.95	311.87	27
605.46	613.27	27
897.09	891.62	27
1188.41	1177.97	27
1470.03	1459.44	27
1787.71	1765.58	27
2051.99	2063.29	27
2380.21	2354.79	27
2717.51	2748.05	27
0.46	0.53	28
0.66	0.64	28
0.98	0.72	28
0.97	1.1	28
1.54	1.58	28
1.93	1.71	28
3.28	3.25	28
5.88	5.34	28
10.14	10.35	28
17.67	18.13	28
37.04	36.64	28
70.46	71.58	28
140.06	142.57	28
273.8	286.08	28
564.87	579.55	28
1173.97	1143.11	28
2315.47	2309.03	28
3532.01	3495.0	28
4730.98	4727.43	28
5896.5	5918.15	28
7195.91	7115.94	28
8421.43	8446.28	28
9579.66	9639.63	28
10776.63	10767.5	28
0.36	0.54	28
0.6	0.62	28
0.7	0.55	28
0.62	0.78	28
0.9	1.0	28
1.13	1.07	28
1.62	1.52	28
2.11	2.17	28
3.32	3.43	28
5.33	5.08	28
8.97	9.08	28
15.2	15.17	28
28.87	29.56	28
56.28	55.38	28
100.74	100.81	28
199.01	199.68	28
383.32	382.32	28
564.77	560.17	28
746.1	738.66	28
920.95	927.73	28
1093.84	1104.75	28
1284.03	1290.46	28
1462.19	1460.86	28
1638.8	1642.12	28
0.37	0.4	28
0.54	0.47	28
0.72	0.73	28
0.93	0.9	28
1.39	1.4	28
1.56	1.61	28
2.83	2.29	28
4.67	4.6	28
7.41	7.56	28
13.98	14.04	28
26.54	26.71	28
52.97	52.8	28
103.62	104.53	28
206.29	205.51	28
408.83	411.62	28
810.12	808.66	28
1577.1	1570.54	28
2327.65	2319.8	28
3001.83	2995.46	28
3898.83	3871.19	28
4579.13	4575.08	28
5241.27	5268.28	28
5958.14	5955.31	28
6681.01	6658.18	28
0.44	0.43	28
0.52	0.47	28
0.54	0.62	28
0.79	0.74	28
1.02	0.97	28
1.0	1.03	28
1.46	1.51	28
1.78	1.87	28
3.11	3.07	28
4.65	4.47	28
7.44	7.51	28
12.41	12.92	28
22.34	21.72	28
40.62	43.15	28
73.5	77.22	28
144.41	151.04	28
284.42	272.42	28
400.41	413.92	28
533.78	531.89	28
673.44	659.39	28
796.17	794.19	28
946.58	927.68	28
1045.34	1058.34	28
1165.92	1184.95	28
0.35	0.34	29
0.37	0.35	29
0.46	0.5	29
0.56	0.59	29
1.07	1.03	29
1.1	1.6	29
1.67	2.36	29
2.98	2.68	29
2.55	3.22	29
3.48	3.54	29
2.87	3.54	29
3.67	3.24	29
3.64	4.01	29
4.92	4.56	29
7.45	7.56	29
11.49	12.64	29
15.85	20.24	29
38.39	38.73	29
51.28	71.9	29
99.57	138.99	29
192.84	274.1	29
450.92	541.77	29
672.17	796.4	29
724.85	1052.65	29
693.5	1300.84	29
1317.58	1555.01	29
1264.24	1819.73	29
2077.43	2089.69	29
1968.16	2347.06	29
0.3	0.28	29
0.42	0.34	29
0.46	0.47	29
0.69	0.67	29
0.89	0.85	29
1.22	1.55	29
2.14	1.84	29
3.21	3.01	29
2.61	3.16	29
3.52	3.79	29
4.49	3.15	29
4.98	3.95	29
7.77	6.02	29
7.45	8.86	29
13.44	11.91	29
36.18	17.93	29
45.47	39.24	29
115.35	71.01	29
181.51	133.99	29
541.23	269.16	29
905.09	530.46	29
1376.69	1035.01	29
2615.08	1573.1	29
3578.35	2153.24	29
3649.52	2727.01	29
5648.5	3313.36	29
3888.22	3893.56	29
7636.95	4474.5	29
8630.28	5053.3	29
0.25	0.23	29
0.28	0.3	29
0.38	0.37	29
0.52	0.46	29
0.8	0.77	29
1.2	1.15	29
1.86	1.57	29
2.31	2.35	29
2.22	2.46	29
3.09	2.85	29
2.87	2.81	29
3.58	3.26	29
3.17	4.17	29
4.93	5.93	29
7.25	8.46	29
8.54	13.37	29
16.44	20.82	29
39.19	38.51	29
70.3	76.12	29
116.59	144.3	29
240.74	286.12	29
432.58	508.05	29
535.97	757.22	29
714.66	1011.13	29
700.36	1232.87	29
1048.63	1484.19	29
1256.44	1719.08	29
1417.71	1982.68	29
1567.46	2205.62	29
0.29	0.28	29
0.35	0.32	29
0.45	0.42	29
0.67	0.57	29
0.84	0.8	29
1.3	1.35	29
1.78	2.24	29
2.19	2.43	29
3.4	3.4	29
3.41	3.54	29
3.23	3.45	29
4.56	4.56	29
6.26	6.36	29
11.24	8.82	29
16.12	10.97	29
28.98	20.3	29
55.37	38.95	29
109.83	70.57	29
218.6	131.32	29
345.29	258.81	29
688.09	511.12	29
987.68	983.27	29
2034.27	1496.1	29
2775.5	2065.84	29
3531.27	2628.17	29
6528.82	3172.29	29
6362.79	3742.75	29
7352.67	4282.76	29
6550.4	4850.6	29
0.27	0.28	30
0.35	0.31	30
0.42	0.4	30
0.6	0.62	30
0.94	0.9	30
1.48	1.39	30
2.23	1.59	30
3.26	3.43	30
3.93	2.12	30
2.71	3.54	30
4.09	4.05	30
3.94	3.46	30
5.13	5.09	30
5.56	6.08	30
10.09	8.86	30
15.9	16.35	30
26.37	28.42	30
40.2	54.76	30
87.1	106.03	30
187.01	206.6	30
334.38	413.73	30
648.54	800.89	30
1075.09	1193.79	30
1263.56	1579.55	30
1567.48	1965.55	30
2129.03	2364.94	30
2188.28	2733.13	30
2546.23	3134.6	30
2474.25	3542.88	30
0.26	0.24	30
0.35	0.32	30
0.37	0.41	30
0.54	0.51	30
0.9	0.98	30
1.18	1.5	30
2.11	1.63	30
3.06	2.86	30
3.22	3.1	30
3.52	3.09	30
3.32	3.92	30
4.19	4.07	30
5.97	4.45	30
9.62	8.03	30
13.09	10.2	30
30.05	19.57	30
56.6	34.69	30
108.65	64.39	30
124.41	128.11	30
414.95	242.57	30
653.13	481.82	30
1598.3	937.7	30
2372.78	1390.96	30
3126.52	1831.48	30
4683.9	2264.16	30
4652.5	2718.73	30
6577.05	3186.29	30
5001.6	3694.02	30
4200.44	4199.74	30
0.26	0.24	30
0.28	0.32	30
0.41	0.39	30
0.52	0.48	30
0.78	0.82	30
1.05	1.25	30
1.77	1.76	30
2.32	1.91	30
2.86	2.23	30
2.95	3.17	30
2.89	3.47	30
3.62	3.97	30
4.6	5.06	30
5.58	6.22	30
8.41	10.4	30
12.37	17.36	30
26.87	27.53	30
53.55	56.36	30
71.11	104.36	30
185.56	219.81	30
311.16	399.75	30
598.67	741.05	30
877.98	1134.97	30
1199.88	1450.4	30
1644.5	1824.44	30
1749.42	2211.27	30
2308.21	2550.03	30
2038.47	2908.87	30
2999.7	3256.61	30
0.27	0.25	30
0.32	0.28	30
0.37	0.41	30
0.57	0.59	30
0.87	0.98	30
1.69	1.38	30
2.1	1.97	30
2.09	2.38	30
3.29	2.36	30
3.47	2.76	30
3.9	3.47	30
3.74	5.33	30
5.72	6.28	30
9.88	7.84	30
16.36	18.16	30
29.08	22.78	30
55.17	37.0	30
105.0	64.04	30
206.35	123.8	30
488.56	241.1	30
958.97	472.8	30
1165.63	876.62	30
2188.93	1277.73	30
2290.64	1726.08	30
3619.51	2114.4	30
4355.38	2539.7	30
5080.74	2995.49	30
6096.62	3605.3	30
4085.98	4112.92	30
0.33	0.35	31
0.33	0.32	31
0.47	0.43	31
0.57	0.55	31
0.94	1.03	31
1.25	1.59	31
1.81	2.65	31
3.11	3.27	31
3.49	2.87	31
3.74	3.69	31
4.03	3.17	31
4.36	4.08	31
7.28	5.37	31
8.44	8.04	31
15.45	12.21	31
17.38	19.17	31
53.56	34.63	31
107.16	62.82	31
165.75	127.17	31
330.24	245.45	31
656.43	488.63	31
1282.63	951.09	31
1408.66	1411.64	31
1870.82	1872.65	31
4788.8	2330.56	31
4730.52	2779.78	31
3198.53	3205.7	31
6196.46	3635.66	31
5524.62	4082.03	31
0.26	0.25	31
0.32	0.28	31
0.45	0.41	31
0.6	0.7	31
0.85	1.06	31
1.63	1.59	31
1.84	2.05	31
2.79	2.29	31
4.04	3.55	31
3.13	2.45	31
3.48	3.78	31
4.3	4.5	31
4.45	4.73	31
6.14	6.38	31
8.77	9.25	31
15.01	16.11	31
27.48	28.59	31
45.57	55.32	31
96.33	105.84	31
164.28	207.6	31
367.84	408.57	31
637.22	801.05	31
1075.15	1185.44	31
1265.09	1577.86	31
1778.07	1973.69	31
1892.72	2356.81	31
2484.55	2754.13	31
2524.82	3199.91	31
2833.24	3540.37	31
0.24	0.22	31
0.33	0.28	31
0.38	0.36	31
0.54	0.52	31
0.77	0.77	31
1.34	1.27	31
1.37	1.97	31
2.17	1.8	31
2.75	3.08	31
2.52	3.06	31
3.24	3.67	31
4.04	3.72	31
6.42	4.25	31
6.36	7.3	31
13.04	10.28	31
23.64	16.45	31
26.21	27.26	31
68.11	49.88	31
131.91	95.48	31
403.17	182.55	31
803.54	372.61	31
1287.62	718.76	31
1477.23	1064.24	31
1960.05	1404.07	31
3999.54	1853.34	31
4122.82	2328.96	31
3814.1	2686.97	31
6572.3	3070.51	31
5991.6	3474.15	31
0.27	0.27	31
0.31	0.33	31
0.43	0.44	31
0.64	0.6	31
0.98	0.94	31
1.68	1.62	31
2.17	2.22	31
2.87	2.35	31
3.38	3.09	31
3.04	3.28	31
3.09	4.28	31
4.11	4.78	31
4.53	5.54	31
6.49	7.45	31
8.65	10.26	31
15.08	15.63	31
21.41	29.95	31
41.58	56.31	31
90.42	108.63	31
201.4	215.82	31
323.39	414.65	31
642.46	794.18	31
1042.66	1174.46	31
1340.87	1527.92	31
1380.82	1913.39	31
1853.42	2363.16	31
1915.66	2717.82	31
2777.92	3056.21	31
2476.37	3482.5	31
0.29	0.27	32
0.33	0.4	32
0.35	0.4	32
0.7	0.59	32
0.95	0.83	32
1.44	1.14	32
2.2	1.86	32
2.22	3.11	32
3.38	2.87	32
3.54	3.32	32
3.14	2.64	32
4.72	3.95	32
6.81	6.13	32
10.38	8.62	32
14.58	16.21	32
20.17	24.19	32
47.27	36.76	32
90.37	72.07	32
218.74	135.71	32
433.13	262.24	32
859.7	511.87	32
2007.19	984.01	32
1455.8	1456.14	32
3268.95	1937.98	32
3238.21	2401.95	32
4864.98	2878.55	32
4508.21	3342.79	32
6474.26	3814.74	32
7267.77	4284.36	32
0.21	0.27	32
0.28	0.32	32
0.41	0.42	32
0.63	0.6	32
0.91	0.8	32
1.25	1.5	32
1.91	2.33	32
2.72	3.34	32
1.73	2.02	32
3.15	3.39	32
3.67	3.41	32
3.5	3.7	32
4.66	4.18	32
4.91	4.87	32
6.31	7.67	32
9.61	11.58	32
16.47	20.35	32
34.18	38.52	32
52.08	70.95	32
98.47	139.65	32
190.22	275.46	32
455.6	525.39	32
568.73	781.25	32
888.41	1047.55	32
902.23	1296.54	32
1326.36	1576.45	32
1834.65	1813.7	32
1103.26	2098.92	32
1277.52	2330.93	32
0.23	0.24	32
0.26	0.28	32
0.35	0.35	32
0.52	0.48	32
0.75	0.77	32
1.31	1.13	32
1.77	1.94	32
1.96	2.06	32
2.73	2.94	32
3.11	3.34	32
3.39	3.65	32
3.81	3.95	32
5.31	4.48	32
7.74	7.52	32
17.49	11.21	32
26.76	16.47	32
39.78	30.73	32
98.2	57.0	32
149.88	116.93	32
375.07	221.4	32
899.84	441.3	32
1438.79	833.9	32
2134.42	1213.38	32
2843.33	1598.91	32
1996.39	1981.31	32
2379.54	2381.47	32
3872.02	2765.77	32
4415.55	3166.5	32
3597.72	3585.83	32
0.25	0.24	32
0.26	0.28	32
0.35	0.4	32
0.55	0.5	32
0.86	0.85	32
1.47	1.49	32
1.5	1.74	32
2.77	2.25	32
3.12	3.27	32
3.09	2.2	32
3.22	3.55	32
3.67	3.79	32
3.52	4.59	32
5.12	5.39	32
6.89	8.52	32
10.62	14.22	32
15.19	23.02	32
30.5	38.3	32
51.25	73.48	32
124.87	143.97	32
190.27	287.39	32
432.53	511.27	32
425.37	766.24	32
863.23	1031.39	32
900.86	1242.97	32
1295.04	1499.99	32
1499.52	1730.53	32
1436.91	1983.1	32
2230.4	2213.71	32
0.31	0.34	33
0.48	0.36	33
0.58	0.55	33
0.79	0.78	33
0.98	1.4	33
1.41	1.04	33
1.71	1.69	33
1.73	2.19	33
2.8	2.82	33
3.51	3.0	33
3.85	4.25	33
5.99	6.19	33
8.53	8.34	33
15.19	14.75	33
26.64	26.09	33
48.47	47.13	33
91.22	89.4	33
172.58	175.49	33
253.93	251.79	33
337.82	336.47	33
415.66	415.85	33
496.89	502.08	33
577.25	581.34	33
660.25	664.35	33
744.27	738.98	33
0.31	0.34	33
0.39	0.42	33
0.54	0.55	33
0.83	0.7	33
1.04	1.28	33
1.39	1.01	33
1.55	2.19	33
2.35	2.1	33
3.12	3.32	33
4.12	4.69	33
6.31	7.1	33
11.51	11.23	33
19.08	18.77	33
36.41	35.92	33
66.47	68.44	33
128.81	129.5	33
248.32	251.33	33
476.09	479.0	33
694.89	699.04	33
916.0	912.48	33
1138.25	1137.75	33
1367.55	1361.66	33
1592.97	1588.72	33
1808.3	1815.3	33
2037.12	2035.25	33
0.3	0.35	33
0.33	0.32	33
0.42	0.55	33
0.68	0.65	33
0.94	0.86	33
1.85	1.25	33
1.67	1.6	33
1.78	2.0	33
2.83	2.75	33
3.08	3.37	33
3.77	4.26	33
5.42	5.84	33
8.88	8.81	33
14.11	13.97	33
24.78	23.63	33
48.48	47.53	33
87.22	87.01	33
163.11	167.5	33
234.21	237.28	33
309.19	304.44	33
389.72	379.78	33
463.45	460.81	33
532.89	535.08	33
605.45	602.1	33
677.31	678.02	33
0.31	0.36	33
0.3	0.38	33
0.51	0.45	33
0.68	0.82	33
0.8	1.2	33
1.35	1.28	33
2.23	1.94	33
2.04	2.28	33
2.82	3.07	33
3.98	4.5	33
6.4	7.07	33
10.79	10.3	33
17.76	17.86	33
33.69	33.63	33
62.08	64.54	33
120.41	121.11	33
228.29	235.02	33
441.7	437.5	33
640.35	639.04	33
826.16	816.26	33
1009.58	1010.38	33
1244.79	1224.65	33
1433.83	1434.72	33
1635.36	1643.34	33
1823.5	1819.69	33
0.35	0.29	34
0.35	0.43	34
0.49	0.5	34
0.66	0.76	34
0.92	0.96	34
1.39	1.39	34
1.29	1.66	34
2.22	1.91	34
3.09	3.04	34
4.11	4.15	34
5.86	6.22	34
10.13	9.89	34
18.17	17.35	34
33.88	32.71	34
64.07	63.71	34
125.11	126.16	34
248.89	248.01	34
483.65	480.46	34
710.71	714.15	34
941.43	940.84	34
1173.56	1173.11	34
1408.54	1406.85	34
1638.06	1643.91	34
1877.33	1873.62	34
2114.14	2105.89	34
0.29	0.33	34
0.36	0.52	34
0.51	0.48	34
0.78	0.78	34
1.15	1.0	34
0.89	1.42	34
1.95	1.65	34
1.97	2.03	34
3.19	2.76	34
3.7	3.61	34
4.34	4.2	34
6.48	6.8	34
9.39	10.01	34
17.16	17.71	34
30.96	30.32	34
56.54	57.11	34
112.38	111.48	34
213.58	213.88	34
317.8	316.23	34
419.27	420.51	34
522.81	521.37	34
648.33	647.84	34
760.06	765.46	34
869.9	869.86	34
982.22	981.52	34
0.3	0.33	34
0.32	0.31	34
0.46	0.41	34
0.66	0.6	34
0.89	1.21	34
1.32	1.29	34
1.29	1.4	34
1.99	1.65	34
2.42	2.8	34
3.88	3.54	34
5.3	5.4	34
9.36	8.71	34
16.48	15.32	34
29.06	29.18	34
55.61	55.05	34
109.98	109.49	34
219.91	209.56	34
416.96	410.29	34
604.87	611.18	34
799.89	812.86	34
993.77	1014.92	34
1219.66	1237.18	34
1428.08	1441.76	34
1624.77	1643.01	34
1843.06	1864.12	34
0.33	0.28	34
0.31	0.34	34
0.55	0.52	34
0.75	0.64	34
1.17	1.01	34
1.56	1.52	34
1.49	1.36	34
1.94	1.9	34
2.56	2.38	34
3.21	2.99	34
3.52	4.08	34
5.49	5.94	34
8.48	8.97	34
15.63	15.35	34
27.31	27.51	34
50.4	49.32	34
93.95	95.97	34
182.34	184.41	34
269.1	270.76	34
358.47	350.83	34
440.26	439.0	34
530.88	534.57	34
629.66	627.65	34
720.35	717.36	34
820.16	815.48	34
0.3	0.33	35
0.35	0.39	35
0.52	0.52	35
0.73	0.84	35
0.97	1.26	35
1.74	1.42	35
1.81	1.4	35
2.64	2.1	35
3.12	3.62	35
3.71	3.84	35
4.72	4.5	35
6.39	6.68	35
10.22	10.29	35
17.09	16.97	35
31.37	32.3	35
59.74	59.99	35
116.6	116.27	35
222.8	222.31	35
327.2	326.21	35
431.96	434.4	35
544.72	544.29	35
654.64	654.21	35
765.43	762.26	35
872.43	875.96	35
979.36	986.04	35
0.32	0.3	35
0.39	0.35	35
0.51	0.5	35
0.75	0.77	35
1.26	0.89	35
1.73	1.56	35
2.0	1.84	35
2.09	1.94	35
3.38	3.22	35
4.03	4.37	35
6.08	6.1	35
9.34	10.25	35
17.82	16.41	35
31.82	32.42	35
58.84	58.87	35
114.78	115.87	35
230.97	226.6	35
444.68	440.34	35
655.01	654.8	35
867.81	866.36	35
1076.76	1077.04	35
1289.05	1287.73	35
1501.6	1508.15	35
1717.38	1714.22	35
1938.63	1934.23	35
0.3	0.27	35
0.33	0.3	35
0.46	0.42	35
0.6	0.62	35
0.87	0.98	35
1.33	1.37	35
1.58	1.73	35
1.51	1.48	35
1.97	2.45	35
3.13	2.98	35
3.67	3.69	35
5.34	5.64	35
8.34	8.4	35
14.29	13.54	35
24.86	25.25	35
46.23	46.41	35
91.24	90.07	35
169.95	165.88	35
246.99	243.83	35
318.42	325.85	35
416.79	402.15	35
493.84	484.81	35
559.5	571.73	35
649.31	643.02	35
721.22	728.14	35
0.29	0.28	35
0.33	0.31	35
0.44	0.43	35
0.74	0.7	35
1.1	1.11	35
1.1	1.24	35
1.37	1.21	35
2.36	2.02	35
2.91	2.33	35
3.99	3.66	35
5.72	5.84	35
8.45	8.96	35
15.16	14.77	35
28.27	29.74	35
54.82	54.72	35
105.17	102.72	35
208.38	206.07	35
409.65	391.49	35
597.13	581.03	35
770.72	784.04	35
958.77	965.22	35
1142.97	1146.19	35
1351.49	1345.36	35
1539.17	1524.36	35
1697.8	1727.1	35
0.34	0.28	36
0.41	0.34	36
0.47	0.41	36
0.65	0.71	36
1.1	1.1	36
1.33	1.55	36
1.68	1.66	36
2.32	2.1	36
2.8	3.21	36
3.69	4.08	36
6.49	6.49	36
10.23	9.78	36
18.4	18.17	36
32.78	33.06	36
62.52	61.95	36
119.22	118.35	36
234.11	235.31	36
454.25	452.97	36
677.88	674.69	36
899.15	901.05	36
1126.84	1125.64	36
1351.0	1347.59	36
1574.38	1571.03	36
1794.99	1793.98	36
2016.8	2009.1	36
0.31	0.37	36
0.36	0.39	36
0.44	0.57	36
0.69	0.69	36
1.14	1.13	36
1.11	1.15	36
1.57	1.79	36
1.67	1.89	36
2.56	3.12	36
3.89	2.98	36
3.92	4.27	36
6.1	5.53	36
8.58	9.0	36
14.96	14.73	36
25.89	25.94	36
46.35	48.48	36
89.71	90.03	36
169.01	171.65	36
255.36	254.1	36
337.56	339.12	36
414.11	418.3	36
497.11	500.03	36
577.17	584.11	36
665.9	677.71	36
747.94	740.84	36
0.26	0.27	36
0.32	0.33	36
0.41	0.42	36
0.6	0.58	36
0.87	0.93	36
1.26	1.38	36
1.39	1.49	36
1.75	2.15	36
2.38	2.23	36
3.96	3.81	36
5.25	5.31	36
8.9	9.24	36
16.02	16.11	36
29.4	28.51	36
55.22	54.68	36
105.43	106.62	36
210.02	209.46	36
398.28	399.51	36
592.46	574.96	36
772.54	775.9	36
965.24	967.33	36
1142.17	1135.77	36
1327.76	1323.21	36
1514.47	1517.22	36
1699.89	1691.26	36
0.28	0.28	36
0.32	0.28	36
0.44	0.45	36
0.78	0.71	36
0.99	1.13	36
1.47	1.18	36
1.28	1.55	36
1.45	2.07	36
2.73	2.31	36
3.09	3.45	36
3.81	3.82	36
5.53	5.74	36
8.06	8.61	36
13.45	15.1	36
25.43	25.54	36
44.76	44.27	36
86.97	89.83	36
172.11	161.19	36
239.04	239.75	36
321.02	315.4	36
403.23	390.75	36
462.51	461.17	36
527.23	529.7	36
605.83	602.21	36
679.3	680.05	36
0.3	0.33	37
0.34	0.3	37
0.32	0.34	37
0.3	0.34	37
0.38	0.32	37
0.33	0.41	37
0.49	0.39	37
0.47	0.48	37
0.58	0.63	37
0.66	0.63	37
0.75	0.78	37
1.0	0.99	37
1.65	1.56	37
2.48	2.43	37
4.81	4.56	37
7.58	8.05	37
14.15	14.12	37
25.26	25.51	37
43.28	48.06	37
89.76	93.0	37
168.8	177.48	37
251.61	263.75	37
350.41	350.98	37
415.02	434.78	37
526.74	517.64	37
599.04	599.21	37
651.44	687.44	37
763.78	771.46	37
0.32	0.33	37
0.34	0.31	37
0.38	0.34	37
0.31	0.35	37
0.34	0.38	37
0.38	0.4	37
0.38	0.39	37
0.5	0.53	37
0.6	0.56	37
0.84	0.62	37
1.41	1.36	37
2.05	1.8	37
3.94	3.81	37
6.98	7.9	37
13.42	15.26	37
31.5	25.97	37
62.27	58.82	37
102.47	106.65	37
243.95	203.72	37
403.82	402.41	37
785.44	784.81	37
1161.96	1160.43	37
1543.72	1544.57	37
2331.94	1925.24	37
3273.97	2301.64	37
3248.53	2684.21	37
4348.94	3058.82	37
3450.54	3435.77	37
0.26	0.26	37
0.28	0.24	37
0.27	0.27	37
0.25	0.33	37
0.36	0.27	37
0.3	0.28	37
0.3	0.36	37
0.44	0.42	37
0.49	0.53	37
0.6	0.59	37
0.77	0.79	37
1.11	1.09	37
1.57	1.65	37
2.54	2.84	37
5.0	4.46	37
7.62	8.4	37
16.18	14.03	37
29.44	23.94	37
53.79	54.32	37
83.68	109.99	37
166.46	181.21	37
239.65	248.66	37
322.67	334.53	37
389.95	412.6	37
477.4	481.51	37
557.91	558.73	37
630.07	648.81	37
737.66	733.66	37
0.25	0.31	37
0.29	0.31	37
0.28	0.35	37
0.29	0.32	37
0.31	0.29	37
0.33	0.34	37
0.33	0.35	37
0.49	0.43	37
0.7	0.64	37
0.86	0.84	37
1.24	1.15	37
2.46	2.4	37
4.63	3.6	37
9.03	7.33	37
16.54	14.61	37
32.03	29.78	37
53.88	63.77	37
107.42	107.88	37
252.9	214.32	37
425.13	419.76	37
973.73	819.32	37
1196.77	1237.02	37
1904.47	1583.92	37
1982.9	2042.73	37
2847.35	2378.94	37
2758.21	2782.21	37
3155.54	3148.66	37
4227.0	3528.08	37
0.27	0.27	38
0.27	0.27	38
0.29	0.27	38
0.28	0.3	38
0.27	0.34	38
0.38	0.34	38
0.39	0.35	38
0.43	0.36	38
0.51	0.52	38
0.68	0.63	38
0.95	0.99	38
1.42	1.65	38
2.2	2.4	38
5.16	4.2	38
9.53	9.36	38
18.48	18.0	38
33.97	33.29	38
65.08	66.86	38
127.7	128.39	38
248.98	253.07	38
485.15	486.98	38
704.38	729.49	38
970.28	953.56	38
1198.87	1189.52	38
1412.28	1437.27	38
1643.99	1676.03	38
1923.0	1910.17	38
2107.73	2146.54	38
0.26	0.26	38
0.29	0.29	38
0.28	0.23	38
0.29	0.32	38
0.27	0.32	38
0.33	0.36	38
0.44	0.35	38
0.54	0.54	38
0.69	0.62	38
0.87	0.87	38
0.96	1.29	38
2.0	1.94	38
3.1	4.32	38
6.36	5.67	38
11.47	11.82	38
28.61	28.99	38
46.61	46.34	38
112.63	92.87	38
222.67	181.75	38
444.0	362.74	38
710.15	851.18	38
1051.86	1473.88	38
1391.71	1392.59	38
1730.58	1749.17	38
2525.08	2112.37	38
2408.68	2418.01	38
3352.65	2749.46	38
3765.07	3089.27	38
0.25	0.23	38
0.25	0.26	38
0.28	0.27	38
0.27	0.25	38
0.27	0.29	38
0.32	0.33	38
0.31	0.33	38
0.36	0.37	38
0.55	0.49	38
0.67	0.56	38
0.99	0.89	38
1.43	1.47	38
2.43	2.25	38
4.44	4.64	38
8.63	8.66	38
16.63	16.44	38
33.33	30.34	38
59.08	57.7	38
112.33	114.45	38
208.72	212.18	38
401.9	437.61	38
620.44	622.34	38
837.71	816.61	38
1008.41	1066.48	38
1263.29	1198.48	38
1377.19	1395.92	38
1611.17	1608.55	38
1794.31	1809.54	38
0.25	0.26	38
0.26	0.27	38
0.28	0.3	38
0.29	0.3	38
0.32	0.36	38
0.39	0.31	38
0.36	0.41	38
0.57	0.54	38
0.66	0.76	38
0.86	0.87	38
1.4	1.45	38
2.36	1.69	38
3.67	3.54	38
5.56	5.22	38
17.45	11.91	38
33.65	24.08	38
47.33	47.33	38
110.62	94.57	38
185.3	234.86	38
361.77	363.73	38
712.55	1055.71	38
1049.02	1046.09	38
1667.31	1384.24	38
1679.78	1727.11	38
2019.73	2006.67	38
2303.98	2288.63	38
2606.56	2640.04	38
3712.02	3049.5	38
0.29	0.26	39
0.3	0.28	39
0.3	0.32	39
0.33	0.31	39
0.3	0.31	39
0.3	0.33	39
0.39	0.39	39
0.42	0.46	39
0.61	0.58	39
0.71	0.72	39
1.13	1.42	39
1.78	1.73	39
3.14	2.67	39
5.83	5.37	39
12.37	9.98	39
20.35	24.34	39
40.81	40.55	39
98.54	98.05	39
157.56	156.92	39
387.87	312.8	39
608.18	608.17	39
1121.29	963.79	39
1476.32	1443.37	39
1836.54	1468.99	39
2188.18	1754.86	39
2037.91	2040.71	39
2930.25	2345.16	39
3329.96	2702.87	39
0.25	0.33	39
0.3	0.29	39
0.29	0.33	39
0.25	0.28	39
0.32	0.31	39
0.3	0.34	39
0.38	0.41	39
0.44	0.45	39
0.54	0.53	39
0.64	0.65	39
0.92	0.84	39
1.4	1.44	39
2.24	2.28	39
4.52	4.37	39
8.09	7.79	39
15.79	16.65	39
30.05	31.24	39
60.28	59.7	39
116.22	117.35	39
235.78	230.79	39
445.93	455.87	39
683.03	674.07	39
891.77	891.22	39
1114.83	1112.44	39
1329.08	1332.08	39
1552.98	1549.2	39
1731.02	1766.54	39
1989.33	1991.68	39
0.25	0.27	39
0.25	0.25	39
0.25	0.25	39
0.3	0.25	39
0.25	0.28	39
0.28	0.33	39
0.36	0.32	39
0.46	0.45	39
0.63	0.67	39
0.82	0.76	39
1.29	1.08	39
1.73	1.66	39
2.74	3.61	39
5.0	5.02	39
11.56	11.89	39
23.01	18.4	39
36.76	44.95	39
104.46	91.98	39
176.51	184.84	39
280.74	287.35	39
531.17	525.97	39
987.9	869.07	39
1059.4	1038.12	39
1921.45	1314.18	39
1518.62	1666.5	39
2242.4	1809.95	39
2594.68	2054.34	39
2309.34	2371.5	39
0.27	0.25	39
0.24	0.26	39
0.3	0.28	39
0.31	0.25	39
0.31	0.24	39
0.28	0.31	39
0.34	0.39	39
0.38	0.47	39
0.57	0.51	39
0.73	0.66	39
0.99	0.89	39
1.53	1.65	39
2.35	2.47	39
4.56	5.05	39
7.92	8.38	39
17.79	15.6	39
31.86	32.24	39
58.57	60.79	39
116.62	120.6	39
245.21	216.62	39
425.54	482.55	39
658.19	633.44	39
836.15	907.57	39
1018.73	1050.13	39
1253.89	1264.0	39
1453.06	1457.96	39
1664.04	1673.08	39
1870.32	1899.84	39
0.23	0.25	40
0.27	0.3	40
0.26	0.28	40
0.28	0.25	40
0.25	0.25	40
0.31	0.29	40
0.36	0.38	40
0.43	0.41	40
0.63	0.55	40
0.64	0.68	40
1.19	1.03	40
1.69	1.89	40
3.55	3.14	40
6.35	6.06	40
12.11	11.66	40
24.17	24.37	40
49.03	63.74	40
98.3	97.21	40
260.98	215.75	40
528.96	398.25	40
787.32	785.04	40
1561.61	1251.9	40
1555.08	1552.55	40
2551.96	1936.38	40
2315.86	2318.38	40
3550.16	2690.66	40
4052.76	3072.4	40
3457.73	3451.49	40
0.21	0.25	40
0.25	0.22	40
0.23	0.26	40
0.24	0.25	40
0.24	0.27	40
0.31	0.26	40
0.34	0.31	40
0.41	0.41	40
0.56	0.57	40
0.64	0.77	40
1.2	1.24	40
2.07	1.87	40
3.93	3.26	40
7.01	5.73	40
14.59	17.53	40
23.65	23.88	40
47.2	56.38	40
92.17	93.91	40
182.08	218.75	40
363.83	365.91	40
849.7	703.85	40
1050.54	1063.44	40
1389.07	1432.83	40
1711.78	1717.87	40
2055.96	2071.86	40
3374.99	2380.69	40
3273.92	2734.44	40
3669.97	3076.44	40
0.24	0.24	40
0.26	0.26	40
0.26	0.28	40
0.24	0.26	40
0.28	0.23	40
0.33	0.22	40
0.31	0.29	40
0.41	0.44	40
0.57	0.47	40
0.57	0.62	40
0.66	0.76	40
1.12	1.12	40
1.8	1.59	40
2.57	2.72	40
4.7	5.03	40
8.64	8.57	40
15.61	14.66	40
26.94	27.7	40
42.2	51.03	40
104.96	92.51	40
165.79	191.63	40
242.96	260.2	40
321.72	332.38	40
388.47	406.01	40
515.18	484.7	40
566.95	579.53	40
652.58	655.95	40
762.06	724.21	40
