0.56	0.64	1
0.71	0.69	1
1.1	0.9	1
1.06	1.2	1
1.1	1.34	1
1.25	1.35	1
1.52	1.36	1
1.76	1.55	1
1.9	1.92	1
2.64	2.5	1
3.15	3.16	1
5.05	4.04	1
9.34	6.59	1
12.66	10.91	1
23.01	18.72	1
50.29	35.59	1
81.66	67.34	1
224.18	127.31	1
439.87	246.58	1
365.35	362.94	1
730.73	483.17	1
596.47	600.17	1
1270.32	916.02	1
1051.73	831.56	1
1447.91	1204.79	1
1628.35	1068.11	1
0.58	0.62	1
0.93	0.8	1
1.05	1.25	1
1.28	1.2	1
1.34	1.28	1
1.31	1.6	1
1.8	1.48	1
2.27	2.39	1
3.02	3.14	1
4.6	4.64	1
7.01	8.17	1
11.82	14.72	1
21.95	26.57	1
38.31	53.49	1
89.98	104.85	1
116.06	207.67	1
290.32	409.89	1
455.94	819.68	1
1122.79	1590.21	1
2026.43	2024.42	1
1782.45	3185.11	1
3445.28	4039.76	1
3451.44	4904.78	1
4896.5	5742.28	1
4639.73	6583.16	1
4131.33	7386.66	1
0.53	0.58	1
0.67	0.76	1
0.83	0.75	1
1.23	0.91	1
1.29	1.1	1
1.58	1.45	1
1.43	1.49	1
1.56	1.77	1
2.01	1.99	1
2.35	2.36	1
3.79	3.79	1
5.13	4.8	1
10.42	7.08	1
13.8	14.34	1
34.56	20.23	1
45.46	35.96	1
101.83	67.84	1
164.81	129.61	1
369.08	310.02	1
460.8	369.2	1
866.11	616.76	1
755.49	601.42	1
1264.1	720.87	1
1309.93	829.64	1
1456.42	949.32	1
1383.03	1068.17	1
0.55	0.67	1
0.84	0.87	1
1.09	1.23	1
1.2	1.16	1
1.35	1.45	1
1.72	1.42	1
1.99	1.78	1
2.14	2.2	1
3.73	3.34	1
4.85	4.9	1
8.73	9.05	1
12.26	14.67	1
20.65	29.94	1
41.07	54.33	1
75.37	104.37	1
149.08	206.73	1
296.9	412.08	1
467.67	702.7	1
1147.47	1593.82	1
1341.99	2366.64	1
1798.08	3189.84	1
2870.17	4049.53	1
3479.02	4887.45	1
4058.87	5740.2	1
5617.36	6586.35	1
7399.7	7395.59	1
0.6	0.58	2
1.19	0.81	2
1.04	0.98	2
1.47	1.13	2
1.43	1.43	2
1.78	1.55	2
1.98	2.01	2
1.93	1.94	2
2.44	2.42	2
2.97	2.87	2
4.75	4.15	2
7.51	6.76	2
12.61	10.62	2
21.29	21.75	2
47.65	36.46	2
77.97	69.24	2
180.94	136.52	2
359.08	268.77	2
518.27	587.06	2
951.0	764.31	2
1247.86	1015.67	2
1406.84	1259.5	2
1504.81	1681.9	2
1947.97	1737.65	2
2464.58	2221.64	2
2746.7	2222.23	2
0.59	0.56	2
0.9	0.94	2
1.04	0.93	2
1.34	1.23	2
1.55	1.31	2
1.79	1.38	2
1.67	1.67	2
2.38	2.1	2
2.87	2.45	2
4.29	4.5	2
6.18	6.03	2
12.17	13.61	2
20.86	17.09	2
27.27	46.87	2
51.28	78.11	2
152.48	181.22	2
245.71	356.11	2
487.21	708.43	2
730.84	1369.99	2
1399.08	2036.68	2
1856.01	2694.69	2
2301.25	3353.76	2
2120.59	4005.48	2
3201.49	4654.42	2
4478.63	5323.93	2
4094.83	5960.76	2
0.54	0.54	2
0.78	0.76	2
0.94	0.97	2
1.39	1.18	2
1.31	1.21	2
1.37	1.41	2
1.59	1.42	2
2.02	1.86	2
2.15	2.27	2
3.29	3.18	2
5.01	4.63	2
7.24	6.62	2
13.07	11.24	2
24.98	18.97	2
46.96	34.89	2
73.16	66.47	2
141.8	126.52	2
343.83	251.16	2
599.68	484.95	2
816.06	721.65	2
1182.84	1098.66	2
1759.52	1180.15	2
1429.41	1409.48	2
2053.18	1653.89	2
2339.93	1879.97	2
2760.79	2105.89	2
0.6	0.55	2
0.82	0.95	2
0.94	0.9	2
1.44	1.22	2
1.3	1.43	2
1.41	1.11	2
1.63	1.79	2
2.27	1.97	2
3.23	2.99	2
4.59	4.32	2
4.96	8.03	2
11.1	13.52	2
15.37	24.32	2
35.55	49.13	2
78.83	93.42	2
153.43	179.76	2
198.43	357.94	2
606.15	708.27	2
968.69	1378.59	2
1728.0	2034.65	2
1879.14	2701.08	2
2340.57	3345.36	2
2802.71	4004.09	2
3221.49	4620.5	2
3620.92	4416.21	2
5835.92	5835.44	2
0.68	0.56	3
0.74	0.82	3
0.91	0.86	3
1.15	1.02	3
1.17	1.09	3
1.4	1.57	3
1.6	1.98	3
1.82	1.84	3
2.27	3.41	3
3.71	4.57	3
6.89	6.54	3
11.92	11.88	3
13.21	23.66	3
31.32	44.19	3
59.78	87.9	3
145.45	171.43	3
235.1	341.22	3
355.87	677.75	3
1099.33	1311.94	3
1330.12	1941.59	3
1759.01	2570.22	3
1666.29	3193.17	3
1991.67	3823.88	3
3177.41	4631.75	3
4453.99	4461.42	3
4075.41	5948.28	3
0.59	0.55	3
0.78	0.82	3
1.24	1.09	3
1.47	1.09	3
1.59	2.0	3
1.31	1.36	3
1.87	1.69	3
1.61	1.83	3
2.67	2.59	3
3.05	2.55	3
4.44	4.03	3
6.52	6.41	3
12.46	10.31	3
21.73	20.03	3
43.31	37.2	3
77.42	69.45	3
166.58	135.34	3
359.12	268.27	3
643.05	520.75	3
945.55	774.93	3
1261.58	1021.93	3
1564.83	1283.53	3
1912.17	1739.9	3
2232.22	2297.14	3
2309.47	2075.39	3
2867.14	2356.76	3
0.49	0.52	3
0.7	0.69	3
0.92	0.94	3
0.9	1.05	3
1.42	0.92	3
1.22	1.38	3
2.02	1.55	3
1.86	1.74	3
2.3	2.66	3
4.34	4.25	3
6.88	6.58	3
9.45	12.75	3
16.23	22.52	3
35.63	42.04	3
80.35	81.49	3
108.79	158.06	3
260.7	310.89	3
422.14	520.54	3
1004.66	1203.03	3
1215.35	1491.85	3
1226.95	1978.34	3
1993.1	2935.01	3
2402.86	3519.43	3
2119.55	4100.75	3
3163.89	4675.08	3
5260.54	5258.44	3
0.5	0.52	3
0.68	0.8	3
1.12	0.93	3
1.22	1.11	3
1.34	1.4	3
1.61	1.32	3
1.92	1.49	3
1.72	1.63	3
2.02	2.13	3
3.34	3.39	3
4.67	4.25	3
6.73	7.05	3
13.78	10.9	3
21.74	19.58	3
37.57	34.41	3
66.07	65.95	3
184.68	127.07	3
303.44	249.92	3
599.97	481.49	3
890.87	711.84	3
1181.51	1072.93	3
1472.65	1179.67	3
1776.41	1421.46	3
2060.71	1645.63	3
2620.7	1882.38	3
2620.5	2379.79	3
0.53	0.69	4
0.79	0.89	4
0.97	1.18	4
1.28	1.44	4
1.44	1.47	4
1.3	1.49	4
1.67	1.99	4
2.12	2.28	4
3.07	3.42	4
5.2	4.92	4
6.68	8.67	4
11.6	15.66	4
19.79	28.26	4
47.4	54.94	4
92.0	107.42	4
150.3	211.12	4
233.44	419.59	4
587.01	833.53	4
902.4	1614.79	4
1336.98	2400.41	4
2711.24	3172.78	4
2779.51	3944.38	4
4026.38	4725.23	4
4684.69	5496.23	4
3489.22	6281.04	4
6003.7	7051.75	4
0.6	0.55	4
0.78	0.72	4
1.07	0.98	4
1.24	1.32	4
1.15	0.84	4
1.75	1.47	4
1.48	1.57	4
1.77	1.46	4
2.04	1.79	4
2.58	2.17	4
3.44	3.25	4
4.79	4.01	4
6.74	6.16	4
12.64	10.69	4
27.29	19.44	4
58.46	35.04	4
97.45	65.86	4
191.82	127.44	4
376.18	374.94	4
548.89	365.87	4
853.08	483.71	4
1076.24	761.3	4
1081.99	908.32	4
1280.55	846.71	4
1447.15	948.34	4
1629.23	1065.43	4
0.54	0.52	4
0.75	0.76	4
1.07	1.02	4
1.2	1.23	4
1.21	1.15	4
1.38	1.29	4
1.66	1.57	4
1.96	2.23	4
2.6	2.96	4
4.24	4.94	4
5.28	8.4	4
11.35	13.65	4
16.04	21.19	4
28.41	48.4	4
67.61	94.42	4
186.9	186.5	4
260.94	369.67	4
729.56	734.81	4
993.03	1415.46	4
1476.46	2098.37	4
2786.45	2785.56	4
2423.33	3465.86	4
2243.26	4156.82	4
3364.76	4840.36	4
4677.67	5513.9	4
4302.58	6208.7	4
0.49	0.6	4
0.62	0.68	4
1.06	0.92	4
1.11	1.05	4
1.19	1.38	4
1.68	1.53	4
1.36	1.6	4
1.53	2.03	4
2.05	1.82	4
2.73	3.15	4
3.73	4.1	4
5.53	4.64	4
8.92	7.75	4
16.46	11.43	4
34.21	20.17	4
61.43	36.07	4
109.33	66.61	4
189.65	170.96	4
383.64	250.15	4
367.64	368.18	4
728.86	483.09	4
752.79	597.2	4
720.81	718.49	4
1290.61	833.41	4
1192.25	942.67	4
1881.27	1074.0	4
0.39	0.44	5
0.58	0.57	5
0.87	0.87	5
1.3	1.14	5
2.25	2.29	5
2.14	3.11	5
3.04	4.27	5
4.32	4.36	5
4.78	4.72	5
6.18	6.43	5
10.92	11.4	5
18.23	17.79	5
32.81	35.49	5
64.47	64.29	5
120.72	120.7	5
215.52	217.22	5
370.86	373.72	5
625.51	627.78	5
874.45	870.09	5
1108.57	1119.72	5
1353.97	1355.88	5
1584.09	1582.29	5
1813.28	1793.32	5
2049.77	1980.92	5
2238.88	2191.53	5
0.42	0.36	5
0.53	0.56	5
0.85	0.89	5
1.25	1.36	5
2.2	2.17	5
3.73	1.97	5
3.58	4.33	5
5.72	5.71	5
8.54	9.26	5
16.22	14.73	5
27.63	27.8	5
52.74	53.27	5
99.99	100.26	5
186.67	185.84	5
326.4	329.35	5
538.69	538.78	5
798.98	796.3	5
1211.06	1210.3	5
1589.8	1595.48	5
1973.7	1965.27	5
2336.51	2355.61	5
2709.47	2776.43	5
3063.0	3126.35	5
3407.59	3554.41	5
3764.17	3921.06	5
0.38	0.38	5
0.5	0.48	5
0.77	0.76	5
1.32	1.34	5
2.1	1.87	5
2.57	1.77	5
2.24	3.57	5
2.84	4.05	5
4.25	4.97	5
6.77	5.96	5
9.26	9.99	5
16.41	16.12	5
29.17	29.32	5
53.37	53.39	5
98.8	99.24	5
179.15	180.01	5
307.43	310.65	5
540.79	542.35	5
775.28	775.77	5
990.12	991.62	5
1235.54	1243.38	5
1450.75	1482.24	5
1682.44	1697.88	5
1891.1	1898.5	5
2116.16	2102.86	5
0.39	0.38	5
0.57	0.51	5
0.86	0.87	5
1.2	1.43	5
2.29	2.68	5
2.93	2.38	5
4.47	4.6	5
5.24	4.9	5
9.38	8.28	5
14.53	16.33	5
28.66	26.77	5
53.21	52.2	5
99.23	98.27	5
180.29	180.52	5
319.26	313.15	5
508.72	506.48	5
748.51	746.12	5
1137.27	1129.78	5
1518.28	1511.44	5
1872.8	1900.17	5
2235.15	2269.58	5
2596.42	2668.53	5
2923.06	3009.48	5
3238.24	3429.63	5
3557.88	3772.68	5
0.38	0.4	6
0.56	0.58	6
0.89	0.88	6
1.36	1.32	6
2.66	1.7	6
2.89	2.98	6
3.75	4.08	6
5.18	5.15	6
9.09	9.26	6
15.74	15.53	6
28.11	28.11	6
53.92	53.16	6
101.32	101.39	6
186.57	188.68	6
335.68	336.66	6
557.03	556.12	6
825.72	820.91	6
1217.57	1207.53	6
1581.17	1592.53	6
1960.33	1961.7	6
2337.37	2343.93	6
2751.19	2761.64	6
3124.02	3120.44	6
3475.52	3459.67	6
3848.03	3794.39	6
0.43	0.45	6
0.56	0.5	6
0.83	0.92	6
1.53	1.21	6
2.28	1.73	6
3.48	2.5	6
3.27	2.77	6
4.83	3.84	6
4.99	4.65	6
6.57	6.48	6
12.29	11.24	6
18.65	19.77	6
35.8	34.8	6
66.84	67.48	6
124.75	127.08	6
224.01	227.92	6
386.78	384.78	6
634.38	647.13	6
886.08	879.59	6
1123.71	1095.63	6
1344.21	1332.57	6
1579.48	1567.54	6
1822.68	1789.17	6
2040.79	2040.15	6
2285.89	2278.08	6
0.37	0.4	6
0.48	0.47	6
0.76	0.68	6
1.09	1.29	6
2.11	2.15	6
2.5	2.29	6
3.93	3.47	6
4.52	4.17	6
6.84	7.1	6
11.39	12.01	6
20.56	20.2	6
38.35	38.84	6
70.59	73.38	6
127.8	128.0	6
236.75	233.16	6
392.55	392.82	6
605.46	607.22	6
947.77	942.93	6
1300.3	1292.17	6
1626.59	1633.65	6
1969.34	1951.49	6
2302.34	2319.86	6
2642.82	2652.67	6
2983.28	2970.73	6
3283.37	3285.16	6
0.42	0.45	6
0.55	0.52	6
0.75	0.93	6
1.46	1.45	6
1.8	2.08	6
2.46	3.45	6
2.5	2.13	6
4.06	3.44	6
3.89	4.18	6
6.67	7.24	6
10.04	9.76	6
17.91	17.69	6
30.99	32.94	6
58.97	57.83	6
108.54	109.54	6
192.67	188.54	6
324.01	330.59	6
564.59	563.14	6
800.51	795.72	6
1020.55	1025.39	6
1247.52	1250.95	6
1487.42	1475.79	6
1705.3	1716.59	6
1922.76	1946.44	6
2134.89	2184.9	6
0.39	0.38	7
0.49	0.54	7
0.73	0.82	7
1.45	1.51	7
1.91	2.23	7
1.94	3.06	7
2.39	2.95	7
3.75	3.44	7
5.57	4.1	7
5.54	5.87	7
11.04	10.26	7
17.49	19.03	7
33.36	34.26	7
62.03	65.68	7
118.78	119.43	7
211.77	219.44	7
372.82	373.7	7
628.62	625.59	7
868.2	866.64	7
1095.32	1083.13	7
1329.62	1315.83	7
1565.21	1543.39	7
1796.15	1787.38	7
2041.47	2016.68	7
2268.96	2273.55	7
0.4	0.42	7
0.53	0.64	7
0.89	0.74	7
1.44	1.26	7
1.84	2.25	7
3.53	1.76	7
3.71	2.83	7
5.09	4.91	7
8.59	7.61	7
15.06	14.68	7
27.92	26.3	7
50.43	49.62	7
97.75	97.84	7
179.24	178.69	7
316.22	316.51	7
532.42	534.79	7
786.72	784.06	7
1176.58	1193.74	7
1553.38	1568.96	7
1915.55	1934.5	7
2289.19	2308.78	7
2652.97	2649.93	7
3030.06	3025.04	7
3394.8	3368.56	7
3714.49	3694.31	7
0.43	0.4	7
0.52	0.46	7
0.75	0.71	7
1.32	1.32	7
1.8	2.22	7
3.38	2.56	7
2.54	3.0	7
4.01	3.21	7
3.98	4.54	7
7.08	6.57	7
10.26	9.75	7
15.14	16.59	7
28.03	29.07	7
51.9	52.78	7
97.24	98.34	7
178.51	178.56	7
308.78	314.19	7
543.59	541.44	7
770.41	777.97	7
999.62	990.42	7
1211.75	1216.77	7
1446.02	1450.46	7
1667.75	1692.77	7
1910.63	1919.81	7
2108.39	2169.0	7
0.39	0.39	7
0.5	0.49	7
0.76	0.77	7
1.15	1.24	7
1.6	1.97	7
2.43	2.92	7
3.17	2.93	7
4.03	5.21	7
7.97	6.55	7
11.99	12.79	7
21.88	23.01	7
42.11	41.95	7
79.28	79.01	7
145.41	145.87	7
255.47	259.64	7
424.02	432.39	7
648.93	647.91	7
1000.76	1001.91	7
1347.06	1342.56	7
1700.83	1691.21	7
2036.09	2044.06	7
2389.05	2411.91	7
2721.47	2748.49	7
3079.74	3078.98	7
3410.41	3406.91	7
0.38	0.41	8
0.51	0.53	8
0.78	0.88	8
1.48	1.35	8
1.91	1.69	8
2.85	2.72	8
3.18	2.93	8
4.31	4.56	8
9.02	8.31	8
15.8	15.96	8
28.34	28.74	8
52.95	52.1	8
99.77	101.37	8
183.86	184.32	8
328.31	332.04	8
550.41	548.71	8
816.44	821.49	8
1227.88	1231.53	8
1620.88	1624.15	8
2000.13	1996.9	8
2425.09	2444.39	8
2802.82	2851.78	8
3189.35	3255.2	8
3539.36	3658.37	8
3891.86	4053.16	8
0.43	0.44	8
0.59	0.6	8
0.88	0.79	8
1.45	1.31	8
2.5	2.16	8
2.5	2.69	8
2.92	3.93	8
4.39	3.4	8
5.55	4.32	8
6.42	7.57	8
10.49	11.25	8
19.68	19.57	8
35.88	35.07	8
66.76	67.85	8
124.49	126.9	8
225.69	226.72	8
381.52	385.46	8
633.6	639.16	8
884.3	881.57	8
1120.24	1120.71	8
1363.34	1364.45	8
1592.68	1564.56	8
1851.99	1791.08	8
2059.1	1969.3	8
2267.73	2162.65	8
0.32	0.36	8
0.48	0.52	8
0.69	0.66	8
1.2	1.21	8
1.48	2.15	8
3.23	2.86	8
3.08	4.05	8
4.31	4.49	8
6.77	7.08	8
11.22	12.63	8
19.41	19.53	8
37.82	37.63	8
70.75	71.78	8
131.91	128.53	8
233.79	229.78	8
391.25	390.72	8
603.84	609.76	8
961.15	968.85	8
1319.48	1321.95	8
1664.39	1665.9	8
1990.06	2025.05	8
2331.14	2373.02	8
2670.46	2759.66	8
2987.6	3129.55	8
3320.52	3506.13	8
0.4	0.36	8
0.47	0.59	8
0.79	0.76	8
1.28	1.29	8
1.51	1.87	8
2.15	2.5	8
2.89	2.31	8
2.53	2.98	8
4.32	4.53	8
6.21	5.73	8
9.26	9.54	8
16.99	14.94	8
29.14	28.67	8
54.48	53.05	8
98.75	94.43	8
177.72	176.39	8
310.32	313.5	8
537.52	534.1	8
771.25	770.52	8
1001.67	998.7	8
1233.37	1230.07	8
1451.34	1471.1	8
1687.22	1666.23	8
1895.06	1883.75	8
2107.16	2080.8	8
0.27	0.34	9
0.28	0.28	9
0.29	0.27	9
0.4	0.36	9
0.34	0.35	9
0.32	0.4	9
0.4	0.43	9
0.43	0.44	9
0.45	0.54	9
0.59	0.61	9
0.63	0.59	9
0.96	0.93	9
1.22	1.19	9
1.86	1.91	9
2.83	2.6	9
4.99	4.69	9
8.29	7.9	9
14.92	14.95	9
27.82	25.76	9
55.65	49.43	9
106.38	94.49	9
192.79	174.57	9
295.53	271.99	9
391.49	359.31	9
492.97	433.73	9
580.9	524.3	9
682.95	619.94	9
768.63	705.12	9
875.03	778.59	9
0.31	0.28	9
0.29	0.39	9
0.32	0.31	9
0.38	0.38	9
0.31	0.29	9
0.34	0.34	9
0.32	0.4	9
0.43	0.45	9
0.54	0.55	9
0.73	0.66	9
1.05	1.06	9
1.56	1.99	9
2.2	3.91	9
4.41	6.17	9
8.24	12.65	9
23.13	26.38	9
39.58	53.01	9
79.24	106.12	9
158.64	212.98	9
312.59	423.11	9
621.5	827.41	9
1029.36	1630.8	9
1535.54	2434.69	9
1988.11	3209.2	9
2626.38	3888.4	9
2900.5	4632.29	9
3496.85	5402.66	9
3908.8	6311.48	9
4411.5	6996.57	9
0.25	0.26	9
0.25	0.26	9
0.26	0.23	9
0.31	0.28	9
0.25	0.28	9
0.29	0.27	9
0.3	0.35	9
0.32	0.34	9
0.39	0.3	9
0.53	0.56	9
0.67	0.74	9
0.87	1.04	9
1.36	1.25	9
2.32	2.32	9
2.63	3.0	9
5.59	5.08	9
9.83	10.44	9
17.91	17.38	9
31.72	32.91	9
54.72	80.75	9
117.47	99.46	9
198.09	237.17	9
313.0	371.11	9
381.25	457.39	9
486.93	558.53	9
550.92	642.68	9
643.99	574.15	9
742.58	897.55	9
817.84	924.82	9
0.29	0.27	9
0.29	0.26	9
0.3	0.3	9
0.32	0.32	9
0.29	0.32	9
0.34	0.39	9
0.31	0.35	9
0.39	0.45	9
0.45	0.5	9
0.68	0.72	9
0.97	1.22	9
1.46	1.88	9
3.65	3.01	9
4.47	6.24	9
12.48	13.36	9
19.83	28.03	9
43.61	55.42	9
118.53	114.81	9
137.52	222.1	9
335.35	431.77	9
542.35	891.52	9
1074.61	1691.18	9
1624.21	2622.58	9
2192.2	3290.92	9
2715.36	4099.59	9
2967.55	4954.68	9
3491.74	5620.54	9
4047.25	6630.73	9
4565.18	7525.4	9
0.22	0.28	10
0.33	0.31	10
0.3	0.34	10
0.35	0.3	10
0.26	0.26	10
0.32	0.35	10
0.44	0.34	10
0.39	0.34	10
0.42	0.37	10
0.62	0.52	10
0.86	0.69	10
1.06	1.09	10
1.55	1.53	10
2.96	2.6	10
4.41	4.69	10
9.34	8.24	10
16.38	16.19	10
31.24	31.02	10
61.65	60.23	10
122.74	117.16	10
243.41	234.07	10
471.97	448.65	10
704.4	672.56	10
930.13	905.84	10
1165.88	1100.54	10
1392.03	1327.7	10
1622.87	1534.81	10
1850.3	1788.28	10
2080.37	1990.34	10
0.28	0.25	10
0.29	0.28	10
0.29	0.33	10
0.24	0.26	10
0.3	0.32	10
0.26	0.29	10
0.37	0.32	10
0.38	0.38	10
0.5	0.54	10
0.79	0.73	10
0.94	1.09	10
1.66	1.34	10
2.84	2.97	10
3.16	5.82	10
8.39	10.38	10
13.25	21.59	10
31.6	42.51	10
62.58	85.35	10
101.5	169.51	10
247.08	335.46	10
491.99	674.8	10
789.68	1311.57	10
1242.66	1916.48	10
1516.91	2520.44	10
1878.4	3175.6	10
2235.69	3720.91	10
3232.81	4365.09	10
3057.61	4926.28	10
3492.46	5531.93	10
0.24	0.25	10
0.24	0.23	10
0.28	0.23	10
0.29	0.26	10
0.24	0.24	10
0.28	0.3	10
0.35	0.29	10
0.36	0.35	10
0.36	0.33	10
0.5	0.53	10
0.6	0.69	10
1.14	1.11	10
1.56	1.75	10
3.08	2.77	10
5.17	4.65	10
10.17	10.73	10
16.86	19.6	10
35.36	33.67	10
62.38	60.54	10
122.2	120.87	10
222.09	223.7	10
434.05	487.24	10
652.8	676.31	10
893.11	968.49	10
1060.5	1091.37	10
1270.88	1331.33	10
1533.3	1461.28	10
1656.63	1746.14	10
1867.36	1873.21	10
0.24	0.25	10
0.26	0.24	10
0.26	0.26	10
0.28	0.26	10
0.28	0.28	10
0.33	0.29	10
0.31	0.34	10
0.33	0.37	10
0.52	0.44	10
0.63	0.75	10
0.91	0.97	10
2.24	2.31	10
2.14	3.19	10
4.45	5.59	10
7.93	12.1	10
13.83	22.18	10
41.24	46.92	10
69.69	87.9	10
131.17	178.21	10
258.41	349.01	10
430.6	705.86	10
825.63	1387.95	10
1204.64	2028.55	10
1616.74	2623.59	10
2019.06	3383.83	10
2447.08	3861.88	10
2704.08	4673.88	10
3123.08	5113.82	10
3286.25	5704.84	10
0.26	0.26	11
0.26	0.26	11
0.26	0.27	11
0.28	0.27	11
0.28	0.31	11
0.28	0.33	11
0.31	0.35	11
0.48	0.38	11
0.54	0.51	11
0.76	0.62	11
0.93	1.08	11
1.14	2.14	11
3.16	2.35	11
4.82	5.58	11
8.37	9.69	11
18.59	20.56	11
26.31	43.85	11
50.22	83.97	11
99.19	166.86	11
240.98	333.52	11
393.51	661.95	11
768.35	1272.27	11
1134.8	1911.79	11
1622.47	2576.23	11
2079.23	3127.78	11
2326.39	3743.58	11
2631.72	4392.01	11
3021.15	5025.01	11
3378.41	5623.49	11
0.25	0.27	11
0.34	0.24	11
0.27	0.28	11
0.29	0.27	11
0.3	0.28	11
0.33	0.28	11
0.4	0.37	11
0.36	0.27	11
0.41	0.43	11
0.46	0.57	11
0.71	0.75	11
0.91	1.03	11
1.65	1.49	11
2.66	2.47	11
4.43	4.4	11
8.51	8.34	11
16.2	16.4	11
31.87	30.68	11
61.44	60.1	11
121.98	115.88	11
237.13	225.42	11
468.61	453.12	11
699.42	665.47	11
915.14	879.55	11
1135.65	1107.06	11
1370.69	1301.4	11
1577.87	1492.1	11
1788.39	1712.72	11
2020.09	1935.93	11
0.23	0.25	11
0.25	0.24	11
0.26	0.25	11
0.26	0.25	11
0.25	0.26	11
0.27	0.29	11
0.33	0.26	11
0.4	0.34	11
0.5	0.47	11
0.6	0.68	11
0.8	0.9	11
1.27	1.83	11
2.06	3.16	11
3.47	4.79	11
5.69	9.6	11
14.48	19.28	11
23.66	39.49	11
46.54	77.97	11
87.67	165.17	11
175.43	326.52	11
471.0	601.63	11
675.58	1227.89	11
1039.21	1822.09	11
1465.74	2499.2	11
1677.31	2972.13	11
2069.64	3610.95	11
2281.28	4307.61	11
2695.45	4770.68	11
2947.91	5268.31	11
0.26	0.24	11
0.28	0.29	11
0.24	0.28	11
0.27	0.26	11
0.28	0.29	11
0.25	0.28	11
0.34	0.35	11
0.39	0.37	11
0.39	0.44	11
0.5	0.66	11
0.65	0.79	11
1.07	1.13	11
1.66	1.78	11
3.31	3.01	11
5.08	4.74	11
9.61	9.49	11
17.5	19.09	11
32.08	33.46	11
71.23	63.11	11
126.83	119.93	11
235.34	240.83	11
462.08	477.9	11
675.81	662.18	11
886.91	885.95	11
1098.91	1178.98	11
1312.27	1386.27	11
1617.2	1647.79	11
1763.27	1815.73	11
1947.64	1932.4	11
0.26	0.27	12
0.3	0.27	12
0.24	0.25	12
0.35	0.29	12
0.29	0.25	12
0.3	0.27	12
0.33	0.32	12
0.36	0.41	12
0.46	0.47	12
0.6	0.65	12
0.89	1.06	12
1.52	1.88	12
2.19	2.99	12
4.35	6.62	12
8.87	11.86	12
18.96	24.3	12
30.51	49.5	12
84.64	98.25	12
145.34	194.53	12
240.8	385.51	12
481.62	772.64	12
940.76	1520.2	12
1389.5	2251.14	12
1850.7	2968.24	12
2301.2	3664.68	12
2757.16	4388.73	12
3208.23	5136.63	12
4038.45	5827.56	12
4132.47	6605.02	12
0.26	0.27	12
0.28	0.27	12
0.28	0.3	12
0.3	0.25	12
0.3	0.28	12
0.29	0.31	12
0.39	0.35	12
0.36	0.35	12
0.37	0.39	12
0.6	0.53	12
0.58	0.58	12
0.89	0.82	12
1.12	1.21	12
1.82	1.78	12
2.76	2.58	12
4.74	4.72	12
8.67	7.72	12
15.24	14.21	12
27.6	26.04	12
51.04	49.2	12
104.59	97.66	12
202.48	174.58	12
290.45	266.82	12
396.13	358.56	12
488.14	443.6	12
569.94	504.96	12
671.09	603.54	12
781.83	707.84	12
829.58	775.39	12
0.24	0.24	12
0.22	0.21	12
0.24	0.22	12
0.21	0.22	12
0.23	0.22	12
0.23	0.27	12
0.29	0.27	12
0.34	0.32	12
0.43	0.43	12
0.57	0.5	12
0.97	1.01	12
1.16	1.64	12
2.48	3.23	12
3.84	5.94	12
7.2	12.4	12
17.35	23.82	12
41.79	47.11	12
88.59	92.35	12
149.49	193.61	12
289.42	367.52	12
696.71	770.68	12
877.55	1426.87	12
1888.28	2151.52	12
2136.46	2926.6	12
2142.27	3479.41	12
2548.61	4226.56	12
3081.25	4846.13	12
3442.98	5762.14	12
3903.66	6439.36	12
0.26	0.27	12
0.29	0.26	12
0.3	0.26	12
0.29	0.28	12
0.32	0.34	12
0.28	0.32	12
0.31	0.34	12
0.33	0.34	12
0.41	0.45	12
0.53	0.58	12
0.58	0.67	12
1.0	1.1	12
1.28	1.27	12
1.95	2.24	12
2.99	2.91	12
5.48	5.89	12
10.12	11.9	12
19.65	18.6	12
33.05	33.39	12
61.43	73.18	12
120.19	101.05	12
243.78	224.91	12
310.03	317.51	12
393.88	417.48	12
487.53	541.54	12
649.33	717.53	12
633.34	801.17	12
759.0	906.91	12
832.59	1022.1	12
0.28	0.27	13
0.29	0.35	13
0.42	0.43	13
0.66	0.59	13
1.16	1.1	13
1.69	1.68	13
2.89	3.3	13
3.33	3.31	13
4.21	4.04	13
6.47	5.48	13
8.84	7.74	13
14.16	15.1	13
25.0	23.21	13
41.59	41.71	13
70.37	70.22	13
108.73	106.86	13
145.69	144.64	13
199.47	203.72	13
307.73	314.72	13
522.74	519.5	13
734.04	735.85	13
942.19	946.72	13
1156.51	1161.24	13
1389.14	1375.65	13
1559.35	1596.63	13
1758.38	1813.2	13
1969.59	1973.51	13
0.27	0.29	13
0.33	0.35	13
0.4	0.47	13
0.64	0.64	13
1.1	1.12	13
1.88	1.86	13
3.22	3.24	13
2.82	4.48	13
5.14	3.61	13
5.34	6.14	13
10.8	10.82	13
15.15	13.32	13
27.83	27.66	13
48.32	46.56	13
79.9	79.03	13
130.03	129.58	13
184.75	182.89	13
279.95	283.24	13
468.69	471.5	13
836.39	880.68	13
1198.36	1272.36	13
1567.46	1660.59	13
1921.12	2020.46	13
2291.84	2394.59	13
2641.7	2717.84	13
2991.49	3056.56	13
3281.21	3377.74	13
0.27	0.24	13
0.31	0.29	13
0.38	0.39	13
0.61	0.6	13
0.94	0.95	13
1.8	1.72	13
2.66	2.28	13
3.52	2.75	13
3.21	3.76	13
4.42	5.24	13
8.19	6.8	13
11.29	11.55	13
20.57	19.03	13
32.97	32.63	13
55.13	56.36	13
84.88	84.6	13
117.39	114.94	13
166.76	162.5	13
265.15	269.18	13
466.51	462.41	13
671.94	663.46	13
859.03	885.55	13
1065.29	1071.41	13
1281.99	1277.65	13
1458.01	1483.17	13
1666.09	1665.38	13
1852.48	1838.93	13
0.3	0.28	13
0.33	0.32	13
0.41	0.39	13
0.65	0.64	13
0.96	0.95	13
1.54	1.21	13
1.96	1.99	13
3.2	3.04	13
3.63	3.77	13
5.43	4.88	13
7.9	8.15	13
13.53	11.75	13
21.25	21.41	13
37.78	37.38	13
61.56	63.76	13
103.53	102.93	13
153.88	155.46	13
246.65	243.65	13
416.98	420.8	13
748.53	795.04	13
1068.39	1167.06	13
1396.48	1487.91	13
1743.08	1821.32	13
2042.28	2134.91	13
2352.49	2459.11	13
2666.26	2782.13	13
2960.91	3022.99	13
0.28	0.31	14
0.37	0.33	14
0.46	0.49	14
0.74	0.73	14
1.33	1.17	14
1.69	2.15	14
2.49	2.57	14
3.1	5.02	14
6.62	4.63	14
7.64	6.46	14
11.15	9.58	14
15.59	15.7	14
27.1	28.27	14
49.88	47.62	14
80.92	81.54	14
127.14	128.76	14
183.73	181.58	14
269.96	268.73	14
445.43	446.37	14
768.2	767.92	14
1104.58	1108.71	14
1441.13	1457.03	14
1775.95	1784.17	14
2109.89	2120.28	14
2485.57	2465.85	14
2771.8	2774.15	14
3086.67	3098.02	14
0.31	0.34	14
0.36	0.38	14
0.46	0.48	14
0.68	0.7	14
1.09	1.28	14
2.08	2.2	14
3.63	3.23	14
3.36	4.51	14
6.2	4.74	14
6.43	6.29	14
9.96	7.66	14
14.62	15.19	14
26.78	25.3	14
43.37	43.63	14
74.69	70.39	14
113.84	112.73	14
151.73	150.57	14
213.63	212.94	14
328.14	331.58	14
555.64	596.56	14
787.22	875.81	14
1010.22	1100.14	14
1228.67	1320.46	14
1421.6	1545.47	14
1679.51	1720.39	14
1842.6	1955.61	14
1980.28	2136.24	14
0.26	0.28	14
0.3	0.29	14
0.39	0.38	14
0.55	0.58	14
1.01	0.95	14
1.67	1.71	14
2.43	1.61	14
2.74	3.02	14
4.77	3.92	14
4.45	4.82	14
7.31	7.98	14
12.12	13.12	14
20.91	22.07	14
35.81	35.8	14
60.1	59.74	14
94.45	96.37	14
138.44	142.35	14
220.88	216.71	14
367.93	373.4	14
657.41	662.17	14
949.91	973.56	14
1256.83	1255.07	14
1555.55	1556.39	14
1864.3	1870.77	14
2144.3	2146.95	14
2423.5	2438.78	14
2726.68	2753.72	14
0.28	0.26	14
0.32	0.37	14
0.45	0.41	14
0.61	0.65	14
1.13	1.09	14
2.01	1.95	14
3.36	2.54	14
2.49	5.61	14
4.17	5.49	14
6.36	6.27	14
9.28	10.22	14
13.94	14.62	14
25.41	23.67	14
42.37	41.41	14
67.28	66.57	14
102.68	103.24	14
142.76	142.94	14
195.78	195.09	14
306.36	318.93	14
531.67	566.2	14
741.22	853.06	14
943.33	1071.52	14
1144.44	1245.78	14
1333.48	1443.5	14
1506.24	1653.58	14
1684.83	1812.06	14
1875.99	1973.75	14
0.31	0.3	15
0.4	0.34	15
0.43	0.45	15
0.65	0.69	15
1.01	0.9	15
1.97	1.69	15
2.66	2.71	15
3.53	3.21	15
4.33	3.61	15
6.36	5.32	15
9.07	8.93	15
12.97	14.17	15
24.42	23.77	15
40.48	41.22	15
68.21	67.21	15
104.87	104.77	15
146.05	145.62	15
204.01	207.08	15
313.88	319.43	15
548.62	575.63	15
766.97	829.98	15
993.2	1033.13	15
1204.32	1263.68	15
1414.48	1494.64	15
1631.13	1695.41	15
1840.03	1874.69	15
2055.4	2090.47	15
0.27	0.27	15
0.35	0.32	15
0.44	0.46	15
0.63	0.61	15
0.96	0.89	15
1.66	1.53	15
3.01	2.26	15
4.53	4.22	15
5.44	5.45	15
5.82	7.64	15
9.17	9.47	15
15.98	15.52	15
28.37	26.08	15
44.63	49.22	15
77.33	75.85	15
122.37	119.44	15
177.09	174.73	15
262.71	261.62	15
430.92	434.19	15
758.69	771.99	15
1095.17	1103.46	15
1423.43	1457.19	15
1760.88	1775.22	15
2090.01	2131.15	15
2457.32	2421.3	15
2767.83	2765.98	15
3040.7	3088.91	15
0.28	0.25	15
0.29	0.29	15
0.37	0.4	15
0.6	0.6	15
0.85	0.92	15
1.76	1.78	15
2.65	2.63	15
3.42	4.14	15
2.82	4.1	15
4.74	5.98	15
7.35	8.32	15
10.3	11.55	15
19.74	19.78	15
31.97	33.46	15
53.9	53.64	15
81.15	82.89	15
113.6	114.88	15
173.12	167.39	15
268.77	282.54	15
474.4	514.05	15
687.34	753.14	15
876.66	950.65	15
1070.34	1152.01	15
1267.25	1340.88	15
1469.51	1536.25	15
1643.67	1708.96	15
1849.5	1888.79	15
0.33	0.28	15
0.31	0.3	15
0.43	0.39	15
0.59	0.59	15
0.83	0.96	15
1.66	1.65	15
2.8	2.09	15
4.19	2.48	15
4.13	4.02	15
5.55	5.95	15
6.87	8.31	15
12.13	11.63	15
21.53	22.48	15
36.91	35.73	15
58.51	61.15	15
94.88	93.44	15
143.28	143.65	15
219.89	221.52	15
374.57	374.17	15
664.33	669.79	15
964.76	967.79	15
1266.0	1277.3	15
1580.72	1581.55	15
1863.22	1866.27	15
2175.6	2198.09	15
2455.88	2465.34	15
2708.96	2735.04	15
0.27	0.28	16
0.3	0.32	16
0.46	0.5	16
0.63	0.67	16
1.11	1.09	16
2.0	1.79	16
2.95	3.6	16
2.86	5.23	16
4.48	4.27	16
6.32	5.47	16
11.27	9.25	16
16.81	15.37	16
28.64	28.18	16
48.09	49.6	16
79.48	81.22	16
125.44	127.87	16
181.92	184.03	16
273.84	276.25	16
452.06	451.09	16
798.25	831.45	16
1132.48	1202.03	16
1487.06	1549.25	16
1836.32	1890.58	16
2164.01	2234.75	16
2514.07	2585.25	16
2805.86	2902.19	16
3120.8	3204.01	16
0.26	0.27	16
0.38	0.33	16
0.44	0.41	16
0.66	0.77	16
1.11	1.15	16
1.96	1.65	16
2.48	3.48	16
3.85	3.9	16
5.16	4.4	16
6.01	7.17	16
8.08	8.84	16
16.13	13.01	16
24.63	25.95	16
42.21	42.67	16
71.56	71.98	16
109.33	109.23	16
147.9	148.63	16
200.2	205.53	16
310.09	315.14	16
519.14	538.92	16
739.66	738.87	16
949.98	956.64	16
1168.41	1176.7	16
1370.47	1400.31	16
1595.46	1607.62	16
1802.58	1823.82	16
1972.55	1964.54	16
0.24	0.23	16
0.29	0.29	16
0.38	0.42	16
0.59	0.61	16
0.92	0.97	16
1.52	1.22	16
1.85	2.92	16
3.29	3.31	16
4.14	3.28	16
4.41	3.72	16
7.35	7.09	16
13.79	12.39	16
20.49	21.19	16
36.19	36.63	16
58.74	61.29	16
96.47	96.03	16
144.03	145.28	16
223.15	225.41	16
387.62	383.69	16
688.79	729.77	16
991.74	1053.48	16
1286.91	1371.49	16
1585.5	1653.23	16
1886.72	1949.29	16
2157.33	2237.03	16
2461.49	2538.18	16
2734.1	2803.62	16
0.26	0.25	16
0.36	0.35	16
0.44	0.42	16
0.66	0.62	16
0.95	1.11	16
1.88	1.95	16
3.1	3.72	16
4.13	2.87	16
4.79	3.54	16
6.38	5.74	16
7.57	9.2	16
14.65	14.25	16
24.27	23.15	16
38.15	38.47	16
62.86	63.79	16
95.59	98.03	16
131.32	132.44	16
182.65	181.23	16
285.56	287.19	16
485.73	477.09	16
676.45	685.91	16
881.3	897.56	16
1086.51	1099.05	16
1288.44	1284.93	16
1496.37	1496.55	16
1696.76	1682.41	16
1864.24	1841.42	16
0.43	0.4	17
0.6	0.54	17
0.97	1.01	17
1.71	1.64	17
2.42	3.28	17
5.0	5.94	17
8.5	9.28	17
14.24	7.06	17
14.45	16.63	17
21.97	17.6	17
24.0	28.53	17
40.77	42.24	17
77.08	78.63	17
146.87	142.4	17
270.59	270.57	17
497.17	500.37	17
870.77	870.73	17
1337.6	1335.93	17
1785.1	1784.72	17
2474.33	2478.7	17
3126.42	3182.48	17
3761.77	3791.34	17
4410.09	4346.62	17
4992.65	4862.32	17
5595.68	5331.38	17
6212.89	5783.05	17
6641.19	6179.65	17
0.36	0.42	17
0.64	0.67	17
0.94	0.97	17
1.84	1.8	17
3.12	3.52	17
5.98	5.67	17
12.43	10.46	17
11.71	6.87	17
16.0	14.05	17
25.5	23.88	17
41.66	47.26	17
68.57	72.91	17
133.72	138.6	17
249.35	253.34	17
462.64	466.89	17
839.37	841.88	17
1427.7	1425.78	17
2144.68	2151.9	17
2728.89	2722.37	17
3647.26	3645.15	17
4431.29	4389.29	17
5235.57	5169.58	17
6031.82	6048.71	17
6848.02	6919.25	17
7644.54	7853.63	17
8419.54	8778.74	17
9110.73	9656.08	17
0.35	0.32	17
0.46	0.54	17
0.81	0.87	17
1.48	1.53	17
2.76	2.79	17
4.95	4.91	17
7.57	8.38	17
4.7	9.42	17
10.89	9.32	17
9.83	15.58	17
24.87	24.08	17
35.21	38.22	17
58.65	60.5	17
116.62	116.89	17
214.37	208.87	17
383.73	382.85	17
670.25	673.13	17
1039.38	1038.86	17
1410.59	1401.93	17
2015.64	2033.35	17
2622.22	2687.76	17
3205.05	3367.61	17
3782.54	3947.96	17
4442.42	4514.34	17
5017.3	5024.82	17
5527.16	5479.56	17
6018.26	5898.39	17
0.38	0.39	17
0.56	0.64	17
0.89	0.96	17
1.74	1.85	17
3.21	3.12	17
4.91	5.04	17
9.46	10.57	17
16.57	14.33	17
15.45	17.7	17
21.31	22.7	17
40.22	38.91	17
67.22	70.15	17
131.47	130.11	17
248.4	241.57	17
442.9	438.96	17
781.45	783.36	17
1335.43	1331.85	17
1975.47	1981.73	17
2471.73	2486.36	17
3411.73	3413.46	17
4163.25	4121.37	17
4875.75	4900.8	17
5635.17	5769.42	17
6416.69	6610.48	17
7188.97	7643.84	17
7888.65	8605.1	17
8498.81	9472.49	17
0.47	0.47	18
0.71	0.66	18
1.06	1.18	18
1.9	2.09	18
3.0	3.61	18
3.88	7.09	18
10.72	10.12	18
15.73	7.61	18
14.15	18.11	18
27.36	21.42	18
38.91	41.01	18
77.64	78.91	18
143.24	147.31	18
268.42	267.88	18
493.22	496.24	18
890.37	896.98	18
1510.48	1516.92	18
2279.3	2271.76	18
2912.37	2918.91	18
3781.27	3790.25	18
4604.14	4594.65	18
5401.94	5644.94	18
6248.71	6707.13	18
7040.89	7622.4	18
7814.47	8354.09	18
8550.59	9027.64	18
9179.48	9615.89	18
0.43	0.51	18
0.59	0.63	18
1.04	1.11	18
1.6	1.78	18
3.44	3.69	18
5.87	4.79	18
10.68	6.59	18
14.76	8.38	18
14.35	12.38	18
16.93	16.36	18
29.32	33.81	18
50.02	39.67	18
79.46	80.2	18
158.5	153.46	18
285.4	286.73	18
515.91	522.61	18
913.89	916.8	18
1397.49	1400.91	18
1850.43	1845.79	18
2564.38	2549.6	18
3165.41	3079.61	18
3751.9	3636.24	18
4333.61	4236.24	18
4946.5	4819.13	18
5585.08	5412.04	18
6193.13	6067.16	18
6784.43	6696.36	18
0.29	0.37	18
0.47	0.5	18
0.74	0.76	18
1.45	1.49	18
2.69	2.55	18
4.16	4.84	18
4.36	9.29	18
7.87	9.26	18
8.0	12.61	18
17.49	15.52	18
27.73	30.52	18
51.71	51.31	18
94.88	95.25	18
175.59	173.29	18
313.65	312.66	18
560.96	566.21	18
947.88	947.56	18
1443.88	1445.47	18
1924.01	1919.81	18
2645.66	2663.8	18
3373.36	3365.13	18
4119.27	4272.13	18
4812.09	5179.07	18
5528.84	5977.55	18
6217.61	6664.66	18
6933.86	7306.11	18
7528.55	7825.34	18
0.48	0.42	18
0.68	0.62	18
0.97	0.94	18
1.61	1.74	18
3.27	2.61	18
6.27	6.26	18
8.82	11.48	18
15.56	9.4	18
12.96	14.66	18
16.53	15.39	18
25.29	26.6	18
44.01	47.48	18
79.3	78.62	18
145.21	143.86	18
266.41	272.49	18
501.37	504.4	18
876.11	878.56	18
1332.24	1330.01	18
1723.35	1729.85	18
2386.98	2396.19	18
2991.51	2930.24	18
3544.88	3499.72	18
4144.09	4073.04	18
4747.87	4695.41	18
5322.1	5309.48	18
5876.91	5975.96	18
6424.22	6696.47	18
0.45	0.42	19
0.6	0.55	19
1.15	0.98	19
1.79	1.88	19
3.21	2.99	19
5.67	3.32	19
7.76	7.34	19
16.33	8.86	19
14.75	11.7	19
15.36	23.14	19
25.53	28.14	19
40.92	44.64	19
84.1	84.95	19
151.61	151.26	19
277.02	278.84	19
515.19	509.47	19
893.06	890.94	19
1368.03	1365.36	19
1816.04	1808.68	19
2529.88	2504.11	19
3133.56	3060.14	19
3694.49	3566.54	19
4301.13	4181.33	19
4908.62	4747.56	19
5518.57	5358.49	19
6143.78	6016.65	19
6708.41	6601.77	19
0.46	0.47	19
0.57	0.68	19
0.98	0.93	19
1.8	1.71	19
3.46	3.41	19
6.49	6.32	19
9.95	10.91	19
14.55	10.78	19
15.15	14.48	19
26.62	28.66	19
39.96	40.5	19
74.35	72.34	19
137.18	141.38	19
255.73	258.16	19
482.45	479.78	19
866.54	868.43	19
1469.37	1460.28	19
2199.68	2193.61	19
2827.73	2844.32	19
3739.77	3738.0	19
4565.91	4551.31	19
5388.0	5579.36	19
6204.35	6683.12	19
7039.93	7638.49	19
7829.01	8418.31	19
8609.44	9034.32	19
9207.98	9608.35	19
0.38	0.37	19
0.49	0.51	19
0.89	0.75	19
1.35	1.59	19
2.33	2.42	19
4.03	3.18	19
8.41	6.76	19
10.26	9.14	19
9.88	13.66	19
12.81	14.07	19
23.25	21.83	19
35.45	37.33	19
66.67	66.4	19
119.91	123.1	19
215.35	221.25	19
393.42	398.52	19
679.28	675.54	19
1038.07	1032.65	19
1432.92	1422.31	19
2079.36	2066.84	19
2648.84	2609.33	19
3192.86	3167.11	19
3765.09	3723.13	19
4348.66	4264.62	19
4898.61	4880.45	19
5452.42	5528.38	19
6025.73	6149.66	19
0.36	0.39	19
0.6	0.53	19
0.88	1.03	19
1.38	1.69	19
2.91	2.99	19
5.36	4.33	19
10.79	7.0	19
8.81	10.8	19
16.85	17.8	19
24.59	23.71	19
40.98	41.54	19
70.38	72.37	19
129.96	123.87	19
240.66	243.36	19
438.59	442.22	19
793.53	785.37	19
1312.29	1307.82	19
1932.85	1933.8	19
2480.71	2463.94	19
3250.61	3250.9	19
3969.06	3993.28	19
4713.52	4989.11	19
5503.19	6033.63	19
6231.36	6933.71	19
7021.95	7691.18	19
7697.49	8314.17	19
8352.75	8902.5	19
0.44	0.4	20
0.64	0.76	20
1.08	1.09	20
1.84	1.99	20
4.0	3.6	20
5.18	6.5	20
10.11	12.99	20
13.46	19.29	20
13.0	15.58	20
27.81	28.42	20
46.94	43.91	20
77.34	77.85	20
147.99	146.87	20
271.83	268.8	20
501.23	504.03	20
903.57	903.43	20
1523.18	1516.22	20
2285.71	2282.85	20
2911.19	2921.54	20
3852.7	3835.94	20
4697.58	4663.79	20
5523.7	5526.89	20
6429.71	6454.81	20
7266.37	7484.98	20
8064.63	8479.46	20
8854.75	9620.26	20
9573.88	10560.76	20
0.4	0.53	20
0.69	0.78	20
1.07	1.12	20
2.04	1.87	20
3.68	3.4	20
6.98	6.61	20
5.1	10.97	20
13.13	14.83	20
21.18	18.03	20
17.71	24.72	20
29.89	28.32	20
49.52	48.98	20
81.81	86.46	20
155.15	154.64	20
287.99	290.36	20
525.71	535.22	20
926.93	930.3	20
1419.5	1427.52	20
1889.4	1894.55	20
2586.07	2593.05	20
3220.73	3261.38	20
3877.72	3898.39	20
4502.71	4454.66	20
5122.79	4948.73	20
5745.04	5440.32	20
6281.47	5870.11	20
6753.8	6285.47	20
0.36	0.36	20
0.52	0.48	20
0.96	0.83	20
1.64	1.57	20
2.83	2.71	20
3.88	4.91	20
8.99	8.85	20
10.41	12.19	20
13.31	10.98	20
17.74	21.1	20
33.36	36.23	20
64.49	65.94	20
116.91	113.56	20
213.45	218.07	20
394.83	392.51	20
696.61	692.99	20
1148.12	1149.53	20
1693.56	1700.78	20
2188.83	2184.24	20
2991.17	2952.14	20
3678.19	3669.08	20
4469.89	4372.06	20
5220.62	5288.24	20
5923.62	6181.61	20
6623.53	7043.15	20
7262.46	8068.55	20
7853.9	8972.65	20
0.41	0.39	20
0.7	0.6	20
0.84	1.03	20
1.87	1.84	20
3.31	3.36	20
4.84	5.44	20
9.26	12.07	20
13.92	14.84	20
12.16	10.51	20
19.71	14.17	20
24.78	26.58	20
37.17	44.3	20
82.45	79.71	20
147.21	146.87	20
268.61	264.13	20
486.71	480.54	20
825.91	831.25	20
1260.22	1251.77	20
1638.95	1649.64	20
2265.2	2264.6	20
2845.54	2900.4	20
3433.43	3547.2	20
4067.09	4154.85	20
4656.64	4719.02	20
5240.93	5233.62	20
5746.35	5683.01	20
6229.44	6064.45	20
0.74	0.67	21
1.0	1.07	21
1.43	1.14	21
1.7	1.55	21
1.85	1.68	21
1.89	1.66	21
2.09	1.8	21
2.34	2.51	21
2.57	2.24	21
4.26	3.19	21
5.8	5.27	21
10.23	7.07	21
17.65	13.92	21
32.89	20.89	21
63.49	38.18	21
120.41	71.81	21
240.36	138.47	21
464.35	336.58	21
688.86	391.92	21
909.94	521.03	21
1133.28	816.61	21
1355.02	972.82	21
1577.32	902.67	21
1806.38	1289.89	21
2037.16	1445.17	21
1.13	1.13	21
1.46	1.51	21
1.34	1.92	21
2.25	1.88	21
2.31	1.48	21
2.13	2.68	21
3.16	2.45	21
3.62	5.14	21
4.95	8.01	21
8.49	11.54	21
12.96	17.8	21
21.15	38.03	21
39.3	63.13	21
78.11	149.78	21
153.62	292.22	21
301.9	582.65	21
601.46	1158.33	21
1168.99	2258.04	21
1736.64	3344.38	21
2300.64	4419.37	21
2870.55	5520.66	21
3431.67	6600.31	21
3997.67	7696.96	21
4562.42	8792.35	21
5124.78	9873.57	21
0.77	0.8	21
0.88	0.92	21
1.08	1.34	21
1.48	1.57	21
1.19	1.31	21
2.02	1.55	21
1.76	1.9	21
2.46	2.27	21
2.51	2.57	21
3.98	4.68	21
6.37	5.42	21
10.42	7.92	21
19.21	15.9	21
32.93	21.66	21
61.36	47.15	21
119.62	73.89	21
247.72	138.83	21
474.93	269.08	21
656.68	393.78	21
879.52	524.55	21
1146.67	648.47	21
1308.61	972.91	21
1550.34	900.4	21
1487.28	1035.32	21
1929.54	1419.68	21
1.15	1.21	21
1.59	1.15	21
1.85	1.76	21
1.73	1.86	21
2.35	2.24	21
1.91	2.14	21
3.05	2.41	21
4.01	4.17	21
4.54	7.03	21
6.99	11.92	21
12.48	17.82	21
22.68	32.4	21
40.18	73.79	21
77.71	145.37	21
151.38	285.12	21
298.61	564.03	21
590.19	1122.17	21
1142.88	2179.37	21
1679.39	3232.19	21
2241.0	4281.06	21
2787.65	5327.82	21
3323.89	6381.42	21
3844.98	7431.69	21
4412.61	8479.62	21
4962.97	9534.35	21
0.96	0.97	22
1.4	1.66	22
1.85	1.63	22
2.11	2.07	22
2.0	2.12	22
2.4	2.56	22
2.78	2.64	22
2.96	3.36	22
3.77	3.75	22
5.33	5.09	22
8.64	7.95	22
15.08	11.53	22
27.14	20.69	22
50.85	39.51	22
97.78	83.39	22
189.15	144.26	22
372.79	280.25	22
725.66	548.38	22
1079.32	803.01	22
1427.17	1187.69	22
1781.55	1636.7	22
2131.82	1586.85	22
2471.93	1848.21	22
2822.42	2102.47	22
3187.64	2366.45	22
0.81	0.79	22
1.08	0.89	22
1.23	1.51	22
1.61	1.71	22
2.17	1.45	22
2.08	2.12	22
1.85	2.71	22
3.04	4.47	22
4.76	5.37	22
6.49	8.74	22
10.17	17.7	22
18.88	34.26	22
35.25	67.09	22
66.82	107.51	22
129.76	254.79	22
252.82	504.87	22
494.88	830.09	22
960.74	1609.49	22
1417.24	2856.93	22
1853.73	2484.82	22
2320.39	3110.31	22
2786.34	5625.09	22
3249.08	6546.07	22
3716.53	7472.23	22
4176.4	8398.33	22
0.8	1.04	22
1.13	1.55	22
1.71	2.03	22
1.87	2.04	22
1.63	2.11	22
1.86	2.75	22
2.59	2.47	22
3.05	3.22	22
4.23	3.71	22
5.21	6.1	22
7.91	8.37	22
15.1	12.6	22
27.16	21.22	22
52.8	40.61	22
94.56	71.25	22
185.14	134.22	22
359.02	265.08	22
714.03	508.57	22
1003.45	842.11	22
1324.18	1003.29	22
1699.69	1241.07	22
1977.5	1479.47	22
2311.03	1926.3	22
2406.36	1969.0	22
2922.24	2217.05	22
0.74	0.64	22
0.93	0.89	22
1.32	1.28	22
1.82	1.39	22
1.5	2.36	22
1.94	2.35	22
2.65	2.18	22
2.68	3.57	22
4.21	5.54	22
6.92	10.72	22
9.03	17.67	22
19.62	32.66	22
32.58	62.63	22
62.13	120.69	22
121.02	196.02	22
236.36	392.37	22
466.54	766.68	22
897.16	1794.41	22
1323.93	2648.53	22
1731.44	2917.6	22
2165.49	4348.44	22
2583.9	4298.66	22
3023.93	6082.37	22
3446.18	6974.55	22
3882.28	7795.91	22
0.9	0.84	23
1.16	0.96	23
1.45	1.33	23
1.86	1.86	23
1.9	1.92	23
2.19	2.32	23
2.21	2.86	23
3.55	3.95	23
4.23	6.01	23
6.87	11.69	23
11.5	20.51	23
20.22	32.07	23
40.23	61.18	23
76.99	142.64	23
146.52	283.68	23
285.7	545.42	23
521.16	871.99	23
1013.54	1979.96	23
1474.8	2950.77	23
1950.81	3871.29	23
2430.24	4840.25	23
2896.77	5771.0	23
3333.07	6697.46	23
3727.76	6284.55	23
4116.42	8350.46	23
1.12	1.11	23
1.4	1.65	23
2.11	2.12	23
2.32	2.34	23
2.1	2.54	23
2.87	2.77	23
2.67	2.61	23
3.32	2.94	23
4.27	4.04	23
5.69	5.04	23
8.87	7.65	23
14.5	13.02	23
27.1	21.38	23
51.65	38.77	23
96.66	73.19	23
186.94	158.25	23
371.44	278.9	23
724.59	545.16	23
1075.11	800.74	23
1425.26	1197.4	23
1785.86	1481.32	23
2135.23	1586.35	23
2470.12	1844.21	23
2828.11	2106.23	23
3171.35	2356.34	23
0.7	0.7	23
1.0	0.8	23
0.94	1.03	23
1.17	1.44	23
1.64	1.48	23
1.65	1.8	23
2.01	2.89	23
2.59	4.05	23
4.27	5.61	23
5.78	8.97	23
8.14	15.28	23
14.27	29.23	23
28.24	55.41	23
52.47	107.38	23
102.16	173.62	23
200.11	407.27	23
381.01	806.79	23
725.15	1277.53	23
1075.5	2281.97	23
1942.16	3032.54	23
1771.38	3098.1	23
2104.23	4491.19	23
2433.06	4303.19	23
2796.55	5967.55	23
3133.35	6717.8	23
1.02	0.84	23
1.39	1.43	23
2.16	1.92	23
2.47	2.54	23
2.21	2.17	23
1.8	2.73	23
2.41	2.79	23
2.57	3.41	23
4.16	4.52	23
5.2	5.72	23
8.15	7.78	23
14.55	13.53	23
24.69	20.86	23
53.07	39.07	23
96.38	70.56	23
191.66	135.91	23
370.07	263.38	23
735.75	507.67	23
990.18	749.36	23
1319.07	995.68	23
1716.21	1441.8	23
1989.51	1482.1	23
2298.35	1725.18	23
2608.59	1968.97	23
2934.57	2208.5	23
0.85	0.84	24
1.03	1.36	24
1.46	1.53	24
1.67	1.77	24
1.88	2.32	24
1.88	2.25	24
2.17	2.48	24
3.19	3.47	24
4.45	6.33	24
6.61	9.83	24
11.47	18.35	24
18.82	34.15	24
36.8	68.42	24
70.57	135.27	24
136.12	222.36	24
278.05	537.42	24
545.98	1065.24	24
1063.58	2075.06	24
1575.06	3079.0	24
2093.06	4088.0	24
2656.68	4348.85	24
3219.76	6290.21	24
3798.13	7374.67	24
4357.4	8483.24	24
4932.63	9577.39	24
0.8	0.79	24
1.02	0.91	24
1.55	1.33	24
1.72	1.23	24
1.56	1.31	24
1.95	2.26	24
1.72	1.77	24
2.21	1.97	24
2.59	2.24	24
3.86	3.41	24
6.06	4.18	24
10.12	8.2	24
18.07	11.71	24
33.18	20.84	24
62.28	38.37	24
122.63	89.16	24
239.22	139.84	24
461.92	264.74	24
683.78	495.79	24
907.58	520.62	24
1136.97	645.71	24
1352.59	773.31	24
1578.68	905.2	24
1807.85	1026.01	24
2027.41	1149.57	24
0.83	0.79	24
1.2	1.13	24
1.36	1.41	24
1.42	1.59	24
1.77	1.76	24
2.31	2.0	24
2.2	2.7	24
3.22	3.71	24
4.95	6.04	24
6.28	10.4	24
10.05	17.43	24
17.53	32.58	24
31.78	60.53	24
60.17	116.81	24
117.53	231.07	24
228.17	454.23	24
453.89	901.49	24
870.7	1754.88	24
1281.31	2604.99	24
1698.9	2869.36	24
2166.74	4385.66	24
2656.26	4444.63	24
3110.88	6290.26	24
3604.97	7267.46	24
4069.01	8230.83	24
0.69	0.69	24
0.92	0.88	24
1.18	1.13	24
1.2	1.5	24
1.54	1.88	24
1.48	1.4	24
1.84	1.97	24
2.18	2.4	24
2.63	2.95	24
4.2	4.3	24
6.84	5.14	24
9.54	7.89	24
20.11	12.65	24
34.58	21.16	24
76.23	39.79	24
126.68	73.71	24
261.06	141.39	24
462.9	267.08	24
677.6	482.51	24
906.76	518.2	24
1167.9	644.57	24
1321.68	1156.42	24
1512.85	901.91	24
1726.25	1019.89	24
1954.97	1151.87	24
0.49	0.47	25
0.59	0.54	25
0.76	0.67	25
0.73	0.64	25
1.03	1.09	25
1.08	1.14	25
1.56	1.62	25
2.11	2.06	25
3.52	3.31	25
5.34	5.5	25
9.28	9.18	25
15.47	15.68	25
29.33	28.99	25
52.78	52.47	25
105.3	106.01	25
201.6	202.26	25
382.32	390.76	25
565.57	568.15	25
745.0	744.79	25
926.2	928.1	25
1106.88	1114.62	25
1285.79	1280.43	25
1477.27	1481.02	25
1642.15	1663.96	25
0.5	0.59	25
0.67	0.68	25
0.86	0.93	25
1.24	1.32	25
1.86	1.94	25
2.59	2.64	25
4.07	3.72	25
6.8	6.32	25
12.57	11.9	25
22.72	22.24	25
44.28	43.93	25
87.32	87.02	25
170.72	175.33	25
341.66	340.5	25
680.15	681.08	25
1350.13	1347.54	25
2625.62	2622.11	25
3889.03	3899.16	25
5158.94	5167.88	25
6438.84	6444.94	25
7671.51	7668.04	25
8862.08	8868.84	25
10105.63	10103.47	25
11283.19	11302.54	25
0.39	0.38	25
0.47	0.52	25
0.63	0.57	25
0.66	0.66	25
0.89	0.88	25
0.93	1.05	25
1.42	1.45	25
1.71	1.91	25
2.79	2.98	25
4.43	4.48	25
7.71	7.84	25
12.29	11.8	25
23.16	24.7	25
42.86	40.65	25
73.49	76.91	25
149.38	149.01	25
282.88	282.19	25
416.16	415.97	25
538.18	550.34	25
668.79	667.89	25
799.07	794.32	25
936.35	931.28	25
1046.79	1049.04	25
1183.66	1173.45	25
0.58	0.5	25
0.7	0.65	25
1.02	0.86	25
1.19	1.21	25
1.46	1.9	25
2.19	2.95	25
3.38	3.39	25
6.08	6.31	25
10.84	10.8	25
19.74	19.18	25
39.69	40.43	25
81.95	79.0	25
147.94	143.98	25
288.27	300.38	25
581.12	612.59	25
1114.67	1137.75	25
2129.63	2122.13	25
3200.52	3175.83	25
4140.21	4230.32	25
5041.18	5057.76	25
6198.33	5930.94	25
7088.38	7002.74	25
7679.3	7709.81	25
8703.99	8801.88	25
0.47	0.54	26
0.61	0.58	26
0.87	1.06	26
1.0	1.11	26
1.27	1.48	26
1.69	1.82	26
2.25	2.68	26
3.24	3.4	26
4.88	4.93	26
7.91	7.81	26
14.57	14.48	26
26.07	25.69	26
48.88	48.31	26
93.62	96.67	26
186.32	191.87	26
364.46	364.16	26
703.09	712.51	26
1050.99	1045.35	26
1393.08	1381.94	26
1734.84	1717.89	26
2049.69	2066.01	26
2396.73	2401.8	26
2739.21	2746.35	26
3088.43	3074.4	26
0.46	0.49	26
0.58	0.66	26
0.88	0.76	26
1.08	1.08	26
1.45	1.56	26
1.67	1.9	26
2.67	2.86	26
4.15	4.55	26
6.99	7.06	26
12.21	12.79	26
23.55	24.15	26
45.03	45.96	26
88.32	89.49	26
175.34	174.91	26
347.49	349.13	26
693.67	693.79	26
1353.2	1353.39	26
2009.02	2008.58	26
2656.82	2656.39	26
3313.16	3310.59	26
3911.51	3926.46	26
4506.0	4501.96	26
5026.24	4985.01	26
5546.27	5557.87	26
0.39	0.44	26
0.51	0.55	26
0.69	0.73	26
0.83	0.92	26
1.17	1.03	26
1.2	1.56	26
2.27	2.19	26
2.72	2.81	26
4.22	4.77	26
7.21	7.25	26
12.84	12.35	26
22.68	22.74	26
43.66	44.91	26
85.24	84.22	26
155.81	160.43	26
307.18	312.95	26
580.71	584.0	26
858.77	856.89	26
1138.72	1124.88	26
1423.59	1413.32	26
1669.22	1687.66	26
1959.56	1957.65	26
2230.23	2242.69	26
2499.68	2543.34	26
0.44	0.44	26
0.54	0.57	26
0.8	0.68	26
1.0	0.97	26
1.58	1.49	26
1.77	2.53	26
2.54	2.38	26
4.16	4.76	26
6.86	8.02	26
12.41	13.22	26
24.72	23.99	26
43.14	46.95	26
84.58	88.87	26
172.34	166.81	26
347.54	334.38	26
660.99	676.61	26
1274.4	1269.54	26
1892.4	1883.49	26
2484.7	2454.88	26
3023.74	3029.58	26
3519.29	3592.37	26
4008.53	4028.55	26
4453.99	4462.61	26
4999.51	4988.53	26
0.44	0.45	27
0.51	0.53	27
0.68	0.63	27
0.92	0.93	27
1.19	1.37	27
1.74	1.8	27
2.14	2.28	27
3.48	3.88	27
5.97	6.36	27
11.07	11.03	27
20.4	21.11	27
38.84	38.58	27
77.2	77.05	27
150.83	154.17	27
295.27	291.33	27
586.45	584.5	27
1185.65	1188.94	27
1793.33	1808.15	27
2426.27	2412.9	27
3008.0	3011.98	27
3635.83	3655.68	27
4326.31	4358.41	27
4968.42	4967.55	27
5602.45	5583.04	27
0.47	0.41	27
0.63	0.64	27
0.74	0.82	27
1.0	1.03	27
1.11	1.49	27
1.72	1.52	27
2.42	2.25	27
3.18	2.96	27
4.96	4.81	27
8.67	8.17	27
14.62	14.56	27
27.16	26.29	27
51.67	51.35	27
98.38	95.74	27
190.44	189.64	27
379.11	382.35	27
734.98	728.88	27
1102.28	1113.41	27
1469.24	1461.05	27
1820.1	1825.13	27
2187.61	2189.32	27
2569.13	2554.19	27
2926.82	2912.72	27
3308.86	3329.82	27
0.43	0.41	27
0.51	0.51	27
0.59	0.68	27
0.94	1.01	27
1.16	1.31	27
1.61	2.25	27
2.0	2.51	27
3.0	4.16	27
5.45	5.55	27
9.79	9.91	27
18.19	18.23	27
33.77	35.53	27
69.2	65.62	27
131.46	131.5	27
257.3	260.32	27
518.76	518.26	27
998.31	1004.2	27
1469.33	1462.07	27
1953.29	1949.39	27
2361.11	2397.92	27
2816.18	2799.91	27
3227.28	3232.23	27
3645.97	3653.6	27
4069.69	4097.64	27
0.45	0.46	27
0.68	0.6	27
0.86	0.75	27
0.92	0.96	27
1.27	1.33	27
1.65	1.56	27
2.36	2.09	27
2.92	3.06	27
4.33	4.73	27
7.51	7.01	27
12.67	13.63	27
24.67	23.95	27
46.93	44.05	27
84.38	84.01	27
159.66	165.32	27
320.25	313.47	27
589.05	588.74	27
888.71	895.53	27
1190.93	1175.43	27
1466.93	1465.36	27
1752.2	1748.87	27
2104.14	2072.24	27
2389.08	2378.11	27
2723.64	2724.25	27
0.45	0.44	28
0.66	0.54	28
0.77	0.81	28
1.25	1.21	28
1.46	1.61	28
1.97	2.16	28
3.18	3.77	28
5.06	5.92	28
10.33	9.72	28
18.39	19.08	28
37.44	36.55	28
69.22	69.18	28
141.2	144.71	28
277.05	277.95	28
562.12	569.41	28
1154.49	1174.61	28
2322.54	2319.59	28
3527.26	3464.13	28
4656.24	4744.12	28
5881.62	5890.45	28
7137.2	7235.11	28
8444.05	8362.17	28
9590.04	9590.88	28
10788.39	10731.44	28
0.41	0.43	28
0.46	0.46	28
0.64	0.69	28
0.72	0.6	28
0.94	0.88	28
1.14	1.05	28
1.52	1.57	28
2.15	1.92	28
3.17	3.31	28
5.1	5.39	28
9.42	8.7	28
15.44	15.11	28
28.22	28.05	28
52.54	53.77	28
100.78	102.11	28
199.52	200.03	28
382.91	380.43	28
564.06	562.41	28
735.4	746.11	28
924.15	921.59	28
1104.91	1109.32	28
1282.77	1287.9	28
1467.68	1458.12	28
1654.4	1645.62	28
0.39	0.41	28
0.52	0.56	28
0.78	0.78	28
0.96	1.0	28
1.19	1.22	28
1.68	1.85	28
2.41	2.95	28
4.39	4.29	28
7.56	7.3	28
13.89	13.98	28
26.82	27.22	28
52.34	52.93	28
103.47	104.18	28
206.74	203.84	28
408.08	407.13	28
811.02	808.5	28
1572.86	1569.16	28
2301.43	2320.27	28
3015.65	3002.91	28
3885.82	3846.62	28
4509.97	4567.32	28
5225.86	5289.53	28
5983.96	5944.36	28
6677.0	6648.84	28
0.4	0.42	28
0.56	0.47	28
0.57	0.55	28
0.66	0.64	28
0.98	1.01	28
1.03	1.15	28
1.53	1.56	28
1.79	1.95	28
3.08	2.79	28
4.56	4.4	28
7.23	7.89	28
12.31	12.48	28
23.02	24.47	28
43.7	41.42	28
80.76	76.4	28
148.09	149.89	28
280.74	273.51	28
412.23	404.65	28
532.52	536.88	28
675.25	672.58	28
805.73	800.73	28
920.55	924.11	28
1066.53	1054.85	28
1183.68	1184.55	28
0.27	0.34	29
0.37	0.39	29
0.53	0.43	29
0.66	0.56	29
0.87	1.06	29
1.14	1.48	29
2.29	2.1	29
2.85	2.61	29
3.15	2.54	29
3.73	2.9	29
2.92	2.73	29
3.8	3.94	29
4.16	4.03	29
4.56	4.85	29
8.02	6.23	29
11.12	8.17	29
20.79	13.53	29
38.48	22.47	29
62.74	42.16	29
118.21	97.65	29
275.69	156.18	29
532.88	378.49	29
667.97	552.1	29
1041.57	726.53	29
1101.73	1110.57	29
1078.64	1084.68	29
1804.91	971.29	29
1421.04	1115.62	29
2328.72	1244.94	29
0.3	0.32	29
0.37	0.37	29
0.45	0.47	29
0.69	0.59	29
1.06	0.8	29
1.23	1.7	29
1.89	2.13	29
3.02	3.31	29
3.83	3.39	29
3.27	3.19	29
3.65	3.93	29
4.26	4.85	29
5.77	7.74	29
7.44	8.15	29
12.67	17.6	29
25.9	37.16	29
35.46	70.2	29
93.78	137.52	29
135.12	227.2	29
269.63	453.86	29
529.73	907.32	29
1036.89	2103.31	29
1564.5	3191.56	29
3654.28	4362.41	29
2727.4	5568.98	29
3309.88	6758.74	29
5201.97	6648.6	29
4472.15	9137.14	29
5053.75	8473.61	29
0.25	0.26	29
0.27	0.28	29
0.4	0.38	29
0.54	0.54	29
0.69	0.82	29
1.31	1.13	29
1.47	1.83	29
1.76	2.21	29
2.3	2.56	29
3.03	3.05	29
3.22	2.96	29
3.61	3.7	29
4.69	4.5	29
4.8	6.37	29
7.06	7.22	29
11.67	9.54	29
20.45	14.3	29
35.45	24.41	29
55.56	51.68	29
116.73	97.09	29
230.82	149.53	29
443.02	289.9	29
650.63	430.75	29
877.54	563.53	29
1250.06	699.48	29
1279.12	1058.21	29
1731.85	1784.91	29
1702.85	1711.77	29
2237.62	1627.12	29
0.3	0.25	29
0.36	0.34	29
0.42	0.41	29
0.56	0.57	29
1.05	0.97	29
1.29	1.58	29
1.83	2.09	29
2.57	2.76	29
2.88	3.26	29
4.04	3.39	29
3.72	3.49	29
4.7	4.4	29
5.63	7.12	29
6.73	11.52	29
11.59	20.38	29
24.27	35.97	29
45.83	68.94	29
67.15	112.42	29
131.22	264.95	29
262.2	523.18	29
513.76	1045.5	29
988.69	1692.28	29
2023.44	2559.77	29
2041.89	3518.33	29
2608.27	5373.2	29
3171.47	5415.77	29
3743.56	6374.26	29
4307.05	7350.46	29
6573.32	8317.95	29
0.25	0.27	30
0.32	0.35	30
0.4	0.47	30
0.59	0.59	30
0.91	1.11	30
1.72	1.46	30
1.95	2.43	30
2.46	2.33	30
2.71	3.11	30
3.94	2.8	30
3.7	3.41	30
5.17	3.64	30
4.85	4.44	30
6.77	6.33	30
9.21	8.24	30
15.35	13.64	30
24.29	21.99	30
49.01	39.78	30
95.89	76.48	30
187.11	167.51	30
412.25	289.77	30
723.12	559.46	30
1068.07	953.4	30
1418.71	1098.52	30
1768.0	1575.99	30
2114.79	1884.59	30
2456.54	1905.28	30
2803.17	2535.26	30
2824.78	2461.37	30
0.24	0.27	30
0.3	0.34	30
0.42	0.42	30
0.64	0.62	30
0.84	0.92	30
1.33	1.26	30
2.13	2.35	30
2.48	3.34	30
3.27	4.28	30
2.83	3.64	30
4.33	4.37	30
3.68	5.24	30
5.71	7.3	30
7.54	9.91	30
12.67	19.4	30
18.71	30.29	30
45.34	67.55	30
63.75	129.73	30
125.34	211.66	30
243.27	501.01	30
483.6	995.09	30
938.04	1932.78	30
1880.3	2861.34	30
1831.26	3778.66	30
2263.88	3881.57	30
2717.99	5615.47	30
3193.4	6579.67	30
3692.21	6314.11	30
5680.12	7170.7	30
0.26	0.25	30
0.29	0.29	30
0.37	0.36	30
0.51	0.54	30
0.82	0.84	30
1.4	1.21	30
1.49	1.56	30
2.7	2.5	30
2.38	3.12	30
3.48	3.49	30
3.53	3.62	30
4.15	3.99	30
4.23	4.81	30
5.94	6.61	30
9.23	8.77	30
16.78	13.48	30
26.93	21.72	30
54.84	38.65	30
100.48	71.88	30
186.65	140.32	30
398.57	270.85	30
596.16	523.2	30
1005.91	779.21	30
1324.2	1191.78	30
1848.03	1286.58	30
2234.61	1806.1	30
2293.16	1785.38	30
2630.0	2037.48	30
3308.37	2290.94	30
0.26	0.26	30
0.31	0.31	30
0.4	0.42	30
0.59	0.53	30
1.17	0.94	30
1.47	1.03	30
2.46	2.15	30
2.52	1.6	30
3.07	2.73	30
3.54	3.7	30
4.41	3.95	30
5.88	6.2	30
5.33	7.29	30
9.01	13.06	30
12.22	20.15	30
22.56	36.16	30
55.23	43.75	30
63.85	105.61	30
162.39	249.18	30
408.68	489.29	30
473.36	959.29	30
1192.05	1801.39	30
1748.57	2211.78	30
2246.13	2906.15	30
2130.14	4417.06	30
2534.89	5297.38	30
2973.04	5225.79	30
3605.62	7392.13	30
4115.61	6929.65	30
0.26	0.33	31
0.35	0.38	31
0.49	0.42	31
0.54	0.56	31
1.0	0.96	31
1.32	1.64	31
1.56	1.95	31
2.94	2.85	31
3.52	3.37	31
3.78	3.24	31
3.83	4.73	31
4.11	4.93	31
6.37	7.43	31
7.75	9.62	31
10.12	16.86	31
18.4	33.44	31
45.04	64.48	31
63.48	106.04	31
124.46	209.35	31
247.16	416.97	31
657.36	827.34	31
948.84	1286.73	31
2395.94	2401.27	31
1872.39	3830.4	31
2330.0	4796.11	31
2781.25	5709.42	31
3196.44	6587.98	31
4918.27	7484.61	31
4079.62	8438.64	31
0.28	0.28	31
0.32	0.34	31
0.39	0.44	31
0.64	0.56	31
0.92	0.78	31
1.34	1.41	31
1.93	1.89	31
3.2	2.71	31
2.87	3.58	31
2.9	3.43	31
4.51	3.13	31
3.59	2.94	31
4.34	5.06	31
5.7	5.21	31
8.99	7.99	31
15.28	13.6	31
23.85	26.3	31
44.69	49.77	31
106.7	75.48	31
205.15	166.33	31
370.27	330.02	31
638.91	556.21	31
948.03	1119.63	31
1418.63	1281.17	31
1973.04	1379.24	31
1884.74	1644.91	31
2767.78	2205.64	31
3135.52	2189.71	31
3186.31	2833.39	31
0.24	0.22	31
0.3	0.29	31
0.36	0.35	31
0.53	0.55	31
0.71	0.78	31
1.39	1.24	31
1.98	2.0	31
2.31	2.53	31
2.73	3.38	31
2.52	3.56	31
4.2	3.65	31
3.89	4.62	31
5.43	7.39	31
6.42	10.16	31
10.47	16.14	31
15.14	19.63	31
36.27	45.32	31
51.87	105.56	31
96.28	170.0	31
187.08	260.08	31
511.16	659.03	31
716.02	1563.15	31
1059.68	1909.36	31
1401.78	2526.24	31
1851.13	4004.29	31
2222.44	4786.75	31
2697.43	5759.36	31
4198.13	5471.61	31
3471.14	6014.08	31
0.28	0.28	31
0.34	0.34	31
0.47	0.39	31
0.58	0.61	31
1.11	0.94	31
1.47	1.78	31
1.85	1.98	31
2.86	2.36	31
3.31	2.59	31
3.42	3.59	31
4.08	3.36	31
4.02	4.18	31
5.2	4.77	31
7.14	6.96	31
11.28	9.12	31
16.85	13.59	31
26.15	23.55	31
55.98	46.87	31
94.27	77.67	31
201.76	170.19	31
322.45	346.59	31
702.53	630.99	31
830.33	831.18	31
1391.26	1099.28	31
1554.2	1376.0	31
1846.91	1643.97	31
2418.84	1915.59	31
2738.31	2507.92	31
3431.43	2482.78	31
0.28	0.28	32
0.3	0.35	32
0.4	0.37	32
0.58	0.55	32
1.01	0.99	32
1.07	1.16	32
1.53	2.01	32
2.7	2.62	32
3.31	3.08	32
3.76	3.21	32
4.82	3.19	32
5.48	4.64	32
5.85	5.56	32
8.44	12.39	32
12.75	20.99	32
20.01	24.92	32
35.53	57.06	32
69.64	135.0	32
130.25	220.78	32
522.41	523.09	32
508.94	1035.92	32
1325.13	2010.89	32
1457.36	2475.94	32
2602.14	3938.64	32
3232.63	4071.88	32
2871.99	5864.38	32
3340.4	6818.73	32
3815.94	7781.83	32
4284.43	8752.85	32
0.26	0.27	32
0.28	0.38	32
0.41	0.39	32
0.58	0.57	32
0.67	0.83	32
1.63	1.13	32
2.35	2.79	32
2.75	2.44	32
3.95	3.05	32
4.05	3.72	32
3.47	3.24	32
3.44	3.26	32
4.45	3.83	32
5.33	5.14	32
6.42	6.14	32
12.72	8.71	32
20.76	12.99	32
33.11	23.71	32
61.1	40.99	32
116.55	76.59	32
272.98	149.36	32
537.17	374.6	32
790.56	425.54	32
885.1	745.2	32
1293.8	703.18	32
1544.53	1086.79	32
1809.99	1581.03	32
2083.54	1113.98	32
2305.7	1611.59	32
0.23	0.24	32
0.25	0.27	32
0.39	0.34	32
0.54	0.49	32
0.76	0.77	32
1.29	1.06	32
1.5	1.21	32
1.9	2.36	32
2.26	2.54	32
3.1	2.37	32
3.89	3.56	32
4.31	3.95	32
6.13	7.08	32
8.13	9.25	32
13.08	12.56	32
17.81	33.05	32
33.11	60.77	32
77.31	97.92	32
150.73	231.19	32
292.77	455.19	32
434.81	906.86	32
823.93	1136.2	32
1222.86	2604.19	32
2241.64	3443.53	32
2028.42	4289.86	32
2394.42	4247.48	32
2769.97	5995.44	32
3141.58	6854.83	32
4928.05	7703.28	32
0.23	0.24	32
0.3	0.32	32
0.38	0.38	32
0.6	0.6	32
0.78	0.81	32
1.32	1.17	32
2.1	1.85	32
2.64	2.75	32
2.62	3.33	32
3.49	2.51	32
3.18	3.47	32
3.38	3.47	32
4.24	4.39	32
5.6	6.14	32
7.65	6.98	32
12.7	10.5	32
20.68	17.48	32
41.27	23.96	32
85.08	42.49	32
137.58	79.65	32
232.03	208.29	32
523.09	375.98	32
654.43	547.08	32
885.57	566.31	32
1268.76	697.09	32
1502.05	859.52	32
1793.62	979.54	32
1975.71	1118.03	32
2249.5	1237.13	32
0.33	0.33	33
0.37	0.37	33
0.53	0.51	33
0.83	0.8	33
0.99	1.15	33
1.23	1.29	33
1.29	1.53	33
2.0	2.68	33
2.79	3.1	33
3.96	3.39	33
4.67	4.61	33
5.56	5.86	33
9.0	8.13	33
14.04	14.24	33
25.73	25.96	33
48.06	48.95	33
89.49	91.51	33
172.79	174.47	33
254.95	250.46	33
332.43	341.78	33
418.69	422.57	33
494.8	501.74	33
580.66	585.73	33
664.69	661.1	33
739.03	740.93	33
0.32	0.37	33
0.4	0.34	33
0.58	0.49	33
0.79	0.91	33
1.2	1.27	33
1.25	1.06	33
1.97	2.09	33
2.23	2.46	33
3.02	3.45	33
4.85	4.27	33
6.4	6.6	33
11.25	10.98	33
19.71	19.11	33
35.69	36.85	33
67.16	67.25	33
128.92	131.74	33
249.6	252.98	33
474.6	477.72	33
692.58	690.74	33
920.84	918.91	33
1137.66	1136.92	33
1366.3	1360.68	33
1589.79	1591.61	33
1814.88	1813.21	33
2039.39	2044.16	33
0.37	0.28	33
0.4	0.33	33
0.44	0.45	33
0.69	0.71	33
1.03	1.06	33
1.18	1.93	33
1.72	1.59	33
1.72	2.08	33
2.68	2.86	33
3.13	3.07	33
4.14	3.99	33
5.51	5.46	33
8.32	8.13	33
14.9	13.95	33
25.54	24.95	33
47.28	46.65	33
87.7	88.84	33
160.75	162.0	33
241.21	240.85	33
302.48	311.13	33
390.31	387.22	33
468.29	454.28	33
562.29	527.97	33
619.15	605.62	33
686.82	671.07	33
0.35	0.35	33
0.37	0.32	33
0.48	0.52	33
0.79	0.71	33
1.07	1.04	33
1.14	1.5	33
1.55	1.59	33
1.94	2.53	33
3.73	2.73	33
4.31	4.04	33
5.87	6.3	33
10.37	9.74	33
17.64	17.59	33
32.68	33.58	33
61.92	62.19	33
116.41	119.27	33
231.16	227.69	33
435.36	435.2	33
633.87	629.09	33
818.52	816.43	33
1023.67	1008.78	33
1227.87	1199.99	33
1440.11	1445.13	33
1638.48	1633.72	33
1820.79	1827.75	33
0.36	0.31	34
0.38	0.36	34
0.52	0.46	34
0.71	0.72	34
1.09	1.13	34
1.2	1.4	34
1.96	1.64	34
1.85	2.83	34
3.2	2.66	34
4.21	4.54	34
6.35	6.51	34
10.33	11.51	34
18.02	18.58	34
34.22	32.72	34
64.03	64.97	34
124.42	126.53	34
246.79	246.26	34
480.78	480.56	34
709.56	713.13	34
939.81	938.99	34
1177.02	1173.75	34
1405.77	1408.68	34
1641.8	1638.93	34
1870.81	1874.6	34
2103.13	2104.76	34
0.39	0.31	34
0.39	0.39	34
0.51	0.51	34
0.78	0.74	34
1.19	0.97	34
1.56	1.35	34
1.54	1.95	34
2.21	2.39	34
2.78	3.14	34
3.32	3.77	34
4.67	4.17	34
6.32	6.64	34
10.0	10.11	34
17.26	17.4	34
30.37	30.74	34
57.32	57.29	34
111.01	110.89	34
215.11	214.54	34
313.89	315.88	34
418.61	419.8	34
517.93	523.53	34
644.72	631.95	34
760.66	760.04	34
873.07	870.5	34
985.74	983.05	34
0.27	0.29	34
0.33	0.32	34
0.39	0.48	34
0.64	0.66	34
0.84	0.92	34
1.09	1.45	34
1.38	1.35	34
1.76	1.86	34
2.63	2.66	34
3.28	4.04	34
6.11	5.28	34
8.67	9.51	34
16.13	15.24	34
29.81	29.03	34
56.53	56.68	34
106.95	110.1	34
215.28	209.3	34
420.26	408.39	34
617.97	618.88	34
800.17	803.5	34
993.04	1000.99	34
1189.52	1187.03	34
1466.93	1456.06	34
1624.57	1630.39	34
1831.76	1826.38	34
0.32	0.31	34
0.36	0.34	34
0.54	0.49	34
0.7	0.68	34
0.87	1.05	34
1.33	1.45	34
1.34	1.47	34
1.9	1.93	34
2.6	2.2	34
3.02	3.31	34
4.01	3.89	34
5.79	5.75	34
8.94	8.92	34
15.3	14.92	34
27.94	28.35	34
50.96	51.05	34
95.83	97.12	34
181.33	185.31	34
269.05	263.18	34
351.49	357.85	34
448.0	438.77	34
529.2	544.33	34
629.82	635.72	34
721.28	724.8	34
812.28	813.19	34
0.31	0.3	35
0.39	0.43	35
0.48	0.5	35
0.62	0.8	35
1.03	1.33	35
1.14	1.55	35
1.61	1.92	35
1.85	2.0	35
3.48	3.06	35
3.31	3.82	35
4.23	4.38	35
6.51	6.67	35
10.97	10.37	35
17.61	18.07	35
31.23	31.62	35
60.35	60.24	35
116.65	116.47	35
222.13	224.16	35
326.57	327.69	35
434.15	433.95	35
544.16	545.87	35
656.7	654.83	35
763.21	763.99	35
874.5	876.76	35
980.86	981.86	35
0.35	0.33	35
0.4	0.36	35
0.52	0.46	35
0.69	0.71	35
0.98	1.22	35
1.81	1.89	35
1.58	1.95	35
2.26	2.34	35
3.6	3.17	35
4.24	4.34	35
6.83	6.06	35
9.7	10.01	35
17.0	17.33	35
30.89	32.44	35
59.28	60.54	35
116.07	115.39	35
229.97	228.78	35
442.06	440.04	35
657.59	655.2	35
864.09	870.38	35
1074.34	1080.4	35
1295.73	1293.44	35
1507.76	1512.68	35
1722.63	1723.73	35
1936.64	1931.66	35
0.32	0.28	35
0.35	0.33	35
0.48	0.44	35
0.69	0.71	35
1.04	0.99	35
0.96	1.39	35
2.19	1.14	35
1.53	1.67	35
2.35	2.41	35
3.1	3.25	35
4.25	4.26	35
5.93	5.69	35
8.53	8.03	35
15.59	14.42	35
25.2	25.73	35
46.64	47.13	35
88.46	91.39	35
168.85	168.09	35
255.68	251.57	35
323.42	324.62	35
399.48	408.05	35
487.64	489.75	35
563.09	560.42	35
655.99	652.92	35
739.81	732.67	35
0.3	0.33	35
0.3	0.35	35
0.45	0.46	35
0.76	0.71	35
1.03	0.94	35
1.22	1.46	35
1.68	1.8	35
2.16	2.26	35
2.77	2.88	35
3.89	4.24	35
5.66	5.76	35
8.39	9.28	35
15.75	16.13	35
28.55	28.17	35
56.5	55.0	35
103.45	104.71	35
207.19	203.95	35
408.42	399.57	35
581.18	597.91	35
783.67	766.47	35
961.33	967.54	35
1156.08	1147.18	35
1345.63	1333.48	35
1524.71	1528.27	35
1744.25	1714.31	35
0.25	0.28	36
0.35	0.4	36
0.48	0.49	36
0.72	0.67	36
0.9	0.91	36
1.05	1.3	36
1.37	1.81	36
2.11	1.74	36
3.24	2.99	36
4.38	4.04	36
6.04	6.27	36
9.97	10.64	36
17.67	17.89	36
33.07	32.46	36
62.05	61.06	36
118.5	119.09	36
233.85	236.84	36
454.48	453.95	36
676.61	678.49	36
900.4	902.33	36
1121.55	1123.65	36
1344.11	1351.91	36
1573.11	1573.29	36
1792.94	1799.45	36
2018.02	2013.8	36
0.34	0.33	36
0.38	0.42	36
0.46	0.51	36
0.75	0.65	36
1.06	1.09	36
1.08	1.64	36
1.9	1.54	36
1.87	1.82	36
2.83	3.03	36
3.3	3.31	36
3.83	4.1	36
5.34	5.81	36
8.38	8.64	36
14.73	14.86	36
25.51	26.83	36
46.01	48.16	36
88.67	93.3	36
174.3	172.46	36
254.04	259.7	36
339.66	336.75	36
413.01	419.5	36
505.29	504.06	36
594.05	582.09	36
659.05	670.49	36
742.45	737.84	36
0.27	0.28	36
0.36	0.36	36
0.43	0.41	36
0.71	0.65	36
0.87	0.97	36
1.34	1.18	36
1.57	1.57	36
1.61	2.0	36
2.7	2.82	36
3.45	3.44	36
5.61	5.96	36
9.38	8.94	36
16.17	15.52	36
28.75	29.29	36
54.62	56.09	36
107.05	106.19	36
207.57	209.93	36
391.82	402.37	36
587.21	595.04	36
767.43	778.31	36
964.94	946.46	36
1140.49	1147.5	36
1330.49	1339.64	36
1504.97	1497.6	36
1704.64	1694.83	36
0.34	0.29	36
0.35	0.38	36
0.44	0.44	36
0.63	0.68	36
1.07	1.16	36
1.22	1.78	36
1.22	1.62	36
2.33	1.61	36
3.07	2.62	36
3.14	2.97	36
4.04	4.04	36
5.37	5.49	36
8.1	8.49	36
13.34	14.39	36
25.02	25.31	36
43.59	48.71	36
86.65	88.67	36
160.74	158.17	36
254.36	237.71	36
305.78	311.27	36
396.87	390.59	36
455.54	465.9	36
530.43	534.68	36
616.14	614.99	36
690.19	675.16	36
0.29	0.39	37
0.36	0.34	37
0.38	0.32	37
0.29	0.4	37
0.39	0.3	37
0.45	0.34	37
0.42	0.41	37
0.47	0.45	37
0.55	0.58	37
0.66	0.65	37
0.81	0.74	37
1.09	1.06	37
1.55	1.43	37
2.58	2.35	37
4.63	4.21	37
7.73	7.27	37
14.34	13.13	37
24.81	23.92	37
48.23	43.43	37
94.36	85.08	37
177.97	163.11	37
269.04	247.1	37
348.36	323.13	37
433.29	401.07	37
517.79	462.79	37
575.29	552.95	37
688.56	595.87	37
775.56	695.64	37
0.31	0.33	37
0.32	0.3	37
0.34	0.34	37
0.34	0.33	37
0.38	0.32	37
0.35	0.36	37
0.46	0.43	37
0.56	0.5	37
0.56	0.62	37
0.86	0.97	37
1.6	1.58	37
2.4	2.82	37
4.07	5.32	37
7.14	9.86	37
13.68	21.72	37
27.69	41.21	37
57.82	80.3	37
116.5	161.23	37
228.58	321.47	37
533.5	649.85	37
785.48	1254.4	37
1189.66	1859.72	37
1541.12	2466.08	37
1922.7	3075.44	37
2301.3	3634.89	37
2689.07	4328.29	37
3059.5	4839.8	37
3441.82	5494.76	37
0.23	0.27	37
0.27	0.25	37
0.31	0.28	37
0.28	0.26	37
0.3	0.3	37
0.34	0.31	37
0.38	0.36	37
0.47	0.44	37
0.46	0.5	37
0.6	0.63	37
0.76	0.73	37
1.11	1.16	37
1.73	1.86	37
2.82	2.46	37
5.11	5.66	37
8.58	8.96	37
14.59	16.86	37
27.82	25.04	37
49.25	42.36	37
96.2	98.85	37
169.55	188.5	37
268.78	256.04	37
356.07	341.24	37
404.03	398.08	37
549.57	517.38	37
578.52	585.72	37
645.8	636.61	37
731.53	754.99	37
0.29	0.31	37
0.3	0.27	37
0.27	0.29	37
0.31	0.3	37
0.32	0.3	37
0.38	0.32	37
0.34	0.4	37
0.44	0.55	37
0.64	0.68	37
0.86	1.0	37
1.32	1.71	37
2.08	2.35	37
3.94	5.39	37
7.12	11.07	37
19.5	22.53	37
27.48	44.85	37
53.46	84.37	37
117.62	181.84	37
214.91	372.44	37
423.44	678.88	37
813.97	1399.25	37
1193.45	1988.87	37
1598.64	2544.39	37
2043.22	3359.24	37
2389.3	3934.2	37
2758.32	4573.99	37
3155.21	5270.89	37
3560.62	5669.51	37
0.32	0.27	38
0.27	0.26	38
0.29	0.31	38
0.32	0.31	38
0.37	0.3	38
0.37	0.36	38
0.4	0.38	38
0.44	0.4	38
0.58	0.49	38
0.61	0.74	38
0.86	0.73	38
1.48	1.51	38
2.52	2.33	38
4.73	4.67	38
8.83	9.28	38
18.09	17.2	38
33.78	31.72	38
64.98	65.2	38
126.48	123.41	38
256.3	242.36	38
487.74	473.77	38
731.85	698.89	38
944.41	930.31	38
1189.03	1152.55	38
1424.21	1396.86	38
1676.05	1621.22	38
1907.57	1850.0	38
2136.2	2084.45	38
0.34	0.35	38
0.26	0.26	38
0.31	0.27	38
0.3	0.39	38
0.27	0.28	38
0.32	0.37	38
0.41	0.36	38
0.47	0.53	38
0.61	0.66	38
0.84	0.94	38
1.43	1.54	38
2.33	2.68	38
4.02	4.88	38
6.29	8.74	38
14.62	17.81	38
23.56	39.03	38
56.96	75.95	38
111.52	152.71	38
218.69	292.22	38
363.06	589.2	38
709.85	1140.56	38
1053.12	1686.61	38
1392.2	2256.33	38
1730.98	2808.39	38
2071.34	3321.68	38
2417.54	3863.94	38
3355.5	4459.85	38
3125.1	5072.92	38
0.25	0.28	38
0.26	0.27	38
0.3	0.27	38
0.28	0.25	38
0.29	0.25	38
0.31	0.33	38
0.34	0.35	38
0.39	0.35	38
0.53	0.47	38
0.64	0.68	38
0.91	0.92	38
1.43	1.59	38
2.46	2.22	38
4.49	4.52	38
8.36	8.35	38
16.95	15.99	38
33.57	28.57	38
60.22	57.6	38
120.22	103.98	38
219.64	230.85	38
421.3	421.58	38
655.16	588.28	38
800.8	827.3	38
1011.72	1011.89	38
1203.02	1201.99	38
1406.19	1414.54	38
1760.87	1601.47	38
1907.28	1695.75	38
0.27	0.26	38
0.25	0.28	38
0.29	0.3	38
0.31	0.27	38
0.25	0.27	38
0.32	0.29	38
0.35	0.39	38
0.55	0.43	38
0.75	0.62	38
0.89	1.12	38
1.66	1.45	38
2.32	2.82	38
3.14	5.43	38
6.47	8.93	38
14.57	19.61	38
31.93	43.2	38
47.79	75.97	38
111.57	152.1	38
284.25	303.18	38
368.9	617.34	38
849.3	1176.24	38
1045.58	1755.21	38
1677.03	2274.73	38
1732.49	2951.04	38
2035.95	3420.26	38
2325.69	3955.46	38
2602.49	4423.24	38
3146.64	4956.78	38
0.31	0.25	39
0.28	0.25	39
0.29	0.29	39
0.3	0.28	39
0.32	0.3	39
0.36	0.3	39
0.32	0.32	39
0.47	0.39	39
0.58	0.64	39
0.84	0.83	39
1.03	1.32	39
1.87	2.34	39
2.99	4.16	39
4.88	8.41	39
12.0	16.07	39
20.38	33.96	39
50.31	67.97	39
79.61	132.58	39
192.43	265.89	39
311.92	523.54	39
607.43	1014.58	39
1119.79	1505.36	39
1314.28	2011.64	39
1468.95	2467.6	39
1756.58	2951.39	39
2068.09	3521.89	39
2346.14	4023.2	39
2671.12	4464.48	39
0.29	0.3	39
0.3	0.32	39
0.35	0.31	39
0.29	0.3	39
0.25	0.34	39
0.41	0.32	39
0.35	0.36	39
0.39	0.46	39
0.46	0.57	39
0.66	0.72	39
0.92	1.01	39
1.53	1.36	39
2.38	2.29	39
4.34	4.17	39
8.42	8.14	39
16.18	15.94	39
30.28	29.57	39
59.95	57.75	39
118.93	112.66	39
231.68	221.84	39
450.33	433.79	39
673.94	647.84	39
893.25	852.68	39
1109.82	1065.26	39
1330.34	1269.66	39
1549.74	1473.95	39
1768.18	1708.24	39
1988.25	1919.55	39
0.25	0.26	39
0.26	0.26	39
0.24	0.26	39
0.3	0.24	39
0.28	0.3	39
0.29	0.31	39
0.36	0.35	39
0.43	0.44	39
0.53	0.56	39
0.83	0.82	39
1.26	1.48	39
1.74	2.54	39
2.82	4.46	39
5.03	8.72	39
9.74	16.5	39
29.33	32.69	39
36.95	67.55	39
71.01	123.87	39
139.46	243.91	39
279.94	496.18	39
534.84	970.64	39
787.5	1476.63	39
1040.14	1933.66	39
1327.31	2369.33	39
1550.12	2778.59	39
1824.69	3204.93	39
2027.81	3722.92	39
2337.54	4173.6	39
0.32	0.26	39
0.24	0.27	39
0.25	0.24	39
0.28	0.27	39
0.28	0.3	39
0.31	0.32	39
0.33	0.35	39
0.44	0.41	39
0.55	0.57	39
0.69	0.72	39
0.79	0.82	39
1.57	1.52	39
2.63	2.49	39
4.47	4.65	39
9.06	8.61	39
16.94	17.28	39
34.56	32.33	39
58.78	67.83	39
112.39	123.64	39
243.84	227.76	39
478.11	418.7	39
697.35	628.21	39
842.69	853.76	39
1036.14	1068.33	39
1289.06	1260.06	39
1452.08	1473.75	39
1684.61	1729.94	39
1868.08	1770.93	39
0.27	0.23	40
0.32	0.24	40
0.24	0.24	40
0.33	0.24	40
0.31	0.23	40
0.3	0.29	40
0.34	0.36	40
0.36	0.43	40
0.53	0.56	40
0.82	0.88	40
0.95	1.46	40
1.99	2.88	40
4.14	3.83	40
5.71	9.15	40
11.94	19.68	40
24.54	39.09	40
48.75	81.41	40
126.24	159.01	40
195.78	314.6	40
400.54	637.88	40
785.09	1249.09	40
1245.01	1893.25	40
1555.39	2509.02	40
1930.63	3079.84	40
2425.17	3675.12	40
2711.99	4281.06	40
3073.57	4868.4	40
3456.54	5475.36	40
0.24	0.25	40
0.24	0.23	40
0.24	0.23	40
0.24	0.24	40
0.25	0.25	40
0.3	0.3	40
0.26	0.31	40
0.4	0.39	40
0.51	0.51	40
0.76	0.86	40
1.02	1.46	40
1.83	2.66	40
3.67	5.04	40
7.29	9.86	40
14.29	18.8	40
23.96	40.29	40
46.68	78.22	40
116.45	152.78	40
200.06	309.81	40
468.41	614.28	40
704.16	1237.79	40
1049.42	1714.18	40
1453.73	2248.66	40
1731.34	2798.14	40
2041.06	3421.42	40
2371.08	3949.16	40
2749.51	4582.4	40
3028.95	5102.68	40
0.24	0.23	40
0.23	0.25	40
0.3	0.26	40
0.27	0.25	40
0.3	0.28	40
0.28	0.29	40
0.34	0.38	40
0.38	0.36	40
0.5	0.5	40
0.6	0.58	40
0.82	0.81	40
1.16	1.22	40
1.77	1.84	40
2.71	2.94	40
5.27	4.85	40
8.81	9.35	40
13.59	12.98	40
28.24	31.94	40
57.24	49.21	40
88.44	102.62	40
171.03	227.57	40
278.99	242.77	40
348.2	345.69	40
411.09	404.96	40
489.78	485.2	40
560.03	575.38	40
664.1	638.76	40
714.93	730.05	40
