0.56	0.56	1
0.71	0.77	1
1.1	0.97	1
1.06	1.37	1
1.1	1.28	1
1.25	1.11	1
1.52	1.57	1
1.76	1.74	1
1.9	1.8	1
2.64	2.3	1
3.15	3.67	1
5.05	4.73	1
9.34	8.51	1
12.66	16.26	1
23.01	30.16	1
50.29	58.12	1
81.66	114.92	1
224.18	227.26	1
439.87	438.06	1
365.35	650.55	1
730.73	870.35	1
596.47	1068.93	1
1270.32	1276.84	1
1051.73	1487.87	1
1447.91	1691.36	1
1628.35	1903.71	1
0.58	0.63	1
0.93	0.92	1
1.05	1.04	1
1.28	1.67	1
1.34	1.37	1
1.31	1.44	1
1.8	1.82	1
2.27	2.39	1
3.02	2.79	1
4.6	4.67	1
7.01	6.17	1
11.82	11.47	1
21.95	18.0	1
38.31	33.46	1
89.98	60.04	1
116.06	116.66	1
290.32	230.3	1
455.94	459.51	1
1122.79	893.64	1
2026.43	1325.93	1
1782.45	1784.27	1
3445.28	2260.92	1
3451.44	2729.73	1
4896.5	3206.26	1
4639.73	3681.54	1
4131.33	4134.82	1
0.53	0.49	1
0.67	0.62	1
0.83	0.98	1
1.23	1.22	1
1.29	1.64	1
1.58	1.45	1
1.43	1.25	1
1.56	1.86	1
2.01	2.4	1
2.35	2.4	1
3.79	4.02	1
5.13	5.32	1
10.42	10.39	1
13.8	19.26	1
34.56	36.08	1
45.46	70.03	1
101.83	122.93	1
164.81	261.05	1
369.08	445.04	1
460.8	657.76	1
866.11	873.26	1
755.49	1083.99	1
1264.1	1304.48	1
1309.93	1518.25	1
1456.42	1680.84	1
1383.03	1938.28	1
0.55	0.65	1
0.84	0.79	1
1.09	1.0	1
1.2	1.44	1
1.35	1.48	1
1.72	1.8	1
1.99	1.73	1
2.14	2.42	1
3.73	3.22	1
4.85	4.96	1
8.73	7.43	1
12.26	14.13	1
20.65	21.26	1
41.07	35.9	1
75.37	63.27	1
149.08	121.79	1
296.9	239.74	1
467.67	482.14	1
1147.47	904.73	1
1341.99	1342.92	1
1798.08	1801.38	1
2870.17	2291.46	1
3479.02	2765.81	1
4058.87	3243.5	1
5617.36	3719.62	1
7399.7	4163.34	1
0.6	0.63	2
1.19	0.92	2
1.04	1.1	2
1.47	1.33	2
1.43	1.51	2
1.78	1.48	2
1.98	1.52	2
1.93	1.75	2
2.44	2.37	2
2.97	2.92	2
4.75	4.5	2
7.51	7.82	2
12.61	13.84	2
21.29	24.49	2
47.65	48.08	2
77.97	93.44	2
180.94	182.11	2
359.08	356.96	2
518.27	693.1	2
951.0	1029.49	2
1247.86	1369.45	2
1406.84	1708.3	2
1504.81	2030.81	2
1947.97	2363.79	2
2464.58	2681.33	2
2746.7	3012.27	2
0.59	0.5	2
0.9	0.8	2
1.04	0.87	2
1.34	1.11	2
1.55	1.32	2
1.79	1.91	2
1.67	1.41	2
2.38	2.31	2
2.87	2.66	2
4.29	4.15	2
6.18	8.48	2
12.17	8.11	2
20.86	20.83	2
27.27	34.48	2
51.28	51.97	2
152.48	99.35	2
245.71	191.46	2
487.21	382.7	2
730.84	730.77	2
1399.08	1086.22	2
1856.01	1434.27	2
2301.25	1778.1	2
2120.59	2121.14	2
3201.49	2471.0	2
4478.63	2810.7	2
4094.83	3157.68	2
0.54	0.49	2
0.78	0.77	2
0.94	1.03	2
1.39	1.15	2
1.31	1.23	2
1.37	1.22	2
1.59	1.52	2
2.02	1.68	2
2.15	2.21	2
3.29	2.98	2
5.01	5.17	2
7.24	7.66	2
13.07	14.39	2
24.98	25.92	2
46.96	50.38	2
73.16	93.58	2
141.8	174.26	2
343.83	371.03	2
599.68	666.18	2
816.06	997.92	2
1182.84	1321.13	2
1759.52	1634.29	2
1429.41	1941.82	2
2053.18	2294.08	2
2339.93	2607.4	2
2760.79	2897.83	2
0.6	0.55	2
0.82	0.94	2
0.94	1.44	2
1.44	1.69	2
1.3	1.07	2
1.41	1.37	2
1.63	1.47	2
2.27	1.95	2
3.23	3.2	2
4.59	5.46	2
4.96	7.76	2
11.1	13.07	2
15.37	22.21	2
35.55	37.59	2
78.83	52.67	2
153.43	101.45	2
198.43	201.48	2
606.15	402.45	2
968.69	766.19	2
1728.0	1124.4	2
1879.14	1496.03	2
2340.57	1834.86	2
2802.71	2178.11	2
3221.49	2512.48	2
3620.92	2826.63	2
5835.92	3136.0	2
0.68	0.58	3
0.74	0.79	3
0.91	1.02	3
1.15	1.15	3
1.17	1.32	3
1.4	1.5	3
1.6	1.51	3
1.82	1.67	3
2.27	2.83	3
3.71	4.0	3
6.89	6.38	3
11.92	7.78	3
13.21	14.04	3
31.32	24.81	3
59.78	49.77	3
145.45	94.33	3
235.1	184.77	3
355.87	358.34	3
1099.33	690.18	3
1330.12	1013.92	3
1759.01	1339.9	3
1666.29	1666.58	3
1991.67	1991.29	3
3177.41	2456.56	3
4453.99	2799.63	3
4075.41	3148.61	3
0.59	0.72	3
0.78	0.83	3
1.24	0.97	3
1.47	1.21	3
1.59	1.44	3
1.31	1.47	3
1.87	1.35	3
1.61	2.31	3
2.67	1.92	3
3.05	3.09	3
4.44	4.39	3
6.52	7.36	3
12.46	13.23	3
21.73	24.68	3
43.31	47.9	3
77.42	94.4	3
166.58	180.81	3
359.12	359.61	3
643.05	698.88	3
945.55	1039.56	3
1261.58	1378.21	3
1564.83	1759.45	3
1912.17	2087.83	3
2232.22	2427.42	3
2309.47	2783.97	3
2867.14	3145.96	3
0.49	0.48	3
0.7	0.68	3
0.92	0.94	3
0.9	0.99	3
1.42	1.44	3
1.22	1.13	3
2.02	1.69	3
1.86	2.08	3
2.3	2.85	3
4.34	3.99	3
6.88	5.74	3
9.45	7.51	3
16.23	16.55	3
35.63	24.84	3
80.35	46.0	3
108.79	85.42	3
260.7	166.31	3
422.14	327.14	3
1004.66	627.62	3
1215.35	931.66	3
1226.95	1213.88	3
1993.1	1518.18	3
2402.86	1819.96	3
2119.55	2122.02	3
3163.89	2411.24	3
5260.54	2705.15	3
0.5	0.52	3
0.68	0.77	3
1.12	1.07	3
1.22	1.24	3
1.34	1.37	3
1.61	1.46	3
1.92	1.51	3
1.72	1.93	3
2.02	2.4	3
3.34	3.38	3
4.67	5.02	3
6.73	7.06	3
13.78	12.78	3
21.74	26.36	3
37.57	50.43	3
66.07	96.3	3
184.68	181.2	3
303.44	345.19	3
599.97	708.34	3
890.87	986.36	3
1181.51	1311.97	3
1472.65	1631.65	3
1776.41	1944.11	3
2060.71	2299.53	3
2620.7	2602.79	3
2620.5	2907.97	3
0.53	0.59	4
0.79	0.95	4
0.97	1.03	4
1.28	1.61	4
1.44	1.53	4
1.3	1.47	4
1.67	1.77	4
2.12	2.05	4
3.07	3.33	4
5.2	4.52	4
6.68	8.32	4
11.6	10.47	4
19.79	20.16	4
47.4	39.45	4
92.0	62.15	4
150.3	121.5	4
233.44	235.66	4
587.01	465.42	4
902.4	903.25	4
1336.98	1338.24	4
2711.24	1770.78	4
2779.51	2205.77	4
4026.38	2635.71	4
4684.69	3060.98	4
3489.22	3490.0	4
6003.7	3923.6	4
0.6	0.63	4
0.78	0.84	4
1.07	0.93	4
1.24	1.27	4
1.15	1.6	4
1.75	1.65	4
1.48	1.64	4
1.77	1.75	4
2.04	1.79	4
2.58	2.27	4
3.44	3.18	4
4.79	5.48	4
6.74	8.66	4
12.64	15.77	4
27.29	30.88	4
58.46	59.05	4
97.45	112.71	4
191.82	223.69	4
376.18	439.21	4
548.89	649.38	4
853.08	855.13	4
1076.24	1063.87	4
1081.99	1280.45	4
1280.55	1499.72	4
1447.15	1699.57	4
1629.23	1895.48	4
0.54	0.5	4
0.75	0.72	4
1.07	0.91	4
1.2	1.2	4
1.21	1.41	4
1.38	1.24	4
1.66	1.6	4
1.96	2.06	4
2.6	3.05	4
4.24	4.35	4
5.28	6.34	4
11.35	9.95	4
16.04	16.85	4
28.41	32.82	4
67.61	58.37	4
186.9	111.97	4
260.94	209.91	4
729.56	411.49	4
993.03	781.08	4
1476.46	1145.69	4
2786.45	1538.96	4
2423.33	1913.23	4
2243.26	2262.19	4
3364.76	2642.44	4
4677.67	2978.7	4
4302.58	3361.04	4
0.49	0.5	4
0.62	0.7	4
1.06	0.98	4
1.11	1.3	4
1.19	1.1	4
1.68	1.11	4
1.36	1.27	4
1.53	1.62	4
2.05	2.02	4
2.73	2.71	4
3.73	3.82	4
5.53	5.99	4
8.92	10.77	4
16.46	17.99	4
34.21	38.52	4
61.43	65.53	4
109.33	140.27	4
189.65	224.68	4
383.64	468.74	4
367.64	664.34	4
728.86	883.14	4
752.79	1092.8	4
720.81	1261.12	4
1290.61	1491.55	4
1192.25	1698.86	4
1881.27	1935.52	4
0.39	0.38	5
0.58	0.53	5
0.87	0.84	5
1.3	1.53	5
2.25	2.64	5
2.14	2.18	5
3.04	3.02	5
4.32	3.43	5
4.78	4.69	5
6.18	5.69	5
10.92	11.25	5
18.23	17.97	5
32.81	32.55	5
64.47	64.78	5
120.72	120.03	5
215.52	216.43	5
370.86	372.09	5
625.51	632.06	5
874.45	863.75	5
1108.57	1117.59	5
1353.97	1355.26	5
1584.09	1582.43	5
1813.28	1839.56	5
2049.77	2031.71	5
2238.88	2258.71	5
0.42	0.44	5
0.53	0.61	5
0.85	0.75	5
1.25	1.53	5
2.2	2.38	5
3.73	2.57	5
3.58	3.58	5
5.72	6.12	5
8.54	8.5	5
16.22	15.13	5
27.63	28.03	5
52.74	52.2	5
99.99	100.16	5
186.67	186.17	5
326.4	325.85	5
538.69	535.59	5
798.98	796.49	5
1211.06	1206.75	5
1589.8	1598.01	5
1973.7	1972.59	5
2336.51	2335.45	5
2709.47	2701.81	5
3063.0	3060.31	5
3407.59	3409.13	5
3764.17	3748.91	5
0.38	0.36	5
0.5	0.52	5
0.77	0.76	5
1.32	1.33	5
2.1	1.74	5
2.57	2.21	5
2.24	2.7	5
2.84	3.17	5
4.25	3.85	5
6.77	5.97	5
9.26	8.94	5
16.41	16.53	5
29.17	28.38	5
53.37	53.52	5
98.8	99.92	5
179.15	177.41	5
307.43	308.56	5
540.79	540.41	5
775.28	768.66	5
990.12	1005.26	5
1235.54	1219.62	5
1450.75	1453.47	5
1682.44	1667.74	5
1891.1	1903.17	5
2116.16	2111.42	5
0.39	0.41	5
0.57	0.54	5
0.86	0.82	5
1.2	1.3	5
2.29	2.08	5
2.93	2.77	5
4.47	3.57	5
5.24	6.48	5
9.38	8.15	5
14.53	15.04	5
28.66	29.32	5
53.21	52.15	5
99.23	98.26	5
180.29	180.24	5
319.26	311.83	5
508.72	514.39	5
748.51	743.78	5
1137.27	1135.67	5
1518.28	1512.28	5
1872.8	1880.93	5
2235.15	2228.09	5
2596.42	2582.49	5
2923.06	2915.42	5
3238.24	3227.55	5
3557.88	3545.22	5
0.38	0.39	6
0.56	0.58	6
0.89	0.83	6
1.36	1.42	6
2.66	2.42	6
2.89	2.84	6
3.75	3.23	6
5.18	6.21	6
9.09	8.77	6
15.74	16.33	6
28.11	29.1	6
53.92	53.58	6
101.32	100.87	6
186.57	186.78	6
335.68	339.81	6
557.03	555.66	6
825.72	819.79	6
1217.57	1211.12	6
1581.17	1593.62	6
1960.33	1963.21	6
2337.37	2323.05	6
2751.19	2756.78	6
3124.02	3130.02	6
3475.52	3483.09	6
3848.03	3829.49	6
0.43	0.39	6
0.56	0.53	6
0.83	0.94	6
1.53	1.48	6
2.28	2.59	6
3.48	2.21	6
3.27	3.4	6
4.83	3.69	6
4.99	5.5	6
6.57	7.09	6
12.29	11.76	6
18.65	18.88	6
35.8	35.42	6
66.84	68.55	6
124.75	125.97	6
224.01	227.15	6
386.78	384.36	6
634.38	640.43	6
886.08	879.33	6
1123.71	1117.73	6
1344.21	1348.66	6
1579.48	1582.3	6
1822.68	1818.42	6
2040.79	2041.4	6
2285.89	2301.83	6
0.37	0.39	6
0.48	0.49	6
0.76	0.69	6
1.09	1.06	6
2.11	2.14	6
2.5	2.6	6
3.93	3.0	6
4.52	4.35	6
6.84	7.6	6
11.39	11.72	6
20.56	20.49	6
38.35	38.64	6
70.59	70.93	6
127.8	131.07	6
236.75	232.24	6
392.55	392.0	6
605.46	608.92	6
947.77	945.98	6
1300.3	1290.72	6
1626.59	1629.77	6
1969.34	1972.16	6
2302.34	2328.26	6
2642.82	2639.83	6
2983.28	2972.02	6
3283.37	3279.49	6
0.42	0.4	6
0.55	0.51	6
0.75	0.84	6
1.46	1.36	6
1.8	2.22	6
2.46	2.25	6
2.5	3.53	6
4.06	3.11	6
3.89	4.88	6
6.67	6.45	6
10.04	10.92	6
17.91	17.09	6
30.99	32.16	6
58.97	60.32	6
108.54	108.4	6
192.67	189.76	6
324.01	325.59	6
564.59	566.83	6
800.51	798.66	6
1020.55	1025.07	6
1247.52	1256.36	6
1487.42	1484.68	6
1705.3	1717.78	6
1922.76	1926.56	6
2134.89	2135.21	6
0.39	0.43	7
0.49	0.51	7
0.73	0.82	7
1.45	1.47	7
1.91	2.11	7
1.94	1.9	7
2.39	1.96	7
3.75	3.9	7
5.57	3.37	7
5.54	6.52	7
11.04	10.37	7
17.49	17.83	7
33.36	33.88	7
62.03	62.32	7
118.78	118.05	7
211.77	216.72	7
372.82	373.92	7
628.62	624.04	7
868.2	870.23	7
1095.32	1106.62	7
1329.62	1337.34	7
1565.21	1564.88	7
1796.15	1796.7	7
2041.47	2039.91	7
2268.96	2256.54	7
0.4	0.36	7
0.53	0.5	7
0.89	0.89	7
1.44	1.49	7
1.84	2.56	7
3.53	1.74	7
3.71	2.76	7
5.09	4.8	7
8.59	7.96	7
15.06	15.6	7
27.92	27.33	7
50.43	51.42	7
97.75	95.74	7
179.24	176.74	7
316.22	315.87	7
532.42	533.39	7
786.72	778.34	7
1176.58	1179.78	7
1553.38	1561.36	7
1915.55	1928.13	7
2289.19	2289.11	7
2652.97	2677.31	7
3030.06	3019.31	7
3394.8	3371.64	7
3714.49	3709.08	7
0.43	0.39	7
0.52	0.51	7
0.75	0.77	7
1.32	1.34	7
1.8	2.27	7
3.38	2.4	7
2.54	3.17	7
4.01	3.32	7
3.98	4.7	7
7.08	5.94	7
10.26	9.03	7
15.14	15.84	7
28.03	29.11	7
51.9	52.53	7
97.24	99.19	7
178.51	178.14	7
308.78	309.27	7
543.59	541.69	7
770.41	774.19	7
999.62	1001.05	7
1211.75	1225.84	7
1446.02	1443.59	7
1667.75	1662.84	7
1910.63	1887.74	7
2108.39	2101.78	7
0.39	0.38	7
0.5	0.48	7
0.76	0.72	7
1.15	1.08	7
1.6	2.16	7
2.43	2.87	7
3.17	3.14	7
4.03	4.77	7
7.97	6.91	7
11.99	12.46	7
21.88	22.03	7
42.11	42.86	7
79.28	78.11	7
145.41	145.61	7
255.47	257.71	7
424.02	427.86	7
648.93	650.86	7
1000.76	1003.92	7
1347.06	1355.95	7
1700.83	1690.31	7
2036.09	2050.04	7
2389.05	2384.95	7
2721.47	2712.77	7
3079.74	3089.8	7
3410.41	3390.11	7
0.38	0.4	8
0.51	0.57	8
0.78	0.78	8
1.48	1.21	8
1.91	2.34	8
2.85	2.66	8
3.18	4.1	8
4.31	4.86	8
9.02	9.34	8
15.8	15.6	8
28.34	29.14	8
52.95	53.43	8
99.77	100.79	8
183.86	185.06	8
328.31	329.51	8
550.41	549.25	8
816.44	816.09	8
1227.88	1235.23	8
1620.88	1620.33	8
2000.13	2044.48	8
2425.09	2425.47	8
2802.82	2797.47	8
3189.35	3177.39	8
3539.36	3541.09	8
3891.86	3886.95	8
0.43	0.44	8
0.59	0.54	8
0.88	0.95	8
1.45	1.22	8
2.5	1.72	8
2.5	3.43	8
2.92	3.11	8
4.39	3.91	8
5.55	3.78	8
6.42	6.82	8
10.49	10.59	8
19.68	19.91	8
35.88	35.26	8
66.76	66.14	8
124.49	127.31	8
225.69	222.06	8
381.52	382.21	8
633.6	634.22	8
884.3	880.31	8
1120.24	1123.72	8
1363.34	1362.03	8
1592.68	1590.09	8
1851.99	1827.35	8
2059.1	2053.95	8
2267.73	2248.91	8
0.32	0.34	8
0.48	0.5	8
0.69	0.74	8
1.2	1.13	8
1.48	1.48	8
3.23	2.91	8
3.08	3.37	8
4.31	3.46	8
6.77	7.16	8
11.22	11.1	8
19.41	19.83	8
37.82	37.79	8
70.75	71.11	8
131.91	130.61	8
233.79	232.2	8
391.25	392.9	8
603.84	609.27	8
961.15	973.51	8
1319.48	1313.27	8
1664.39	1668.53	8
1990.06	1995.82	8
2331.14	2330.47	8
2670.46	2682.16	8
2987.6	2993.14	8
3320.52	3314.69	8
0.4	0.36	8
0.47	0.5	8
0.79	0.83	8
1.28	1.31	8
1.51	2.33	8
2.15	3.32	8
2.89	2.62	8
2.53	3.48	8
4.32	4.57	8
6.21	6.27	8
9.26	8.93	8
16.99	15.34	8
29.14	28.3	8
54.48	51.24	8
98.75	95.25	8
177.72	174.67	8
310.32	309.34	8
537.52	537.73	8
771.25	771.74	8
1001.67	993.77	8
1233.37	1223.06	8
1451.34	1457.55	8
1687.22	1675.83	8
1895.06	1909.17	8
2107.16	2137.44	8
0.27	0.29	9
0.28	0.35	9
0.29	0.28	9
0.4	0.25	9
0.34	0.34	9
0.32	0.38	9
0.4	0.43	9
0.43	0.46	9
0.45	0.41	9
0.59	0.56	9
0.63	0.62	9
0.96	0.85	9
1.22	1.15	9
1.86	1.97	9
2.83	2.85	9
4.99	5.0	9
8.29	7.81	9
14.92	14.75	9
27.82	28.69	9
55.65	56.09	9
106.38	106.66	9
192.79	199.91	9
295.53	294.42	9
391.49	393.28	9
492.97	483.48	9
580.9	590.38	9
682.95	687.26	9
768.63	773.73	9
875.03	881.32	9
0.31	0.31	9
0.29	0.3	9
0.32	0.32	9
0.38	0.3	9
0.31	0.33	9
0.34	0.36	9
0.32	0.4	9
0.43	0.39	9
0.54	0.5	9
0.73	0.68	9
1.05	0.9	9
1.56	1.37	9
2.2	2.52	9
4.41	5.93	9
8.24	9.45	9
23.13	19.88	9
39.58	40.34	9
79.24	66.23	9
158.64	185.19	9
312.59	312.79	9
621.5	621.29	9
1029.36	1030.71	9
1535.54	1565.02	9
1988.11	1991.56	9
2626.38	2620.7	9
2900.5	2899.91	9
3496.85	3601.84	9
3908.8	4104.43	9
4411.5	4423.99	9
0.25	0.26	9
0.25	0.27	9
0.26	0.27	9
0.31	0.28	9
0.25	0.28	9
0.29	0.3	9
0.3	0.31	9
0.32	0.41	9
0.39	0.42	9
0.53	0.57	9
0.67	0.63	9
0.87	0.87	9
1.36	1.23	9
2.32	1.97	9
2.63	3.37	9
5.59	5.65	9
9.83	7.93	9
17.91	16.34	9
31.72	34.29	9
54.72	49.97	9
117.47	99.93	9
198.09	240.46	9
313.0	323.09	9
381.25	383.09	9
486.93	456.4	9
550.92	584.55	9
643.99	662.37	9
742.58	784.46	9
817.84	825.68	9
0.29	0.32	9
0.29	0.28	9
0.3	0.32	9
0.32	0.3	9
0.29	0.31	9
0.34	0.36	9
0.31	0.31	9
0.39	0.43	9
0.45	0.52	9
0.68	0.79	9
0.97	0.85	9
1.46	1.86	9
3.65	2.7	9
4.47	4.72	9
12.48	11.48	9
19.83	21.1	9
43.61	50.95	9
118.53	84.33	9
137.52	237.22	9
335.35	274.04	9
542.35	541.96	9
1074.61	1069.45	9
1624.21	1576.47	9
2192.2	2181.43	9
2715.36	3160.1	9
2967.55	3045.61	9
3491.74	3512.32	9
4047.25	4004.86	9
4565.18	4528.21	9
0.22	0.3	10
0.33	0.3	10
0.3	0.3	10
0.35	0.25	10
0.26	0.29	10
0.32	0.34	10
0.44	0.39	10
0.39	0.35	10
0.42	0.49	10
0.62	0.54	10
0.86	0.66	10
1.06	1.16	10
1.55	1.88	10
2.96	2.81	10
4.41	4.34	10
9.34	8.39	10
16.38	17.08	10
31.24	32.14	10
61.65	62.6	10
122.74	120.06	10
243.41	242.13	10
471.97	473.89	10
704.4	703.86	10
930.13	933.18	10
1165.88	1162.53	10
1392.03	1389.75	10
1622.87	1619.83	10
1850.3	1849.03	10
2080.37	2089.96	10
0.28	0.27	10
0.29	0.21	10
0.29	0.31	10
0.24	0.34	10
0.3	0.35	10
0.26	0.4	10
0.37	0.35	10
0.38	0.42	10
0.5	0.54	10
0.79	0.78	10
0.94	1.14	10
1.66	1.71	10
2.84	2.53	10
3.16	3.83	10
8.39	8.85	10
13.25	13.15	10
31.6	36.61	10
62.58	51.16	10
101.5	145.73	10
247.08	291.97	10
491.99	491.02	10
789.68	794.75	10
1242.66	1242.27	10
1516.91	1526.77	10
1878.4	1878.0	10
2235.69	2337.18	10
3232.81	2592.6	10
3057.61	3059.88	10
3492.46	3498.25	10
0.24	0.25	10
0.24	0.3	10
0.28	0.23	10
0.29	0.25	10
0.24	0.26	10
0.28	0.28	10
0.35	0.26	10
0.36	0.37	10
0.36	0.39	10
0.5	0.6	10
0.6	0.63	10
1.14	1.12	10
1.56	1.62	10
3.08	2.87	10
5.17	4.61	10
10.17	8.9	10
16.86	16.48	10
35.36	31.45	10
62.38	66.34	10
122.2	136.45	10
222.09	238.11	10
434.05	438.91	10
652.8	632.52	10
893.11	858.87	10
1060.5	1051.63	10
1270.88	1288.89	10
1533.3	1532.93	10
1656.63	1675.7	10
1867.36	1914.65	10
0.24	0.27	10
0.26	0.27	10
0.26	0.27	10
0.28	0.32	10
0.28	0.28	10
0.33	0.36	10
0.31	0.35	10
0.33	0.36	10
0.52	0.57	10
0.63	0.75	10
0.91	0.88	10
2.24	1.76	10
2.14	2.03	10
4.45	5.84	10
7.93	7.02	10
13.83	17.46	10
41.24	27.4	10
69.69	70.25	10
131.17	107.68	10
258.41	216.38	10
430.6	428.03	10
825.63	821.75	10
1204.64	1412.61	10
1616.74	1631.95	10
2019.06	2047.87	10
2447.08	2366.26	10
2704.08	2638.19	10
3123.08	3082.62	10
3286.25	3551.85	10
0.26	0.27	11
0.26	0.27	11
0.26	0.26	11
0.28	0.3	11
0.28	0.27	11
0.28	0.32	11
0.31	0.33	11
0.48	0.38	11
0.54	0.46	11
0.76	0.64	11
0.93	0.92	11
1.14	1.41	11
3.16	1.93	11
4.82	3.66	11
8.37	7.92	11
18.59	12.05	11
26.31	37.75	11
50.22	50.26	11
99.19	99.13	11
240.98	197.25	11
393.51	480.67	11
768.35	772.97	11
1134.8	1174.48	11
1622.47	1502.91	11
2079.23	2078.35	11
2326.39	2324.76	11
2631.72	2633.16	11
3021.15	3020.23	11
3378.41	3378.96	11
0.25	0.27	11
0.34	0.27	11
0.27	0.29	11
0.29	0.33	11
0.3	0.33	11
0.33	0.29	11
0.4	0.34	11
0.36	0.44	11
0.41	0.47	11
0.46	0.55	11
0.71	0.68	11
0.91	1.14	11
1.65	1.57	11
2.66	2.59	11
4.43	4.78	11
8.51	8.54	11
16.2	16.51	11
31.87	31.58	11
61.44	63.2	11
121.98	122.2	11
237.13	240.38	11
468.61	460.63	11
699.42	689.05	11
915.14	918.52	11
1135.65	1151.97	11
1370.69	1354.44	11
1577.87	1575.58	11
1788.39	1797.38	11
2020.09	2020.59	11
0.23	0.24	11
0.25	0.23	11
0.26	0.27	11
0.26	0.23	11
0.25	0.3	11
0.27	0.28	11
0.33	0.32	11
0.4	0.34	11
0.5	0.5	11
0.6	0.57	11
0.8	0.97	11
1.27	1.05	11
2.06	2.04	11
3.47	2.86	11
5.69	5.42	11
14.48	10.92	11
23.66	23.47	11
46.54	46.72	11
87.67	140.63	11
175.43	228.25	11
471.0	467.42	11
675.58	694.84	11
1039.21	1090.55	11
1465.74	1506.82	11
1677.31	1650.85	11
2069.64	2205.74	11
2281.28	2299.1	11
2695.45	2679.16	11
2947.91	3088.74	11
0.26	0.25	11
0.28	0.27	11
0.24	0.29	11
0.27	0.32	11
0.28	0.22	11
0.25	0.32	11
0.34	0.31	11
0.39	0.42	11
0.39	0.39	11
0.5	0.55	11
0.65	0.8	11
1.07	1.13	11
1.66	1.63	11
3.31	2.86	11
5.08	4.25	11
9.61	9.26	11
17.5	18.53	11
32.08	36.73	11
71.23	64.54	11
126.83	131.38	11
235.34	247.1	11
462.08	490.91	11
675.81	705.62	11
886.91	906.73	11
1098.91	1154.82	11
1312.27	1324.49	11
1617.2	1518.75	11
1763.27	1782.26	11
1947.64	2079.28	11
0.26	0.32	12
0.3	0.24	12
0.24	0.26	12
0.35	0.27	12
0.29	0.33	12
0.3	0.27	12
0.33	0.43	12
0.36	0.33	12
0.46	0.42	12
0.6	0.6	12
0.89	1.14	12
1.52	1.12	12
2.19	2.31	12
4.35	4.86	12
8.87	9.42	12
18.96	14.78	12
30.51	36.91	12
84.64	60.73	12
145.34	144.15	12
240.8	288.34	12
481.62	577.13	12
940.76	939.54	12
1389.5	1669.79	12
1850.7	1849.06	12
2301.2	2757.25	12
2757.16	2754.46	12
3208.23	3394.34	12
4038.45	4217.69	12
4132.47	4145.52	12
0.26	0.24	12
0.28	0.25	12
0.28	0.25	12
0.3	0.31	12
0.3	0.28	12
0.29	0.34	12
0.39	0.4	12
0.36	0.38	12
0.37	0.46	12
0.6	0.52	12
0.58	0.68	12
0.89	0.84	12
1.12	1.05	12
1.82	1.83	12
2.76	2.72	12
4.74	4.95	12
8.67	8.41	12
15.24	15.49	12
27.6	28.29	12
51.04	53.15	12
104.59	106.3	12
202.48	196.93	12
290.45	290.83	12
396.13	397.35	12
488.14	490.71	12
569.94	556.5	12
671.09	682.56	12
781.83	777.96	12
829.58	862.94	12
0.24	0.23	12
0.22	0.25	12
0.24	0.24	12
0.21	0.27	12
0.23	0.24	12
0.23	0.26	12
0.29	0.29	12
0.34	0.33	12
0.43	0.45	12
0.57	0.57	12
0.97	1.01	12
1.16	1.07	12
2.48	2.23	12
3.84	5.94	12
7.2	8.88	12
17.35	21.24	12
41.79	34.44	12
88.59	59.3	12
149.49	140.71	12
289.42	228.86	12
696.71	548.43	12
877.55	890.12	12
1888.28	1665.63	12
2136.46	1730.45	12
2142.27	2153.08	12
2548.61	2550.77	12
3081.25	3074.57	12
3442.98	3587.36	12
3903.66	3840.93	12
0.26	0.26	12
0.29	0.26	12
0.3	0.28	12
0.29	0.22	12
0.32	0.32	12
0.28	0.33	12
0.31	0.34	12
0.33	0.36	12
0.41	0.42	12
0.53	0.58	12
0.58	0.66	12
1.0	0.98	12
1.28	1.14	12
1.95	2.03	12
2.99	2.76	12
5.48	6.48	12
10.12	9.02	12
19.65	17.39	12
33.05	32.49	12
61.43	54.07	12
120.19	121.77	12
243.78	225.51	12
310.03	323.49	12
393.88	470.74	12
487.53	534.51	12
649.33	588.66	12
633.34	672.75	12
759.0	787.27	12
832.59	862.5	12
0.28	0.33	13
0.29	0.32	13
0.42	0.48	13
0.66	0.64	13
1.16	1.08	13
1.69	1.94	13
2.89	2.64	13
3.33	4.7	13
4.21	3.4	13
6.47	6.8	13
8.84	9.19	13
14.16	13.71	13
25.0	23.03	13
41.59	41.44	13
70.37	70.37	13
108.73	104.55	13
145.69	144.29	13
199.47	200.42	13
307.73	307.17	13
522.74	510.71	13
734.04	728.78	13
942.19	945.3	13
1156.51	1162.19	13
1389.14	1388.44	13
1559.35	1576.63	13
1758.38	1782.23	13
1969.59	1970.53	13
0.27	0.27	13
0.33	0.33	13
0.4	0.45	13
0.64	0.62	13
1.1	1.05	13
1.88	1.33	13
3.22	2.05	13
2.82	3.34	13
5.14	4.65	13
5.34	5.54	13
10.8	9.56	13
15.15	15.14	13
27.83	24.73	13
48.32	47.74	13
79.9	79.47	13
130.03	126.95	13
184.75	185.95	13
279.95	278.21	13
468.69	471.31	13
836.39	844.49	13
1198.36	1219.23	13
1567.46	1557.31	13
1921.12	1929.64	13
2291.84	2282.43	13
2641.7	2660.89	13
2991.49	2970.6	13
3281.21	3289.48	13
0.27	0.25	13
0.31	0.31	13
0.38	0.39	13
0.61	0.56	13
0.94	0.89	13
1.8	1.77	13
2.66	2.32	13
3.52	4.61	13
3.21	4.05	13
4.42	4.0	13
8.19	7.42	13
11.29	12.64	13
20.57	18.53	13
32.97	33.78	13
55.13	52.61	13
84.88	84.64	13
117.39	113.45	13
166.76	171.42	13
265.15	270.39	13
466.51	473.06	13
671.94	652.96	13
859.03	859.21	13
1065.29	1076.67	13
1281.99	1264.66	13
1458.01	1450.15	13
1666.09	1651.93	13
1852.48	1840.87	13
0.3	0.27	13
0.33	0.3	13
0.41	0.42	13
0.65	0.62	13
0.96	0.99	13
1.54	1.68	13
1.96	2.81	13
3.2	2.55	13
3.63	4.07	13
5.43	4.75	13
7.9	8.85	13
13.53	12.32	13
21.25	22.02	13
37.78	36.81	13
61.56	63.5	13
103.53	104.1	13
153.88	153.3	13
246.65	239.4	13
416.98	417.57	13
748.53	751.97	13
1068.39	1089.25	13
1396.48	1417.36	13
1743.08	1729.17	13
2042.28	2054.26	13
2352.49	2372.63	13
2666.26	2677.96	13
2960.91	2965.33	13
0.28	0.27	14
0.37	0.38	14
0.46	0.45	14
0.74	0.71	14
1.33	1.16	14
1.69	2.12	14
2.49	4.08	14
3.1	5.11	14
6.62	5.48	14
7.64	6.04	14
11.15	11.48	14
15.59	16.9	14
27.1	27.31	14
49.88	49.05	14
80.92	81.17	14
127.14	132.29	14
183.73	188.43	14
269.96	268.45	14
445.43	442.54	14
768.2	771.38	14
1104.58	1101.33	14
1441.13	1447.59	14
1775.95	1791.79	14
2109.89	2128.77	14
2485.57	2437.28	14
2771.8	2759.71	14
3086.67	3069.93	14
0.31	0.27	14
0.36	0.36	14
0.46	0.47	14
0.68	0.64	14
1.09	1.1	14
2.08	2.09	14
3.63	3.73	14
3.36	4.85	14
6.2	5.21	14
6.43	7.43	14
9.96	9.12	14
14.62	16.78	14
26.78	26.44	14
43.37	43.06	14
74.69	71.73	14
113.84	110.83	14
151.73	150.89	14
213.63	212.21	14
328.14	326.82	14
555.64	554.89	14
787.22	787.07	14
1010.22	1000.84	14
1228.67	1226.97	14
1421.6	1445.78	14
1679.51	1635.72	14
1842.6	1852.78	14
1980.28	2024.22	14
0.26	0.25	14
0.3	0.29	14
0.39	0.38	14
0.55	0.57	14
1.01	0.95	14
1.67	1.41	14
2.43	2.44	14
2.74	4.02	14
4.77	3.47	14
4.45	4.3	14
7.31	7.92	14
12.12	11.79	14
20.91	21.69	14
35.81	36.15	14
60.1	61.37	14
94.45	93.58	14
138.44	138.53	14
220.88	220.16	14
367.93	384.25	14
657.41	679.99	14
949.91	970.99	14
1256.83	1277.96	14
1555.55	1570.0	14
1864.3	1860.0	14
2144.3	2162.39	14
2423.5	2441.26	14
2726.68	2733.38	14
0.28	0.27	14
0.32	0.31	14
0.45	0.46	14
0.61	0.66	14
1.13	1.17	14
2.01	2.16	14
3.36	2.53	14
2.49	5.37	14
4.17	4.65	14
6.36	5.58	14
9.28	9.3	14
13.94	14.28	14
25.41	24.14	14
42.37	40.43	14
67.28	68.59	14
102.68	103.77	14
142.76	140.48	14
195.78	198.45	14
306.36	306.9	14
531.67	524.28	14
741.22	750.78	14
943.33	948.28	14
1144.44	1151.82	14
1333.48	1336.97	14
1506.24	1520.48	14
1684.83	1700.64	14
1875.99	1843.47	14
0.31	0.26	15
0.4	0.4	15
0.43	0.46	15
0.65	0.67	15
1.01	1.09	15
1.97	1.97	15
2.66	3.08	15
3.53	2.64	15
4.33	3.81	15
6.36	5.67	15
9.07	9.12	15
12.97	13.95	15
24.42	24.83	15
40.48	42.96	15
68.21	67.09	15
104.87	103.84	15
146.05	147.61	15
204.01	201.87	15
313.88	311.72	15
548.62	531.46	15
766.97	757.84	15
993.2	984.47	15
1204.32	1195.3	15
1414.48	1423.15	15
1631.13	1632.75	15
1840.03	1869.03	15
2055.4	2014.77	15
0.27	0.27	15
0.35	0.32	15
0.44	0.43	15
0.63	0.67	15
0.96	1.05	15
1.66	1.82	15
3.01	2.86	15
4.53	4.02	15
5.44	5.34	15
5.82	7.03	15
9.17	9.56	15
15.98	15.61	15
28.37	24.8	15
44.63	44.68	15
77.33	79.36	15
122.37	122.58	15
177.09	175.09	15
262.71	261.24	15
430.92	433.87	15
758.69	765.65	15
1095.17	1097.17	15
1423.43	1423.01	15
1760.88	1782.98	15
2090.01	2102.53	15
2457.32	2447.43	15
2767.83	2750.69	15
3040.7	3056.29	15
0.28	0.25	15
0.29	0.28	15
0.37	0.43	15
0.6	0.56	15
0.85	0.95	15
1.76	1.51	15
2.65	2.96	15
3.42	3.17	15
2.82	5.16	15
4.74	4.91	15
7.35	6.47	15
10.3	10.85	15
19.74	18.4	15
31.97	31.58	15
53.9	52.56	15
81.15	83.22	15
113.6	115.99	15
173.12	170.83	15
268.77	268.98	15
474.4	479.4	15
687.34	677.33	15
876.66	880.29	15
1070.34	1067.6	15
1267.25	1281.85	15
1469.51	1440.21	15
1643.67	1638.85	15
1849.5	1813.15	15
0.33	0.25	15
0.31	0.3	15
0.43	0.44	15
0.59	0.58	15
0.83	0.79	15
1.66	1.33	15
2.8	2.92	15
4.19	3.34	15
4.13	3.41	15
5.55	4.96	15
6.87	7.31	15
12.13	12.57	15
21.53	21.32	15
36.91	36.19	15
58.51	61.63	15
94.88	96.23	15
143.28	142.97	15
219.89	220.73	15
374.57	371.82	15
664.33	677.09	15
964.76	959.29	15
1266.0	1287.05	15
1580.72	1571.23	15
1863.22	1880.66	15
2175.6	2180.34	15
2455.88	2426.86	15
2708.96	2752.33	15
0.27	0.27	16
0.3	0.37	16
0.46	0.42	16
0.63	0.65	16
1.11	1.17	16
2.0	1.98	16
2.95	2.44	16
2.86	3.02	16
4.48	5.9	16
6.32	6.24	16
11.27	10.12	16
16.81	15.59	16
28.64	27.25	16
48.09	47.71	16
79.48	82.24	16
125.44	126.37	16
181.92	181.77	16
273.84	273.84	16
452.06	448.19	16
798.25	795.34	16
1132.48	1136.69	16
1487.06	1490.6	16
1836.32	1827.2	16
2164.01	2165.95	16
2514.07	2520.58	16
2805.86	2837.82	16
3120.8	3150.91	16
0.26	0.28	16
0.38	0.36	16
0.44	0.52	16
0.66	0.67	16
1.11	1.1	16
1.96	1.57	16
2.48	3.48	16
3.85	4.81	16
5.16	4.82	16
6.01	5.93	16
8.08	9.24	16
16.13	14.56	16
24.63	25.03	16
42.21	43.46	16
71.56	70.35	16
109.33	109.52	16
147.9	148.78	16
200.2	204.43	16
310.09	312.9	16
519.14	515.2	16
739.66	728.91	16
949.98	940.72	16
1168.41	1152.11	16
1370.47	1380.57	16
1595.46	1567.36	16
1802.58	1808.05	16
1972.55	1977.28	16
0.24	0.23	16
0.29	0.31	16
0.38	0.39	16
0.59	0.6	16
0.92	0.94	16
1.52	1.56	16
1.85	2.25	16
3.29	3.87	16
4.14	4.5	16
4.41	4.34	16
7.35	7.39	16
13.79	12.04	16
20.49	21.04	16
36.19	36.5	16
58.74	60.71	16
96.47	97.86	16
144.03	141.23	16
223.15	220.6	16
387.62	382.21	16
688.79	692.86	16
991.74	996.3	16
1286.91	1291.82	16
1585.5	1590.86	16
1886.72	1887.92	16
2157.33	2200.11	16
2461.49	2466.14	16
2734.1	2716.05	16
0.26	0.27	16
0.36	0.41	16
0.44	0.43	16
0.66	0.6	16
0.95	1.2	16
1.88	1.84	16
3.1	2.51	16
4.13	3.07	16
4.79	4.39	16
6.38	5.06	16
7.57	8.5	16
14.65	13.8	16
24.27	23.14	16
38.15	37.42	16
62.86	63.96	16
95.59	96.78	16
131.32	130.29	16
182.65	181.83	16
285.56	286.97	16
485.73	472.39	16
676.45	676.68	16
881.3	886.28	16
1086.51	1081.91	16
1288.44	1293.77	16
1496.37	1503.36	16
1696.76	1686.89	16
1864.24	1859.72	16
0.43	0.42	17
0.6	0.57	17
0.97	1.04	17
1.71	1.98	17
2.42	3.1	17
5.0	5.6	17
8.5	9.83	17
14.24	10.03	17
14.45	16.87	17
21.97	20.31	17
24.0	26.96	17
40.77	44.5	17
77.08	79.14	17
146.87	143.03	17
270.59	273.27	17
497.17	500.59	17
870.77	868.67	17
1337.6	1338.24	17
1785.1	1779.25	17
2474.33	2479.63	17
3126.42	3130.06	17
3761.77	3774.1	17
4410.09	4399.04	17
4992.65	5005.71	17
5595.68	5632.88	17
6212.89	6200.85	17
6641.19	6677.73	17
0.36	0.36	17
0.64	0.64	17
0.94	1.06	17
1.84	1.6	17
3.12	2.99	17
5.98	4.52	17
12.43	6.88	17
11.71	9.23	17
16.0	16.39	17
25.5	20.81	17
41.66	41.4	17
68.57	76.73	17
133.72	130.35	17
249.35	248.21	17
462.64	465.1	17
839.37	834.91	17
1427.7	1436.49	17
2144.68	2149.56	17
2728.89	2722.31	17
3647.26	3658.01	17
4431.29	4436.82	17
5235.57	5217.11	17
6031.82	6025.96	17
6848.02	6860.23	17
7644.54	7662.1	17
8419.54	8402.48	17
9110.73	9109.64	17
0.35	0.36	17
0.46	0.6	17
0.81	0.87	17
1.48	1.41	17
2.76	2.71	17
4.95	4.17	17
7.57	9.84	17
4.7	9.84	17
10.89	8.47	17
9.83	15.32	17
24.87	21.08	17
35.21	31.8	17
58.65	56.95	17
116.62	115.33	17
214.37	214.93	17
383.73	388.65	17
670.25	672.32	17
1039.38	1038.72	17
1410.59	1413.87	17
2015.64	2016.81	17
2622.22	2636.13	17
3205.05	3208.87	17
3782.54	3808.42	17
4442.42	4426.85	17
5017.3	5009.03	17
5527.16	5550.9	17
6018.26	6069.06	17
0.38	0.36	17
0.56	0.56	17
0.89	1.0	17
1.74	1.67	17
3.21	3.12	17
4.91	6.43	17
9.46	9.83	17
16.57	12.03	17
15.45	16.27	17
21.31	25.29	17
40.22	34.25	17
67.22	72.32	17
131.47	126.25	17
248.4	239.21	17
442.9	444.21	17
781.45	788.73	17
1335.43	1338.89	17
1975.47	1973.78	17
2471.73	2543.8	17
3411.73	3396.83	17
4163.25	4155.96	17
4875.75	4891.6	17
5635.17	5633.9	17
6416.69	6377.73	17
7188.97	7192.0	17
7888.65	7888.8	17
8498.81	8539.13	17
0.47	0.45	18
0.71	0.71	18
1.06	0.96	18
1.9	1.96	18
3.0	3.74	18
3.88	5.6	18
10.72	7.9	18
15.73	11.38	18
14.15	20.47	18
27.36	25.98	18
38.91	45.38	18
77.64	80.24	18
143.24	145.42	18
268.42	266.16	18
493.22	494.23	18
890.37	898.87	18
1510.48	1510.89	18
2279.3	2278.7	18
2912.37	2916.5	18
3781.27	3798.14	18
4604.14	4616.82	18
5401.94	5426.65	18
6248.71	6237.1	18
7040.89	7030.99	18
7814.47	7806.64	18
8550.59	8536.67	18
9179.48	9212.8	18
0.43	0.46	18
0.59	0.63	18
1.04	1.1	18
1.6	1.65	18
3.44	3.04	18
5.87	5.88	18
10.68	10.83	18
14.76	15.61	18
14.35	7.28	18
16.93	23.69	18
29.32	28.19	18
50.02	47.43	18
79.46	86.6	18
158.5	152.18	18
285.4	283.81	18
515.91	517.5	18
913.89	914.27	18
1397.49	1403.52	18
1850.43	1852.45	18
2564.38	2568.14	18
3165.41	3151.19	18
3751.9	3745.42	18
4333.61	4352.02	18
4946.5	4977.65	18
5585.08	5592.98	18
6193.13	6246.06	18
6784.43	6802.92	18
0.29	0.32	18
0.47	0.48	18
0.74	0.74	18
1.45	1.61	18
2.69	2.09	18
4.16	4.52	18
4.36	8.14	18
7.87	9.68	18
8.0	10.51	18
17.49	18.44	18
27.73	30.13	18
51.71	51.82	18
94.88	88.9	18
175.59	171.09	18
313.65	319.35	18
560.96	568.76	18
947.88	949.86	18
1443.88	1445.88	18
1924.01	1916.26	18
2645.66	2651.21	18
3373.36	3382.82	18
4119.27	4074.88	18
4812.09	4794.51	18
5528.84	5511.08	18
6217.61	6259.49	18
6933.86	6912.86	18
7528.55	7529.38	18
0.48	0.45	18
0.68	0.66	18
0.97	0.92	18
1.61	1.93	18
3.27	3.23	18
6.27	5.96	18
8.82	7.53	18
15.56	7.76	18
12.96	13.13	18
16.53	16.34	18
25.29	22.26	18
44.01	47.77	18
79.3	74.24	18
145.21	150.86	18
266.41	267.6	18
501.37	509.36	18
876.11	880.38	18
1332.24	1333.12	18
1723.35	1729.24	18
2386.98	2403.71	18
2991.51	2971.42	18
3544.88	3546.2	18
4144.09	4109.67	18
4747.87	4732.65	18
5322.1	5313.0	18
5876.91	5887.28	18
6424.22	6411.54	18
0.45	0.44	19
0.6	0.67	19
1.15	1.01	19
1.79	1.76	19
3.21	3.27	19
5.67	6.59	19
7.76	8.54	19
16.33	9.57	19
14.75	12.5	19
15.36	16.16	19
25.53	26.67	19
40.92	46.55	19
84.1	82.57	19
151.61	143.77	19
277.02	281.89	19
515.19	514.52	19
893.06	889.44	19
1368.03	1364.21	19
1816.04	1808.85	19
2529.88	2530.12	19
3133.56	3136.88	19
3694.49	3695.55	19
4301.13	4294.03	19
4908.62	4915.85	19
5518.57	5519.79	19
6143.78	6130.46	19
6708.41	6732.73	19
0.46	0.49	19
0.57	0.61	19
0.98	1.09	19
1.8	1.91	19
3.46	3.38	19
6.49	6.76	19
9.95	12.82	19
14.55	14.42	19
15.15	17.69	19
26.62	24.88	19
39.96	42.87	19
74.35	73.4	19
137.18	133.54	19
255.73	260.56	19
482.45	483.76	19
866.54	870.71	19
1469.37	1461.21	19
2199.68	2202.81	19
2827.73	2841.13	19
3739.77	3724.6	19
4565.91	4538.86	19
5388.0	5393.44	19
6204.35	6227.66	19
7039.93	7056.83	19
7829.01	7816.13	19
8609.44	8552.17	19
9207.98	9198.96	19
0.38	0.33	19
0.49	0.5	19
0.89	0.77	19
1.35	1.35	19
2.33	2.43	19
4.03	3.13	19
8.41	7.17	19
10.26	9.37	19
9.88	9.09	19
12.81	14.24	19
23.25	22.5	19
35.45	36.62	19
66.67	65.59	19
119.91	122.11	19
215.35	216.29	19
393.42	399.62	19
679.28	677.14	19
1038.07	1041.86	19
1432.92	1444.93	19
2079.36	2089.44	19
2648.84	2650.34	19
3192.86	3205.38	19
3765.09	3756.91	19
4348.66	4329.8	19
4898.61	4904.28	19
5452.42	5453.29	19
6025.73	6013.58	19
0.36	0.4	19
0.6	0.55	19
0.88	1.08	19
1.38	1.65	19
2.91	3.09	19
5.36	4.49	19
10.79	7.75	19
8.81	17.05	19
16.85	10.26	19
24.59	25.84	19
40.98	36.64	19
70.38	71.11	19
129.96	133.6	19
240.66	243.3	19
438.59	442.42	19
793.53	784.06	19
1312.29	1306.83	19
1932.85	1942.48	19
2480.71	2461.92	19
3250.61	3259.55	19
3969.06	3989.32	19
4713.52	4730.4	19
5503.19	5520.01	19
6231.36	6274.26	19
7021.95	6994.99	19
7697.49	7665.21	19
8352.75	8294.6	19
0.44	0.51	20
0.64	0.67	20
1.08	1.03	20
1.84	2.34	20
4.0	3.83	20
5.18	7.35	20
10.11	10.88	20
13.46	10.92	20
13.0	15.85	20
27.81	28.11	20
46.94	46.9	20
77.34	75.13	20
147.99	144.12	20
271.83	271.92	20
501.23	511.75	20
903.57	905.07	20
1523.18	1512.68	20
2285.71	2273.31	20
2911.19	2929.77	20
3852.7	3859.84	20
4697.58	4687.3	20
5523.7	5514.02	20
6429.71	6419.62	20
7266.37	7270.51	20
8064.63	8072.21	20
8854.75	8846.08	20
9573.88	9544.81	20
0.4	0.42	20
0.69	0.7	20
1.07	1.09	20
2.04	1.72	20
3.68	3.53	20
6.98	7.06	20
5.1	10.93	20
13.13	8.54	20
21.18	13.59	20
17.71	14.63	20
29.89	28.02	20
49.52	46.99	20
81.81	82.15	20
155.15	158.8	20
287.99	291.9	20
525.71	534.11	20
926.93	933.9	20
1419.5	1419.83	20
1889.4	1891.16	20
2586.07	2571.11	20
3220.73	3229.76	20
3877.72	3861.46	20
4502.71	4502.46	20
5122.79	5117.44	20
5745.04	5769.7	20
6281.47	6294.61	20
6753.8	6749.23	20
0.36	0.34	20
0.52	0.57	20
0.96	0.82	20
1.64	1.71	20
2.83	2.62	20
3.88	4.55	20
8.99	8.97	20
10.41	8.78	20
13.31	11.17	20
17.74	20.44	20
33.36	39.28	20
64.49	66.27	20
116.91	117.53	20
213.45	222.42	20
394.83	391.2	20
696.61	693.91	20
1148.12	1149.72	20
1693.56	1696.88	20
2188.83	2198.57	20
2991.17	2975.65	20
3678.19	3670.84	20
4469.89	4461.29	20
5220.62	5180.15	20
5923.62	5903.46	20
6623.53	6594.74	20
7262.46	7250.14	20
7853.9	7857.54	20
0.41	0.44	20
0.7	0.56	20
0.84	1.04	20
1.87	1.62	20
3.31	3.16	20
4.84	6.46	20
9.26	7.67	20
13.92	13.01	20
12.16	12.7	20
19.71	17.84	20
24.78	25.0	20
37.17	47.98	20
82.45	83.49	20
147.21	145.26	20
268.61	264.54	20
486.71	487.03	20
825.91	837.41	20
1260.22	1254.34	20
1638.95	1654.46	20
2265.2	2266.53	20
2845.54	2870.8	20
3433.43	3452.27	20
4067.09	4089.35	20
4656.64	4642.53	20
5240.93	5239.46	20
5746.35	5784.52	20
6229.44	6240.52	20
0.74	0.96	21
1.0	0.96	21
1.43	1.23	21
1.7	1.28	21
1.85	1.22	21
1.89	1.5	21
2.09	1.91	21
2.34	1.93	21
2.57	3.53	21
4.26	3.56	21
5.8	5.93	21
10.23	10.18	21
17.65	17.16	21
32.89	33.8	21
63.49	63.12	21
120.41	120.84	21
240.36	239.51	21
464.35	462.27	21
688.86	687.22	21
909.94	911.98	21
1133.28	1132.21	21
1355.02	1353.95	21
1577.32	1569.05	21
1806.38	1796.98	21
2037.16	2029.23	21
1.13	1.27	21
1.46	1.22	21
1.34	1.82	21
2.25	2.04	21
2.31	2.61	21
2.13	2.33	21
3.16	2.76	21
3.62	2.66	21
4.95	6.71	21
8.49	8.64	21
12.96	12.23	21
21.15	20.61	21
39.3	40.25	21
78.11	77.11	21
153.62	153.05	21
301.9	302.21	21
601.46	601.94	21
1168.99	1171.03	21
1736.64	1734.54	21
2300.64	2299.08	21
2870.55	2866.57	21
3431.67	3434.51	21
3997.67	4000.07	21
4562.42	4560.26	21
5124.78	5126.88	21
0.77	0.69	21
0.88	0.8	21
1.08	1.29	21
1.48	1.21	21
1.19	1.42	21
2.02	1.88	21
1.76	2.22	21
2.46	2.5	21
2.51	3.02	21
3.98	4.31	21
6.37	5.94	21
10.42	10.41	21
19.21	18.09	21
32.93	34.13	21
61.36	68.33	21
119.62	123.07	21
247.72	273.39	21
474.93	462.47	21
656.68	664.08	21
879.52	875.64	21
1146.67	1092.47	21
1308.61	1301.79	21
1550.34	1530.49	21
1487.28	1724.08	21
1929.54	1968.45	21
1.15	0.86	21
1.59	1.35	21
1.85	1.65	21
1.73	2.19	21
2.35	1.98	21
1.91	2.34	21
3.05	3.02	21
4.01	3.76	21
4.54	5.32	21
6.99	6.93	21
12.48	12.15	21
22.68	20.38	21
40.18	40.86	21
77.71	78.23	21
151.38	149.33	21
298.61	297.75	21
590.19	591.15	21
1142.88	1133.63	21
1679.39	1686.65	21
2241.0	2226.21	21
2787.65	2764.86	21
3323.89	3331.66	21
3844.98	3857.8	21
4412.61	4416.34	21
4962.97	4945.05	21
0.96	1.01	22
1.4	1.63	22
1.85	1.86	22
2.11	2.1	22
2.0	2.22	22
2.4	2.51	22
2.78	2.65	22
2.96	3.24	22
3.77	4.22	22
5.33	4.71	22
8.64	9.14	22
15.08	14.78	22
27.14	26.93	22
50.85	50.33	22
97.78	96.17	22
189.15	190.25	22
372.79	374.22	22
725.66	726.35	22
1079.32	1071.43	22
1427.17	1426.15	22
1781.55	1782.06	22
2131.82	2129.29	22
2471.93	2471.76	22
2822.42	2842.51	22
3187.64	3180.26	22
0.81	0.83	22
1.08	0.96	22
1.23	1.04	22
1.61	1.62	22
2.17	1.64	22
2.08	2.54	22
1.85	2.5	22
3.04	3.49	22
4.76	5.16	22
6.49	5.61	22
10.17	10.03	22
18.88	18.26	22
35.25	33.32	22
66.82	64.26	22
129.76	129.63	22
252.82	252.3	22
494.88	494.87	22
960.74	959.97	22
1417.24	1423.36	22
1853.73	1855.64	22
2320.39	2321.75	22
2786.34	2784.5	22
3249.08	3249.39	22
3716.53	3713.61	22
4176.4	4173.78	22
0.8	0.73	22
1.13	1.3	22
1.71	1.46	22
1.87	1.71	22
1.63	2.19	22
1.86	2.28	22
2.59	2.3	22
3.05	2.88	22
4.23	3.84	22
5.21	5.66	22
7.91	8.83	22
15.1	14.28	22
27.16	26.06	22
52.8	49.64	22
94.56	99.53	22
185.14	193.33	22
359.02	374.6	22
714.03	698.34	22
1003.45	1015.4	22
1324.18	1333.4	22
1699.69	1694.52	22
1977.5	1960.82	22
2311.03	2337.47	22
2406.36	2666.99	22
2922.24	3001.57	22
0.74	0.91	22
0.93	1.02	22
1.32	1.33	22
1.82	1.36	22
1.5	2.01	22
1.94	1.87	22
2.65	2.9	22
2.68	2.61	22
4.21	5.59	22
6.92	6.55	22
9.03	10.01	22
19.62	18.58	22
32.58	32.61	22
62.13	62.81	22
121.02	120.15	22
236.36	236.62	22
466.54	465.14	22
897.16	899.02	22
1323.93	1316.31	22
1731.44	1731.27	22
2165.49	2156.35	22
2583.9	2580.12	22
3023.93	3030.11	22
3446.18	3453.82	22
3882.28	3884.87	22
0.9	0.84	23
1.16	1.15	23
1.45	1.72	23
1.86	1.43	23
1.9	1.98	23
2.19	2.29	23
2.21	2.65	23
3.55	3.69	23
4.23	4.92	23
6.87	7.12	23
11.5	12.39	23
20.22	20.4	23
40.23	39.26	23
76.99	76.12	23
146.52	147.22	23
285.7	278.55	23
521.16	531.84	23
1013.54	1001.47	23
1474.8	1478.7	23
1950.81	1942.81	23
2430.24	2426.04	23
2896.77	2902.02	23
3333.07	3356.2	23
3727.76	3764.62	23
4116.42	4151.12	23
1.12	1.29	23
1.4	1.46	23
2.11	2.21	23
2.32	2.12	23
2.1	2.69	23
2.87	2.38	23
2.67	3.0	23
3.32	3.34	23
4.27	4.61	23
5.69	5.71	23
8.87	9.05	23
14.5	15.73	23
27.1	26.89	23
51.65	50.84	23
96.66	96.35	23
186.94	189.76	23
371.44	372.11	23
724.59	724.47	23
1075.11	1074.19	23
1425.26	1424.66	23
1785.86	1769.06	23
2135.23	2121.11	23
2470.12	2472.63	23
2828.11	2846.46	23
3171.35	3183.98	23
0.7	0.7	23
1.0	0.79	23
0.94	0.89	23
1.17	1.32	23
1.64	1.71	23
1.65	1.83	23
2.01	2.08	23
2.59	2.48	23
4.27	3.99	23
5.78	5.57	23
8.14	8.1	23
14.27	14.42	23
28.24	27.2	23
52.47	52.8	23
102.16	102.07	23
200.11	194.57	23
381.01	385.25	23
725.15	724.57	23
1075.5	1077.58	23
1942.16	1430.57	23
1771.38	1767.32	23
2104.23	2095.55	23
2433.06	2456.61	23
2796.55	2797.96	23
3133.35	3126.15	23
1.02	1.14	23
1.39	1.7	23
2.16	1.74	23
2.47	2.05	23
2.21	2.02	23
1.8	2.34	23
2.41	2.23	23
2.57	3.46	23
4.16	3.89	23
5.2	6.11	23
8.15	8.9	23
14.55	15.32	23
24.69	28.03	23
53.07	49.73	23
96.38	100.65	23
191.66	177.06	23
370.07	376.56	23
735.75	672.85	23
990.18	998.93	23
1319.07	1321.92	23
1716.21	1683.38	23
1989.51	1973.7	23
2298.35	2320.14	23
2608.59	2693.06	23
2934.57	2945.56	23
0.85	0.99	24
1.03	1.12	24
1.46	1.73	24
1.67	1.73	24
1.88	1.91	24
1.88	2.3	24
2.17	3.21	24
3.19	3.2	24
4.45	3.72	24
6.61	6.33	24
11.47	11.24	24
18.82	20.04	24
36.8	37.78	24
70.57	70.47	24
136.12	135.79	24
278.05	277.91	24
545.98	547.47	24
1063.58	1061.39	24
1575.06	1578.0	24
2093.06	2088.99	24
2656.68	2657.79	24
3219.76	3221.08	24
3798.13	3791.91	24
4357.4	4365.26	24
4932.63	4940.73	24
0.8	0.92	24
1.02	1.05	24
1.55	1.29	24
1.72	1.44	24
1.56	1.51	24
1.95	1.68	24
1.72	2.15	24
2.21	2.35	24
2.59	2.8	24
3.86	3.5	24
6.06	5.58	24
10.12	10.12	24
18.07	18.57	24
33.18	32.59	24
62.28	61.1	24
122.63	121.03	24
239.22	239.01	24
461.92	463.46	24
683.78	693.86	24
907.58	906.43	24
1136.97	1124.88	24
1352.59	1353.66	24
1578.68	1575.62	24
1807.85	1838.0	24
2027.41	2020.09	24
0.83	0.83	24
1.2	1.17	24
1.36	1.44	24
1.42	1.63	24
1.77	1.79	24
2.31	2.0	24
2.2	2.74	24
3.22	3.33	24
4.95	5.29	24
6.28	6.22	24
10.05	10.01	24
17.53	17.92	24
31.78	31.97	24
60.17	60.32	24
117.53	116.17	24
228.17	227.27	24
453.89	447.72	24
870.7	876.39	24
1281.31	1288.02	24
1698.9	1717.09	24
2166.74	2179.28	24
2656.26	2627.78	24
3110.88	3139.58	24
3604.97	3598.43	24
4069.01	4066.7	24
0.69	0.67	24
0.92	0.9	24
1.18	1.16	24
1.2	1.21	24
1.54	1.98	24
1.48	1.37	24
1.84	2.01	24
2.18	1.89	24
2.63	3.06	24
4.2	3.91	24
6.84	6.09	24
9.54	10.13	24
20.11	17.35	24
34.58	32.37	24
76.23	64.72	24
126.68	135.05	24
261.06	240.13	24
462.9	469.27	24
677.6	678.43	24
906.76	892.86	24
1167.9	1090.26	24
1321.68	1296.6	24
1512.85	1564.57	24
1726.25	1731.77	24
1954.97	1926.09	24
0.49	0.47	25
0.59	0.7	25
0.76	0.62	25
0.73	0.78	25
1.03	0.95	25
1.08	1.12	25
1.56	1.64	25
2.11	2.15	25
3.52	3.29	25
5.34	5.18	25
9.28	9.32	25
15.47	15.88	25
29.33	29.85	25
52.78	53.16	25
105.3	106.0	25
201.6	201.21	25
382.32	387.16	25
565.57	565.87	25
745.0	746.85	25
926.2	928.92	25
1106.88	1108.27	25
1285.79	1289.65	25
1477.27	1474.02	25
1642.15	1647.41	25
0.5	0.53	25
0.67	0.71	25
0.86	0.94	25
1.24	1.44	25
1.86	2.23	25
2.59	2.52	25
4.07	3.82	25
6.8	6.73	25
12.57	12.55	25
22.72	22.37	25
44.28	44.19	25
87.32	87.19	25
170.72	172.69	25
341.66	343.35	25
680.15	681.65	25
1350.13	1349.08	25
2625.62	2618.72	25
3889.03	3902.14	25
5158.94	5163.46	25
6438.84	6440.44	25
7671.51	7651.27	25
8862.08	8903.65	25
10105.63	10057.63	25
11283.19	11299.11	25
0.39	0.38	25
0.47	0.51	25
0.63	0.54	25
0.66	0.76	25
0.89	0.88	25
0.93	1.24	25
1.42	1.44	25
1.71	1.74	25
2.79	2.88	25
4.43	4.61	25
7.71	7.85	25
12.29	13.84	25
23.16	22.27	25
42.86	41.39	25
73.49	79.18	25
149.38	148.27	25
282.88	278.39	25
416.16	409.19	25
538.18	535.93	25
668.79	664.42	25
799.07	805.04	25
936.35	928.27	25
1046.79	1052.56	25
1183.66	1176.85	25
0.58	0.48	25
0.7	0.69	25
1.02	0.82	25
1.19	1.27	25
1.46	2.0	25
2.19	2.27	25
3.38	3.38	25
6.08	6.64	25
10.84	10.42	25
19.74	19.9	25
39.69	41.63	25
81.95	75.27	25
147.94	155.95	25
288.27	295.66	25
581.12	548.57	25
1114.67	1106.73	25
2129.63	2167.56	25
3200.52	3177.97	25
4140.21	4100.99	25
5041.18	5155.83	25
6198.33	6190.2	25
7088.38	6994.3	25
7679.3	7679.75	25
8703.99	8693.25	25
0.47	0.5	26
0.61	0.71	26
0.87	0.85	26
1.0	1.03	26
1.27	1.41	26
1.69	1.8	26
2.25	2.45	26
3.24	3.37	26
4.88	4.9	26
7.91	8.23	26
14.57	14.87	26
26.07	26.97	26
48.88	47.79	26
93.62	94.71	26
186.32	185.72	26
364.46	363.3	26
703.09	711.19	26
1050.99	1048.96	26
1393.08	1393.73	26
1734.84	1742.05	26
2049.69	2076.67	26
2396.73	2400.16	26
2739.21	2747.2	26
3088.43	3090.05	26
0.46	0.47	26
0.58	0.63	26
0.88	0.75	26
1.08	1.14	26
1.45	1.78	26
1.67	1.85	26
2.67	2.32	26
4.15	4.04	26
6.99	6.94	26
12.21	12.71	26
23.55	23.81	26
45.03	45.52	26
88.32	88.69	26
175.34	175.82	26
347.49	347.77	26
693.67	694.33	26
1353.2	1351.16	26
2009.02	2009.64	26
2656.82	2660.4	26
3313.16	3312.63	26
3911.51	3931.98	26
4506.0	4483.85	26
5026.24	5018.42	26
5546.27	5555.03	26
0.39	0.46	26
0.51	0.48	26
0.69	0.62	26
0.83	0.8	26
1.17	1.44	26
1.2	1.47	26
2.27	2.04	26
2.72	2.69	26
4.22	4.09	26
7.21	7.04	26
12.84	11.98	26
22.68	24.53	26
43.66	42.44	26
85.24	81.33	26
155.81	161.65	26
307.18	302.83	26
580.71	593.62	26
858.77	852.85	26
1138.72	1126.87	26
1423.59	1405.23	26
1669.22	1688.75	26
1959.56	1978.85	26
2230.23	2274.18	26
2499.68	2505.21	26
0.44	0.4	26
0.54	0.6	26
0.8	0.67	26
1.0	0.9	26
1.58	1.65	26
1.77	1.69	26
2.54	2.65	26
4.16	4.08	26
6.86	6.67	26
12.41	12.49	26
24.72	22.89	26
43.14	45.48	26
84.58	88.43	26
172.34	167.06	26
347.54	341.74	26
660.99	660.38	26
1274.4	1279.84	26
1892.4	1887.37	26
2484.7	2471.35	26
3023.74	3013.09	26
3519.29	3568.15	26
4008.53	4065.13	26
4453.99	4487.81	26
4999.51	4967.47	26
0.44	0.41	27
0.51	0.49	27
0.68	0.73	27
0.92	1.14	27
1.19	1.3	27
1.74	1.53	27
2.14	2.54	27
3.48	3.7	27
5.97	6.32	27
11.07	10.9	27
20.4	20.57	27
38.84	38.59	27
77.2	77.91	27
150.83	148.71	27
295.27	302.68	27
586.45	580.45	27
1185.65	1205.63	27
1793.33	1795.42	27
2426.27	2388.44	27
3008.0	3026.56	27
3635.83	3637.38	27
4326.31	4345.2	27
4968.42	4990.32	27
5602.45	5615.43	27
0.47	0.47	27
0.63	0.74	27
0.74	0.65	27
1.0	0.99	27
1.11	1.19	27
1.72	1.55	27
2.42	2.53	27
3.18	2.98	27
4.96	5.26	27
8.67	8.77	27
14.62	15.4	27
27.16	26.31	27
51.67	51.55	27
98.38	96.99	27
190.44	190.71	27
379.11	376.52	27
734.98	737.61	27
1102.28	1097.96	27
1469.24	1467.19	27
1820.1	1827.38	27
2187.61	2199.43	27
2569.13	2570.96	27
2926.82	2936.77	27
3308.86	3327.42	27
0.43	0.39	27
0.51	0.54	27
0.59	0.57	27
0.94	0.86	27
1.16	1.2	27
1.61	1.43	27
2.0	2.34	27
3.0	3.48	27
5.45	5.56	27
9.79	9.44	27
18.19	18.61	27
33.77	33.85	27
69.2	71.45	27
131.46	130.52	27
257.3	256.99	27
518.76	526.05	27
998.31	995.7	27
1469.33	1484.08	27
1953.29	1951.88	27
2361.11	2373.74	27
2816.18	2800.14	27
3227.28	3215.09	27
3645.97	3652.33	27
4069.69	4100.58	27
0.45	0.48	27
0.68	0.6	27
0.86	0.91	27
0.92	0.93	27
1.27	1.36	27
1.65	1.97	27
2.36	2.21	27
2.92	2.59	27
4.33	4.54	27
7.51	7.17	27
12.67	12.67	27
24.67	23.37	27
46.93	43.56	27
84.38	83.15	27
159.66	166.66	27
320.25	311.87	27
589.05	613.27	27
888.71	891.62	27
1190.93	1177.97	27
1466.93	1459.44	27
1752.2	1765.58	27
2104.14	2063.29	27
2389.08	2354.79	27
2723.64	2748.05	27
0.45	0.53	28
0.66	0.64	28
0.77	0.72	28
1.25	1.1	28
1.46	1.58	28
1.97	1.71	28
3.18	3.25	28
5.06	5.34	28
10.33	10.35	28
18.39	18.13	28
37.44	36.64	28
69.22	71.58	28
141.2	142.57	28
277.05	286.08	28
562.12	579.55	28
1154.49	1143.11	28
2322.54	2309.03	28
3527.26	3495.0	28
4656.24	4727.43	28
5881.62	5918.15	28
7137.2	7115.94	28
8444.05	8446.28	28
9590.04	9639.63	28
10788.39	10767.5	28
0.41	0.54	28
0.46	0.62	28
0.64	0.55	28
0.72	0.78	28
0.94	1.0	28
1.14	1.07	28
1.52	1.52	28
2.15	2.17	28
3.17	3.43	28
5.1	5.08	28
9.42	9.08	28
15.44	15.17	28
28.22	29.56	28
52.54	55.38	28
100.78	100.81	28
199.52	199.68	28
382.91	382.32	28
564.06	560.17	28
735.4	738.66	28
924.15	927.73	28
1104.91	1104.75	28
1282.77	1290.46	28
1467.68	1460.86	28
1654.4	1642.12	28
0.39	0.4	28
0.52	0.47	28
0.78	0.73	28
0.96	0.9	28
1.19	1.4	28
1.68	1.61	28
2.41	2.29	28
4.39	4.6	28
7.56	7.56	28
13.89	14.04	28
26.82	26.71	28
52.34	52.8	28
103.47	104.53	28
206.74	205.51	28
408.08	411.62	28
811.02	808.66	28
1572.86	1570.54	28
2301.43	2319.8	28
3015.65	2995.46	28
3885.82	3871.19	28
4509.97	4575.08	28
5225.86	5268.28	28
5983.96	5955.31	28
6677.0	6658.18	28
0.4	0.43	28
0.56	0.47	28
0.57	0.62	28
0.66	0.74	28
0.98	0.97	28
1.03	1.03	28
1.53	1.51	28
1.79	1.87	28
3.08	3.07	28
4.56	4.47	28
7.23	7.51	28
12.31	12.92	28
23.02	21.72	28
43.7	43.15	28
80.76	77.22	28
148.09	151.04	28
280.74	272.42	28
412.23	413.92	28
532.52	531.89	28
675.25	659.39	28
805.73	794.19	28
920.55	927.68	28
1066.53	1058.34	28
1183.68	1184.95	28
0.27	0.34	29
0.37	0.35	29
0.53	0.5	29
0.66	0.59	29
0.87	1.03	29
1.14	1.6	29
2.29	2.36	29
2.85	2.68	29
3.15	3.22	29
3.73	3.54	29
2.92	3.54	29
3.8	3.24	29
4.16	4.01	29
4.56	4.56	29
8.02	7.56	29
11.12	12.64	29
20.79	20.24	29
38.48	38.73	29
62.74	71.9	29
118.21	138.99	29
275.69	274.1	29
532.88	541.77	29
667.97	796.4	29
1041.57	1052.65	29
1101.73	1300.84	29
1078.64	1555.01	29
1804.91	1819.73	29
1421.04	2089.69	29
2328.72	2347.06	29
0.3	0.28	29
0.37	0.34	29
0.45	0.47	29
0.69	0.67	29
1.06	0.85	29
1.23	1.55	29
1.89	1.84	29
3.02	3.01	29
3.83	3.16	29
3.27	3.79	29
3.65	3.15	29
4.26	3.95	29
5.77	6.02	29
7.44	8.86	29
12.67	11.91	29
25.9	17.93	29
35.46	39.24	29
93.78	71.01	29
135.12	133.99	29
269.63	269.16	29
529.73	530.46	29
1036.89	1035.01	29
1564.5	1573.1	29
3654.28	2153.24	29
2727.4	2727.01	29
3309.88	3313.36	29
5201.97	3893.56	29
4472.15	4474.5	29
5053.75	5053.3	29
0.25	0.23	29
0.27	0.3	29
0.4	0.37	29
0.54	0.46	29
0.69	0.77	29
1.31	1.15	29
1.47	1.57	29
1.76	2.35	29
2.3	2.46	29
3.03	2.85	29
3.22	2.81	29
3.61	3.26	29
4.69	4.17	29
4.8	5.93	29
7.06	8.46	29
11.67	13.37	29
20.45	20.82	29
35.45	38.51	29
55.56	76.12	29
116.73	144.3	29
230.82	286.12	29
443.02	508.05	29
650.63	757.22	29
877.54	1011.13	29
1250.06	1232.87	29
1279.12	1484.19	29
1731.85	1719.08	29
1702.85	1982.68	29
2237.62	2205.62	29
0.3	0.28	29
0.36	0.32	29
0.42	0.42	29
0.56	0.57	29
1.05	0.8	29
1.29	1.35	29
1.83	2.24	29
2.57	2.43	29
2.88	3.4	29
4.04	3.54	29
3.72	3.45	29
4.7	4.56	29
5.63	6.36	29
6.73	8.82	29
11.59	10.97	29
24.27	20.3	29
45.83	38.95	29
67.15	70.57	29
131.22	131.32	29
262.2	258.81	29
513.76	511.12	29
988.69	983.27	29
2023.44	1496.1	29
2041.89	2065.84	29
2608.27	2628.17	29
3171.47	3172.29	29
3743.56	3742.75	29
4307.05	4282.76	29
6573.32	4850.6	29
0.25	0.28	30
0.32	0.31	30
0.4	0.4	30
0.59	0.62	30
0.91	0.9	30
1.72	1.39	30
1.95	1.59	30
2.46	3.43	30
2.71	2.12	30
3.94	3.54	30
3.7	4.05	30
5.17	3.46	30
4.85	5.09	30
6.77	6.08	30
9.21	8.86	30
15.35	16.35	30
24.29	28.42	30
49.01	54.76	30
95.89	106.03	30
187.11	206.6	30
412.25	413.73	30
723.12	800.89	30
1068.07	1193.79	30
1418.71	1579.55	30
1768.0	1965.55	30
2114.79	2364.94	30
2456.54	2733.13	30
2803.17	3134.6	30
2824.78	3542.88	30
0.24	0.24	30
0.3	0.32	30
0.42	0.41	30
0.64	0.51	30
0.84	0.98	30
1.33	1.5	30
2.13	1.63	30
2.48	2.86	30
3.27	3.1	30
2.83	3.09	30
4.33	3.92	30
3.68	4.07	30
5.71	4.45	30
7.54	8.03	30
12.67	10.2	30
18.71	19.57	30
45.34	34.69	30
63.75	64.39	30
125.34	128.11	30
243.27	242.57	30
483.6	481.82	30
938.04	937.7	30
1880.3	1390.96	30
1831.26	1831.48	30
2263.88	2264.16	30
2717.99	2718.73	30
3193.4	3186.29	30
3692.21	3694.02	30
5680.12	4199.74	30
0.26	0.24	30
0.29	0.32	30
0.37	0.39	30
0.51	0.48	30
0.82	0.82	30
1.4	1.25	30
1.49	1.76	30
2.7	1.91	30
2.38	2.23	30
3.48	3.17	30
3.53	3.47	30
4.15	3.97	30
4.23	5.06	30
5.94	6.22	30
9.23	10.4	30
16.78	17.36	30
26.93	27.53	30
54.84	56.36	30
100.48	104.36	30
186.65	219.81	30
398.57	399.75	30
596.16	741.05	30
1005.91	1134.97	30
1324.2	1450.4	30
1848.03	1824.44	30
2234.61	2211.27	30
2293.16	2550.03	30
2630.0	2908.87	30
3308.37	3256.61	30
0.26	0.25	30
0.31	0.28	30
0.4	0.41	30
0.59	0.59	30
1.17	0.98	30
1.47	1.38	30
2.46	1.97	30
2.52	2.38	30
3.07	2.36	30
3.54	2.76	30
4.41	3.47	30
5.88	5.33	30
5.33	6.28	30
9.01	7.84	30
12.22	18.16	30
22.56	22.78	30
55.23	37.0	30
63.85	64.04	30
162.39	123.8	30
408.68	241.1	30
473.36	472.8	30
1192.05	876.62	30
1748.57	1277.73	30
2246.13	1726.08	30
2130.14	2114.4	30
2534.89	2539.7	30
2973.04	2995.49	30
3605.62	3605.3	30
4115.61	4112.92	30
0.26	0.35	31
0.35	0.32	31
0.49	0.43	31
0.54	0.55	31
1.0	1.03	31
1.32	1.59	31
1.56	2.65	31
2.94	3.27	31
3.52	2.87	31
3.78	3.69	31
3.83	3.17	31
4.11	4.08	31
6.37	5.37	31
7.75	8.04	31
10.12	12.21	31
18.4	19.17	31
45.04	34.63	31
63.48	62.82	31
124.46	127.17	31
247.16	245.45	31
657.36	488.63	31
948.84	951.09	31
2395.94	1411.64	31
1872.39	1872.65	31
2330.0	2330.56	31
2781.25	2779.78	31
3196.44	3205.7	31
4918.27	3635.66	31
4079.62	4082.03	31
0.28	0.25	31
0.32	0.28	31
0.39	0.41	31
0.64	0.7	31
0.92	1.06	31
1.34	1.59	31
1.93	2.05	31
3.2	2.29	31
2.87	3.55	31
2.9	2.45	31
4.51	3.78	31
3.59	4.5	31
4.34	4.73	31
5.7	6.38	31
8.99	9.25	31
15.28	16.11	31
23.85	28.59	31
44.69	55.32	31
106.7	105.84	31
205.15	207.6	31
370.27	408.57	31
638.91	801.05	31
948.03	1185.44	31
1418.63	1577.86	31
1973.04	1973.69	31
1884.74	2356.81	31
2767.78	2754.13	31
3135.52	3199.91	31
3186.31	3540.37	31
0.24	0.22	31
0.3	0.28	31
0.36	0.36	31
0.53	0.52	31
0.71	0.77	31
1.39	1.27	31
1.98	1.97	31
2.31	1.8	31
2.73	3.08	31
2.52	3.06	31
4.2	3.67	31
3.89	3.72	31
5.43	4.25	31
6.42	7.3	31
10.47	10.28	31
15.14	16.45	31
36.27	27.26	31
51.87	49.88	31
96.28	95.48	31
187.08	182.55	31
511.16	372.61	31
716.02	718.76	31
1059.68	1064.24	31
1401.78	1404.07	31
1851.13	1853.34	31
2222.44	2328.96	31
2697.43	2686.97	31
4198.13	3070.51	31
3471.14	3474.15	31
0.28	0.27	31
0.34	0.33	31
0.47	0.44	31
0.58	0.6	31
1.11	0.94	31
1.47	1.62	31
1.85	2.22	31
2.86	2.35	31
3.31	3.09	31
3.42	3.28	31
4.08	4.28	31
4.02	4.78	31
5.2	5.54	31
7.14	7.45	31
11.28	10.26	31
16.85	15.63	31
26.15	29.95	31
55.98	56.31	31
94.27	108.63	31
201.76	215.82	31
322.45	414.65	31
702.53	794.18	31
830.33	1174.46	31
1391.26	1527.92	31
1554.2	1913.39	31
1846.91	2363.16	31
2418.84	2717.82	31
2738.31	3056.21	31
3431.43	3482.5	31
0.28	0.27	32
0.3	0.4	32
0.4	0.4	32
0.58	0.59	32
1.01	0.83	32
1.07	1.14	32
1.53	1.86	32
2.7	3.11	32
3.31	2.87	32
3.76	3.32	32
4.82	2.64	32
5.48	3.95	32
5.85	6.13	32
8.44	8.62	32
12.75	16.21	32
20.01	24.19	32
35.53	36.76	32
69.64	72.07	32
130.25	135.71	32
522.41	262.24	32
508.94	511.87	32
1325.13	984.01	32
1457.36	1456.14	32
2602.14	1937.98	32
3232.63	2401.95	32
2871.99	2878.55	32
3340.4	3342.79	32
3815.94	3814.74	32
4284.43	4284.36	32
0.26	0.27	32
0.28	0.32	32
0.41	0.42	32
0.58	0.6	32
0.67	0.8	32
1.63	1.5	32
2.35	2.33	32
2.75	3.34	32
3.95	2.02	32
4.05	3.39	32
3.47	3.41	32
3.44	3.7	32
4.45	4.18	32
5.33	4.87	32
6.42	7.67	32
12.72	11.58	32
20.76	20.35	32
33.11	38.52	32
61.1	70.95	32
116.55	139.65	32
272.98	275.46	32
537.17	525.39	32
790.56	781.25	32
885.1	1047.55	32
1293.8	1296.54	32
1544.53	1576.45	32
1809.99	1813.7	32
2083.54	2098.92	32
2305.7	2330.93	32
0.23	0.24	32
0.25	0.28	32
0.39	0.35	32
0.54	0.48	32
0.76	0.77	32
1.29	1.13	32
1.5	1.94	32
1.9	2.06	32
2.26	2.94	32
3.1	3.34	32
3.89	3.65	32
4.31	3.95	32
6.13	4.48	32
8.13	7.52	32
13.08	11.21	32
17.81	16.47	32
33.11	30.73	32
77.31	57.0	32
150.73	116.93	32
292.77	221.4	32
434.81	441.3	32
823.93	833.9	32
1222.86	1213.38	32
2241.64	1598.91	32
2028.42	1981.31	32
2394.42	2381.47	32
2769.97	2765.77	32
3141.58	3166.5	32
4928.05	3585.83	32
0.23	0.24	32
0.3	0.28	32
0.38	0.4	32
0.6	0.5	32
0.78	0.85	32
1.32	1.49	32
2.1	1.74	32
2.64	2.25	32
2.62	3.27	32
3.49	2.2	32
3.18	3.55	32
3.38	3.79	32
4.24	4.59	32
5.6	5.39	32
7.65	8.52	32
12.7	14.22	32
20.68	23.02	32
41.27	38.3	32
85.08	73.48	32
137.58	143.97	32
232.03	287.39	32
523.09	511.27	32
654.43	766.24	32
885.57	1031.39	32
1268.76	1242.97	32
1502.05	1499.99	32
1793.62	1730.53	32
1975.71	1983.1	32
2249.5	2213.71	32
0.33	0.34	33
0.37	0.36	33
0.53	0.55	33
0.83	0.78	33
0.99	1.4	33
1.23	1.04	33
1.29	1.69	33
2.0	2.19	33
2.79	2.82	33
3.96	3.0	33
4.67	4.25	33
5.56	6.19	33
9.0	8.34	33
14.04	14.75	33
25.73	26.09	33
48.06	47.13	33
89.49	89.4	33
172.79	175.49	33
254.95	251.79	33
332.43	336.47	33
418.69	415.85	33
494.8	502.08	33
580.66	581.34	33
664.69	664.35	33
739.03	738.98	33
0.32	0.34	33
0.4	0.42	33
0.58	0.55	33
0.79	0.7	33
1.2	1.28	33
1.25	1.01	33
1.97	2.19	33
2.23	2.1	33
3.02	3.32	33
4.85	4.69	33
6.4	7.1	33
11.25	11.23	33
19.71	18.77	33
35.69	35.92	33
67.16	68.44	33
128.92	129.5	33
249.6	251.33	33
474.6	479.0	33
692.58	699.04	33
920.84	912.48	33
1137.66	1137.75	33
1366.3	1361.66	33
1589.79	1588.72	33
1814.88	1815.3	33
2039.39	2035.25	33
0.37	0.35	33
0.4	0.32	33
0.44	0.55	33
0.69	0.65	33
1.03	0.86	33
1.18	1.25	33
1.72	1.6	33
1.72	2.0	33
2.68	2.75	33
3.13	3.37	33
4.14	4.26	33
5.51	5.84	33
8.32	8.81	33
14.9	13.97	33
25.54	23.63	33
47.28	47.53	33
87.7	87.01	33
160.75	167.5	33
241.21	237.28	33
302.48	304.44	33
390.31	379.78	33
468.29	460.81	33
562.29	535.08	33
619.15	602.1	33
686.82	678.02	33
0.35	0.36	33
0.37	0.38	33
0.48	0.45	33
0.79	0.82	33
1.07	1.2	33
1.14	1.28	33
1.55	1.94	33
1.94	2.28	33
3.73	3.07	33
4.31	4.5	33
5.87	7.07	33
10.37	10.3	33
17.64	17.86	33
32.68	33.63	33
61.92	64.54	33
116.41	121.11	33
231.16	235.02	33
435.36	437.5	33
633.87	639.04	33
818.52	816.26	33
1023.67	1010.38	33
1227.87	1224.65	33
1440.11	1434.72	33
1638.48	1643.34	33
1820.79	1819.69	33
0.36	0.29	34
0.38	0.43	34
0.52	0.5	34
0.71	0.76	34
1.09	0.96	34
1.2	1.39	34
1.96	1.66	34
1.85	1.91	34
3.2	3.04	34
4.21	4.15	34
6.35	6.22	34
10.33	9.89	34
18.02	17.35	34
34.22	32.71	34
64.03	63.71	34
124.42	126.16	34
246.79	248.01	34
480.78	480.46	34
709.56	714.15	34
939.81	940.84	34
1177.02	1173.11	34
1405.77	1406.85	34
1641.8	1643.91	34
1870.81	1873.62	34
2103.13	2105.89	34
0.39	0.33	34
0.39	0.52	34
0.51	0.48	34
0.78	0.78	34
1.19	1.0	34
1.56	1.42	34
1.54	1.65	34
2.21	2.03	34
2.78	2.76	34
3.32	3.61	34
4.67	4.2	34
6.32	6.8	34
10.0	10.01	34
17.26	17.71	34
30.37	30.32	34
57.32	57.11	34
111.01	111.48	34
215.11	213.88	34
313.89	316.23	34
418.61	420.51	34
517.93	521.37	34
644.72	647.84	34
760.66	765.46	34
873.07	869.86	34
985.74	981.52	34
0.27	0.33	34
0.33	0.31	34
0.39	0.41	34
0.64	0.6	34
0.84	1.21	34
1.09	1.29	34
1.38	1.4	34
1.76	1.65	34
2.63	2.8	34
3.28	3.54	34
6.11	5.4	34
8.67	8.71	34
16.13	15.32	34
29.81	29.18	34
56.53	55.05	34
106.95	109.49	34
215.28	209.56	34
420.26	410.29	34
617.97	611.18	34
800.17	812.86	34
993.04	1014.92	34
1189.52	1237.18	34
1466.93	1441.76	34
1624.57	1643.01	34
1831.76	1864.12	34
0.32	0.28	34
0.36	0.34	34
0.54	0.52	34
0.7	0.64	34
0.87	1.01	34
1.33	1.52	34
1.34	1.36	34
1.9	1.9	34
2.6	2.38	34
3.02	2.99	34
4.01	4.08	34
5.79	5.94	34
8.94	8.97	34
15.3	15.35	34
27.94	27.51	34
50.96	49.32	34
95.83	95.97	34
181.33	184.41	34
269.05	270.76	34
351.49	350.83	34
448.0	439.0	34
529.2	534.57	34
629.82	627.65	34
721.28	717.36	34
812.28	815.48	34
0.31	0.33	35
0.39	0.39	35
0.48	0.52	35
0.62	0.84	35
1.03	1.26	35
1.14	1.42	35
1.61	1.4	35
1.85	2.1	35
3.48	3.62	35
3.31	3.84	35
4.23	4.5	35
6.51	6.68	35
10.97	10.29	35
17.61	16.97	35
31.23	32.3	35
60.35	59.99	35
116.65	116.27	35
222.13	222.31	35
326.57	326.21	35
434.15	434.4	35
544.16	544.29	35
656.7	654.21	35
763.21	762.26	35
874.5	875.96	35
980.86	986.04	35
0.35	0.3	35
0.4	0.35	35
0.52	0.5	35
0.69	0.77	35
0.98	0.89	35
1.81	1.56	35
1.58	1.84	35
2.26	1.94	35
3.6	3.22	35
4.24	4.37	35
6.83	6.1	35
9.7	10.25	35
17.0	16.41	35
30.89	32.42	35
59.28	58.87	35
116.07	115.87	35
229.97	226.6	35
442.06	440.34	35
657.59	654.8	35
864.09	866.36	35
1074.34	1077.04	35
1295.73	1287.73	35
1507.76	1508.15	35
1722.63	1714.22	35
1936.64	1934.23	35
0.32	0.27	35
0.35	0.3	35
0.48	0.42	35
0.69	0.62	35
1.04	0.98	35
0.96	1.37	35
2.19	1.73	35
1.53	1.48	35
2.35	2.45	35
3.1	2.98	35
4.25	3.69	35
5.93	5.64	35
8.53	8.4	35
15.59	13.54	35
25.2	25.25	35
46.64	46.41	35
88.46	90.07	35
168.85	165.88	35
255.68	243.83	35
323.42	325.85	35
399.48	402.15	35
487.64	484.81	35
563.09	571.73	35
655.99	643.02	35
739.81	728.14	35
0.3	0.28	35
0.3	0.31	35
0.45	0.43	35
0.76	0.7	35
1.03	1.11	35
1.22	1.24	35
1.68	1.21	35
2.16	2.02	35
2.77	2.33	35
3.89	3.66	35
5.66	5.84	35
8.39	8.96	35
15.75	14.77	35
28.55	29.74	35
56.5	54.72	35
103.45	102.72	35
207.19	206.07	35
408.42	391.49	35
581.18	581.03	35
783.67	784.04	35
961.33	965.22	35
1156.08	1146.19	35
1345.63	1345.36	35
1524.71	1524.36	35
1744.25	1727.1	35
0.25	0.28	36
0.35	0.34	36
0.48	0.41	36
0.72	0.71	36
0.9	1.1	36
1.05	1.55	36
1.37	1.66	36
2.11	2.1	36
3.24	3.21	36
4.38	4.08	36
6.04	6.49	36
9.97	9.78	36
17.67	18.17	36
33.07	33.06	36
62.05	61.95	36
118.5	118.35	36
233.85	235.31	36
454.48	452.97	36
676.61	674.69	36
900.4	901.05	36
1121.55	1125.64	36
1344.11	1347.59	36
1573.11	1571.03	36
1792.94	1793.98	36
2018.02	2009.1	36
0.34	0.37	36
0.38	0.39	36
0.46	0.57	36
0.75	0.69	36
1.06	1.13	36
1.08	1.15	36
1.9	1.79	36
1.87	1.89	36
2.83	3.12	36
3.3	2.98	36
3.83	4.27	36
5.34	5.53	36
8.38	9.0	36
14.73	14.73	36
25.51	25.94	36
46.01	48.48	36
88.67	90.03	36
174.3	171.65	36
254.04	254.1	36
339.66	339.12	36
413.01	418.3	36
505.29	500.03	36
594.05	584.11	36
659.05	677.71	36
742.45	740.84	36
0.27	0.27	36
0.36	0.33	36
0.43	0.42	36
0.71	0.58	36
0.87	0.93	36
1.34	1.38	36
1.57	1.49	36
1.61	2.15	36
2.7	2.23	36
3.45	3.81	36
5.61	5.31	36
9.38	9.24	36
16.17	16.11	36
28.75	28.51	36
54.62	54.68	36
107.05	106.62	36
207.57	209.46	36
391.82	399.51	36
587.21	574.96	36
767.43	775.9	36
964.94	967.33	36
1140.49	1135.77	36
1330.49	1323.21	36
1504.97	1517.22	36
1704.64	1691.26	36
0.34	0.28	36
0.35	0.28	36
0.44	0.45	36
0.63	0.71	36
1.07	1.13	36
1.22	1.18	36
1.22	1.55	36
2.33	2.07	36
3.07	2.31	36
3.14	3.45	36
4.04	3.82	36
5.37	5.74	36
8.1	8.61	36
13.34	15.1	36
25.02	25.54	36
43.59	44.27	36
86.65	89.83	36
160.74	161.19	36
254.36	239.75	36
305.78	315.4	36
396.87	390.75	36
455.54	461.17	36
530.43	529.7	36
616.14	602.21	36
690.19	680.05	36
0.29	0.33	37
0.36	0.3	37
0.38	0.34	37
0.29	0.34	37
0.39	0.32	37
0.45	0.41	37
0.42	0.39	37
0.47	0.48	37
0.55	0.63	37
0.66	0.63	37
0.81	0.78	37
1.09	0.99	37
1.55	1.56	37
2.58	2.43	37
4.63	4.56	37
7.73	8.05	37
14.34	14.12	37
24.81	25.51	37
48.23	48.06	37
94.36	93.0	37
177.97	177.48	37
269.04	263.75	37
348.36	350.98	37
433.29	434.78	37
517.79	517.64	37
575.29	599.21	37
688.56	687.44	37
775.56	771.46	37
0.31	0.33	37
0.32	0.31	37
0.34	0.34	37
0.34	0.35	37
0.38	0.38	37
0.35	0.4	37
0.46	0.39	37
0.56	0.53	37
0.56	0.56	37
0.86	0.62	37
1.6	1.36	37
2.4	1.8	37
4.07	3.81	37
7.14	7.9	37
13.68	15.26	37
27.69	25.97	37
57.82	58.82	37
116.5	106.65	37
228.58	203.72	37
533.5	402.41	37
785.48	784.81	37
1189.66	1160.43	37
1541.12	1544.57	37
1922.7	1925.24	37
2301.3	2301.64	37
2689.07	2684.21	37
3059.5	3058.82	37
3441.82	3435.77	37
0.23	0.26	37
0.27	0.24	37
0.31	0.27	37
0.28	0.33	37
0.3	0.27	37
0.34	0.28	37
0.38	0.36	37
0.47	0.42	37
0.46	0.53	37
0.6	0.59	37
0.76	0.79	37
1.11	1.09	37
1.73	1.65	37
2.82	2.84	37
5.11	4.46	37
8.58	8.4	37
14.59	14.03	37
27.82	23.94	37
49.25	54.32	37
96.2	109.99	37
169.55	181.21	37
268.78	248.66	37
356.07	334.53	37
404.03	412.6	37
549.57	481.51	37
578.52	558.73	37
645.8	648.81	37
731.53	733.66	37
0.29	0.31	37
0.3	0.31	37
0.27	0.35	37
0.31	0.32	37
0.32	0.29	37
0.38	0.34	37
0.34	0.35	37
0.44	0.43	37
0.64	0.64	37
0.86	0.84	37
1.32	1.15	37
2.08	2.4	37
3.94	3.6	37
7.12	7.33	37
19.5	14.61	37
27.48	29.78	37
53.46	63.77	37
117.62	107.88	37
214.91	214.32	37
423.44	419.76	37
813.97	819.32	37
1193.45	1237.02	37
1598.64	1583.92	37
2043.22	2042.73	37
2389.3	2378.94	37
2758.32	2782.21	37
3155.21	3148.66	37
3560.62	3528.08	37
0.32	0.27	38
0.27	0.27	38
0.29	0.27	38
0.32	0.3	38
0.37	0.34	38
0.37	0.34	38
0.4	0.35	38
0.44	0.36	38
0.58	0.52	38
0.61	0.63	38
0.86	0.99	38
1.48	1.65	38
2.52	2.4	38
4.73	4.2	38
8.83	9.36	38
18.09	18.0	38
33.78	33.29	38
64.98	66.86	38
126.48	128.39	38
256.3	253.07	38
487.74	486.98	38
731.85	729.49	38
944.41	953.56	38
1189.03	1189.52	38
1424.21	1437.27	38
1676.05	1676.03	38
1907.57	1910.17	38
2136.2	2146.54	38
0.34	0.26	38
0.26	0.29	38
0.31	0.23	38
0.3	0.32	38
0.27	0.32	38
0.32	0.36	38
0.41	0.35	38
0.47	0.54	38
0.61	0.62	38
0.84	0.87	38
1.43	1.29	38
2.33	1.94	38
4.02	4.32	38
6.29	5.67	38
14.62	11.82	38
23.56	28.99	38
56.96	46.34	38
111.52	92.87	38
218.69	181.75	38
363.06	362.74	38
709.85	851.18	38
1053.12	1473.88	38
1392.2	1392.59	38
1730.98	1749.17	38
2071.34	2112.37	38
2417.54	2418.01	38
3355.5	2749.46	38
3125.1	3089.27	38
0.25	0.23	38
0.26	0.26	38
0.3	0.27	38
0.28	0.25	38
0.29	0.29	38
0.31	0.33	38
0.34	0.33	38
0.39	0.37	38
0.53	0.49	38
0.64	0.56	38
0.91	0.89	38
1.43	1.47	38
2.46	2.25	38
4.49	4.64	38
8.36	8.66	38
16.95	16.44	38
33.57	30.34	38
60.22	57.7	38
120.22	114.45	38
219.64	212.18	38
421.3	437.61	38
655.16	622.34	38
800.8	816.61	38
1011.72	1066.48	38
1203.02	1198.48	38
1406.19	1395.92	38
1760.87	1608.55	38
1907.28	1809.54	38
0.27	0.26	38
0.25	0.27	38
0.29	0.3	38
0.31	0.3	38
0.25	0.36	38
0.32	0.31	38
0.35	0.41	38
0.55	0.54	38
0.75	0.76	38
0.89	0.87	38
1.66	1.45	38
2.32	1.69	38
3.14	3.54	38
6.47	5.22	38
14.57	11.91	38
31.93	24.08	38
47.79	47.33	38
111.57	94.57	38
284.25	234.86	38
368.9	363.73	38
849.3	1055.71	38
1045.58	1046.09	38
1677.03	1384.24	38
1732.49	1727.11	38
2035.95	2006.67	38
2325.69	2288.63	38
2602.49	2640.04	38
3146.64	3049.5	38
0.31	0.26	39
0.28	0.28	39
0.29	0.32	39
0.3	0.31	39
0.32	0.31	39
0.36	0.33	39
0.32	0.39	39
0.47	0.46	39
0.58	0.58	39
0.84	0.72	39
1.03	1.42	39
1.87	1.73	39
2.99	2.67	39
4.88	5.37	39
12.0	9.98	39
20.38	24.34	39
50.31	40.55	39
79.61	98.05	39
192.43	156.92	39
311.92	312.8	39
607.43	608.17	39
1119.79	963.79	39
1314.28	1443.37	39
1468.95	1468.99	39
1756.58	1754.86	39
2068.09	2040.71	39
2346.14	2345.16	39
2671.12	2702.87	39
0.29	0.33	39
0.3	0.29	39
0.35	0.33	39
0.29	0.28	39
0.25	0.31	39
0.41	0.34	39
0.35	0.41	39
0.39	0.45	39
0.46	0.53	39
0.66	0.65	39
0.92	0.84	39
1.53	1.44	39
2.38	2.28	39
4.34	4.37	39
8.42	7.79	39
16.18	16.65	39
30.28	31.24	39
59.95	59.7	39
118.93	117.35	39
231.68	230.79	39
450.33	455.87	39
673.94	674.07	39
893.25	891.22	39
1109.82	1112.44	39
1330.34	1332.08	39
1549.74	1549.2	39
1768.18	1766.54	39
1988.25	1991.68	39
0.25	0.27	39
0.26	0.25	39
0.24	0.25	39
0.3	0.25	39
0.28	0.28	39
0.29	0.33	39
0.36	0.32	39
0.43	0.45	39
0.53	0.67	39
0.83	0.76	39
1.26	1.08	39
1.74	1.66	39
2.82	3.61	39
5.03	5.02	39
9.74	11.89	39
29.33	18.4	39
36.95	44.95	39
71.01	91.98	39
139.46	184.84	39
279.94	287.35	39
534.84	525.97	39
787.5	869.07	39
1040.14	1038.12	39
1327.31	1314.18	39
1550.12	1666.5	39
1824.69	1809.95	39
2027.81	2054.34	39
2337.54	2371.5	39
0.32	0.25	39
0.24	0.26	39
0.25	0.28	39
0.28	0.25	39
0.28	0.24	39
0.31	0.31	39
0.33	0.39	39
0.44	0.47	39
0.55	0.51	39
0.69	0.66	39
0.79	0.89	39
1.57	1.65	39
2.63	2.47	39
4.47	5.05	39
9.06	8.38	39
16.94	15.6	39
34.56	32.24	39
58.78	60.79	39
112.39	120.6	39
243.84	216.62	39
478.11	482.55	39
697.35	633.44	39
842.69	907.57	39
1036.14	1050.13	39
1289.06	1264.0	39
1452.08	1457.96	39
1684.61	1673.08	39
1868.08	1899.84	39
0.27	0.25	40
0.32	0.3	40
0.24	0.28	40
0.33	0.25	40
0.31	0.25	40
0.3	0.29	40
0.34	0.38	40
0.36	0.41	40
0.53	0.55	40
0.82	0.68	40
0.95	1.03	40
1.99	1.89	40
4.14	3.14	40
5.71	6.06	40
11.94	11.66	40
24.54	24.37	40
48.75	63.74	40
126.24	97.21	40
195.78	215.75	40
400.54	398.25	40
785.09	785.04	40
1245.01	1251.9	40
1555.39	1552.55	40
1930.63	1936.38	40
2425.17	2318.38	40
2711.99	2690.66	40
3073.57	3072.4	40
3456.54	3451.49	40
0.24	0.25	40
0.24	0.22	40
0.24	0.26	40
0.24	0.25	40
0.25	0.27	40
0.3	0.26	40
0.26	0.31	40
0.4	0.41	40
0.51	0.57	40
0.76	0.77	40
1.02	1.24	40
1.83	1.87	40
3.67	3.26	40
7.29	5.73	40
14.29	17.53	40
23.96	23.88	40
46.68	56.38	40
116.45	93.91	40
200.06	218.75	40
468.41	365.91	40
704.16	703.85	40
1049.42	1063.44	40
1453.73	1432.83	40
1731.34	1717.87	40
2041.06	2071.86	40
2371.08	2380.69	40
2749.51	2734.44	40
3028.95	3076.44	40
0.24	0.24	40
0.23	0.26	40
0.3	0.28	40
0.27	0.26	40
0.3	0.23	40
0.28	0.22	40
0.34	0.29	40
0.38	0.44	40
0.5	0.47	40
0.6	0.62	40
0.82	0.76	40
1.16	1.12	40
1.77	1.59	40
2.71	2.72	40
5.27	5.03	40
8.81	8.57	40
13.59	14.66	40
28.24	27.7	40
57.24	51.03	40
88.44	92.51	40
171.03	191.63	40
278.99	260.2	40
348.2	332.38	40
411.09	406.01	40
489.78	484.7	40
560.03	579.53	40
664.1	655.95	40
714.93	724.21	40
