0.56	0.56	1
0.73	0.71	1
0.78	1.1	1
1.17	1.06	1
1.22	1.1	1
1.55	1.25	1
1.42	1.52	1
1.33	1.76	1
2.29	1.9	1
2.25	2.64	1
3.04	3.15	1
4.43	5.05	1
7.31	9.34	1
12.03	12.66	1
20.89	23.01	1
38.94	50.29	1
73.09	81.66	1
146.02	224.18	1
278.1	439.87	1
412.36	365.35	1
558.73	730.73	1
814.45	596.47	1
810.86	1270.32	1
950.8	1051.73	1
1091.73	1447.91	1
1227.53	1628.35	1
0.6	0.58	1
0.72	0.93	1
1.14	1.05	1
1.27	1.28	1
1.6	1.34	1
1.47	1.31	1
1.94	1.8	1
2.69	2.27	1
3.16	3.02	1
3.85	4.6	1
8.88	7.01	1
14.84	11.82	1
28.13	21.95	1
46.89	38.31	1
91.56	89.98	1
209.8	116.06	1
417.57	290.32	1
833.58	455.94	1
1632.71	1122.79	1
2056.62	2026.43	1
3254.38	1782.45	1
4114.24	3445.28	1
4982.31	3451.44	1
4963.12	4896.5	1
6700.49	4639.73	1
7537.89	4131.33	1
0.58	0.53	1
0.72	0.67	1
0.94	0.83	1
1.01	1.23	1
1.42	1.29	1
1.6	1.58	1
1.43	1.43	1
1.46	1.56	1
2.26	2.01	1
2.39	2.35	1
3.49	3.79	1
6.19	5.13	1
11.14	10.42	1
19.79	13.8	1
39.05	34.56	1
70.22	45.46	1
116.21	101.83	1
285.92	164.81	1
422.49	369.08	1
590.94	460.8	1
767.52	866.11	1
987.23	755.49	1
1216.03	1264.1	1
1306.92	1309.93	1
1504.46	1456.42	1
1686.75	1383.03	1
0.6	0.55	1
0.8	0.84	1
1.02	1.09	1
1.16	1.2	1
1.31	1.35	1
1.13	1.72	1
2.05	1.99	1
2.06	2.14	1
3.72	3.73	1
5.03	4.85	1
9.57	8.73	1
16.28	12.26	1
33.57	20.65	1
60.22	41.07	1
104.34	75.37	1
237.61	149.08	1
472.95	296.9	1
897.31	467.67	1
1761.96	1147.47	1
2686.27	1341.99	1
3531.35	1798.08	1
4430.35	2870.17	1
5385.18	3479.02	1
5261.84	4058.87	1
7188.39	5617.36	1
8081.69	7399.7	1
0.69	0.6	2
0.85	1.19	2
1.29	1.04	2
1.35	1.47	2
1.35	1.43	2
1.43	1.78	2
1.66	1.98	2
1.91	1.93	2
2.18	2.44	2
2.77	2.97	2
4.22	4.75	2
6.58	7.51	2
11.25	12.61	2
20.73	21.29	2
39.19	47.65	2
73.26	77.97	2
144.63	180.94	2
287.11	359.08	2
552.14	518.27	2
815.76	951.0	2
1182.73	1247.86	2
1337.86	1406.84	2
1602.65	1504.81	2
1860.77	1947.97	2
2102.05	2464.58	2
2363.09	2746.7	2
0.51	0.59	2
0.67	0.9	2
0.91	1.04	2
1.52	1.34	2
1.82	1.55	2
1.45	1.79	2
1.55	1.67	2
1.89	2.38	2
2.81	2.87	2
4.63	4.29	2
5.8	6.18	2
13.09	12.17	2
25.13	20.86	2
40.13	27.27	2
94.52	51.28	2
184.43	152.48	2
363.8	245.71	2
725.39	487.21	2
1400.73	730.84	2
2076.72	1399.08	2
2758.12	1856.01	2
3426.21	2301.25	2
4097.73	2120.59	2
3997.14	3201.49	2
5427.93	4478.63	2
6107.91	4094.83	2
0.53	0.54	2
0.76	0.78	2
1.05	0.94	2
1.12	1.39	2
1.29	1.31	2
1.41	1.37	2
1.6	1.59	2
1.58	2.02	2
2.17	2.15	2
3.0	3.29	2
4.61	5.01	2
8.18	7.24	2
13.78	13.07	2
26.84	24.98	2
53.22	46.96	2
83.77	73.16	2
171.34	141.8	2
327.28	343.83	2
637.5	599.68	2
1011.6	816.06	2
1296.17	1182.84	2
1576.63	1759.52	2
1842.34	1429.41	2
2147.2	2053.18	2
2494.04	2339.93	2
2812.36	2760.79	2
0.55	0.6	2
0.84	0.82	2
1.03	0.94	2
1.83	1.44	2
1.47	1.3	2
1.33	1.41	2
1.81	1.63	2
2.07	2.27	2
2.81	3.23	2
4.83	4.59	2
9.53	4.96	2
14.47	11.1	2
28.16	15.37	2
47.36	35.55	2
103.07	78.83	2
204.87	153.43	2
394.44	198.43	2
823.25	606.15	2
1523.78	968.69	2
2289.08	1728.0	2
3000.39	1879.14	2
3752.24	2340.57	2
4483.82	2802.71	2
5193.19	3221.49	2
5834.06	3620.92	2
6548.46	5835.92	2
0.53	0.68	3
0.77	0.74	3
0.86	0.91	3
1.52	1.15	3
1.13	1.17	3
1.57	1.4	3
1.62	1.6	3
1.84	1.82	3
2.82	2.27	3
5.25	3.71	3
6.93	6.89	3
12.13	11.92	3
23.97	13.21	3
45.26	31.32	3
88.98	59.78	3
176.31	145.45	3
349.69	235.1	3
695.13	355.87	3
1343.07	1099.33	3
1987.03	1330.12	3
2631.69	1759.01	3
2728.23	1666.29	3
3918.6	1991.67	3
4754.65	3177.41	3
5412.19	4453.99	3
6071.16	4075.41	3
0.63	0.59	3
0.71	0.78	3
1.19	1.24	3
1.17	1.47	3
1.46	1.59	3
1.46	1.31	3
1.48	1.87	3
1.69	1.61	3
1.87	2.67	3
3.38	3.05	3
3.84	4.44	3
6.67	6.52	3
11.36	12.46	3
20.34	21.73	3
38.84	43.31	3
75.2	77.42	3
143.82	166.58	3
285.96	359.12	3
551.03	643.05	3
819.86	945.55	3
1087.02	1261.58	3
1355.97	1564.83	3
1671.47	1912.17	3
1928.51	2232.22	3
2204.85	2309.47	3
2702.36	2867.14	3
0.57	0.49	3
0.68	0.7	3
0.79	0.92	3
1.06	0.9	3
0.94	1.42	3
1.34	1.22	3
1.64	2.02	3
2.24	1.86	3
2.51	2.3	3
4.26	4.34	3
7.53	6.88	3
11.17	9.45	3
21.83	16.23	3
49.73	35.63	3
98.62	80.35	3
200.55	108.79	3
353.63	260.7	3
703.07	422.14	3
1120.58	1004.66	3
2030.15	1215.35	3
2642.71	1226.95	3
2796.25	1993.1	3
4047.12	2402.86	3
4608.25	2119.55	3
5376.26	3163.89	3
5970.65	5260.54	3
0.5	0.5	3
0.73	0.68	3
0.97	1.12	3
1.18	1.22	3
1.38	1.34	3
1.47	1.61	3
1.43	1.92	3
1.97	1.72	3
2.33	2.02	3
2.99	3.34	3
5.06	4.67	3
8.23	6.73	3
14.74	13.78	3
25.03	21.74	3
47.45	37.57	3
93.75	66.07	3
187.56	184.68	3
333.15	303.44	3
662.09	599.97	3
949.71	890.87	3
1256.28	1181.51	3
1621.9	1472.65	3
1842.92	1776.41	3
2216.49	2060.71	3
2482.38	2620.7	3
2734.05	2620.5	3
0.66	0.53	4
0.9	0.79	4
0.93	0.97	4
1.22	1.28	4
1.33	1.44	4
1.52	1.3	4
1.72	1.67	4
2.34	2.12	4
3.03	3.07	4
4.65	5.2	4
8.39	6.68	4
14.88	11.6	4
25.16	19.79	4
54.32	47.4	4
110.23	92.0	4
215.81	150.3	4
428.34	233.44	4
849.56	587.01	4
1651.01	902.4	4
2444.74	1336.98	4
3239.77	2711.24	4
4023.38	2779.51	4
4812.34	4026.38	4
5607.83	4684.69	4
6410.91	3489.22	4
7186.82	6003.7	4
0.62	0.6	4
0.76	0.78	4
1.07	1.07	4
1.14	1.24	4
1.42	1.15	4
1.19	1.75	4
1.4	1.48	4
1.44	1.77	4
1.85	2.04	4
2.32	2.58	4
3.02	3.44	4
4.29	4.79	4
6.76	6.74	4
11.4	12.64	4
21.06	27.29	4
38.93	58.46	4
73.94	97.45	4
144.49	191.82	4
280.19	376.18	4
410.32	548.89	4
546.15	853.08	4
677.11	1076.24	4
809.67	1081.99	4
947.53	1280.55	4
1072.45	1447.15	4
1204.73	1629.23	4
0.54	0.54	4
0.73	0.75	4
1.03	1.07	4
1.13	1.2	4
1.3	1.21	4
1.37	1.38	4
1.56	1.66	4
2.12	1.96	4
2.97	2.6	4
4.49	4.24	4
8.7	5.28	4
14.92	11.35	4
29.39	16.04	4
57.83	28.41	4
113.45	67.61	4
204.4	186.9	4
446.92	260.94	4
868.2	729.56	4
1603.46	993.03	4
2376.48	1476.46	4
3083.07	2786.45	4
3217.38	2423.33	4
4573.89	2243.26	4
5349.87	3364.76	4
6145.56	4677.67	4
5742.59	4302.58	4
0.5	0.49	4
0.64	0.62	4
0.81	1.06	4
1.28	1.11	4
1.52	1.19	4
1.2	1.68	4
1.59	1.36	4
1.49	1.53	4
2.08	2.05	4
2.62	2.73	4
3.66	3.73	4
5.91	5.53	4
9.83	8.92	4
19.47	16.46	4
33.35	34.21	4
71.95	61.43	4
119.09	109.33	4
223.78	189.65	4
411.29	383.64	4
561.8	367.64	4
767.58	728.86	4
991.78	752.79	4
1217.28	720.81	4
1298.28	1290.61	4
1478.86	1192.25	4
1704.84	1881.27	4
0.42	0.39	5
0.56	0.58	5
0.82	0.87	5
1.37	1.3	5
1.69	2.25	5
3.6	2.14	5
3.99	3.04	5
3.9	4.32	5
5.1	4.78	5
6.12	6.18	5
10.35	10.92	5
18.22	18.23	5
34.62	32.81	5
64.25	64.47	5
121.46	120.72	5
218.48	215.52	5
377.35	370.86	5
625.34	625.51	5
871.46	874.45	5
1120.54	1108.57	5
1368.57	1353.97	5
1579.18	1584.09	5
1793.83	1813.28	5
1968.19	2049.77	5
2157.57	2238.88	5
0.38	0.42	5
0.5	0.53	5
0.82	0.85	5
1.27	1.25	5
2.6	2.2	5
2.81	3.73	5
3.33	3.58	5
5.89	5.72	5
8.86	8.54	5
15.37	16.22	5
27.57	27.63	5
52.99	52.74	5
101.6	99.99	5
185.45	186.67	5
324.71	326.4	5
537.78	538.69	5
801.55	798.98	5
1203.42	1211.06	5
1592.41	1589.8	5
1976.95	1973.7	5
2352.67	2336.51	5
2757.33	2709.47	5
3134.94	3063.0	5
3546.42	3407.59	5
3909.22	3764.17	5
0.39	0.38	5
0.5	0.5	5
0.82	0.77	5
1.34	1.32	5
1.87	2.1	5
2.36	2.57	5
2.86	2.24	5
3.31	2.84	5
4.29	4.25	5
6.17	6.77	5
9.52	9.26	5
16.44	16.41	5
29.05	29.17	5
53.22	53.37	5
99.67	98.8	5
177.14	179.15	5
308.55	307.43	5
540.58	540.79	5
760.69	775.28	5
994.68	990.12	5
1244.81	1235.54	5
1492.85	1450.75	5
1699.71	1682.44	5
1889.32	1891.1	5
2100.74	2116.16	5
0.43	0.39	5
0.61	0.57	5
0.89	0.86	5
1.18	1.2	5
1.83	2.29	5
2.88	2.93	5
3.74	4.47	5
5.02	5.24	5
8.21	9.38	5
16.69	14.53	5
27.62	28.66	5
52.77	53.21	5
100.31	99.23	5
178.81	180.29	5
316.83	319.26	5
508.17	508.72	5
750.19	748.51	5
1136.56	1137.27	5
1511.31	1518.28	5
1882.61	1872.8	5
2272.5	2235.15	5
2665.08	2596.42	5
3027.33	2923.06	5
3430.37	3238.24	5
3779.6	3557.88	5
0.42	0.38	6
0.59	0.56	6
0.86	0.89	6
1.34	1.36	6
1.78	2.66	6
2.45	2.89	6
3.66	3.75	6
5.31	5.18	6
9.91	9.09	6
14.72	15.74	6
28.85	28.11	6
52.71	53.92	6
101.12	101.32	6
188.03	186.57	6
335.98	335.68	6
556.61	557.03	6
827.16	825.72	6
1213.37	1217.57	6
1579.91	1581.17	6
1969.88	1960.33	6
2349.97	2337.37	6
2716.81	2751.19	6
3112.77	3124.02	6
3460.53	3475.52	6
3786.47	3848.03	6
0.41	0.43	6
0.58	0.56	6
0.89	0.83	6
1.47	1.53	6
2.48	2.28	6
1.96	3.48	6
2.67	3.27	6
3.23	4.83	6
5.47	4.99	6
7.95	6.57	6
10.85	12.29	6
18.95	18.65	6
35.13	35.8	6
67.6	66.84	6
126.93	124.75	6
223.82	224.01	6
385.56	386.78	6
643.63	634.38	6
881.94	886.08	6
1107.32	1123.71	6
1336.45	1344.21	6
1570.75	1579.48	6
1804.6	1822.68	6
2035.95	2040.79	6
2282.18	2285.89	6
0.34	0.37	6
0.46	0.48	6
0.73	0.76	6
1.13	1.09	6
2.08	2.11	6
2.8	2.5	6
2.97	3.93	6
4.03	4.52	6
6.45	6.84	6
11.23	11.39	6
20.77	20.56	6
37.91	38.35	6
71.25	70.59	6
131.14	127.8	6
230.02	236.75	6
389.69	392.55	6
604.52	605.46	6
956.16	947.77	6
1299.7	1300.3	6
1632.67	1626.59	6
1974.36	1969.34	6
2298.24	2302.34	6
2643.84	2642.82	6
2971.62	2983.28	6
3276.73	3283.37	6
0.42	0.42	6
0.52	0.55	6
0.9	0.75	6
1.35	1.46	6
2.01	1.8	6
2.5	2.46	6
3.11	2.5	6
3.78	4.06	6
4.96	3.89	6
6.28	6.67	6
9.88	10.04	6
18.45	17.91	6
31.82	30.99	6
57.39	58.97	6
104.5	108.54	6
189.49	192.67	6
331.02	324.01	6
565.97	564.59	6
792.82	800.51	6
1015.72	1020.55	6
1240.77	1247.52	6
1489.75	1487.42	6
1719.29	1705.3	6
1953.08	1922.76	6
2199.13	2134.89	6
0.4	0.39	7
0.52	0.49	7
0.91	0.73	7
1.38	1.45	7
2.58	1.91	7
2.53	1.94	7
3.05	2.39	7
2.85	3.75	7
4.98	5.57	7
6.71	5.54	7
11.05	11.04	7
18.95	17.49	7
34.05	33.36	7
63.98	62.03	7
119.76	118.78	7
217.14	211.77	7
377.34	372.82	7
628.0	628.62	7
870.37	868.2	7
1087.27	1095.32	7
1316.95	1329.62	7
1534.89	1565.21	7
1790.0	1796.15	7
2024.65	2041.47	7
2271.08	2268.96	7
0.39	0.4	7
0.63	0.53	7
0.77	0.89	7
1.33	1.44	7
2.45	1.84	7
2.13	3.53	7
3.3	3.71	7
5.14	5.09	7
7.59	8.59	7
14.06	15.06	7
27.7	27.92	7
49.76	50.43	7
96.01	97.75	7
179.34	179.24	7
316.59	316.22	7
532.28	532.42	7
797.0	786.72	7
1183.21	1176.58	7
1565.84	1553.38	7
1929.72	1915.55	7
2305.45	2289.19	7
2664.51	2652.97	7
3018.74	3030.06	7
3358.48	3394.8	7
3674.99	3714.49	7
0.39	0.43	7
0.51	0.52	7
0.73	0.75	7
1.25	1.32	7
1.91	1.8	7
1.8	3.38	7
3.65	2.54	7
3.59	4.01	7
4.22	3.98	7
6.74	7.08	7
9.57	10.26	7
15.83	15.14	7
28.87	28.03	7
54.18	51.9	7
97.94	97.24	7
177.66	178.51	7
309.55	308.78	7
544.91	543.59	7
778.58	770.41	7
999.09	999.62	7
1219.35	1211.75	7
1450.84	1446.02	7
1701.46	1667.75	7
1928.01	1910.63	7
2158.22	2108.39	7
0.36	0.39	7
0.53	0.5	7
0.71	0.76	7
1.17	1.15	7
1.82	1.6	7
2.39	2.43	7
3.15	3.17	7
4.96	4.03	7
6.72	7.97	7
12.92	11.99	7
21.89	21.88	7
41.9	42.11	7
80.05	79.28	7
144.85	145.41	7
260.75	255.47	7
429.11	424.02	7
652.19	648.93	7
996.6	1000.76	7
1354.48	1347.06	7
1691.36	1700.83	7
2044.51	2036.09	7
2396.75	2389.05	7
2761.72	2721.47	7
3084.73	3079.74	7
3414.31	3410.41	7
0.43	0.38	8
0.52	0.51	8
0.84	0.78	8
1.38	1.48	8
2.27	1.91	8
2.79	2.85	8
3.42	3.18	8
5.13	4.31	8
8.59	9.02	8
15.47	15.8	8
27.89	28.34	8
52.72	52.95	8
100.48	99.77	8
184.21	183.86	8
328.37	328.31	8
549.11	550.41	8
812.94	816.44	8
1222.28	1227.88	8
1626.64	1620.88	8
2011.42	2000.13	8
2445.49	2425.09	8
2839.18	2802.82	8
3255.75	3189.35	8
3660.68	3539.36	8
4059.09	3891.86	8
0.42	0.43	8
0.59	0.59	8
0.82	0.88	8
1.32	1.45	8
2.05	2.5	8
2.45	2.5	8
2.48	2.92	8
4.8	4.39	8
4.41	5.55	8
7.5	6.42	8
10.65	10.49	8
21.0	19.68	8
35.38	35.88	8
69.49	66.76	8
120.55	124.49	8
226.12	225.69	8
383.21	381.52	8
637.07	633.6	8
884.5	884.3	8
1121.82	1120.24	8
1352.22	1363.34	8
1573.25	1592.68	8
1769.34	1851.99	8
1982.61	2059.1	8
2181.83	2267.73	8
0.36	0.32	8
0.45	0.48	8
0.75	0.69	8
1.13	1.2	8
1.81	1.48	8
2.61	3.23	8
2.9	3.08	8
3.96	4.31	8
6.54	6.77	8
11.69	11.22	8
20.89	19.41	8
37.65	37.82	8
73.02	70.75	8
130.56	131.91	8
233.81	233.79	8
396.93	391.25	8
603.15	603.84	8
973.69	961.15	8
1323.96	1319.48	8
1663.57	1664.39	8
2039.11	1990.06	8
2378.29	2331.14	8
2766.59	2670.46	8
3123.7	2987.6	8
3482.36	3320.52	8
0.39	0.4	8
0.53	0.47	8
0.74	0.79	8
1.3	1.28	8
1.91	1.51	8
1.92	2.15	8
2.5	2.89	8
3.31	2.53	8
4.07	4.32	8
6.79	6.21	8
9.66	9.26	8
16.2	16.99	8
28.33	29.14	8
53.67	54.48	8
97.38	98.75	8
173.72	177.72	8
306.53	310.32	8
534.37	537.52	8
768.52	771.25	8
987.32	1001.67	8
1221.77	1233.37	8
1464.79	1451.34	8
1670.73	1687.22	8
1869.83	1895.06	8
2068.99	2107.16	8
0.33	0.27	9
0.29	0.28	9
0.33	0.29	9
0.3	0.4	9
0.32	0.34	9
0.37	0.32	9
0.41	0.4	9
0.45	0.43	9
0.49	0.45	9
0.6	0.59	9
0.61	0.63	9
0.85	0.96	9
1.11	1.22	9
1.81	1.86	9
2.84	2.83	9
4.78	4.99	9
7.93	8.29	9
14.7	14.92	9
27.54	27.82	9
49.37	55.65	9
95.47	106.38	9
187.08	192.79	9
274.35	295.53	9
361.31	391.49	9
445.98	492.97	9
530.98	580.9	9
620.68	682.95	9
710.25	768.63	9
802.65	875.03	9
0.28	0.31	9
0.3	0.29	9
0.33	0.32	9
0.31	0.38	9
0.3	0.31	9
0.32	0.34	9
0.39	0.32	9
0.42	0.43	9
0.6	0.54	9
0.7	0.73	9
1.01	1.05	9
2.03	1.56	9
3.36	2.2	9
6.91	4.41	9
12.87	8.24	9
26.11	23.13	9
52.54	39.58	9
105.94	79.24	9
211.69	158.64	9
417.21	312.59	9
828.18	621.5	9
1631.37	1029.36	9
2433.96	1535.54	9
3161.77	1988.11	9
3888.23	2626.38	9
4607.8	2900.5	9
5406.85	3496.85	9
6208.37	3908.8	9
7008.09	4411.5	9
0.25	0.25	9
0.22	0.25	9
0.24	0.26	9
0.27	0.31	9
0.27	0.25	9
0.28	0.29	9
0.29	0.3	9
0.3	0.32	9
0.4	0.39	9
0.53	0.53	9
0.66	0.67	9
0.97	0.87	9
1.42	1.36	9
2.3	2.32	9
3.3	2.63	9
6.19	5.59	9
9.61	9.83	9
19.48	17.91	9
38.41	31.72	9
67.54	54.72	9
166.81	117.47	9
257.62	198.09	9
370.15	313.0	9
471.95	381.25	9
674.99	486.93	9
703.48	550.92	9
803.06	643.99	9
895.5	742.58	9
1052.44	817.84	9
0.26	0.29	9
0.23	0.29	9
0.32	0.3	9
0.28	0.32	9
0.29	0.29	9
0.35	0.34	9
0.38	0.31	9
0.39	0.39	9
0.55	0.45	9
0.7	0.68	9
1.07	0.97	9
1.97	1.46	9
3.87	3.65	9
6.82	4.47	9
15.09	12.48	9
28.6	19.83	9
58.6	43.61	9
119.31	118.53	9
228.33	137.52	9
470.79	335.35	9
900.78	542.35	9
1832.28	1074.61	9
2637.09	1624.21	9
3468.79	2192.2	9
4163.38	2715.36	9
4934.45	2967.55	9
5848.05	3491.74	9
6644.27	4047.25	9
7519.9	4565.18	9
0.26	0.22	10
0.21	0.33	10
0.32	0.3	10
0.36	0.35	10
0.27	0.26	10
0.33	0.32	10
0.37	0.44	10
0.36	0.39	10
0.4	0.42	10
0.58	0.62	10
0.71	0.86	10
0.93	1.06	10
1.56	1.55	10
2.83	2.96	10
4.37	4.41	10
8.67	9.34	10
15.96	16.38	10
30.83	31.24	10
60.91	61.65	10
119.94	122.74	10
236.21	243.41	10
457.88	471.97	10
678.19	704.4	10
903.2	930.13	10
1124.05	1165.88	10
1342.16	1392.03	10
1560.72	1622.87	10
1784.49	1850.3	10
2009.07	2080.37	10
0.27	0.28	10
0.24	0.29	10
0.28	0.29	10
0.26	0.24	10
0.33	0.3	10
0.29	0.26	10
0.32	0.37	10
0.52	0.38	10
0.53	0.5	10
0.88	0.79	10
1.06	0.94	10
2.12	1.66	10
2.53	2.84	10
4.85	3.16	10
10.02	8.39	10
21.44	13.25	10
42.39	31.6	10
85.35	62.58	10
169.7	101.5	10
335.76	247.08	10
670.27	491.99	10
1300.07	789.68	10
1911.56	1242.66	10
2519.91	1516.91	10
3132.92	1878.4	10
3727.06	2235.69	10
4322.12	3232.81	10
4933.15	3057.61	10
5533.22	3492.46	10
0.24	0.24	10
0.25	0.24	10
0.25	0.28	10
0.23	0.29	10
0.27	0.24	10
0.32	0.28	10
0.32	0.35	10
0.35	0.36	10
0.38	0.36	10
0.52	0.5	10
0.66	0.6	10
1.0	1.14	10
1.74	1.56	10
2.84	3.08	10
4.79	5.17	10
9.71	10.17	10
19.37	16.86	10
39.83	35.36	10
72.23	62.38	10
144.76	122.2	10
263.73	222.09	10
470.17	434.05	10
707.8	652.8	10
961.05	893.11	10
1141.14	1060.5	10
1404.16	1270.88	10
1584.05	1533.3	10
1820.51	1656.63	10
2071.92	1867.36	10
0.25	0.24	10
0.28	0.26	10
0.25	0.26	10
0.27	0.28	10
0.27	0.28	10
0.29	0.33	10
0.34	0.31	10
0.42	0.33	10
0.56	0.52	10
0.8	0.63	10
1.35	0.91	10
2.29	2.24	10
3.12	2.14	10
6.69	4.45	10
10.85	7.93	10
24.3	13.83	10
49.51	41.24	10
97.86	69.69	10
194.04	131.17	10
363.92	258.41	10
741.89	430.6	10
1492.06	825.63	10
2063.41	1204.64	10
2739.71	1616.74	10
3480.31	2019.06	10
4079.39	2447.08	10
4610.34	2704.08	10
5297.79	3123.08	10
5835.94	3286.25	10
0.27	0.26	11
0.28	0.26	11
0.26	0.26	11
0.34	0.28	11
0.25	0.28	11
0.31	0.28	11
0.31	0.31	11
0.43	0.48	11
0.54	0.54	11
0.55	0.76	11
0.93	0.93	11
1.62	1.14	11
3.28	3.16	11
6.08	4.82	11
9.75	8.37	11
19.59	18.59	11
43.44	26.31	11
84.43	50.22	11
165.43	99.19	11
328.22	240.98	11
657.99	393.51	11
1274.52	768.35	11
1896.02	1134.8	11
2512.77	1622.47	11
3132.58	2079.23	11
3747.35	2326.39	11
4360.21	2631.72	11
4980.69	3021.15	11
5583.05	3378.41	11
0.26	0.25	11
0.27	0.34	11
0.29	0.27	11
0.28	0.29	11
0.34	0.3	11
0.36	0.33	11
0.31	0.4	11
0.4	0.36	11
0.45	0.41	11
0.53	0.46	11
0.72	0.71	11
1.07	0.91	11
1.51	1.65	11
2.86	2.66	11
4.19	4.43	11
8.42	8.51	11
16.06	16.2	11
31.17	31.87	11
60.22	61.44	11
116.52	121.98	11
234.3	237.13	11
459.56	468.61	11
674.43	699.42	11
888.76	915.14	11
1104.4	1135.65	11
1316.61	1370.69	11
1516.28	1577.87	11
1734.59	1788.39	11
1949.73	2020.09	11
0.23	0.23	11
0.27	0.25	11
0.22	0.26	11
0.25	0.26	11
0.24	0.25	11
0.27	0.27	11
0.31	0.33	11
0.32	0.4	11
0.52	0.5	11
0.67	0.6	11
0.93	0.8	11
1.78	1.27	11
3.16	2.06	11
4.5	3.47	11
8.14	5.69	11
18.44	14.48	11
41.94	23.66	11
81.91	46.54	11
169.03	87.67	11
336.78	175.43	11
667.17	471.0	11
1244.15	675.58	11
1830.06	1039.21	11
2474.27	1465.74	11
3000.62	1677.31	11
3660.11	2069.64	11
4186.92	2281.28	11
4828.16	2695.45	11
5424.63	2947.91	11
0.23	0.26	11
0.22	0.28	11
0.28	0.24	11
0.29	0.27	11
0.26	0.28	11
0.27	0.25	11
0.35	0.34	11
0.34	0.39	11
0.34	0.39	11
0.57	0.5	11
0.78	0.65	11
1.19	1.07	11
1.71	1.66	11
3.17	3.31	11
5.0	5.08	11
9.59	9.61	11
18.48	17.5	11
35.9	32.08	11
66.0	71.23	11
139.67	126.83	11
251.29	235.34	11
500.84	462.08	11
746.7	675.81	11
957.35	886.91	11
1236.08	1098.91	11
1434.13	1312.27	11
1666.92	1617.2	11
1885.04	1763.27	11
2125.19	1947.64	11
0.23	0.26	12
0.27	0.3	12
0.24	0.24	12
0.28	0.35	12
0.27	0.29	12
0.28	0.3	12
0.31	0.33	12
0.39	0.36	12
0.43	0.46	12
0.7	0.6	12
0.9	0.89	12
1.77	1.52	12
3.42	2.19	12
6.36	4.35	12
11.88	8.87	12
23.92	18.96	12
49.19	30.51	12
97.25	84.64	12
194.34	145.34	12
385.57	240.8	12
770.8	481.62	12
1501.44	940.76	12
2221.67	1389.5	12
2944.78	1850.7	12
3669.0	2301.2	12
4394.44	2757.16	12
5114.22	3208.23	12
5835.19	4038.45	12
6560.95	4132.47	12
0.25	0.26	12
0.27	0.28	12
0.33	0.28	12
0.24	0.3	12
0.25	0.3	12
0.33	0.29	12
0.33	0.39	12
0.4	0.36	12
0.47	0.37	12
0.52	0.6	12
0.62	0.58	12
0.8	0.89	12
1.09	1.12	12
1.71	1.82	12
2.68	2.76	12
4.64	4.74	12
8.13	8.67	12
14.66	15.24	12
26.68	27.6	12
49.77	51.04	12
95.8	104.59	12
185.89	202.48	12
274.21	290.45	12
356.95	396.13	12
444.57	488.14	12
532.47	569.94	12
619.32	671.09	12
710.75	781.83	12
800.87	829.58	12
0.23	0.24	12
0.22	0.22	12
0.27	0.24	12
0.25	0.21	12
0.24	0.23	12
0.25	0.23	12
0.31	0.29	12
0.37	0.34	12
0.39	0.43	12
0.64	0.57	12
0.96	0.97	12
1.58	1.16	12
3.12	2.48	12
5.74	3.84	12
11.99	7.2	12
24.99	17.35	12
49.52	41.79	12
98.61	88.59	12
203.11	149.49	12
390.39	289.42	12
772.28	696.71	12
1529.62	877.55	12
2231.06	1888.28	12
2914.88	2136.46	12
3702.61	2142.27	12
4300.87	2548.61	12
5006.47	3081.25	12
5767.49	3442.98	12
6439.36	3903.66	12
0.26	0.26	12
0.27	0.29	12
0.22	0.3	12
0.25	0.29	12
0.24	0.32	12
0.23	0.28	12
0.41	0.31	12
0.41	0.33	12
0.49	0.41	12
0.61	0.53	12
0.65	0.58	12
0.94	1.0	12
1.47	1.28	12
2.12	1.95	12
3.39	2.99	12
6.02	5.48	12
10.35	10.12	12
19.99	19.65	12
37.45	33.05	12
67.07	61.43	12
121.4	120.19	12
301.29	243.78	12
399.87	310.03	12
489.36	393.88	12
606.91	487.53	12
657.98	649.33	12
782.56	633.34	12
939.22	759.0	12
1064.15	832.59	12
0.28	0.28	13
0.32	0.29	13
0.51	0.42	13
0.68	0.66	13
1.07	1.16	13
1.99	1.69	13
2.96	2.89	13
3.17	3.33	13
4.39	4.21	13
6.72	6.47	13
8.66	8.84	13
15.4	14.16	13
24.57	25.0	13
43.17	41.59	13
68.91	70.37	13
109.92	108.73	13
144.61	145.69	13
195.66	199.47	13
307.98	307.73	13
515.55	522.74	13
733.5	734.04	13
949.36	942.19	13
1168.5	1156.51	13
1379.42	1389.14	13
1583.97	1559.35	13
1779.48	1758.38	13
1935.16	1969.59	13
0.24	0.27	13
0.34	0.33	13
0.41	0.4	13
0.61	0.64	13
1.06	1.1	13
1.98	1.88	13
2.77	3.22	13
4.1	2.82	13
5.51	5.14	13
4.75	5.34	13
9.28	10.8	13
16.2	15.15	13
27.43	27.83	13
47.36	48.32	13
82.54	79.9	13
126.09	130.03	13
186.41	184.75	13
282.04	279.95	13
472.69	468.69	13
879.12	836.39	13
1277.39	1198.36	13
1642.26	1567.46	13
2022.37	1921.12	13
2370.57	2291.84	13
2721.21	2641.7	13
3049.19	2991.49	13
3379.99	3281.21	13
0.27	0.27	13
0.32	0.31	13
0.43	0.38	13
0.62	0.61	13
0.96	0.94	13
1.76	1.8	13
2.62	2.66	13
4.46	3.52	13
3.31	3.21	13
3.39	4.42	13
7.72	8.19	13
11.05	11.29	13
21.34	20.57	13
32.4	32.97	13
55.04	55.13	13
85.47	84.88	13
114.74	117.39	13
168.34	166.76	13
262.91	265.15	13
468.78	466.51	13
649.27	671.94	13
862.1	859.03	13
1066.45	1065.29	13
1260.0	1281.99	13
1457.48	1458.01	13
1657.88	1666.09	13
1816.29	1852.48	13
0.26	0.3	13
0.31	0.33	13
0.39	0.41	13
0.58	0.65	13
1.01	0.96	13
1.42	1.54	13
2.23	1.96	13
3.63	3.2	13
3.66	3.63	13
5.28	5.43	13
7.95	7.9	13
12.57	13.53	13
22.37	21.25	13
37.75	37.78	13
62.73	61.56	13
101.51	103.53	13
152.92	153.88	13
243.79	246.65	13
416.62	416.98	13
801.13	748.53	13
1170.05	1068.39	13
1491.86	1396.48	13
1806.55	1743.08	13
2150.5	2042.28	13
2446.52	2352.49	13
2780.23	2666.26	13
3051.77	2960.91	13
0.3	0.28	14
0.34	0.37	14
0.45	0.46	14
0.7	0.74	14
1.13	1.33	14
2.23	1.69	14
2.59	2.49	14
3.71	3.1	14
4.7	6.62	14
6.76	7.64	14
10.16	11.15	14
15.55	15.59	14
28.25	27.1	14
48.93	49.88	14
80.79	80.92	14
129.53	127.14	14
181.49	183.73	14
274.74	269.96	14
440.53	445.43	14
774.5	768.2	14
1113.58	1104.58	14
1443.85	1441.13	14
1778.43	1775.95	14
2109.93	2109.89	14
2467.05	2485.57	14
2787.05	2771.8	14
3071.93	3086.67	14
0.31	0.31	14
0.37	0.36	14
0.48	0.46	14
0.67	0.68	14
1.16	1.09	14
1.82	2.08	14
2.84	3.63	14
3.87	3.36	14
4.35	6.2	14
6.29	6.43	14
9.54	9.96	14
14.11	14.62	14
25.86	26.78	14
43.55	43.37	14
74.0	74.69	14
112.89	113.84	14
153.66	151.73	14
211.55	213.63	14
324.58	328.14	14
592.86	555.64	14
864.6	787.22	14
1104.98	1010.22	14
1317.05	1228.67	14
1530.37	1421.6	14
1743.73	1679.51	14
1951.19	1842.6	14
2128.76	1980.28	14
0.29	0.26	14
0.28	0.3	14
0.41	0.39	14
0.57	0.55	14
0.94	1.01	14
1.68	1.67	14
2.49	2.43	14
3.1	2.74	14
3.16	4.77	14
5.22	4.45	14
8.22	7.31	14
11.77	12.12	14
21.78	20.91	14
36.57	35.81	14
60.29	60.1	14
96.22	94.45	14
142.99	138.44	14
219.9	220.88	14
367.28	367.93	14
660.1	657.41	14
952.22	949.91	14
1256.02	1256.83	14
1558.99	1555.55	14
1881.61	1864.3	14
2173.67	2144.3	14
2436.88	2423.5	14
2727.16	2726.68	14
0.27	0.28	14
0.29	0.32	14
0.41	0.45	14
0.73	0.61	14
1.11	1.13	14
2.16	2.01	14
3.94	3.36	14
5.06	2.49	14
3.97	4.17	14
6.31	6.36	14
9.5	9.28	14
16.29	13.94	14
23.99	25.41	14
41.67	42.37	14
69.27	67.28	14
103.02	102.68	14
135.78	142.76	14
199.58	195.78	14
313.74	306.36	14
589.67	531.67	14
844.28	741.22	14
1053.93	943.33	14
1254.09	1144.44	14
1441.66	1333.48	14
1627.44	1506.24	14
1799.18	1684.83	14
1981.09	1875.99	14
0.33	0.31	15
0.3	0.4	15
0.41	0.43	15
0.63	0.65	15
1.01	1.01	15
1.92	1.97	15
3.21	2.66	15
4.42	3.53	15
3.73	4.33	15
4.42	6.36	15
7.69	9.07	15
14.18	12.97	15
25.39	24.42	15
41.07	40.48	15
68.34	68.21	15
108.49	104.87	15
145.1	146.05	15
203.23	204.01	15
312.61	313.88	15
568.06	548.62	15
824.97	766.97	15
1036.71	993.2	15
1260.62	1204.32	15
1470.94	1414.48	15
1699.06	1631.13	15
1869.49	1840.03	15
2059.03	2055.4	15
0.26	0.27	15
0.32	0.35	15
0.39	0.44	15
0.65	0.63	15
1.09	0.96	15
1.98	1.66	15
3.66	3.01	15
4.15	4.53	15
4.96	5.44	15
6.46	5.82	15
10.72	9.17	15
14.41	15.98	15
25.35	28.37	15
46.94	44.63	15
76.91	77.33	15
122.9	122.37	15
178.35	177.09	15
260.08	262.71	15
435.25	430.92	15
761.78	758.69	15
1097.75	1095.17	15
1453.63	1423.43	15
1771.69	1760.88	15
2107.43	2090.01	15
2462.21	2457.32	15
2763.66	2767.83	15
3065.45	3040.7	15
0.26	0.28	15
0.27	0.29	15
0.37	0.37	15
0.57	0.6	15
0.92	0.85	15
1.66	1.76	15
2.64	2.65	15
2.34	3.42	15
3.29	2.82	15
3.94	4.74	15
7.48	7.35	15
10.84	10.3	15
18.31	19.74	15
32.24	31.97	15
54.42	53.9	15
83.49	81.15	15
117.16	113.6	15
169.08	173.12	15
273.34	268.77	15
514.14	474.4	15
740.55	687.34	15
938.55	876.66	15
1143.41	1070.34	15
1357.07	1267.25	15
1504.74	1469.51	15
1697.08	1643.67	15
1865.25	1849.5	15
0.28	0.33	15
0.3	0.31	15
0.38	0.43	15
0.57	0.59	15
0.92	0.83	15
1.68	1.66	15
2.04	2.8	15
1.89	4.19	15
2.5	4.13	15
5.31	5.55	15
7.01	6.87	15
13.43	12.13	15
22.58	21.53	15
35.39	36.91	15
61.59	58.51	15
95.11	94.88	15
143.55	143.28	15
216.45	219.89	15
381.95	374.57	15
670.81	664.33	15
966.14	964.76	15
1266.92	1266.0	15
1574.57	1580.72	15
1878.23	1863.22	15
2177.49	2175.6	15
2447.37	2455.88	15
2725.57	2708.96	15
0.28	0.27	16
0.29	0.3	16
0.37	0.46	16
0.67	0.63	16
1.14	1.11	16
1.92	2.0	16
3.3	2.95	16
3.65	2.86	16
4.54	4.48	16
4.71	6.32	16
9.05	11.27	16
15.2	16.81	16
28.04	28.64	16
48.2	48.09	16
79.9	79.48	16
127.07	125.44	16
182.79	181.92	16
275.02	273.84	16
454.71	452.06	16
836.65	798.25	16
1199.28	1132.48	16
1564.76	1487.06	16
1900.57	1836.32	16
2254.52	2164.01	16
2591.57	2514.07	16
2908.99	2805.86	16
3201.28	3120.8	16
0.27	0.26	16
0.29	0.38	16
0.45	0.44	16
0.63	0.66	16
1.09	1.11	16
1.99	1.96	16
3.82	2.48	16
4.46	3.85	16
3.84	5.16	16
6.03	6.01	16
9.16	8.08	16
13.83	16.13	16
25.07	24.63	16
43.89	42.21	16
72.82	71.56	16
109.07	109.33	16
148.52	147.9	16
206.48	200.2	16
310.56	310.09	16
516.93	519.14	16
738.64	739.66	16
947.34	949.98	16
1173.43	1168.41	16
1376.85	1370.47	16
1602.06	1595.46	16
1780.9	1802.58	16
1983.25	1972.55	16
0.26	0.24	16
0.28	0.29	16
0.4	0.38	16
0.58	0.59	16
0.96	0.92	16
1.65	1.52	16
3.19	1.85	16
3.41	3.29	16
4.05	4.14	16
4.7	4.41	16
7.02	7.35	16
12.53	13.79	16
21.57	20.49	16
37.0	36.19	16
59.41	58.74	16
96.58	96.47	16
140.15	144.03	16
224.68	223.15	16
385.07	387.62	16
719.3	688.79	16
1054.06	991.74	16
1369.56	1286.91	16
1661.73	1585.5	16
1959.73	1886.72	16
2243.2	2157.33	16
2573.89	2461.49	16
2800.13	2734.1	16
0.25	0.26	16
0.32	0.36	16
0.49	0.44	16
0.63	0.66	16
1.19	0.95	16
1.78	1.88	16
3.05	3.1	16
2.63	4.13	16
5.62	4.79	16
4.79	6.38	16
8.06	7.57	16
12.95	14.65	16
21.99	24.27	16
37.49	38.15	16
62.86	62.86	16
96.94	95.59	16
132.36	131.32	16
178.74	182.65	16
283.83	285.56	16
474.12	485.73	16
689.58	676.45	16
885.64	881.3	16
1090.07	1086.51	16
1296.4	1288.44	16
1516.28	1496.37	16
1671.88	1696.76	16
1854.34	1864.24	16
0.42	0.43	17
0.59	0.6	17
1.02	0.97	17
2.02	1.71	17
3.44	2.42	17
5.37	5.0	17
9.24	8.5	17
7.73	14.24	17
9.86	14.45	17
12.67	21.97	17
24.92	24.0	17
44.62	40.77	17
78.87	77.08	17
148.2	146.87	17
269.43	270.59	17
493.7	497.17	17
866.18	870.77	17
1337.05	1337.6	17
1781.01	1785.1	17
2481.4	2474.33	17
3144.14	3126.42	17
3782.44	3761.77	17
4346.62	4410.09	17
4852.23	4992.65	17
5326.71	5595.68	17
5771.09	6212.89	17
6207.41	6641.19	17
0.51	0.36	17
0.55	0.64	17
0.98	0.94	17
1.91	1.84	17
3.38	3.12	17
6.54	5.98	17
5.26	12.43	17
11.97	11.71	17
15.51	16.0	17
22.58	25.5	17
40.42	41.66	17
70.16	68.57	17
131.93	133.72	17
255.79	249.35	17
467.37	462.64	17
840.68	839.37	17
1433.0	1427.7	17
2143.11	2144.68	17
2715.83	2728.89	17
3641.26	3647.26	17
4386.85	4431.29	17
5156.64	5235.57	17
6038.63	6031.82	17
6935.01	6848.02	17
7844.75	7644.54	17
8817.84	8419.54	17
9637.58	9110.73	17
0.34	0.35	17
0.51	0.46	17
0.88	0.81	17
1.41	1.48	17
2.46	2.76	17
5.01	4.95	17
8.81	7.57	17
10.26	4.7	17
14.68	10.89	17
13.93	9.83	17
19.05	24.87	17
34.3	35.21	17
58.22	58.65	17
107.28	116.62	17
216.05	214.37	17
383.61	383.73	17
669.58	670.25	17
1033.47	1039.38	17
1406.34	1410.59	17
2016.94	2015.64	17
2677.52	2622.22	17
3360.97	3205.05	17
3948.97	3782.54	17
4488.11	4442.42	17
5028.98	5017.3	17
5496.28	5527.16	17
5894.22	6018.26	17
0.39	0.38	17
0.65	0.56	17
1.07	0.89	17
1.59	1.74	17
3.09	3.21	17
6.16	4.91	17
7.3	9.46	17
11.86	16.57	17
12.48	15.45	17
25.33	21.31	17
37.77	40.22	17
68.56	67.22	17
128.87	131.47	17
235.0	248.4	17
446.98	442.9	17
792.78	781.45	17
1338.98	1335.43	17
1967.31	1975.47	17
2479.05	2471.73	17
3385.72	3411.73	17
4145.37	4163.25	17
4899.73	4875.75	17
5725.52	5635.17	17
6607.76	6416.69	17
7597.95	7188.97	17
8594.58	7888.65	17
9488.92	8498.81	17
0.39	0.29	18
0.5	0.47	18
0.83	0.74	18
1.31	1.45	18
2.48	2.69	18
4.14	4.16	18
9.5	4.36	18
8.19	7.87	18
7.77	8.0	18
15.29	17.49	18
30.49	27.73	18
49.69	51.71	18
94.61	94.88	18
169.13	175.59	18
321.0	313.65	18
563.01	560.96	18
949.75	947.88	18
1448.71	1443.88	18
1926.1	1924.01	18
2654.45	2645.66	18
3369.39	3373.36	18
4271.23	4119.27	18
5144.3	4812.09	18
5945.29	5528.84	18
6643.87	6217.61	18
7292.31	6933.86	18
7843.11	7528.55	18
0.52	0.46	18
0.58	0.68	18
0.97	0.91	18
1.7	1.72	18
2.92	3.03	18
6.19	6.16	18
5.49	6.82	18
7.47	16.21	18
13.07	11.6	18
19.93	18.6	18
25.12	28.11	18
41.41	46.74	18
81.3	75.76	18
146.68	144.39	18
263.37	258.84	18
504.54	497.27	18
870.64	860.66	18
1315.53	1298.64	18
1700.29	1700.08	18
2345.16	2371.73	18
2915.94	2966.71	18
3477.34	3538.05	18
4064.53	4114.56	18
4664.35	4681.29	18
5315.97	5298.6	18
5951.88	5864.15	18
6665.19	6362.57	18
