0.6	0.64	1
0.75	0.69	1
1.13	0.9	1
0.85	1.2	1
1.7	1.34	1
1.71	1.35	1
1.65	1.36	1
1.8	1.55	1
1.76	1.92	1
2.17	2.5	1
2.53	3.16	1
4.05	4.04	1
6.18	6.59	1
10.09	10.91	1
18.88	18.72	1
34.8	35.59	1
65.22	67.34	1
131.14	127.31	1
245.61	246.58	1
496.84	362.94	1
498.73	483.17	1
601.59	600.17	1
716.76	916.02	1
830.14	831.56	1
945.45	1204.79	1
1066.92	1068.11	1
0.52	0.62	1
0.71	0.8	1
1.08	1.25	1
1.26	1.2	1
1.54	1.28	1
1.6	1.6	1
1.76	1.48	1
2.25	2.39	1
2.6	3.14	1
4.48	4.64	1
8.4	8.17	1
14.44	14.72	1
23.11	26.57	1
54.5	53.49	1
90.53	104.85	1
205.33	207.67	1
412.45	409.89	1
817.69	819.68	1
1604.78	1590.21	1
2394.55	2024.42	1
3218.21	3185.11	1
4048.25	4039.76	1
4913.31	4904.78	1
5742.82	5742.28	1
6585.67	6583.16	1
7426.82	7386.66	1
0.52	0.58	1
0.72	0.76	1
0.82	0.75	1
0.88	0.91	1
1.17	1.1	1
1.45	1.45	1
1.41	1.49	1
1.95	1.77	1
1.92	1.99	1
2.01	2.36	1
2.73	3.79	1
3.86	4.8	1
6.64	7.08	1
11.38	14.34	1
19.17	20.23	1
36.23	35.96	1
66.82	67.84	1
163.31	129.61	1
249.15	310.02	1
369.76	369.2	1
484.22	616.76	1
598.42	601.42	1
721.77	720.87	1
858.81	829.64	1
949.5	949.32	1
1066.96	1068.17	1
0.56	0.67	1
0.83	0.87	1
1.23	1.23	1
1.21	1.16	1
1.34	1.45	1
1.63	1.42	1
1.77	1.78	1
2.08	2.2	1
2.81	3.34	1
4.08	4.9	1
7.63	9.05	1
14.3	14.67	1
28.46	29.94	1
54.4	54.33	1
104.81	104.37	1
206.84	206.73	1
412.12	412.08	1
819.17	702.7	1
1601.51	1593.82	1
2370.78	2366.64	1
3195.78	3189.84	1
3474.82	4049.53	1
4890.24	4887.45	1
5745.53	5740.2	1
6626.4	6586.35	1
7412.06	7395.59	1
0.57	0.58	2
0.87	0.81	2
1.23	0.98	2
1.38	1.13	2
1.49	1.43	2
1.44	1.55	2
1.53	2.01	2
1.59	1.94	2
2.34	2.42	2
3.02	2.87	2
4.46	4.15	2
6.12	6.76	2
11.18	10.62	2
19.23	21.75	2
36.09	36.46	2
68.64	69.24	2
135.92	136.52	2
299.11	268.77	2
521.24	587.06	2
765.12	764.31	2
1014.35	1015.67	2
1413.36	1259.5	2
1507.46	1681.9	2
1739.42	1737.65	2
2030.69	2221.64	2
2223.87	2222.23	2
0.51	0.56	2
0.7	0.94	2
0.92	0.93	2
1.02	1.23	2
1.15	1.31	2
1.41	1.38	2
1.81	1.67	2
2.1	2.1	2
2.47	2.45	2
4.04	4.5	2
7.5	6.03	2
12.85	13.61	2
25.29	17.09	2
40.06	46.87	2
91.87	78.11	2
181.01	181.22	2
355.76	356.11	2
708.84	708.43	2
1371.79	1369.99	2
2033.32	2036.68	2
2699.51	2694.69	2
3350.96	3353.76	2
4002.52	4005.48	2
4656.41	4654.42	2
5314.97	5323.93	2
5957.61	5960.76	2
0.53	0.54	2
0.76	0.76	2
0.87	0.97	2
1.33	1.18	2
1.14	1.21	2
1.62	1.41	2
1.49	1.42	2
1.71	1.86	2
1.98	2.27	2
2.63	3.18	2
3.9	4.63	2
6.82	6.62	2
10.05	11.24	2
18.64	18.97	2
34.34	34.89	2
65.83	66.47	2
147.61	126.52	2
252.3	251.16	2
484.2	484.95	2
716.67	721.65	2
1100.52	1098.66	2
1398.53	1180.15	2
1439.33	1409.48	2
1646.26	1653.89	2
1874.72	1879.97	2
2164.63	2105.89	2
0.52	0.55	2
0.76	0.95	2
1.01	0.9	2
1.33	1.22	2
1.19	1.43	2
1.39	1.11	2
2.06	1.79	2
2.42	1.97	2
2.97	2.99	2
3.97	4.32	2
7.13	8.03	2
13.32	13.52	2
25.07	24.32	2
46.18	49.13	2
76.88	93.42	2
179.26	179.76	2
356.12	357.94	2
707.43	708.27	2
1386.47	1378.59	2
2037.75	2034.65	2
2702.97	2701.08	2
3349.21	3345.36	2
3997.27	4004.09	2
4628.46	4620.5	2
5221.98	4416.21	2
5826.62	5835.44	2
0.54	0.56	3
0.69	0.82	3
0.76	0.86	3
0.92	1.02	3
1.38	1.09	3
1.61	1.57	3
1.57	1.98	3
1.57	1.84	3
2.53	3.41	3
3.97	4.57	3
7.01	6.54	3
12.34	11.88	3
23.45	23.66	3
44.81	44.19	3
87.52	87.9	3
173.65	171.43	3
343.73	341.22	3
678.83	677.75	3
1315.23	1311.94	3
1957.58	1941.59	3
2571.54	2570.22	3
3199.83	3193.17	3
3826.6	3823.88	3
4633.12	4631.75	3
4485.43	4461.42	3
5956.57	5948.28	3
0.65	0.55	3
1.05	0.82	3
1.07	1.09	3
1.53	1.09	3
1.28	2.0	3
1.38	1.36	3
1.64	1.69	3
1.83	1.83	3
2.5	2.59	3
2.83	2.55	3
4.48	4.03	3
6.09	6.41	3
10.91	10.31	3
19.01	20.03	3
40.56	37.2	3
71.51	69.45	3
139.5	135.34	3
267.9	268.27	3
583.28	520.75	3
783.64	774.93	3
1020.79	1021.93	3
1304.53	1283.53	3
1565.13	1739.9	3
1815.34	2297.14	3
2087.0	2075.39	3
2378.13	2356.76	3
0.48	0.52	3
0.68	0.69	3
0.98	0.94	3
1.05	1.05	3
1.14	0.92	3
1.56	1.38	3
1.62	1.55	3
1.83	1.74	3
2.3	2.66	3
3.72	4.25	3
6.22	6.58	3
11.22	12.75	3
21.47	22.52	3
41.36	42.04	3
80.0	81.49	3
157.23	158.06	3
310.22	310.89	3
616.01	520.54	3
1199.86	1203.03	3
1780.42	1491.85	3
2368.14	1978.34	3
2964.85	2935.01	3
3526.22	3519.43	3
4096.28	4100.75	3
4674.74	4675.08	3
5289.89	5258.44	3
0.45	0.52	3
0.72	0.8	3
0.9	0.93	3
1.16	1.11	3
1.29	1.4	3
1.38	1.32	3
1.52	1.49	3
1.68	1.63	3
2.13	2.13	3
2.85	3.39	3
3.75	4.25	3
5.81	7.05	3
11.0	10.9	3
18.32	19.58	3
33.84	34.41	3
64.98	65.95	3
148.53	127.07	3
248.82	249.92	3
482.06	481.49	3
712.11	711.84	3
966.73	1072.93	3
1199.02	1179.67	3
1408.41	1421.46	3
1640.85	1645.63	3
1890.8	1882.38	3
2100.83	2379.79	3
0.69	0.69	4
0.81	0.89	4
1.11	1.18	4
1.3	1.44	4
1.18	1.47	4
1.37	1.49	4
1.46	1.99	4
2.11	2.28	4
3.12	3.42	4
4.47	4.92	4
7.56	8.67	4
14.71	15.66	4
27.33	28.26	4
55.09	54.94	4
91.89	107.42	4
149.04	211.12	4
419.27	419.59	4
840.92	833.53	4
1376.62	1614.79	4
2401.5	2400.41	4
3177.78	3172.78	4
3949.02	3944.38	4
4723.07	4725.23	4
5536.54	5496.23	4
6268.01	6281.04	4
7051.06	7051.75	4
0.5	0.55	4
0.78	0.72	4
0.97	0.98	4
1.31	1.32	4
1.19	0.84	4
0.98	1.47	4
1.79	1.57	4
1.54	1.46	4
2.07	1.79	4
2.57	2.17	4
2.73	3.25	4
4.22	4.01	4
6.6	6.16	4
12.91	10.69	4
19.12	19.44	4
33.79	35.04	4
65.53	65.86	4
127.38	127.44	4
251.57	374.94	4
366.18	365.87	4
480.4	483.71	4
756.11	761.3	4
716.78	908.32	4
834.13	846.71	4
991.31	948.34	4
1066.42	1065.43	4
0.56	0.52	4
0.76	0.76	4
0.82	1.02	4
1.17	1.23	4
1.27	1.15	4
1.34	1.29	4
1.63	1.57	4
2.24	2.23	4
2.57	2.96	4
3.91	4.94	4
7.26	8.4	4
13.06	13.65	4
24.25	21.19	4
48.41	48.4	4
93.89	94.42	4
185.59	186.5	4
369.37	369.67	4
734.89	734.81	4
1414.61	1415.46	4
2105.98	2098.37	4
2378.29	2785.56	4
3481.18	3465.86	4
3557.14	4156.82	4
4102.1	4840.36	4
4680.3	5513.9	4
6209.74	6208.7	4
0.48	0.6	4
0.7	0.68	4
0.91	0.92	4
1.02	1.05	4
1.3	1.38	4
1.19	1.53	4
1.54	1.6	4
1.47	2.03	4
1.9	1.82	4
2.22	3.15	4
3.0	4.1	4
4.18	4.64	4
6.66	7.75	4
11.23	11.43	4
18.93	20.17	4
47.06	36.07	4
68.63	66.61	4
128.17	170.96	4
249.28	250.15	4
474.72	368.18	4
484.83	483.09	4
602.05	597.2	4
708.55	718.49	4
832.75	833.41	4
976.59	942.67	4
1066.42	1074.0	4
0.38	0.44	5
0.56	0.57	5
0.85	0.87	5
1.5	1.14	5
2.57	2.29	5
2.28	3.11	5
2.16	4.27	5
4.21	4.36	5
5.03	4.72	5
6.18	6.43	5
10.74	11.4	5
19.11	17.79	5
34.28	35.49	5
64.54	64.29	5
121.23	120.7	5
219.81	217.22	5
374.83	373.72	5
633.06	627.78	5
872.96	870.09	5
1121.98	1119.72	5
1358.93	1355.88	5
1574.87	1582.29	5
1782.58	1793.32	5
1996.97	1980.92	5
2180.8	2191.53	5
0.41	0.36	5
0.55	0.56	5
0.83	0.89	5
1.4	1.36	5
1.69	2.17	5
2.16	1.97	5
3.99	4.33	5
5.26	5.71	5
8.81	9.26	5
15.15	14.73	5
28.62	27.8	5
52.53	53.27	5
100.56	100.26	5
183.42	185.84	5
326.96	329.35	5
541.32	538.78	5
791.32	796.3	5
1207.93	1210.3	5
1593.54	1595.48	5
1981.02	1965.27	5
2374.15	2355.61	5
2773.33	2776.43	5
3173.29	3126.35	5
3574.47	3554.41	5
3948.8	3921.06	5
0.38	0.38	5
0.47	0.48	5
0.85	0.76	5
1.32	1.34	5
2.05	1.87	5
2.97	1.77	5
2.91	3.57	5
3.71	4.05	5
4.49	4.97	5
6.48	5.96	5
9.15	9.99	5
17.71	16.12	5
28.97	29.32	5
54.86	53.39	5
97.84	99.24	5
176.23	180.01	5
306.34	310.65	5
543.18	542.35	5
767.31	775.77	5
1004.49	991.62	5
1234.97	1243.38	5
1466.31	1482.24	5
1663.01	1697.88	5
1876.81	1898.5	5
2087.5	2102.86	5
0.4	0.38	5
0.44	0.51	5
0.83	0.87	5
1.39	1.43	5
2.14	2.68	5
3.79	2.38	5
4.17	4.6	5
5.36	4.9	5
9.24	8.28	5
15.8	16.33	5
28.34	26.77	5
51.82	52.2	5
98.48	98.27	5
181.66	180.52	5
314.28	313.15	5
505.3	506.48	5
749.34	746.12	5
1142.57	1129.78	5
1525.2	1511.44	5
1888.89	1900.17	5
2278.8	2269.58	5
2670.1	2668.53	5
3022.72	3009.48	5
3425.95	3429.63	5
3745.63	3772.68	5
0.42	0.4	6
0.52	0.58	6
0.85	0.88	6
1.56	1.32	6
2.34	1.7	6
3.0	2.98	6
3.53	4.08	6
4.43	5.15	6
8.62	9.26	6
15.19	15.53	6
28.33	28.11	6
53.71	53.16	6
99.82	101.39	6
188.11	188.68	6
333.68	336.66	6
557.24	556.12	6
813.32	820.91	6
1217.64	1207.53	6
1593.83	1592.53	6
1970.1	1961.7	6
2326.98	2343.93	6
2751.93	2761.64	6
3110.93	3120.44	6
3468.11	3459.67	6
3803.6	3794.39	6
0.42	0.45	6
0.54	0.5	6
0.87	0.92	6
1.55	1.21	6
2.81	1.73	6
3.99	2.5	6
2.64	2.77	6
3.93	3.84	6
4.06	4.65	6
7.4	6.48	6
10.39	11.24	6
18.55	19.77	6
36.82	34.8	6
66.87	67.48	6
126.02	127.08	6
223.05	227.92	6
381.53	384.78	6
646.93	647.13	6
884.18	879.59	6
1112.43	1095.63	6
1334.28	1332.57	6
1574.58	1567.54	6
1792.64	1789.17	6
2036.36	2040.15	6
2278.51	2278.08	6
0.34	0.4	6
0.49	0.47	6
0.69	0.68	6
1.17	1.29	6
1.9	2.15	6
2.9	2.29	6
4.03	3.47	6
4.53	4.17	6
6.78	7.1	6
11.38	12.01	6
19.45	20.2	6
38.11	38.84	6
72.39	73.38	6
131.88	128.0	6
234.98	233.16	6
391.21	392.82	6
604.88	607.22	6
947.17	942.93	6
1288.03	1292.17	6
1648.48	1633.65	6
1966.5	1951.49	6
2308.49	2319.86	6
2643.24	2652.67	6
2964.6	2970.73	6
3279.67	3285.16	6
0.4	0.45	6
0.48	0.52	6
0.8	0.93	6
1.14	1.45	6
2.41	2.08	6
2.82	3.45	6
2.85	2.13	6
3.13	3.44	6
3.91	4.18	6
6.74	7.24	6
9.98	9.76	6
18.23	17.69	6
32.41	32.94	6
58.63	57.83	6
106.08	109.54	6
194.4	188.54	6
326.72	330.59	6
570.39	563.14	6
790.62	795.72	6
1013.36	1025.39	6
1237.73	1250.95	6
1478.27	1475.79	6
1701.51	1716.59	6
1938.85	1946.44	6
2146.84	2184.9	6
0.37	0.38	7
0.5	0.54	7
0.9	0.82	7
1.45	1.51	7
2.27	2.23	7
1.42	3.06	7
2.18	2.95	7
3.86	3.44	7
4.47	4.1	7
7.56	5.87	7
11.38	10.26	7
18.27	19.03	7
33.39	34.26	7
64.38	65.68	7
119.68	119.43	7
217.1	219.44	7
375.38	373.7	7
626.36	625.59	7
869.16	866.64	7
1098.09	1083.13	7
1325.86	1315.83	7
1549.11	1543.39	7
1787.03	1787.38	7
2029.58	2016.68	7
2236.48	2273.55	7
0.37	0.42	7
0.5	0.64	7
0.76	0.74	7
1.32	1.26	7
2.03	2.25	7
3.46	1.76	7
3.75	2.83	7
5.9	4.91	7
9.24	7.61	7
14.31	14.68	7
27.11	26.3	7
50.74	49.62	7
96.93	97.84	7
179.03	178.69	7
315.97	316.51	7
527.64	534.79	7
792.83	784.06	7
1180.65	1193.74	7
1551.71	1568.96	7
1940.58	1934.5	7
2307.15	2308.78	7
2664.51	2649.93	7
3029.54	3025.04	7
3382.45	3368.56	7
3686.87	3694.31	7
0.36	0.4	7
0.51	0.46	7
0.8	0.71	7
1.26	1.32	7
2.42	2.22	7
3.26	2.56	7
2.13	3.0	7
3.35	3.21	7
4.1	4.54	7
6.76	6.57	7
9.23	9.75	7
15.25	16.59	7
28.06	29.07	7
52.41	52.78	7
100.56	98.34	7
175.97	178.56	7
305.35	314.19	7
543.4	541.44	7
776.88	777.97	7
1000.01	990.42	7
1214.7	1216.77	7
1436.25	1450.46	7
1663.24	1692.77	7
1898.93	1919.81	7
2124.15	2169.0	7
0.34	0.39	7
0.47	0.49	7
0.75	0.77	7
1.31	1.24	7
2.27	1.97	7
2.55	2.92	7
3.06	2.93	7
4.26	5.21	7
7.23	6.55	7
12.66	12.79	7
22.75	23.01	7
42.51	41.95	7
78.48	79.01	7
145.61	145.87	7
256.04	259.64	7
424.25	432.39	7
644.18	647.91	7
997.91	1001.91	7
1341.27	1342.56	7
1697.27	1691.21	7
2046.06	2044.06	7
2404.51	2411.91	7
2739.05	2748.49	7
3077.69	3078.98	7
3406.7	3406.91	7
0.44	0.41	8
0.5	0.53	8
0.86	0.88	8
1.21	1.35	8
1.72	1.69	8
3.51	2.72	8
3.6	2.93	8
4.44	4.56	8
8.9	8.31	8
15.1	15.96	8
28.11	28.74	8
52.73	52.1	8
100.16	101.37	8
185.26	184.32	8
329.53	332.04	8
550.02	548.71	8
815.06	821.49	8
1229.25	1231.53	8
1622.07	1624.15	8
2056.19	1996.9	8
2471.94	2444.39	8
2855.66	2851.78	8
3311.8	3255.2	8
3699.41	3658.37	8
4149.53	4053.16	8
0.39	0.44	8
0.64	0.6	8
0.89	0.79	8
1.5	1.31	8
2.8	2.16	8
3.63	2.69	8
3.29	3.93	8
4.09	3.4	8
4.7	4.32	8
7.71	7.57	8
11.57	11.25	8
19.39	19.57	8
35.94	35.07	8
67.18	67.85	8
124.03	126.9	8
226.83	226.72	8
384.55	385.46	8
633.92	639.16	8
883.98	881.57	8
1120.92	1120.71	8
1358.33	1364.45	8
1577.34	1564.56	8
1798.78	1791.08	8
1990.47	1969.3	8
2194.66	2162.65	8
0.38	0.36	8
0.45	0.52	8
0.68	0.66	8
1.27	1.21	8
2.25	2.15	8
2.3	2.86	8
3.32	4.05	8
4.19	4.49	8
6.98	7.08	8
11.71	12.63	8
19.82	19.53	8
37.89	37.63	8
70.43	71.78	8
132.65	128.53	8
232.92	229.78	8
394.8	390.72	8
602.69	609.76	8
968.54	968.85	8
1314.41	1321.95	8
1681.21	1665.9	8
2025.14	2025.05	8
2364.46	2373.02	8
2750.92	2759.66	8
3114.06	3129.55	8
3526.92	3506.13	8
0.37	0.36	8
0.47	0.59	8
0.79	0.76	8
1.26	1.29	8
2.1	1.87	8
2.84	2.5	8
3.29	2.31	8
2.59	2.98	8
5.62	4.53	8
5.35	5.73	8
9.25	9.54	8
15.77	14.94	8
29.71	28.67	8
53.21	53.05	8
97.98	94.43	8
176.32	176.39	8
308.7	313.5	8
550.76	534.1	8
767.88	770.52	8
994.9	998.7	8
1214.45	1230.07	8
1430.37	1471.1	8
1656.7	1666.23	8
1857.18	1883.75	8
2052.12	2080.8	8
0.28	0.34	9
0.25	0.28	9
0.27	0.27	9
0.31	0.36	9
0.32	0.35	9
0.36	0.4	9
0.32	0.43	9
0.39	0.44	9
0.45	0.54	9
0.52	0.61	9
0.58	0.59	9
0.93	0.93	9
1.08	1.19	9
1.77	1.91	9
2.5	2.6	9
4.63	4.69	9
7.78	7.9	9
14.18	14.95	9
24.97	25.76	9
48.4	49.43	9
88.96	94.49	9
172.75	174.57	9
252.33	271.99	9
329.7	359.31	9
414.72	433.73	9
493.17	524.3	9
573.3	619.94	9
653.41	705.12	9
731.67	778.59	9
0.29	0.28	9
0.28	0.39	9
0.3	0.31	9
0.3	0.38	9
0.32	0.29	9
0.33	0.34	9
0.37	0.4	9
0.4	0.45	9
0.51	0.55	9
0.77	0.66	9
1.25	1.06	9
1.68	1.99	9
3.46	3.91	9
6.24	6.17	9
12.79	12.65	9
26.94	26.38	9
54.3	53.01	9
108.01	106.12	9
216.58	212.98	9
424.75	423.11	9
842.41	827.41	9
1665.59	1630.8	9
2485.83	2434.69	9
3234.6	3209.2	9
3966.08	3888.4	9
4697.78	4632.29	9
5514.88	5402.66	9
6331.38	6311.48	9
7137.44	6996.57	9
0.22	0.26	9
0.26	0.26	9
0.27	0.23	9
0.29	0.28	9
0.22	0.28	9
0.28	0.27	9
0.31	0.35	9
0.28	0.34	9
0.3	0.3	9
0.54	0.56	9
0.64	0.74	9
0.81	1.04	9
1.15	1.25	9
1.76	2.32	9
2.56	3.0	9
4.52	5.08	9
7.74	10.44	9
13.63	17.38	9
24.63	32.91	9
45.98	80.75	9
91.16	99.46	9
172.06	237.17	9
251.27	371.11	9
332.94	457.39	9
419.74	558.53	9
490.52	642.68	9
571.21	574.15	9
661.6	897.55	9
729.97	924.82	9
0.32	0.27	9
0.32	0.26	9
0.31	0.3	9
0.28	0.32	9
0.26	0.32	9
0.35	0.39	9
0.31	0.35	9
0.33	0.45	9
0.49	0.5	9
0.74	0.72	9
1.18	1.22	9
1.42	1.88	9
3.54	3.01	9
6.56	6.24	9
12.75	13.36	9
27.03	28.03	9
54.31	55.42	9
108.56	114.81	9
215.54	222.1	9
428.54	431.77	9
844.01	891.52	9
1663.52	1691.18	9
2483.65	2622.58	9
3228.44	3290.92	9
3965.28	4099.59	9
4700.69	4954.68	9
5517.54	5620.54	9
6328.77	6630.73	9
7147.24	7525.4	9
0.21	0.28	10
0.23	0.31	10
0.27	0.34	10
0.27	0.3	10
0.28	0.26	10
0.29	0.35	10
0.42	0.34	10
0.4	0.34	10
0.47	0.37	10
0.54	0.52	10
0.71	0.69	10
1.03	1.09	10
1.58	1.53	10
2.69	2.6	10
4.07	4.69	10
8.29	8.24	10
16.14	16.19	10
30.07	31.02	10
58.38	60.23	10
116.99	117.16	10
230.5	234.07	10
445.0	448.65	10
659.42	672.56	10
875.85	905.84	10
1090.98	1100.54	10
1305.94	1327.7	10
1523.83	1534.81	10
1727.89	1788.28	10
1940.62	1990.34	10
0.26	0.25	10
0.22	0.28	10
0.26	0.33	10
0.28	0.26	10
0.28	0.32	10
0.29	0.29	10
0.35	0.32	10
0.36	0.38	10
0.62	0.54	10
0.51	0.73	10
0.96	1.09	10
1.48	1.34	10
3.03	2.97	10
5.71	5.82	10
10.64	10.38	10
21.57	21.59	10
44.02	42.51	10
86.7	85.35	10
173.27	169.51	10
343.34	335.46	10
685.26	674.8	10
1329.86	1311.57	10
1960.75	1916.48	10
2588.86	2520.44	10
3213.19	3175.6	10
3830.28	3720.91	10
4435.75	4365.09	10
5059.32	4926.28	10
5672.9	5531.93	10
0.21	0.25	10
0.22	0.23	10
0.24	0.23	10
0.23	0.26	10
0.25	0.24	10
0.26	0.3	10
0.3	0.29	10
0.33	0.35	10
0.32	0.33	10
0.56	0.53	10
0.62	0.69	10
1.07	1.11	10
1.49	1.75	10
2.55	2.77	10
4.11	4.65	10
8.13	10.73	10
15.05	19.6	10
29.1	33.67	10
55.2	60.54	10
108.41	120.87	10
212.23	223.7	10
411.92	487.24	10
605.58	676.31	10
801.12	968.49	10
996.43	1091.37	10
1219.41	1331.33	10
1387.62	1461.28	10
1589.25	1746.14	10
1784.3	1873.21	10
0.26	0.25	10
0.24	0.24	10
0.29	0.26	10
0.24	0.26	10
0.25	0.28	10
0.36	0.29	10
0.28	0.34	10
0.51	0.37	10
0.58	0.44	10
0.71	0.75	10
1.33	0.97	10
2.15	2.31	10
3.89	3.19	10
5.07	5.59	10
11.22	12.1	10
22.38	22.18	10
43.09	46.92	10
86.61	87.9	10
171.68	178.21	10
342.37	349.01	10
682.92	705.86	10
1327.96	1387.95	10
1952.36	2028.55	10
2585.03	2623.59	10
3199.47	3383.83	10
3794.15	3861.88	10
4397.43	4673.88	10
4920.88	5113.82	10
5501.64	5704.84	10
0.31	0.26	11
0.28	0.26	11
0.23	0.27	11
0.3	0.27	11
0.26	0.31	11
0.25	0.33	11
0.3	0.35	11
0.4	0.38	11
0.52	0.51	11
0.68	0.62	11
1.2	1.08	11
1.8	2.14	11
3.54	2.35	11
4.64	5.58	11
10.81	9.69	11
20.11	20.56	11
44.62	43.85	11
86.4	83.97	11
171.66	166.86	11
336.69	333.52	11
673.55	661.95	11
1310.16	1272.27	11
1942.48	1911.79	11
2571.86	2576.23	11
3202.18	3127.78	11
3838.09	3743.58	11
4464.74	4392.01	11
5127.39	5025.01	11
5727.46	5623.49	11
0.26	0.27	11
0.26	0.24	11
0.24	0.28	11
0.35	0.27	11
0.3	0.28	11
0.27	0.28	11
0.34	0.37	11
0.28	0.27	11
0.39	0.43	11
0.55	0.57	11
0.59	0.75	11
1.08	1.03	11
1.41	1.49	11
2.68	2.47	11
4.2	4.4	11
8.11	8.34	11
15.16	16.4	11
30.17	30.68	11
58.31	60.1	11
113.54	115.88	11
227.96	225.42	11
449.55	453.12	11
657.68	665.47	11
865.7	879.55	11
1076.65	1107.06	11
1274.17	1301.4	11
1476.7	1492.1	11
1678.37	1712.72	11
1882.56	1935.93	11
0.24	0.25	11
0.23	0.24	11
0.28	0.25	11
0.23	0.25	11
0.27	0.26	11
0.27	0.29	11
0.23	0.26	11
0.37	0.34	11
0.41	0.47	11
0.66	0.68	11
1.01	0.9	11
1.49	1.83	11
2.36	3.16	11
5.01	4.79	11
7.84	9.6	11
18.29	19.28	11
37.93	39.49	11
75.19	77.97	11
150.01	165.17	11
297.84	326.52	11
592.24	601.63	11
1154.22	1227.89	11
1715.36	1822.09	11
2272.84	2499.2	11
2834.31	2972.13	11
3396.39	3610.95	11
3947.33	4307.61	11
4514.49	4770.68	11
5057.24	5268.31	11
0.23	0.24	11
0.25	0.29	11
0.22	0.28	11
0.27	0.26	11
0.28	0.29	11
0.28	0.28	11
0.38	0.35	11
0.36	0.37	11
0.36	0.44	11
0.63	0.66	11
0.74	0.79	11
1.15	1.13	11
1.4	1.78	11
2.96	3.01	11
4.36	4.74	11
8.07	9.49	11
15.24	19.09	11
29.91	33.46	11
57.82	63.11	11
112.82	119.93	11
221.62	240.83	11
430.88	477.9	11
641.87	662.18	11
840.89	885.95	11
1046.13	1178.98	11
1240.4	1386.27	11
1445.61	1647.79	11
1644.05	1815.73	11
1849.5	1932.4	11
0.27	0.27	12
0.24	0.27	12
0.26	0.25	12
0.23	0.29	12
0.2	0.25	12
0.31	0.27	12
0.32	0.32	12
0.4	0.41	12
0.45	0.47	12
0.62	0.65	12
0.92	1.06	12
1.82	1.88	12
3.5	2.99	12
5.69	6.62	12
11.9	11.86	12
24.28	24.3	12
50.27	49.5	12
99.97	98.25	12
197.13	194.53	12
393.76	385.51	12
788.26	772.64	12
1531.62	1520.2	12
2269.57	2251.14	12
3003.63	2968.24	12
3747.34	3664.68	12
4489.68	4388.73	12
5215.42	5136.63	12
5956.89	5827.56	12
6696.68	6605.02	12
0.24	0.27	12
0.25	0.27	12
0.24	0.3	12
0.3	0.25	12
0.3	0.28	12
0.22	0.31	12
0.31	0.35	12
0.36	0.35	12
0.33	0.39	12
0.48	0.53	12
0.6	0.58	12
0.74	0.82	12
1.08	1.21	12
1.88	1.78	12
2.4	2.58	12
4.31	4.72	12
7.56	7.72	12
13.43	14.21	12
24.86	26.04	12
46.63	49.2	12
89.24	97.66	12
169.41	174.58	12
254.79	266.82	12
336.58	358.56	12
432.67	443.6	12
512.46	504.96	12
573.99	603.54	12
653.02	707.84	12
725.46	775.39	12
0.26	0.24	12
0.24	0.21	12
0.21	0.22	12
0.22	0.22	12
0.24	0.22	12
0.24	0.27	12
0.28	0.27	12
0.3	0.32	12
0.44	0.43	12
0.58	0.5	12
0.99	1.01	12
1.42	1.64	12
2.76	3.23	12
5.4	5.94	12
10.62	12.4	12
21.73	23.82	12
43.99	47.11	12
91.36	92.35	12
182.22	193.61	12
361.95	367.52	12
721.78	770.68	12
1402.36	1426.87	12
2079.78	2151.52	12
2746.35	2926.6	12
3422.38	3479.41	12
4094.32	4226.56	12
4760.31	4846.13	12
5443.55	5762.14	12
6119.71	6439.36	12
0.21	0.27	12
0.28	0.26	12
0.23	0.26	12
0.28	0.28	12
0.28	0.34	12
0.28	0.32	12
0.34	0.34	12
0.35	0.34	12
0.46	0.45	12
0.51	0.58	12
0.59	0.67	12
0.89	1.1	12
1.09	1.27	12
1.72	2.24	12
2.56	2.91	12
4.39	5.89	12
7.39	11.9	12
13.92	18.6	12
25.1	33.39	12
46.03	73.18	12
91.37	101.05	12
172.62	224.91	12
259.99	317.51	12
334.42	417.48	12
413.73	541.54	12
491.47	717.53	12
575.83	801.17	12
654.64	906.91	12
759.92	1022.1	12
0.27	0.27	13
0.29	0.35	13
0.44	0.43	13
0.73	0.59	13
1.17	1.1	13
1.91	1.68	13
3.61	3.3	13
4.67	3.31	13
4.48	4.04	13
5.65	5.48	13
7.59	7.74	13
14.22	15.1	13
23.0	23.21	13
39.35	41.71	13
69.0	70.22	13
104.32	106.86	13
143.17	144.64	13
202.64	203.72	13
308.67	314.72	13
525.19	519.5	13
731.95	735.85	13
952.71	946.72	13
1156.25	1161.24	13
1389.72	1375.65	13
1576.76	1596.63	13
1806.33	1813.2	13
1970.1	1973.51	13
0.27	0.29	13
0.28	0.35	13
0.43	0.47	13
0.67	0.64	13
1.08	1.12	13
1.59	1.86	13
3.54	3.24	13
2.9	4.48	13
4.99	3.61	13
6.57	6.14	13
9.51	10.82	13
15.2	13.32	13
26.71	27.66	13
47.8	46.56	13
78.65	79.03	13
127.74	129.58	13
185.29	182.89	13
285.34	283.24	13
470.78	471.5	13
877.19	880.68	13
1270.28	1272.36	13
1649.55	1660.59	13
2011.64	2020.46	13
2383.03	2394.59	13
2730.75	2717.84	13
3056.75	3056.56	13
3401.89	3377.74	13
0.23	0.24	13
0.28	0.29	13
0.35	0.39	13
0.56	0.6	13
1.02	0.95	13
1.22	1.72	13
2.35	2.28	13
2.98	2.75	13
3.23	3.76	13
4.64	5.24	13
7.22	6.8	13
11.19	11.55	13
18.47	19.03	13
33.32	32.63	13
53.59	56.36	13
84.74	84.6	13
113.4	114.94	13
167.91	162.5	13
268.99	269.18	13
465.95	462.41	13
664.65	663.46	13
867.89	885.55	13
1069.63	1071.41	13
1283.77	1277.65	13
1472.34	1483.17	13
1668.9	1665.38	13
1839.76	1838.93	13
0.28	0.28	13
0.31	0.32	13
0.39	0.39	13
0.6	0.64	13
0.94	0.95	13
1.77	1.21	13
2.48	1.99	13
2.95	3.04	13
3.83	3.77	13
6.65	4.88	13
8.08	8.15	13
12.38	11.75	13
22.03	21.41	13
38.18	37.38	13
62.39	63.76	13
104.26	102.93	13
151.89	155.46	13
243.24	243.65	13
413.6	420.8	13
789.9	795.04	13
1144.6	1167.06	13
1485.64	1487.91	13
1800.6	1821.32	13
2108.14	2134.91	13
2422.54	2459.11	13
2736.64	2782.13	13
3009.52	3022.99	13
0.29	0.31	14
0.33	0.33	14
0.43	0.49	14
0.67	0.73	14
1.16	1.17	14
1.99	2.15	14
3.15	2.57	14
5.71	5.02	14
3.84	4.63	14
5.46	6.46	14
9.61	9.58	14
15.93	15.7	14
26.41	28.27	14
49.38	47.62	14
84.52	81.54	14
125.37	128.76	14
183.57	181.58	14
271.23	268.73	14
443.39	446.37	14
782.21	767.92	14
1116.2	1108.71	14
1451.53	1457.03	14
1781.75	1784.17	14
2132.44	2120.28	14
2467.56	2465.85	14
2815.49	2774.15	14
3076.24	3098.02	14
0.25	0.34	14
0.35	0.38	14
0.5	0.48	14
0.75	0.7	14
1.28	1.28	14
2.1	2.2	14
3.62	3.23	14
2.59	4.51	14
3.38	4.74	14
6.09	6.29	14
8.59	7.66	14
17.13	15.19	14
25.84	25.3	14
44.89	43.63	14
74.33	70.39	14
110.49	112.73	14
150.35	150.57	14
215.15	212.94	14
330.4	331.58	14
591.68	596.56	14
871.59	875.81	14
1101.96	1100.14	14
1311.54	1320.46	14
1548.07	1545.47	14
1756.41	1720.39	14
1933.1	1955.61	14
2164.51	2136.24	14
0.25	0.28	14
0.29	0.29	14
0.38	0.38	14
0.55	0.58	14
0.91	0.95	14
1.57	1.71	14
2.59	1.61	14
1.92	3.02	14
3.11	3.92	14
4.31	4.82	14
7.93	7.98	14
12.59	13.12	14
21.48	22.07	14
36.22	35.8	14
60.61	59.74	14
91.87	96.37	14
141.66	142.35	14
224.82	216.71	14
380.43	373.4	14
664.77	662.17	14
967.21	973.56	14
1274.35	1255.07	14
1559.93	1556.39	14
1855.16	1870.77	14
2155.86	2146.95	14
2453.0	2438.78	14
2721.69	2753.72	14
0.24	0.26	14
0.3	0.37	14
0.41	0.41	14
0.66	0.65	14
1.18	1.09	14
1.89	1.95	14
3.4	2.54	14
2.88	5.61	14
4.94	5.49	14
6.55	6.27	14
9.14	10.22	14
14.73	14.62	14
24.02	23.67	14
41.55	41.41	14
68.47	66.57	14
107.99	103.24	14
139.8	142.94	14
195.19	195.09	14
312.56	318.93	14
558.72	566.2	14
830.9	853.06	14
1045.81	1071.52	14
1240.04	1245.78	14
1439.74	1443.5	14
1624.4	1653.58	14
1791.8	1812.06	14
1943.86	1973.75	14
0.25	0.3	15
0.36	0.34	15
0.44	0.45	15
0.61	0.69	15
1.07	0.9	15
1.59	1.69	15
3.54	2.71	15
4.17	3.21	15
3.53	3.61	15
6.42	5.32	15
10.3	8.93	15
13.68	14.17	15
25.15	23.77	15
41.82	41.22	15
67.82	67.21	15
105.73	104.77	15
145.78	145.62	15
205.36	207.08	15
315.42	319.43	15
571.56	575.63	15
820.56	829.98	15
1035.58	1033.13	15
1288.5	1263.68	15
1490.84	1494.64	15
1694.89	1695.41	15
1876.85	1874.69	15
2084.96	2090.47	15
0.31	0.27	15
0.29	0.32	15
0.45	0.46	15
0.63	0.61	15
1.04	0.89	15
2.01	1.53	15
3.01	2.26	15
3.26	4.22	15
4.52	5.45	15
5.06	7.64	15
10.2	9.47	15
16.43	15.52	15
27.08	26.08	15
45.07	49.22	15
76.85	75.85	15
122.52	119.44	15
172.79	174.73	15
264.45	261.62	15
429.8	434.19	15
758.9	771.99	15
1106.46	1103.46	15
1443.04	1457.19	15
1787.63	1775.22	15
2108.82	2131.15	15
2439.94	2421.3	15
2757.76	2765.98	15
3057.5	3088.91	15
0.25	0.25	15
0.27	0.29	15
0.36	0.4	15
0.55	0.6	15
0.88	0.92	15
1.63	1.78	15
1.38	2.63	15
3.0	4.14	15
3.54	4.1	15
5.39	5.98	15
7.56	8.32	15
11.24	11.55	15
19.26	19.78	15
33.18	33.46	15
53.29	53.64	15
82.28	82.89	15
116.95	114.88	15
173.55	167.39	15
276.42	282.54	15
504.2	514.05	15
736.62	753.14	15
934.16	950.65	15
1141.88	1152.01	15
1322.27	1340.88	15
1535.31	1536.25	15
1695.93	1708.96	15
1874.33	1888.79	15
0.26	0.28	15
0.32	0.3	15
0.38	0.39	15
0.59	0.59	15
0.92	0.96	15
1.67	1.65	15
1.96	2.09	15
2.69	2.48	15
3.82	4.02	15
4.9	5.95	15
7.07	8.31	15
13.2	11.63	15
20.24	22.48	15
35.64	35.73	15
61.64	61.15	15
96.33	93.44	15
141.65	143.65	15
220.42	221.52	15
377.03	374.17	15
675.97	669.79	15
966.52	967.79	15
1271.83	1277.3	15
1571.75	1581.55	15
1869.25	1866.27	15
2175.71	2198.09	15
2460.9	2465.34	15
2752.37	2735.04	15
0.26	0.28	16
0.3	0.32	16
0.4	0.5	16
0.62	0.67	16
0.89	1.09	16
1.92	1.79	16
2.81	3.6	16
3.64	5.23	16
4.3	4.27	16
6.83	5.47	16
9.7	9.25	16
15.98	15.37	16
28.0	28.18	16
48.61	49.6	16
80.97	81.22	16
126.29	127.87	16
181.16	184.03	16
272.5	276.25	16
453.55	451.09	16
836.32	831.45	16
1199.08	1202.03	16
1556.06	1549.25	16
1920.7	1890.58	16
2243.71	2234.75	16
2586.8	2585.25	16
2927.77	2902.19	16
3232.38	3204.01	16
0.25	0.27	16
0.29	0.33	16
0.42	0.41	16
0.67	0.77	16
1.08	1.15	16
2.03	1.65	16
3.01	3.48	16
5.32	3.9	16
4.63	4.4	16
5.65	7.17	16
8.36	8.84	16
13.84	13.01	16
24.4	25.95	16
42.56	42.67	16
74.64	71.98	16
109.42	109.23	16
145.87	148.63	16
206.38	205.53	16
311.13	315.14	16
516.87	538.92	16
749.33	738.87	16
954.65	956.64	16
1180.59	1176.7	16
1385.29	1400.31	16
1609.39	1607.62	16
1797.79	1823.82	16
1963.06	1964.54	16
0.24	0.23	16
0.28	0.29	16
0.38	0.42	16
0.61	0.61	16
0.93	0.97	16
1.5	1.22	16
2.64	2.92	16
2.27	3.31	16
3.39	3.28	16
4.87	3.72	16
7.86	7.09	16
14.52	12.39	16
21.69	21.19	16
36.73	36.63	16
59.92	61.29	16
96.3	96.03	16
143.24	145.28	16
223.25	225.41	16
380.76	383.69	16
712.13	729.77	16
1041.03	1053.48	16
1356.15	1371.49	16
1636.1	1653.23	16
1932.43	1949.29	16
2252.97	2237.03	16
2510.3	2538.18	16
2830.91	2803.62	16
0.25	0.25	16
0.28	0.35	16
0.41	0.42	16
0.62	0.62	16
1.07	1.11	16
1.58	1.95	16
2.59	3.72	16
2.92	2.87	16
4.14	3.54	16
6.68	5.74	16
7.64	9.2	16
12.65	14.25	16
23.22	23.15	16
40.01	38.47	16
62.23	63.79	16
94.86	98.03	16
132.45	132.44	16
185.42	181.23	16
283.65	287.19	16
481.88	477.09	16
681.39	685.91	16
896.37	897.56	16
1107.48	1099.05	16
1298.48	1284.93	16
1495.94	1496.55	16
1697.4	1682.41	16
1853.01	1841.42	16
0.43	0.4	17
0.75	0.54	17
1.07	1.01	17
1.84	1.64	17
3.31	3.28	17
4.64	5.94	17
11.79	9.28	17
7.35	7.06	17
14.36	16.63	17
16.15	17.6	17
24.93	28.53	17
43.09	42.24	17
76.44	78.63	17
147.08	142.4	17
266.7	270.57	17
497.41	500.37	17
870.69	870.73	17
1337.26	1335.93	17
1779.05	1784.72	17
2477.73	2478.7	17
3176.68	3182.48	17
3864.45	3791.34	17
4462.39	4346.62	17
5020.75	4862.32	17
5581.37	5331.38	17
6127.53	5783.05	17
6589.83	6179.65	17
0.45	0.42	17
0.57	0.67	17
0.96	0.97	17
1.89	1.8	17
2.84	3.52	17
5.07	5.67	17
8.15	10.46	17
10.54	6.87	17
23.69	14.05	17
47.38	23.88	17
115.84	47.26	17
293.13	72.91	17
517.03	138.6	17
1404.12	253.34	17
2599.58	466.89	17
4769.3	841.88	17
7954.5	1425.78	17
10619.02	2151.9	17
11572.86	2722.37	17
13069.25	3645.15	17
14361.59	4389.29	17
15427.35	5169.58	17
16490.78	6048.71	17
17672.5	6919.25	17
18640.16	7853.63	17
19478.87	8778.74	17
20248.17	9656.08	17
0.35	0.32	17
0.49	0.54	17
0.94	0.87	17
1.51	1.53	17
2.45	2.79	17
4.37	4.91	17
9.29	8.38	17
9.81	9.42	17
10.24	9.32	17
17.24	15.58	17
18.98	24.08	17
37.57	38.22	17
61.32	60.5	17
116.41	116.89	17
210.04	208.87	17
388.26	382.85	17
677.86	673.13	17
1040.92	1038.86	17
1408.58	1401.93	17
2027.82	2033.35	17
2671.95	2687.76	17
3338.55	3367.61	17
3921.84	3947.96	17
4502.19	4514.34	17
5058.92	5024.82	17
5553.27	5479.56	17
6018.98	5898.39	17
0.34	0.39	17
0.54	0.64	17
0.96	0.96	17
1.59	1.85	17
3.4	3.12	17
5.6	5.04	17
5.69	10.57	17
8.35	14.33	17
15.46	17.7	17
62.84	22.7	17
162.61	38.91	17
267.97	70.15	17
604.32	130.11	17
1230.78	241.57	17
2354.04	438.96	17
4508.27	783.36	17
7376.09	1331.85	17
10090.28	1981.73	17
10950.43	2486.36	17
12621.2	3413.46	17
13974.82	4121.37	17
14900.13	4900.8	17
15951.49	5769.42	17
17047.08	6610.48	17
18255.5	7643.84	17
18936.33	8605.1	17
19857.05	9472.49	17
0.34	0.37	18
0.44	0.5	18
0.75	0.76	18
1.41	1.49	18
2.62	2.55	18
3.79	4.84	18
5.99	9.29	18
10.32	9.26	18
15.91	12.61	18
16.85	15.52	18
101.68	30.52	18
196.2	51.31	18
523.73	95.25	18
979.2	173.29	18
1986.78	312.66	18
3545.0	566.21	18
5911.51	947.56	18
7903.06	1445.47	18
8740.5	1919.81	18
9945.54	2663.8	18
11030.61	3365.13	18
12079.2	4272.13	18
12988.72	5179.07	18
13903.2	5977.55	18
14783.24	6664.66	18
15433.94	7306.11	18
16015.65	7825.34	18
0.42	0.44	18
0.65	0.61	18
0.84	0.96	18
1.8	1.73	18
3.13	2.85	18
5.83	6.29	18
8.07	10.71	18
6.6	5.56	18
9.28	12.4	18
12.89	14.11	18
27.41	23.93	18
43.43	45.2	18
77.1	77.8	18
135.71	145.22	18
265.68	268.91	18
498.39	499.25	18
868.96	872.06	18
1324.8	1314.07	18
1706.37	1707.97	18
2358.71	2380.25	18
2933.15	2902.48	18
3531.61	3475.75	18
4169.37	4072.81	18
4816.89	4671.44	18
5479.63	5271.92	18
6090.07	5983.93	18
6740.18	6655.2	18
