0.64	0.56	1
0.69	0.73	1
0.9	0.78	1
1.2	1.17	1
1.34	1.22	1
1.35	1.55	1
1.36	1.42	1
1.55	1.33	1
1.92	2.29	1
2.5	2.25	1
3.16	3.04	1
4.04	4.43	1
6.59	7.31	1
10.91	12.03	1
18.72	20.89	1
35.59	38.94	1
67.34	73.09	1
127.31	146.02	1
246.58	278.1	1
362.94	412.36	1
483.17	558.73	1
600.17	814.45	1
916.02	810.86	1
831.56	950.8	1
1204.79	1091.73	1
1068.11	1227.53	1
0.62	0.6	1
0.8	0.72	1
1.25	1.14	1
1.2	1.27	1
1.28	1.6	1
1.6	1.47	1
1.48	1.94	1
2.39	2.69	1
3.14	3.16	1
4.64	3.85	1
8.17	8.88	1
14.72	14.84	1
26.57	28.13	1
53.49	46.89	1
104.85	91.56	1
207.67	209.8	1
409.89	417.57	1
819.68	833.58	1
1590.21	1632.71	1
2024.42	2056.62	1
3185.11	3254.38	1
4039.76	4114.24	1
4904.78	4982.31	1
5742.28	4963.12	1
6583.16	6700.49	1
7386.66	7537.89	1
0.58	0.58	1
0.76	0.72	1
0.75	0.94	1
0.91	1.01	1
1.1	1.42	1
1.45	1.6	1
1.49	1.43	1
1.77	1.46	1
1.99	2.26	1
2.36	2.39	1
3.79	3.49	1
4.8	6.19	1
7.08	11.14	1
14.34	19.79	1
20.23	39.05	1
35.96	70.22	1
67.84	116.21	1
129.61	285.92	1
310.02	422.49	1
369.2	590.94	1
616.76	767.52	1
601.42	987.23	1
720.87	1216.03	1
829.64	1306.92	1
949.32	1504.46	1
1068.17	1686.75	1
0.67	0.6	1
0.87	0.8	1
1.23	1.02	1
1.16	1.16	1
1.45	1.31	1
1.42	1.13	1
1.78	2.05	1
2.2	2.06	1
3.34	3.72	1
4.9	5.03	1
9.05	9.57	1
14.67	16.28	1
29.94	33.57	1
54.33	60.22	1
104.37	104.34	1
206.73	237.61	1
412.08	472.95	1
702.7	897.31	1
1593.82	1761.96	1
2366.64	2686.27	1
3189.84	3531.35	1
4049.53	4430.35	1
4887.45	5385.18	1
5740.2	5261.84	1
6586.35	7188.39	1
7395.59	8081.69	1
0.58	0.69	2
0.81	0.85	2
0.98	1.29	2
1.13	1.35	2
1.43	1.35	2
1.55	1.43	2
2.01	1.66	2
1.94	1.91	2
2.42	2.18	2
2.87	2.77	2
4.15	4.22	2
6.76	6.58	2
10.62	11.25	2
21.75	20.73	2
36.46	39.19	2
69.24	73.26	2
136.52	144.63	2
268.77	287.11	2
587.06	552.14	2
764.31	815.76	2
1015.67	1182.73	2
1259.5	1337.86	2
1681.9	1602.65	2
1737.65	1860.77	2
2221.64	2102.05	2
2222.23	2363.09	2
0.56	0.51	2
0.94	0.67	2
0.93	0.91	2
1.23	1.52	2
1.31	1.82	2
1.38	1.45	2
1.67	1.55	2
2.1	1.89	2
2.45	2.81	2
4.5	4.63	2
6.03	5.8	2
13.61	13.09	2
17.09	25.13	2
46.87	40.13	2
78.11	94.52	2
181.22	184.43	2
356.11	363.8	2
708.43	725.39	2
1369.99	1400.73	2
2036.68	2076.72	2
2694.69	2758.12	2
3353.76	3426.21	2
4005.48	4097.73	2
4654.42	3997.14	2
5323.93	5427.93	2
5960.76	6107.91	2
0.54	0.53	2
0.76	0.76	2
0.97	1.05	2
1.18	1.12	2
1.21	1.29	2
1.41	1.41	2
1.42	1.6	2
1.86	1.58	2
2.27	2.17	2
3.18	3.0	2
4.63	4.61	2
6.62	8.18	2
11.24	13.78	2
18.97	26.84	2
34.89	53.22	2
66.47	83.77	2
126.52	171.34	2
251.16	327.28	2
484.95	637.5	2
721.65	1011.6	2
1098.66	1296.17	2
1180.15	1576.63	2
1409.48	1842.34	2
1653.89	2147.2	2
1879.97	2494.04	2
2105.89	2812.36	2
0.55	0.55	2
0.95	0.84	2
0.9	1.03	2
1.22	1.83	2
1.43	1.47	2
1.11	1.33	2
1.79	1.81	2
1.97	2.07	2
2.99	2.81	2
4.32	4.83	2
8.03	9.53	2
13.52	14.47	2
24.32	28.16	2
49.13	47.36	2
93.42	103.07	2
179.76	204.87	2
357.94	394.44	2
708.27	823.25	2
1378.59	1523.78	2
2034.65	2289.08	2
2701.08	3000.39	2
3345.36	3752.24	2
4004.09	4483.82	2
4620.5	5193.19	2
4416.21	5834.06	2
5835.44	6548.46	2
0.56	0.53	3
0.82	0.77	3
0.86	0.86	3
1.02	1.52	3
1.09	1.13	3
1.57	1.57	3
1.98	1.62	3
1.84	1.84	3
3.41	2.82	3
4.57	5.25	3
6.54	6.93	3
11.88	12.13	3
23.66	23.97	3
44.19	45.26	3
87.9	88.98	3
171.43	176.31	3
341.22	349.69	3
677.75	695.13	3
1311.94	1343.07	3
1941.59	1987.03	3
2570.22	2631.69	3
3193.17	2728.23	3
3823.88	3918.6	3
4631.75	4754.65	3
4461.42	5412.19	3
5948.28	6071.16	3
0.55	0.63	3
0.82	0.71	3
1.09	1.19	3
1.09	1.17	3
2.0	1.46	3
1.36	1.46	3
1.69	1.48	3
1.83	1.69	3
2.59	1.87	3
2.55	3.38	3
4.03	3.84	3
6.41	6.67	3
10.31	11.36	3
20.03	20.34	3
37.2	38.84	3
69.45	75.2	3
135.34	143.82	3
268.27	285.96	3
520.75	551.03	3
774.93	819.86	3
1021.93	1087.02	3
1283.53	1355.97	3
1739.9	1671.47	3
2297.14	1928.51	3
2075.39	2204.85	3
2356.76	2702.36	3
0.52	0.57	3
0.69	0.68	3
0.94	0.79	3
1.05	1.06	3
0.92	0.94	3
1.38	1.34	3
1.55	1.64	3
1.74	2.24	3
2.66	2.51	3
4.25	4.26	3
6.58	7.53	3
12.75	11.17	3
22.52	21.83	3
42.04	49.73	3
81.49	98.62	3
158.06	200.55	3
310.89	353.63	3
520.54	703.07	3
1203.03	1120.58	3
1491.85	2030.15	3
1978.34	2642.71	3
2935.01	2796.25	3
3519.43	4047.12	3
4100.75	4608.25	3
4675.08	5376.26	3
5258.44	5970.65	3
0.52	0.5	3
0.8	0.73	3
0.93	0.97	3
1.11	1.18	3
1.4	1.38	3
1.32	1.47	3
1.49	1.43	3
1.63	1.97	3
2.13	2.33	3
3.39	2.99	3
4.25	5.06	3
7.05	8.23	3
10.9	14.74	3
19.58	25.03	3
34.41	47.45	3
65.95	93.75	3
127.07	187.56	3
249.92	333.15	3
481.49	662.09	3
711.84	949.71	3
1072.93	1256.28	3
1179.67	1621.9	3
1421.46	1842.92	3
1645.63	2216.49	3
1882.38	2482.38	3
2379.79	2734.05	3
0.69	0.66	4
0.89	0.9	4
1.18	0.93	4
1.44	1.22	4
1.47	1.33	4
1.49	1.52	4
1.99	1.72	4
2.28	2.34	4
3.42	3.03	4
4.92	4.65	4
8.67	8.39	4
15.66	14.88	4
28.26	25.16	4
54.94	54.32	4
107.42	110.23	4
211.12	215.81	4
419.59	428.34	4
833.53	849.56	4
1614.79	1651.01	4
2400.41	2444.74	4
3172.78	3239.77	4
3944.38	4023.38	4
4725.23	4812.34	4
5496.23	5607.83	4
6281.04	6410.91	4
7051.75	7186.82	4
0.55	0.62	4
0.72	0.76	4
0.98	1.07	4
1.32	1.14	4
0.84	1.42	4
1.47	1.19	4
1.57	1.4	4
1.46	1.44	4
1.79	1.85	4
2.17	2.32	4
3.25	3.02	4
4.01	4.29	4
6.16	6.76	4
10.69	11.4	4
19.44	21.06	4
35.04	38.93	4
65.86	73.94	4
127.44	144.49	4
374.94	280.19	4
365.87	410.32	4
483.71	546.15	4
761.3	677.11	4
908.32	809.67	4
846.71	947.53	4
948.34	1072.45	4
1065.43	1204.73	4
0.52	0.54	4
0.76	0.73	4
1.02	1.03	4
1.23	1.13	4
1.15	1.3	4
1.29	1.37	4
1.57	1.56	4
2.23	2.12	4
2.96	2.97	4
4.94	4.49	4
8.4	8.7	4
13.65	14.92	4
21.19	29.39	4
48.4	57.83	4
94.42	113.45	4
186.5	204.4	4
369.67	446.92	4
734.81	868.2	4
1415.46	1603.46	4
2098.37	2376.48	4
2785.56	3083.07	4
3465.86	3217.38	4
4156.82	4573.89	4
4840.36	5349.87	4
5513.9	6145.56	4
6208.7	5742.59	4
0.6	0.5	4
0.68	0.64	4
0.92	0.81	4
1.05	1.28	4
1.38	1.52	4
1.53	1.2	4
1.6	1.59	4
2.03	1.49	4
1.82	2.08	4
3.15	2.62	4
4.1	3.66	4
4.64	5.91	4
7.75	9.83	4
11.43	19.47	4
20.17	33.35	4
36.07	71.95	4
66.61	119.09	4
170.96	223.78	4
250.15	411.29	4
368.18	561.8	4
483.09	767.58	4
597.2	991.78	4
718.49	1217.28	4
833.41	1298.28	4
942.67	1478.86	4
1074.0	1704.84	4
0.44	0.42	5
0.57	0.56	5
0.87	0.82	5
1.14	1.37	5
2.29	1.69	5
3.11	3.6	5
4.27	3.99	5
4.36	3.9	5
4.72	5.1	5
6.43	6.12	5
11.4	10.35	5
17.79	18.22	5
35.49	34.62	5
64.29	64.25	5
120.7	121.46	5
217.22	218.48	5
373.72	377.35	5
627.78	625.34	5
870.09	871.46	5
1119.72	1120.54	5
1355.88	1368.57	5
1582.29	1579.18	5
1793.32	1793.83	5
1980.92	1968.19	5
2191.53	2157.57	5
0.36	0.38	5
0.56	0.5	5
0.89	0.82	5
1.36	1.27	5
2.17	2.6	5
1.97	2.81	5
4.33	3.33	5
5.71	5.89	5
9.26	8.86	5
14.73	15.37	5
27.8	27.57	5
53.27	52.99	5
100.26	101.6	5
185.84	185.45	5
329.35	324.71	5
538.78	537.78	5
796.3	801.55	5
1210.3	1203.42	5
1595.48	1592.41	5
1965.27	1976.95	5
2355.61	2352.67	5
2776.43	2757.33	5
3126.35	3134.94	5
3554.41	3546.42	5
3921.06	3909.22	5
0.38	0.39	5
0.48	0.5	5
0.76	0.82	5
1.34	1.34	5
1.87	1.87	5
1.77	2.36	5
3.57	2.86	5
4.05	3.31	5
4.97	4.29	5
5.96	6.17	5
9.99	9.52	5
16.12	16.44	5
29.32	29.05	5
53.39	53.22	5
99.24	99.67	5
180.01	177.14	5
310.65	308.55	5
542.35	540.58	5
775.77	760.69	5
991.62	994.68	5
1243.38	1244.81	5
1482.24	1492.85	5
1697.88	1699.71	5
1898.5	1889.32	5
2102.86	2100.74	5
0.38	0.43	5
0.51	0.61	5
0.87	0.89	5
1.43	1.18	5
2.68	1.83	5
2.38	2.88	5
4.6	3.74	5
4.9	5.02	5
8.28	8.21	5
16.33	16.69	5
26.77	27.62	5
52.2	52.77	5
98.27	100.31	5
180.52	178.81	5
313.15	316.83	5
506.48	508.17	5
746.12	750.19	5
1129.78	1136.56	5
1511.44	1511.31	5
1900.17	1882.61	5
2269.58	2272.5	5
2668.53	2665.08	5
3009.48	3027.33	5
3429.63	3430.37	5
3772.68	3779.6	5
0.4	0.42	6
0.58	0.59	6
0.88	0.86	6
1.32	1.34	6
1.7	1.78	6
2.98	2.45	6
4.08	3.66	6
5.15	5.31	6
9.26	9.91	6
15.53	14.72	6
28.11	28.85	6
53.16	52.71	6
101.39	101.12	6
188.68	188.03	6
336.66	335.98	6
556.12	556.61	6
820.91	827.16	6
1207.53	1213.37	6
1592.53	1579.91	6
1961.7	1969.88	6
2343.93	2349.97	6
2761.64	2716.81	6
3120.44	3112.77	6
3459.67	3460.53	6
3794.39	3786.47	6
0.45	0.41	6
0.5	0.58	6
0.92	0.89	6
1.21	1.47	6
1.73	2.48	6
2.5	1.96	6
2.77	2.67	6
3.84	3.23	6
4.65	5.47	6
6.48	7.95	6
11.24	10.85	6
19.77	18.95	6
34.8	35.13	6
67.48	67.6	6
127.08	126.93	6
227.92	223.82	6
384.78	385.56	6
647.13	643.63	6
879.59	881.94	6
1095.63	1107.32	6
1332.57	1336.45	6
1567.54	1570.75	6
1789.17	1804.6	6
2040.15	2035.95	6
2278.08	2282.18	6
0.4	0.34	6
0.47	0.46	6
0.68	0.73	6
1.29	1.13	6
2.15	2.08	6
2.29	2.8	6
3.47	2.97	6
4.17	4.03	6
7.1	6.45	6
12.01	11.23	6
20.2	20.77	6
38.84	37.91	6
73.38	71.25	6
128.0	131.14	6
233.16	230.02	6
392.82	389.69	6
607.22	604.52	6
942.93	956.16	6
1292.17	1299.7	6
1633.65	1632.67	6
1951.49	1974.36	6
2319.86	2298.24	6
2652.67	2643.84	6
2970.73	2971.62	6
3285.16	3276.73	6
0.45	0.42	6
0.52	0.52	6
0.93	0.9	6
1.45	1.35	6
2.08	2.01	6
3.45	2.5	6
2.13	3.11	6
3.44	3.78	6
4.18	4.96	6
7.24	6.28	6
9.76	9.88	6
17.69	18.45	6
32.94	31.82	6
57.83	57.39	6
109.54	104.5	6
188.54	189.49	6
330.59	331.02	6
563.14	565.97	6
795.72	792.82	6
1025.39	1015.72	6
1250.95	1240.77	6
1475.79	1489.75	6
1716.59	1719.29	6
1946.44	1953.08	6
2184.9	2199.13	6
0.38	0.4	7
0.54	0.52	7
0.82	0.91	7
1.51	1.38	7
2.23	2.58	7
3.06	2.53	7
2.95	3.05	7
3.44	2.85	7
4.1	4.98	7
5.87	6.71	7
10.26	11.05	7
19.03	18.95	7
34.26	34.05	7
65.68	63.98	7
119.43	119.76	7
219.44	217.14	7
373.7	377.34	7
625.59	628.0	7
866.64	870.37	7
1083.13	1087.27	7
1315.83	1316.95	7
1543.39	1534.89	7
1787.38	1790.0	7
2016.68	2024.65	7
2273.55	2271.08	7
0.42	0.39	7
0.64	0.63	7
0.74	0.77	7
1.26	1.33	7
2.25	2.45	7
1.76	2.13	7
2.83	3.3	7
4.91	5.14	7
7.61	7.59	7
14.68	14.06	7
26.3	27.7	7
49.62	49.76	7
97.84	96.01	7
178.69	179.34	7
316.51	316.59	7
534.79	532.28	7
784.06	797.0	7
1193.74	1183.21	7
1568.96	1565.84	7
1934.5	1929.72	7
2308.78	2305.45	7
2649.93	2664.51	7
3025.04	3018.74	7
3368.56	3358.48	7
3694.31	3674.99	7
0.4	0.39	7
0.46	0.51	7
0.71	0.73	7
1.32	1.25	7
2.22	1.91	7
2.56	1.8	7
3.0	3.65	7
3.21	3.59	7
4.54	4.22	7
6.57	6.74	7
9.75	9.57	7
16.59	15.83	7
29.07	28.87	7
52.78	54.18	7
98.34	97.94	7
178.56	177.66	7
314.19	309.55	7
541.44	544.91	7
777.97	778.58	7
990.42	999.09	7
1216.77	1219.35	7
1450.46	1450.84	7
1692.77	1701.46	7
1919.81	1928.01	7
2169.0	2158.22	7
0.39	0.36	7
0.49	0.53	7
0.77	0.71	7
1.24	1.17	7
1.97	1.82	7
2.92	2.39	7
2.93	3.15	7
5.21	4.96	7
6.55	6.72	7
12.79	12.92	7
23.01	21.89	7
41.95	41.9	7
79.01	80.05	7
145.87	144.85	7
259.64	260.75	7
432.39	429.11	7
647.91	652.19	7
1001.91	996.6	7
1342.56	1354.48	7
1691.21	1691.36	7
2044.06	2044.51	7
2411.91	2396.75	7
2748.49	2761.72	7
3078.98	3084.73	7
3406.91	3414.31	7
0.41	0.43	8
0.53	0.52	8
0.88	0.84	8
1.35	1.38	8
1.69	2.27	8
2.72	2.79	8
2.93	3.42	8
4.56	5.13	8
8.31	8.59	8
15.96	15.47	8
28.74	27.89	8
52.1	52.72	8
101.37	100.48	8
184.32	184.21	8
332.04	328.37	8
548.71	549.11	8
821.49	812.94	8
1231.53	1222.28	8
1624.15	1626.64	8
1996.9	2011.42	8
2444.39	2445.49	8
2851.78	2839.18	8
3255.2	3255.75	8
3658.37	3660.68	8
4053.16	4059.09	8
0.44	0.42	8
0.6	0.59	8
0.79	0.82	8
1.31	1.32	8
2.16	2.05	8
2.69	2.45	8
3.93	2.48	8
3.4	4.8	8
4.32	4.41	8
7.57	7.5	8
11.25	10.65	8
19.57	21.0	8
35.07	35.38	8
67.85	69.49	8
126.9	120.55	8
226.72	226.12	8
385.46	383.21	8
639.16	637.07	8
881.57	884.5	8
1120.71	1121.82	8
1364.45	1352.22	8
1564.56	1573.25	8
1791.08	1769.34	8
1969.3	1982.61	8
2162.65	2181.83	8
0.36	0.36	8
0.52	0.45	8
0.66	0.75	8
1.21	1.13	8
2.15	1.81	8
2.86	2.61	8
4.05	2.9	8
4.49	3.96	8
7.08	6.54	8
12.63	11.69	8
19.53	20.89	8
37.63	37.65	8
71.78	73.02	8
128.53	130.56	8
229.78	233.81	8
390.72	396.93	8
609.76	603.15	8
968.85	973.69	8
1321.95	1323.96	8
1665.9	1663.57	8
2025.05	2039.11	8
2373.02	2378.29	8
2759.66	2766.59	8
3129.55	3123.7	8
3506.13	3482.36	8
0.36	0.39	8
0.59	0.53	8
0.76	0.74	8
1.29	1.3	8
1.87	1.91	8
2.5	1.92	8
2.31	2.5	8
2.98	3.31	8
4.53	4.07	8
5.73	6.79	8
9.54	9.66	8
14.94	16.2	8
28.67	28.33	8
53.05	53.67	8
94.43	97.38	8
176.39	173.72	8
313.5	306.53	8
534.1	534.37	8
770.52	768.52	8
998.7	987.32	8
1230.07	1221.77	8
1471.1	1464.79	8
1666.23	1670.73	8
1883.75	1869.83	8
2080.8	2068.99	8
0.34	0.33	9
0.28	0.29	9
0.27	0.33	9
0.36	0.3	9
0.35	0.32	9
0.4	0.37	9
0.43	0.41	9
0.44	0.45	9
0.54	0.49	9
0.61	0.6	9
0.59	0.61	9
0.93	0.85	9
1.19	1.11	9
1.91	1.81	9
2.6	2.84	9
4.69	4.78	9
7.9	7.93	9
14.95	14.7	9
25.76	27.54	9
49.43	49.37	9
94.49	95.47	9
174.57	187.08	9
271.99	274.35	9
359.31	361.31	9
433.73	445.98	9
524.3	530.98	9
619.94	620.68	9
705.12	710.25	9
778.59	802.65	9
0.28	0.28	9
0.39	0.3	9
0.31	0.33	9
0.38	0.31	9
0.29	0.3	9
0.34	0.32	9
0.4	0.39	9
0.45	0.42	9
0.55	0.6	9
0.66	0.7	9
1.06	1.01	9
1.99	2.03	9
3.91	3.36	9
6.17	6.91	9
12.65	12.87	9
26.38	26.11	9
53.01	52.54	9
106.12	105.94	9
212.98	211.69	9
423.11	417.21	9
827.41	828.18	9
1630.8	1631.37	9
2434.69	2433.96	9
3209.2	3161.77	9
3888.4	3888.23	9
4632.29	4607.8	9
5402.66	5406.85	9
6311.48	6208.37	9
6996.57	7008.09	9
0.26	0.25	9
0.26	0.22	9
0.23	0.24	9
0.28	0.27	9
0.28	0.27	9
0.27	0.28	9
0.35	0.29	9
0.34	0.3	9
0.3	0.4	9
0.56	0.53	9
0.74	0.66	9
1.04	0.97	9
1.25	1.42	9
2.32	2.3	9
3.0	3.3	9
5.08	6.19	9
10.44	9.61	9
17.38	19.48	9
32.91	38.41	9
80.75	67.54	9
99.46	166.81	9
237.17	257.62	9
371.11	370.15	9
457.39	471.95	9
558.53	674.99	9
642.68	703.48	9
574.15	803.06	9
897.55	895.5	9
924.82	1052.44	9
0.27	0.26	9
0.26	0.23	9
0.3	0.32	9
0.32	0.28	9
0.32	0.29	9
0.39	0.35	9
0.35	0.38	9
0.45	0.39	9
0.5	0.55	9
0.72	0.7	9
1.22	1.07	9
1.88	1.97	9
3.01	3.87	9
6.24	6.82	9
13.36	15.09	9
28.03	28.6	9
55.42	58.6	9
114.81	119.31	9
222.1	228.33	9
431.77	470.79	9
891.52	900.78	9
1691.18	1832.28	9
2622.58	2637.09	9
3290.92	3468.79	9
4099.59	4163.38	9
4954.68	4934.45	9
5620.54	5848.05	9
6630.73	6644.27	9
7525.4	7519.9	9
0.28	0.26	10
0.31	0.21	10
0.34	0.32	10
0.3	0.36	10
0.26	0.27	10
0.35	0.33	10
0.34	0.37	10
0.34	0.36	10
0.37	0.4	10
0.52	0.58	10
0.69	0.71	10
1.09	0.93	10
1.53	1.56	10
2.6	2.83	10
4.69	4.37	10
8.24	8.67	10
16.19	15.96	10
31.02	30.83	10
60.23	60.91	10
117.16	119.94	10
234.07	236.21	10
448.65	457.88	10
672.56	678.19	10
905.84	903.2	10
1100.54	1124.05	10
1327.7	1342.16	10
1534.81	1560.72	10
1788.28	1784.49	10
1990.34	2009.07	10
0.25	0.27	10
0.28	0.24	10
0.33	0.28	10
0.26	0.26	10
0.32	0.33	10
0.29	0.29	10
0.32	0.32	10
0.38	0.52	10
0.54	0.53	10
0.73	0.88	10
1.09	1.06	10
1.34	2.12	10
2.97	2.53	10
5.82	4.85	10
10.38	10.02	10
21.59	21.44	10
42.51	42.39	10
85.35	85.35	10
169.51	169.7	10
335.46	335.76	10
674.8	670.27	10
1311.57	1300.07	10
1916.48	1911.56	10
2520.44	2519.91	10
3175.6	3132.92	10
3720.91	3727.06	10
4365.09	4322.12	10
4926.28	4933.15	10
5531.93	5533.22	10
0.25	0.24	10
0.23	0.25	10
0.23	0.25	10
0.26	0.23	10
0.24	0.27	10
0.3	0.32	10
0.29	0.32	10
0.35	0.35	10
0.33	0.38	10
0.53	0.52	10
0.69	0.66	10
1.11	1.0	10
1.75	1.74	10
2.77	2.84	10
4.65	4.79	10
10.73	9.71	10
19.6	19.37	10
33.67	39.83	10
60.54	72.23	10
120.87	144.76	10
223.7	263.73	10
487.24	470.17	10
676.31	707.8	10
968.49	961.05	10
1091.37	1141.14	10
1331.33	1404.16	10
1461.28	1584.05	10
1746.14	1820.51	10
1873.21	2071.92	10
0.25	0.25	10
0.24	0.28	10
0.26	0.25	10
0.26	0.27	10
0.28	0.27	10
0.29	0.29	10
0.34	0.34	10
0.37	0.42	10
0.44	0.56	10
0.75	0.8	10
0.97	1.35	10
2.31	2.29	10
3.19	3.12	10
5.59	6.69	10
12.1	10.85	10
22.18	24.3	10
46.92	49.51	10
87.9	97.86	10
178.21	194.04	10
349.01	363.92	10
705.86	741.89	10
1387.95	1492.06	10
2028.55	2063.41	10
2623.59	2739.71	10
3383.83	3480.31	10
3861.88	4079.39	10
4673.88	4610.34	10
5113.82	5297.79	10
5704.84	5835.94	10
0.26	0.27	11
0.26	0.28	11
0.27	0.26	11
0.27	0.34	11
0.31	0.25	11
0.33	0.31	11
0.35	0.31	11
0.38	0.43	11
0.51	0.54	11
0.62	0.55	11
1.08	0.93	11
2.14	1.62	11
2.35	3.28	11
5.58	6.08	11
9.69	9.75	11
20.56	19.59	11
43.85	43.44	11
83.97	84.43	11
166.86	165.43	11
333.52	328.22	11
661.95	657.99	11
1272.27	1274.52	11
1911.79	1896.02	11
2576.23	2512.77	11
3127.78	3132.58	11
3743.58	3747.35	11
4392.01	4360.21	11
5025.01	4980.69	11
5623.49	5583.05	11
0.27	0.26	11
0.24	0.27	11
0.28	0.29	11
0.27	0.28	11
0.28	0.34	11
0.28	0.36	11
0.37	0.31	11
0.27	0.4	11
0.43	0.45	11
0.57	0.53	11
0.75	0.72	11
1.03	1.07	11
1.49	1.51	11
2.47	2.86	11
4.4	4.19	11
8.34	8.42	11
16.4	16.06	11
30.68	31.17	11
60.1	60.22	11
115.88	116.52	11
225.42	234.3	11
453.12	459.56	11
665.47	674.43	11
879.55	888.76	11
1107.06	1104.4	11
1301.4	1316.61	11
1492.1	1516.28	11
1712.72	1734.59	11
1935.93	1949.73	11
0.25	0.23	11
0.24	0.27	11
0.25	0.22	11
0.25	0.25	11
0.26	0.24	11
0.29	0.27	11
0.26	0.31	11
0.34	0.32	11
0.47	0.52	11
0.68	0.67	11
0.9	0.93	11
1.83	1.78	11
3.16	3.16	11
4.79	4.5	11
9.6	8.14	11
19.28	18.44	11
39.49	41.94	11
77.97	81.91	11
165.17	169.03	11
326.52	336.78	11
601.63	667.17	11
1227.89	1244.15	11
1822.09	1830.06	11
2499.2	2474.27	11
2972.13	3000.62	11
3610.95	3660.11	11
4307.61	4186.92	11
4770.68	4828.16	11
5268.31	5424.63	11
0.24	0.23	11
0.29	0.22	11
0.28	0.28	11
0.26	0.29	11
0.29	0.26	11
0.28	0.27	11
0.35	0.35	11
0.37	0.34	11
0.44	0.34	11
0.66	0.57	11
0.79	0.78	11
1.13	1.19	11
1.78	1.71	11
3.01	3.17	11
4.74	5.0	11
9.49	9.59	11
19.09	18.48	11
33.46	35.9	11
63.11	66.0	11
119.93	139.67	11
240.83	251.29	11
477.9	500.84	11
662.18	746.7	11
885.95	957.35	11
1178.98	1236.08	11
1386.27	1434.13	11
1647.79	1666.92	11
1815.73	1885.04	11
1932.4	2125.19	11
0.27	0.23	12
0.27	0.27	12
0.25	0.24	12
0.29	0.28	12
0.25	0.27	12
0.27	0.28	12
0.32	0.31	12
0.41	0.39	12
0.47	0.43	12
0.65	0.7	12
1.06	0.9	12
1.88	1.77	12
2.99	3.42	12
6.62	6.36	12
11.86	11.88	12
24.3	23.92	12
49.5	49.19	12
98.25	97.25	12
194.53	194.34	12
385.51	385.57	12
772.64	770.8	12
1520.2	1501.44	12
2251.14	2221.67	12
2968.24	2944.78	12
3664.68	3669.0	12
4388.73	4394.44	12
5136.63	5114.22	12
5827.56	5835.19	12
6605.02	6560.95	12
0.27	0.25	12
0.27	0.27	12
0.3	0.33	12
0.25	0.24	12
0.28	0.25	12
0.31	0.33	12
0.35	0.33	12
0.35	0.4	12
0.39	0.47	12
0.53	0.52	12
0.58	0.62	12
0.82	0.8	12
1.21	1.09	12
1.78	1.71	12
2.58	2.68	12
4.72	4.64	12
7.72	8.13	12
14.21	14.66	12
26.04	26.68	12
49.2	49.77	12
97.66	95.8	12
174.58	185.89	12
266.82	274.21	12
358.56	356.95	12
443.6	444.57	12
504.96	532.47	12
603.54	619.32	12
707.84	710.75	12
775.39	800.87	12
0.24	0.23	12
0.21	0.22	12
0.22	0.27	12
0.22	0.25	12
0.22	0.24	12
0.27	0.25	12
0.27	0.31	12
0.32	0.37	12
0.43	0.39	12
0.5	0.64	12
1.01	0.96	12
1.64	1.58	12
3.23	3.12	12
5.94	5.74	12
12.4	11.99	12
23.82	24.99	12
47.11	49.52	12
92.35	98.61	12
193.61	203.11	12
367.52	390.39	12
770.68	772.28	12
1426.87	1529.62	12
2151.52	2231.06	12
2926.6	2914.88	12
3479.41	3702.61	12
4226.56	4300.87	12
4846.13	5006.47	12
5762.14	5767.49	12
6439.36	6439.36	12
0.27	0.26	12
0.26	0.27	12
0.26	0.22	12
0.28	0.25	12
0.34	0.24	12
0.32	0.23	12
0.34	0.41	12
0.34	0.41	12
0.45	0.49	12
0.58	0.61	12
0.67	0.65	12
1.1	0.94	12
1.27	1.47	12
2.24	2.12	12
2.91	3.39	12
5.89	6.02	12
11.9	10.35	12
18.6	19.99	12
33.39	37.45	12
73.18	67.07	12
101.05	121.4	12
224.91	301.29	12
317.51	399.87	12
417.48	489.36	12
541.54	606.91	12
717.53	657.98	12
801.17	782.56	12
906.91	939.22	12
1022.1	1064.15	12
0.27	0.28	13
0.35	0.32	13
0.43	0.51	13
0.59	0.68	13
1.1	1.07	13
1.68	1.99	13
3.3	2.96	13
3.31	3.17	13
4.04	4.39	13
5.48	6.72	13
7.74	8.66	13
15.1	15.4	13
23.21	24.57	13
41.71	43.17	13
70.22	68.91	13
106.86	109.92	13
144.64	144.61	13
203.72	195.66	13
314.72	307.98	13
519.5	515.55	13
735.85	733.5	13
946.72	949.36	13
1161.24	1168.5	13
1375.65	1379.42	13
1596.63	1583.97	13
1813.2	1779.48	13
1973.51	1935.16	13
0.29	0.24	13
0.35	0.34	13
0.47	0.41	13
0.64	0.61	13
1.12	1.06	13
1.86	1.98	13
3.24	2.77	13
4.48	4.1	13
3.61	5.51	13
6.14	4.75	13
10.82	9.28	13
13.32	16.2	13
27.66	27.43	13
46.56	47.36	13
79.03	82.54	13
129.58	126.09	13
182.89	186.41	13
283.24	282.04	13
471.5	472.69	13
880.68	879.12	13
1272.36	1277.39	13
1660.59	1642.26	13
2020.46	2022.37	13
2394.59	2370.57	13
2717.84	2721.21	13
3056.56	3049.19	13
3377.74	3379.99	13
0.24	0.27	13
0.29	0.32	13
0.39	0.43	13
0.6	0.62	13
0.95	0.96	13
1.72	1.76	13
2.28	2.62	13
2.75	4.46	13
3.76	3.31	13
5.24	3.39	13
6.8	7.72	13
11.55	11.05	13
19.03	21.34	13
32.63	32.4	13
56.36	55.04	13
84.6	85.47	13
114.94	114.74	13
162.5	168.34	13
269.18	262.91	13
462.41	468.78	13
663.46	649.27	13
885.55	862.1	13
1071.41	1066.45	13
1277.65	1260.0	13
1483.17	1457.48	13
1665.38	1657.88	13
1838.93	1816.29	13
0.28	0.26	13
0.32	0.31	13
0.39	0.39	13
0.64	0.58	13
0.95	1.01	13
1.21	1.42	13
1.99	2.23	13
3.04	3.63	13
3.77	3.66	13
4.88	5.28	13
8.15	7.95	13
11.75	12.57	13
21.41	22.37	13
37.38	37.75	13
63.76	62.73	13
102.93	101.51	13
155.46	152.92	13
243.65	243.79	13
420.8	416.62	13
795.04	801.13	13
1167.06	1170.05	13
1487.91	1491.86	13
1821.32	1806.55	13
2134.91	2150.5	13
2459.11	2446.52	13
2782.13	2780.23	13
3022.99	3051.77	13
0.31	0.3	14
0.33	0.34	14
0.49	0.45	14
0.73	0.7	14
1.17	1.13	14
2.15	2.23	14
2.57	2.59	14
5.02	3.71	14
4.63	4.7	14
6.46	6.76	14
9.58	10.16	14
15.7	15.55	14
28.27	28.25	14
47.62	48.93	14
81.54	80.79	14
128.76	129.53	14
181.58	181.49	14
268.73	274.74	14
446.37	440.53	14
767.92	774.5	14
1108.71	1113.58	14
1457.03	1443.85	14
1784.17	1778.43	14
2120.28	2109.93	14
2465.85	2467.05	14
2774.15	2787.05	14
3098.02	3071.93	14
0.34	0.31	14
0.38	0.37	14
0.48	0.48	14
0.7	0.67	14
1.28	1.16	14
2.2	1.82	14
3.23	2.84	14
4.51	3.87	14
4.74	4.35	14
6.29	6.29	14
7.66	9.54	14
15.19	14.11	14
25.3	25.86	14
43.63	43.55	14
70.39	74.0	14
112.73	112.89	14
150.57	153.66	14
212.94	211.55	14
331.58	324.58	14
596.56	592.86	14
875.81	864.6	14
1100.14	1104.98	14
1320.46	1317.05	14
1545.47	1530.37	14
1720.39	1743.73	14
1955.61	1951.19	14
2136.24	2128.76	14
0.28	0.29	14
0.29	0.28	14
0.38	0.41	14
0.58	0.57	14
0.95	0.94	14
1.71	1.68	14
1.61	2.49	14
3.02	3.1	14
3.92	3.16	14
4.82	5.22	14
7.98	8.22	14
13.12	11.77	14
22.07	21.78	14
35.8	36.57	14
59.74	60.29	14
96.37	96.22	14
142.35	142.99	14
216.71	219.9	14
373.4	367.28	14
662.17	660.1	14
973.56	952.22	14
1255.07	1256.02	14
1556.39	1558.99	14
1870.77	1881.61	14
2146.95	2173.67	14
2438.78	2436.88	14
2753.72	2727.16	14
0.26	0.27	14
0.37	0.29	14
0.41	0.41	14
0.65	0.73	14
1.09	1.11	14
1.95	2.16	14
2.54	3.94	14
5.61	5.06	14
5.49	3.97	14
6.27	6.31	14
10.22	9.5	14
14.62	16.29	14
23.67	23.99	14
41.41	41.67	14
66.57	69.27	14
103.24	103.02	14
142.94	135.78	14
195.09	199.58	14
318.93	313.74	14
566.2	589.67	14
853.06	844.28	14
1071.52	1053.93	14
1245.78	1254.09	14
1443.5	1441.66	14
1653.58	1627.44	14
1812.06	1799.18	14
1973.75	1981.09	14
0.3	0.33	15
0.34	0.3	15
0.45	0.41	15
0.69	0.63	15
0.9	1.01	15
1.69	1.92	15
2.71	3.21	15
3.21	4.42	15
3.61	3.73	15
5.32	4.42	15
8.93	7.69	15
14.17	14.18	15
23.77	25.39	15
41.22	41.07	15
67.21	68.34	15
104.77	108.49	15
145.62	145.1	15
207.08	203.23	15
319.43	312.61	15
575.63	568.06	15
829.98	824.97	15
1033.13	1036.71	15
1263.68	1260.62	15
1494.64	1470.94	15
1695.41	1699.06	15
1874.69	1869.49	15
2090.47	2059.03	15
0.27	0.26	15
0.32	0.32	15
0.46	0.39	15
0.61	0.65	15
0.89	1.09	15
1.53	1.98	15
2.26	3.66	15
4.22	4.15	15
5.45	4.96	15
7.64	6.46	15
9.47	10.72	15
15.52	14.41	15
26.08	25.35	15
49.22	46.94	15
75.85	76.91	15
119.44	122.9	15
174.73	178.35	15
261.62	260.08	15
434.19	435.25	15
771.99	761.78	15
1103.46	1097.75	15
1457.19	1453.63	15
1775.22	1771.69	15
2131.15	2107.43	15
2421.3	2462.21	15
2765.98	2763.66	15
3088.91	3065.45	15
0.25	0.26	15
0.29	0.27	15
0.4	0.37	15
0.6	0.57	15
0.92	0.92	15
1.78	1.66	15
2.63	2.64	15
4.14	2.34	15
4.1	3.29	15
5.98	3.94	15
8.32	7.48	15
11.55	10.84	15
19.78	18.31	15
33.46	32.24	15
53.64	54.42	15
82.89	83.49	15
114.88	117.16	15
167.39	169.08	15
282.54	273.34	15
514.05	514.14	15
753.14	740.55	15
950.65	938.55	15
1152.01	1143.41	15
1340.88	1357.07	15
1536.25	1504.74	15
1708.96	1697.08	15
1888.79	1865.25	15
0.28	0.28	15
0.3	0.3	15
0.39	0.38	15
0.59	0.57	15
0.96	0.92	15
1.65	1.68	15
2.09	2.04	15
2.48	1.89	15
4.02	2.5	15
5.95	5.31	15
8.31	7.01	15
11.63	13.43	15
22.48	22.58	15
35.73	35.39	15
61.15	61.59	15
93.44	95.11	15
143.65	143.55	15
221.52	216.45	15
374.17	381.95	15
669.79	670.81	15
967.79	966.14	15
1277.3	1266.92	15
1581.55	1574.57	15
1866.27	1878.23	15
2198.09	2177.49	15
2465.34	2447.37	15
2735.04	2725.57	15
0.28	0.28	16
0.32	0.29	16
0.5	0.37	16
0.67	0.67	16
1.09	1.14	16
1.79	1.92	16
3.6	3.3	16
5.23	3.65	16
4.27	4.54	16
5.47	4.71	16
9.25	9.05	16
15.37	15.2	16
28.18	28.04	16
49.6	48.2	16
81.22	79.9	16
127.87	127.07	16
184.03	182.79	16
276.25	275.02	16
451.09	454.71	16
831.45	836.65	16
1202.03	1199.28	16
1549.25	1564.76	16
1890.58	1900.57	16
2234.75	2254.52	16
2585.25	2591.57	16
2902.19	2908.99	16
3204.01	3201.28	16
0.27	0.27	16
0.33	0.29	16
0.41	0.45	16
0.77	0.63	16
1.15	1.09	16
1.65	1.99	16
3.48	3.82	16
3.9	4.46	16
4.4	3.84	16
7.17	6.03	16
8.84	9.16	16
13.01	13.83	16
25.95	25.07	16
42.67	43.89	16
71.98	72.82	16
109.23	109.07	16
148.63	148.52	16
205.53	206.48	16
315.14	310.56	16
538.92	516.93	16
738.87	738.64	16
956.64	947.34	16
1176.7	1173.43	16
1400.31	1376.85	16
1607.62	1602.06	16
1823.82	1780.9	16
1964.54	1983.25	16
0.23	0.26	16
0.29	0.28	16
0.42	0.4	16
0.61	0.58	16
0.97	0.96	16
1.22	1.65	16
2.92	3.19	16
3.31	3.41	16
3.28	4.05	16
3.72	4.7	16
7.09	7.02	16
12.39	12.53	16
21.19	21.57	16
36.63	37.0	16
61.29	59.41	16
96.03	96.58	16
145.28	140.15	16
225.41	224.68	16
383.69	385.07	16
729.77	719.3	16
1053.48	1054.06	16
1371.49	1369.56	16
1653.23	1661.73	16
1949.29	1959.73	16
2237.03	2243.2	16
2538.18	2573.89	16
2803.62	2800.13	16
0.25	0.25	16
0.35	0.32	16
0.42	0.49	16
0.62	0.63	16
1.11	1.19	16
1.95	1.78	16
3.72	3.05	16
2.87	2.63	16
3.54	5.62	16
5.74	4.79	16
9.2	8.06	16
14.25	12.95	16
23.15	21.99	16
38.47	37.49	16
63.79	62.86	16
98.03	96.94	16
132.44	132.36	16
181.23	178.74	16
287.19	283.83	16
477.09	474.12	16
685.91	689.58	16
897.56	885.64	16
1099.05	1090.07	16
1284.93	1296.4	16
1496.55	1516.28	16
1682.41	1671.88	16
1841.42	1854.34	16
0.4	0.42	17
0.54	0.59	17
1.01	1.02	17
1.64	2.02	17
3.28	3.44	17
5.94	5.37	17
9.28	9.24	17
7.06	7.73	17
16.63	9.86	17
17.6	12.67	17
28.53	24.92	17
42.24	44.62	17
78.63	78.87	17
142.4	148.2	17
270.57	269.43	17
500.37	493.7	17
870.73	866.18	17
1335.93	1337.05	17
1784.72	1781.01	17
2478.7	2481.4	17
3182.48	3144.14	17
3791.34	3782.44	17
4346.62	4346.62	17
4862.32	4852.23	17
5331.38	5326.71	17
5783.05	5771.09	17
6179.65	6207.41	17
0.42	0.51	17
0.67	0.55	17
0.97	0.98	17
1.8	1.91	17
3.52	3.38	17
5.67	6.54	17
10.46	5.26	17
6.87	11.97	17
14.05	15.51	17
23.88	22.58	17
47.26	40.42	17
72.91	70.16	17
138.6	131.93	17
253.34	255.79	17
466.89	467.37	17
841.88	840.68	17
1425.78	1433.0	17
2151.9	2143.11	17
2722.37	2715.83	17
3645.15	3641.26	17
4389.29	4386.85	17
5169.58	5156.64	17
6048.71	6038.63	17
6919.25	6935.01	17
7853.63	7844.75	17
8778.74	8817.84	17
9656.08	9637.58	17
0.32	0.34	17
0.54	0.51	17
0.87	0.88	17
1.53	1.41	17
2.79	2.46	17
4.91	5.01	17
8.38	8.81	17
9.42	10.26	17
9.32	14.68	17
15.58	13.93	17
24.08	19.05	17
38.22	34.3	17
60.5	58.22	17
116.89	107.28	17
208.87	216.05	17
382.85	383.61	17
673.13	669.58	17
1038.86	1033.47	17
1401.93	1406.34	17
2033.35	2016.94	17
2687.76	2677.52	17
3367.61	3360.97	17
3947.96	3948.97	17
4514.34	4488.11	17
5024.82	5028.98	17
5479.56	5496.28	17
5898.39	5894.22	17
0.39	0.39	17
0.64	0.65	17
0.96	1.07	17
1.85	1.59	17
3.12	3.09	17
5.04	6.16	17
10.57	7.3	17
14.33	11.86	17
17.7	12.48	17
22.7	25.33	17
38.91	37.77	17
70.15	68.56	17
130.11	128.87	17
241.57	235.0	17
438.96	446.98	17
783.36	792.78	17
1331.85	1338.98	17
1981.73	1967.31	17
2486.36	2479.05	17
3413.46	3385.72	17
4121.37	4145.37	17
4900.8	4899.73	17
5769.42	5725.52	17
6610.48	6607.76	17
7643.84	7597.95	17
8605.1	8594.58	17
9472.49	9488.92	17
0.47	0.38	18
0.66	0.69	18
1.18	0.97	18
2.09	2.08	18
3.61	2.87	18
7.09	5.08	18
10.12	11.19	18
7.61	13.72	18
18.11	20.81	18
21.42	19.15	18
41.01	42.71	18
78.91	76.15	18
147.31	146.21	18
267.88	267.03	18
496.24	499.64	18
896.98	899.95	18
1516.92	1517.17	18
2271.76	2268.65	18
2918.91	2924.22	18
3790.25	3793.15	18
4594.65	4606.71	18
5644.94	5654.82	18
6707.13	6704.43	18
7622.4	7616.77	18
8354.09	8344.29	18
9027.64	9007.68	18
9615.89	9616.85	18
0.51	0.43	18
0.63	0.55	18
1.11	1.03	18
1.78	1.74	18
3.69	3.47	18
4.79	4.57	18
6.59	11.9	18
8.38	10.03	18
12.38	17.14	18
16.36	19.41	18
33.81	29.27	18
39.67	45.85	18
80.2	83.77	18
153.46	156.91	18
286.73	284.9	18
522.61	524.89	18
916.8	915.7	18
1400.91	1402.86	18
1845.79	1848.61	18
2549.6	2553.2	18
3079.61	3076.09	18
3636.24	3640.09	18
4236.24	4215.18	18
4819.13	4826.41	18
5412.04	5430.57	18
6067.16	6078.03	18
6696.36	6705.64	18
0.37	0.39	18
0.5	0.5	18
0.76	0.83	18
1.49	1.31	18
2.55	2.48	18
4.84	4.14	18
9.29	9.5	18
9.26	8.19	18
12.61	7.77	18
15.52	15.29	18
30.52	30.49	18
51.31	49.69	18
95.25	94.61	18
173.29	169.13	18
312.66	321.0	18
566.21	563.01	18
947.56	949.75	18
1445.47	1448.71	18
1919.81	1926.1	18
2663.8	2654.45	18
3365.13	3369.39	18
4272.13	4271.23	18
5179.07	5144.3	18
5977.55	5945.29	18
6664.66	6643.87	18
7306.11	7292.31	18
7825.34	7843.11	18
0.42	0.47	18
0.62	0.57	18
0.94	1.0	18
1.74	1.77	18
2.61	3.24	18
6.26	6.25	18
11.48	7.95	18
9.4	6.24	18
14.66	12.41	18
15.39	21.5	18
26.6	28.26	18
47.48	44.06	18
78.62	79.76	18
143.86	148.91	18
272.49	267.61	18
504.4	504.91	18
878.56	880.14	18
1330.01	1339.77	18
1729.85	1729.1	18
2396.19	2383.9	18
2930.24	2944.53	18
3499.72	3504.47	18
4073.04	4087.69	18
4695.41	4663.96	18
5309.48	5333.58	18
5975.96	5952.37	18
6696.47	6677.86	18
0.42	0.46	19
0.55	0.63	19
0.98	1.04	19
1.88	1.74	19
2.99	3.26	19
3.32	6.41	19
7.34	7.02	19
8.86	7.89	19
11.7	13.48	19
23.14	14.49	19
28.14	29.25	19
44.64	39.8	19
84.95	85.84	19
151.26	152.76	19
278.84	276.52	19
509.47	508.6	19
890.94	898.39	19
1365.36	1363.1	19
1808.68	1804.62	19
2504.11	2510.47	19
3060.14	3042.53	19
3566.54	3584.26	19
4181.33	4167.15	19
4747.56	4772.45	19
5358.49	5362.99	19
6016.65	5993.77	19
6601.77	6619.97	19
0.47	0.42	19
0.68	0.67	19
0.93	0.9	19
1.71	1.94	19
3.41	2.96	19
6.32	5.82	19
10.91	13.08	19
10.78	12.79	19
14.48	17.19	19
28.66	26.28	19
40.5	39.76	19
72.34	79.16	19
141.38	139.49	19
258.16	268.04	19
479.78	481.34	19
868.43	860.33	19
1460.28	1464.01	19
2193.61	2198.75	19
2844.32	2834.9	19
3738.0	3725.5	19
4551.31	4545.45	19
5579.36	5608.07	19
6683.12	6706.21	19
7638.49	7628.31	19
8418.31	8383.29	19
9034.32	9050.29	19
9608.35	9633.79	19
0.37	0.36	19
0.51	0.55	19
0.75	0.77	19
1.59	1.45	19
2.42	2.76	19
3.18	4.26	19
6.76	8.55	19
9.14	10.67	19
13.66	12.65	19
14.07	19.89	19
21.83	22.16	19
37.33	36.27	19
66.4	66.8	19
123.1	123.58	19
221.25	220.36	19
398.52	395.7	19
675.54	674.21	19
1032.65	1033.55	19
1422.31	1424.43	19
2066.84	2070.84	19
2609.33	2613.17	19
3167.11	3158.37	19
3723.13	3692.34	19
4264.62	4276.98	19
4880.45	4862.43	19
5528.38	5514.31	19
6149.66	6122.56	19
0.39	0.44	19
0.53	0.58	19
1.03	0.86	19
1.69	1.8	19
2.99	2.8	19
4.33	6.15	19
7.0	8.89	19
10.8	13.27	19
17.8	14.75	19
23.71	26.33	19
41.54	43.67	19
72.37	71.36	19
123.87	125.65	19
243.36	241.11	19
442.22	436.89	19
785.37	783.18	19
1307.82	1306.97	19
1933.8	1934.47	19
2463.94	2471.21	19
3250.9	3245.89	19
3993.28	3993.57	19
4989.11	4971.7	19
6033.63	6056.72	19
6933.71	6926.45	19
7691.18	7675.72	19
8314.17	8315.1	19
8902.5	8889.04	19
0.4	0.45	20
0.76	0.68	20
1.09	1.13	20
1.99	2.04	20
3.6	3.81	20
6.5	6.12	20
12.99	10.88	20
19.29	10.81	20
15.58	19.97	20
28.42	25.58	20
43.91	43.01	20
77.85	75.58	20
146.87	144.55	20
268.8	272.41	20
504.03	503.71	20
903.43	896.33	20
1516.22	1525.31	20
2282.85	2292.27	20
2921.54	2911.93	20
3835.94	3846.57	20
4663.79	4672.44	20
5526.89	5517.21	20
6454.81	6453.09	20
7484.98	7476.23	20
8479.46	8517.72	20
9620.26	9585.24	20
10560.76	10631.86	20
0.53	0.51	20
0.78	0.63	20
1.12	1.0	20
1.87	2.17	20
3.4	2.82	20
6.61	7.29	20
10.97	10.55	20
14.83	12.97	20
18.03	11.28	20
24.72	20.15	20
28.32	31.38	20
48.98	50.11	20
86.46	82.1	20
154.64	161.37	20
290.36	293.8	20
535.22	536.37	20
930.3	928.49	20
1427.52	1427.15	20
1894.55	1889.32	20
2593.05	2571.14	20
3261.38	3287.64	20
3898.39	3870.66	20
4454.66	4455.48	20
4948.73	4974.58	20
5440.32	5467.91	20
5870.11	5876.43	20
6285.47	6289.22	20
0.36	0.37	20
0.48	0.53	20
0.83	0.91	20
1.57	1.65	20
2.71	2.42	20
4.91	4.31	20
8.85	6.47	20
12.19	13.04	20
10.98	14.17	20
21.1	24.97	20
36.23	36.33	20
65.94	62.49	20
113.56	114.02	20
218.07	210.25	20
392.51	388.59	20
692.99	693.46	20
1149.53	1147.88	20
1700.78	1708.78	20
2184.24	2175.64	20
2952.14	2947.15	20
3669.08	3647.06	20
4372.06	4355.09	20
5288.24	5305.7	20
6181.61	6185.25	20
7043.15	7085.21	20
8068.55	8059.76	20
8972.65	8985.54	20
0.39	0.4	20
0.6	0.65	20
1.03	1.01	20
1.84	1.8	20
3.36	3.38	20
5.44	5.5	20
12.07	8.96	20
14.84	8.47	20
10.51	13.99	20
14.17	18.31	20
26.58	24.13	20
44.3	40.59	20
79.71	81.28	20
146.87	145.14	20
264.13	266.72	20
480.54	482.97	20
831.25	827.31	20
1251.77	1257.91	20
1649.64	1648.56	20
2264.6	2270.06	20
2900.4	2908.17	20
3547.2	3536.06	20
4154.85	4120.59	20
4719.02	4740.17	20
5233.62	5246.98	20
5683.01	5665.45	20
6064.45	6104.11	20
0.67	0.79	21
1.07	0.99	21
1.14	1.63	21
1.55	1.31	21
1.68	1.47	21
1.66	2.09	21
1.8	2.13	21
2.51	2.55	21
2.24	2.53	21
3.19	3.19	21
5.27	4.9	21
7.07	7.31	21
13.92	14.8	21
20.89	22.96	21
38.18	42.28	21
71.81	80.39	21
138.47	155.38	21
336.58	304.43	21
391.92	446.05	21
521.03	588.55	21
816.61	733.43	21
972.82	880.6	21
902.67	1019.81	21
1289.89	1168.52	21
1445.17	1301.56	21
1.13	1.23	21
1.51	1.51	21
1.92	1.86	21
1.88	2.04	21
1.48	2.47	21
2.68	2.76	21
2.45	3.24	21
5.14	4.88	21
8.01	5.68	21
11.54	10.37	21
17.8	18.33	21
38.03	40.08	21
63.13	75.66	21
149.78	150.14	21
292.22	296.6	21
582.65	493.86	21
1158.33	1176.26	21
2258.04	1912.89	21
3344.38	3391.38	21
4419.37	4494.47	21
5520.66	4689.16	21
6600.31	6706.28	21
7696.96	7816.7	21
8792.35	7459.42	21
9873.57	10012.44	21
0.8	0.72	21
0.92	0.77	21
1.34	1.24	21
1.57	1.41	21
1.31	1.96	21
1.55	1.47	21
1.9	1.94	21
2.27	2.4	21
2.57	2.84	21
4.68	4.3	21
5.42	6.36	21
7.92	9.99	21
15.9	19.4	21
21.66	37.23	21
47.15	68.49	21
73.89	114.94	21
138.83	229.97	21
269.08	443.29	21
393.78	681.5	21
524.55	885.37	21
648.47	1097.89	21
972.91	1291.37	21
900.4	1541.79	21
1035.32	1693.6	21
1419.68	1880.67	21
1.21	0.79	21
1.15	1.28	21
1.76	1.79	21
1.86	2.28	21
2.24	2.19	21
2.14	2.29	21
2.41	3.14	21
4.17	4.33	21
7.03	7.46	21
11.92	11.18	21
17.82	21.59	21
32.4	41.33	21
73.79	81.32	21
145.37	166.55	21
285.12	256.05	21
564.03	509.23	21
1122.17	1261.43	21
2179.37	2402.47	21
3232.19	3586.51	21
4281.06	4694.92	21
5327.82	5812.6	21
6381.42	6923.64	21
7431.69	8072.84	21
8479.62	9230.96	21
9534.35	10391.79	21
0.97	0.98	22
1.66	1.46	22
1.63	1.93	22
2.07	1.65	22
2.12	1.94	22
2.56	2.38	22
2.64	2.63	22
3.36	2.82	22
3.75	3.59	22
5.09	4.75	22
7.95	7.4	22
11.53	12.68	22
20.69	22.96	22
39.51	41.13	22
83.39	83.9	22
144.26	163.84	22
280.25	298.89	22
548.38	576.09	22
803.01	853.45	22
1187.69	1232.7	22
1636.7	1419.74	22
1586.85	1687.15	22
1848.21	1960.23	22
2102.47	2458.88	22
2366.45	2741.77	22
0.79	0.66	22
0.89	0.93	22
1.51	1.09	22
1.71	1.6	22
1.45	1.92	22
2.12	2.12	22
2.71	2.42	22
4.47	3.67	22
5.37	5.43	22
8.74	10.27	22
17.7	15.5	22
34.26	34.91	22
67.09	68.73	22
107.51	132.22	22
254.79	217.34	22
504.87	511.85	22
830.09	1011.52	22
1609.49	1961.42	22
2856.93	2900.05	22
2484.82	3157.89	22
3110.31	4758.4	22
5625.09	4752.34	22
6546.07	5521.29	22
7472.23	7607.2	22
8398.33	7070.19	22
1.04	0.87	22
1.55	1.29	22
2.03	1.56	22
2.04	2.06	22
2.11	2.2	22
2.75	1.75	22
2.47	2.19	22
3.22	3.11	22
3.71	4.11	22
6.1	5.9	22
8.37	10.02	22
12.6	17.06	22
21.22	30.71	22
40.61	53.14	22
71.25	110.67	22
134.22	183.16	22
265.08	401.7	22
508.57	678.63	22
842.11	1025.93	22
1003.29	1332.93	22
1241.07	1659.84	22
1479.47	2004.17	22
1926.3	2327.3	22
1969.0	2652.55	22
2217.05	2983.8	22
0.64	0.75	22
0.89	0.79	22
1.28	1.55	22
1.39	1.33	22
2.36	1.62	22
2.35	1.93	22
2.18	2.83	22
3.57	3.74	22
5.54	6.09	22
10.72	8.87	22
17.67	18.41	22
32.66	37.7	22
62.63	73.18	22
120.69	132.31	22
196.02	229.24	22
392.37	532.05	22
766.68	1038.78	22
1794.41	2007.22	22
2648.53	2922.42	22
2917.6	3149.56	22
4348.44	4824.44	22
4298.66	5776.85	22
6082.37	6735.24	22
6974.55	6303.82	22
7795.91	8620.35	22
0.84	0.77	23
0.96	0.83	23
1.33	1.29	23
1.86	1.9	23
1.92	1.86	23
2.32	2.52	23
2.86	2.86	23
3.95	4.31	23
6.01	5.94	23
11.69	11.09	23
20.51	19.87	23
32.07	37.85	23
61.18	74.78	23
142.64	145.86	23
283.68	288.86	23
545.42	553.93	23
871.99	1063.08	23
1979.96	1696.25	23
2950.77	2979.09	23
3871.29	3941.36	23
4840.25	4922.87	23
5771.0	5875.21	23
6697.46	6850.28	23
6284.55	6349.11	23
8350.46	8511.38	23
1.11	1.1	23
1.65	1.76	23
2.12	2.28	23
2.34	1.77	23
2.54	2.63	23
2.77	2.84	23
2.61	2.85	23
2.94	3.16	23
4.04	4.01	23
5.04	4.73	23
7.65	8.25	23
13.02	13.6	23
21.38	22.71	23
38.77	40.19	23
73.19	83.54	23
158.25	150.83	23
278.9	297.84	23
545.16	573.58	23
800.74	852.04	23
1197.4	1130.96	23
1481.32	1536.19	23
1586.35	1682.18	23
1844.21	1958.08	23
2106.23	2240.31	23
2356.34	2512.54	23
0.7	0.73	23
0.8	0.92	23
1.03	1.31	23
1.44	1.35	23
1.48	1.86	23
1.8	1.88	23
2.89	2.31	23
4.05	3.4	23
5.61	5.41	23
8.97	8.6	23
15.28	14.41	23
29.23	33.14	23
55.41	65.0	23
107.38	121.78	23
173.62	255.74	23
407.27	403.11	23
806.79	895.42	23
1277.53	1758.95	23
2281.97	2582.67	23
3032.54	3470.58	23
3098.1	4211.78	23
4491.19	5058.38	23
4303.19	4700.19	23
5967.55	6750.82	23
6717.8	7485.25	23
0.84	1.19	23
1.43	1.41	23
1.92	1.89	23
2.54	2.15	23
2.17	2.33	23
2.73	1.97	23
2.79	3.01	23
3.41	3.79	23
4.52	4.07	23
5.72	6.39	23
7.78	9.87	23
13.53	16.57	23
20.86	26.09	23
39.07	50.91	23
70.56	104.01	23
135.91	223.63	23
263.38	364.34	23
507.67	691.62	23
749.36	1019.2	23
995.68	1367.62	23
1441.8	1676.12	23
1482.1	2024.3	23
1725.18	2327.98	23
1968.97	2637.51	23
2208.5	2971.24	23
0.84	0.83	24
1.36	1.31	24
1.53	1.55	24
1.77	2.0	24
2.32	1.88	24
2.25	2.0	24
2.48	2.85	24
3.47	3.41	24
6.33	5.86	24
9.83	9.63	24
18.35	18.34	24
34.15	34.8	24
68.42	69.41	24
135.27	137.64	24
222.36	269.07	24
537.42	551.02	24
1065.24	1088.72	24
2075.06	2111.84	24
3079.0	3132.17	24
4088.0	3483.55	24
4348.85	5247.12	24
6290.21	6381.07	24
7374.67	7491.15	24
8483.24	8619.32	24
9577.39	9716.33	24
0.79	0.76	24
0.91	1.26	24
1.33	1.27	24
1.23	1.12	24
1.31	1.23	24
2.26	1.94	24
1.77	2.04	24
1.97	2.47	24
2.24	2.73	24
3.41	3.38	24
4.18	4.61	24
8.2	7.7	24
11.71	15.34	24
20.84	22.61	24
38.37	49.08	24
89.16	80.97	24
139.84	157.31	24
264.74	302.26	24
495.79	533.59	24
520.62	591.97	24
645.71	729.77	24
773.31	875.67	24
905.2	1025.73	24
1026.01	1387.85	24
1149.57	1306.54	24
0.79	0.9	24
1.13	1.17	24
1.41	1.46	24
1.59	1.53	24
1.76	1.81	24
2.0	2.19	24
2.7	2.86	24
3.71	3.55	24
6.04	5.81	24
10.4	10.18	24
17.43	18.24	24
32.58	33.45	24
60.53	56.39	24
116.81	87.12	24
231.07	259.14	24
454.23	557.51	24
901.49	1026.0	24
1754.88	1989.17	24
2604.99	2876.26	24
2869.36	2417.53	24
4385.66	4921.46	24
4444.63	5873.79	24
6290.26	5645.03	24
7267.46	7984.01	24
8230.83	9027.86	24
0.69	0.83	24
0.88	0.87	24
1.13	1.39	24
1.5	1.3	24
1.88	1.63	24
1.4	1.58	24
1.97	1.94	24
2.4	2.24	24
2.95	2.79	24
4.3	3.78	24
5.14	6.53	24
7.89	11.89	24
12.65	23.93	24
21.16	42.7	24
39.79	78.2	24
73.71	136.43	24
141.39	234.92	24
267.08	478.35	24
482.51	673.48	24
518.2	877.56	24
644.57	1122.05	24
1156.42	1278.51	24
901.91	1513.58	24
1019.89	1680.61	24
1151.87	1909.09	24
0.47	0.46	25
0.54	0.58	25
0.67	0.62	25
0.64	0.73	25
1.09	0.89	25
1.14	1.11	25
1.62	1.57	25
2.06	2.04	25
3.31	3.55	25
5.5	5.39	25
9.18	9.22	25
15.68	15.97	25
28.99	29.43	25
52.47	54.01	25
106.01	103.45	25
202.26	199.43	25
390.76	384.93	25
568.15	566.65	25
744.79	749.68	25
928.1	926.3	25
1114.62	1107.87	25
1280.43	1284.79	25
1481.02	1478.87	25
1663.96	1646.78	25
0.59	0.59	25
0.68	0.86	25
0.93	1.02	25
1.32	1.44	25
1.94	2.08	25
2.64	2.61	25
3.72	3.79	25
6.32	6.79	25
11.9	12.3	25
22.24	24.69	25
43.93	44.36	25
87.02	87.54	25
175.33	172.66	25
340.5	341.66	25
681.08	675.91	25
1347.54	1350.64	25
2622.11	2617.73	25
3899.16	3905.31	25
5167.88	5172.45	25
6444.94	6411.21	25
7668.04	7644.73	25
8868.84	8886.68	25
10103.47	10049.55	25
11302.54	11263.76	25
0.38	0.36	25
0.52	0.48	25
0.57	0.5	25
0.66	0.56	25
0.88	0.84	25
1.05	1.05	25
1.45	1.54	25
1.91	1.83	25
2.98	3.06	25
4.48	4.99	25
7.84	8.0	25
11.8	12.99	25
24.7	24.52	25
40.65	42.18	25
76.91	73.57	25
149.01	157.07	25
282.19	284.51	25
415.97	415.3	25
550.34	554.23	25
667.89	669.57	25
794.32	809.98	25
931.28	941.6	25
1049.04	1061.4	25
1173.45	1208.93	25
0.5	0.51	25
0.65	0.78	25
0.86	0.79	25
1.21	1.38	25
1.9	1.95	25
2.95	2.59	25
3.39	3.38	25
6.31	6.24	25
10.8	11.38	25
19.18	19.35	25
40.43	38.39	25
79.0	78.95	25
143.98	155.87	25
300.38	291.89	25
612.59	605.64	25
1137.75	1102.31	25
2122.13	2105.86	25
3175.83	3161.36	25
4230.32	4212.77	25
5057.76	5096.5	25
5930.94	5854.35	25
7002.74	6982.27	25
7709.81	7905.84	25
8801.88	8651.63	25
0.54	0.51	26
0.58	0.61	26
1.06	1.01	26
1.11	1.06	26
1.48	1.26	26
1.82	1.52	26
2.68	2.57	26
3.4	3.53	26
4.93	4.74	26
7.81	8.29	26
14.48	14.98	26
25.69	25.62	26
48.31	50.12	26
96.67	94.51	26
191.87	185.98	26
364.16	364.52	26
712.51	702.12	26
1045.35	1050.35	26
1381.94	1396.68	26
1717.89	1737.88	26
2066.01	2067.61	26
2401.8	2401.73	26
2746.35	2756.63	26
3074.4	3081.74	26
0.49	0.47	26
0.66	0.55	26
0.76	0.74	26
1.08	1.11	26
1.56	1.51	26
1.9	2.44	26
2.86	2.92	26
4.55	4.42	26
7.06	6.95	26
12.79	12.93	26
24.15	24.36	26
45.96	45.57	26
89.49	89.09	26
174.91	176.46	26
349.13	349.19	26
693.79	694.96	26
1353.39	1352.69	26
2008.58	2009.63	26
2656.39	2654.78	26
3310.59	3313.83	26
3926.46	3889.28	26
4501.96	4478.11	26
4985.01	5010.63	26
5557.87	5556.96	26
0.44	0.45	26
0.55	0.62	26
0.73	0.65	26
0.92	0.93	26
1.03	1.19	26
1.56	1.62	26
2.19	1.85	26
2.81	2.76	26
4.77	4.6	26
7.25	6.98	26
12.35	12.8	26
22.74	22.95	26
44.91	41.49	26
84.22	79.53	26
160.43	162.15	26
312.95	302.01	26
584.0	594.91	26
856.89	856.81	26
1124.88	1151.86	26
1413.32	1406.32	26
1687.66	1676.07	26
1957.65	1974.55	26
2242.69	2251.62	26
2543.34	2516.39	26
0.44	0.42	26
0.57	0.63	26
0.68	0.7	26
0.97	1.1	26
1.49	1.64	26
2.53	2.58	26
2.38	2.96	26
4.76	4.57	26
8.02	7.86	26
13.22	12.61	26
23.99	24.48	26
46.95	46.18	26
88.87	85.78	26
166.81	173.58	26
334.38	330.83	26
676.61	661.06	26
1269.54	1290.28	26
1883.49	1887.07	26
2454.88	2469.26	26
3029.58	3041.62	26
3592.37	3539.48	26
4028.55	4062.72	26
4462.61	4421.76	26
4988.53	4915.25	26
0.45	0.39	27
0.53	0.57	27
0.63	0.68	27
0.93	1.07	27
1.37	1.64	27
1.8	1.64	27
2.28	2.79	27
3.88	3.8	27
6.36	6.31	27
11.03	10.85	27
21.11	20.93	27
38.58	39.67	27
77.05	75.07	27
154.17	153.26	27
291.33	297.11	27
584.5	585.13	27
1188.94	1193.29	27
1808.15	1791.25	27
2412.9	2433.5	27
3011.98	3027.03	27
3655.68	3658.93	27
4358.41	4349.98	27
4967.55	4970.07	27
5583.04	5578.56	27
0.41	0.52	27
0.64	0.61	27
0.82	0.73	27
1.03	0.9	27
1.49	1.08	27
1.52	1.77	27
2.25	2.25	27
2.96	3.27	27
4.81	5.14	27
8.17	8.27	27
14.56	14.59	27
26.29	26.06	27
51.35	50.78	27
95.74	101.45	27
189.64	190.25	27
382.35	380.77	27
728.88	737.52	27
1113.41	1100.09	27
1461.05	1456.43	27
1825.13	1828.85	27
2189.32	2182.08	27
2554.19	2553.74	27
2912.72	2966.47	27
3329.82	3334.59	27
0.41	0.39	27
0.51	0.39	27
0.68	0.63	27
1.01	0.82	27
1.31	1.24	27
2.25	2.14	27
2.51	2.88	27
4.16	3.37	27
5.55	5.9	27
9.91	10.39	27
18.23	18.69	27
35.53	35.79	27
65.62	66.85	27
131.5	131.18	27
260.32	258.7	27
518.26	518.25	27
1004.2	996.59	27
1462.07	1469.93	27
1949.39	1929.04	27
2397.92	2384.45	27
2799.91	2808.88	27
3232.23	3216.62	27
3653.6	3656.48	27
4097.64	4103.84	27
0.46	0.45	27
0.6	0.6	27
0.75	0.78	27
0.96	0.97	27
1.33	1.22	27
1.56	1.64	27
2.09	2.22	27
3.06	3.08	27
4.73	4.17	27
7.01	7.3	27
13.63	12.67	27
23.95	23.23	27
44.05	42.9	27
84.01	85.11	27
165.32	161.12	27
313.47	316.79	27
588.74	595.53	27
895.53	883.67	27
1175.43	1173.9	27
1465.36	1462.0	27
1748.87	1756.83	27
2072.24	2061.6	27
2378.11	2378.47	27
2724.25	2712.94	27
0.44	0.54	28
0.54	0.56	28
0.81	0.82	28
1.21	1.33	28
1.61	2.0	28
2.16	2.46	28
3.77	2.98	28
5.92	5.63	28
9.72	10.27	28
19.08	18.97	28
36.55	35.62	28
69.18	73.24	28
144.71	139.79	28
277.95	278.71	28
569.41	571.19	28
1174.61	1150.98	28
2319.59	2282.54	28
3464.13	3497.1	28
4744.12	4738.89	28
5890.45	5922.28	28
7235.11	7181.99	28
8362.17	8422.17	28
9590.88	9640.79	28
10731.44	10770.52	28
0.43	0.45	28
0.46	0.55	28
0.69	0.69	28
0.6	0.65	28
0.88	0.96	28
1.05	0.96	28
1.57	1.56	28
1.92	2.07	28
3.31	3.35	28
5.39	5.38	28
8.7	8.75	28
15.11	15.82	28
28.05	28.35	28
53.77	55.99	28
102.11	100.58	28
200.03	202.52	28
380.43	383.04	28
562.41	562.56	28
746.11	745.89	28
921.59	926.58	28
1109.32	1105.33	28
1287.9	1286.43	28
1458.12	1461.02	28
1645.62	1643.03	28
0.41	0.45	28
0.56	0.54	28
0.78	0.67	28
1.0	0.89	28
1.22	1.6	28
1.85	1.84	28
2.95	2.69	28
4.29	4.3	28
7.3	7.42	28
13.98	13.94	28
27.22	26.84	28
52.93	52.96	28
104.18	103.73	28
203.84	205.17	28
407.13	408.63	28
808.5	807.7	28
1569.16	1572.89	28
2320.27	2333.41	28
3002.91	3025.31	28
3846.62	3827.26	28
4567.32	4554.07	28
5289.53	5240.58	28
5944.36	5945.97	28
6648.84	6655.34	28
0.42	0.49	28
0.47	0.6	28
0.55	0.63	28
0.64	0.67	28
1.01	0.92	28
1.15	1.16	28
1.56	1.54	28
1.95	1.91	28
2.79	3.06	28
4.4	4.57	28
7.89	7.69	28
12.48	14.02	28
24.47	23.3	28
41.42	43.92	28
76.4	73.21	28
149.89	144.7	28
273.51	282.53	28
404.65	420.42	28
536.88	534.93	28
672.58	656.52	28
800.73	793.71	28
924.11	931.92	28
1054.85	1048.62	28
1184.55	1185.16	28
0.34	0.32	29
0.39	0.36	29
0.43	0.43	29
0.56	0.59	29
1.06	0.79	29
1.48	1.31	29
2.1	2.18	29
2.61	1.97	29
2.54	2.88	29
2.9	3.21	29
2.73	2.84	29
3.94	3.75	29
4.03	3.74	29
4.85	4.96	29
6.23	6.73	29
8.17	9.24	29
13.53	14.45	29
22.47	30.1	29
42.16	54.56	29
97.65	86.45	29
156.18	166.14	29
378.49	326.08	29
552.1	591.28	29
726.53	628.71	29
1110.57	1135.83	29
1084.68	1368.18	29
971.29	1356.56	29
1115.62	1242.06	29
1244.94	1395.09	29
0.32	0.3	29
0.37	0.38	29
0.47	0.48	29
0.59	0.55	29
0.8	0.9	29
1.7	1.56	29
2.13	2.24	29
3.31	2.61	29
3.39	3.34	29
3.19	3.34	29
3.93	4.27	29
4.85	5.45	29
7.74	7.18	29
8.15	12.31	29
17.6	20.16	29
37.16	35.94	29
70.2	71.23	29
137.52	114.32	29
227.2	226.54	29
453.86	458.5	29
907.32	1097.04	29
2103.31	2137.29	29
3191.56	3243.42	29
4362.41	2899.4	29
5568.98	5649.0	29
6758.74	6855.37	29
6648.6	8066.74	29
9137.14	7728.65	29
8473.61	10480.42	29
0.26	0.25	29
0.28	0.29	29
0.38	0.37	29
0.54	0.49	29
0.82	0.87	29
1.13	1.14	29
1.83	1.79	29
2.21	1.78	29
2.56	2.49	29
3.05	2.97	29
2.96	3.15	29
3.7	3.4	29
4.5	3.91	29
6.37	5.08	29
7.22	8.32	29
9.54	11.39	29
14.3	21.04	29
24.41	41.07	29
51.68	79.73	29
97.09	127.92	29
149.53	230.6	29
289.9	516.87	29
430.75	719.47	29
563.53	945.39	29
699.48	1115.9	29
1058.21	1398.27	29
1784.91	1642.39	29
1711.77	1833.46	29
1627.12	2163.99	29
0.25	0.28	29
0.34	0.33	29
0.41	0.43	29
0.57	0.62	29
0.97	0.85	29
1.58	1.28	29
2.09	2.24	29
2.76	2.03	29
3.26	2.41	29
3.39	3.57	29
3.49	3.44	29
4.4	5.36	29
7.12	4.33	29
11.52	12.23	29
20.38	21.23	29
35.97	38.62	29
68.94	73.2	29
112.42	144.74	29
264.95	233.61	29
523.18	369.52	29
1045.5	933.6	29
1692.28	1879.31	29
2559.77	3351.74	29
3518.33	4610.49	29
5373.2	4786.83	29
5415.77	5805.97	29
6374.26	8375.92	29
7350.46	7872.52	29
8317.95	10855.01	29
0.27	0.27	30
0.35	0.38	30
0.47	0.42	30
0.59	0.62	30
1.11	1.1	30
1.46	1.47	30
2.43	2.43	30
2.33	2.92	30
3.11	3.24	30
2.8	3.08	30
3.41	3.62	30
3.64	3.71	30
4.44	4.41	30
6.33	5.53	30
8.24	8.32	30
13.64	14.67	30
21.99	23.74	30
39.78	40.77	30
76.48	80.3	30
167.51	155.33	30
289.77	309.74	30
559.46	610.3	30
953.4	880.16	30
1098.52	1167.42	30
1575.99	1456.02	30
1884.59	1738.83	30
1905.28	2281.73	30
2535.26	2317.04	30
2461.37	2621.89	30
0.27	0.28	30
0.34	0.33	30
0.42	0.47	30
0.62	0.61	30
0.92	0.8	30
1.26	1.35	30
2.35	2.09	30
3.34	2.5	30
4.28	3.32	30
3.64	3.55	30
4.37	3.83	30
5.24	4.34	30
7.3	7.6	30
9.91	10.52	30
19.4	19.75	30
30.29	36.35	30
67.55	69.04	30
129.73	132.5	30
211.66	215.4	30
501.01	510.24	30
995.09	1011.25	30
1932.78	1630.53	30
2861.34	2913.63	30
3778.66	3179.59	30
3881.57	3115.72	30
5615.47	4725.68	30
6579.67	4422.38	30
6314.11	6401.63	30
7170.7	8783.54	30
0.25	0.25	30
0.29	0.29	30
0.36	0.38	30
0.54	0.55	30
0.84	0.84	30
1.21	1.26	30
1.56	1.78	30
2.5	2.66	30
3.12	2.41	30
3.49	3.45	30
3.62	3.56	30
3.99	4.25	30
4.81	5.12	30
6.61	6.6	30
8.77	9.23	30
13.48	15.84	30
21.72	31.58	30
38.65	47.95	30
71.88	104.55	30
140.32	186.36	30
270.85	436.05	30
523.2	693.83	30
779.21	1033.48	30
1191.78	1391.52	30
1286.58	1789.25	30
1806.1	2067.73	30
1785.38	2389.24	30
2037.48	2740.79	30
2290.94	3064.12	30
0.26	0.26	30
0.31	0.3	30
0.42	0.34	30
0.53	0.48	30
0.94	0.92	30
1.03	1.38	30
2.15	1.87	30
1.6	2.44	30
2.73	3.41	30
3.7	3.37	30
3.95	5.4	30
6.2	4.11	30
7.29	7.11	30
13.06	12.76	30
20.15	20.52	30
36.16	41.84	30
43.75	59.79	30
105.61	149.37	30
249.18	281.81	30
489.29	446.67	30
959.29	1072.95	30
1801.39	1604.08	30
2211.78	2360.85	30
2906.15	3810.97	30
4417.06	3935.47	30
5297.38	5870.62	30
5225.79	5768.08	30
7392.13	8084.48	30
6929.65	7492.72	30
0.33	0.26	31
0.38	0.38	31
0.42	0.43	31
0.56	0.56	31
0.96	0.87	31
1.64	1.52	31
1.95	2.02	31
2.85	2.6	31
3.37	3.69	31
3.24	2.79	31
4.73	4.46	31
4.93	5.18	31
7.43	5.9	31
9.62	11.19	31
16.86	15.72	31
33.44	34.11	31
64.48	55.22	31
106.04	107.96	31
209.35	255.82	31
416.97	509.27	31
827.34	840.49	31
1286.73	1981.6	31
2401.27	2949.16	31
3830.4	3902.6	31
4796.11	4859.88	31
5709.42	4808.25	31
6587.98	6731.01	31
7484.61	6298.98	31
8438.64	8587.33	31
0.28	0.26	31
0.34	0.29	31
0.44	0.41	31
0.56	0.6	31
0.78	1.0	31
1.41	1.72	31
1.89	2.49	31
2.71	2.26	31
3.58	2.62	31
3.43	3.69	31
3.13	4.21	31
2.94	3.0	31
5.06	4.97	31
5.21	5.88	31
7.99	8.12	31
13.6	14.02	31
26.3	23.35	31
49.77	51.8	31
75.48	78.88	31
166.33	154.09	31
330.02	342.77	31
556.21	661.48	31
1119.63	986.44	31
1281.17	1315.84	31
1379.24	1650.03	31
1644.91	1750.75	31
2205.64	2047.09	31
2189.71	2335.51	31
2833.39	2617.32	31
0.22	0.25	31
0.29	0.28	31
0.35	0.38	31
0.55	0.52	31
0.78	0.85	31
1.24	1.36	31
2.0	1.95	31
2.53	2.39	31
3.38	3.06	31
3.56	2.41	31
3.65	4.0	31
4.62	4.02	31
7.39	6.74	31
10.16	6.02	31
16.14	15.01	31
19.63	35.22	31
45.32	62.12	31
105.56	126.37	31
170.0	193.78	31
260.08	495.38	31
659.03	919.98	31
1563.15	1761.58	31
1909.36	2621.35	31
2526.24	2801.51	31
4004.29	4297.35	31
4786.75	5303.17	31
5759.36	6370.24	31
5471.61	7235.47	31
6014.08	8318.17	31
0.28	0.25	31
0.34	0.31	31
0.39	0.41	31
0.61	0.69	31
0.94	0.92	31
1.78	1.46	31
1.98	1.57	31
2.36	2.04	31
2.59	3.27	31
3.59	3.53	31
3.36	3.55	31
4.18	4.15	31
4.77	5.57	31
6.96	6.87	31
9.12	11.18	31
13.59	16.14	31
23.55	29.98	31
46.87	55.33	31
77.67	114.35	31
170.19	208.65	31
346.59	390.07	31
630.99	724.56	31
831.18	1150.74	31
1099.28	1474.96	31
1376.0	1837.54	31
1643.97	2268.24	31
1915.59	2516.9	31
2507.92	3009.04	31
2482.78	3248.45	31
0.28	0.25	32
0.35	0.33	32
0.37	0.44	32
0.55	0.56	32
0.99	0.71	32
1.16	1.7	32
2.01	1.96	32
2.62	2.02	32
3.08	2.97	32
3.21	3.3	32
3.19	4.08	32
4.64	4.99	32
5.56	6.28	32
12.39	10.28	32
20.99	21.05	32
24.92	31.48	32
57.06	70.02	32
135.0	136.23	32
220.78	222.93	32
523.09	529.53	32
1035.92	1056.95	32
2010.89	1689.48	32
2475.94	3022.96	32
3938.64	2648.33	32
4071.88	4984.02	32
5864.38	4945.06	32
6818.73	6952.12	32
7781.83	7919.85	32
8752.85	7377.11	32
0.27	0.24	32
0.38	0.29	32
0.39	0.39	32
0.57	0.54	32
0.83	0.88	32
1.13	1.14	32
2.79	2.02	32
2.44	2.38	32
3.05	2.58	32
3.72	2.31	32
3.24	2.8	32
3.26	3.62	32
3.83	4.18	32
5.14	4.75	32
6.14	6.24	32
8.71	9.57	32
12.99	15.07	32
23.71	25.34	32
40.99	46.8	32
76.59	87.2	32
149.36	169.14	32
374.6	397.11	32
425.54	589.76	32
745.2	627.51	32
703.18	1184.53	32
1086.79	938.38	32
1581.03	1092.76	32
1113.98	1242.94	32
1611.59	1406.6	32
0.24	0.2	32
0.27	0.27	32
0.34	0.34	32
0.49	0.51	32
0.77	0.68	32
1.06	1.24	32
1.21	1.64	32
2.36	2.44	32
2.54	2.48	32
2.37	3.48	32
3.56	3.51	32
3.95	4.63	32
7.08	5.86	32
9.25	7.62	32
12.56	16.12	32
33.05	29.31	32
60.77	54.81	32
97.92	110.76	32
231.19	203.69	32
455.19	406.88	32
906.86	1009.49	32
1136.2	1599.3	32
2604.19	2319.07	32
3443.53	3100.88	32
4289.86	4789.7	32
4247.48	5647.81	32
5995.44	5363.22	32
6854.83	4694.92	32
7703.28	8473.64	32
0.24	0.24	32
0.32	0.29	32
0.38	0.38	32
0.6	0.63	32
0.81	0.8	32
1.17	1.24	32
1.85	1.43	32
2.75	2.48	32
3.33	3.28	32
2.51	3.34	32
3.47	3.25	32
3.47	3.29	32
4.39	4.94	32
6.14	5.53	32
6.98	7.57	32
10.5	15.87	32
17.48	24.5	32
23.96	34.58	32
42.49	75.23	32
79.65	139.39	32
208.29	271.32	32
375.98	482.89	32
547.08	716.15	32
566.31	892.88	32
697.09	1124.14	32
859.52	1322.18	32
979.54	1607.54	32
1118.03	1754.03	32
1237.13	1928.11	32
0.33	0.3	33
0.37	0.36	33
0.51	0.51	33
0.8	0.77	33
1.15	0.97	33
1.29	1.04	33
1.53	1.83	33
2.68	1.91	33
3.1	2.93	33
3.39	3.68	33
4.61	4.81	33
5.86	5.43	33
8.13	8.98	33
14.24	15.63	33
25.96	27.01	33
48.95	47.86	33
91.51	90.78	33
174.47	171.73	33
250.46	254.87	33
341.78	336.72	33
422.57	423.77	33
501.74	512.05	33
585.73	577.72	33
661.1	663.58	33
740.93	744.33	33
0.37	0.33	33
0.34	0.38	33
0.49	0.47	33
0.91	0.79	33
1.27	1.02	33
1.06	1.34	33
2.09	1.81	33
2.46	2.44	33
3.45	3.36	33
4.27	4.82	33
6.6	6.6	33
10.98	11.4	33
19.11	19.61	33
36.85	36.38	33
67.25	66.05	33
131.74	130.52	33
252.98	246.36	33
477.72	473.64	33
690.74	693.55	33
918.91	914.74	33
1136.92	1133.4	33
1360.68	1364.74	33
1591.61	1587.38	33
1813.21	1813.78	33
2044.16	2038.08	33
0.28	0.27	33
0.33	0.34	33
0.45	0.46	33
0.71	0.75	33
1.06	1.03	33
1.93	1.49	33
1.59	1.65	33
2.08	2.4	33
2.86	2.87	33
3.07	3.37	33
3.99	4.43	33
5.46	5.74	33
8.13	8.26	33
13.95	15.69	33
24.95	24.71	33
46.65	46.4	33
88.84	83.37	33
162.0	162.41	33
240.85	232.4	33
311.13	305.62	33
387.22	397.81	33
454.28	453.28	33
527.97	546.48	33
605.62	617.66	33
671.07	680.04	33
0.35	0.33	33
0.32	0.41	33
0.52	0.51	33
0.71	0.78	33
1.04	1.2	33
1.5	1.32	33
1.59	1.98	33
2.53	2.45	33
2.73	3.19	33
4.04	4.82	33
6.3	6.47	33
9.74	10.25	33
17.59	17.97	33
33.58	32.73	33
62.19	63.21	33
119.27	121.29	33
227.69	232.48	33
435.2	450.98	33
629.09	630.99	33
816.43	823.07	33
1008.78	1013.4	33
1199.99	1208.27	33
1445.13	1442.92	33
1633.72	1645.72	33
1827.75	1837.36	33
0.31	0.32	34
0.36	0.41	34
0.46	0.48	34
0.72	0.69	34
1.13	0.99	34
1.4	1.37	34
1.64	1.72	34
2.83	2.17	34
2.66	3.17	34
4.54	4.13	34
6.51	6.55	34
11.51	10.1	34
18.58	19.37	34
32.72	33.6	34
64.97	65.59	34
126.53	127.13	34
246.26	246.58	34
480.56	484.47	34
713.13	715.01	34
938.99	945.49	34
1173.75	1174.84	34
1408.68	1406.47	34
1638.93	1643.55	34
1874.6	1873.26	34
2104.76	2102.94	34
0.31	0.3	34
0.39	0.39	34
0.51	0.56	34
0.74	0.9	34
0.97	0.93	34
1.35	1.69	34
1.95	1.32	34
2.39	1.9	34
3.14	2.55	34
3.77	3.59	34
4.17	4.8	34
6.64	6.54	34
10.11	9.85	34
17.4	16.9	34
30.74	30.94	34
57.29	57.99	34
110.89	111.3	34
214.54	214.59	34
315.88	315.31	34
419.8	416.41	34
523.53	524.48	34
631.95	631.54	34
760.04	759.61	34
870.5	872.58	34
983.05	982.05	34
0.29	0.32	34
0.32	0.31	34
0.48	0.42	34
0.66	0.63	34
0.92	0.91	34
1.45	1.13	34
1.35	1.51	34
1.86	1.82	34
2.66	3.1	34
4.04	3.8	34
5.28	5.58	34
9.51	8.59	34
15.24	16.27	34
29.03	29.52	34
56.68	56.82	34
110.1	111.05	34
209.3	213.64	34
408.39	415.96	34
618.88	615.34	34
803.5	802.3	34
1000.99	997.06	34
1187.03	1201.84	34
1456.06	1438.54	34
1630.39	1637.22	34
1826.38	1838.37	34
0.31	0.28	34
0.34	0.32	34
0.49	0.44	34
0.68	0.72	34
1.05	0.98	34
1.45	1.23	34
1.47	1.36	34
1.93	2.56	34
2.2	2.9	34
3.31	2.9	34
3.89	4.17	34
5.75	6.06	34
8.92	8.7	34
14.92	15.56	34
28.35	27.64	34
51.05	49.7	34
97.12	97.4	34
185.31	184.97	34
263.18	274.91	34
357.85	362.55	34
438.77	441.96	34
544.33	531.08	34
635.72	629.06	34
724.8	716.37	34
813.19	816.68	34
0.3	0.3	35
0.43	0.36	35
0.5	0.5	35
0.8	0.68	35
1.33	1.07	35
1.55	1.75	35
1.92	2.16	35
2.0	2.18	35
3.06	2.59	35
3.82	3.8	35
4.38	4.58	35
6.67	6.58	35
10.37	10.56	35
18.07	17.65	35
31.62	31.99	35
60.24	61.08	35
116.47	116.24	35
224.16	223.26	35
327.69	325.72	35
433.95	434.05	35
545.87	545.95	35
654.83	653.38	35
763.99	764.59	35
876.76	875.85	35
981.86	984.3	35
0.33	0.3	35
0.36	0.32	35
0.46	0.5	35
0.71	0.71	35
1.22	1.06	35
1.89	1.27	35
1.95	1.64	35
2.34	2.75	35
3.17	3.38	35
4.34	4.22	35
6.06	6.39	35
10.01	9.7	35
17.33	17.4	35
32.44	31.07	35
60.54	61.14	35
115.39	116.56	35
228.78	228.52	35
440.04	441.88	35
655.2	661.57	35
870.38	868.09	35
1080.4	1077.32	35
1293.44	1292.54	35
1512.68	1508.24	35
1723.73	1721.51	35
1931.66	1923.17	35
0.28	0.26	35
0.33	0.29	35
0.44	0.44	35
0.71	0.68	35
0.99	0.98	35
1.39	1.64	35
1.14	1.85	35
1.67	1.78	35
2.41	2.97	35
3.25	3.18	35
4.26	4.07	35
5.69	5.29	35
8.03	8.35	35
14.42	14.67	35
25.73	24.76	35
47.13	45.98	35
91.39	89.93	35
168.09	171.55	35
251.57	249.38	35
324.62	321.63	35
408.05	414.32	35
489.75	490.14	35
560.42	562.11	35
652.92	646.24	35
732.67	723.32	35
0.33	0.3	35
0.35	0.34	35
0.46	0.5	35
0.71	0.66	35
0.94	1.09	35
1.46	1.01	35
1.8	1.6	35
2.26	2.11	35
2.88	3.09	35
4.24	4.23	35
5.76	5.78	35
9.28	8.77	35
16.13	15.46	35
28.17	28.19	35
55.0	54.79	35
104.71	107.11	35
203.95	207.4	35
399.57	405.32	35
597.91	588.56	35
766.47	764.97	35
967.54	961.01	35
1147.18	1146.81	35
1333.48	1340.66	35
1528.27	1526.72	35
1714.31	1702.38	35
0.28	0.31	36
0.4	0.37	36
0.49	0.46	36
0.67	0.71	36
0.91	1.02	36
1.3	1.25	36
1.81	1.69	36
1.74	2.01	36
2.99	2.71	36
4.04	4.29	36
6.27	5.67	36
10.64	9.31	36
17.89	18.21	36
32.46	32.46	36
61.06	61.74	36
119.09	119.8	36
236.84	235.26	36
453.95	453.89	36
678.49	676.19	36
902.33	899.16	36
1123.65	1124.98	36
1351.91	1347.93	36
1573.29	1568.46	36
1799.45	1790.88	36
2013.8	2015.64	36
0.33	0.31	36
0.42	0.39	36
0.51	0.57	36
0.65	0.77	36
1.09	1.16	36
1.64	1.32	36
1.54	1.46	36
1.82	1.92	36
3.03	2.72	36
3.31	3.77	36
4.1	4.63	36
5.81	5.64	36
8.64	8.4	36
14.86	14.13	36
26.83	27.14	36
48.16	47.97	36
93.3	89.56	36
172.46	172.78	36
259.7	258.64	36
336.75	341.75	36
419.5	418.2	36
504.06	505.15	36
582.09	588.61	36
670.49	668.32	36
737.84	742.25	36
0.28	0.29	36
0.36	0.3	36
0.41	0.47	36
0.65	0.65	36
0.97	1.04	36
1.18	1.29	36
1.57	1.48	36
2.0	1.87	36
2.82	2.5	36
3.44	3.8	36
5.96	5.81	36
8.94	8.94	36
15.52	15.5	36
29.29	29.47	36
56.09	55.03	36
106.19	106.34	36
209.93	207.56	36
402.37	396.37	36
595.04	592.12	36
778.31	772.22	36
946.46	961.6	36
1147.5	1138.26	36
1339.64	1334.66	36
1497.6	1521.92	36
1694.83	1700.14	36
0.29	0.34	36
0.38	0.32	36
0.44	0.47	36
0.68	0.73	36
1.16	1.01	36
1.78	1.7	36
1.62	1.7	36
1.61	1.85	36
2.62	2.54	36
2.97	2.95	36
4.04	4.13	36
5.49	5.87	36
8.49	8.13	36
14.39	13.37	36
25.31	27.13	36
48.71	49.94	36
88.67	85.64	36
158.17	169.1	36
237.71	235.82	36
311.27	309.06	36
390.59	386.53	36
465.9	458.46	36
534.68	527.52	36
614.99	616.23	36
675.16	677.58	36
0.39	0.32	37
0.34	0.32	37
0.32	0.34	37
0.4	0.36	37
0.3	0.34	37
0.34	0.4	37
0.41	0.42	37
0.45	0.46	37
0.58	0.58	37
0.65	0.57	37
0.74	0.73	37
1.06	1.09	37
1.43	1.52	37
2.35	2.42	37
4.21	4.21	37
7.27	7.39	37
13.13	12.89	37
23.92	24.52	37
43.43	45.41	37
85.08	87.44	37
163.11	165.88	37
247.1	242.66	37
323.13	322.13	37
401.07	403.9	37
462.79	481.65	37
552.95	551.03	37
595.87	633.27	37
695.64	716.86	37
0.33	0.3	37
0.3	0.3	37
0.34	0.35	37
0.33	0.35	37
0.32	0.38	37
0.36	0.34	37
0.43	0.4	37
0.5	0.46	37
0.62	0.62	37
0.97	0.96	37
1.58	1.8	37
2.82	2.78	37
5.32	4.74	37
9.86	9.43	37
21.72	20.25	37
41.21	40.12	37
80.3	80.37	37
161.23	162.4	37
321.47	320.76	37
649.85	636.44	37
1254.4	1234.96	37
1859.72	1839.24	37
2466.08	2439.08	37
3075.44	3038.81	37
3634.89	3640.22	37
4328.29	4245.22	37
4839.8	4843.42	37
5494.76	5439.63	37
0.27	0.25	37
0.25	0.26	37
0.28	0.27	37
0.26	0.26	37
0.3	0.28	37
0.31	0.32	37
0.36	0.41	37
0.44	0.35	37
0.5	0.53	37
0.63	0.57	37
0.73	0.71	37
1.16	1.08	37
1.86	1.73	37
2.46	2.74	37
5.66	5.42	37
8.96	7.68	37
16.86	15.48	37
25.04	28.07	37
42.36	58.75	37
98.85	101.66	37
188.5	213.68	37
256.04	270.42	37
341.24	388.28	37
398.08	419.37	37
517.38	481.56	37
585.72	573.12	37
636.61	668.62	37
754.99	856.09	37
0.31	0.28	37
0.27	0.27	37
0.29	0.3	37
0.3	0.29	37
0.3	0.33	37
0.32	0.31	37
0.4	0.4	37
0.55	0.44	37
0.68	0.62	37
1.0	0.97	37
1.71	1.76	37
2.35	3.47	37
5.39	5.8	37
11.07	11.92	37
22.53	22.24	37
44.85	44.79	37
84.37	88.32	37
181.84	172.83	37
372.44	354.33	37
678.88	692.9	37
1399.25	1358.14	37
1988.87	1983.33	37
2544.39	2619.25	37
3359.24	3258.85	37
3934.2	3966.01	37
4573.99	4528.59	37
5270.89	5202.98	37
5669.51	5898.89	37
0.27	0.29	38
0.26	0.26	38
0.31	0.26	38
0.31	0.25	38
0.3	0.34	38
0.36	0.34	38
0.38	0.35	38
0.4	0.48	38
0.49	0.54	38
0.74	0.55	38
0.73	0.94	38
1.51	1.52	38
2.33	2.27	38
4.67	4.53	38
9.28	7.73	38
17.2	18.07	38
31.72	33.0	38
65.2	64.43	38
123.41	124.52	38
242.36	245.88	38
473.77	476.22	38
698.89	707.7	38
930.31	934.03	38
1152.55	1161.61	38
1396.86	1391.05	38
1621.22	1624.46	38
1850.0	1851.38	38
2084.45	2080.85	38
0.35	0.26	38
0.26	0.26	38
0.27	0.28	38
0.39	0.24	38
0.28	0.25	38
0.37	0.29	38
0.36	0.38	38
0.53	0.53	38
0.66	0.65	38
0.94	1.03	38
1.54	1.34	38
2.68	2.73	38
4.88	5.51	38
8.74	8.92	38
17.81	16.83	38
39.03	39.11	38
75.95	74.95	38
152.71	148.75	38
292.22	292.59	38
589.2	586.21	38
1140.56	1137.46	38
1686.61	1685.73	38
2256.33	2232.67	38
2808.39	2775.75	38
3321.68	3325.44	38
3863.94	3867.93	38
4459.85	4417.47	38
5072.92	4960.43	38
0.28	0.26	38
0.27	0.25	38
0.27	0.29	38
0.25	0.22	38
0.25	0.29	38
0.33	0.31	38
0.35	0.35	38
0.35	0.34	38
0.47	0.48	38
0.68	0.67	38
0.92	0.94	38
1.59	1.59	38
2.22	2.3	38
4.52	4.93	38
8.35	9.3	38
15.99	16.05	38
28.57	34.45	38
57.6	62.76	38
103.98	109.42	38
230.85	228.32	38
421.58	438.07	38
588.28	624.11	38
827.3	847.19	38
1011.89	1119.31	38
1201.99	1234.7	38
1414.54	1438.35	38
1601.47	1608.73	38
1695.75	1814.36	38
0.26	0.26	38
0.28	0.28	38
0.3	0.26	38
0.27	0.28	38
0.27	0.26	38
0.29	0.34	38
0.39	0.33	38
0.43	0.49	38
0.62	0.57	38
1.12	0.97	38
1.45	1.55	38
2.82	2.44	38
5.43	5.02	38
8.93	9.95	38
19.61	21.35	38
43.2	41.15	38
75.97	78.0	38
152.1	161.8	38
303.18	302.71	38
617.34	603.35	38
1176.24	1256.2	38
1755.21	1769.08	38
2274.73	2356.35	38
2951.04	2904.23	38
3420.26	3406.73	38
3955.46	3917.75	38
4423.24	4461.89	38
4956.78	4969.24	38
0.25	0.26	39
0.25	0.26	39
0.29	0.29	39
0.28	0.31	39
0.3	0.31	39
0.3	0.29	39
0.32	0.35	39
0.39	0.52	39
0.64	0.68	39
0.83	0.86	39
1.32	1.17	39
2.34	2.6	39
4.16	5.01	39
8.41	8.9	39
16.07	16.8	39
33.96	34.53	39
67.97	67.68	39
132.58	131.74	39
265.89	263.59	39
523.54	522.22	39
1014.58	1016.64	39
1505.36	1507.56	39
2011.64	1990.16	39
2467.6	2471.28	39
2951.39	2949.02	39
3521.89	3426.57	39
4023.2	3925.16	39
4464.48	4467.64	39
0.3	0.25	39
0.32	0.25	39
0.31	0.31	39
0.3	0.27	39
0.34	0.33	39
0.32	0.33	39
0.36	0.33	39
0.46	0.43	39
0.57	0.54	39
0.72	0.63	39
1.01	0.89	39
1.36	1.43	39
2.29	2.26	39
4.17	4.13	39
8.14	8.19	39
15.94	15.36	39
29.57	29.42	39
57.75	58.33	39
112.66	114.47	39
221.84	225.16	39
433.79	436.34	39
647.84	650.62	39
852.68	860.79	39
1065.26	1074.96	39
1269.66	1282.97	39
1473.95	1503.7	39
1708.24	1707.96	39
1919.55	1921.56	39
0.26	0.25	39
0.26	0.23	39
0.26	0.3	39
0.24	0.24	39
0.3	0.27	39
0.31	0.25	39
0.35	0.34	39
0.44	0.4	39
0.56	0.65	39
0.82	0.84	39
1.48	1.43	39
2.54	2.15	39
4.46	4.55	39
8.72	9.05	39
16.5	17.1	39
32.69	34.52	39
67.55	66.82	39
123.87	129.72	39
243.91	246.31	39
496.18	520.04	39
970.64	996.16	39
1476.63	1478.34	39
1933.66	1920.77	39
2369.33	2385.52	39
2778.59	2918.42	39
3204.93	3272.66	39
3722.92	3808.35	39
4173.6	4258.94	39
0.26	0.26	39
0.27	0.27	39
0.24	0.26	39
0.27	0.28	39
0.3	0.28	39
0.32	0.33	39
0.35	0.33	39
0.41	0.4	39
0.57	0.58	39
0.72	0.68	39
0.82	0.98	39
1.52	1.62	39
2.49	2.67	39
4.65	4.77	39
8.61	9.25	39
17.28	15.35	39
32.33	34.83	39
67.83	62.43	39
123.64	118.02	39
227.76	233.4	39
418.7	444.11	39
628.21	631.17	39
853.76	843.55	39
1068.33	1044.04	39
1260.06	1274.07	39
1473.75	1532.28	39
1729.94	1682.95	39
1770.93	1876.96	39
0.23	0.26	40
0.24	0.25	40
0.24	0.23	40
0.24	0.38	40
0.23	0.32	40
0.29	0.34	40
0.36	0.38	40
0.43	0.46	40
0.56	0.65	40
0.88	0.9	40
1.46	1.33	40
2.88	2.83	40
3.83	4.23	40
9.15	10.5	40
19.68	19.44	40
39.09	39.6	40
81.41	77.29	40
159.01	157.06	40
314.6	315.87	40
637.88	638.05	40
1249.09	1249.34	40
1893.25	1868.14	40
2509.02	2479.1	40
3079.84	3076.49	40
3675.12	3669.48	40
4281.06	4272.1	40
4868.4	4888.02	40
5475.36	5476.52	40
0.25	0.23	40
0.23	0.24	40
0.23	0.23	40
0.24	0.24	40
0.25	0.27	40
0.3	0.27	40
0.31	0.34	40
0.39	0.37	40
0.51	0.54	40
0.86	0.83	40
1.46	1.53	40
2.66	2.64	40
5.04	4.85	40
9.86	9.5	40
18.8	19.81	40
40.29	38.53	40
78.22	81.85	40
152.78	153.71	40
309.81	311.49	40
614.28	634.07	40
1237.79	1170.04	40
1714.18	1743.13	40
2248.66	2303.22	40
2798.14	2919.46	40
3421.42	3514.46	40
3949.16	4008.13	40
4582.4	4603.3	40
5102.68	5143.23	40
0.23	0.23	40
0.25	0.26	40
0.26	0.24	40
0.25	0.26	40
0.28	0.27	40
0.29	0.3	40
0.38	0.31	40
0.36	0.38	40
0.5	0.5	40
0.58	0.61	40
0.81	0.79	40
1.22	1.21	40
1.84	1.6	40
2.94	2.82	40
4.85	4.82	40
9.35	9.36	40
12.98	16.64	40
31.94	29.7	40
49.21	52.76	40
102.62	98.85	40
227.57	178.27	40
242.77	290.75	40
345.69	352.26	40
404.96	415.35	40
485.2	501.88	40
575.38	615.67	40
638.76	659.97	40
730.05	808.48	40
