0.56	0.56	1
0.73	0.77	1
0.78	0.97	1
1.17	1.37	1
1.22	1.28	1
1.55	1.11	1
1.42	1.57	1
1.33	1.74	1
2.29	1.8	1
2.25	2.3	1
3.04	3.67	1
4.43	4.73	1
7.31	8.51	1
12.03	16.26	1
20.89	30.16	1
38.94	58.12	1
73.09	114.92	1
146.02	227.26	1
278.1	438.06	1
412.36	650.55	1
558.73	870.35	1
814.45	1068.93	1
810.86	1276.84	1
950.8	1487.87	1
1091.73	1691.36	1
1227.53	1903.71	1
0.6	0.63	1
0.72	0.92	1
1.14	1.04	1
1.27	1.67	1
1.6	1.37	1
1.47	1.44	1
1.94	1.82	1
2.69	2.39	1
3.16	2.79	1
3.85	4.67	1
8.88	6.17	1
14.84	11.47	1
28.13	18.0	1
46.89	33.46	1
91.56	60.04	1
209.8	116.66	1
417.57	230.3	1
833.58	459.51	1
1632.71	893.64	1
2056.62	1325.93	1
3254.38	1784.27	1
4114.24	2260.92	1
4982.31	2729.73	1
4963.12	3206.26	1
6700.49	3681.54	1
7537.89	4134.82	1
0.58	0.49	1
0.72	0.62	1
0.94	0.98	1
1.01	1.22	1
1.42	1.64	1
1.6	1.45	1
1.43	1.25	1
1.46	1.86	1
2.26	2.4	1
2.39	2.4	1
3.49	4.02	1
6.19	5.32	1
11.14	10.39	1
19.79	19.26	1
39.05	36.08	1
70.22	70.03	1
116.21	122.93	1
285.92	261.05	1
422.49	445.04	1
590.94	657.76	1
767.52	873.26	1
987.23	1083.99	1
1216.03	1304.48	1
1306.92	1518.25	1
1504.46	1680.84	1
1686.75	1938.28	1
0.6	0.65	1
0.8	0.79	1
1.02	1.0	1
1.16	1.44	1
1.31	1.48	1
1.13	1.8	1
2.05	1.73	1
2.06	2.42	1
3.72	3.22	1
5.03	4.96	1
9.57	7.43	1
16.28	14.13	1
33.57	21.26	1
60.22	35.9	1
104.34	63.27	1
237.61	121.79	1
472.95	239.74	1
897.31	482.14	1
1761.96	904.73	1
2686.27	1342.92	1
3531.35	1801.38	1
4430.35	2291.46	1
5385.18	2765.81	1
5261.84	3243.5	1
7188.39	3719.62	1
8081.69	4163.34	1
0.69	0.63	2
0.85	0.92	2
1.29	1.1	2
1.35	1.33	2
1.35	1.51	2
1.43	1.48	2
1.66	1.52	2
1.91	1.75	2
2.18	2.37	2
2.77	2.92	2
4.22	4.5	2
6.58	7.82	2
11.25	13.84	2
20.73	24.49	2
39.19	48.08	2
73.26	93.44	2
144.63	182.11	2
287.11	356.96	2
552.14	693.1	2
815.76	1029.49	2
1182.73	1369.45	2
1337.86	1708.3	2
1602.65	2030.81	2
1860.77	2363.79	2
2102.05	2681.33	2
2363.09	3012.27	2
0.51	0.5	2
0.67	0.8	2
0.91	0.87	2
1.52	1.11	2
1.82	1.32	2
1.45	1.91	2
1.55	1.41	2
1.89	2.31	2
2.81	2.66	2
4.63	4.15	2
5.8	8.48	2
13.09	8.11	2
25.13	20.83	2
40.13	34.48	2
94.52	51.97	2
184.43	99.35	2
363.8	191.46	2
725.39	382.7	2
1400.73	730.77	2
2076.72	1086.22	2
2758.12	1434.27	2
3426.21	1778.1	2
4097.73	2121.14	2
3997.14	2471.0	2
5427.93	2810.7	2
6107.91	3157.68	2
0.53	0.49	2
0.76	0.77	2
1.05	1.03	2
1.12	1.15	2
1.29	1.23	2
1.41	1.22	2
1.6	1.52	2
1.58	1.68	2
2.17	2.21	2
3.0	2.98	2
4.61	5.17	2
8.18	7.66	2
13.78	14.39	2
26.84	25.92	2
53.22	50.38	2
83.77	93.58	2
171.34	174.26	2
327.28	371.03	2
637.5	666.18	2
1011.6	997.92	2
1296.17	1321.13	2
1576.63	1634.29	2
1842.34	1941.82	2
2147.2	2294.08	2
2494.04	2607.4	2
2812.36	2897.83	2
0.55	0.55	2
0.84	0.94	2
1.03	1.44	2
1.83	1.69	2
1.47	1.07	2
1.33	1.37	2
1.81	1.47	2
2.07	1.95	2
2.81	3.2	2
4.83	5.46	2
9.53	7.76	2
14.47	13.07	2
28.16	22.21	2
47.36	37.59	2
103.07	52.67	2
204.87	101.45	2
394.44	201.48	2
823.25	402.45	2
1523.78	766.19	2
2289.08	1124.4	2
3000.39	1496.03	2
3752.24	1834.86	2
4483.82	2178.11	2
5193.19	2512.48	2
5834.06	2826.63	2
6548.46	3136.0	2
0.53	0.58	3
0.77	0.79	3
0.86	1.02	3
1.52	1.15	3
1.13	1.32	3
1.57	1.5	3
1.62	1.51	3
1.84	1.67	3
2.82	2.83	3
5.25	4.0	3
6.93	6.38	3
12.13	7.78	3
23.97	14.04	3
45.26	24.81	3
88.98	49.77	3
176.31	94.33	3
349.69	184.77	3
695.13	358.34	3
1343.07	690.18	3
1987.03	1013.92	3
2631.69	1339.9	3
2728.23	1666.58	3
3918.6	1991.29	3
4754.65	2456.56	3
5412.19	2799.63	3
6071.16	3148.61	3
0.63	0.72	3
0.71	0.83	3
1.19	0.97	3
1.17	1.21	3
1.46	1.44	3
1.46	1.47	3
1.48	1.35	3
1.69	2.31	3
1.87	1.92	3
3.38	3.09	3
3.84	4.39	3
6.67	7.36	3
11.36	13.23	3
20.34	24.68	3
38.84	47.9	3
75.2	94.4	3
143.82	180.81	3
285.96	359.61	3
551.03	698.88	3
819.86	1039.56	3
1087.02	1378.21	3
1355.97	1759.45	3
1671.47	2087.83	3
1928.51	2427.42	3
2204.85	2783.97	3
2702.36	3145.96	3
0.57	0.48	3
0.68	0.68	3
0.79	0.94	3
1.06	0.99	3
0.94	1.44	3
1.34	1.13	3
1.64	1.69	3
2.24	2.08	3
2.51	2.85	3
4.26	3.99	3
7.53	5.74	3
11.17	7.51	3
21.83	16.55	3
49.73	24.84	3
98.62	46.0	3
200.55	85.42	3
353.63	166.31	3
703.07	327.14	3
1120.58	627.62	3
2030.15	931.66	3
2642.71	1213.88	3
2796.25	1518.18	3
4047.12	1819.96	3
4608.25	2122.02	3
5376.26	2411.24	3
5970.65	2705.15	3
0.5	0.52	3
0.73	0.77	3
0.97	1.07	3
1.18	1.24	3
1.38	1.37	3
1.47	1.46	3
1.43	1.51	3
1.97	1.93	3
2.33	2.4	3
2.99	3.38	3
5.06	5.02	3
8.23	7.06	3
14.74	12.78	3
25.03	26.36	3
47.45	50.43	3
93.75	96.3	3
187.56	181.2	3
333.15	345.19	3
662.09	708.34	3
949.71	986.36	3
1256.28	1311.97	3
1621.9	1631.65	3
1842.92	1944.11	3
2216.49	2299.53	3
2482.38	2602.79	3
2734.05	2907.97	3
0.66	0.59	4
0.9	0.95	4
0.93	1.03	4
1.22	1.61	4
1.33	1.53	4
1.52	1.47	4
1.72	1.77	4
2.34	2.05	4
3.03	3.33	4
4.65	4.52	4
8.39	8.32	4
14.88	10.47	4
25.16	20.16	4
54.32	39.45	4
110.23	62.15	4
215.81	121.5	4
428.34	235.66	4
849.56	465.42	4
1651.01	903.25	4
2444.74	1338.24	4
3239.77	1770.78	4
4023.38	2205.77	4
4812.34	2635.71	4
5607.83	3060.98	4
6410.91	3490.0	4
7186.82	3923.6	4
0.62	0.63	4
0.76	0.84	4
1.07	0.93	4
1.14	1.27	4
1.42	1.6	4
1.19	1.65	4
1.4	1.64	4
1.44	1.75	4
1.85	1.79	4
2.32	2.27	4
3.02	3.18	4
4.29	5.48	4
6.76	8.66	4
11.4	15.77	4
21.06	30.88	4
38.93	59.05	4
73.94	112.71	4
144.49	223.69	4
280.19	439.21	4
410.32	649.38	4
546.15	855.13	4
677.11	1063.87	4
809.67	1280.45	4
947.53	1499.72	4
1072.45	1699.57	4
1204.73	1895.48	4
0.54	0.5	4
0.73	0.72	4
1.03	0.91	4
1.13	1.2	4
1.3	1.41	4
1.37	1.24	4
1.56	1.6	4
2.12	2.06	4
2.97	3.05	4
4.49	4.35	4
8.7	6.34	4
14.92	9.95	4
29.39	16.85	4
57.83	32.82	4
113.45	58.37	4
204.4	111.97	4
446.92	209.91	4
868.2	411.49	4
1603.46	781.08	4
2376.48	1145.69	4
3083.07	1538.96	4
3217.38	1913.23	4
4573.89	2262.19	4
5349.87	2642.44	4
6145.56	2978.7	4
5742.59	3361.04	4
0.5	0.5	4
0.64	0.7	4
0.81	0.98	4
1.28	1.3	4
1.52	1.1	4
1.2	1.11	4
1.59	1.27	4
1.49	1.62	4
2.08	2.02	4
2.62	2.71	4
3.66	3.82	4
5.91	5.99	4
9.83	10.77	4
19.47	17.99	4
33.35	38.52	4
71.95	65.53	4
119.09	140.27	4
223.78	224.68	4
411.29	468.74	4
561.8	664.34	4
767.58	883.14	4
991.78	1092.8	4
1217.28	1261.12	4
1298.28	1491.55	4
1478.86	1698.86	4
1704.84	1935.52	4
0.42	0.38	5
0.56	0.53	5
0.82	0.84	5
1.37	1.53	5
1.69	2.64	5
3.6	2.18	5
3.99	3.02	5
3.9	3.43	5
5.1	4.69	5
6.12	5.69	5
10.35	11.25	5
18.22	17.97	5
34.62	32.55	5
64.25	64.78	5
121.46	120.03	5
218.48	216.43	5
377.35	372.09	5
625.34	632.06	5
871.46	863.75	5
1120.54	1117.59	5
1368.57	1355.26	5
1579.18	1582.43	5
1793.83	1839.56	5
1968.19	2031.71	5
2157.57	2258.71	5
0.38	0.44	5
0.5	0.61	5
0.82	0.75	5
1.27	1.53	5
2.6	2.38	5
2.81	2.57	5
3.33	3.58	5
5.89	6.12	5
8.86	8.5	5
15.37	15.13	5
27.57	28.03	5
52.99	52.2	5
101.6	100.16	5
185.45	186.17	5
324.71	325.85	5
537.78	535.59	5
801.55	796.49	5
1203.42	1206.75	5
1592.41	1598.01	5
1976.95	1972.59	5
2352.67	2335.45	5
2757.33	2701.81	5
3134.94	3060.31	5
3546.42	3409.13	5
3909.22	3748.91	5
0.39	0.36	5
0.5	0.52	5
0.82	0.76	5
1.34	1.33	5
1.87	1.74	5
2.36	2.21	5
2.86	2.7	5
3.31	3.17	5
4.29	3.85	5
6.17	5.97	5
9.52	8.94	5
16.44	16.53	5
29.05	28.38	5
53.22	53.52	5
99.67	99.92	5
177.14	177.41	5
308.55	308.56	5
540.58	540.41	5
760.69	768.66	5
994.68	1005.26	5
1244.81	1219.62	5
1492.85	1453.47	5
1699.71	1667.74	5
1889.32	1903.17	5
2100.74	2111.42	5
0.43	0.41	5
0.61	0.54	5
0.89	0.82	5
1.18	1.3	5
1.83	2.08	5
2.88	2.77	5
3.74	3.57	5
5.02	6.48	5
8.21	8.15	5
16.69	15.04	5
27.62	29.32	5
52.77	52.15	5
100.31	98.26	5
178.81	180.24	5
316.83	311.83	5
508.17	514.39	5
750.19	743.78	5
1136.56	1135.67	5
1511.31	1512.28	5
1882.61	1880.93	5
2272.5	2228.09	5
2665.08	2582.49	5
3027.33	2915.42	5
3430.37	3227.55	5
3779.6	3545.22	5
0.42	0.39	6
0.59	0.58	6
0.86	0.83	6
1.34	1.42	6
1.78	2.42	6
2.45	2.84	6
3.66	3.23	6
5.31	6.21	6
9.91	8.77	6
14.72	16.33	6
28.85	29.1	6
52.71	53.58	6
101.12	100.87	6
188.03	186.78	6
335.98	339.81	6
556.61	555.66	6
827.16	819.79	6
1213.37	1211.12	6
1579.91	1593.62	6
1969.88	1963.21	6
2349.97	2323.05	6
2716.81	2756.78	6
3112.77	3130.02	6
3460.53	3483.09	6
3786.47	3829.49	6
0.41	0.39	6
0.58	0.53	6
0.89	0.94	6
1.47	1.48	6
2.48	2.59	6
1.96	2.21	6
2.67	3.4	6
3.23	3.69	6
5.47	5.5	6
7.95	7.09	6
10.85	11.76	6
18.95	18.88	6
35.13	35.42	6
67.6	68.55	6
126.93	125.97	6
223.82	227.15	6
385.56	384.36	6
643.63	640.43	6
881.94	879.33	6
1107.32	1117.73	6
1336.45	1348.66	6
1570.75	1582.3	6
1804.6	1818.42	6
2035.95	2041.4	6
2282.18	2301.83	6
0.34	0.39	6
0.46	0.49	6
0.73	0.69	6
1.13	1.06	6
2.08	2.14	6
2.8	2.6	6
2.97	3.0	6
4.03	4.35	6
6.45	7.6	6
11.23	11.72	6
20.77	20.49	6
37.91	38.64	6
71.25	70.93	6
131.14	131.07	6
230.02	232.24	6
389.69	392.0	6
604.52	608.92	6
956.16	945.98	6
1299.7	1290.72	6
1632.67	1629.77	6
1974.36	1972.16	6
2298.24	2328.26	6
2643.84	2639.83	6
2971.62	2972.02	6
3276.73	3279.49	6
0.42	0.4	6
0.52	0.51	6
0.9	0.84	6
1.35	1.36	6
2.01	2.22	6
2.5	2.25	6
3.11	3.53	6
3.78	3.11	6
4.96	4.88	6
6.28	6.45	6
9.88	10.92	6
18.45	17.09	6
31.82	32.16	6
57.39	60.32	6
104.5	108.4	6
189.49	189.76	6
331.02	325.59	6
565.97	566.83	6
792.82	798.66	6
1015.72	1025.07	6
1240.77	1256.36	6
1489.75	1484.68	6
1719.29	1717.78	6
1953.08	1926.56	6
2199.13	2135.21	6
0.4	0.43	7
0.52	0.51	7
0.91	0.82	7
1.38	1.47	7
2.58	2.11	7
2.53	1.9	7
3.05	1.96	7
2.85	3.9	7
4.98	3.37	7
6.71	6.52	7
11.05	10.37	7
18.95	17.83	7
34.05	33.88	7
63.98	62.32	7
119.76	118.05	7
217.14	216.72	7
377.34	373.92	7
628.0	624.04	7
870.37	870.23	7
1087.27	1106.62	7
1316.95	1337.34	7
1534.89	1564.88	7
1790.0	1796.7	7
2024.65	2039.91	7
2271.08	2256.54	7
0.39	0.36	7
0.63	0.5	7
0.77	0.89	7
1.33	1.49	7
2.45	2.56	7
2.13	1.74	7
3.3	2.76	7
5.14	4.8	7
7.59	7.96	7
14.06	15.6	7
27.7	27.33	7
49.76	51.42	7
96.01	95.74	7
179.34	176.74	7
316.59	315.87	7
532.28	533.39	7
797.0	778.34	7
1183.21	1179.78	7
1565.84	1561.36	7
1929.72	1928.13	7
2305.45	2289.11	7
2664.51	2677.31	7
3018.74	3019.31	7
3358.48	3371.64	7
3674.99	3709.08	7
0.39	0.39	7
0.51	0.51	7
0.73	0.77	7
1.25	1.34	7
1.91	2.27	7
1.8	2.4	7
3.65	3.17	7
3.59	3.32	7
4.22	4.7	7
6.74	5.94	7
9.57	9.03	7
15.83	15.84	7
28.87	29.11	7
54.18	52.53	7
97.94	99.19	7
177.66	178.14	7
309.55	309.27	7
544.91	541.69	7
778.58	774.19	7
999.09	1001.05	7
1219.35	1225.84	7
1450.84	1443.59	7
1701.46	1662.84	7
1928.01	1887.74	7
2158.22	2101.78	7
0.36	0.38	7
0.53	0.48	7
0.71	0.72	7
1.17	1.08	7
1.82	2.16	7
2.39	2.87	7
3.15	3.14	7
4.96	4.77	7
6.72	6.91	7
12.92	12.46	7
21.89	22.03	7
41.9	42.86	7
80.05	78.11	7
144.85	145.61	7
260.75	257.71	7
429.11	427.86	7
652.19	650.86	7
996.6	1003.92	7
1354.48	1355.95	7
1691.36	1690.31	7
2044.51	2050.04	7
2396.75	2384.95	7
2761.72	2712.77	7
3084.73	3089.8	7
3414.31	3390.11	7
0.43	0.4	8
0.52	0.57	8
0.84	0.78	8
1.38	1.21	8
2.27	2.34	8
2.79	2.66	8
3.42	4.1	8
5.13	4.86	8
8.59	9.34	8
15.47	15.6	8
27.89	29.14	8
52.72	53.43	8
100.48	100.79	8
184.21	185.06	8
328.37	329.51	8
549.11	549.25	8
812.94	816.09	8
1222.28	1235.23	8
1626.64	1620.33	8
2011.42	2044.48	8
2445.49	2425.47	8
2839.18	2797.47	8
3255.75	3177.39	8
3660.68	3541.09	8
4059.09	3886.95	8
0.42	0.44	8
0.59	0.54	8
0.82	0.95	8
1.32	1.22	8
2.05	1.72	8
2.45	3.43	8
2.48	3.11	8
4.8	3.91	8
4.41	3.78	8
7.5	6.82	8
10.65	10.59	8
21.0	19.91	8
35.38	35.26	8
69.49	66.14	8
120.55	127.31	8
226.12	222.06	8
383.21	382.21	8
637.07	634.22	8
884.5	880.31	8
1121.82	1123.72	8
1352.22	1362.03	8
1573.25	1590.09	8
1769.34	1827.35	8
1982.61	2053.95	8
2181.83	2248.91	8
0.36	0.34	8
0.45	0.5	8
0.75	0.74	8
1.13	1.13	8
1.81	1.48	8
2.61	2.91	8
2.9	3.37	8
3.96	3.46	8
6.54	7.16	8
11.69	11.1	8
20.89	19.83	8
37.65	37.79	8
73.02	71.11	8
130.56	130.61	8
233.81	232.2	8
396.93	392.9	8
603.15	609.27	8
973.69	973.51	8
1323.96	1313.27	8
1663.57	1668.53	8
2039.11	1995.82	8
2378.29	2330.47	8
2766.59	2682.16	8
3123.7	2993.14	8
3482.36	3314.69	8
0.39	0.36	8
0.53	0.5	8
0.74	0.83	8
1.3	1.31	8
1.91	2.33	8
1.92	3.32	8
2.5	2.62	8
3.31	3.48	8
4.07	4.57	8
6.79	6.27	8
9.66	8.93	8
16.2	15.34	8
28.33	28.3	8
53.67	51.24	8
97.38	95.25	8
173.72	174.67	8
306.53	309.34	8
534.37	537.73	8
768.52	771.74	8
987.32	993.77	8
1221.77	1223.06	8
1464.79	1457.55	8
1670.73	1675.83	8
1869.83	1909.17	8
2068.99	2137.44	8
0.33	0.29	9
0.29	0.35	9
0.33	0.28	9
0.3	0.25	9
0.32	0.34	9
0.37	0.38	9
0.41	0.43	9
0.45	0.46	9
0.49	0.41	9
0.6	0.56	9
0.61	0.62	9
0.85	0.85	9
1.11	1.15	9
1.81	1.97	9
2.84	2.85	9
4.78	5.0	9
7.93	7.81	9
14.7	14.75	9
27.54	28.69	9
49.37	56.09	9
95.47	106.66	9
187.08	199.91	9
274.35	294.42	9
361.31	393.28	9
445.98	483.48	9
530.98	590.38	9
620.68	687.26	9
710.25	773.73	9
802.65	881.32	9
0.28	0.31	9
0.3	0.3	9
0.33	0.32	9
0.31	0.3	9
0.3	0.33	9
0.32	0.36	9
0.39	0.4	9
0.42	0.39	9
0.6	0.5	9
0.7	0.68	9
1.01	0.9	9
2.03	1.37	9
3.36	2.52	9
6.91	5.93	9
12.87	9.45	9
26.11	19.88	9
52.54	40.34	9
105.94	66.23	9
211.69	185.19	9
417.21	312.79	9
828.18	621.29	9
1631.37	1030.71	9
2433.96	1565.02	9
3161.77	1991.56	9
3888.23	2620.7	9
4607.8	2899.91	9
5406.85	3601.84	9
6208.37	4104.43	9
7008.09	4423.99	9
0.25	0.26	9
0.22	0.27	9
0.24	0.27	9
0.27	0.28	9
0.27	0.28	9
0.28	0.3	9
0.29	0.31	9
0.3	0.41	9
0.4	0.42	9
0.53	0.57	9
0.66	0.63	9
0.97	0.87	9
1.42	1.23	9
2.3	1.97	9
3.3	3.37	9
6.19	5.65	9
9.61	7.93	9
19.48	16.34	9
38.41	34.29	9
67.54	49.97	9
166.81	99.93	9
257.62	240.46	9
370.15	323.09	9
471.95	383.09	9
674.99	456.4	9
703.48	584.55	9
803.06	662.37	9
895.5	784.46	9
1052.44	825.68	9
0.26	0.32	9
0.23	0.28	9
0.32	0.32	9
0.28	0.3	9
0.29	0.31	9
0.35	0.36	9
0.38	0.31	9
0.39	0.43	9
0.55	0.52	9
0.7	0.79	9
1.07	0.85	9
1.97	1.86	9
3.87	2.7	9
6.82	4.72	9
15.09	11.48	9
28.6	21.1	9
58.6	50.95	9
119.31	84.33	9
228.33	237.22	9
470.79	274.04	9
900.78	541.96	9
1832.28	1069.45	9
2637.09	1576.47	9
3468.79	2181.43	9
4163.38	3160.1	9
4934.45	3045.61	9
5848.05	3512.32	9
6644.27	4004.86	9
7519.9	4528.21	9
0.26	0.3	10
0.21	0.3	10
0.32	0.3	10
0.36	0.25	10
0.27	0.29	10
0.33	0.34	10
0.37	0.39	10
0.36	0.35	10
0.4	0.49	10
0.58	0.54	10
0.71	0.66	10
0.93	1.16	10
1.56	1.88	10
2.83	2.81	10
4.37	4.34	10
8.67	8.39	10
15.96	17.08	10
30.83	32.14	10
60.91	62.6	10
119.94	120.06	10
236.21	242.13	10
457.88	473.89	10
678.19	703.86	10
903.2	933.18	10
1124.05	1162.53	10
1342.16	1389.75	10
1560.72	1619.83	10
1784.49	1849.03	10
2009.07	2089.96	10
0.27	0.27	10
0.24	0.21	10
0.28	0.31	10
0.26	0.34	10
0.33	0.35	10
0.29	0.4	10
0.32	0.35	10
0.52	0.42	10
0.53	0.54	10
0.88	0.78	10
1.06	1.14	10
2.12	1.71	10
2.53	2.53	10
4.85	3.83	10
10.02	8.85	10
21.44	13.15	10
42.39	36.61	10
85.35	51.16	10
169.7	145.73	10
335.76	291.97	10
670.27	491.02	10
1300.07	794.75	10
1911.56	1242.27	10
2519.91	1526.77	10
3132.92	1878.0	10
3727.06	2337.18	10
4322.12	2592.6	10
4933.15	3059.88	10
5533.22	3498.25	10
0.24	0.25	10
0.25	0.3	10
0.25	0.23	10
0.23	0.25	10
0.27	0.26	10
0.32	0.28	10
0.32	0.26	10
0.35	0.37	10
0.38	0.39	10
0.52	0.6	10
0.66	0.63	10
1.0	1.12	10
1.74	1.62	10
2.84	2.87	10
4.79	4.61	10
9.71	8.9	10
19.37	16.48	10
39.83	31.45	10
72.23	66.34	10
144.76	136.45	10
263.73	238.11	10
470.17	438.91	10
707.8	632.52	10
961.05	858.87	10
1141.14	1051.63	10
1404.16	1288.89	10
1584.05	1532.93	10
1820.51	1675.7	10
2071.92	1914.65	10
0.25	0.27	10
0.28	0.27	10
0.25	0.27	10
0.27	0.32	10
0.27	0.28	10
0.29	0.36	10
0.34	0.35	10
0.42	0.36	10
0.56	0.57	10
0.8	0.75	10
1.35	0.88	10
2.29	1.76	10
3.12	2.03	10
6.69	5.84	10
10.85	7.02	10
24.3	17.46	10
49.51	27.4	10
97.86	70.25	10
194.04	107.68	10
363.92	216.38	10
741.89	428.03	10
1492.06	821.75	10
2063.41	1412.61	10
2739.71	1631.95	10
3480.31	2047.87	10
4079.39	2366.26	10
4610.34	2638.19	10
5297.79	3082.62	10
5835.94	3551.85	10
0.27	0.27	11
0.28	0.27	11
0.26	0.26	11
0.34	0.3	11
0.25	0.27	11
0.31	0.32	11
0.31	0.33	11
0.43	0.38	11
0.54	0.46	11
0.55	0.64	11
0.93	0.92	11
1.62	1.41	11
3.28	1.93	11
6.08	3.66	11
9.75	7.92	11
19.59	12.05	11
43.44	37.75	11
84.43	50.26	11
165.43	99.13	11
328.22	197.25	11
657.99	480.67	11
1274.52	772.97	11
1896.02	1174.48	11
2512.77	1502.91	11
3132.58	2078.35	11
3747.35	2324.76	11
4360.21	2633.16	11
4980.69	3020.23	11
5583.05	3378.96	11
0.26	0.27	11
0.27	0.27	11
0.29	0.29	11
0.28	0.33	11
0.34	0.33	11
0.36	0.29	11
0.31	0.34	11
0.4	0.44	11
0.45	0.47	11
0.53	0.55	11
0.72	0.68	11
1.07	1.14	11
1.51	1.57	11
2.86	2.59	11
4.19	4.78	11
8.42	8.54	11
16.06	16.51	11
31.17	31.58	11
60.22	63.2	11
116.52	122.2	11
234.3	240.38	11
459.56	460.63	11
674.43	689.05	11
888.76	918.52	11
1104.4	1151.97	11
1316.61	1354.44	11
1516.28	1575.58	11
1734.59	1797.38	11
1949.73	2020.59	11
0.23	0.24	11
0.27	0.23	11
0.22	0.27	11
0.25	0.23	11
0.24	0.3	11
0.27	0.28	11
0.31	0.32	11
0.32	0.34	11
0.52	0.5	11
0.67	0.57	11
0.93	0.97	11
1.78	1.05	11
3.16	2.04	11
4.5	2.86	11
8.14	5.42	11
18.44	10.92	11
41.94	23.47	11
81.91	46.72	11
169.03	140.63	11
336.78	228.25	11
667.17	467.42	11
1244.15	694.84	11
1830.06	1090.55	11
2474.27	1506.82	11
3000.62	1650.85	11
3660.11	2205.74	11
4186.92	2299.1	11
4828.16	2679.16	11
5424.63	3088.74	11
0.23	0.25	11
0.22	0.27	11
0.28	0.29	11
0.29	0.32	11
0.26	0.22	11
0.27	0.32	11
0.35	0.31	11
0.34	0.42	11
0.34	0.39	11
0.57	0.55	11
0.78	0.8	11
1.19	1.13	11
1.71	1.63	11
3.17	2.86	11
5.0	4.25	11
9.59	9.26	11
18.48	18.53	11
35.9	36.73	11
66.0	64.54	11
139.67	131.38	11
251.29	247.1	11
500.84	490.91	11
746.7	705.62	11
957.35	906.73	11
1236.08	1154.82	11
1434.13	1324.49	11
1666.92	1518.75	11
1885.04	1782.26	11
2125.19	2079.28	11
0.23	0.32	12
0.27	0.24	12
0.24	0.26	12
0.28	0.27	12
0.27	0.33	12
0.28	0.27	12
0.31	0.43	12
0.39	0.33	12
0.43	0.42	12
0.7	0.6	12
0.9	1.14	12
1.77	1.12	12
3.42	2.31	12
6.36	4.86	12
11.88	9.42	12
23.92	14.78	12
49.19	36.91	12
97.25	60.73	12
194.34	144.15	12
385.57	288.34	12
770.8	577.13	12
1501.44	939.54	12
2221.67	1669.79	12
2944.78	1849.06	12
3669.0	2757.25	12
4394.44	2754.46	12
5114.22	3394.34	12
5835.19	4217.69	12
6560.95	4145.52	12
0.25	0.24	12
0.27	0.25	12
0.33	0.25	12
0.24	0.31	12
0.25	0.28	12
0.33	0.34	12
0.33	0.4	12
0.4	0.38	12
0.47	0.46	12
0.52	0.52	12
0.62	0.68	12
0.8	0.84	12
1.09	1.05	12
1.71	1.83	12
2.68	2.72	12
4.64	4.95	12
8.13	8.41	12
14.66	15.49	12
26.68	28.29	12
49.77	53.15	12
95.8	106.3	12
185.89	196.93	12
274.21	290.83	12
356.95	397.35	12
444.57	490.71	12
532.47	556.5	12
619.32	682.56	12
710.75	777.96	12
800.87	862.94	12
0.23	0.23	12
0.22	0.25	12
0.27	0.24	12
0.25	0.27	12
0.24	0.24	12
0.25	0.26	12
0.31	0.29	12
0.37	0.33	12
0.39	0.45	12
0.64	0.57	12
0.96	1.01	12
1.58	1.07	12
3.12	2.23	12
5.74	5.94	12
11.99	8.88	12
24.99	21.24	12
49.52	34.44	12
98.61	59.3	12
203.11	140.71	12
390.39	228.86	12
772.28	548.43	12
1529.62	890.12	12
2231.06	1665.63	12
2914.88	1730.45	12
3702.61	2153.08	12
4300.87	2550.77	12
5006.47	3074.57	12
5767.49	3587.36	12
6439.36	3840.93	12
0.26	0.26	12
0.27	0.26	12
0.22	0.28	12
0.25	0.22	12
0.24	0.32	12
0.23	0.33	12
0.41	0.34	12
0.41	0.36	12
0.49	0.42	12
0.61	0.58	12
0.65	0.66	12
0.94	0.98	12
1.47	1.14	12
2.12	2.03	12
3.39	2.76	12
6.02	6.48	12
10.35	9.02	12
19.99	17.39	12
37.45	32.49	12
67.07	54.07	12
121.4	121.77	12
301.29	225.51	12
399.87	323.49	12
489.36	470.74	12
606.91	534.51	12
657.98	588.66	12
782.56	672.75	12
939.22	787.27	12
1064.15	862.5	12
0.28	0.33	13
0.32	0.32	13
0.51	0.48	13
0.68	0.64	13
1.07	1.08	13
1.99	1.94	13
2.96	2.64	13
3.17	4.7	13
4.39	3.4	13
6.72	6.8	13
8.66	9.19	13
15.4	13.71	13
24.57	23.03	13
43.17	41.44	13
68.91	70.37	13
109.92	104.55	13
144.61	144.29	13
195.66	200.42	13
307.98	307.17	13
515.55	510.71	13
733.5	728.78	13
949.36	945.3	13
1168.5	1162.19	13
1379.42	1388.44	13
1583.97	1576.63	13
1779.48	1782.23	13
1935.16	1970.53	13
0.24	0.27	13
0.34	0.33	13
0.41	0.45	13
0.61	0.62	13
1.06	1.05	13
1.98	1.33	13
2.77	2.05	13
4.1	3.34	13
5.51	4.65	13
4.75	5.54	13
9.28	9.56	13
16.2	15.14	13
27.43	24.73	13
47.36	47.74	13
82.54	79.47	13
126.09	126.95	13
186.41	185.95	13
282.04	278.21	13
472.69	471.31	13
879.12	844.49	13
1277.39	1219.23	13
1642.26	1557.31	13
2022.37	1929.64	13
2370.57	2282.43	13
2721.21	2660.89	13
3049.19	2970.6	13
3379.99	3289.48	13
0.27	0.25	13
0.32	0.31	13
0.43	0.39	13
0.62	0.56	13
0.96	0.89	13
1.76	1.77	13
2.62	2.32	13
4.46	4.61	13
3.31	4.05	13
3.39	4.0	13
7.72	7.42	13
11.05	12.64	13
21.34	18.53	13
32.4	33.78	13
55.04	52.61	13
85.47	84.64	13
114.74	113.45	13
168.34	171.42	13
262.91	270.39	13
468.78	473.06	13
649.27	652.96	13
862.1	859.21	13
1066.45	1076.67	13
1260.0	1264.66	13
1457.48	1450.15	13
1657.88	1651.93	13
1816.29	1840.87	13
0.26	0.27	13
0.31	0.3	13
0.39	0.42	13
0.58	0.62	13
1.01	0.99	13
1.42	1.68	13
2.23	2.81	13
3.63	2.55	13
3.66	4.07	13
5.28	4.75	13
7.95	8.85	13
12.57	12.32	13
22.37	22.02	13
37.75	36.81	13
62.73	63.5	13
101.51	104.1	13
152.92	153.3	13
243.79	239.4	13
416.62	417.57	13
801.13	751.97	13
1170.05	1089.25	13
1491.86	1417.36	13
1806.55	1729.17	13
2150.5	2054.26	13
2446.52	2372.63	13
2780.23	2677.96	13
3051.77	2965.33	13
0.3	0.27	14
0.34	0.38	14
0.45	0.45	14
0.7	0.71	14
1.13	1.16	14
2.23	2.12	14
2.59	4.08	14
3.71	5.11	14
4.7	5.48	14
6.76	6.04	14
10.16	11.48	14
15.55	16.9	14
28.25	27.31	14
48.93	49.05	14
80.79	81.17	14
129.53	132.29	14
181.49	188.43	14
274.74	268.45	14
440.53	442.54	14
774.5	771.38	14
1113.58	1101.33	14
1443.85	1447.59	14
1778.43	1791.79	14
2109.93	2128.77	14
2467.05	2437.28	14
2787.05	2759.71	14
3071.93	3069.93	14
0.31	0.27	14
0.37	0.36	14
0.48	0.47	14
0.67	0.64	14
1.16	1.1	14
1.82	2.09	14
2.84	3.73	14
3.87	4.85	14
4.35	5.21	14
6.29	7.43	14
9.54	9.12	14
14.11	16.78	14
25.86	26.44	14
43.55	43.06	14
74.0	71.73	14
112.89	110.83	14
153.66	150.89	14
211.55	212.21	14
324.58	326.82	14
592.86	554.89	14
864.6	787.07	14
1104.98	1000.84	14
1317.05	1226.97	14
1530.37	1445.78	14
1743.73	1635.72	14
1951.19	1852.78	14
2128.76	2024.22	14
0.29	0.25	14
0.28	0.29	14
0.41	0.38	14
0.57	0.57	14
0.94	0.95	14
1.68	1.41	14
2.49	2.44	14
3.1	4.02	14
3.16	3.47	14
5.22	4.3	14
8.22	7.92	14
11.77	11.79	14
21.78	21.69	14
36.57	36.15	14
60.29	61.37	14
96.22	93.58	14
142.99	138.53	14
219.9	220.16	14
367.28	384.25	14
660.1	679.99	14
952.22	970.99	14
1256.02	1277.96	14
1558.99	1570.0	14
1881.61	1860.0	14
2173.67	2162.39	14
2436.88	2441.26	14
2727.16	2733.38	14
0.27	0.27	14
0.29	0.31	14
0.41	0.46	14
0.73	0.66	14
1.11	1.17	14
2.16	2.16	14
3.94	2.53	14
5.06	5.37	14
3.97	4.65	14
6.31	5.58	14
9.5	9.3	14
16.29	14.28	14
23.99	24.14	14
41.67	40.43	14
69.27	68.59	14
103.02	103.77	14
135.78	140.48	14
199.58	198.45	14
313.74	306.9	14
589.67	524.28	14
844.28	750.78	14
1053.93	948.28	14
1254.09	1151.82	14
1441.66	1336.97	14
1627.44	1520.48	14
1799.18	1700.64	14
1981.09	1843.47	14
0.33	0.26	15
0.3	0.4	15
0.41	0.46	15
0.63	0.67	15
1.01	1.09	15
1.92	1.97	15
3.21	3.08	15
4.42	2.64	15
3.73	3.81	15
4.42	5.67	15
7.69	9.12	15
14.18	13.95	15
25.39	24.83	15
41.07	42.96	15
68.34	67.09	15
108.49	103.84	15
145.1	147.61	15
203.23	201.87	15
312.61	311.72	15
568.06	531.46	15
824.97	757.84	15
1036.71	984.47	15
1260.62	1195.3	15
1470.94	1423.15	15
1699.06	1632.75	15
1869.49	1869.03	15
2059.03	2014.77	15
0.26	0.27	15
0.32	0.32	15
0.39	0.43	15
0.65	0.67	15
1.09	1.05	15
1.98	1.82	15
3.66	2.86	15
4.15	4.02	15
4.96	5.34	15
6.46	7.03	15
10.72	9.56	15
14.41	15.61	15
25.35	24.8	15
46.94	44.68	15
76.91	79.36	15
122.9	122.58	15
178.35	175.09	15
260.08	261.24	15
435.25	433.87	15
761.78	765.65	15
1097.75	1097.17	15
1453.63	1423.01	15
1771.69	1782.98	15
2107.43	2102.53	15
2462.21	2447.43	15
2763.66	2750.69	15
3065.45	3056.29	15
0.26	0.25	15
0.27	0.28	15
0.37	0.43	15
0.57	0.56	15
0.92	0.95	15
1.66	1.51	15
2.64	2.96	15
2.34	3.17	15
3.29	5.16	15
3.94	4.91	15
7.48	6.47	15
10.84	10.85	15
18.31	18.4	15
32.24	31.58	15
54.42	52.56	15
83.49	83.22	15
117.16	115.99	15
169.08	170.83	15
273.34	268.98	15
514.14	479.4	15
740.55	677.33	15
938.55	880.29	15
1143.41	1067.6	15
1357.07	1281.85	15
1504.74	1440.21	15
1697.08	1638.85	15
1865.25	1813.15	15
0.28	0.25	15
0.3	0.3	15
0.38	0.44	15
0.57	0.58	15
0.92	0.79	15
1.68	1.33	15
2.04	2.92	15
1.89	3.34	15
2.5	3.41	15
5.31	4.96	15
7.01	7.31	15
13.43	12.57	15
22.58	21.32	15
35.39	36.19	15
61.59	61.63	15
95.11	96.23	15
143.55	142.97	15
216.45	220.73	15
381.95	371.82	15
670.81	677.09	15
966.14	959.29	15
1266.92	1287.05	15
1574.57	1571.23	15
1878.23	1880.66	15
2177.49	2180.34	15
2447.37	2426.86	15
2725.57	2752.33	15
0.28	0.27	16
0.29	0.37	16
0.37	0.42	16
0.67	0.65	16
1.14	1.17	16
1.92	1.98	16
3.3	2.44	16
3.65	3.02	16
4.54	5.9	16
4.71	6.24	16
9.05	10.12	16
15.2	15.59	16
28.04	27.25	16
48.2	47.71	16
79.9	82.24	16
127.07	126.37	16
182.79	181.77	16
275.02	273.84	16
454.71	448.19	16
836.65	795.34	16
1199.28	1136.69	16
1564.76	1490.6	16
1900.57	1827.2	16
2254.52	2165.95	16
2591.57	2520.58	16
2908.99	2837.82	16
3201.28	3150.91	16
0.27	0.28	16
0.29	0.36	16
0.45	0.52	16
0.63	0.67	16
1.09	1.1	16
1.99	1.57	16
3.82	3.48	16
4.46	4.81	16
3.84	4.82	16
6.03	5.93	16
9.16	9.24	16
13.83	14.56	16
25.07	25.03	16
43.89	43.46	16
72.82	70.35	16
109.07	109.52	16
148.52	148.78	16
206.48	204.43	16
310.56	312.9	16
516.93	515.2	16
738.64	728.91	16
947.34	940.72	16
1173.43	1152.11	16
1376.85	1380.57	16
1602.06	1567.36	16
1780.9	1808.05	16
1983.25	1977.28	16
0.26	0.23	16
0.28	0.31	16
0.4	0.39	16
0.58	0.6	16
0.96	0.94	16
1.65	1.56	16
3.19	2.25	16
3.41	3.87	16
4.05	4.5	16
4.7	4.34	16
7.02	7.39	16
12.53	12.04	16
21.57	21.04	16
37.0	36.5	16
59.41	60.71	16
96.58	97.86	16
140.15	141.23	16
224.68	220.6	16
385.07	382.21	16
719.3	692.86	16
1054.06	996.3	16
1369.56	1291.82	16
1661.73	1590.86	16
1959.73	1887.92	16
2243.2	2200.11	16
2573.89	2466.14	16
2800.13	2716.05	16
0.25	0.27	16
0.32	0.41	16
0.49	0.43	16
0.63	0.6	16
1.19	1.2	16
1.78	1.84	16
3.05	2.51	16
2.63	3.07	16
5.62	4.39	16
4.79	5.06	16
8.06	8.5	16
12.95	13.8	16
21.99	23.14	16
37.49	37.42	16
62.86	63.96	16
96.94	96.78	16
132.36	130.29	16
178.74	181.83	16
283.83	286.97	16
474.12	472.39	16
689.58	676.68	16
885.64	886.28	16
1090.07	1081.91	16
1296.4	1293.77	16
1516.28	1503.36	16
1671.88	1686.89	16
1854.34	1859.72	16
0.42	0.42	17
0.59	0.57	17
1.02	1.04	17
2.02	1.98	17
3.44	3.1	17
5.37	5.6	17
9.24	9.83	17
7.73	10.03	17
9.86	16.87	17
12.67	20.31	17
24.92	26.96	17
44.62	44.5	17
78.87	79.14	17
148.2	143.03	17
269.43	273.27	17
493.7	500.59	17
866.18	868.67	17
1337.05	1338.24	17
1781.01	1779.25	17
2481.4	2479.63	17
3144.14	3130.06	17
3782.44	3774.1	17
4346.62	4399.04	17
4852.23	5005.71	17
5326.71	5632.88	17
5771.09	6200.85	17
6207.41	6677.73	17
0.51	0.36	17
0.55	0.64	17
0.98	1.06	17
1.91	1.6	17
3.38	2.99	17
6.54	4.52	17
5.26	6.88	17
11.97	9.23	17
15.51	16.39	17
22.58	20.81	17
40.42	41.4	17
70.16	76.73	17
131.93	130.35	17
255.79	248.21	17
467.37	465.1	17
840.68	834.91	17
1433.0	1436.49	17
2143.11	2149.56	17
2715.83	2722.31	17
3641.26	3658.01	17
4386.85	4436.82	17
5156.64	5217.11	17
6038.63	6025.96	17
6935.01	6860.23	17
7844.75	7662.1	17
8817.84	8402.48	17
9637.58	9109.64	17
0.34	0.36	17
0.51	0.6	17
0.88	0.87	17
1.41	1.41	17
2.46	2.71	17
5.01	4.17	17
8.81	9.84	17
10.26	9.84	17
14.68	8.47	17
13.93	15.32	17
19.05	21.08	17
34.3	31.8	17
58.22	56.95	17
107.28	115.33	17
216.05	214.93	17
383.61	388.65	17
669.58	672.32	17
1033.47	1038.72	17
1406.34	1413.87	17
2016.94	2016.81	17
2677.52	2636.13	17
3360.97	3208.87	17
3948.97	3808.42	17
4488.11	4426.85	17
5028.98	5009.03	17
5496.28	5550.9	17
5894.22	6069.06	17
0.39	0.36	17
0.65	0.56	17
1.07	1.0	17
1.59	1.67	17
3.09	3.12	17
6.16	6.43	17
7.3	9.83	17
11.86	12.03	17
12.48	16.27	17
25.33	25.29	17
37.77	34.25	17
68.56	72.32	17
128.87	126.25	17
235.0	239.21	17
446.98	444.21	17
792.78	788.73	17
1338.98	1338.89	17
1967.31	1973.78	17
2479.05	2543.8	17
3385.72	3396.83	17
4145.37	4155.96	17
4899.73	4891.6	17
5725.52	5633.9	17
6607.76	6377.73	17
7597.95	7192.0	17
8594.58	7888.8	17
9488.92	8539.13	17
0.39	0.32	18
0.5	0.48	18
0.83	0.74	18
1.31	1.61	18
2.48	2.09	18
4.14	4.52	18
9.5	8.14	18
8.19	9.68	18
7.77	10.51	18
15.29	18.44	18
30.49	30.13	18
49.69	51.82	18
94.61	88.9	18
169.13	171.09	18
321.0	319.35	18
563.01	568.76	18
949.75	949.86	18
1448.71	1445.88	18
1926.1	1916.26	18
2654.45	2651.21	18
3369.39	3382.82	18
4271.23	4074.88	18
5144.3	4794.51	18
5945.29	5511.08	18
6643.87	6259.49	18
7292.31	6912.86	18
7843.11	7529.38	18
0.52	0.42	18
0.58	0.65	18
0.97	0.81	18
1.7	1.89	18
2.92	3.21	18
6.19	5.85	18
5.49	5.15	18
7.47	8.67	18
13.07	11.09	18
19.93	19.19	18
25.12	21.55	18
41.41	49.34	18
81.3	75.48	18
146.68	147.48	18
263.37	266.66	18
504.54	502.44	18
870.64	866.86	18
1315.53	1327.56	18
1700.29	1709.43	18
2345.16	2375.61	18
2915.94	2949.21	18
3477.34	3526.58	18
4064.53	4083.72	18
4664.35	4716.76	18
5315.97	5301.55	18
5951.88	5885.87	18
6665.19	6405.54	18
