0.56	0.6	1
0.71	0.75	1
1.1	1.13	1
1.06	0.85	1
1.1	1.7	1
1.25	1.71	1
1.52	1.65	1
1.76	1.8	1
1.9	1.76	1
2.64	2.17	1
3.15	2.53	1
5.05	4.05	1
9.34	6.18	1
12.66	10.09	1
23.01	18.88	1
50.29	34.8	1
81.66	65.22	1
224.18	131.14	1
439.87	245.61	1
365.35	496.84	1
730.73	498.73	1
596.47	601.59	1
1270.32	716.76	1
1051.73	830.14	1
1447.91	945.45	1
1628.35	1066.92	1
0.58	0.52	1
0.93	0.71	1
1.05	1.08	1
1.28	1.26	1
1.34	1.54	1
1.31	1.6	1
1.8	1.76	1
2.27	2.25	1
3.02	2.6	1
4.6	4.48	1
7.01	8.4	1
11.82	14.44	1
21.95	23.11	1
38.31	54.5	1
89.98	90.53	1
116.06	205.33	1
290.32	412.45	1
455.94	817.69	1
1122.79	1604.78	1
2026.43	2394.55	1
1782.45	3218.21	1
3445.28	4048.25	1
3451.44	4913.31	1
4896.5	5742.82	1
4639.73	6585.67	1
4131.33	7426.82	1
0.53	0.52	1
0.67	0.72	1
0.83	0.82	1
1.23	0.88	1
1.29	1.17	1
1.58	1.45	1
1.43	1.41	1
1.56	1.95	1
2.01	1.92	1
2.35	2.01	1
3.79	2.73	1
5.13	3.86	1
10.42	6.64	1
13.8	11.38	1
34.56	19.17	1
45.46	36.23	1
101.83	66.82	1
164.81	163.31	1
369.08	249.15	1
460.8	369.76	1
866.11	484.22	1
755.49	598.42	1
1264.1	721.77	1
1309.93	858.81	1
1456.42	949.5	1
1383.03	1066.96	1
0.55	0.56	1
0.84	0.83	1
1.09	1.23	1
1.2	1.21	1
1.35	1.34	1
1.72	1.63	1
1.99	1.77	1
2.14	2.08	1
3.73	2.81	1
4.85	4.08	1
8.73	7.63	1
12.26	14.3	1
20.65	28.46	1
41.07	54.4	1
75.37	104.81	1
149.08	206.84	1
296.9	412.12	1
467.67	819.17	1
1147.47	1601.51	1
1341.99	2370.78	1
1798.08	3195.78	1
2870.17	3474.82	1
3479.02	4890.24	1
4058.87	5745.53	1
5617.36	6626.4	1
7399.7	7412.06	1
0.6	0.57	2
1.19	0.87	2
1.04	1.23	2
1.47	1.38	2
1.43	1.49	2
1.78	1.44	2
1.98	1.53	2
1.93	1.59	2
2.44	2.34	2
2.97	3.02	2
4.75	4.46	2
7.51	6.12	2
12.61	11.18	2
21.29	19.23	2
47.65	36.09	2
77.97	68.64	2
180.94	135.92	2
359.08	299.11	2
518.27	521.24	2
951.0	765.12	2
1247.86	1014.35	2
1406.84	1413.36	2
1504.81	1507.46	2
1947.97	1739.42	2
2464.58	2030.69	2
2746.7	2223.87	2
0.59	0.51	2
0.9	0.7	2
1.04	0.92	2
1.34	1.02	2
1.55	1.15	2
1.79	1.41	2
1.67	1.81	2
2.38	2.1	2
2.87	2.47	2
4.29	4.04	2
6.18	7.5	2
12.17	12.85	2
20.86	25.29	2
27.27	40.06	2
51.28	91.87	2
152.48	181.01	2
245.71	355.76	2
487.21	708.84	2
730.84	1371.79	2
1399.08	2033.32	2
1856.01	2699.51	2
2301.25	3350.96	2
2120.59	4002.52	2
3201.49	4656.41	2
4478.63	5314.97	2
4094.83	5957.61	2
0.54	0.53	2
0.78	0.76	2
0.94	0.87	2
1.39	1.33	2
1.31	1.14	2
1.37	1.62	2
1.59	1.49	2
2.02	1.71	2
2.15	1.98	2
3.29	2.63	2
5.01	3.9	2
7.24	6.82	2
13.07	10.05	2
24.98	18.64	2
46.96	34.34	2
73.16	65.83	2
141.8	147.61	2
343.83	252.3	2
599.68	484.2	2
816.06	716.67	2
1182.84	1100.52	2
1759.52	1398.53	2
1429.41	1439.33	2
2053.18	1646.26	2
2339.93	1874.72	2
2760.79	2164.63	2
0.6	0.52	2
0.82	0.76	2
0.94	1.01	2
1.44	1.33	2
1.3	1.19	2
1.41	1.39	2
1.63	2.06	2
2.27	2.42	2
3.23	2.97	2
4.59	3.97	2
4.96	7.13	2
11.1	13.32	2
15.37	25.07	2
35.55	46.18	2
78.83	76.88	2
153.43	179.26	2
198.43	356.12	2
606.15	707.43	2
968.69	1386.47	2
1728.0	2037.75	2
1879.14	2702.97	2
2340.57	3349.21	2
2802.71	3997.27	2
3221.49	4628.46	2
3620.92	5221.98	2
5835.92	5826.62	2
0.68	0.54	3
0.74	0.69	3
0.91	0.76	3
1.15	0.92	3
1.17	1.38	3
1.4	1.61	3
1.6	1.57	3
1.82	1.57	3
2.27	2.53	3
3.71	3.97	3
6.89	7.01	3
11.92	12.34	3
13.21	23.45	3
31.32	44.81	3
59.78	87.52	3
145.45	173.65	3
235.1	343.73	3
355.87	678.83	3
1099.33	1315.23	3
1330.12	1957.58	3
1759.01	2571.54	3
1666.29	3199.83	3
1991.67	3826.6	3
3177.41	4633.12	3
4453.99	4485.43	3
4075.41	5956.57	3
0.59	0.65	3
0.78	1.05	3
1.24	1.07	3
1.47	1.53	3
1.59	1.28	3
1.31	1.38	3
1.87	1.64	3
1.61	1.83	3
2.67	2.5	3
3.05	2.83	3
4.44	4.48	3
6.52	6.09	3
12.46	10.91	3
21.73	19.01	3
43.31	40.56	3
77.42	71.51	3
166.58	139.5	3
359.12	267.9	3
643.05	583.28	3
945.55	783.64	3
1261.58	1020.79	3
1564.83	1304.53	3
1912.17	1565.13	3
2232.22	1815.34	3
2309.47	2087.0	3
2867.14	2378.13	3
0.49	0.48	3
0.7	0.68	3
0.92	0.98	3
0.9	1.05	3
1.42	1.14	3
1.22	1.56	3
2.02	1.62	3
1.86	1.83	3
2.3	2.3	3
4.34	3.72	3
6.88	6.22	3
9.45	11.22	3
16.23	21.47	3
35.63	41.36	3
80.35	80.0	3
108.79	157.23	3
260.7	310.22	3
422.14	616.01	3
1004.66	1199.86	3
1215.35	1780.42	3
1226.95	2368.14	3
1993.1	2964.85	3
2402.86	3526.22	3
2119.55	4096.28	3
3163.89	4674.74	3
5260.54	5289.89	3
0.5	0.45	3
0.68	0.72	3
1.12	0.9	3
1.22	1.16	3
1.34	1.29	3
1.61	1.38	3
1.92	1.52	3
1.72	1.68	3
2.02	2.13	3
3.34	2.85	3
4.67	3.75	3
6.73	5.81	3
13.78	11.0	3
21.74	18.32	3
37.57	33.84	3
66.07	64.98	3
184.68	148.53	3
303.44	248.82	3
599.97	482.06	3
890.87	712.11	3
1181.51	966.73	3
1472.65	1199.02	3
1776.41	1408.41	3
2060.71	1640.85	3
2620.7	1890.8	3
2620.5	2100.83	3
0.53	0.69	4
0.79	0.81	4
0.97	1.11	4
1.28	1.3	4
1.44	1.18	4
1.3	1.37	4
1.67	1.46	4
2.12	2.11	4
3.07	3.12	4
5.2	4.47	4
6.68	7.56	4
11.6	14.71	4
19.79	27.33	4
47.4	55.09	4
92.0	91.89	4
150.3	149.04	4
233.44	419.27	4
587.01	840.92	4
902.4	1376.62	4
1336.98	2401.5	4
2711.24	3177.78	4
2779.51	3949.02	4
4026.38	4723.07	4
4684.69	5536.54	4
3489.22	6268.01	4
6003.7	7051.06	4
0.6	0.5	4
0.78	0.78	4
1.07	0.97	4
1.24	1.31	4
1.15	1.19	4
1.75	0.98	4
1.48	1.79	4
1.77	1.54	4
2.04	2.07	4
2.58	2.57	4
3.44	2.73	4
4.79	4.22	4
6.74	6.6	4
12.64	12.91	4
27.29	19.12	4
58.46	33.79	4
97.45	65.53	4
191.82	127.38	4
376.18	251.57	4
548.89	366.18	4
853.08	480.4	4
1076.24	756.11	4
1081.99	716.78	4
1280.55	834.13	4
1447.15	991.31	4
1629.23	1066.42	4
0.54	0.56	4
0.75	0.76	4
1.07	0.82	4
1.2	1.17	4
1.21	1.27	4
1.38	1.34	4
1.66	1.63	4
1.96	2.24	4
2.6	2.57	4
4.24	3.91	4
5.28	7.26	4
11.35	13.06	4
16.04	24.25	4
28.41	48.41	4
67.61	93.89	4
186.9	185.59	4
260.94	369.37	4
729.56	734.89	4
993.03	1414.61	4
1476.46	2105.98	4
2786.45	2378.29	4
2423.33	3481.18	4
2243.26	3557.14	4
3364.76	4102.1	4
4677.67	4680.3	4
4302.58	6209.74	4
0.49	0.48	4
0.62	0.7	4
1.06	0.91	4
1.11	1.02	4
1.19	1.3	4
1.68	1.19	4
1.36	1.54	4
1.53	1.47	4
2.05	1.9	4
2.73	2.22	4
3.73	3.0	4
5.53	4.18	4
8.92	6.66	4
16.46	11.23	4
34.21	18.93	4
61.43	47.06	4
109.33	68.63	4
189.65	128.17	4
383.64	249.28	4
367.64	474.72	4
728.86	484.83	4
752.79	602.05	4
720.81	708.55	4
1290.61	832.75	4
1192.25	976.59	4
1881.27	1066.42	4
0.39	0.38	5
0.58	0.56	5
0.87	0.85	5
1.3	1.5	5
2.25	2.57	5
2.14	2.28	5
3.04	2.16	5
4.32	4.21	5
4.78	5.03	5
6.18	6.18	5
10.92	10.74	5
18.23	19.11	5
32.81	34.28	5
64.47	64.54	5
120.72	121.23	5
215.52	219.81	5
370.86	374.83	5
625.51	633.06	5
874.45	872.96	5
1108.57	1121.98	5
1353.97	1358.93	5
1584.09	1574.87	5
1813.28	1782.58	5
2049.77	1996.97	5
2238.88	2180.8	5
0.42	0.41	5
0.53	0.55	5
0.85	0.83	5
1.25	1.4	5
2.2	1.69	5
3.73	2.16	5
3.58	3.99	5
5.72	5.26	5
8.54	8.81	5
16.22	15.15	5
27.63	28.62	5
52.74	52.53	5
99.99	100.56	5
186.67	183.42	5
326.4	326.96	5
538.69	541.32	5
798.98	791.32	5
1211.06	1207.93	5
1589.8	1593.54	5
1973.7	1981.02	5
2336.51	2374.15	5
2709.47	2773.33	5
3063.0	3173.29	5
3407.59	3574.47	5
3764.17	3948.8	5
0.38	0.38	5
0.5	0.47	5
0.77	0.85	5
1.32	1.32	5
2.1	2.05	5
2.57	2.97	5
2.24	2.91	5
2.84	3.71	5
4.25	4.49	5
6.77	6.48	5
9.26	9.15	5
16.41	17.71	5
29.17	28.97	5
53.37	54.86	5
98.8	97.84	5
179.15	176.23	5
307.43	306.34	5
540.79	543.18	5
775.28	767.31	5
990.12	1004.49	5
1235.54	1234.97	5
1450.75	1466.31	5
1682.44	1663.01	5
1891.1	1876.81	5
2116.16	2087.5	5
0.39	0.4	5
0.57	0.44	5
0.86	0.83	5
1.2	1.39	5
2.29	2.14	5
2.93	3.79	5
4.47	4.17	5
5.24	5.36	5
9.38	9.24	5
14.53	15.8	5
28.66	28.34	5
53.21	51.82	5
99.23	98.48	5
180.29	181.66	5
319.26	314.28	5
508.72	505.3	5
748.51	749.34	5
1137.27	1142.57	5
1518.28	1525.2	5
1872.8	1888.89	5
2235.15	2278.8	5
2596.42	2670.1	5
2923.06	3022.72	5
3238.24	3425.95	5
3557.88	3745.63	5
0.38	0.42	6
0.56	0.52	6
0.89	0.85	6
1.36	1.56	6
2.66	2.34	6
2.89	3.0	6
3.75	3.53	6
5.18	4.43	6
9.09	8.62	6
15.74	15.19	6
28.11	28.33	6
53.92	53.71	6
101.32	99.82	6
186.57	188.11	6
335.68	333.68	6
557.03	557.24	6
825.72	813.32	6
1217.57	1217.64	6
1581.17	1593.83	6
1960.33	1970.1	6
2337.37	2326.98	6
2751.19	2751.93	6
3124.02	3110.93	6
3475.52	3468.11	6
3848.03	3803.6	6
0.43	0.42	6
0.56	0.54	6
0.83	0.87	6
1.53	1.55	6
2.28	2.81	6
3.48	3.99	6
3.27	2.64	6
4.83	3.93	6
4.99	4.06	6
6.57	7.4	6
12.29	10.39	6
18.65	18.55	6
35.8	36.82	6
66.84	66.87	6
124.75	126.02	6
224.01	223.05	6
386.78	381.53	6
634.38	646.93	6
886.08	884.18	6
1123.71	1112.43	6
1344.21	1334.28	6
1579.48	1574.58	6
1822.68	1792.64	6
2040.79	2036.36	6
2285.89	2278.51	6
0.37	0.34	6
0.48	0.49	6
0.76	0.69	6
1.09	1.17	6
2.11	1.9	6
2.5	2.9	6
3.93	4.03	6
4.52	4.53	6
6.84	6.78	6
11.39	11.38	6
20.56	19.45	6
38.35	38.11	6
70.59	72.39	6
127.8	131.88	6
236.75	234.98	6
392.55	391.21	6
605.46	604.88	6
947.77	947.17	6
1300.3	1288.03	6
1626.59	1648.48	6
1969.34	1966.5	6
2302.34	2308.49	6
2642.82	2643.24	6
2983.28	2964.6	6
3283.37	3279.67	6
0.42	0.4	6
0.55	0.48	6
0.75	0.8	6
1.46	1.14	6
1.8	2.41	6
2.46	2.82	6
2.5	2.85	6
4.06	3.13	6
3.89	3.91	6
6.67	6.74	6
10.04	9.98	6
17.91	18.23	6
30.99	32.41	6
58.97	58.63	6
108.54	106.08	6
192.67	194.4	6
324.01	326.72	6
564.59	570.39	6
800.51	790.62	6
1020.55	1013.36	6
1247.52	1237.73	6
1487.42	1478.27	6
1705.3	1701.51	6
1922.76	1938.85	6
2134.89	2146.84	6
0.39	0.37	7
0.49	0.5	7
0.73	0.9	7
1.45	1.45	7
1.91	2.27	7
1.94	1.42	7
2.39	2.18	7
3.75	3.86	7
5.57	4.47	7
5.54	7.56	7
11.04	11.38	7
17.49	18.27	7
33.36	33.39	7
62.03	64.38	7
118.78	119.68	7
211.77	217.1	7
372.82	375.38	7
628.62	626.36	7
868.2	869.16	7
1095.32	1098.09	7
1329.62	1325.86	7
1565.21	1549.11	7
1796.15	1787.03	7
2041.47	2029.58	7
2268.96	2236.48	7
0.4	0.37	7
0.53	0.5	7
0.89	0.76	7
1.44	1.32	7
1.84	2.03	7
3.53	3.46	7
3.71	3.75	7
5.09	5.9	7
8.59	9.24	7
15.06	14.31	7
27.92	27.11	7
50.43	50.74	7
97.75	96.93	7
179.24	179.03	7
316.22	315.97	7
532.42	527.64	7
786.72	792.83	7
1176.58	1180.65	7
1553.38	1551.71	7
1915.55	1940.58	7
2289.19	2307.15	7
2652.97	2664.51	7
3030.06	3029.54	7
3394.8	3382.45	7
3714.49	3686.87	7
0.43	0.36	7
0.52	0.51	7
0.75	0.8	7
1.32	1.26	7
1.8	2.42	7
3.38	3.26	7
2.54	2.13	7
4.01	3.35	7
3.98	4.1	7
7.08	6.76	7
10.26	9.23	7
15.14	15.25	7
28.03	28.06	7
51.9	52.41	7
97.24	100.56	7
178.51	175.97	7
308.78	305.35	7
543.59	543.4	7
770.41	776.88	7
999.62	1000.01	7
1211.75	1214.7	7
1446.02	1436.25	7
1667.75	1663.24	7
1910.63	1898.93	7
2108.39	2124.15	7
0.39	0.34	7
0.5	0.47	7
0.76	0.75	7
1.15	1.31	7
1.6	2.27	7
2.43	2.55	7
3.17	3.06	7
4.03	4.26	7
7.97	7.23	7
11.99	12.66	7
21.88	22.75	7
42.11	42.51	7
79.28	78.48	7
145.41	145.61	7
255.47	256.04	7
424.02	424.25	7
648.93	644.18	7
1000.76	997.91	7
1347.06	1341.27	7
1700.83	1697.27	7
2036.09	2046.06	7
2389.05	2404.51	7
2721.47	2739.05	7
3079.74	3077.69	7
3410.41	3406.7	7
0.38	0.44	8
0.51	0.5	8
0.78	0.86	8
1.48	1.21	8
1.91	1.72	8
2.85	3.51	8
3.18	3.6	8
4.31	4.44	8
9.02	8.9	8
15.8	15.1	8
28.34	28.11	8
52.95	52.73	8
99.77	100.16	8
183.86	185.26	8
328.31	329.53	8
550.41	550.02	8
816.44	815.06	8
1227.88	1229.25	8
1620.88	1622.07	8
2000.13	2056.19	8
2425.09	2471.94	8
2802.82	2855.66	8
3189.35	3311.8	8
3539.36	3699.41	8
3891.86	4149.53	8
0.43	0.39	8
0.59	0.64	8
0.88	0.89	8
1.45	1.5	8
2.5	2.8	8
2.5	3.63	8
2.92	3.29	8
4.39	4.09	8
5.55	4.7	8
6.42	7.71	8
10.49	11.57	8
19.68	19.39	8
35.88	35.94	8
66.76	67.18	8
124.49	124.03	8
225.69	226.83	8
381.52	384.55	8
633.6	633.92	8
884.3	883.98	8
1120.24	1120.92	8
1363.34	1358.33	8
1592.68	1577.34	8
1851.99	1798.78	8
2059.1	1990.47	8
2267.73	2194.66	8
0.32	0.38	8
0.48	0.45	8
0.69	0.68	8
1.2	1.27	8
1.48	2.25	8
3.23	2.3	8
3.08	3.32	8
4.31	4.19	8
6.77	6.98	8
11.22	11.71	8
19.41	19.82	8
37.82	37.89	8
70.75	70.43	8
131.91	132.65	8
233.79	232.92	8
391.25	394.8	8
603.84	602.69	8
961.15	968.54	8
1319.48	1314.41	8
1664.39	1681.21	8
1990.06	2025.14	8
2331.14	2364.46	8
2670.46	2750.92	8
2987.6	3114.06	8
3320.52	3526.92	8
0.4	0.37	8
0.47	0.47	8
0.79	0.79	8
1.28	1.26	8
1.51	2.1	8
2.15	2.84	8
2.89	3.29	8
2.53	2.59	8
4.32	5.62	8
6.21	5.35	8
9.26	9.25	8
16.99	15.77	8
29.14	29.71	8
54.48	53.21	8
98.75	97.98	8
177.72	176.32	8
310.32	308.7	8
537.52	550.76	8
771.25	767.88	8
1001.67	994.9	8
1233.37	1214.45	8
1451.34	1430.37	8
1687.22	1656.7	8
1895.06	1857.18	8
2107.16	2052.12	8
0.27	0.28	9
0.28	0.25	9
0.29	0.27	9
0.4	0.31	9
0.34	0.32	9
0.32	0.36	9
0.4	0.32	9
0.43	0.39	9
0.45	0.45	9
0.59	0.52	9
0.63	0.58	9
0.96	0.93	9
1.22	1.08	9
1.86	1.77	9
2.83	2.5	9
4.99	4.63	9
8.29	7.78	9
14.92	14.18	9
27.82	24.97	9
55.65	48.4	9
106.38	88.96	9
192.79	172.75	9
295.53	252.33	9
391.49	329.7	9
492.97	414.72	9
580.9	493.17	9
682.95	573.3	9
768.63	653.41	9
875.03	731.67	9
0.31	0.29	9
0.29	0.28	9
0.32	0.3	9
0.38	0.3	9
0.31	0.32	9
0.34	0.33	9
0.32	0.37	9
0.43	0.4	9
0.54	0.51	9
0.73	0.77	9
1.05	1.25	9
1.56	1.68	9
2.2	3.46	9
4.41	6.24	9
8.24	12.79	9
23.13	26.94	9
39.58	54.3	9
79.24	108.01	9
158.64	216.58	9
312.59	424.75	9
621.5	842.41	9
1029.36	1665.59	9
1535.54	2485.83	9
1988.11	3234.6	9
2626.38	3966.08	9
2900.5	4697.78	9
3496.85	5514.88	9
3908.8	6331.38	9
4411.5	7137.44	9
0.25	0.22	9
0.25	0.26	9
0.26	0.27	9
0.31	0.29	9
0.25	0.22	9
0.29	0.28	9
0.3	0.31	9
0.32	0.28	9
0.39	0.3	9
0.53	0.54	9
0.67	0.64	9
0.87	0.81	9
1.36	1.15	9
2.32	1.76	9
2.63	2.56	9
5.59	4.52	9
9.83	7.74	9
17.91	13.63	9
31.72	24.63	9
54.72	45.98	9
117.47	91.16	9
198.09	172.06	9
313.0	251.27	9
381.25	332.94	9
486.93	419.74	9
550.92	490.52	9
643.99	571.21	9
742.58	661.6	9
817.84	729.97	9
0.29	0.32	9
0.29	0.32	9
0.3	0.31	9
0.32	0.28	9
0.29	0.26	9
0.34	0.35	9
0.31	0.31	9
0.39	0.33	9
0.45	0.49	9
0.68	0.74	9
0.97	1.18	9
1.46	1.42	9
3.65	3.54	9
4.47	6.56	9
12.48	12.75	9
19.83	27.03	9
43.61	54.31	9
118.53	108.56	9
137.52	215.54	9
335.35	428.54	9
542.35	844.01	9
1074.61	1663.52	9
1624.21	2483.65	9
2192.2	3228.44	9
2715.36	3965.28	9
2967.55	4700.69	9
3491.74	5517.54	9
4047.25	6328.77	9
4565.18	7147.24	9
0.22	0.21	10
0.33	0.23	10
0.3	0.27	10
0.35	0.27	10
0.26	0.28	10
0.32	0.29	10
0.44	0.42	10
0.39	0.4	10
0.42	0.47	10
0.62	0.54	10
0.86	0.71	10
1.06	1.03	10
1.55	1.58	10
2.96	2.69	10
4.41	4.07	10
9.34	8.29	10
16.38	16.14	10
31.24	30.07	10
61.65	58.38	10
122.74	116.99	10
243.41	230.5	10
471.97	445.0	10
704.4	659.42	10
930.13	875.85	10
1165.88	1090.98	10
1392.03	1305.94	10
1622.87	1523.83	10
1850.3	1727.89	10
2080.37	1940.62	10
0.28	0.26	10
0.29	0.22	10
0.29	0.26	10
0.24	0.28	10
0.3	0.28	10
0.26	0.29	10
0.37	0.35	10
0.38	0.36	10
0.5	0.62	10
0.79	0.51	10
0.94	0.96	10
1.66	1.48	10
2.84	3.03	10
3.16	5.71	10
8.39	10.64	10
13.25	21.57	10
31.6	44.02	10
62.58	86.7	10
101.5	173.27	10
247.08	343.34	10
491.99	685.26	10
789.68	1329.86	10
1242.66	1960.75	10
1516.91	2588.86	10
1878.4	3213.19	10
2235.69	3830.28	10
3232.81	4435.75	10
3057.61	5059.32	10
3492.46	5672.9	10
0.24	0.21	10
0.24	0.22	10
0.28	0.24	10
0.29	0.23	10
0.24	0.25	10
0.28	0.26	10
0.35	0.3	10
0.36	0.33	10
0.36	0.32	10
0.5	0.56	10
0.6	0.62	10
1.14	1.07	10
1.56	1.49	10
3.08	2.55	10
5.17	4.11	10
10.17	8.13	10
16.86	15.05	10
35.36	29.1	10
62.38	55.2	10
122.2	108.41	10
222.09	212.23	10
434.05	411.92	10
652.8	605.58	10
893.11	801.12	10
1060.5	996.43	10
1270.88	1219.41	10
1533.3	1387.62	10
1656.63	1589.25	10
1867.36	1784.3	10
0.24	0.26	10
0.26	0.24	10
0.26	0.29	10
0.28	0.24	10
0.28	0.25	10
0.33	0.36	10
0.31	0.28	10
0.33	0.51	10
0.52	0.58	10
0.63	0.71	10
0.91	1.33	10
2.24	2.15	10
2.14	3.89	10
4.45	5.07	10
7.93	11.22	10
13.83	22.38	10
41.24	43.09	10
69.69	86.61	10
131.17	171.68	10
258.41	342.37	10
430.6	682.92	10
825.63	1327.96	10
1204.64	1952.36	10
1616.74	2585.03	10
2019.06	3199.47	10
2447.08	3794.15	10
2704.08	4397.43	10
3123.08	4920.88	10
3286.25	5501.64	10
0.26	0.31	11
0.26	0.28	11
0.26	0.23	11
0.28	0.3	11
0.28	0.26	11
0.28	0.25	11
0.31	0.3	11
0.48	0.4	11
0.54	0.52	11
0.76	0.68	11
0.93	1.2	11
1.14	1.8	11
3.16	3.54	11
4.82	4.64	11
8.37	10.81	11
18.59	20.11	11
26.31	44.62	11
50.22	86.4	11
99.19	171.66	11
240.98	336.69	11
393.51	673.55	11
768.35	1310.16	11
1134.8	1942.48	11
1622.47	2571.86	11
2079.23	3202.18	11
2326.39	3838.09	11
2631.72	4464.74	11
3021.15	5127.39	11
3378.41	5727.46	11
0.25	0.26	11
0.34	0.26	11
0.27	0.24	11
0.29	0.35	11
0.3	0.3	11
0.33	0.27	11
0.4	0.34	11
0.36	0.28	11
0.41	0.39	11
0.46	0.55	11
0.71	0.59	11
0.91	1.08	11
1.65	1.41	11
2.66	2.68	11
4.43	4.2	11
8.51	8.11	11
16.2	15.16	11
31.87	30.17	11
61.44	58.31	11
121.98	113.54	11
237.13	227.96	11
468.61	449.55	11
699.42	657.68	11
915.14	865.7	11
1135.65	1076.65	11
1370.69	1274.17	11
1577.87	1476.7	11
1788.39	1678.37	11
2020.09	1882.56	11
0.23	0.24	11
0.25	0.23	11
0.26	0.28	11
0.26	0.23	11
0.25	0.27	11
0.27	0.27	11
0.33	0.23	11
0.4	0.37	11
0.5	0.41	11
0.6	0.66	11
0.8	1.01	11
1.27	1.49	11
2.06	2.36	11
3.47	5.01	11
5.69	7.84	11
14.48	18.29	11
23.66	37.93	11
46.54	75.19	11
87.67	150.01	11
175.43	297.84	11
471.0	592.24	11
675.58	1154.22	11
1039.21	1715.36	11
1465.74	2272.84	11
1677.31	2834.31	11
2069.64	3396.39	11
2281.28	3947.33	11
2695.45	4514.49	11
2947.91	5057.24	11
0.26	0.23	11
0.28	0.25	11
0.24	0.22	11
0.27	0.27	11
0.28	0.28	11
0.25	0.28	11
0.34	0.38	11
0.39	0.36	11
0.39	0.36	11
0.5	0.63	11
0.65	0.74	11
1.07	1.15	11
1.66	1.4	11
3.31	2.96	11
5.08	4.36	11
9.61	8.07	11
17.5	15.24	11
32.08	29.91	11
71.23	57.82	11
126.83	112.82	11
235.34	221.62	11
462.08	430.88	11
675.81	641.87	11
886.91	840.89	11
1098.91	1046.13	11
1312.27	1240.4	11
1617.2	1445.61	11
1763.27	1644.05	11
1947.64	1849.5	11
0.26	0.27	12
0.3	0.24	12
0.24	0.26	12
0.35	0.23	12
0.29	0.2	12
0.3	0.31	12
0.33	0.32	12
0.36	0.4	12
0.46	0.45	12
0.6	0.62	12
0.89	0.92	12
1.52	1.82	12
2.19	3.5	12
4.35	5.69	12
8.87	11.9	12
18.96	24.28	12
30.51	50.27	12
84.64	99.97	12
145.34	197.13	12
240.8	393.76	12
481.62	788.26	12
940.76	1531.62	12
1389.5	2269.57	12
1850.7	3003.63	12
2301.2	3747.34	12
2757.16	4489.68	12
3208.23	5215.42	12
4038.45	5956.89	12
4132.47	6696.68	12
0.26	0.24	12
0.28	0.25	12
0.28	0.24	12
0.3	0.3	12
0.3	0.3	12
0.29	0.22	12
0.39	0.31	12
0.36	0.36	12
0.37	0.33	12
0.6	0.48	12
0.58	0.6	12
0.89	0.74	12
1.12	1.08	12
1.82	1.88	12
2.76	2.4	12
4.74	4.31	12
8.67	7.56	12
15.24	13.43	12
27.6	24.86	12
51.04	46.63	12
104.59	89.24	12
202.48	169.41	12
290.45	254.79	12
396.13	336.58	12
488.14	432.67	12
569.94	512.46	12
671.09	573.99	12
781.83	653.02	12
829.58	725.46	12
0.24	0.26	12
0.22	0.24	12
0.24	0.21	12
0.21	0.22	12
0.23	0.24	12
0.23	0.24	12
0.29	0.28	12
0.34	0.3	12
0.43	0.44	12
0.57	0.58	12
0.97	0.99	12
1.16	1.42	12
2.48	2.76	12
3.84	5.4	12
7.2	10.62	12
17.35	21.73	12
41.79	43.99	12
88.59	91.36	12
149.49	182.22	12
289.42	361.95	12
696.71	721.78	12
877.55	1402.36	12
1888.28	2079.78	12
2136.46	2746.35	12
2142.27	3422.38	12
2548.61	4094.32	12
3081.25	4760.31	12
3442.98	5443.55	12
3903.66	6119.71	12
0.26	0.21	12
0.29	0.28	12
0.3	0.23	12
0.29	0.28	12
0.32	0.28	12
0.28	0.28	12
0.31	0.34	12
0.33	0.35	12
0.41	0.46	12
0.53	0.51	12
0.58	0.59	12
1.0	0.89	12
1.28	1.09	12
1.95	1.72	12
2.99	2.56	12
5.48	4.39	12
10.12	7.39	12
19.65	13.92	12
33.05	25.1	12
61.43	46.03	12
120.19	91.37	12
243.78	172.62	12
310.03	259.99	12
393.88	334.42	12
487.53	413.73	12
649.33	491.47	12
633.34	575.83	12
759.0	654.64	12
832.59	759.92	12
0.28	0.27	13
0.29	0.29	13
0.42	0.44	13
0.66	0.73	13
1.16	1.17	13
1.69	1.91	13
2.89	3.61	13
3.33	4.67	13
4.21	4.48	13
6.47	5.65	13
8.84	7.59	13
14.16	14.22	13
25.0	23.0	13
41.59	39.35	13
70.37	69.0	13
108.73	104.32	13
145.69	143.17	13
199.47	202.64	13
307.73	308.67	13
522.74	525.19	13
734.04	731.95	13
942.19	952.71	13
1156.51	1156.25	13
1389.14	1389.72	13
1559.35	1576.76	13
1758.38	1806.33	13
1969.59	1970.1	13
0.27	0.27	13
0.33	0.28	13
0.4	0.43	13
0.64	0.67	13
1.1	1.08	13
1.88	1.59	13
3.22	3.54	13
2.82	2.9	13
5.14	4.99	13
5.34	6.57	13
10.8	9.51	13
15.15	15.2	13
27.83	26.71	13
48.32	47.8	13
79.9	78.65	13
130.03	127.74	13
184.75	185.29	13
279.95	285.34	13
468.69	470.78	13
836.39	877.19	13
1198.36	1270.28	13
1567.46	1649.55	13
1921.12	2011.64	13
2291.84	2383.03	13
2641.7	2730.75	13
2991.49	3056.75	13
3281.21	3401.89	13
0.27	0.23	13
0.31	0.28	13
0.38	0.35	13
0.61	0.56	13
0.94	1.02	13
1.8	1.22	13
2.66	2.35	13
3.52	2.98	13
3.21	3.23	13
4.42	4.64	13
8.19	7.22	13
11.29	11.19	13
20.57	18.47	13
32.97	33.32	13
55.13	53.59	13
84.88	84.74	13
117.39	113.4	13
166.76	167.91	13
265.15	268.99	13
466.51	465.95	13
671.94	664.65	13
859.03	867.89	13
1065.29	1069.63	13
1281.99	1283.77	13
1458.01	1472.34	13
1666.09	1668.9	13
1852.48	1839.76	13
0.3	0.28	13
0.33	0.31	13
0.41	0.39	13
0.65	0.6	13
0.96	0.94	13
1.54	1.77	13
1.96	2.48	13
3.2	2.95	13
3.63	3.83	13
5.43	6.65	13
7.9	8.08	13
13.53	12.38	13
21.25	22.03	13
37.78	38.18	13
61.56	62.39	13
103.53	104.26	13
153.88	151.89	13
246.65	243.24	13
416.98	413.6	13
748.53	789.9	13
1068.39	1144.6	13
1396.48	1485.64	13
1743.08	1800.6	13
2042.28	2108.14	13
2352.49	2422.54	13
2666.26	2736.64	13
2960.91	3009.52	13
0.28	0.29	14
0.37	0.33	14
0.46	0.43	14
0.74	0.67	14
1.33	1.16	14
1.69	1.99	14
2.49	3.15	14
3.1	5.71	14
6.62	3.84	14
7.64	5.46	14
11.15	9.61	14
15.59	15.93	14
27.1	26.41	14
49.88	49.38	14
80.92	84.52	14
127.14	125.37	14
183.73	183.57	14
269.96	271.23	14
445.43	443.39	14
768.2	782.21	14
1104.58	1116.2	14
1441.13	1451.53	14
1775.95	1781.75	14
2109.89	2132.44	14
2485.57	2467.56	14
2771.8	2815.49	14
3086.67	3076.24	14
0.31	0.25	14
0.36	0.35	14
0.46	0.5	14
0.68	0.75	14
1.09	1.28	14
2.08	2.1	14
3.63	3.62	14
3.36	2.59	14
6.2	3.38	14
6.43	6.09	14
9.96	8.59	14
14.62	17.13	14
26.78	25.84	14
43.37	44.89	14
74.69	74.33	14
113.84	110.49	14
151.73	150.35	14
213.63	215.15	14
328.14	330.4	14
555.64	591.68	14
787.22	871.59	14
1010.22	1101.96	14
1228.67	1311.54	14
1421.6	1548.07	14
1679.51	1756.41	14
1842.6	1933.1	14
1980.28	2164.51	14
0.26	0.25	14
0.3	0.29	14
0.39	0.38	14
0.55	0.55	14
1.01	0.91	14
1.67	1.57	14
2.43	2.59	14
2.74	1.92	14
4.77	3.11	14
4.45	4.31	14
7.31	7.93	14
12.12	12.59	14
20.91	21.48	14
35.81	36.22	14
60.1	60.61	14
94.45	91.87	14
138.44	141.66	14
220.88	224.82	14
367.93	380.43	14
657.41	664.77	14
949.91	967.21	14
1256.83	1274.35	14
1555.55	1559.93	14
1864.3	1855.16	14
2144.3	2155.86	14
2423.5	2453.0	14
2726.68	2721.69	14
0.28	0.24	14
0.32	0.3	14
0.45	0.41	14
0.61	0.66	14
1.13	1.18	14
2.01	1.89	14
3.36	3.4	14
2.49	2.88	14
4.17	4.94	14
6.36	6.55	14
9.28	9.14	14
13.94	14.73	14
25.41	24.02	14
42.37	41.55	14
67.28	68.47	14
102.68	107.99	14
142.76	139.8	14
195.78	195.19	14
306.36	312.56	14
531.67	558.72	14
741.22	830.9	14
943.33	1045.81	14
1144.44	1240.04	14
1333.48	1439.74	14
1506.24	1624.4	14
1684.83	1791.8	14
1875.99	1943.86	14
0.31	0.25	15
0.4	0.36	15
0.43	0.44	15
0.65	0.61	15
1.01	1.07	15
1.97	1.59	15
2.66	3.54	15
3.53	4.17	15
4.33	3.53	15
6.36	6.42	15
9.07	10.3	15
12.97	13.68	15
24.42	25.15	15
40.48	41.82	15
68.21	67.82	15
104.87	105.73	15
146.05	145.78	15
204.01	205.36	15
313.88	315.42	15
548.62	571.56	15
766.97	820.56	15
993.2	1035.58	15
1204.32	1288.5	15
1414.48	1490.84	15
1631.13	1694.89	15
1840.03	1876.85	15
2055.4	2084.96	15
0.27	0.31	15
0.35	0.29	15
0.44	0.45	15
0.63	0.63	15
0.96	1.04	15
1.66	2.01	15
3.01	3.01	15
4.53	3.26	15
5.44	4.52	15
5.82	5.06	15
9.17	10.2	15
15.98	16.43	15
28.37	27.08	15
44.63	45.07	15
77.33	76.85	15
122.37	122.52	15
177.09	172.79	15
262.71	264.45	15
430.92	429.8	15
758.69	758.9	15
1095.17	1106.46	15
1423.43	1443.04	15
1760.88	1787.63	15
2090.01	2108.82	15
2457.32	2439.94	15
2767.83	2757.76	15
3040.7	3057.5	15
0.28	0.25	15
0.29	0.27	15
0.37	0.36	15
0.6	0.55	15
0.85	0.88	15
1.76	1.63	15
2.65	1.38	15
3.42	3.0	15
2.82	3.54	15
4.74	5.39	15
7.35	7.56	15
10.3	11.24	15
19.74	19.26	15
31.97	33.18	15
53.9	53.29	15
81.15	82.28	15
113.6	116.95	15
173.12	173.55	15
268.77	276.42	15
474.4	504.2	15
687.34	736.62	15
876.66	934.16	15
1070.34	1141.88	15
1267.25	1322.27	15
1469.51	1535.31	15
1643.67	1695.93	15
1849.5	1874.33	15
0.33	0.26	15
0.31	0.32	15
0.43	0.38	15
0.59	0.59	15
0.83	0.92	15
1.66	1.67	15
2.8	1.96	15
4.19	2.69	15
4.13	3.82	15
5.55	4.9	15
6.87	7.07	15
12.13	13.2	15
21.53	20.24	15
36.91	35.64	15
58.51	61.64	15
94.88	96.33	15
143.28	141.65	15
219.89	220.42	15
374.57	377.03	15
664.33	675.97	15
964.76	966.52	15
1266.0	1271.83	15
1580.72	1571.75	15
1863.22	1869.25	15
2175.6	2175.71	15
2455.88	2460.9	15
2708.96	2752.37	15
0.27	0.26	16
0.3	0.3	16
0.46	0.4	16
0.63	0.62	16
1.11	0.89	16
2.0	1.92	16
2.95	2.81	16
2.86	3.64	16
4.48	4.3	16
6.32	6.83	16
11.27	9.7	16
16.81	15.98	16
28.64	28.0	16
48.09	48.61	16
79.48	80.97	16
125.44	126.29	16
181.92	181.16	16
273.84	272.5	16
452.06	453.55	16
798.25	836.32	16
1132.48	1199.08	16
1487.06	1556.06	16
1836.32	1920.7	16
2164.01	2243.71	16
2514.07	2586.8	16
2805.86	2927.77	16
3120.8	3232.38	16
0.26	0.25	16
0.38	0.29	16
0.44	0.42	16
0.66	0.67	16
1.11	1.08	16
1.96	2.03	16
2.48	3.01	16
3.85	5.32	16
5.16	4.63	16
6.01	5.65	16
8.08	8.36	16
16.13	13.84	16
24.63	24.4	16
42.21	42.56	16
71.56	74.64	16
109.33	109.42	16
147.9	145.87	16
200.2	206.38	16
310.09	311.13	16
519.14	516.87	16
739.66	749.33	16
949.98	954.65	16
1168.41	1180.59	16
1370.47	1385.29	16
1595.46	1609.39	16
1802.58	1797.79	16
1972.55	1963.06	16
0.24	0.24	16
0.29	0.28	16
0.38	0.38	16
0.59	0.61	16
0.92	0.93	16
1.52	1.5	16
1.85	2.64	16
3.29	2.27	16
4.14	3.39	16
4.41	4.87	16
7.35	7.86	16
13.79	14.52	16
20.49	21.69	16
36.19	36.73	16
58.74	59.92	16
96.47	96.3	16
144.03	143.24	16
223.15	223.25	16
387.62	380.76	16
688.79	712.13	16
991.74	1041.03	16
1286.91	1356.15	16
1585.5	1636.1	16
1886.72	1932.43	16
2157.33	2252.97	16
2461.49	2510.3	16
2734.1	2830.91	16
0.26	0.25	16
0.36	0.28	16
0.44	0.41	16
0.66	0.62	16
0.95	1.07	16
1.88	1.58	16
3.1	2.59	16
4.13	2.92	16
4.79	4.14	16
6.38	6.68	16
7.57	7.64	16
14.65	12.65	16
24.27	23.22	16
38.15	40.01	16
62.86	62.23	16
95.59	94.86	16
131.32	132.45	16
182.65	185.42	16
285.56	283.65	16
485.73	481.88	16
676.45	681.39	16
881.3	896.37	16
1086.51	1107.48	16
1288.44	1298.48	16
1496.37	1495.94	16
1696.76	1697.4	16
1864.24	1853.01	16
0.43	0.43	17
0.6	0.75	17
0.97	1.07	17
1.71	1.84	17
2.42	3.31	17
5.0	4.64	17
8.5	11.79	17
14.24	7.35	17
14.45	14.36	17
21.97	16.15	17
24.0	24.93	17
40.77	43.09	17
77.08	76.44	17
146.87	147.08	17
270.59	266.7	17
497.17	497.41	17
870.77	870.69	17
1337.6	1337.26	17
1785.1	1779.05	17
2474.33	2477.73	17
3126.42	3176.68	17
3761.77	3864.45	17
4410.09	4462.39	17
4992.65	5020.75	17
5595.68	5581.37	17
6212.89	6127.53	17
6641.19	6589.83	17
0.36	0.45	17
0.64	0.57	17
0.94	0.96	17
1.84	1.89	17
3.12	2.84	17
5.98	5.07	17
12.43	8.15	17
11.71	10.54	17
16.0	23.69	17
25.5	47.38	17
41.66	115.84	17
68.57	293.13	17
133.72	517.03	17
249.35	1404.12	17
462.64	2599.58	17
839.37	4769.3	17
1427.7	7954.5	17
2144.68	10619.02	17
2728.89	11572.86	17
3647.26	13069.25	17
4431.29	14361.59	17
5235.57	15427.35	17
6031.82	16490.78	17
6848.02	17672.5	17
7644.54	18640.16	17
8419.54	19478.87	17
9110.73	20248.17	17
0.35	0.35	17
0.46	0.49	17
0.81	0.94	17
1.48	1.51	17
2.76	2.45	17
4.95	4.37	17
7.57	9.29	17
4.7	9.81	17
10.89	10.24	17
9.83	17.24	17
24.87	18.98	17
35.21	37.57	17
58.65	61.32	17
116.62	116.41	17
214.37	210.04	17
383.73	388.26	17
670.25	677.86	17
1039.38	1040.92	17
1410.59	1408.58	17
2015.64	2027.82	17
2622.22	2671.95	17
3205.05	3338.55	17
3782.54	3921.84	17
4442.42	4502.19	17
5017.3	5058.92	17
5527.16	5553.27	17
6018.26	6018.98	17
0.38	0.34	17
0.56	0.54	17
0.89	0.96	17
1.74	1.59	17
3.21	3.4	17
4.91	5.6	17
9.46	5.69	17
16.57	8.35	17
15.45	15.46	17
21.31	62.84	17
40.22	162.61	17
67.22	267.97	17
131.47	604.32	17
248.4	1230.78	17
442.9	2354.04	17
781.45	4508.27	17
1335.43	7376.09	17
1975.47	10090.28	17
2471.73	10950.43	17
3411.73	12621.2	17
4163.25	13974.82	17
4875.75	14900.13	17
5635.17	15951.49	17
6416.69	17047.08	17
7188.97	18255.5	17
7888.65	18936.33	17
8498.81	19857.05	17
0.47	0.43	18
0.71	0.72	18
1.06	1.13	18
1.9	1.65	18
3.0	3.67	18
3.88	6.25	18
10.72	11.95	18
15.73	13.0	18
14.15	24.12	18
27.36	36.38	18
38.91	144.46	18
77.64	341.15	18
143.24	617.71	18
268.42	1534.99	18
493.22	2925.21	18
890.37	5312.56	18
1510.48	8775.23	18
2279.3	11641.35	18
2912.37	12655.33	18
3781.27	14296.08	18
4604.14	15537.07	18
5401.94	16926.13	18
6248.71	17902.92	18
7040.89	18897.99	18
7814.47	19825.83	18
8550.59	20571.79	18
9179.48	21071.43	18
0.43	0.47	18
0.59	0.66	18
1.04	1.16	18
1.6	1.44	18
3.44	3.53	18
5.87	6.87	18
10.68	5.74	18
14.76	9.03	18
14.35	11.01	18
16.93	18.61	18
29.32	25.65	18
50.02	49.42	18
79.46	84.87	18
158.5	150.75	18
285.4	279.35	18
515.91	525.55	18
913.89	911.03	18
1397.49	1408.98	18
1850.43	1846.93	18
2564.38	2561.87	18
3165.41	3152.27	18
3751.9	3789.0	18
4333.61	4424.12	18
4946.5	5034.81	18
5585.08	5739.98	18
6193.13	6412.2	18
6784.43	7109.5	18
0.29	0.34	18
0.47	0.44	18
0.74	0.75	18
1.45	1.41	18
2.69	2.62	18
4.16	3.79	18
4.36	5.99	18
7.87	10.32	18
8.0	15.91	18
17.49	16.85	18
27.73	101.68	18
51.71	196.2	18
94.88	523.73	18
175.59	979.2	18
313.65	1986.78	18
560.96	3545.0	18
947.88	5911.51	18
1443.88	7903.06	18
1924.01	8740.5	18
2645.66	9945.54	18
3373.36	11030.61	18
4119.27	12079.2	18
4812.09	12988.72	18
5528.84	13903.2	18
6217.61	14783.24	18
6933.86	15433.94	18
7528.55	16015.65	18
0.48	0.45	18
0.68	0.64	18
0.97	0.85	18
1.61	1.73	18
3.27	3.19	18
6.27	5.68	18
8.82	9.7	18
15.56	10.57	18
12.96	10.37	18
16.53	15.12	18
25.29	25.56	18
44.01	41.93	18
79.3	77.63	18
145.21	142.93	18
266.41	268.49	18
501.37	500.63	18
876.11	881.76	18
1332.24	1333.36	18
1723.35	1728.45	18
2386.98	2387.74	18
2991.51	2968.99	18
3544.88	3570.24	18
4144.09	4205.9	18
4747.87	4847.95	18
5322.1	5491.94	18
5876.91	6116.09	18
6424.22	6808.5	18
0.45	0.45	19
0.6	0.6	19
1.15	1.02	19
1.79	1.83	19
3.21	3.07	19
5.67	5.63	19
7.76	6.0	19
16.33	8.92	19
14.75	13.58	19
15.36	19.29	19
25.53	28.8	19
40.92	46.66	19
84.1	80.18	19
151.61	154.01	19
277.02	280.75	19
515.19	510.71	19
893.06	891.02	19
1368.03	1371.02	19
1816.04	1813.18	19
2529.88	2518.5	19
3133.56	3137.19	19
3694.49	3733.81	19
4301.13	4342.69	19
4908.62	5000.66	19
5518.57	5640.46	19
6143.78	6350.76	19
6708.41	6970.92	19
0.46	0.39	19
0.57	0.64	19
0.98	1.0	19
1.8	1.91	19
3.46	3.35	19
6.49	7.13	19
9.95	6.84	19
14.55	8.33	19
15.15	23.7	19
26.62	36.09	19
39.96	78.76	19
74.35	199.9	19
137.18	576.11	19
255.73	1328.56	19
482.45	2753.42	19
866.54	4916.4	19
1469.37	8262.58	19
2199.68	10843.78	19
2827.73	12098.63	19
3739.77	13669.92	19
4565.91	15075.02	19
5388.0	16241.34	19
6204.35	17552.63	19
7039.93	18551.62	19
7829.01	19247.58	19
8609.44	20054.62	19
9207.98	20673.27	19
0.38	0.32	19
0.49	0.55	19
0.89	0.83	19
1.35	1.45	19
2.33	2.56	19
4.03	4.6	19
8.41	6.24	19
10.26	8.14	19
9.88	13.75	19
12.81	15.27	19
23.25	28.48	19
35.45	37.02	19
66.67	64.67	19
119.91	116.35	19
215.35	220.49	19
393.42	393.59	19
679.28	681.97	19
1038.07	1041.92	19
1432.92	1434.94	19
2079.36	2072.86	19
2648.84	2655.04	19
3192.86	3240.77	19
3765.09	3796.32	19
4348.66	4442.47	19
4898.61	5044.64	19
5452.42	5675.69	19
6025.73	6272.52	19
0.36	0.45	19
0.6	0.54	19
0.88	0.99	19
1.38	1.69	19
2.91	2.96	19
5.36	5.62	19
10.79	7.22	19
8.81	12.72	19
16.85	18.3	19
24.59	41.71	19
40.98	152.39	19
70.38	281.95	19
129.96	590.12	19
240.66	1228.01	19
438.59	2426.08	19
793.53	4518.77	19
1312.29	7437.86	19
1932.85	9753.12	19
2480.71	10677.4	19
3250.61	12122.85	19
3969.06	13331.73	19
4713.52	14368.82	19
5503.19	15623.27	19
6231.36	16629.69	19
7021.95	17331.04	19
7697.49	17988.6	19
8352.75	18608.91	19
0.44	0.4	20
0.64	0.71	20
1.08	1.05	20
1.84	2.11	20
4.0	3.89	20
5.18	6.42	20
10.11	9.35	20
13.46	13.09	20
13.0	26.62	20
27.81	48.83	20
46.94	132.57	20
77.34	373.79	20
147.99	694.99	20
271.83	1582.36	20
501.23	2967.86	20
903.57	5344.15	20
1523.18	8824.75	20
2285.71	11913.37	20
2911.19	13032.52	20
3852.7	14490.3	20
4697.58	16113.4	20
5523.7	17148.58	20
6429.71	18607.2	20
7266.37	19575.03	20
8064.63	20663.15	20
8854.75	21651.81	20
9573.88	22416.8	20
0.4	0.46	20
0.69	0.54	20
1.07	1.2	20
2.04	1.95	20
3.68	3.69	20
6.98	5.27	20
5.1	3.45	20
13.13	8.64	20
21.18	13.11	20
17.71	20.77	20
29.89	30.37	20
49.52	50.53	20
81.81	82.43	20
155.15	158.14	20
287.99	293.68	20
525.71	526.9	20
926.93	925.44	20
1419.5	1427.82	20
1889.4	1885.9	20
2586.07	2575.96	20
3220.73	3291.56	20
3877.72	3954.65	20
4502.71	4590.92	20
5122.79	5206.21	20
5745.04	5748.83	20
6281.47	6274.74	20
6753.8	6767.53	20
0.36	0.33	20
0.52	0.48	20
0.96	0.86	20
1.64	1.47	20
2.83	2.64	20
3.88	5.38	20
8.99	5.25	20
10.41	13.58	20
13.31	17.19	20
17.74	27.06	20
33.36	116.34	20
64.49	279.34	20
116.91	556.22	20
213.45	1115.99	20
394.83	2134.14	20
696.61	4021.27	20
1148.12	6606.76	20
1693.56	8652.03	20
2188.83	9705.98	20
2991.17	10839.77	20
3678.19	12092.66	20
4469.89	13353.36	20
5220.62	14577.66	20
5923.62	15453.36	20
6623.53	16270.33	20
7262.46	17154.89	20
7853.9	17781.15	20
0.41	0.36	20
0.7	0.63	20
0.84	1.13	20
1.87	1.71	20
3.31	2.15	20
4.84	5.31	20
9.26	5.95	20
13.92	6.8	20
12.16	18.43	20
19.71	21.13	20
24.78	26.05	20
37.17	48.25	20
82.45	81.55	20
147.21	148.64	20
268.61	264.52	20
486.71	485.97	20
825.91	834.19	20
1260.22	1256.92	20
1638.95	1642.17	20
2265.2	2268.5	20
2845.54	2908.49	20
3433.43	3538.97	20
4067.09	4189.53	20
4656.64	4766.17	20
5240.93	5303.39	20
5746.35	5800.16	20
6229.44	6284.74	20
0.74	0.86	21
1.0	1.25	21
1.43	1.28	21
1.7	1.51	21
1.85	1.22	21
1.89	2.09	21
2.09	1.85	21
2.34	2.54	21
2.57	2.83	21
4.26	3.0	21
5.8	4.87	21
10.23	7.63	21
17.65	11.94	21
32.89	20.96	21
63.49	45.89	21
120.41	70.73	21
240.36	139.72	21
464.35	345.69	21
688.86	396.21	21
909.94	522.17	21
1133.28	813.42	21
1355.02	806.05	21
1577.32	905.37	21
1806.38	1027.82	21
2037.16	1161.5	21
1.13	0.8	21
1.46	1.52	21
1.34	1.87	21
2.25	1.96	21
2.31	2.21	21
2.13	2.26	21
3.16	3.78	21
3.62	3.4	21
4.95	5.92	21
8.49	10.54	21
12.96	20.89	21
21.15	38.25	21
39.3	75.2	21
78.11	146.51	21
153.62	293.0	21
301.9	583.89	21
601.46	1158.52	21
1168.99	2265.85	21
1736.64	3341.8	21
2300.64	4433.18	21
2870.55	5515.16	21
3431.67	6623.83	21
3997.67	7719.13	21
4562.42	8783.17	21
5124.78	9878.5	21
0.77	0.77	21
0.88	0.9	21
1.08	1.4	21
1.48	1.35	21
1.19	1.65	21
2.02	1.54	21
1.76	2.13	21
2.46	2.01	21
2.51	2.33	21
3.98	2.85	21
6.37	4.72	21
10.42	7.02	21
19.21	11.77	21
32.93	20.74	21
61.36	38.93	21
119.62	72.5	21
247.72	140.44	21
474.93	267.16	21
656.68	399.64	21
879.52	518.62	21
1146.67	646.93	21
1308.61	772.08	21
1550.34	900.46	21
1487.28	1309.64	21
1929.54	1153.5	21
1.15	0.87	21
1.59	1.2	21
1.85	1.54	21
1.73	1.65	21
2.35	2.47	21
1.91	2.34	21
3.05	2.8	21
4.01	3.2	21
4.54	7.34	21
6.99	11.23	21
12.48	20.44	21
22.68	37.05	21
40.18	74.1	21
77.71	144.57	21
151.38	239.25	21
298.61	564.7	21
590.19	1119.22	21
1142.88	2180.78	21
1679.39	3234.27	21
2241.0	3584.19	21
2787.65	5327.21	21
3323.89	6414.07	21
3844.98	6206.65	21
4412.61	8477.44	21
4962.97	8105.66	21
0.96	0.84	22
1.4	1.34	22
1.85	1.53	22
2.11	2.33	22
2.0	1.85	22
2.4	2.45	22
2.78	2.06	22
2.96	2.65	22
3.77	3.87	22
5.33	4.81	22
8.64	8.01	22
15.08	12.26	22
27.14	21.68	22
50.85	39.53	22
97.78	73.28	22
189.15	142.23	22
372.79	280.96	22
725.66	548.27	22
1079.32	803.55	22
1427.17	1064.63	22
1781.55	1326.44	22
2131.82	1789.39	22
2471.93	2061.8	22
2822.42	2113.47	22
3187.64	2413.2	22
0.81	0.78	22
1.08	1.03	22
1.23	1.26	22
1.61	1.27	22
2.17	2.14	22
2.08	1.93	22
1.85	2.57	22
3.04	3.84	22
4.76	5.66	22
6.49	9.96	22
10.17	17.79	22
18.88	33.66	22
35.25	66.19	22
66.82	129.9	22
129.76	255.22	22
252.82	507.33	22
494.88	996.77	22
960.74	1925.37	22
1417.24	2856.78	22
1853.73	3761.42	22
2320.39	4682.01	22
2786.34	5633.4	22
3249.08	6551.34	22
3716.53	7486.07	22
4176.4	8417.28	22
0.8	0.84	22
1.13	1.49	22
1.71	1.42	22
1.87	2.03	22
1.63	1.65	22
1.86	2.47	22
2.59	1.74	22
3.05	2.7	22
4.23	3.42	22
5.21	5.01	22
7.91	6.94	22
15.1	11.57	22
27.16	19.92	22
52.8	36.73	22
94.56	68.94	22
185.14	149.57	22
359.02	266.3	22
714.03	567.29	22
1003.45	752.16	22
1324.18	994.54	22
1699.69	1261.77	22
1977.5	1482.59	22
2311.03	1728.76	22
2406.36	2198.94	22
2922.24	2213.35	22
0.74	0.71	22
0.93	0.89	22
1.32	1.32	22
1.82	1.28	22
1.5	2.07	22
1.94	1.86	22
2.65	2.05	22
2.68	3.71	22
4.21	4.91	22
6.92	9.78	22
9.03	16.83	22
19.62	27.3	22
32.58	61.27	22
62.13	120.38	22
121.02	195.93	22
236.36	470.87	22
466.54	927.22	22
897.16	1504.76	22
1323.93	2661.71	22
1731.44	3475.02	22
2165.49	4353.04	22
2583.9	5218.12	22
3023.93	6078.19	22
3446.18	5813.55	22
3882.28	7791.04	22
0.9	0.79	23
1.16	1.15	23
1.45	1.06	23
1.86	1.83	23
1.9	2.18	23
2.19	2.16	23
2.21	3.09	23
3.55	4.3	23
4.23	5.37	23
6.87	10.27	23
11.5	13.58	23
20.22	38.03	23
40.23	73.14	23
76.99	144.8	23
146.52	238.92	23
285.7	462.42	23
521.16	1038.29	23
1013.54	2010.46	23
1474.8	2957.49	23
1950.81	3880.74	23
2430.24	4820.33	23
2896.77	5767.01	23
3333.07	6701.65	23
3727.76	6242.5	23
4116.42	8314.84	23
1.12	0.99	23
1.4	1.34	23
2.11	1.69	23
2.32	2.32	23
2.1	2.34	23
2.87	2.44	23
2.67	3.21	23
3.32	3.79	23
4.27	3.94	23
5.69	4.83	23
8.87	7.61	23
14.5	12.56	23
27.1	23.01	23
51.65	37.99	23
96.66	74.02	23
186.94	161.47	23
371.44	312.73	23
724.59	605.25	23
1075.11	802.56	23
1425.26	1060.69	23
1785.86	1324.63	23
2135.23	1612.22	23
2470.12	1844.55	23
2828.11	2132.93	23
3171.35	2368.28	23
0.7	0.7	23
1.0	0.99	23
0.94	1.16	23
1.17	1.37	23
1.64	1.59	23
1.65	2.09	23
2.01	2.39	23
2.59	3.38	23
4.27	4.88	23
5.78	8.61	23
8.14	14.77	23
14.27	29.21	23
28.24	54.67	23
52.47	105.53	23
102.16	211.25	23
200.11	413.05	23
381.01	793.52	23
725.15	1541.57	23
1075.5	2278.88	23
1942.16	3009.59	23
1771.38	3750.18	23
2104.23	4523.58	23
2433.06	5233.27	23
2796.55	4940.18	23
3133.35	6709.37	23
1.02	1.08	23
1.39	1.23	23
2.16	1.66	23
2.47	2.07	23
2.21	2.04	23
1.8	2.29	23
2.41	2.26	23
2.57	3.75	23
4.16	3.44	23
5.2	5.0	23
8.15	6.98	23
14.55	11.9	23
24.69	21.65	23
53.07	36.78	23
96.38	69.4	23
191.66	132.44	23
370.07	261.21	23
735.75	507.22	23
990.18	752.98	23
1319.07	994.32	23
1716.21	1238.36	23
1989.51	1505.35	23
2298.35	1740.3	23
2608.59	2289.04	23
2934.57	2519.74	23
0.85	0.74	24
1.03	1.35	24
1.46	1.51	24
1.67	1.67	24
1.88	2.05	24
1.88	2.32	24
2.17	2.79	24
3.19	2.88	24
4.45	6.22	24
6.61	9.38	24
11.47	18.03	24
18.82	29.8	24
36.8	68.69	24
70.57	134.28	24
136.12	220.13	24
278.05	536.7	24
545.98	1067.47	24
1063.58	2076.24	24
1575.06	3088.19	24
2093.06	4108.76	24
2656.68	5180.94	24
3219.76	4299.03	24
3798.13	7399.02	24
4357.4	8516.96	24
4932.63	9592.1	24
0.8	0.89	24
1.02	0.89	24
1.55	1.39	24
1.72	1.91	24
1.56	1.27	24
1.95	1.57	24
1.72	2.18	24
2.21	1.9	24
2.59	2.41	24
3.86	3.45	24
6.06	4.1	24
10.12	8.0	24
18.07	14.2	24
33.18	24.79	24
62.28	37.14	24
122.63	72.52	24
239.22	175.0	24
461.92	341.29	24
683.78	395.64	24
907.58	654.0	24
1136.97	650.47	24
1352.59	779.68	24
1578.68	896.62	24
1807.85	1294.95	24
2027.41	1193.53	24
0.83	0.78	24
1.2	1.18	24
1.36	1.41	24
1.42	1.43	24
1.77	1.74	24
2.31	2.08	24
2.2	2.56	24
3.22	3.49	24
4.95	5.65	24
6.28	9.09	24
10.05	16.6	24
17.53	30.53	24
31.78	58.61	24
60.17	115.22	24
117.53	193.08	24
228.17	455.07	24
453.89	902.57	24
870.7	1753.98	24
1281.31	2606.29	24
1698.9	3475.61	24
2166.74	4381.58	24
2656.26	5330.85	24
3110.88	6284.72	24
3604.97	6038.51	24
4069.01	6864.82	24
0.69	0.72	24
0.92	0.76	24
1.18	1.36	24
1.2	1.43	24
1.54	1.91	24
1.48	1.71	24
1.84	1.91	24
2.18	2.32	24
2.63	2.32	24
4.2	2.88	24
6.84	4.71	24
9.54	6.84	24
20.11	14.78	24
34.58	20.97	24
76.23	40.58	24
126.68	85.85	24
261.06	173.9	24
462.9	265.59	24
677.6	392.97	24
906.76	523.49	24
1167.9	646.85	24
1321.68	797.59	24
1512.85	902.7	24
1726.25	1024.84	24
1954.97	1191.95	24
0.49	0.39	25
0.59	0.54	25
0.76	0.55	25
0.73	0.74	25
1.03	0.95	25
1.08	1.05	25
1.56	1.62	25
2.11	2.12	25
3.52	3.57	25
5.34	5.27	25
9.28	9.46	25
15.47	15.14	25
29.33	28.07	25
52.78	56.14	25
105.3	104.57	25
201.6	199.79	25
382.32	385.03	25
565.57	564.75	25
745.0	752.64	25
926.2	927.39	25
1106.88	1120.36	25
1285.79	1285.62	25
1477.27	1466.06	25
1642.15	1649.86	25
0.5	0.55	25
0.67	0.75	25
0.86	0.9	25
1.24	1.25	25
1.86	2.19	25
2.59	3.12	25
4.07	3.38	25
6.8	6.94	25
12.57	11.65	25
22.72	22.94	25
44.28	44.73	25
87.32	86.03	25
170.72	171.37	25
341.66	341.85	25
680.15	682.16	25
1350.13	1352.06	25
2625.62	2626.16	25
3889.03	3895.02	25
5158.94	5166.94	25
6438.84	6450.86	25
7671.51	7633.3	25
8862.08	8878.37	25
10105.63	10052.08	25
11283.19	11256.8	25
0.39	0.35	25
0.47	0.51	25
0.63	0.53	25
0.66	0.56	25
0.89	0.83	25
0.93	1.05	25
1.42	1.48	25
1.71	1.83	25
2.79	3.13	25
4.43	4.61	25
7.71	8.14	25
12.29	13.06	25
23.16	22.71	25
42.86	45.27	25
73.49	80.73	25
149.38	142.34	25
282.88	278.34	25
416.16	409.55	25
538.18	530.3	25
668.79	670.59	25
799.07	795.09	25
936.35	945.49	25
1046.79	1057.1	25
1183.66	1183.83	25
0.58	0.51	25
0.7	0.63	25
1.02	0.89	25
1.19	1.37	25
1.46	1.99	25
2.19	2.29	25
3.38	4.1	25
6.08	5.61	25
10.84	11.32	25
19.74	20.02	25
39.69	40.34	25
81.95	82.56	25
147.94	149.66	25
288.27	301.14	25
581.12	571.8	25
1114.67	1155.57	25
2129.63	2188.19	25
3200.52	3118.61	25
4140.21	4120.94	25
5041.18	5069.2	25
6198.33	6251.74	25
7088.38	6953.4	25
7679.3	7872.75	25
8703.99	8673.55	25
0.47	0.47	26
0.61	0.66	26
0.87	0.86	26
1.0	1.05	26
1.27	1.45	26
1.69	1.57	26
2.25	2.41	26
3.24	3.35	26
4.88	4.68	26
7.91	8.1	26
14.57	14.4	26
26.07	26.6	26
48.88	50.22	26
93.62	96.46	26
186.32	186.16	26
364.46	367.74	26
703.09	701.43	26
1050.99	1047.48	26
1393.08	1396.05	26
1734.84	1718.94	26
2049.69	2050.35	26
2396.73	2412.48	26
2739.21	2732.75	26
3088.43	3068.65	26
0.46	0.45	26
0.58	0.54	26
0.88	0.75	26
1.08	1.15	26
1.45	1.53	26
1.67	2.86	26
2.67	2.6	26
4.15	4.41	26
6.99	7.16	26
12.21	12.5	26
23.55	44.77	26
45.03	45.56	26
88.32	89.48	26
175.34	175.4	26
347.49	348.65	26
693.67	1360.91	26
1353.2	1353.78	26
2009.02	2010.86	26
2656.82	2654.42	26
3313.16	3315.4	26
3911.51	3938.0	26
4506.0	4456.47	26
5026.24	9770.8	26
5546.27	5580.91	26
0.39	0.39	26
0.51	0.5	26
0.69	0.68	26
0.83	0.86	26
1.17	1.22	26
1.2	1.59	26
2.27	2.31	26
2.72	2.69	26
4.22	4.42	26
7.21	7.48	26
12.84	12.65	26
22.68	23.46	26
43.66	44.82	26
85.24	82.24	26
155.81	158.31	26
307.18	305.41	26
580.71	581.39	26
858.77	867.72	26
1138.72	1146.13	26
1423.59	1420.53	26
1669.22	1692.57	26
1959.56	1962.17	26
2230.23	2229.81	26
2499.68	2510.35	26
0.44	0.38	26
0.54	0.55	26
0.8	0.84	26
1.0	1.19	26
1.58	1.49	26
1.77	2.25	26
2.54	3.0	26
4.16	4.45	26
6.86	7.35	26
12.41	21.32	26
24.72	25.0	26
43.14	44.69	26
84.58	89.47	26
172.34	172.2	26
347.54	342.04	26
660.99	662.05	26
1274.4	1286.47	26
1892.4	1886.36	26
2484.7	2480.7	26
3023.74	3042.98	26
3519.29	3525.25	26
4008.53	4041.6	26
4453.99	4448.79	26
4999.51	4946.17	26
0.44	0.42	27
0.51	0.47	27
0.68	0.63	27
0.92	1.01	27
1.19	1.49	27
1.74	1.41	27
2.14	2.29	27
3.48	4.48	27
5.97	6.57	27
11.07	19.11	27
20.4	37.97	27
38.84	39.36	27
77.2	77.35	27
150.83	147.0	27
295.27	291.52	27
586.45	583.88	27
1185.65	1175.59	27
1793.33	1787.58	27
2426.27	2399.67	27
3008.0	3025.87	27
3635.83	3661.36	27
4326.31	4363.04	27
4968.42	4987.35	27
5602.45	5598.08	27
0.47	0.45	27
0.63	0.61	27
0.74	0.75	27
1.0	1.03	27
1.11	1.22	27
1.72	1.68	27
2.42	2.22	27
3.18	3.21	27
4.96	4.82	27
8.67	7.77	27
14.62	14.4	27
27.16	26.92	27
51.67	49.6	27
98.38	95.79	27
190.44	193.87	27
379.11	375.81	27
734.98	736.98	27
1102.28	1103.46	27
1469.24	1459.12	27
1820.1	1827.63	27
2187.61	2191.62	27
2569.13	2567.53	27
2926.82	2952.12	27
3308.86	3296.1	27
0.43	0.36	27
0.51	0.48	27
0.59	0.58	27
0.94	1.0	27
1.16	1.38	27
1.61	2.04	27
2.0	2.84	27
3.0	3.91	27
5.45	6.84	27
9.79	10.89	27
18.19	19.09	27
33.77	34.39	27
69.2	68.8	27
131.46	130.1	27
257.3	504.24	27
518.76	518.63	27
998.31	998.9	27
1469.33	1467.84	27
1953.29	1932.12	27
2361.11	2365.48	27
2816.18	2806.23	27
3227.28	3224.37	27
3645.97	3646.03	27
4069.69	4096.03	27
0.45	0.4	27
0.68	0.53	27
0.86	0.82	27
0.92	0.98	27
1.27	1.26	27
1.65	1.54	27
2.36	2.21	27
2.92	2.77	27
4.33	4.48	27
7.51	6.77	27
12.67	13.87	27
24.67	23.35	27
46.93	42.96	27
84.38	81.34	27
159.66	163.22	27
320.25	315.4	27
589.05	603.35	27
888.71	899.88	27
1190.93	1169.91	27
1466.93	1460.61	27
1752.2	1773.17	27
2104.14	2070.19	27
2389.08	2369.46	27
2723.64	2706.64	27
0.45	0.5	28
0.66	0.58	28
0.77	0.78	28
1.25	1.19	28
1.46	1.48	28
1.97	1.98	28
3.18	3.24	28
5.06	5.78	28
10.33	10.21	28
18.39	18.83	28
37.44	35.84	28
69.22	71.21	28
141.2	138.61	28
277.05	280.28	28
562.12	578.44	28
1154.49	1164.07	28
2322.54	2287.32	28
3527.26	3536.29	28
4656.24	4732.15	28
5881.62	5975.13	28
7137.2	7220.7	28
8444.05	8445.97	28
9590.04	9628.89	28
10788.39	10785.02	28
0.41	0.45	28
0.46	0.52	28
0.64	0.65	28
0.72	0.76	28
0.94	1.03	28
1.14	1.11	28
1.52	1.56	28
2.15	1.88	28
3.17	3.59	28
5.1	5.14	28
9.42	8.82	28
15.44	15.37	28
28.22	28.34	28
52.54	52.15	28
100.78	102.01	28
199.52	198.55	28
382.91	380.28	28
564.06	562.49	28
735.4	748.32	28
924.15	923.0	28
1104.91	1108.38	28
1282.77	1287.18	28
1467.68	1477.28	28
1654.4	1651.44	28
0.39	0.39	28
0.52	0.49	28
0.78	0.68	28
0.96	1.0	28
1.19	1.43	28
1.68	1.75	28
2.41	3.01	28
4.39	4.0	28
7.56	7.95	28
13.89	14.14	28
26.82	26.93	28
52.34	52.78	28
103.47	104.11	28
206.74	204.87	28
408.08	408.68	28
811.02	809.54	28
1572.86	1565.72	28
2301.43	2321.23	28
3015.65	2984.7	28
3885.82	3824.99	28
4509.97	4568.67	28
5225.86	5226.54	28
5983.96	5963.29	28
6677.0	6634.92	28
0.4	0.43	28
0.56	0.41	28
0.57	0.57	28
0.66	0.69	28
0.98	0.89	28
1.03	1.22	28
1.53	1.5	28
1.79	1.88	28
3.08	2.9	28
4.56	4.67	28
7.23	7.84	28
12.31	13.36	28
23.02	21.93	28
43.7	41.94	28
80.76	81.39	28
148.09	152.79	28
280.74	322.72	28
412.23	413.95	28
532.52	545.63	28
675.25	673.75	28
805.73	794.37	28
920.55	917.6	28
1066.53	1173.55	28
1183.68	1180.79	28
0.27	0.34	29
0.37	0.39	29
0.53	0.47	29
0.66	0.53	29
0.87	0.96	29
1.14	1.43	29
2.29	1.96	29
2.85	2.22	29
3.15	3.24	29
3.73	3.56	29
2.92	3.38	29
3.8	4.26	29
4.16	3.57	29
4.56	4.83	29
8.02	6.33	29
11.12	10.08	29
20.79	13.44	29
38.48	23.92	29
62.74	42.88	29
118.21	76.34	29
275.69	241.52	29
532.88	374.43	29
667.97	430.21	29
1041.57	729.17	29
1101.73	911.0	29
1078.64	1339.38	29
1804.91	976.47	29
1421.04	1452.43	29
2328.72	1244.83	29
0.3	0.28	29
0.37	0.34	29
0.45	0.41	29
0.69	0.62	29
1.06	0.94	29
1.23	1.6	29
1.89	1.39	29
3.02	2.63	29
3.83	3.47	29
3.27	3.59	29
3.65	4.67	29
4.26	5.21	29
5.77	7.6	29
7.44	9.46	29
12.67	20.04	29
25.9	31.26	29
35.46	59.42	29
93.78	115.14	29
135.12	271.85	29
269.63	367.18	29
529.73	1078.19	29
1036.89	2111.22	29
1564.5	3197.98	29
3654.28	3669.34	29
2727.4	4674.83	29
3309.88	5552.88	29
5201.97	7946.25	29
4472.15	9149.98	29
5053.75	10334.02	29
0.25	0.24	29
0.27	0.29	29
0.4	0.37	29
0.54	0.5	29
0.69	0.69	29
1.31	1.38	29
1.47	1.47	29
1.76	1.61	29
2.3	2.8	29
3.03	3.01	29
3.22	2.96	29
3.61	3.22	29
4.69	3.82	29
4.8	4.6	29
7.06	5.57	29
11.67	11.53	29
20.45	12.65	29
35.45	22.64	29
55.56	42.05	29
116.73	105.89	29
230.82	148.38	29
443.02	362.52	29
650.63	533.39	29
877.54	718.6	29
1250.06	896.24	29
1279.12	1297.92	29
1731.85	1274.14	29
1702.85	1432.16	29
2237.62	1282.85	29
0.3	0.29	29
0.36	0.34	29
0.42	0.45	29
0.56	0.6	29
1.05	0.98	29
1.29	1.39	29
1.83	2.08	29
2.57	3.17	29
2.88	3.08	29
4.04	3.53	29
3.72	3.16	29
4.7	4.77	29
5.63	6.19	29
6.73	10.62	29
11.59	18.28	29
24.27	28.33	29
45.83	56.29	29
67.15	132.69	29
131.22	218.79	29
262.2	525.21	29
513.76	694.38	29
988.69	2028.86	29
2023.44	2564.81	29
2041.89	4223.39	29
2608.27	5402.83	29
3171.47	6528.67	29
3743.56	6406.87	29
4307.05	8843.24	29
6573.32	10055.25	29
0.25	0.25	30
0.32	0.3	30
0.4	0.4	30
0.59	0.65	30
0.91	1.04	30
1.72	0.88	30
1.95	2.15	30
2.46	2.48	30
2.71	2.33	30
3.94	3.2	30
3.7	3.23	30
5.17	4.48	30
4.85	5.15	30
6.77	6.08	30
9.21	8.52	30
15.35	12.23	30
24.29	23.82	30
49.01	44.94	30
95.89	76.47	30
187.11	146.0	30
412.25	288.77	30
723.12	561.89	30
1068.07	827.97	30
1418.71	1099.08	30
1768.0	1782.97	30
2114.79	1885.8	30
2456.54	2202.76	30
2803.17	2200.7	30
2824.78	2923.6	30
0.24	0.21	30
0.3	0.31	30
0.42	0.41	30
0.64	0.56	30
0.84	0.8	30
1.33	1.59	30
2.13	1.93	30
2.48	2.28	30
3.27	3.04	30
2.83	3.46	30
4.33	3.72	30
3.68	5.0	30
5.71	7.43	30
7.54	11.29	30
12.67	18.9	30
18.71	36.11	30
45.34	57.3	30
63.75	108.48	30
125.34	213.0	30
243.27	504.96	30
483.6	994.66	30
938.04	1931.88	30
1880.3	2861.6	30
1831.26	3155.39	30
2263.88	4707.01	30
2717.99	3703.34	30
3193.4	5463.42	30
3692.21	6321.13	30
5680.12	7177.63	30
0.26	0.23	30
0.29	0.26	30
0.37	0.38	30
0.51	0.58	30
0.82	0.9	30
1.4	1.12	30
1.49	1.75	30
2.7	2.27	30
2.38	2.95	30
3.48	2.65	30
3.53	3.63	30
4.15	3.39	30
4.23	4.49	30
5.94	5.37	30
9.23	7.6	30
16.78	13.52	30
26.93	27.56	30
54.84	43.77	30
100.48	81.28	30
186.65	157.04	30
398.57	328.03	30
596.16	602.76	30
1005.91	777.08	30
1324.2	1187.08	30
1848.03	1279.12	30
2234.61	1559.53	30
2293.16	1787.95	30
2630.0	2436.35	30
3308.37	2294.39	30
0.26	0.25	30
0.31	0.28	30
0.4	0.33	30
0.59	0.58	30
1.17	0.9	30
1.47	1.42	30
2.46	1.85	30
2.52	3.65	30
3.07	3.15	30
3.54	3.87	30
4.41	3.87	30
5.88	4.67	30
5.33	7.14	30
9.01	9.31	30
12.22	12.47	30
22.56	35.2	30
55.23	65.65	30
63.85	125.8	30
162.39	247.74	30
408.68	488.9	30
473.36	797.03	30
1192.05	1479.45	30
1748.57	2637.71	30
2246.13	3567.25	30
2130.14	4417.59	30
2534.89	4342.71	30
2973.04	5140.68	30
3605.62	7383.97	30
4115.61	5581.1	30
0.26	0.26	31
0.35	0.28	31
0.49	0.35	31
0.54	0.71	31
1.0	0.87	31
1.32	1.36	31
1.56	1.86	31
2.94	2.87	31
3.52	2.91	31
3.78	3.21	31
3.83	3.79	31
4.11	4.45	31
6.37	7.22	31
7.75	8.13	31
10.12	19.54	31
18.4	22.16	31
45.04	54.68	31
63.48	104.83	31
124.46	251.78	31
247.16	501.51	31
657.36	659.74	31
948.84	1627.27	31
2395.94	2421.8	31
1872.39	3189.4	31
2330.0	4803.19	31
2781.25	4742.51	31
3196.44	6614.89	31
4918.27	7492.67	31
4079.62	8432.83	31
0.28	0.28	31
0.32	0.44	31
0.39	0.4	31
0.64	0.57	31
0.92	1.16	31
1.34	1.42	31
1.93	2.32	31
3.2	2.7	31
2.87	3.12	31
2.9	3.57	31
4.51	3.1	31
3.59	4.19	31
4.34	4.79	31
5.7	6.34	31
8.99	8.76	31
15.28	13.95	31
23.85	21.57	31
44.69	40.41	31
106.7	76.6	31
205.15	188.22	31
370.27	330.56	31
638.91	650.31	31
948.03	952.54	31
1418.63	1101.9	31
1973.04	1371.81	31
1884.74	1923.81	31
2767.78	2200.53	31
3135.52	2192.26	31
3186.31	2465.12	31
0.24	0.22	31
0.3	0.28	31
0.36	0.32	31
0.53	0.48	31
0.71	0.82	31
1.39	1.16	31
1.98	1.56	31
2.31	2.43	31
2.73	2.9	31
2.52	2.78	31
4.2	2.99	31
3.89	3.55	31
5.43	4.53	31
6.42	8.2	31
10.47	13.8	31
15.14	14.22	31
36.27	54.17	31
51.87	103.9	31
96.28	96.11	31
187.08	403.61	31
511.16	800.62	31
716.02	1565.47	31
1059.68	2325.67	31
1401.78	3110.82	31
1851.13	3258.83	31
2222.44	4958.64	31
2697.43	5752.61	31
4198.13	6570.42	31
3471.14	4802.44	31
0.28	0.24	31
0.34	0.31	31
0.47	0.39	31
0.58	0.6	31
1.11	1.05	31
1.47	1.56	31
1.85	2.34	31
2.86	2.95	31
3.31	2.91	31
3.42	2.53	31
4.08	3.62	31
4.02	4.12	31
5.2	4.94	31
7.14	5.88	31
11.28	8.86	31
16.85	12.66	31
26.15	21.96	31
55.98	40.62	31
94.27	75.65	31
201.76	144.92	31
322.45	344.16	31
702.53	567.06	31
830.33	827.33	31
1391.26	1123.87	31
1554.2	1620.33	31
1846.91	1649.1	31
2418.84	1920.81	31
2738.31	2189.13	31
3431.43	2515.41	31
0.28	0.28	32
0.3	0.3	32
0.4	0.36	32
0.58	0.58	32
1.01	1.02	32
1.07	1.26	32
1.53	1.34	32
2.7	3.57	32
3.31	2.96	32
3.76	3.41	32
4.82	3.62	32
5.48	5.73	32
5.85	5.67	32
8.44	11.08	32
12.75	20.04	32
20.01	36.87	32
35.53	69.84	32
69.64	134.82	32
130.25	263.44	32
522.41	526.06	32
508.94	861.52	32
1325.13	2009.79	32
1457.36	2472.49	32
2602.14	3276.04	32
3232.63	4896.04	32
2871.99	4896.53	32
3340.4	6826.92	32
3815.94	7785.35	32
4284.43	8759.32	32
0.26	0.33	32
0.28	0.28	32
0.41	0.32	32
0.58	0.67	32
0.67	0.69	32
1.63	1.42	32
2.35	2.7	32
2.75	2.27	32
3.95	3.03	32
4.05	2.6	32
3.47	4.12	32
3.44	3.41	32
4.45	4.18	32
5.33	4.47	32
6.42	6.37	32
12.72	9.08	32
20.76	13.21	32
33.11	23.68	32
61.1	41.24	32
116.55	76.91	32
272.98	150.2	32
537.17	369.51	32
790.56	425.79	32
885.1	561.37	32
1293.8	701.9	32
1544.53	833.4	32
1809.99	1309.31	32
2083.54	1130.45	32
2305.7	1656.63	32
0.23	0.21	32
0.25	0.24	32
0.39	0.33	32
0.54	0.51	32
0.76	0.77	32
1.29	1.18	32
1.5	1.8	32
1.9	2.49	32
2.26	2.56	32
3.1	3.21	32
3.89	3.02	32
4.31	4.52	32
6.13	5.56	32
8.13	10.0	32
13.08	17.1	32
17.81	27.07	32
33.11	60.3	32
77.31	116.4	32
150.73	229.34	32
292.77	375.16	32
434.81	903.25	32
823.93	1751.2	32
1222.86	2602.24	32
2241.64	3471.47	32
2028.42	4297.02	32
2394.42	4254.23	32
2769.97	6000.45	32
3141.58	6855.71	32
4928.05	5001.36	32
0.23	0.21	32
0.3	0.29	32
0.38	0.4	32
0.6	0.57	32
0.78	0.77	32
1.32	1.05	32
2.1	2.39	32
2.64	2.41	32
2.62	3.04	32
3.49	3.11	32
3.18	3.66	32
3.38	3.15	32
4.24	4.07	32
5.6	5.34	32
7.65	5.47	32
12.7	8.83	32
20.68	15.47	32
41.27	23.88	32
85.08	56.11	32
137.58	76.03	32
232.03	157.49	32
523.09	287.4	32
654.43	421.69	32
885.57	714.88	32
1268.76	726.25	32
1502.05	861.12	32
1793.62	975.19	32
1975.71	1099.68	32
2249.5	1588.57	32
0.33	0.39	33
0.37	0.36	33
0.53	0.59	33
0.83	0.8	33
0.99	1.09	33
1.23	1.62	33
1.29	1.82	33
2.0	2.05	33
2.79	2.58	33
3.96	3.57	33
4.67	4.33	33
5.56	5.81	33
9.0	9.15	33
14.04	14.51	33
25.73	27.03	33
48.06	48.47	33
89.49	91.21	33
172.79	174.11	33
254.95	255.32	33
332.43	333.95	33
418.69	419.89	33
494.8	503.52	33
580.66	583.56	33
664.69	650.66	33
739.03	731.47	33
0.32	0.26	33
0.4	0.39	33
0.58	0.47	33
0.79	0.81	33
1.2	1.1	33
1.25	1.35	33
1.97	1.61	33
2.23	2.08	33
3.02	3.74	33
4.85	4.55	33
6.4	6.18	33
11.25	10.89	33
19.71	18.93	33
35.69	36.48	33
67.16	67.41	33
128.92	132.37	33
249.6	252.02	33
474.6	475.61	33
692.58	690.48	33
920.84	914.61	33
1137.66	1143.25	33
1366.3	1365.05	33
1589.79	1589.24	33
1814.88	1808.33	33
2039.39	2039.24	33
0.37	0.29	33
0.4	0.32	33
0.44	0.45	33
0.69	0.8	33
1.03	0.84	33
1.18	1.54	33
1.72	2.03	33
1.72	1.88	33
2.68	2.63	33
3.13	3.28	33
4.14	4.37	33
5.51	5.36	33
8.32	8.63	33
14.9	14.29	33
25.54	26.35	33
47.28	43.54	33
87.7	85.47	33
160.75	163.91	33
241.21	242.83	33
302.48	316.14	33
390.31	390.21	33
468.29	461.27	33
562.29	542.61	33
619.15	607.47	33
686.82	678.35	33
0.35	0.28	33
0.37	0.34	33
0.48	0.49	33
0.79	0.78	33
1.07	1.11	33
1.14	1.49	33
1.55	1.43	33
1.94	2.2	33
3.73	2.79	33
4.31	4.77	33
5.87	6.04	33
10.37	9.31	33
17.64	18.17	33
32.68	32.86	33
61.92	63.21	33
116.41	120.5	33
231.16	230.19	33
435.36	447.47	33
633.87	639.49	33
818.52	831.28	33
1023.67	1031.68	33
1227.87	1241.47	33
1440.11	1439.53	33
1638.48	1634.28	33
1820.79	1846.08	33
0.36	0.37	34
0.38	0.37	34
0.52	0.53	34
0.71	0.69	34
1.09	1.12	34
1.2	1.38	34
1.96	1.54	34
1.85	2.14	34
3.2	3.15	34
4.21	4.63	34
6.35	6.9	34
10.33	10.29	34
18.02	17.24	34
34.22	33.65	34
64.03	64.89	34
124.42	124.05	34
246.79	248.14	34
480.78	479.1	34
709.56	715.74	34
939.81	946.43	34
1177.02	1181.74	34
1405.77	1409.4	34
1641.8	1644.09	34
1870.81	1877.99	34
2103.13	2105.81	34
0.39	0.29	34
0.39	0.32	34
0.51	0.52	34
0.78	0.86	34
1.19	1.13	34
1.56	1.44	34
1.54	1.9	34
2.21	2.06	34
2.78	3.06	34
3.32	3.21	34
4.67	4.2	34
6.32	6.26	34
10.0	9.95	34
17.26	16.95	34
30.37	31.14	34
57.32	58.03	34
111.01	110.83	34
215.11	214.52	34
313.89	316.22	34
418.61	417.93	34
517.93	524.18	34
644.72	651.68	34
760.66	762.46	34
873.07	881.07	34
985.74	984.41	34
0.27	0.25	34
0.33	0.29	34
0.39	0.41	34
0.64	0.67	34
0.84	0.97	34
1.09	1.5	34
1.38	1.47	34
1.76	1.76	34
2.63	2.92	34
3.28	3.53	34
6.11	5.5	34
8.67	9.29	34
16.13	15.97	34
29.81	29.35	34
56.53	56.3	34
106.95	112.08	34
215.28	212.21	34
420.26	415.46	34
617.97	614.66	34
800.17	807.21	34
993.04	1007.46	34
1189.52	1196.77	34
1466.93	1455.55	34
1624.57	1621.48	34
1831.76	1855.31	34
0.32	0.29	34
0.36	0.35	34
0.54	0.45	34
0.7	0.72	34
0.87	1.09	34
1.33	1.28	34
1.34	1.75	34
1.9	1.88	34
2.6	2.64	34
3.02	3.1	34
4.01	3.92	34
5.79	5.9	34
8.94	8.87	34
15.3	15.76	34
27.94	27.46	34
50.96	51.05	34
95.83	96.57	34
181.33	185.38	34
269.05	271.57	34
351.49	353.95	34
448.0	446.28	34
529.2	539.37	34
629.82	623.23	34
721.28	716.93	34
812.28	811.54	34
0.31	0.3	35
0.39	0.4	35
0.48	0.41	35
0.62	0.71	35
1.03	1.21	35
1.14	1.09	35
1.61	1.9	35
1.85	1.85	35
3.48	3.51	35
3.31	3.56	35
4.23	4.58	35
6.51	7.16	35
10.97	9.97	35
17.61	17.5	35
31.23	32.37	35
60.35	61.14	35
116.65	116.36	35
222.13	223.07	35
326.57	326.03	35
434.15	435.04	35
544.16	546.49	35
656.7	658.19	35
763.21	764.46	35
874.5	876.28	35
980.86	982.13	35
0.35	0.28	35
0.4	0.39	35
0.52	0.56	35
0.69	0.81	35
0.98	0.98	35
1.81	1.21	35
1.58	2.01	35
2.26	2.12	35
3.6	3.34	35
4.24	4.3	35
6.83	6.0	35
9.7	9.86	35
17.0	17.63	35
30.89	31.2	35
59.28	60.25	35
116.07	115.01	35
229.97	227.87	35
442.06	438.63	35
657.59	658.54	35
864.09	869.56	35
1074.34	1083.99	35
1295.73	1297.97	35
1507.76	1507.11	35
1722.63	1714.87	35
1936.64	1925.04	35
0.32	0.28	35
0.35	0.34	35
0.48	0.42	35
0.69	0.71	35
1.04	1.1	35
0.96	1.28	35
2.19	1.47	35
1.53	1.45	35
2.35	2.88	35
3.1	3.06	35
4.25	3.8	35
5.93	5.7	35
8.53	8.41	35
15.59	13.71	35
25.2	25.54	35
46.64	47.92	35
88.46	89.03	35
168.85	171.12	35
255.68	245.33	35
323.42	324.93	35
399.48	406.99	35
487.64	488.14	35
563.09	559.83	35
655.99	645.57	35
739.81	725.74	35
0.3	0.26	35
0.3	0.32	35
0.45	0.46	35
0.76	0.65	35
1.03	0.99	35
1.22	2.06	35
1.68	1.85	35
2.16	2.62	35
2.77	2.7	35
3.89	3.76	35
5.66	5.77	35
8.39	9.08	35
15.75	15.49	35
28.55	28.7	35
56.5	56.24	35
103.45	105.83	35
207.19	209.21	35
408.42	392.81	35
581.18	605.8	35
783.67	771.91	35
961.33	959.79	35
1156.08	1150.69	35
1345.63	1346.93	35
1524.71	1519.61	35
1744.25	1718.05	35
0.25	0.32	36
0.35	0.43	36
0.48	0.47	36
0.72	0.75	36
0.9	1.11	36
1.05	1.45	36
1.37	1.36	36
2.11	1.85	36
3.24	3.22	36
4.38	4.6	36
6.04	6.84	36
9.97	10.24	36
17.67	17.3	36
33.07	32.4	36
62.05	61.63	36
118.5	120.05	36
233.85	237.37	36
454.48	454.42	36
676.61	678.72	36
900.4	901.34	36
1121.55	1128.32	36
1344.11	1348.45	36
1573.11	1572.83	36
1792.94	1798.3	36
2018.02	2019.01	36
0.34	0.31	36
0.38	0.36	36
0.46	0.44	36
0.75	0.73	36
1.06	1.15	36
1.08	1.34	36
1.9	1.83	36
1.87	2.24	36
2.83	2.69	36
3.3	3.7	36
3.83	4.15	36
5.34	5.77	36
8.38	8.9	36
14.73	14.87	36
25.51	25.61	36
46.01	47.68	36
88.67	89.52	36
174.3	173.48	36
254.04	258.09	36
339.66	336.73	36
413.01	421.73	36
505.29	499.0	36
594.05	578.54	36
659.05	663.53	36
742.45	742.22	36
0.27	0.27	36
0.36	0.32	36
0.43	0.42	36
0.71	0.69	36
0.87	1.03	36
1.34	1.34	36
1.57	1.9	36
1.61	1.82	36
2.7	2.5	36
3.45	4.12	36
5.61	5.46	36
9.38	9.13	36
16.17	16.48	36
28.75	29.59	36
54.62	55.85	36
107.05	105.65	36
207.57	209.43	36
391.82	405.8	36
587.21	590.03	36
767.43	785.62	36
964.94	964.35	36
1140.49	1163.07	36
1330.49	1330.38	36
1504.97	1523.33	36
1704.64	1695.47	36
0.34	0.29	36
0.35	0.32	36
0.44	0.49	36
0.63	0.87	36
1.07	0.92	36
1.22	1.5	36
1.22	2.03	36
2.33	2.1	36
3.07	2.67	36
3.14	3.43	36
4.04	3.86	36
5.37	5.55	36
8.1	8.5	36
13.34	15.28	36
25.02	25.25	36
43.59	48.03	36
86.65	94.79	36
160.74	160.1	36
254.36	245.37	36
305.78	303.69	36
396.87	394.26	36
455.54	484.22	36
530.43	529.01	36
616.14	611.81	36
690.19	674.19	36
0.29	0.3	37
0.36	0.37	37
0.38	0.32	37
0.29	0.33	37
0.39	0.39	37
0.45	0.41	37
0.42	0.41	37
0.47	0.46	37
0.55	0.61	37
0.66	0.65	37
0.81	0.77	37
1.09	1.07	37
1.55	1.56	37
2.58	2.34	37
4.63	4.39	37
7.73	7.32	37
14.34	12.23	37
24.81	22.54	37
48.23	41.25	37
94.36	79.71	37
177.97	155.73	37
269.04	227.66	37
348.36	297.27	37
433.29	367.84	37
517.79	441.41	37
575.29	513.3	37
688.56	587.22	37
775.56	658.69	37
0.31	0.34	37
0.32	0.3	37
0.34	0.28	37
0.34	0.36	37
0.38	0.28	37
0.35	0.3	37
0.46	0.4	37
0.56	0.53	37
0.56	0.63	37
0.86	0.89	37
1.6	1.59	37
2.4	3.21	37
4.07	6.32	37
7.14	10.61	37
13.68	21.83	37
27.69	42.68	37
57.82	83.87	37
116.5	167.67	37
228.58	330.39	37
533.5	657.33	37
785.48	1279.51	37
1189.66	1897.97	37
1541.12	2516.81	37
1922.7	3137.73	37
2301.3	3758.43	37
2689.07	4377.21	37
3059.5	4995.31	37
3441.82	5620.47	37
0.23	0.3	37
0.27	0.24	37
0.31	0.27	37
0.28	0.27	37
0.3	0.28	37
0.34	0.35	37
0.38	0.32	37
0.47	0.4	37
0.46	0.45	37
0.6	0.58	37
0.76	0.76	37
1.11	0.97	37
1.73	1.42	37
2.82	2.32	37
5.11	4.09	37
8.58	7.26	37
14.59	12.25	37
27.82	23.05	37
49.25	41.71	37
96.2	79.49	37
169.55	153.13	37
268.78	223.69	37
356.07	299.29	37
404.03	370.9	37
549.57	440.44	37
578.52	543.94	37
645.8	583.8	37
731.53	661.27	37
0.29	0.27	37
0.3	0.28	37
0.27	0.29	37
0.31	0.29	37
0.32	0.27	37
0.38	0.31	37
0.34	0.4	37
0.44	0.47	37
0.64	0.71	37
0.86	1.15	37
1.32	1.64	37
2.08	3.04	37
3.94	5.59	37
7.12	10.9	37
19.5	22.02	37
27.48	42.45	37
53.46	84.1	37
117.62	166.85	37
214.91	331.22	37
423.44	659.09	37
813.97	1276.24	37
1193.45	1901.78	37
1598.64	2521.78	37
2043.22	3136.22	37
2389.3	3765.35	37
2758.32	4382.72	37
3155.21	5001.87	37
3560.62	5605.29	37
0.32	0.26	38
0.27	0.3	38
0.29	0.25	38
0.32	0.32	38
0.37	0.3	38
0.37	0.33	38
0.4	0.37	38
0.44	0.48	38
0.58	0.55	38
0.61	0.66	38
0.86	0.88	38
1.48	1.52	38
2.52	2.44	38
4.73	4.16	38
8.83	8.75	38
18.09	16.6	38
33.78	31.52	38
64.98	62.6	38
126.48	123.19	38
256.3	240.29	38
487.74	466.15	38
731.85	689.08	38
944.41	909.97	38
1189.03	1134.54	38
1424.21	1355.61	38
1676.05	1576.99	38
1907.57	1801.32	38
2136.2	2025.16	38
0.34	0.26	38
0.26	0.26	38
0.31	0.3	38
0.3	0.25	38
0.27	0.22	38
0.32	0.34	38
0.41	0.4	38
0.47	0.45	38
0.61	0.61	38
0.84	1.02	38
1.43	1.36	38
2.33	2.6	38
4.02	4.76	38
6.29	9.55	38
14.62	19.95	38
23.56	40.18	38
56.96	76.69	38
111.52	154.27	38
218.69	302.79	38
363.06	602.16	38
709.85	1177.09	38
1053.12	1744.95	38
1392.2	2305.38	38
1730.98	2873.64	38
2071.34	3433.93	38
2417.54	4000.28	38
3355.5	4568.95	38
3125.1	5121.51	38
0.25	0.24	38
0.26	0.25	38
0.3	0.24	38
0.28	0.23	38
0.29	0.23	38
0.31	0.32	38
0.34	0.35	38
0.39	0.38	38
0.53	0.55	38
0.64	0.6	38
0.91	0.92	38
1.43	1.4	38
2.46	2.19	38
4.49	3.96	38
8.36	7.69	38
16.95	14.5	38
33.57	27.07	38
60.22	52.18	38
120.22	101.8	38
219.64	201.61	38
421.3	390.76	38
655.16	580.92	38
800.8	765.26	38
1011.72	955.22	38
1203.02	1142.25	38
1406.19	1327.55	38
1760.87	1508.3	38
1907.28	1704.24	38
0.27	0.23	38
0.25	0.27	38
0.29	0.25	38
0.31	0.26	38
0.25	0.31	38
0.32	0.32	38
0.35	0.35	38
0.55	0.44	38
0.75	0.61	38
0.89	1.02	38
1.66	1.67	38
2.32	2.63	38
3.14	5.2	38
6.47	9.67	38
14.57	18.69	38
31.93	38.21	38
47.79	74.84	38
111.57	148.74	38
284.25	291.31	38
368.9	582.02	38
849.3	1132.26	38
1045.58	1683.41	38
1677.03	2222.14	38
1732.49	2761.74	38
2035.95	3253.26	38
2325.69	3755.34	38
2602.49	4264.21	38
3146.64	4960.55	38
0.31	0.25	39
0.28	0.25	39
0.29	0.25	39
0.3	0.28	39
0.32	0.26	39
0.36	0.3	39
0.32	0.41	39
0.47	0.5	39
0.58	0.59	39
0.84	1.06	39
1.03	1.45	39
1.87	2.93	39
2.99	5.03	39
4.88	9.04	39
12.0	17.24	39
20.38	34.92	39
50.31	70.28	39
79.61	137.06	39
192.43	273.01	39
311.92	544.96	39
607.43	1054.21	39
1119.79	1561.71	39
1314.28	2064.74	39
1468.95	2559.75	39
1756.58	3058.36	39
2068.09	3553.94	39
2346.14	4072.02	39
2671.12	4664.55	39
0.29	0.25	39
0.3	0.3	39
0.35	0.26	39
0.29	0.31	39
0.25	0.28	39
0.41	0.3	39
0.35	0.37	39
0.39	0.4	39
0.46	0.46	39
0.66	0.64	39
0.92	0.93	39
1.53	1.45	39
2.38	2.24	39
4.34	3.83	39
8.42	7.83	39
16.18	15.09	39
30.28	28.84	39
59.95	56.61	39
118.93	111.13	39
231.68	221.43	39
450.33	426.04	39
673.94	633.72	39
893.25	838.11	39
1109.82	1049.25	39
1330.34	1255.34	39
1549.74	1458.26	39
1768.18	1667.35	39
1988.25	1878.12	39
0.25	0.24	39
0.26	0.28	39
0.24	0.23	39
0.3	0.25	39
0.28	0.26	39
0.29	0.31	39
0.36	0.31	39
0.43	0.41	39
0.53	0.55	39
0.83	0.79	39
1.26	1.42	39
1.74	2.44	39
2.82	3.74	39
5.03	7.66	39
9.74	15.16	39
29.33	30.85	39
36.95	60.3	39
71.01	120.87	39
139.46	240.22	39
279.94	473.35	39
534.84	923.07	39
787.5	1362.77	39
1040.14	1806.18	39
1327.31	2243.73	39
1550.12	2680.02	39
1824.69	3126.8	39
2027.81	3586.79	39
2337.54	4055.84	39
0.32	0.24	39
0.24	0.3	39
0.25	0.28	39
0.28	0.23	39
0.28	0.28	39
0.31	0.32	39
0.33	0.37	39
0.44	0.4	39
0.55	0.54	39
0.69	0.6	39
0.79	0.88	39
1.57	1.43	39
2.63	2.28	39
4.47	4.04	39
9.06	7.85	39
16.94	14.77	39
34.56	28.02	39
58.78	54.35	39
112.39	106.28	39
243.84	210.06	39
478.11	405.54	39
697.35	600.19	39
842.69	794.63	39
1036.14	990.17	39
1289.06	1183.38	39
1452.08	1377.71	39
1684.61	1570.54	39
1868.08	1772.35	39
0.27	0.23	40
0.32	0.27	40
0.24	0.2	40
0.33	0.22	40
0.31	0.28	40
0.3	0.35	40
0.34	0.31	40
0.36	0.47	40
0.53	0.65	40
0.82	0.84	40
0.95	1.44	40
1.99	2.52	40
4.14	5.4	40
5.71	10.85	40
11.94	21.0	40
24.54	40.57	40
48.75	80.79	40
126.24	162.4	40
195.78	324.67	40
400.54	658.56	40
785.09	1291.26	40
1245.01	1918.84	40
1555.39	2546.68	40
1930.63	3172.08	40
2425.17	3795.19	40
2711.99	4408.71	40
3073.57	5030.51	40
3456.54	5664.9	40
0.24	0.2	40
0.24	0.22	40
0.24	0.24	40
0.24	0.26	40
0.25	0.26	40
0.3	0.29	40
0.26	0.28	40
0.4	0.37	40
0.51	0.56	40
0.76	0.77	40
1.02	1.37	40
1.83	2.61	40
3.67	4.36	40
7.29	8.98	40
14.29	18.59	40
23.96	37.32	40
46.68	74.28	40
116.45	147.01	40
200.06	290.79	40
468.41	578.83	40
704.16	1125.07	40
1049.42	1674.72	40
1453.73	2226.88	40
1731.34	2765.5	40
2041.06	3306.49	40
2371.08	3855.76	40
2749.51	4396.09	40
3028.95	4943.07	40
0.24	0.26	40
0.23	0.25	40
0.3	0.23	40
0.27	0.23	40
0.3	0.25	40
0.28	0.32	40
0.34	0.35	40
0.38	0.41	40
0.5	0.46	40
0.6	0.61	40
0.82	0.71	40
1.16	1.0	40
1.77	1.48	40
2.71	2.4	40
5.27	4.03	40
8.81	7.12	40
13.59	12.32	40
28.24	22.17	40
57.24	41.26	40
88.44	80.73	40
171.03	154.33	40
278.99	222.36	40
348.2	296.9	40
411.09	371.25	40
489.78	442.33	40
560.03	510.55	40
664.1	584.7	40
714.93	662.45	40
