0.56	0.62	1
0.71	0.74	1
1.1	1.09	1
1.06	1.14	1
1.1	1.52	1
1.25	1.55	1
1.52	1.31	1
1.76	1.61	1
1.9	2.38	1
2.64	2.31	1
3.15	3.25	1
5.05	4.73	1
9.34	7.78	1
12.66	12.79	1
23.01	23.52	1
50.29	35.17	1
81.66	67.01	1
224.18	127.59	1
439.87	311.27	1
365.35	368.64	1
730.73	483.46	1
596.47	757.05	1
1270.32	711.11	1
1051.73	1049.33	1
1447.91	1198.19	1
1628.35	1353.88	1
0.58	0.62	1
0.93	0.94	1
1.05	1.12	1
1.28	1.19	1
1.34	1.5	1
1.31	1.82	1
1.8	1.72	1
2.27	1.73	1
3.02	3.05	1
4.6	4.25	1
7.01	7.57	1
11.82	14.28	1
21.95	27.87	1
38.31	45.47	1
89.98	89.44	1
116.06	207.01	1
290.32	349.41	1
455.94	818.99	1
1122.79	1591.19	1
2026.43	2370.01	1
1782.45	2253.75	1
3445.28	3449.66	1
3451.44	4169.36	1
4896.5	4912.96	1
4639.73	6579.58	1
4131.33	7402.02	1
0.53	0.56	1
0.67	0.57	1
0.83	1.18	1
1.23	1.31	1
1.29	1.02	1
1.58	1.39	1
1.43	1.35	1
1.56	1.36	1
2.01	2.05	1
2.35	2.14	1
3.79	3.07	1
5.13	3.86	1
10.42	6.36	1
13.8	10.38	1
34.56	18.85	1
45.46	35.25	1
101.83	66.37	1
164.81	163.73	1
369.08	326.73	1
460.8	373.55	1
866.11	482.42	1
755.49	601.46	1
1264.1	933.63	1
1309.93	834.27	1
1456.42	1199.9	1
1383.03	1073.06	1
0.55	0.58	1
0.84	0.71	1
1.09	1.14	1
1.2	1.41	1
1.35	1.31	1
1.72	1.45	1
1.99	1.5	1
2.14	1.91	1
3.73	2.75	1
4.85	4.54	1
8.73	6.53	1
12.26	12.77	1
20.65	27.47	1
41.07	38.73	1
75.37	103.91	1
149.08	208.2	1
296.9	410.67	1
467.67	702.29	1
1147.47	1591.5	1
1341.99	1691.73	1
1798.08	3201.24	1
2870.17	4041.24	1
3479.02	4896.75	1
4058.87	4062.03	1
5617.36	6586.74	1
7399.7	6317.48	1
0.6	0.52	2
1.19	0.78	2
1.04	1.0	2
1.47	1.24	2
1.43	1.25	2
1.78	1.55	2
1.98	1.96	2
1.93	2.16	2
2.44	2.42	2
2.97	2.96	2
4.75	4.43	2
7.51	6.54	2
12.61	11.33	2
21.29	21.45	2
47.65	35.95	2
77.97	68.56	2
180.94	151.56	2
359.08	298.14	2
518.27	578.9	2
951.0	856.49	2
1247.86	1132.86	2
1406.84	1259.48	2
1504.81	1679.93	2
1947.97	1738.23	2
2464.58	2212.26	2
2746.7	2220.71	2
0.59	0.73	2
0.9	0.74	2
1.04	1.08	2
1.34	1.23	2
1.55	1.31	2
1.79	1.25	2
1.67	1.51	2
2.38	2.22	2
2.87	2.52	2
4.29	4.39	2
6.18	7.01	2
12.17	10.85	2
20.86	20.76	2
27.27	46.65	2
51.28	78.16	2
152.48	179.44	2
245.71	356.63	2
487.21	597.22	2
730.84	1371.78	2
1399.08	1716.64	2
1856.01	2695.32	2
2301.25	3346.7	2
2120.59	3393.31	2
3201.49	3194.17	2
4478.63	4487.34	2
4094.83	5957.31	2
0.54	0.51	2
0.78	0.75	2
0.94	0.98	2
1.39	1.14	2
1.31	1.31	2
1.37	1.32	2
1.59	1.44	2
2.02	1.85	2
2.15	2.02	2
3.29	2.89	2
5.01	3.57	2
7.24	5.93	2
13.07	11.68	2
24.98	21.13	2
46.96	41.24	2
73.16	65.19	2
141.8	143.02	2
343.83	249.18	2
599.68	480.89	2
816.06	718.71	2
1182.84	948.52	2
1759.52	1472.42	2
1429.41	1414.59	2
2053.18	1640.23	2
2339.93	1874.51	2
2760.79	2110.31	2
0.6	0.62	2
0.82	0.81	2
0.94	0.98	2
1.44	1.56	2
1.3	1.14	2
1.41	1.4	2
1.63	1.98	2
2.27	1.82	2
3.23	2.77	2
4.59	4.36	2
4.96	7.55	2
11.1	11.57	2
15.37	17.64	2
35.55	40.76	2
78.83	91.87	2
153.43	180.32	2
198.43	356.85	2
606.15	712.54	2
968.69	1373.88	2
1728.0	2043.5	2
1879.14	2699.33	2
2340.57	3350.08	2
2802.71	2795.76	2
3221.49	4620.7	2
3620.92	5225.33	2
5835.92	5832.24	2
0.68	0.55	3
0.74	0.73	3
0.91	1.13	3
1.15	1.07	3
1.17	1.21	3
1.4	1.37	3
1.6	1.34	3
1.82	1.89	3
2.27	3.23	3
3.71	4.43	3
6.89	6.69	3
11.92	12.5	3
13.21	16.0	3
31.32	44.45	3
59.78	87.79	3
145.45	173.32	3
235.1	341.29	3
355.87	680.17	3
1099.33	1109.97	3
1330.12	1941.63	3
1759.01	1754.84	3
1666.29	3203.47	3
1991.67	3829.9	3
3177.41	4626.26	3
4453.99	4457.1	3
4075.41	5008.58	3
0.59	0.55	3
0.78	0.91	3
1.24	1.17	3
1.47	1.29	3
1.59	1.3	3
1.31	1.51	3
1.87	1.9	3
1.61	2.08	3
2.67	2.21	3
3.05	3.13	3
4.44	4.04	3
6.52	6.33	3
12.46	12.47	3
21.73	18.71	3
43.31	37.07	3
77.42	77.32	3
166.58	135.72	3
359.12	301.58	3
643.05	525.35	3
945.55	771.41	3
1261.58	1021.95	3
1564.83	1465.22	3
1912.17	1744.2	3
2232.22	2239.04	3
2309.47	2070.07	3
2867.14	2595.35	3
0.49	0.56	3
0.7	0.63	3
0.92	0.76	3
0.9	1.07	3
1.42	1.12	3
1.22	1.57	3
2.02	1.46	3
1.86	1.8	3
2.3	2.73	3
4.34	3.69	3
6.88	6.32	3
9.45	9.64	3
16.23	21.41	3
35.63	40.96	3
80.35	79.26	3
108.79	132.91	3
260.7	213.0	3
422.14	613.42	3
1004.66	1004.36	3
1215.35	1214.67	3
1226.95	2365.03	3
1993.1	2942.67	3
2402.86	3519.82	3
2119.55	4105.01	3
3163.89	4674.8	3
5260.54	5253.71	3
0.5	0.5	3
0.68	0.84	3
1.12	1.07	3
1.22	1.18	3
1.34	1.26	3
1.61	1.35	3
1.92	1.48	3
1.72	1.79	3
2.02	1.88	3
3.34	3.01	3
4.67	4.15	3
6.73	6.53	3
13.78	10.32	3
21.74	18.42	3
37.57	33.57	3
66.07	71.98	3
184.68	125.44	3
303.44	248.05	3
599.97	481.26	3
890.87	713.75	3
1181.51	1190.3	3
1472.65	1176.64	3
1776.41	1409.53	3
2060.71	1871.12	3
2620.7	2101.81	3
2620.5	2109.15	3
0.53	0.55	4
0.79	1.01	4
0.97	1.46	4
1.28	1.06	4
1.44	1.43	4
1.3	1.65	4
1.67	1.77	4
2.12	1.99	4
3.07	2.67	4
5.2	4.67	4
6.68	8.4	4
11.6	15.26	4
19.79	23.36	4
47.4	45.43	4
92.0	93.2	4
150.3	181.61	4
233.44	419.13	4
587.01	834.11	4
902.4	1380.5	4
1336.98	2399.49	4
2711.24	2706.64	4
2779.51	3952.05	4
4026.38	4037.56	4
4684.69	4689.44	4
3489.22	6267.17	4
6003.7	7049.16	4
0.6	0.57	4
0.78	0.81	4
1.07	0.92	4
1.24	1.2	4
1.15	1.25	4
1.75	1.77	4
1.48	1.35	4
1.77	2.22	4
2.04	1.99	4
2.58	1.99	4
3.44	3.48	4
4.79	4.11	4
6.74	6.3	4
12.64	10.31	4
27.29	19.08	4
58.46	34.75	4
97.45	67.44	4
191.82	131.07	4
376.18	245.87	4
548.89	654.19	4
853.08	481.82	4
1076.24	913.05	4
1081.99	717.78	4
1280.55	1046.66	4
1447.15	948.29	4
1629.23	1354.38	4
0.54	0.5	4
0.75	0.71	4
1.07	0.94	4
1.2	1.27	4
1.21	1.37	4
1.38	1.48	4
1.66	1.76	4
1.96	1.82	4
2.6	2.74	4
4.24	3.83	4
5.28	7.25	4
11.35	13.08	4
16.04	21.14	4
28.41	41.35	4
67.61	94.3	4
186.9	185.21	4
260.94	368.06	4
729.56	626.1	4
993.03	1427.55	4
1476.46	2099.03	4
2786.45	2786.55	4
2423.33	2938.68	4
2243.26	4153.46	4
3364.76	4851.23	4
4677.67	4675.39	4
4302.58	6204.13	4
0.49	0.55	4
0.62	0.61	4
1.06	0.98	4
1.11	1.39	4
1.19	1.17	4
1.68	1.06	4
1.36	1.26	4
1.53	1.72	4
2.05	1.98	4
2.73	1.76	4
3.73	2.79	4
5.53	3.9	4
8.92	6.26	4
16.46	10.85	4
34.21	19.56	4
61.43	35.7	4
109.33	65.48	4
189.65	162.08	4
383.64	250.55	4
367.64	560.14	4
728.86	482.46	4
752.79	758.37	4
720.81	718.62	4
1290.61	1056.78	4
1192.25	1460.13	4
1881.27	1072.78	4
0.39	0.45	5
0.58	0.63	5
0.87	0.75	5
1.3	1.2	5
2.25	1.87	5
2.14	2.83	5
3.04	2.51	5
4.32	3.31	5
4.78	3.86	5
6.18	6.62	5
10.92	10.82	5
18.23	17.86	5
32.81	34.72	5
64.47	64.27	5
120.72	120.19	5
215.52	217.24	5
370.86	370.9	5
625.51	622.76	5
874.45	874.7	5
1108.57	1115.01	5
1353.97	1363.06	5
1584.09	1576.05	5
1813.28	1781.34	5
2049.77	1988.95	5
2238.88	2198.91	5
0.42	0.38	5
0.53	0.55	5
0.85	0.84	5
1.25	1.39	5
2.2	2.22	5
3.73	2.95	5
3.58	3.86	5
5.72	4.68	5
8.54	9.13	5
16.22	14.89	5
27.63	27.35	5
52.74	53.67	5
99.99	101.32	5
186.67	186.66	5
326.4	328.04	5
538.69	540.53	5
798.98	799.63	5
1211.06	1208.65	5
1589.8	1591.35	5
1973.7	1984.59	5
2336.51	2356.33	5
2709.47	2735.67	5
3063.0	3173.46	5
3407.59	3494.68	5
3764.17	3852.22	5
0.38	0.37	5
0.5	0.5	5
0.77	0.78	5
1.32	1.24	5
2.1	2.16	5
2.57	1.88	5
2.24	2.79	5
2.84	2.89	5
4.25	3.79	5
6.77	6.44	5
9.26	10.02	5
16.41	15.61	5
29.17	28.08	5
53.37	54.94	5
98.8	100.15	5
179.15	178.17	5
307.43	305.45	5
540.79	536.94	5
775.28	769.93	5
990.12	999.38	5
1235.54	1238.8	5
1450.75	1459.85	5
1682.44	1672.07	5
1891.1	1867.36	5
2116.16	2066.06	5
0.39	0.37	5
0.57	0.47	5
0.86	0.83	5
1.2	1.54	5
2.29	2.65	5
2.93	1.94	5
4.47	4.44	5
5.24	6.32	5
9.38	8.08	5
14.53	15.52	5
28.66	27.74	5
53.21	52.63	5
99.23	98.79	5
180.29	179.47	5
319.26	313.77	5
508.72	504.66	5
748.51	746.42	5
1137.27	1142.03	5
1518.28	1518.12	5
1872.8	1878.44	5
2235.15	2261.33	5
2596.42	2632.19	5
2923.06	3016.53	5
3238.24	3331.23	5
3557.88	3636.38	5
0.38	0.4	6
0.56	0.58	6
0.89	0.75	6
1.36	1.22	6
2.66	2.2	6
2.89	2.39	6
3.75	3.65	6
5.18	6.26	6
9.09	8.42	6
15.74	14.94	6
28.11	28.71	6
53.92	52.58	6
101.32	101.25	6
186.57	188.36	6
335.68	339.01	6
557.03	558.42	6
825.72	820.88	6
1217.57	1215.7	6
1581.17	1594.19	6
1960.33	1956.93	6
2337.37	2332.0	6
2751.19	2761.94	6
3124.02	3107.07	6
3475.52	3485.81	6
3848.03	3798.51	6
0.43	0.37	6
0.56	0.57	6
0.83	0.94	6
1.53	1.25	6
2.28	2.6	6
3.48	2.62	6
3.27	3.31	6
4.83	4.34	6
4.99	5.16	6
6.57	8.1	6
12.29	11.88	6
18.65	18.68	6
35.8	35.58	6
66.84	67.39	6
124.75	123.69	6
224.01	224.09	6
386.78	383.49	6
634.38	646.22	6
886.08	880.41	6
1123.71	1122.03	6
1344.21	1342.63	6
1579.48	1564.35	6
1822.68	1813.84	6
2040.79	2036.25	6
2285.89	2273.95	6
0.37	0.38	6
0.48	0.52	6
0.76	0.72	6
1.09	1.18	6
2.11	1.39	6
2.5	2.73	6
3.93	3.57	6
4.52	4.07	6
6.84	6.32	6
11.39	11.2	6
20.56	20.68	6
38.35	37.68	6
70.59	72.6	6
127.8	132.57	6
236.75	232.78	6
392.55	392.72	6
605.46	602.62	6
947.77	953.38	6
1300.3	1291.02	6
1626.59	1632.28	6
1969.34	1960.18	6
2302.34	2302.36	6
2642.82	2645.92	6
2983.28	2958.04	6
3283.37	3261.4	6
0.42	0.37	6
0.55	0.53	6
0.75	0.76	6
1.46	1.38	6
1.8	2.4	6
2.46	1.91	6
2.5	2.38	6
4.06	3.43	6
3.89	4.32	6
6.67	5.64	6
10.04	10.67	6
17.91	17.58	6
30.99	31.7	6
58.97	58.76	6
108.54	104.77	6
192.67	191.52	6
324.01	327.07	6
564.59	562.41	6
800.51	796.03	6
1020.55	1014.86	6
1247.52	1255.29	6
1487.42	1483.83	6
1705.3	1707.87	6
1922.76	1929.73	6
2134.89	2133.13	6
0.39	0.38	7
0.49	0.55	7
0.73	0.82	7
1.45	1.46	7
1.91	2.32	7
1.94	2.07	7
2.39	3.11	7
3.75	2.55	7
5.57	3.93	7
5.54	6.55	7
11.04	10.59	7
17.49	17.54	7
33.36	33.92	7
62.03	63.02	7
118.78	119.83	7
211.77	216.19	7
372.82	371.11	7
628.62	627.95	7
868.2	867.74	7
1095.32	1097.8	7
1329.62	1319.28	7
1565.21	1554.23	7
1796.15	1794.46	7
2041.47	2027.78	7
2268.96	2243.11	7
0.4	0.4	7
0.53	0.52	7
0.89	0.74	7
1.44	1.47	7
1.84	1.68	7
3.53	1.96	7
3.71	3.2	7
5.09	4.97	7
8.59	8.85	7
15.06	14.97	7
27.92	27.4	7
50.43	50.93	7
97.75	95.34	7
179.24	177.47	7
316.22	317.99	7
532.42	530.77	7
786.72	794.74	7
1176.58	1177.54	7
1553.38	1548.21	7
1915.55	1929.52	7
2289.19	2297.13	7
2652.97	2649.93	7
3030.06	3027.45	7
3394.8	3361.96	7
3714.49	3697.99	7
0.43	0.36	7
0.52	0.49	7
0.75	0.86	7
1.32	1.31	7
1.8	2.49	7
3.38	2.26	7
2.54	3.89	7
4.01	3.19	7
3.98	4.18	7
7.08	6.4	7
10.26	8.94	7
15.14	15.54	7
28.03	29.1	7
51.9	52.59	7
97.24	96.58	7
178.51	180.54	7
308.78	313.43	7
543.59	542.47	7
770.41	777.63	7
999.62	996.58	7
1211.75	1217.61	7
1446.02	1428.86	7
1667.75	1673.17	7
1910.63	1907.03	7
2108.39	2115.83	7
0.39	0.39	7
0.5	0.54	7
0.76	0.75	7
1.15	1.01	7
1.6	2.01	7
2.43	2.94	7
3.17	3.71	7
4.03	5.34	7
7.97	7.45	7
11.99	12.35	7
21.88	21.97	7
42.11	42.9	7
79.28	79.08	7
145.41	148.51	7
255.47	254.64	7
424.02	429.4	7
648.93	651.46	7
1000.76	1003.65	7
1347.06	1350.23	7
1700.83	1712.34	7
2036.09	2037.89	7
2389.05	2410.3	7
2721.47	2743.24	7
3079.74	3082.81	7
3410.41	3396.43	7
0.38	0.38	8
0.51	0.54	8
0.78	0.88	8
1.48	1.27	8
1.91	2.24	8
2.85	2.86	8
3.18	4.21	8
4.31	4.96	8
9.02	9.53	8
15.8	15.91	8
28.34	29.08	8
52.95	51.66	8
99.77	99.0	8
183.86	185.52	8
328.31	331.0	8
550.41	548.2	8
816.44	821.48	8
1227.88	1227.37	8
1620.88	1625.1	8
2000.13	2052.79	8
2425.09	2439.48	8
2802.82	2837.94	8
3189.35	3226.77	8
3539.36	3620.6	8
3891.86	3951.34	8
0.43	0.41	8
0.59	0.63	8
0.88	0.79	8
1.45	1.38	8
2.5	2.48	8
2.5	3.11	8
2.92	3.08	8
4.39	3.12	8
5.55	4.5	8
6.42	7.27	8
10.49	11.3	8
19.68	19.9	8
35.88	34.48	8
66.76	68.5	8
124.49	126.81	8
225.69	223.88	8
381.52	385.5	8
633.6	634.47	8
884.3	879.63	8
1120.24	1125.62	8
1363.34	1371.96	8
1592.68	1595.65	8
1851.99	1806.94	8
2059.1	2022.84	8
2267.73	2206.08	8
0.32	0.31	8
0.48	0.5	8
0.69	0.74	8
1.2	1.08	8
1.48	1.74	8
3.23	2.62	8
3.08	3.75	8
4.31	4.23	8
6.77	6.55	8
11.22	10.97	8
19.41	20.88	8
37.82	37.65	8
70.75	71.93	8
131.91	128.69	8
233.79	233.71	8
391.25	391.13	8
603.84	607.26	8
961.15	965.25	8
1319.48	1329.13	8
1664.39	1663.87	8
1990.06	2020.9	8
2331.14	2365.85	8
2670.46	2709.34	8
2987.6	3064.24	8
3320.52	3374.16	8
0.4	0.36	8
0.47	0.52	8
0.79	0.77	8
1.28	1.14	8
1.51	1.75	8
2.15	2.68	8
2.89	2.6	8
2.53	2.81	8
4.32	3.98	8
6.21	6.16	8
9.26	8.93	8
16.99	16.64	8
29.14	28.48	8
54.48	53.66	8
98.75	95.95	8
177.72	178.02	8
310.32	309.45	8
537.52	534.51	8
771.25	765.95	8
1001.67	992.05	8
1233.37	1222.72	8
1451.34	1444.38	8
1687.22	1649.82	8
1895.06	1876.37	8
2107.16	2071.1	8
0.27	0.3	9
0.28	0.3	9
0.29	0.35	9
0.4	0.3	9
0.34	0.37	9
0.32	0.37	9
0.4	0.37	9
0.43	0.47	9
0.45	0.42	9
0.59	0.5	9
0.63	0.67	9
0.96	0.89	9
1.22	1.13	9
1.86	2.01	9
2.83	2.69	9
4.99	5.3	9
8.29	8.3	9
14.92	16.21	9
27.82	28.34	9
55.65	46.87	9
106.38	107.0	9
192.79	204.87	9
295.53	288.94	9
391.49	365.36	9
492.97	468.91	9
580.9	555.39	9
682.95	610.26	9
768.63	694.56	9
875.03	823.49	9
0.31	0.29	9
0.29	0.29	9
0.32	0.36	9
0.38	0.34	9
0.31	0.32	9
0.34	0.35	9
0.32	0.33	9
0.43	0.42	9
0.54	0.55	9
0.73	0.69	9
1.05	1.03	9
1.56	1.64	9
2.2	2.96	9
4.41	5.54	9
8.24	10.4	9
23.13	20.02	9
39.58	40.05	9
79.24	66.05	9
158.64	159.66	9
312.59	316.03	9
621.5	735.2	9
1029.36	1025.99	9
1535.54	2166.39	9
1988.11	2404.1	9
2626.38	2443.99	9
2900.5	3503.78	9
3496.85	4107.92	9
3908.8	3908.28	9
4411.5	5325.71	9
0.25	0.24	9
0.25	0.27	9
0.26	0.22	9
0.31	0.28	9
0.25	0.23	9
0.29	0.35	9
0.3	0.34	9
0.32	0.38	9
0.39	0.46	9
0.53	0.52	9
0.67	0.65	9
0.87	0.87	9
1.36	1.26	9
2.32	2.05	9
2.63	2.83	9
5.59	5.48	9
9.83	7.92	9
17.91	15.39	9
31.72	27.35	9
54.72	53.61	9
117.47	102.8	9
198.09	190.09	9
313.0	278.58	9
381.25	365.76	9
486.93	427.76	9
550.92	542.5	9
643.99	618.41	9
742.58	667.84	9
817.84	818.13	9
0.29	0.3	9
0.29	0.28	9
0.3	0.29	9
0.32	0.32	9
0.29	0.33	9
0.34	0.39	9
0.31	0.33	9
0.39	0.41	9
0.45	0.57	9
0.68	0.64	9
0.97	0.91	9
1.46	1.62	9
3.65	2.67	9
4.47	5.6	9
12.48	8.84	9
19.83	20.63	9
43.61	41.34	9
118.53	94.66	9
137.52	139.7	9
335.35	324.65	9
542.35	641.63	9
1074.61	1062.69	9
1624.21	1880.95	9
2192.2	2827.13	9
2715.36	3009.41	9
2967.55	4134.08	9
3491.74	3510.31	9
4047.25	4781.3	9
4565.18	6267.25	9
0.22	0.27	10
0.33	0.28	10
0.3	0.36	10
0.35	0.31	10
0.26	0.3	10
0.32	0.33	10
0.44	0.41	10
0.39	0.35	10
0.42	0.35	10
0.62	0.7	10
0.86	0.75	10
1.06	1.14	10
1.55	1.56	10
2.96	2.85	10
4.41	5.28	10
9.34	9.0	10
16.38	16.19	10
31.24	31.61	10
61.65	60.83	10
122.74	123.39	10
243.41	234.2	10
471.97	477.12	10
704.4	694.37	10
930.13	894.91	10
1165.88	1087.07	10
1392.03	1334.32	10
1622.87	1586.73	10
1850.3	1856.5	10
2080.37	2044.88	10
0.28	0.29	10
0.29	0.32	10
0.29	0.26	10
0.24	0.26	10
0.3	0.26	10
0.26	0.35	10
0.37	0.32	10
0.38	0.33	10
0.5	0.51	10
0.79	0.73	10
0.94	1.01	10
1.66	1.78	10
2.84	2.29	10
3.16	3.41	10
8.39	6.96	10
13.25	19.31	10
31.6	25.38	10
62.58	63.37	10
101.5	124.86	10
247.08	249.3	10
491.99	498.49	10
789.68	967.63	10
1242.66	1427.1	10
1516.91	1873.36	10
1878.4	2319.99	10
2235.69	2765.4	10
3232.81	3817.29	10
3057.61	2946.62	10
3492.46	3303.34	10
0.24	0.26	10
0.24	0.25	10
0.28	0.28	10
0.29	0.24	10
0.24	0.24	10
0.28	0.3	10
0.35	0.3	10
0.36	0.32	10
0.36	0.36	10
0.5	0.53	10
0.6	0.62	10
1.14	1.0	10
1.56	1.5	10
3.08	2.67	10
5.17	4.48	10
10.17	8.63	10
16.86	16.16	10
35.36	33.24	10
62.38	55.41	10
122.2	110.12	10
222.09	228.25	10
434.05	422.2	10
652.8	678.46	10
893.11	860.5	10
1060.5	1020.78	10
1270.88	1271.49	10
1533.3	1475.92	10
1656.63	1753.31	10
1867.36	1943.38	10
0.24	0.25	10
0.26	0.23	10
0.26	0.3	10
0.28	0.3	10
0.28	0.26	10
0.33	0.25	10
0.31	0.32	10
0.33	0.41	10
0.52	0.56	10
0.63	0.72	10
0.91	0.9	10
2.24	1.92	10
2.14	3.73	10
4.45	4.3	10
7.93	8.08	10
13.83	19.04	10
41.24	27.37	10
69.69	76.03	10
131.17	128.43	10
258.41	215.3	10
430.6	599.51	10
825.63	1159.37	10
1204.64	1457.38	10
1616.74	1911.24	10
2019.06	2357.2	10
2447.08	2800.47	10
2704.08	3228.43	10
3123.08	3620.45	10
3286.25	3275.96	10
0.26	0.27	11
0.26	0.28	11
0.26	0.33	11
0.28	0.27	11
0.28	0.31	11
0.28	0.29	11
0.31	0.33	11
0.48	0.41	11
0.54	0.46	11
0.76	0.72	11
0.93	0.94	11
1.14	1.3	11
3.16	1.86	11
4.82	4.04	11
8.37	8.14	11
18.59	13.41	11
26.31	44.59	11
50.22	61.89	11
99.19	123.07	11
240.98	291.51	11
393.51	486.34	11
768.35	763.96	11
1134.8	1403.07	11
1622.47	2212.31	11
2079.23	1872.88	11
2326.39	3303.37	11
2631.72	3229.23	11
3021.15	3684.24	11
3378.41	4925.89	11
0.25	0.27	11
0.34	0.24	11
0.27	0.3	11
0.29	0.3	11
0.3	0.31	11
0.33	0.34	11
0.4	0.4	11
0.36	0.37	11
0.41	0.36	11
0.46	0.57	11
0.71	0.62	11
0.91	1.12	11
1.65	1.67	11
2.66	3.05	11
4.43	4.65	11
8.51	8.2	11
16.2	16.46	11
31.87	31.19	11
61.44	61.1	11
121.98	122.43	11
237.13	242.64	11
468.61	455.05	11
699.42	702.98	11
915.14	907.49	11
1135.65	1124.51	11
1370.69	1336.09	11
1577.87	1545.07	11
1788.39	1716.89	11
2020.09	1980.43	11
0.23	0.23	11
0.25	0.24	11
0.26	0.25	11
0.26	0.24	11
0.25	0.29	11
0.27	0.29	11
0.33	0.33	11
0.4	0.32	11
0.5	0.48	11
0.6	0.58	11
0.8	0.96	11
1.27	1.35	11
2.06	1.61	11
3.47	3.98	11
5.69	8.91	11
14.48	13.98	11
23.66	23.92	11
46.54	46.25	11
87.67	91.03	11
175.43	174.31	11
471.0	430.68	11
675.58	678.88	11
1039.21	1242.85	11
1465.74	1309.15	11
1677.31	2450.59	11
2069.64	2462.92	11
2281.28	3393.36	11
2695.45	3888.9	11
2947.91	2963.54	11
0.26	0.25	11
0.28	0.28	11
0.24	0.29	11
0.27	0.28	11
0.28	0.28	11
0.25	0.29	11
0.34	0.35	11
0.39	0.36	11
0.39	0.42	11
0.5	0.6	11
0.65	0.7	11
1.07	1.1	11
1.66	1.42	11
3.31	2.67	11
5.08	4.78	11
9.61	8.85	11
17.5	15.4	11
32.08	31.62	11
71.23	59.13	11
126.83	115.62	11
235.34	255.01	11
462.08	441.07	11
675.81	711.19	11
886.91	857.02	11
1098.91	1092.0	11
1312.27	1336.46	11
1617.2	1485.12	11
1763.27	1686.36	11
1947.64	2023.28	11
0.26	0.3	12
0.3	0.25	12
0.24	0.27	12
0.35	0.28	12
0.29	0.27	12
0.3	0.29	12
0.33	0.38	12
0.36	0.4	12
0.46	0.47	12
0.6	0.58	12
0.89	0.99	12
1.52	1.37	12
2.19	2.54	12
4.35	5.31	12
8.87	10.49	12
18.96	18.4	12
30.51	30.75	12
84.64	61.02	12
145.34	145.88	12
240.8	241.16	12
481.62	582.88	12
940.76	1141.37	12
1389.5	1974.97	12
1850.7	2237.73	12
2301.2	2788.44	12
2757.16	3901.93	12
3208.23	3212.29	12
4038.45	4428.95	12
4132.47	4125.55	12
0.26	0.27	12
0.28	0.29	12
0.28	0.23	12
0.3	0.25	12
0.3	0.38	12
0.29	0.32	12
0.39	0.32	12
0.36	0.48	12
0.37	0.33	12
0.6	0.48	12
0.58	0.6	12
0.89	0.81	12
1.12	1.07	12
1.82	1.81	12
2.76	2.54	12
4.74	5.17	12
8.67	7.86	12
15.24	13.99	12
27.6	28.67	12
51.04	53.65	12
104.59	99.74	12
202.48	204.4	12
290.45	288.06	12
396.13	379.2	12
488.14	466.0	12
569.94	592.46	12
671.09	644.98	12
781.83	741.33	12
829.58	822.16	12
0.24	0.24	12
0.22	0.21	12
0.24	0.22	12
0.21	0.26	12
0.23	0.25	12
0.23	0.27	12
0.29	0.3	12
0.34	0.31	12
0.43	0.43	12
0.57	0.69	12
0.97	0.82	12
1.16	1.08	12
2.48	2.47	12
3.84	4.21	12
7.2	8.07	12
17.35	14.2	12
41.79	38.68	12
88.59	80.34	12
149.49	137.98	12
289.42	232.04	12
696.71	461.74	12
877.55	880.35	12
1888.28	1540.12	12
2136.46	2049.04	12
2142.27	3420.56	12
2548.61	3049.15	12
3081.25	4186.4	12
3442.98	3365.84	12
3903.66	3787.95	12
0.26	0.22	12
0.29	0.28	12
0.3	0.29	12
0.29	0.3	12
0.32	0.28	12
0.28	0.3	12
0.31	0.34	12
0.33	0.3	12
0.41	0.34	12
0.53	0.55	12
0.58	0.71	12
1.0	1.15	12
1.28	1.08	12
1.95	1.92	12
2.99	2.85	12
5.48	5.47	12
10.12	8.96	12
19.65	16.33	12
33.05	28.93	12
61.43	51.68	12
120.19	127.57	12
243.78	203.41	12
310.03	269.78	12
393.88	371.19	12
487.53	437.8	12
649.33	493.73	12
633.34	607.43	12
759.0	707.72	12
832.59	800.71	12
0.28	0.28	13
0.29	0.34	13
0.42	0.42	13
0.66	0.64	13
1.16	0.98	13
1.69	1.32	13
2.89	2.84	13
3.33	4.03	13
4.21	4.23	13
6.47	5.59	13
8.84	8.79	13
14.16	14.58	13
25.0	23.76	13
41.59	40.84	13
70.37	68.01	13
108.73	107.57	13
145.69	143.52	13
199.47	200.31	13
307.73	301.24	13
522.74	519.05	13
734.04	741.49	13
942.19	942.86	13
1156.51	1153.39	13
1389.14	1369.89	13
1559.35	1591.55	13
1758.38	1786.79	13
1969.59	1942.45	13
0.27	0.26	13
0.33	0.32	13
0.4	0.43	13
0.64	0.66	13
1.1	1.1	13
1.88	1.87	13
3.22	3.03	13
2.82	3.67	13
5.14	3.12	13
5.34	7.34	13
10.8	9.89	13
15.15	15.42	13
27.83	26.49	13
48.32	48.98	13
79.9	81.03	13
130.03	128.59	13
184.75	188.25	13
279.95	283.32	13
468.69	474.36	13
836.39	837.39	13
1198.36	1221.47	13
1567.46	1611.93	13
1921.12	1973.68	13
2291.84	2325.78	13
2641.7	2661.33	13
2991.49	3007.2	13
3281.21	3302.28	13
0.27	0.25	13
0.31	0.3	13
0.38	0.38	13
0.61	0.56	13
0.94	0.97	13
1.8	1.73	13
2.66	2.77	13
3.52	2.96	13
3.21	3.66	13
4.42	4.54	13
8.19	7.25	13
11.29	11.46	13
20.57	18.77	13
32.97	32.66	13
55.13	54.27	13
84.88	82.93	13
117.39	113.37	13
166.76	173.52	13
265.15	267.81	13
466.51	459.03	13
671.94	666.75	13
859.03	863.82	13
1065.29	1084.95	13
1281.99	1280.34	13
1458.01	1460.1	13
1666.09	1673.81	13
1852.48	1860.01	13
0.3	0.23	13
0.33	0.33	13
0.41	0.39	13
0.65	0.62	13
0.96	0.97	13
1.54	1.53	13
1.96	2.61	13
3.2	2.8	13
3.63	4.32	13
5.43	5.38	13
7.9	7.68	13
13.53	13.42	13
21.25	22.62	13
37.78	37.67	13
61.56	62.39	13
103.53	103.56	13
153.88	154.22	13
246.65	240.49	13
416.98	414.84	13
748.53	747.79	13
1068.39	1099.48	13
1396.48	1432.47	13
1743.08	1786.62	13
2042.28	2068.54	13
2352.49	2386.87	13
2666.26	2688.79	13
2960.91	2961.57	13
0.28	0.32	14
0.37	0.33	14
0.46	0.5	14
0.74	0.72	14
1.33	1.11	14
1.69	1.87	14
2.49	3.54	14
3.1	4.46	14
6.62	4.33	14
7.64	6.62	14
11.15	10.45	14
15.59	16.83	14
27.1	26.54	14
49.88	49.61	14
80.92	82.6	14
127.14	128.19	14
183.73	181.15	14
269.96	271.95	14
445.43	443.66	14
768.2	768.44	14
1104.58	1098.2	14
1441.13	1440.33	14
1775.95	1771.96	14
2109.89	2114.63	14
2485.57	2450.91	14
2771.8	2764.44	14
3086.67	3095.33	14
0.31	0.3	14
0.36	0.36	14
0.46	0.49	14
0.68	0.71	14
1.09	1.19	14
2.08	1.83	14
3.63	3.74	14
3.36	4.65	14
6.2	5.03	14
6.43	5.54	14
9.96	10.22	14
14.62	16.11	14
26.78	27.53	14
43.37	45.44	14
74.69	72.81	14
113.84	111.38	14
151.73	149.9	14
213.63	213.02	14
328.14	325.27	14
555.64	571.87	14
787.22	862.04	14
1010.22	1084.98	14
1228.67	1302.46	14
1421.6	1513.92	14
1679.51	1742.36	14
1842.6	1922.78	14
1980.28	2102.38	14
0.26	0.25	14
0.3	0.31	14
0.39	0.41	14
0.55	0.55	14
1.01	0.97	14
1.67	1.69	14
2.43	3.0	14
2.74	3.6	14
4.77	3.48	14
4.45	4.8	14
7.31	8.52	14
12.12	11.31	14
20.91	20.37	14
35.81	35.62	14
60.1	60.37	14
94.45	95.38	14
138.44	144.11	14
220.88	216.1	14
367.93	373.72	14
657.41	661.09	14
949.91	968.42	14
1256.83	1253.16	14
1555.55	1562.32	14
1864.3	1863.43	14
2144.3	2151.48	14
2423.5	2464.36	14
2726.68	2720.85	14
0.28	0.28	14
0.32	0.32	14
0.45	0.44	14
0.61	0.65	14
1.13	1.06	14
2.01	2.08	14
3.36	2.62	14
2.49	4.03	14
4.17	5.58	14
6.36	6.75	14
9.28	8.15	14
13.94	14.42	14
25.41	23.69	14
42.37	42.18	14
67.28	69.34	14
102.68	106.6	14
142.76	140.11	14
195.78	197.88	14
306.36	310.47	14
531.67	558.29	14
741.22	829.28	14
943.33	1023.69	14
1144.44	1233.09	14
1333.48	1421.41	14
1506.24	1600.99	14
1684.83	1770.69	14
1875.99	1914.38	14
0.31	0.26	15
0.4	0.33	15
0.43	0.41	15
0.65	0.67	15
1.01	1.18	15
1.97	1.67	15
2.66	3.24	15
3.53	2.8	15
4.33	4.87	15
6.36	4.95	15
9.07	8.85	15
12.97	13.47	15
24.42	23.3	15
40.48	42.83	15
68.21	70.45	15
104.87	105.8	15
146.05	146.14	15
204.01	203.32	15
313.88	316.61	15
548.62	539.35	15
766.97	789.52	15
993.2	1002.22	15
1204.32	1231.16	15
1414.48	1444.48	15
1631.13	1655.05	15
1840.03	1836.54	15
2055.4	2009.35	15
0.27	0.29	15
0.35	0.33	15
0.44	0.46	15
0.63	0.65	15
0.96	1.0	15
1.66	1.59	15
3.01	3.48	15
4.53	2.46	15
5.44	5.11	15
5.82	6.24	15
9.17	10.13	15
15.98	16.68	15
28.37	26.98	15
44.63	44.78	15
77.33	77.08	15
122.37	120.94	15
177.09	175.5	15
262.71	263.25	15
430.92	433.0	15
758.69	761.1	15
1095.17	1091.27	15
1423.43	1443.69	15
1760.88	1769.63	15
2090.01	2095.17	15
2457.32	2428.2	15
2767.83	2761.56	15
3040.7	3068.9	15
0.28	0.25	15
0.29	0.29	15
0.37	0.41	15
0.6	0.56	15
0.85	0.93	15
1.76	1.74	15
2.65	2.87	15
3.42	2.94	15
2.82	3.94	15
4.74	4.75	15
7.35	7.5	15
10.3	10.32	15
19.74	19.02	15
31.97	32.79	15
53.9	52.66	15
81.15	84.58	15
113.6	114.78	15
173.12	168.02	15
268.77	270.17	15
474.4	478.61	15
687.34	703.3	15
876.66	907.58	15
1070.34	1096.93	15
1267.25	1297.63	15
1469.51	1469.28	15
1643.67	1687.32	15
1849.5	1817.96	15
0.33	0.26	15
0.31	0.3	15
0.43	0.4	15
0.59	0.6	15
0.83	0.97	15
1.66	1.64	15
2.8	2.63	15
4.19	2.9	15
4.13	3.91	15
5.55	5.29	15
6.87	6.62	15
12.13	12.09	15
21.53	20.36	15
36.91	37.1	15
58.51	61.49	15
94.88	98.56	15
143.28	144.0	15
219.89	224.13	15
374.57	370.97	15
664.33	669.47	15
964.76	973.92	15
1266.0	1279.35	15
1580.72	1561.59	15
1863.22	1877.55	15
2175.6	2157.57	15
2455.88	2459.92	15
2708.96	2755.75	15
0.27	0.32	16
0.3	0.38	16
0.46	0.46	16
0.63	0.64	16
1.11	1.18	16
2.0	1.54	16
2.95	2.87	16
2.86	4.07	16
4.48	3.46	16
6.32	5.44	16
11.27	8.81	16
16.81	15.21	16
28.64	28.04	16
48.09	49.18	16
79.48	82.01	16
125.44	127.6	16
181.92	178.82	16
273.84	272.38	16
452.06	449.03	16
798.25	803.31	16
1132.48	1165.21	16
1487.06	1506.34	16
1836.32	1863.57	16
2164.01	2179.24	16
2514.07	2534.9	16
2805.86	2867.97	16
3120.8	3153.05	16
0.26	0.25	16
0.38	0.32	16
0.44	0.51	16
0.66	0.65	16
1.11	0.98	16
1.96	1.61	16
2.48	2.7	16
3.85	3.33	16
5.16	3.62	16
6.01	4.67	16
8.08	9.51	16
16.13	14.35	16
24.63	24.89	16
42.21	42.35	16
71.56	71.17	16
109.33	108.52	16
147.9	149.34	16
200.2	206.79	16
310.09	309.72	16
519.14	514.9	16
739.66	739.4	16
949.98	956.46	16
1168.41	1185.63	16
1370.47	1380.48	16
1595.46	1596.73	16
1802.58	1796.42	16
1972.55	1961.11	16
0.24	0.27	16
0.29	0.29	16
0.38	0.39	16
0.59	0.63	16
0.92	0.96	16
1.52	1.33	16
1.85	1.92	16
3.29	3.63	16
4.14	5.02	16
4.41	3.93	16
7.35	7.75	16
13.79	12.9	16
20.49	20.12	16
36.19	36.98	16
58.74	61.75	16
96.47	96.04	16
144.03	142.78	16
223.15	224.28	16
387.62	380.95	16
688.79	694.86	16
991.74	1015.93	16
1286.91	1343.38	16
1585.5	1613.55	16
1886.72	1900.97	16
2157.33	2228.24	16
2461.49	2476.58	16
2734.1	2750.78	16
0.26	0.26	16
0.36	0.3	16
0.44	0.43	16
0.66	0.68	16
0.95	1.03	16
1.88	1.68	16
3.1	2.56	16
4.13	3.34	16
4.79	5.17	16
6.38	4.49	16
7.57	8.27	16
14.65	13.18	16
24.27	23.01	16
38.15	39.75	16
62.86	63.65	16
95.59	95.65	16
131.32	131.18	16
182.65	180.63	16
285.56	281.24	16
485.73	483.18	16
676.45	688.6	16
881.3	883.6	16
1086.51	1097.81	16
1288.44	1295.93	16
1496.37	1511.79	16
1696.76	1688.24	16
1864.24	1876.21	16
0.43	0.4	17
0.6	0.65	17
0.97	1.06	17
1.71	1.7	17
2.42	3.24	17
5.0	5.93	17
8.5	11.08	17
14.24	10.82	17
14.45	12.26	17
21.97	19.05	17
24.0	29.2	17
40.77	44.29	17
77.08	74.46	17
146.87	147.53	17
270.59	267.39	17
497.17	491.29	17
870.77	871.1	17
1337.6	1334.24	17
1785.1	1778.21	17
2474.33	2480.87	17
3126.42	3115.2	17
3761.77	3763.22	17
4410.09	4394.05	17
4992.65	4949.04	17
5595.68	5508.14	17
6212.89	6034.4	17
6641.19	6521.84	17
0.36	0.45	17
0.64	0.55	17
0.94	1.06	17
1.84	1.6	17
3.12	3.52	17
5.98	4.9	17
12.43	9.31	17
11.71	13.09	17
16.0	17.69	17
25.5	40.67	17
41.66	81.75	17
68.57	248.04	17
133.72	645.43	17
249.35	1300.3	17
462.64	2620.82	17
839.37	4770.59	17
1427.7	7895.5	17
2144.68	10595.92	17
2728.89	11495.46	17
3647.26	13069.52	17
4431.29	14339.11	17
5235.57	15372.98	17
6031.82	16559.59	17
6848.02	17648.12	17
7644.54	18557.64	17
8419.54	19508.71	17
9110.73	20126.67	17
0.35	0.37	17
0.46	0.52	17
0.81	0.83	17
1.48	1.28	17
2.76	2.74	17
4.95	4.29	17
7.57	8.45	17
4.7	8.7	17
10.89	9.14	17
9.83	10.74	17
24.87	21.47	17
35.21	31.46	17
58.65	59.47	17
116.62	117.83	17
214.37	209.13	17
383.73	383.46	17
670.25	673.2	17
1039.38	1040.3	17
1410.59	1412.75	17
2015.64	2022.76	17
2622.22	2629.94	17
3205.05	3243.58	17
3782.54	3842.38	17
4442.42	4429.36	17
5017.3	4955.82	17
5527.16	5514.64	17
6018.26	5930.54	17
0.38	0.34	17
0.56	0.56	17
0.89	0.86	17
1.74	1.69	17
3.21	3.18	17
4.91	3.84	17
9.46	10.28	17
16.57	13.2	17
15.45	20.04	17
21.31	47.29	17
40.22	106.25	17
67.22	248.5	17
131.47	683.21	17
248.4	1287.38	17
442.9	2522.62	17
781.45	4528.01	17
1335.43	7409.96	17
1975.47	9950.11	17
2471.73	11180.9	17
3411.73	12671.88	17
4163.25	13866.5	17
4875.75	14946.35	17
5635.17	15983.87	17
6416.69	17012.69	17
7188.97	18304.66	17
7888.65	19205.48	17
8498.81	19820.95	17
0.29	0.34	18
0.47	0.51	18
0.74	0.79	18
1.45	1.26	18
2.69	2.52	18
4.16	3.73	18
4.36	6.0	18
7.87	10.63	18
8.0	13.95	18
17.49	34.23	18
27.73	113.42	18
51.71	267.76	18
94.88	511.06	18
175.59	1039.75	18
313.65	1962.92	18
560.96	3580.18	18
947.88	5894.56	18
1443.88	7876.35	18
1924.01	8711.65	18
2645.66	9920.39	18
3373.36	10997.51	18
4119.27	12069.98	18
4812.09	13039.57	18
5528.84	13783.91	18
6217.61	14757.09	18
6933.86	15420.64	18
7528.55	15972.45	18
0.46	0.36	18
0.68	0.69	18
0.91	1.08	18
1.72	1.74	18
3.03	2.84	18
6.16	5.9	18
6.82	8.91	18
16.21	9.29	18
11.6	8.76	18
18.6	17.37	18
28.11	23.98	18
46.74	47.96	18
75.76	74.23	18
144.39	147.75	18
258.84	269.88	18
497.27	501.59	18
860.66	851.33	18
1298.64	1311.01	18
1700.08	1719.46	18
2371.73	2372.16	18
2966.71	2941.71	18
3538.05	3525.19	18
4114.56	4152.02	18
4681.29	4759.6	18
5298.6	5368.24	18
5864.15	6002.88	18
6362.57	6702.98	18
