0.56	0.6
0.77	0.58
0.97	0.92
1.37	1.15
1.28	1.25
1.11	1.47
1.57	1.37
1.74	1.07
1.8	1.72
2.3	2.27
3.67	2.86
4.73	4.07
8.51	6.32
16.26	11.07
30.16	18.64
58.12	35.37
114.92	65.76
227.26	126.91
438.06	243.23
650.55	361.16
870.35	479.37
1068.93	593.88
1276.84	706.73
1487.87	857.22
1691.36	939.43
1903.71	1060.92
0.63	0.7
0.92	0.83
1.04	1.08
1.67	1.56
1.37	1.72
1.44	1.75
1.82	1.77
2.39	1.86
2.79	3.1
4.67	4.38
6.17	7.97
11.47	13.78
18.0	27.55
33.46	53.37
60.04	104.82
116.66	205.4
230.3	411.91
459.51	821.25
893.64	1591.88
1325.93	2366.97
1784.27	3187.19
2260.92	4045.48
2729.73	4886.43
3206.26	5725.29
3681.54	6575.98
4134.82	7389.08
0.49	0.62
0.62	0.73
0.98	0.82
1.22	1.27
1.64	1.24
1.45	1.09
1.25	1.18
1.86	1.55
2.4	1.78
2.4	2.24
4.02	2.87
5.32	4.13
10.39	6.27
19.26	10.13
36.08	19.64
70.03	35.2
122.93	64.94
261.05	127.51
445.04	245.68
657.76	378.43
873.26	479.32
1083.99	615.39
1304.48	705.6
1518.25	822.82
1680.84	938.72
1938.28	1072.18
0.65	0.73
0.79	0.93
1.0	1.24
1.44	1.3
1.48	1.43
1.8	1.3
1.73	1.59
2.42	2.65
3.22	3.32
4.96	4.23
7.43	8.04
14.13	14.56
21.26	26.5
35.9	52.64
63.27	104.33
121.79	208.42
239.74	413.43
482.14	816.25
904.73	1592.33
1342.92	2370.05
1801.38	3191.75
2291.46	4045.7
2765.81	4883.62
3243.5	5751.1
3719.62	6577.58
4163.34	7383.41
0.63	0.72
0.92	0.8
1.1	1.36
1.33	1.3
1.51	1.62
1.48	1.36
1.52	1.81
1.75	2.19
2.37	2.22
2.92	3.07
4.5	4.25
7.82	6.16
13.84	10.73
24.49	18.98
48.08	35.32
93.44	69.08
182.11	137.76
356.96	266.35
693.1	513.34
1029.49	762.1
1369.45	1012.43
1708.3	1254.63
2030.81	1498.52
2363.79	1734.29
2681.33	1966.86
3012.27	2210.66
0.5	0.65
0.8	0.76
0.87	1.17
1.11	0.74
1.32	1.17
1.91	1.58
1.41	1.75
2.31	2.24
2.66	3.09
4.15	3.76
8.48	7.92
8.11	13.7
20.83	25.36
34.48	46.09
51.97	92.78
99.35	181.06
191.46	354.26
382.7	707.2
730.77	1371.71
1086.22	2040.38
1434.27	2693.28
1778.1	3351.89
2121.14	3996.18
2471.0	4659.69
2810.7	5307.52
3157.68	5959.1
0.49	0.58
0.77	0.76
1.03	1.08
1.15	1.15
1.23	1.35
1.22	1.37
1.52	1.64
1.68	1.67
2.21	2.36
2.98	2.77
5.17	3.8
7.66	6.22
14.39	10.23
25.92	18.25
50.38	34.16
93.58	65.63
174.26	126.76
371.03	250.19
666.18	482.69
997.92	709.41
1321.13	946.94
1634.29	1172.49
1941.82	1405.18
2294.08	1636.5
2607.4	1863.68
2897.83	2102.38
0.55	0.66
0.94	0.73
1.44	1.05
1.69	1.01
1.07	0.96
1.37	1.53
1.47	1.35
1.95	2.6
3.2	2.47
5.46	3.96
7.76	7.57
13.07	12.66
22.21	24.58
37.59	47.33
52.67	91.5
101.45	179.87
201.48	357.53
402.45	710.19
766.19	1378.22
1124.4	2032.46
1496.03	2700.55
1834.86	3350.97
2178.11	3996.45
2512.48	4609.09
2826.63	5246.21
3136.0	5823.03
0.58	0.75
0.79	0.67
1.02	0.97
1.15	1.18
1.32	1.37
1.5	1.47
1.51	1.65
1.67	1.79
2.83	2.79
4.0	3.92
6.38	7.23
7.78	12.63
14.04	23.45
24.81	45.2
49.77	86.91
94.33	172.71
184.77	341.81
358.34	676.99
690.18	1309.16
1013.92	1934.98
1339.9	2583.45
1666.58	3190.13
1991.29	3818.25
2456.56	4488.69
2799.63	5273.74
3148.61	5929.71
0.72	0.59
0.83	0.71
0.97	1.16
1.21	1.4
1.44	1.37
1.47	1.42
1.35	1.58
2.31	1.78
1.92	2.3
3.09	3.17
4.39	3.85
7.36	6.64
13.23	10.83
24.68	19.18
47.9	37.86
94.4	70.27
180.81	135.67
359.61	266.24
698.88	517.8
1039.56	767.55
1378.21	1017.29
1759.45	1270.82
2087.83	1553.88
2427.42	1812.55
2783.97	2065.87
3145.96	2326.57
0.48	0.55
0.68	0.66
0.94	0.81
0.99	1.17
1.44	1.37
1.13	1.08
1.69	1.77
2.08	1.71
2.85	2.48
3.99	3.84
5.74	6.81
7.51	11.53
16.55	21.01
24.84	40.67
46.0	80.09
85.42	156.15
166.31	311.72
327.14	615.39
627.62	1199.09
931.66	1779.44
1213.88	2359.93
1518.18	2935.44
1819.96	3508.34
2122.02	4093.5
2411.24	4678.78
2705.15	5242.12
0.52	0.61
0.77	0.73
1.07	0.96
1.24	1.18
1.37	1.32
1.46	1.26
1.51	1.41
1.93	1.79
2.4	1.99
3.38	3.0
5.02	3.81
7.06	6.01
12.78	10.14
26.36	17.75
50.43	34.25
96.3	63.54
181.2	127.79
345.19	249.53
708.34	477.41
986.36	713.18
1311.97	942.9
1631.65	1172.84
1944.11	1408.51
2299.53	1634.54
2602.79	1892.68
2907.97	2091.8
0.59	0.74
0.95	0.85
1.03	0.99
1.61	1.41
1.53	1.73
1.47	1.38
1.77	2.23
2.05	2.3
3.33	2.78
4.52	4.9
8.32	7.77
10.47	14.85
20.16	28.71
39.45	54.6
62.15	105.83
121.5	211.96
235.66	419.84
465.42	833.17
903.25	1621.97
1338.24	2401.92
1770.78	3168.76
2205.77	3942.3
2635.71	4726.57
3060.98	5521.84
3490.0	6282.12
3923.6	7038.65
0.63	0.62
0.84	0.78
0.93	0.78
1.27	1.34
1.6	1.06
1.65	1.35
1.64	1.62
1.75	1.53
1.79	1.89
2.27	2.75
3.18	2.93
5.48	4.18
8.66	6.78
15.77	10.07
30.88	18.75
59.05	35.77
112.71	64.72
223.69	127.75
439.21	244.07
649.38	362.25
855.13	479.6
1063.87	596.96
1280.45	712.72
1499.72	825.56
1699.57	944.76
1895.48	1062.74
0.5	0.6
0.72	0.79
0.91	1.05
1.2	1.16
1.41	1.29
1.24	1.47
1.6	1.57
2.06	1.99
3.05	2.73
4.35	4.15
6.34	7.09
9.95	13.16
16.85	24.65
32.82	47.77
58.37	93.67
111.97	185.71
209.91	366.85
411.49	730.54
781.08	1413.53
1145.69	2099.57
1538.96	2780.18
1913.23	3462.13
2262.19	4147.82
2642.44	4826.02
2978.7	5510.61
3361.04	6196.11
0.5	0.57
0.7	0.74
0.98	0.88
1.3	0.94
1.1	1.15
1.11	1.3
1.27	1.58
1.62	1.61
2.02	1.53
2.71	2.04
3.82	2.72
5.99	3.87
10.77	6.3
17.99	10.09
38.52	19.72
65.53	35.48
140.27	66.42
224.68	127.74
468.74	242.84
664.34	358.65
883.14	476.65
1092.8	598.77
1261.12	708.9
1491.55	830.2
1698.86	972.72
1935.52	1052.95
0.38	0.45
0.53	0.52
0.84	0.9
1.53	1.43
2.64	2.69
2.18	5.35
3.02	9.93
3.43	19.37
4.69	36.86
5.69	70.61
11.25	134.22
17.97	238.48
32.55	399.46
64.78	609.99
120.03	758.36
216.43	867.22
372.09	1022.22
632.06	1308.84
863.75	1553.94
1117.59	1777.81
1355.26	2011.96
1582.43	2225.85
1839.56	2435.43
2031.71	2634.57
2258.71	2840.92
0.44	0.48
0.61	0.52
0.75	0.92
1.53	1.49
2.38	2.7
2.57	5.02
3.58	9.84
6.12	20.14
8.5	38.58
15.13	76.13
28.03	149.19
52.2	291.59
100.16	550.73
186.17	1007.8
325.85	1751.35
535.59	2541.91
796.49	2959.02
1206.75	3549.16
1598.01	4051.04
1972.59	4550.54
2335.45	4971.14
2701.81	5438.16
3060.31	5836.08
3409.13	6233.6
3748.91	6575.32
0.36	0.41
0.52	0.5
0.76	0.77
1.33	1.34
1.74	2.5
2.21	4.63
2.7	8.89
3.17	17.19
3.85	33.4
5.97	62.8
8.94	118.92
16.53	211.93
28.38	360.23
53.52	554.88
99.92	690.15
177.41	809.75
308.56	963.9
540.41	1211.52
768.66	1472.01
1005.26	1716.96
1219.62	1939.5
1453.47	2171.49
1667.74	2362.06
1903.17	2568.11
2111.42	2766.58
0.41	0.43
0.54	0.57
0.82	0.91
1.3	1.39
2.08	2.66
2.77	4.82
3.57	9.98
6.48	19.94
8.15	39.41
15.04	75.83
29.32	149.71
52.15	291.73
98.26	549.55
180.24	1010.32
311.83	1741.92
514.39	2493.52
743.78	2941.46
1135.67	3543.67
1512.28	4034.86
1880.93	4473.13
2228.09	4976.9
2582.49	5370.95
2915.42	5812.27
3227.55	6190.67
3545.22	6507.68
0.39	0.46
0.58	0.59
0.83	0.81
1.42	1.5
2.42	2.67
2.84	5.23
3.23	9.98
6.21	19.88
8.77	39.34
16.33	76.91
29.1	151.01
53.58	293.2
100.87	556.82
186.78	1021.85
339.81	1764.03
555.66	2615.61
819.79	3075.6
1211.12	3550.02
1593.62	4042.74
1963.21	4526.08
2323.05	4893.58
2756.78	5282.66
3130.02	5811.14
3483.09	6159.14
3829.49	6491.61
0.39	0.51
0.53	0.58
0.94	1.01
1.48	1.48
2.59	3.01
2.21	5.37
3.4	10.29
3.69	20.68
5.5	39.26
7.09	77.3
11.76	141.01
18.88	258.96
35.42	425.05
68.55	658.8
125.97	823.06
227.15	947.24
384.36	1136.6
640.43	1439.35
879.33	1700.25
1117.73	1949.28
1348.66	2206.11
1582.3	2439.03
1818.42	2659.88
2041.4	2894.53
2301.83	3112.66
0.39	0.45
0.49	0.47
0.69	0.71
1.06	1.21
2.14	2.3
2.6	4.27
3.0	8.51
4.35	16.57
7.6	32.41
11.72	63.13
20.49	123.54
38.64	240.34
70.93	464.97
131.07	833.24
232.24	1471.76
392.0	2197.02
608.92	2595.71
945.98	3027.45
1290.72	3473.74
1629.77	3875.81
1972.16	4285.32
2328.26	4632.31
2639.83	4940.07
2972.02	5270.72
3279.49	5588.77
0.4	0.45
0.51	0.57
0.84	0.91
1.36	1.41
2.22	2.58
2.25	4.9
3.53	9.17
3.11	18.29
4.88	35.53
6.45	68.1
10.92	128.52
17.09	228.69
32.16	381.24
60.32	589.93
108.4	763.51
189.76	865.51
325.59	1046.79
566.83	1326.68
798.66	1584.15
1025.07	1842.12
1256.36	2069.09
1484.68	2351.36
1717.78	2596.05
1926.56	2824.61
2135.21	3027.39
0.43	0.47
0.51	0.55
0.82	0.81
1.47	1.48
2.11	2.64
1.9	5.01
1.96	9.58
3.9	18.7
3.37	36.14
6.52	69.1
10.37	130.93
17.83	231.58
33.88	380.84
62.32	597.96
118.05	771.6
216.72	870.61
373.92	1051.78
624.04	1318.65
870.23	1597.55
1106.62	1863.99
1337.34	2087.02
1564.88	2351.85
1796.7	2573.54
2039.91	2795.06
2256.54	3003.97
0.36	0.48
0.5	0.49
0.89	0.83
1.49	1.45
2.56	2.6
1.74	4.84
2.76	9.55
4.8	18.69
7.96	36.97
15.6	73.45
27.33	144.56
51.42	279.77
95.74	529.2
176.74	987.85
315.87	1682.5
533.39	2486.69
778.34	2925.97
1179.78	3409.93
1561.36	3899.21
1928.13	4310.31
2289.11	4706.0
2677.31	5049.61
3019.31	5440.49
3371.64	5757.51
3709.08	6097.6
0.39	0.39
0.51	0.52
0.77	0.73
1.34	1.37
2.27	2.43
2.4	4.62
3.17	8.79
3.32	17.13
4.7	32.77
5.94	63.89
9.03	116.93
15.84	211.29
29.11	353.98
52.53	539.79
99.19	703.34
178.14	804.06
309.27	996.75
541.69	1253.63
774.19	1507.73
1001.05	1788.69
1225.84	2022.48
1443.59	2255.72
1662.84	2496.19
1887.74	2700.87
2101.78	2908.7
0.38	0.44
0.48	0.51
0.72	0.76
1.08	1.31
2.16	2.31
2.87	4.35
3.14	8.78
4.77	17.24
6.91	34.27
12.46	67.81
22.03	132.43
42.86	253.37
78.11	496.37
145.61	891.21
257.71	1554.79
427.86	2255.09
650.86	2658.16
1003.92	3181.25
1355.95	3644.78
1690.31	3994.31
2050.04	4368.1
2384.95	4744.63
2712.77	5145.39
3089.8	5416.09
3390.11	5765.05
0.4	0.51
0.57	0.5
0.78	0.83
1.21	1.34
2.34	2.5
2.66	5.08
4.1	9.56
4.86	18.77
9.34	36.04
15.6	75.64
29.14	147.93
53.43	289.0
100.79	545.36
185.06	997.66
329.51	1737.08
549.25	2622.45
816.09	3016.62
1235.23	3618.02
1620.33	4130.61
2044.48	4609.36
2425.47	5237.35
2797.47	5684.49
3177.39	6141.04
3541.09	6543.42
3886.95	6882.17
0.44	0.51
0.54	0.56
0.95	0.76
1.22	1.52
1.72	2.89
3.43	5.23
3.11	10.61
3.91	20.12
3.78	39.41
6.82	75.79
10.59	142.12
19.91	258.37
35.26	423.63
66.14	633.94
127.31	819.6
222.06	928.25
382.21	1089.92
634.22	1383.54
880.31	1641.6
1123.72	1862.78
1362.03	2108.75
1590.09	2321.72
1827.35	2525.85
2053.95	2763.53
2248.91	2936.45
0.34	0.42
0.5	0.48
0.74	0.73
1.13	1.23
1.48	2.32
2.91	4.38
3.37	8.16
3.46	16.54
7.16	32.25
11.1	63.16
19.83	124.92
37.79	242.23
71.11	457.81
130.61	854.93
232.2	1496.56
392.9	2182.26
609.27	2588.98
973.51	3111.99
1313.27	3557.09
1668.53	3969.38
1995.82	4427.72
2330.47	4787.36
2682.16	5227.94
2993.14	5608.46
3314.69	5978.48
0.36	0.44
0.5	0.5
0.83	0.79
1.31	1.31
2.33	2.38
3.32	4.5
2.62	8.76
3.48	16.77
4.57	33.05
6.27	63.93
8.93	117.95
15.34	213.24
28.3	360.17
51.24	545.91
95.25	700.92
174.67	805.47
309.34	960.91
537.73	1226.0
771.74	1492.6
993.77	1731.1
1223.06	1954.36
1457.55	2162.5
1675.83	2400.07
1909.17	2567.25
2137.44	2799.21
0.29	0.29
0.35	0.32
0.28	0.31
0.25	0.34
0.34	0.33
0.38	0.37
0.43	0.45
0.46	0.41
0.41	0.48
0.56	0.61
0.62	0.63
0.85	0.86
1.15	1.08
1.97	1.7
2.85	2.53
5.0	4.67
7.81	7.83
14.75	14.36
28.69	25.0
56.09	46.16
106.66	89.4
199.91	170.77
294.42	256.41
393.28	334.99
483.48	417.79
590.38	494.22
687.26	576.03
773.73	653.63
881.32	736.87
0.31	0.32
0.3	0.32
0.32	0.28
0.3	0.33
0.33	0.35
0.36	0.36
0.4	0.39
0.39	0.39
0.5	0.48
0.68	0.7
0.9	1.06
1.37	1.7
2.52	3.27
5.93	6.56
9.45	12.85
19.88	26.54
40.34	53.9
66.23	107.68
185.19	216.44
312.79	427.13
621.29	843.79
1030.71	1661.41
1565.02	2477.27
1991.56	3225.59
2620.7	3959.83
2899.91	4702.58
3601.84	5527.09
4104.43	6332.42
4423.99	7135.84
0.26	0.24
0.27	0.25
0.27	0.26
0.28	0.27
0.28	0.3
0.3	0.25
0.31	0.31
0.41	0.33
0.42	0.37
0.57	0.46
0.63	0.63
0.87	0.78
1.23	1.01
1.97	1.65
3.37	2.48
5.65	4.68
7.93	7.41
16.34	14.29
34.29	24.22
49.97	46.82
99.93	90.29
240.46	171.8
323.09	251.72
383.09	333.14
456.4	417.08
584.55	497.32
662.37	578.01
784.46	654.41
825.68	734.95
0.32	0.32
0.28	0.29
0.32	0.32
0.3	0.34
0.31	0.3
0.36	0.31
0.31	0.38
0.43	0.41
0.52	0.52
0.79	0.69
0.85	1.07
1.86	1.69
2.7	3.31
4.72	6.36
11.48	13.14
21.1	26.17
50.95	54.44
84.33	108.24
237.22	215.32
274.04	425.65
541.96	849.64
1069.45	1661.27
1576.47	2480.28
2181.43	3225.68
3160.1	3967.61
3045.61	4710.45
3512.32	5519.08
4004.86	6325.78
4528.21	7153.38
0.3	0.34
0.3	0.21
0.3	0.33
0.25	0.29
0.29	0.32
0.34	0.35
0.39	0.41
0.35	0.42
0.49	0.44
0.54	0.56
0.66	0.87
1.16	1.06
1.88	1.49
2.81	2.53
4.34	4.46
8.39	7.88
17.08	15.57
32.14	30.25
62.6	58.95
120.06	116.98
242.13	229.15
473.89	447.03
703.86	659.27
933.18	872.34
1162.53	1093.87
1389.75	1304.16
1619.83	1519.61
1849.03	1728.58
2089.96	1944.77
0.27	0.37
0.21	0.25
0.31	0.28
0.34	0.27
0.35	0.31
0.4	0.28
0.35	0.37
0.42	0.44
0.54	0.68
0.78	0.66
1.14	1.18
1.71	1.79
2.53	2.45
3.83	5.94
8.85	11.15
13.15	20.64
36.61	43.73
51.16	87.42
145.73	173.88
291.97	344.76
491.02	688.94
794.75	1333.56
1242.27	1958.82
1526.77	2590.49
1878.0	3222.71
2337.18	3823.0
2592.6	4439.99
3059.88	5054.98
3498.25	5665.87
0.25	0.26
0.3	0.26
0.23	0.24
0.25	0.26
0.26	0.24
0.28	0.27
0.26	0.32
0.37	0.35
0.39	0.39
0.6	0.5
0.63	0.57
1.12	0.95
1.62	1.39
2.87	2.42
4.61	4.17
8.9	8.2
16.48	14.94
31.45	28.76
66.34	55.25
136.45	107.26
238.11	211.03
438.91	407.8
632.52	608.43
858.87	804.3
1051.63	998.01
1288.89	1199.4
1532.93	1392.63
1675.7	1589.6
1914.65	1789.12
0.27	0.3
0.27	0.23
0.27	0.31
0.32	0.29
0.28	0.27
0.36	0.27
0.35	0.32
0.36	0.45
0.57	0.43
0.75	0.74
0.88	1.07
1.76	1.49
2.03	2.72
5.84	4.93
7.02	10.56
17.46	21.5
27.4	42.89
70.25	87.31
107.68	172.83
216.38	342.2
428.03	681.39
821.75	1329.17
1412.61	1954.9
1631.95	2578.1
2047.87	3193.4
2366.26	3791.89
2638.19	4370.58
3082.62	4949.92
3551.85	5505.88
0.27	0.36
0.27	0.31
0.26	0.27
0.3	0.34
0.27	0.32
0.32	0.32
0.33	0.27
0.38	0.38
0.46	0.53
0.64	0.66
0.92	1.07
1.41	1.49
1.93	2.79
3.66	5.27
7.92	10.91
12.05	21.6
37.75	44.66
50.26	86.25
99.13	169.73
197.25	337.64
480.67	672.55
772.97	1316.1
1174.48	1941.73
1502.91	2579.38
2078.35	3213.85
2324.76	3839.7
2633.16	4469.53
3020.23	5101.43
3378.96	5721.18
0.27	0.33
0.27	0.24
0.29	0.31
0.33	0.33
0.33	0.29
0.29	0.29
0.34	0.36
0.44	0.36
0.47	0.31
0.55	0.46
0.68	0.66
1.14	1.06
1.57	1.69
2.59	2.63
4.78	4.2
8.54	8.44
16.51	15.37
31.58	30.23
63.2	58.82
122.2	114.03
240.38	227.52
460.63	439.46
689.05	656.85
918.52	865.09
1151.97	1069.68
1354.44	1270.92
1575.58	1476.08
1797.38	1688.53
2020.59	1887.03
0.24	0.28
0.23	0.24
0.27	0.24
0.23	0.23
0.3	0.25
0.28	0.29
0.32	0.31
0.34	0.33
0.5	0.4
0.57	0.62
0.97	0.93
1.05	1.59
2.04	2.56
2.86	5.15
5.42	8.7
10.92	17.71
23.47	37.64
46.72	76.31
140.63	149.41
228.25	298.69
467.42	591.38
694.84	1152.07
1090.55	1714.9
1506.82	2272.11
1650.85	2828.0
2205.74	3390.4
2299.1	3955.92
2679.16	4506.95
3088.74	5057.66
0.25	0.33
0.27	0.28
0.29	0.25
0.32	0.25
0.22	0.3
0.32	0.32
0.31	0.36
0.42	0.38
0.39	0.42
0.55	0.47
0.8	0.6
1.13	1.08
1.63	1.52
2.86	2.73
4.25	4.46
9.26	8.86
18.53	15.64
36.73	29.33
64.54	56.93
131.38	110.05
247.1	220.18
490.91	431.03
705.62	650.48
906.73	839.18
1154.82	1044.56
1324.49	1246.98
1518.75	1445.74
1782.26	1649.26
2079.28	1849.14
0.32	0.27
0.24	0.32
0.26	0.24
0.27	0.25
0.33	0.3
0.27	0.3
0.43	0.29
0.33	0.38
0.42	0.48
0.6	0.71
1.14	0.98
1.12	1.96
2.31	2.76
4.86	5.89
9.42	11.76
14.78	24.89
36.91	50.79
60.73	99.64
144.15	198.02
288.34	395.68
577.13	787.31
939.54	1534.68
1669.79	2269.39
1849.06	3008.48
2757.25	3748.16
2754.46	4481.38
3394.34	5219.91
4217.69	5962.59
4145.52	6718.55
0.24	0.3
0.25	0.27
0.25	0.24
0.31	0.31
0.28	0.27
0.34	0.39
0.4	0.41
0.38	0.33
0.46	0.46
0.52	0.57
0.68	0.6
0.84	0.75
1.05	1.03
1.83	1.62
2.72	2.48
4.95	4.44
8.41	7.92
15.49	13.6
28.29	25.99
53.15	46.76
106.3	89.05
196.93	169.59
290.83	251.39
397.35	331.52
490.71	417.21
556.5	496.12
682.56	571.27
777.96	653.08
862.94	733.97
0.23	0.23
0.25	0.24
0.24	0.25
0.27	0.25
0.24	0.22
0.26	0.26
0.29	0.27
0.33	0.32
0.45	0.4
0.57	0.6
1.01	0.97
1.07	1.56
2.23	2.47
5.94	4.95
8.88	10.22
21.24	21.41
34.44	44.21
59.3	87.02
140.71	181.18
228.86	361.91
548.43	720.24
890.12	1401.68
1665.63	2072.23
1730.45	2744.54
2153.08	3423.94
2550.77	4091.8
3074.57	4764.24
3587.36	5437.77
3840.93	6111.8
0.26	0.31
0.26	0.3
0.28	0.28
0.22	0.32
0.32	0.31
0.33	0.33
0.34	0.33
0.36	0.36
0.42	0.41
0.58	0.57
0.66	0.54
0.98	0.82
1.14	1.04
2.03	1.68
2.76	2.41
6.48	4.3
9.02	7.5
17.39	13.46
32.49	24.78
54.07	45.85
121.77	88.24
225.51	177.62
323.49	255.04
470.74	334.9
534.51	411.88
588.66	489.86
672.75	573.57
787.27	652.33
862.5	733.42
0.33	0.33
0.32	0.33
0.48	0.49
0.64	0.62
1.08	1.1
1.94	2.09
2.64	3.77
4.7	7.17
3.4	14.21
6.8	28.02
9.19	53.42
13.71	99.78
23.03	186.47
41.44	308.13
70.37	469.09
104.55	605.3
144.29	663.85
200.42	742.4
307.17	885.85
510.71	1202.28
728.78	1520.84
945.3	1805.08
1162.19	2128.97
1388.44	2492.49
1576.63	2739.1
1782.23	2921.14
1970.53	3086.0
0.27	0.37
0.33	0.32
0.45	0.44
0.62	0.63
1.05	1.09
1.33	1.93
2.05	3.69
3.34	7.12
4.65	13.97
5.54	27.88
9.56	52.95
15.14	101.46
24.73	187.4
47.74	328.56
79.47	536.25
126.95	723.16
185.95	857.23
278.21	1004.76
471.31	1386.38
844.49	2045.06
1219.23	2702.61
1557.31	3469.11
1929.64	4151.81
2282.43	4875.11
2660.89	5470.98
2970.6	6006.65
3289.48	6450.99
0.25	0.29
0.31	0.28
0.39	0.39
0.56	0.62
0.89	1.0
1.77	1.7
2.32	3.28
4.61	6.32
4.05	12.37
4.0	24.38
7.42	46.45
12.64	89.51
18.53	157.51
33.78	274.01
52.61	430.25
84.64	524.01
113.45	595.82
171.42	673.32
270.39	827.92
473.06	1101.98
652.96	1389.09
859.21	1676.43
1076.67	1968.85
1264.66	2256.78
1450.15	2499.81
1651.93	2723.32
1840.87	2895.52
0.27	0.34
0.3	0.3
0.42	0.38
0.62	0.59
0.99	1.01
1.68	1.77
2.81	3.33
2.55	6.24
4.07	12.27
4.75	24.23
8.85	46.22
12.32	88.36
22.02	164.81
36.81	286.85
63.5	468.83
104.1	640.72
153.3	773.29
239.4	921.19
417.57	1256.43
751.97	1842.24
1089.25	2483.07
1417.36	3136.48
1729.17	3772.06
2054.26	4416.22
2372.63	4951.7
2677.96	5502.03
2965.33	5892.99
0.27	0.4
0.38	0.29
0.45	0.49
0.71	0.7
1.16	1.23
2.12	2.09
4.08	3.96
5.11	8.07
5.48	15.18
6.04	29.77
11.48	59.53
16.9	111.15
27.31	204.04
49.05	358.81
81.17	554.18
132.29	789.87
188.43	874.17
268.45	1025.93
442.54	1328.2
771.38	1785.01
1101.33	2237.17
1447.59	2763.55
1791.79	3298.08
2128.77	3777.5
2437.28	4140.46
2759.71	4440.73
3069.93	4783.75
0.27	0.35
0.36	0.32
0.47	0.47
0.64	0.69
1.1	1.21
2.09	2.2
3.73	4.1
4.85	7.73
5.21	16.14
7.43	31.25
9.12	58.99
16.78	112.05
26.44	202.39
43.06	333.95
71.73	518.99
110.83	676.8
150.89	770.53
212.21	904.58
326.82	1156.91
554.89	1619.74
787.07	2137.59
1000.84	2620.89
1226.97	3180.9
1445.78	3635.57
1635.72	4116.12
1852.78	4460.33
2024.22	4733.15
0.25	0.32
0.29	0.32
0.38	0.38
0.57	0.57
0.95	0.98
1.41	1.67
2.44	3.27
4.02	6.31
3.47	12.14
4.3	23.3
7.92	44.71
11.79	87.0
21.69	156.93
36.15	260.89
61.37	436.45
93.58	617.09
138.53	682.56
220.16	830.07
384.25	1038.5
679.99	1467.85
970.99	1923.98
1277.96	2300.21
1570.0	2756.74
1860.0	3214.42
2162.39	3573.85
2441.26	3862.79
2733.38	4117.11
0.27	0.32
0.31	0.33
0.46	0.49
0.66	0.62
1.17	1.13
2.16	2.06
2.53	4.18
5.37	7.82
4.65	14.87
5.58	29.45
9.3	57.16
14.28	105.22
24.14	187.62
40.43	321.22
68.59	504.47
103.77	656.9
140.48	732.97
198.45	851.83
306.9	1111.35
524.28	1564.67
750.78	2082.18
948.28	2539.73
1151.82	3098.4
1336.97	3541.14
1520.48	3998.02
1700.64	4328.36
1843.47	4630.25
0.26	0.37
0.4	0.36
0.46	0.45
0.67	0.62
1.09	1.17
1.97	2.0
3.08	3.62
2.64	7.04
3.81	13.87
5.67	26.5
9.12	52.4
13.95	99.94
24.83	183.72
42.96	298.55
67.09	469.19
103.84	606.95
147.61	696.61
201.87	814.86
311.72	1044.18
531.46	1491.01
757.84	1994.24
984.47	2433.81
1195.3	2870.38
1423.15	3336.86
1632.75	3742.1
1869.03	4107.15
2014.77	4394.92
0.27	0.37
0.32	0.34
0.43	0.45
0.67	0.69
1.05	1.12
1.82	1.97
2.86	3.69
4.02	7.18
5.34	13.76
7.03	26.67
9.56	51.78
15.61	99.6
24.8	184.03
44.68	314.06
79.36	504.88
122.58	703.81
175.09	780.42
261.24	897.93
433.87	1151.38
765.65	1607.77
1097.17	2118.75
1423.01	2579.03
1782.98	3053.38
2102.53	3511.15
2447.43	3901.36
2750.69	4208.95
3056.29	4524.13
0.25	0.28
0.28	0.3
0.43	0.42
0.56	0.59
0.95	1.0
1.51	1.69
2.96	3.27
3.17	6.38
5.16	12.0
4.91	23.68
6.47	46.14
10.85	86.43
18.4	159.22
31.58	265.46
52.56	410.48
83.22	515.55
115.99	629.38
170.83	707.55
268.98	933.75
479.4	1351.17
677.33	1812.69
880.29	2220.49
1067.6	2668.38
1281.85	3073.87
1440.21	3475.76
1638.85	3762.31
1813.15	4019.58
0.25	0.3
0.3	0.3
0.44	0.39
0.58	0.59
0.79	1.01
1.33	1.7
2.92	3.17
3.34	6.2
3.41	12.03
4.96	23.58
7.31	45.58
12.57	85.04
21.32	155.64
36.19	275.19
61.63	445.51
96.23	607.9
142.97	695.93
220.73	814.61
371.82	1044.75
677.09	1492.26
959.29	1899.25
1287.05	2328.84
1571.23	2787.28
1880.66	3179.3
2180.34	3601.76
2426.86	3904.3
2752.33	4111.49
0.27	0.27
0.37	0.3
0.42	0.46
0.65	0.67
1.17	1.07
1.98	1.89
2.44	3.85
3.02	7.34
5.9	14.2
6.24	27.24
10.12	54.62
15.59	103.32
27.25	187.55
47.71	320.86
82.24	523.63
126.37	726.2
181.77	856.13
273.84	998.11
448.19	1345.08
795.34	1967.99
1136.69	2584.29
1490.6	3207.64
1827.2	3828.64
2165.95	4460.47
2520.58	5004.94
2837.82	5497.45
3150.91	5935.14
0.28	0.34
0.36	0.32
0.52	0.45
0.67	0.64
1.1	1.08
1.57	2.19
3.48	3.83
4.81	6.99
4.82	14.35
5.93	28.21
9.24	54.24
14.56	101.92
25.03	182.1
43.46	311.03
70.35	480.4
109.52	605.38
148.78	677.26
204.43	746.36
312.9	922.89
515.2	1238.12
728.91	1499.81
940.72	1792.23
1152.11	2134.31
1380.57	2425.88
1567.36	2656.13
1808.05	2866.05
1977.28	2994.3
0.23	0.28
0.31	0.32
0.39	0.4
0.6	0.62
0.94	0.93
1.56	1.69
2.25	3.24
3.87	6.12
4.5	12.01
4.34	23.53
7.39	45.78
12.04	87.48
21.04	163.67
36.5	275.26
60.71	455.38
97.86	634.45
141.23	728.82
220.6	880.01
382.21	1162.52
692.86	1715.5
996.3	2261.6
1291.82	2822.58
1590.86	3395.2
1887.92	3984.79
2200.11	4458.59
2466.14	4892.37
2716.05	5292.8
0.27	0.31
0.41	0.31
0.43	0.36
0.6	0.65
1.2	1.09
1.84	2.03
2.51	3.7
3.07	7.18
4.39	13.38
5.06	26.88
8.5	51.66
13.8	96.69
23.14	179.56
37.42	300.84
63.96	454.32
96.78	570.97
130.29	637.6
181.83	723.15
286.97	868.96
472.39	1210.68
676.68	1490.59
886.28	1786.98
1081.91	2119.2
1293.77	2440.71
1503.36	2635.77
1686.89	2855.88
1859.72	2987.14
0.42	0.45
0.57	0.68
1.04	1.13
1.98	1.96
3.1	3.34
5.6	6.02
9.83	11.86
10.03	23.87
16.87	46.07
20.31	93.04
26.96	179.19
44.5	344.54
79.14	649.08
143.03	1194.42
273.27	2030.53
500.59	3036.65
868.67	3626.32
1338.24	3929.57
1779.25	4421.59
2479.63	5238.28
3130.06	5933.83
3774.1	6551.19
4399.04	7211.48
5005.71	7766.05
5632.88	8307.07
6200.85	8840.66
6677.73	9334.14
0.36	0.44
0.64	0.59
1.06	0.97
1.6	1.66
2.99	3.36
4.52	6.51
6.88	12.8
9.23	25.4
16.39	49.29
20.81	97.49
41.4	194.08
76.73	382.23
130.35	745.49
248.21	1434.95
465.1	2679.81
834.91	4816.22
1436.49	8000.33
2149.56	10640.36
2722.31	11575.94
3658.01	13155.16
4436.82	14350.59
5217.11	15552.03
6025.96	16593.61
6860.23	17680.7
7662.1	18594.24
8402.48	19513.69
9109.64	20206.39
0.36	0.43
0.6	0.54
0.87	0.87
1.41	1.38
2.71	2.66
4.17	5.17
9.84	10.24
9.84	19.42
8.47	38.55
15.32	77.36
21.08	145.28
31.8	284.84
56.95	528.69
115.33	967.35
214.93	1681.09
388.65	2520.45
672.32	2994.81
1038.72	3376.14
1413.87	3810.08
2016.81	4589.86
2636.13	5255.02
3208.87	5878.36
3808.42	6518.48
4426.85	7079.46
5009.03	7659.35
5550.9	8177.07
6069.06	8659.76
0.36	0.45
0.56	0.62
1.0	1.04
1.67	1.82
3.12	3.29
6.43	6.34
9.83	12.6
12.03	24.31
16.27	47.12
25.29	93.49
34.25	182.79
72.32	361.7
126.25	709.45
239.21	1364.46
444.21	2560.38
788.73	4560.07
1338.89	7583.27
1973.78	9973.64
2543.8	10924.32
3396.83	12684.06
4155.96	13930.8
4891.6	15030.0
5633.9	16114.58
6377.73	17089.24
7192.0	17939.9
7888.8	19130.96
8539.13	19970.98
0.32	0.42
0.48	0.55
0.74	0.79
1.61	1.4
2.09	2.52
4.52	4.93
8.14	9.76
9.68	19.0
10.51	38.19
18.44	74.37
30.13	145.83
51.82	287.67
88.9	561.75
171.09	1075.49
319.35	2027.23
568.76	3626.08
949.86	5931.26
1445.88	7866.19
1916.26	8735.9
2651.21	10001.44
3382.82	11043.97
4074.88	12072.88
4794.51	13044.45
5511.08	13855.4
6259.49	14617.08
6912.86	15454.33
7529.38	16041.74
0.42	0.51
0.65	0.6
0.81	0.91
1.89	1.85
3.21	3.29
5.85	6.07
5.15	11.65
8.67	22.92
11.09	46.38
19.19	88.4
21.55	176.52
49.34	334.91
75.48	656.44
147.48	1203.29
266.66	2038.89
502.44	3151.18
866.86	3774.38
1327.56	4149.81
1709.43	4650.36
2375.61	5520.1
2949.21	6285.2
3526.58	7019.67
4083.72	7655.84
4716.76	8322.0
5301.55	8840.58
5885.87	9575.33
6405.54	10069.67
