0.6	0.6	1
0.75	0.58	1
1.13	0.92	1
0.85	1.15	1
1.7	1.25	1
1.71	1.47	1
1.65	1.37	1
1.8	1.07	1
1.76	1.72	1
2.17	2.27	1
2.53	2.86	1
4.05	4.07	1
6.18	6.32	1
10.09	11.07	1
18.88	18.64	1
34.8	35.37	1
65.22	65.76	1
131.14	126.91	1
245.61	243.23	1
496.84	361.16	1
498.73	479.37	1
601.59	593.88	1
716.76	706.73	1
830.14	857.22	1
945.45	939.43	1
1066.92	1060.92	1
0.52	0.7	1
0.71	0.83	1
1.08	1.08	1
1.26	1.56	1
1.54	1.72	1
1.6	1.75	1
1.76	1.77	1
2.25	1.86	1
2.6	3.1	1
4.48	4.38	1
8.4	7.97	1
14.44	13.78	1
23.11	27.55	1
54.5	53.37	1
90.53	104.82	1
205.33	205.4	1
412.45	411.91	1
817.69	821.25	1
1604.78	1591.88	1
2394.55	2366.97	1
3218.21	3187.19	1
4048.25	4045.48	1
4913.31	4886.43	1
5742.82	5725.29	1
6585.67	6575.98	1
7426.82	7389.08	1
0.52	0.62	1
0.72	0.73	1
0.82	0.82	1
0.88	1.27	1
1.17	1.24	1
1.45	1.09	1
1.41	1.18	1
1.95	1.55	1
1.92	1.78	1
2.01	2.24	1
2.73	2.87	1
3.86	4.13	1
6.64	6.27	1
11.38	10.13	1
19.17	19.64	1
36.23	35.2	1
66.82	64.94	1
163.31	127.51	1
249.15	245.68	1
369.76	378.43	1
484.22	479.32	1
598.42	615.39	1
721.77	705.6	1
858.81	822.82	1
949.5	938.72	1
1066.96	1072.18	1
0.56	0.73	1
0.83	0.93	1
1.23	1.24	1
1.21	1.3	1
1.34	1.43	1
1.63	1.3	1
1.77	1.59	1
2.08	2.65	1
2.81	3.32	1
4.08	4.23	1
7.63	8.04	1
14.3	14.56	1
28.46	26.5	1
54.4	52.64	1
104.81	104.33	1
206.84	208.42	1
412.12	413.43	1
819.17	816.25	1
1601.51	1592.33	1
2370.78	2370.05	1
3195.78	3191.75	1
3474.82	4045.7	1
4890.24	4883.62	1
5745.53	5751.1	1
6626.4	6577.58	1
7412.06	7383.41	1
0.57	0.72	2
0.87	0.8	2
1.23	1.36	2
1.38	1.3	2
1.49	1.62	2
1.44	1.36	2
1.53	1.81	2
1.59	2.19	2
2.34	2.22	2
3.02	3.07	2
4.46	4.25	2
6.12	6.16	2
11.18	10.73	2
19.23	18.98	2
36.09	35.32	2
68.64	69.08	2
135.92	137.76	2
299.11	266.35	2
521.24	513.34	2
765.12	762.1	2
1014.35	1012.43	2
1413.36	1254.63	2
1507.46	1498.52	2
1739.42	1734.29	2
2030.69	1966.86	2
2223.87	2210.66	2
0.51	0.65	2
0.7	0.76	2
0.92	1.17	2
1.02	0.74	2
1.15	1.17	2
1.41	1.58	2
1.81	1.75	2
2.1	2.24	2
2.47	3.09	2
4.04	3.76	2
7.5	7.92	2
12.85	13.7	2
25.29	25.36	2
40.06	46.09	2
91.87	92.78	2
181.01	181.06	2
355.76	354.26	2
708.84	707.2	2
1371.79	1371.71	2
2033.32	2040.38	2
2699.51	2693.28	2
3350.96	3351.89	2
4002.52	3996.18	2
4656.41	4659.69	2
5314.97	5307.52	2
5957.61	5959.1	2
0.53	0.58	2
0.76	0.76	2
0.87	1.08	2
1.33	1.15	2
1.14	1.35	2
1.62	1.37	2
1.49	1.64	2
1.71	1.67	2
1.98	2.36	2
2.63	2.77	2
3.9	3.8	2
6.82	6.22	2
10.05	10.23	2
18.64	18.25	2
34.34	34.16	2
65.83	65.63	2
147.61	126.76	2
252.3	250.19	2
484.2	482.69	2
716.67	709.41	2
1100.52	946.94	2
1398.53	1172.49	2
1439.33	1405.18	2
1646.26	1636.5	2
1874.72	1863.68	2
2164.63	2102.38	2
0.52	0.66	2
0.76	0.73	2
1.01	1.05	2
1.33	1.01	2
1.19	0.96	2
1.39	1.53	2
2.06	1.35	2
2.42	2.6	2
2.97	2.47	2
3.97	3.96	2
7.13	7.57	2
13.32	12.66	2
25.07	24.58	2
46.18	47.33	2
76.88	91.5	2
179.26	179.87	2
356.12	357.53	2
707.43	710.19	2
1386.47	1378.22	2
2037.75	2032.46	2
2702.97	2700.55	2
3349.21	3350.97	2
3997.27	3996.45	2
4628.46	4609.09	2
5221.98	5246.21	2
5826.62	5823.03	2
0.54	0.75	3
0.69	0.67	3
0.76	0.97	3
0.92	1.18	3
1.38	1.37	3
1.61	1.47	3
1.57	1.65	3
1.57	1.79	3
2.53	2.79	3
3.97	3.92	3
7.01	7.23	3
12.34	12.63	3
23.45	23.45	3
44.81	45.2	3
87.52	86.91	3
173.65	172.71	3
343.73	341.81	3
678.83	676.99	3
1315.23	1309.16	3
1957.58	1934.98	3
2571.54	2583.45	3
3199.83	3190.13	3
3826.6	3818.25	3
4633.12	4488.69	3
4485.43	5273.74	3
5956.57	5929.71	3
0.65	0.59	3
1.05	0.71	3
1.07	1.16	3
1.53	1.4	3
1.28	1.37	3
1.38	1.42	3
1.64	1.58	3
1.83	1.78	3
2.5	2.3	3
2.83	3.17	3
4.48	3.85	3
6.09	6.64	3
10.91	10.83	3
19.01	19.18	3
40.56	37.86	3
71.51	70.27	3
139.5	135.67	3
267.9	266.24	3
583.28	517.8	3
783.64	767.55	3
1020.79	1017.29	3
1304.53	1270.82	3
1565.13	1553.88	3
1815.34	1812.55	3
2087.0	2065.87	3
2378.13	2326.57	3
0.48	0.55	3
0.68	0.66	3
0.98	0.81	3
1.05	1.17	3
1.14	1.37	3
1.56	1.08	3
1.62	1.77	3
1.83	1.71	3
2.3	2.48	3
3.72	3.84	3
6.22	6.81	3
11.22	11.53	3
21.47	21.01	3
41.36	40.67	3
80.0	80.09	3
157.23	156.15	3
310.22	311.72	3
616.01	615.39	3
1199.86	1199.09	3
1780.42	1779.44	3
2368.14	2359.93	3
2964.85	2935.44	3
3526.22	3508.34	3
4096.28	4093.5	3
4674.74	4678.78	3
5289.89	5242.12	3
0.45	0.61	3
0.72	0.73	3
0.9	0.96	3
1.16	1.18	3
1.29	1.32	3
1.38	1.26	3
1.52	1.41	3
1.68	1.79	3
2.13	1.99	3
2.85	3.0	3
3.75	3.81	3
5.81	6.01	3
11.0	10.14	3
18.32	17.75	3
33.84	34.25	3
64.98	63.54	3
148.53	127.79	3
248.82	249.53	3
482.06	477.41	3
712.11	713.18	3
966.73	942.9	3
1199.02	1172.84	3
1408.41	1408.51	3
1640.85	1634.54	3
1890.8	1892.68	3
2100.83	2091.8	3
0.69	0.74	4
0.81	0.85	4
1.11	0.99	4
1.3	1.41	4
1.18	1.73	4
1.37	1.38	4
1.46	2.23	4
2.11	2.3	4
3.12	2.78	4
4.47	4.9	4
7.56	7.77	4
14.71	14.85	4
27.33	28.71	4
55.09	54.6	4
91.89	105.83	4
149.04	211.96	4
419.27	419.84	4
840.92	833.17	4
1376.62	1621.97	4
2401.5	2401.92	4
3177.78	3168.76	4
3949.02	3942.3	4
4723.07	4726.57	4
5536.54	5521.84	4
6268.01	6282.12	4
7051.06	7038.65	4
0.5	0.62	4
0.78	0.78	4
0.97	0.78	4
1.31	1.34	4
1.19	1.06	4
0.98	1.35	4
1.79	1.62	4
1.54	1.53	4
2.07	1.89	4
2.57	2.75	4
2.73	2.93	4
4.22	4.18	4
6.6	6.78	4
12.91	10.07	4
19.12	18.75	4
33.79	35.77	4
65.53	64.72	4
127.38	127.75	4
251.57	244.07	4
366.18	362.25	4
480.4	479.6	4
756.11	596.96	4
716.78	712.72	4
834.13	825.56	4
991.31	944.76	4
1066.42	1062.74	4
0.56	0.6	4
0.76	0.79	4
0.82	1.05	4
1.17	1.16	4
1.27	1.29	4
1.34	1.47	4
1.63	1.57	4
2.24	1.99	4
2.57	2.73	4
3.91	4.15	4
7.26	7.09	4
13.06	13.16	4
24.25	24.65	4
48.41	47.77	4
93.89	93.67	4
185.59	185.71	4
369.37	366.85	4
734.89	730.54	4
1414.61	1413.53	4
2105.98	2099.57	4
2378.29	2780.18	4
3481.18	3462.13	4
3557.14	4147.82	4
4102.1	4826.02	4
4680.3	5510.61	4
6209.74	6196.11	4
0.48	0.57	4
0.7	0.74	4
0.91	0.88	4
1.02	0.94	4
1.3	1.15	4
1.19	1.3	4
1.54	1.58	4
1.47	1.61	4
1.9	1.53	4
2.22	2.04	4
3.0	2.72	4
4.18	3.87	4
6.66	6.3	4
11.23	10.09	4
18.93	19.72	4
47.06	35.48	4
68.63	66.42	4
128.17	127.74	4
249.28	242.84	4
474.72	358.65	4
484.83	476.65	4
602.05	598.77	4
708.55	708.9	4
832.75	830.2	4
976.59	972.72	4
1066.42	1052.95	4
0.38	0.45	5
0.56	0.52	5
0.85	0.9	5
1.5	1.43	5
2.57	2.69	5
2.28	5.35	5
2.16	9.93	5
4.21	19.37	5
5.03	36.86	5
6.18	70.61	5
10.74	134.22	5
19.11	238.48	5
34.28	399.46	5
64.54	609.99	5
121.23	758.36	5
219.81	867.22	5
374.83	1022.22	5
633.06	1308.84	5
872.96	1553.94	5
1121.98	1777.81	5
1358.93	2011.96	5
1574.87	2225.85	5
1782.58	2435.43	5
1996.97	2634.57	5
2180.8	2840.92	5
0.41	0.48	5
0.55	0.52	5
0.83	0.92	5
1.4	1.49	5
1.69	2.7	5
2.16	5.02	5
3.99	9.84	5
5.26	20.14	5
8.81	38.58	5
15.15	76.13	5
28.62	149.19	5
52.53	291.59	5
100.56	550.73	5
183.42	1007.8	5
326.96	1751.35	5
541.32	2541.91	5
791.32	2959.02	5
1207.93	3549.16	5
1593.54	4051.04	5
1981.02	4550.54	5
2374.15	4971.14	5
2773.33	5438.16	5
3173.29	5836.08	5
3574.47	6233.6	5
3948.8	6575.32	5
0.38	0.41	5
0.47	0.5	5
0.85	0.77	5
1.32	1.34	5
2.05	2.5	5
2.97	4.63	5
2.91	8.89	5
3.71	17.19	5
4.49	33.4	5
6.48	62.8	5
9.15	118.92	5
17.71	211.93	5
28.97	360.23	5
54.86	554.88	5
97.84	690.15	5
176.23	809.75	5
306.34	963.9	5
543.18	1211.52	5
767.31	1472.01	5
1004.49	1716.96	5
1234.97	1939.5	5
1466.31	2171.49	5
1663.01	2362.06	5
1876.81	2568.11	5
2087.5	2766.58	5
0.4	0.43	5
0.44	0.57	5
0.83	0.91	5
1.39	1.39	5
2.14	2.66	5
3.79	4.82	5
4.17	9.98	5
5.36	19.94	5
9.24	39.41	5
15.8	75.83	5
28.34	149.71	5
51.82	291.73	5
98.48	549.55	5
181.66	1010.32	5
314.28	1741.92	5
505.3	2493.52	5
749.34	2941.46	5
1142.57	3543.67	5
1525.2	4034.86	5
1888.89	4473.13	5
2278.8	4976.9	5
2670.1	5370.95	5
3022.72	5812.27	5
3425.95	6190.67	5
3745.63	6507.68	5
0.42	0.46	6
0.52	0.59	6
0.85	0.81	6
1.56	1.5	6
2.34	2.67	6
3.0	5.23	6
3.53	9.98	6
4.43	19.88	6
8.62	39.34	6
15.19	76.91	6
28.33	151.01	6
53.71	293.2	6
99.82	556.82	6
188.11	1021.85	6
333.68	1764.03	6
557.24	2615.61	6
813.32	3075.6	6
1217.64	3550.02	6
1593.83	4042.74	6
1970.1	4526.08	6
2326.98	4893.58	6
2751.93	5282.66	6
3110.93	5811.14	6
3468.11	6159.14	6
3803.6	6491.61	6
0.42	0.51	6
0.54	0.58	6
0.87	1.01	6
1.55	1.48	6
2.81	3.01	6
3.99	5.37	6
2.64	10.29	6
3.93	20.68	6
4.06	39.26	6
7.4	77.3	6
10.39	141.01	6
18.55	258.96	6
36.82	425.05	6
66.87	658.8	6
126.02	823.06	6
223.05	947.24	6
381.53	1136.6	6
646.93	1439.35	6
884.18	1700.25	6
1112.43	1949.28	6
1334.28	2206.11	6
1574.58	2439.03	6
1792.64	2659.88	6
2036.36	2894.53	6
2278.51	3112.66	6
0.34	0.45	6
0.49	0.47	6
0.69	0.71	6
1.17	1.21	6
1.9	2.3	6
2.9	4.27	6
4.03	8.51	6
4.53	16.57	6
6.78	32.41	6
11.38	63.13	6
19.45	123.54	6
38.11	240.34	6
72.39	464.97	6
131.88	833.24	6
234.98	1471.76	6
391.21	2197.02	6
604.88	2595.71	6
947.17	3027.45	6
1288.03	3473.74	6
1648.48	3875.81	6
1966.5	4285.32	6
2308.49	4632.31	6
2643.24	4940.07	6
2964.6	5270.72	6
3279.67	5588.77	6
0.4	0.45	6
0.48	0.57	6
0.8	0.91	6
1.14	1.41	6
2.41	2.58	6
2.82	4.9	6
2.85	9.17	6
3.13	18.29	6
3.91	35.53	6
6.74	68.1	6
9.98	128.52	6
18.23	228.69	6
32.41	381.24	6
58.63	589.93	6
106.08	763.51	6
194.4	865.51	6
326.72	1046.79	6
570.39	1326.68	6
790.62	1584.15	6
1013.36	1842.12	6
1237.73	2069.09	6
1478.27	2351.36	6
1701.51	2596.05	6
1938.85	2824.61	6
2146.84	3027.39	6
0.37	0.47	7
0.5	0.55	7
0.9	0.81	7
1.45	1.48	7
2.27	2.64	7
1.42	5.01	7
2.18	9.58	7
3.86	18.7	7
4.47	36.14	7
7.56	69.1	7
11.38	130.93	7
18.27	231.58	7
33.39	380.84	7
64.38	597.96	7
119.68	771.6	7
217.1	870.61	7
375.38	1051.78	7
626.36	1318.65	7
869.16	1597.55	7
1098.09	1863.99	7
1325.86	2087.02	7
1549.11	2351.85	7
1787.03	2573.54	7
2029.58	2795.06	7
2236.48	3003.97	7
0.37	0.48	7
0.5	0.49	7
0.76	0.83	7
1.32	1.45	7
2.03	2.6	7
3.46	4.84	7
3.75	9.55	7
5.9	18.69	7
9.24	36.97	7
14.31	73.45	7
27.11	144.56	7
50.74	279.77	7
96.93	529.2	7
179.03	987.85	7
315.97	1682.5	7
527.64	2486.69	7
792.83	2925.97	7
1180.65	3409.93	7
1551.71	3899.21	7
1940.58	4310.31	7
2307.15	4706.0	7
2664.51	5049.61	7
3029.54	5440.49	7
3382.45	5757.51	7
3686.87	6097.6	7
0.36	0.39	7
0.51	0.52	7
0.8	0.73	7
1.26	1.37	7
2.42	2.43	7
3.26	4.62	7
2.13	8.79	7
3.35	17.13	7
4.1	32.77	7
6.76	63.89	7
9.23	116.93	7
15.25	211.29	7
28.06	353.98	7
52.41	539.79	7
100.56	703.34	7
175.97	804.06	7
305.35	996.75	7
543.4	1253.63	7
776.88	1507.73	7
1000.01	1788.69	7
1214.7	2022.48	7
1436.25	2255.72	7
1663.24	2496.19	7
1898.93	2700.87	7
2124.15	2908.7	7
0.34	0.44	7
0.47	0.51	7
0.75	0.76	7
1.31	1.31	7
2.27	2.31	7
2.55	4.35	7
3.06	8.78	7
4.26	17.24	7
7.23	34.27	7
12.66	67.81	7
22.75	132.43	7
42.51	253.37	7
78.48	496.37	7
145.61	891.21	7
256.04	1554.79	7
424.25	2255.09	7
644.18	2658.16	7
997.91	3181.25	7
1341.27	3644.78	7
1697.27	3994.31	7
2046.06	4368.1	7
2404.51	4744.63	7
2739.05	5145.39	7
3077.69	5416.09	7
3406.7	5765.05	7
0.44	0.51	8
0.5	0.5	8
0.86	0.83	8
1.21	1.34	8
1.72	2.5	8
3.51	5.08	8
3.6	9.56	8
4.44	18.77	8
8.9	36.04	8
15.1	75.64	8
28.11	147.93	8
52.73	289.0	8
100.16	545.36	8
185.26	997.66	8
329.53	1737.08	8
550.02	2622.45	8
815.06	3016.62	8
1229.25	3618.02	8
1622.07	4130.61	8
2056.19	4609.36	8
2471.94	5237.35	8
2855.66	5684.49	8
3311.8	6141.04	8
3699.41	6543.42	8
4149.53	6882.17	8
0.39	0.51	8
0.64	0.56	8
0.89	0.76	8
1.5	1.52	8
2.8	2.89	8
3.63	5.23	8
3.29	10.61	8
4.09	20.12	8
4.7	39.41	8
7.71	75.79	8
11.57	142.12	8
19.39	258.37	8
35.94	423.63	8
67.18	633.94	8
124.03	819.6	8
226.83	928.25	8
384.55	1089.92	8
633.92	1383.54	8
883.98	1641.6	8
1120.92	1862.78	8
1358.33	2108.75	8
1577.34	2321.72	8
1798.78	2525.85	8
1990.47	2763.53	8
2194.66	2936.45	8
0.38	0.42	8
0.45	0.48	8
0.68	0.73	8
1.27	1.23	8
2.25	2.32	8
2.3	4.38	8
3.32	8.16	8
4.19	16.54	8
6.98	32.25	8
11.71	63.16	8
19.82	124.92	8
37.89	242.23	8
70.43	457.81	8
132.65	854.93	8
232.92	1496.56	8
394.8	2182.26	8
602.69	2588.98	8
968.54	3111.99	8
1314.41	3557.09	8
1681.21	3969.38	8
2025.14	4427.72	8
2364.46	4787.36	8
2750.92	5227.94	8
3114.06	5608.46	8
3526.92	5978.48	8
0.37	0.44	8
0.47	0.5	8
0.79	0.79	8
1.26	1.31	8
2.1	2.38	8
2.84	4.5	8
3.29	8.76	8
2.59	16.77	8
5.62	33.05	8
5.35	63.93	8
9.25	117.95	8
15.77	213.24	8
29.71	360.17	8
53.21	545.91	8
97.98	700.92	8
176.32	805.47	8
308.7	960.91	8
550.76	1226.0	8
767.88	1492.6	8
994.9	1731.1	8
1214.45	1954.36	8
1430.37	2162.5	8
1656.7	2400.07	8
1857.18	2567.25	8
2052.12	2799.21	8
0.28	0.29	9
0.25	0.32	9
0.27	0.31	9
0.31	0.34	9
0.32	0.33	9
0.36	0.37	9
0.32	0.45	9
0.39	0.41	9
0.45	0.48	9
0.52	0.61	9
0.58	0.63	9
0.93	0.86	9
1.08	1.08	9
1.77	1.7	9
2.5	2.53	9
4.63	4.67	9
7.78	7.83	9
14.18	14.36	9
24.97	25.0	9
48.4	46.16	9
88.96	89.4	9
172.75	170.77	9
252.33	256.41	9
329.7	334.99	9
414.72	417.79	9
493.17	494.22	9
573.3	576.03	9
653.41	653.63	9
731.67	736.87	9
0.29	0.32	9
0.28	0.32	9
0.3	0.28	9
0.3	0.33	9
0.32	0.35	9
0.33	0.36	9
0.37	0.39	9
0.4	0.39	9
0.51	0.48	9
0.77	0.7	9
1.25	1.06	9
1.68	1.7	9
3.46	3.27	9
6.24	6.56	9
12.79	12.85	9
26.94	26.54	9
54.3	53.9	9
108.01	107.68	9
216.58	216.44	9
424.75	427.13	9
842.41	843.79	9
1665.59	1661.41	9
2485.83	2477.27	9
3234.6	3225.59	9
3966.08	3959.83	9
4697.78	4702.58	9
5514.88	5527.09	9
6331.38	6332.42	9
7137.44	7135.84	9
0.22	0.24	9
0.26	0.25	9
0.27	0.26	9
0.29	0.27	9
0.22	0.3	9
0.28	0.25	9
0.31	0.31	9
0.28	0.33	9
0.3	0.37	9
0.54	0.46	9
0.64	0.63	9
0.81	0.78	9
1.15	1.01	9
1.76	1.65	9
2.56	2.48	9
4.52	4.68	9
7.74	7.41	9
13.63	14.29	9
24.63	24.22	9
45.98	46.82	9
91.16	90.29	9
172.06	171.8	9
251.27	251.72	9
332.94	333.14	9
419.74	417.08	9
490.52	497.32	9
571.21	578.01	9
661.6	654.41	9
729.97	734.95	9
0.32	0.32	9
0.32	0.29	9
0.31	0.32	9
0.28	0.34	9
0.26	0.3	9
0.35	0.31	9
0.31	0.38	9
0.33	0.41	9
0.49	0.52	9
0.74	0.69	9
1.18	1.07	9
1.42	1.69	9
3.54	3.31	9
6.56	6.36	9
12.75	13.14	9
27.03	26.17	9
54.31	54.44	9
108.56	108.24	9
215.54	215.32	9
428.54	425.65	9
844.01	849.64	9
1663.52	1661.27	9
2483.65	2480.28	9
3228.44	3225.68	9
3965.28	3967.61	9
4700.69	4710.45	9
5517.54	5519.08	9
6328.77	6325.78	9
7147.24	7153.38	9
0.21	0.34	10
0.23	0.21	10
0.27	0.33	10
0.27	0.29	10
0.28	0.32	10
0.29	0.35	10
0.42	0.41	10
0.4	0.42	10
0.47	0.44	10
0.54	0.56	10
0.71	0.87	10
1.03	1.06	10
1.58	1.49	10
2.69	2.53	10
4.07	4.46	10
8.29	7.88	10
16.14	15.57	10
30.07	30.25	10
58.38	58.95	10
116.99	116.98	10
230.5	229.15	10
445.0	447.03	10
659.42	659.27	10
875.85	872.34	10
1090.98	1093.87	10
1305.94	1304.16	10
1523.83	1519.61	10
1727.89	1728.58	10
1940.62	1944.77	10
0.26	0.37	10
0.22	0.25	10
0.26	0.28	10
0.28	0.27	10
0.28	0.31	10
0.29	0.28	10
0.35	0.37	10
0.36	0.44	10
0.62	0.68	10
0.51	0.66	10
0.96	1.18	10
1.48	1.79	10
3.03	2.45	10
5.71	5.94	10
10.64	11.15	10
21.57	20.64	10
44.02	43.73	10
86.7	87.42	10
173.27	173.88	10
343.34	344.76	10
685.26	688.94	10
1329.86	1333.56	10
1960.75	1958.82	10
2588.86	2590.49	10
3213.19	3222.71	10
3830.28	3823.0	10
4435.75	4439.99	10
5059.32	5054.98	10
5672.9	5665.87	10
0.21	0.26	10
0.22	0.26	10
0.24	0.24	10
0.23	0.26	10
0.25	0.24	10
0.26	0.27	10
0.3	0.32	10
0.33	0.35	10
0.32	0.39	10
0.56	0.5	10
0.62	0.57	10
1.07	0.95	10
1.49	1.39	10
2.55	2.42	10
4.11	4.17	10
8.13	8.2	10
15.05	14.94	10
29.1	28.76	10
55.2	55.25	10
108.41	107.26	10
212.23	211.03	10
411.92	407.8	10
605.58	608.43	10
801.12	804.3	10
996.43	998.01	10
1219.41	1199.4	10
1387.62	1392.63	10
1589.25	1589.6	10
1784.3	1789.12	10
0.26	0.3	10
0.24	0.23	10
0.29	0.31	10
0.24	0.29	10
0.25	0.27	10
0.36	0.27	10
0.28	0.32	10
0.51	0.45	10
0.58	0.43	10
0.71	0.74	10
1.33	1.07	10
2.15	1.49	10
3.89	2.72	10
5.07	4.93	10
11.22	10.56	10
22.38	21.5	10
43.09	42.89	10
86.61	87.31	10
171.68	172.83	10
342.37	342.2	10
682.92	681.39	10
1327.96	1329.17	10
1952.36	1954.9	10
2585.03	2578.1	10
3199.47	3193.4	10
3794.15	3791.89	10
4397.43	4370.58	10
4920.88	4949.92	10
5501.64	5505.88	10
0.31	0.36	11
0.28	0.31	11
0.23	0.27	11
0.3	0.34	11
0.26	0.32	11
0.25	0.32	11
0.3	0.27	11
0.4	0.38	11
0.52	0.53	11
0.68	0.66	11
1.2	1.07	11
1.8	1.49	11
3.54	2.79	11
4.64	5.27	11
10.81	10.91	11
20.11	21.6	11
44.62	44.66	11
86.4	86.25	11
171.66	169.73	11
336.69	337.64	11
673.55	672.55	11
1310.16	1316.1	11
1942.48	1941.73	11
2571.86	2579.38	11
3202.18	3213.85	11
3838.09	3839.7	11
4464.74	4469.53	11
5127.39	5101.43	11
5727.46	5721.18	11
0.26	0.33	11
0.26	0.24	11
0.24	0.31	11
0.35	0.33	11
0.3	0.29	11
0.27	0.29	11
0.34	0.36	11
0.28	0.36	11
0.39	0.31	11
0.55	0.46	11
0.59	0.66	11
1.08	1.06	11
1.41	1.69	11
2.68	2.63	11
4.2	4.2	11
8.11	8.44	11
15.16	15.37	11
30.17	30.23	11
58.31	58.82	11
113.54	114.03	11
227.96	227.52	11
449.55	439.46	11
657.68	656.85	11
865.7	865.09	11
1076.65	1069.68	11
1274.17	1270.92	11
1476.7	1476.08	11
1678.37	1688.53	11
1882.56	1887.03	11
0.24	0.28	11
0.23	0.24	11
0.28	0.24	11
0.23	0.23	11
0.27	0.25	11
0.27	0.29	11
0.23	0.31	11
0.37	0.33	11
0.41	0.4	11
0.66	0.62	11
1.01	0.93	11
1.49	1.59	11
2.36	2.56	11
5.01	5.15	11
7.84	8.7	11
18.29	17.71	11
37.93	37.64	11
75.19	76.31	11
150.01	149.41	11
297.84	298.69	11
592.24	591.38	11
1154.22	1152.07	11
1715.36	1714.9	11
2272.84	2272.11	11
2834.31	2828.0	11
3396.39	3390.4	11
3947.33	3955.92	11
4514.49	4506.95	11
5057.24	5057.66	11
0.23	0.33	11
0.25	0.28	11
0.22	0.25	11
0.27	0.25	11
0.28	0.3	11
0.28	0.32	11
0.38	0.36	11
0.36	0.38	11
0.36	0.42	11
0.63	0.47	11
0.74	0.6	11
1.15	1.08	11
1.4	1.52	11
2.96	2.73	11
4.36	4.46	11
8.07	8.86	11
15.24	15.64	11
29.91	29.33	11
57.82	56.93	11
112.82	110.05	11
221.62	220.18	11
430.88	431.03	11
641.87	650.48	11
840.89	839.18	11
1046.13	1044.56	11
1240.4	1246.98	11
1445.61	1445.74	11
1644.05	1649.26	11
1849.5	1849.14	11
0.27	0.27	12
0.24	0.32	12
0.26	0.24	12
0.23	0.25	12
0.2	0.3	12
0.31	0.3	12
0.32	0.29	12
0.4	0.38	12
0.45	0.48	12
0.62	0.71	12
0.92	0.98	12
1.82	1.96	12
3.5	2.76	12
5.69	5.89	12
11.9	11.76	12
24.28	24.89	12
50.27	50.79	12
99.97	99.64	12
197.13	198.02	12
393.76	395.68	12
788.26	787.31	12
1531.62	1534.68	12
2269.57	2269.39	12
3003.63	3008.48	12
3747.34	3748.16	12
4489.68	4481.38	12
5215.42	5219.91	12
5956.89	5962.59	12
6696.68	6718.55	12
0.24	0.3	12
0.25	0.27	12
0.24	0.24	12
0.3	0.31	12
0.3	0.27	12
0.22	0.39	12
0.31	0.41	12
0.36	0.33	12
0.33	0.46	12
0.48	0.57	12
0.6	0.6	12
0.74	0.75	12
1.08	1.03	12
1.88	1.62	12
2.4	2.48	12
4.31	4.44	12
7.56	7.92	12
13.43	13.6	12
24.86	25.99	12
46.63	46.76	12
89.24	89.05	12
169.41	169.59	12
254.79	251.39	12
336.58	331.52	12
432.67	417.21	12
512.46	496.12	12
573.99	571.27	12
653.02	653.08	12
725.46	733.97	12
0.26	0.23	12
0.24	0.24	12
0.21	0.25	12
0.22	0.25	12
0.24	0.22	12
0.24	0.26	12
0.28	0.27	12
0.3	0.32	12
0.44	0.4	12
0.58	0.6	12
0.99	0.97	12
1.42	1.56	12
2.76	2.47	12
5.4	4.95	12
10.62	10.22	12
21.73	21.41	12
43.99	44.21	12
91.36	87.02	12
182.22	181.18	12
361.95	361.91	12
721.78	720.24	12
1402.36	1401.68	12
2079.78	2072.23	12
2746.35	2744.54	12
3422.38	3423.94	12
4094.32	4091.8	12
4760.31	4764.24	12
5443.55	5437.77	12
6119.71	6111.8	12
0.21	0.31	12
0.28	0.3	12
0.23	0.28	12
0.28	0.32	12
0.28	0.31	12
0.28	0.33	12
0.34	0.33	12
0.35	0.36	12
0.46	0.41	12
0.51	0.57	12
0.59	0.54	12
0.89	0.82	12
1.09	1.04	12
1.72	1.68	12
2.56	2.41	12
4.39	4.3	12
7.39	7.5	12
13.92	13.46	12
25.1	24.78	12
46.03	45.85	12
91.37	88.24	12
172.62	177.62	12
259.99	255.04	12
334.42	334.9	12
413.73	411.88	12
491.47	489.86	12
575.83	573.57	12
654.64	652.33	12
759.92	733.42	12
0.27	0.33	13
0.29	0.33	13
0.44	0.49	13
0.73	0.62	13
1.17	1.1	13
1.91	2.09	13
3.61	3.77	13
4.67	7.17	13
4.48	14.21	13
5.65	28.02	13
7.59	53.42	13
14.22	99.78	13
23.0	186.47	13
39.35	308.13	13
69.0	469.09	13
104.32	605.3	13
143.17	663.85	13
202.64	742.4	13
308.67	885.85	13
525.19	1202.28	13
731.95	1520.84	13
952.71	1805.08	13
1156.25	2128.97	13
1389.72	2492.49	13
1576.76	2739.1	13
1806.33	2921.14	13
1970.1	3086.0	13
0.27	0.37	13
0.28	0.32	13
0.43	0.44	13
0.67	0.63	13
1.08	1.09	13
1.59	1.93	13
3.54	3.69	13
2.9	7.12	13
4.99	13.97	13
6.57	27.88	13
9.51	52.95	13
15.2	101.46	13
26.71	187.4	13
47.8	328.56	13
78.65	536.25	13
127.74	723.16	13
185.29	857.23	13
285.34	1004.76	13
470.78	1386.38	13
877.19	2045.06	13
1270.28	2702.61	13
1649.55	3469.11	13
2011.64	4151.81	13
2383.03	4875.11	13
2730.75	5470.98	13
3056.75	6006.65	13
3401.89	6450.99	13
0.23	0.29	13
0.28	0.28	13
0.35	0.39	13
0.56	0.62	13
1.02	1.0	13
1.22	1.7	13
2.35	3.28	13
2.98	6.32	13
3.23	12.37	13
4.64	24.38	13
7.22	46.45	13
11.19	89.51	13
18.47	157.51	13
33.32	274.01	13
53.59	430.25	13
84.74	524.01	13
113.4	595.82	13
167.91	673.32	13
268.99	827.92	13
465.95	1101.98	13
664.65	1389.09	13
867.89	1676.43	13
1069.63	1968.85	13
1283.77	2256.78	13
1472.34	2499.81	13
1668.9	2723.32	13
1839.76	2895.52	13
0.28	0.34	13
0.31	0.3	13
0.39	0.38	13
0.6	0.59	13
0.94	1.01	13
1.77	1.77	13
2.48	3.33	13
2.95	6.24	13
3.83	12.27	13
6.65	24.23	13
8.08	46.22	13
12.38	88.36	13
22.03	164.81	13
38.18	286.85	13
62.39	468.83	13
104.26	640.72	13
151.89	773.29	13
243.24	921.19	13
413.6	1256.43	13
789.9	1842.24	13
1144.6	2483.07	13
1485.64	3136.48	13
1800.6	3772.06	13
2108.14	4416.22	13
2422.54	4951.7	13
2736.64	5502.03	13
3009.52	5892.99	13
0.29	0.4	14
0.33	0.29	14
0.43	0.49	14
0.67	0.7	14
1.16	1.23	14
1.99	2.09	14
3.15	3.96	14
5.71	8.07	14
3.84	15.18	14
5.46	29.77	14
9.61	59.53	14
15.93	111.15	14
26.41	204.04	14
49.38	358.81	14
84.52	554.18	14
125.37	789.87	14
183.57	874.17	14
271.23	1025.93	14
443.39	1328.2	14
782.21	1785.01	14
1116.2	2237.17	14
1451.53	2763.55	14
1781.75	3298.08	14
2132.44	3777.5	14
2467.56	4140.46	14
2815.49	4440.73	14
3076.24	4783.75	14
0.25	0.35	14
0.35	0.32	14
0.5	0.47	14
0.75	0.69	14
1.28	1.21	14
2.1	2.2	14
3.62	4.1	14
2.59	7.73	14
3.38	16.14	14
6.09	31.25	14
8.59	58.99	14
17.13	112.05	14
25.84	202.39	14
44.89	333.95	14
74.33	518.99	14
110.49	676.8	14
150.35	770.53	14
215.15	904.58	14
330.4	1156.91	14
591.68	1619.74	14
871.59	2137.59	14
1101.96	2620.89	14
1311.54	3180.9	14
1548.07	3635.57	14
1756.41	4116.12	14
1933.1	4460.33	14
2164.51	4733.15	14
0.25	0.32	14
0.29	0.32	14
0.38	0.38	14
0.55	0.57	14
0.91	0.98	14
1.57	1.67	14
2.59	3.27	14
1.92	6.31	14
3.11	12.14	14
4.31	23.3	14
7.93	44.71	14
12.59	87.0	14
21.48	156.93	14
36.22	260.89	14
60.61	436.45	14
91.87	617.09	14
141.66	682.56	14
224.82	830.07	14
380.43	1038.5	14
664.77	1467.85	14
967.21	1923.98	14
1274.35	2300.21	14
1559.93	2756.74	14
1855.16	3214.42	14
2155.86	3573.85	14
2453.0	3862.79	14
2721.69	4117.11	14
0.24	0.32	14
0.3	0.33	14
0.41	0.49	14
0.66	0.62	14
1.18	1.13	14
1.89	2.06	14
3.4	4.18	14
2.88	7.82	14
4.94	14.87	14
6.55	29.45	14
9.14	57.16	14
14.73	105.22	14
24.02	187.62	14
41.55	321.22	14
68.47	504.47	14
107.99	656.9	14
139.8	732.97	14
195.19	851.83	14
312.56	1111.35	14
558.72	1564.67	14
830.9	2082.18	14
1045.81	2539.73	14
1240.04	3098.4	14
1439.74	3541.14	14
1624.4	3998.02	14
1791.8	4328.36	14
1943.86	4630.25	14
0.25	0.37	15
0.36	0.36	15
0.44	0.45	15
0.61	0.62	15
1.07	1.17	15
1.59	2.0	15
3.54	3.62	15
4.17	7.04	15
3.53	13.87	15
6.42	26.5	15
10.3	52.4	15
13.68	99.94	15
25.15	183.72	15
41.82	298.55	15
67.82	469.19	15
105.73	606.95	15
145.78	696.61	15
205.36	814.86	15
315.42	1044.18	15
571.56	1491.01	15
820.56	1994.24	15
1035.58	2433.81	15
1288.5	2870.38	15
1490.84	3336.86	15
1694.89	3742.1	15
1876.85	4107.15	15
2084.96	4394.92	15
0.31	0.37	15
0.29	0.34	15
0.45	0.45	15
0.63	0.69	15
1.04	1.12	15
2.01	1.97	15
3.01	3.69	15
3.26	7.18	15
4.52	13.76	15
5.06	26.67	15
10.2	51.78	15
16.43	99.6	15
27.08	184.03	15
45.07	314.06	15
76.85	504.88	15
122.52	703.81	15
172.79	780.42	15
264.45	897.93	15
429.8	1151.38	15
758.9	1607.77	15
1106.46	2118.75	15
1443.04	2579.03	15
1787.63	3053.38	15
2108.82	3511.15	15
2439.94	3901.36	15
2757.76	4208.95	15
3057.5	4524.13	15
0.25	0.28	15
0.27	0.3	15
0.36	0.42	15
0.55	0.59	15
0.88	1.0	15
1.63	1.69	15
1.38	3.27	15
3.0	6.38	15
3.54	12.0	15
5.39	23.68	15
7.56	46.14	15
11.24	86.43	15
19.26	159.22	15
33.18	265.46	15
53.29	410.48	15
82.28	515.55	15
116.95	629.38	15
173.55	707.55	15
276.42	933.75	15
504.2	1351.17	15
736.62	1812.69	15
934.16	2220.49	15
1141.88	2668.38	15
1322.27	3073.87	15
1535.31	3475.76	15
1695.93	3762.31	15
1874.33	4019.58	15
0.26	0.3	15
0.32	0.3	15
0.38	0.39	15
0.59	0.59	15
0.92	1.01	15
1.67	1.7	15
1.96	3.17	15
2.69	6.2	15
3.82	12.03	15
4.9	23.58	15
7.07	45.58	15
13.2	85.04	15
20.24	155.64	15
35.64	275.19	15
61.64	445.51	15
96.33	607.9	15
141.65	695.93	15
220.42	814.61	15
377.03	1044.75	15
675.97	1492.26	15
966.52	1899.25	15
1271.83	2328.84	15
1571.75	2787.28	15
1869.25	3179.3	15
2175.71	3601.76	15
2460.9	3904.3	15
2752.37	4111.49	15
0.26	0.27	16
0.3	0.3	16
0.4	0.46	16
0.62	0.67	16
0.89	1.07	16
1.92	1.89	16
2.81	3.85	16
3.64	7.34	16
4.3	14.2	16
6.83	27.24	16
9.7	54.62	16
15.98	103.32	16
28.0	187.55	16
48.61	320.86	16
80.97	523.63	16
126.29	726.2	16
181.16	856.13	16
272.5	998.11	16
453.55	1345.08	16
836.32	1967.99	16
1199.08	2584.29	16
1556.06	3207.64	16
1920.7	3828.64	16
2243.71	4460.47	16
2586.8	5004.94	16
2927.77	5497.45	16
3232.38	5935.14	16
0.25	0.34	16
0.29	0.32	16
0.42	0.45	16
0.67	0.64	16
1.08	1.08	16
2.03	2.19	16
3.01	3.83	16
5.32	6.99	16
4.63	14.35	16
5.65	28.21	16
8.36	54.24	16
13.84	101.92	16
24.4	182.1	16
42.56	311.03	16
74.64	480.4	16
109.42	605.38	16
145.87	677.26	16
206.38	746.36	16
311.13	922.89	16
516.87	1238.12	16
749.33	1499.81	16
954.65	1792.23	16
1180.59	2134.31	16
1385.29	2425.88	16
1609.39	2656.13	16
1797.79	2866.05	16
1963.06	2994.3	16
0.24	0.28	16
0.28	0.32	16
0.38	0.4	16
0.61	0.62	16
0.93	0.93	16
1.5	1.69	16
2.64	3.24	16
2.27	6.12	16
3.39	12.01	16
4.87	23.53	16
7.86	45.78	16
14.52	87.48	16
21.69	163.67	16
36.73	275.26	16
59.92	455.38	16
96.3	634.45	16
143.24	728.82	16
223.25	880.01	16
380.76	1162.52	16
712.13	1715.5	16
1041.03	2261.6	16
1356.15	2822.58	16
1636.1	3395.2	16
1932.43	3984.79	16
2252.97	4458.59	16
2510.3	4892.37	16
2830.91	5292.8	16
0.25	0.31	16
0.28	0.31	16
0.41	0.36	16
0.62	0.65	16
1.07	1.09	16
1.58	2.03	16
2.59	3.7	16
2.92	7.18	16
4.14	13.38	16
6.68	26.88	16
7.64	51.66	16
12.65	96.69	16
23.22	179.56	16
40.01	300.84	16
62.23	454.32	16
94.86	570.97	16
132.45	637.6	16
185.42	723.15	16
283.65	868.96	16
481.88	1210.68	16
681.39	1490.59	16
896.37	1786.98	16
1107.48	2119.2	16
1298.48	2440.71	16
1495.94	2635.77	16
1697.4	2855.88	16
1853.01	2987.14	16
0.43	0.45	17
0.75	0.68	17
1.07	1.13	17
1.84	1.96	17
3.31	3.34	17
4.64	6.02	17
11.79	11.86	17
7.35	23.87	17
14.36	46.07	17
16.15	93.04	17
24.93	179.19	17
43.09	344.54	17
76.44	649.08	17
147.08	1194.42	17
266.7	2030.53	17
497.41	3036.65	17
870.69	3626.32	17
1337.26	3929.57	17
1779.05	4421.59	17
2477.73	5238.28	17
3176.68	5933.83	17
3864.45	6551.19	17
4462.39	7211.48	17
5020.75	7766.05	17
5581.37	8307.07	17
6127.53	8840.66	17
6589.83	9334.14	17
0.45	0.44	17
0.57	0.59	17
0.96	0.97	17
1.89	1.66	17
2.84	3.36	17
5.07	6.51	17
8.15	12.8	17
10.54	25.4	17
23.69	49.29	17
47.38	97.49	17
115.84	194.08	17
293.13	382.23	17
517.03	745.49	17
1404.12	1434.95	17
2599.58	2679.81	17
4769.3	4816.22	17
7954.5	8000.33	17
10619.02	10640.36	17
11572.86	11575.94	17
13069.25	13155.16	17
14361.59	14350.59	17
15427.35	15552.03	17
16490.78	16593.61	17
17672.5	17680.7	17
18640.16	18594.24	17
19478.87	19513.69	17
20248.17	20206.39	17
0.35	0.43	17
0.49	0.54	17
0.94	0.87	17
1.51	1.38	17
2.45	2.66	17
4.37	5.17	17
9.29	10.24	17
9.81	19.42	17
10.24	38.55	17
17.24	77.36	17
18.98	145.28	17
37.57	284.84	17
61.32	528.69	17
116.41	967.35	17
210.04	1681.09	17
388.26	2520.45	17
677.86	2994.81	17
1040.92	3376.14	17
1408.58	3810.08	17
2027.82	4589.86	17
2671.95	5255.02	17
3338.55	5878.36	17
3921.84	6518.48	17
4502.19	7079.46	17
5058.92	7659.35	17
5553.27	8177.07	17
6018.98	8659.76	17
0.34	0.45	17
0.54	0.62	17
0.96	1.04	17
1.59	1.82	17
3.4	3.29	17
5.6	6.34	17
5.69	12.6	17
8.35	24.31	17
15.46	47.12	17
62.84	93.49	17
162.61	182.79	17
267.97	361.7	17
604.32	709.45	17
1230.78	1364.46	17
2354.04	2560.38	17
4508.27	4560.07	17
7376.09	7583.27	17
10090.28	9973.64	17
10950.43	10924.32	17
12621.2	12684.06	17
13974.82	13930.8	17
14900.13	15030.0	17
15951.49	16114.58	17
17047.08	17089.24	17
18255.5	17939.9	17
18936.33	19130.96	17
19857.05	19970.98	17
0.43	0.53	18
0.72	0.69	18
1.13	1.12	18
1.65	1.8	18
3.67	3.61	18
6.25	6.96	18
11.95	13.76	18
13.0	27.1	18
24.12	53.99	18
36.38	106.66	18
144.46	211.58	18
341.15	417.57	18
617.71	819.51	18
1534.99	1573.12	18
2925.21	2977.82	18
5312.56	5354.21	18
8775.23	8806.73	18
11641.35	11767.77	18
12655.33	12770.95	18
14296.08	14233.44	18
15537.07	15585.98	18
16926.13	16857.74	18
17902.92	17951.96	18
18897.99	19007.42	18
19825.83	19774.82	18
20571.79	20685.05	18
21071.43	21249.15	18
0.47	0.53	18
0.66	0.67	18
1.16	1.08	18
1.44	1.87	18
3.53	3.53	18
6.87	6.45	18
5.74	13.07	18
9.03	25.35	18
11.01	50.12	18
18.61	101.03	18
25.65	197.41	18
49.42	377.28	18
84.87	714.82	18
150.75	1301.45	18
279.35	2221.75	18
525.55	3287.47	18
911.03	3944.0	18
1408.98	4322.96	18
1846.93	4885.91	18
2561.87	5736.8	18
3152.27	6588.34	18
3789.0	7277.97	18
4424.12	7977.65	18
5034.81	8668.34	18
5739.98	9158.58	18
6412.2	9918.7	18
7109.5	10410.25	18
0.34	0.42	18
0.44	0.55	18
0.75	0.79	18
1.41	1.4	18
2.62	2.52	18
3.79	4.93	18
5.99	9.76	18
10.32	19.0	18
15.91	38.19	18
16.85	74.37	18
101.68	145.83	18
196.2	287.67	18
523.73	561.75	18
979.2	1075.49	18
1986.78	2027.23	18
3545.0	3626.08	18
5911.51	5931.26	18
7903.06	7866.19	18
8740.5	8735.9	18
9945.54	10001.44	18
11030.61	11043.97	18
12079.2	12072.88	18
12988.72	13044.45	18
13903.2	13855.4	18
14783.24	14617.08	18
15433.94	15454.33	18
16015.65	16041.74	18
0.45	0.53	18
0.64	0.56	18
0.85	0.92	18
1.73	1.88	18
3.19	3.39	18
5.68	6.26	18
9.7	12.02	18
10.57	23.37	18
10.37	47.05	18
15.12	90.71	18
25.56	180.22	18
41.93	343.77	18
77.63	668.3	18
142.93	1229.01	18
268.49	2079.4	18
500.63	3200.27	18
881.76	3839.33	18
1333.36	4212.27	18
1728.45	4727.89	18
2387.74	5592.09	18
2968.99	6398.27	18
3570.24	7087.56	18
4205.9	7748.83	18
4847.95	8411.34	18
5491.94	8918.28	18
6116.09	9673.3	18
6808.5	10187.62	18
0.45	0.49	19
0.6	0.61	19
1.02	0.97	19
1.83	1.79	19
3.07	3.23	19
5.63	6.08	19
6.0	11.91	19
8.92	24.34	19
13.58	47.98	19
19.29	92.85	19
28.8	183.0	19
46.66	353.26	19
80.18	683.1	19
154.01	1243.86	19
280.75	2121.43	19
510.71	3133.6	19
891.02	3771.6	19
1371.02	4128.66	19
1813.18	4699.85	19
2518.5	5588.96	19
3137.19	6333.06	19
3733.81	7040.89	19
4342.69	7796.81	19
5000.66	8421.19	19
5640.46	9012.14	19
6350.76	9663.43	19
6970.92	10114.35	19
0.39	0.5	19
0.64	0.61	19
1.0	1.12	19
1.91	1.86	19
3.35	3.39	19
7.13	6.51	19
6.84	13.15	19
8.33	26.43	19
23.7	50.87	19
36.09	101.79	19
78.76	202.58	19
199.9	397.14	19
576.11	780.96	19
1328.56	1505.93	19
2753.42	2830.08	19
4916.4	5072.43	19
8262.58	8330.29	19
10843.78	11058.14	19
12098.63	12188.14	19
13669.92	13771.87	19
15075.02	15095.06	19
16241.34	16383.96	19
17552.63	17568.71	19
18551.62	18557.12	19
19247.58	19428.07	19
20054.62	20152.65	19
20673.27	20774.95	19
0.32	0.4	19
0.55	0.58	19
0.83	0.83	19
1.45	1.52	19
2.56	2.63	19
4.6	4.98	19
6.24	9.89	19
8.14	19.38	19
13.75	38.8	19
15.27	75.44	19
28.48	148.56	19
37.02	292.89	19
64.67	552.94	19
116.35	997.84	19
220.49	1677.83	19
393.59	2513.44	19
681.97	3023.09	19
1041.92	3379.79	19
1434.94	3921.89	19
2072.86	4709.32	19
2655.04	5424.7	19
3240.77	6046.62	19
3796.32	6781.61	19
4442.47	7374.8	19
5044.64	7975.49	19
5675.69	8617.44	19
6272.52	9052.48	19
0.45	0.49	19
0.54	0.6	19
0.99	0.91	19
1.69	1.79	19
2.96	2.98	19
5.62	5.93	19
7.22	11.97	19
12.72	23.34	19
18.3	47.32	19
41.71	92.41	19
152.39	184.47	19
281.95	365.48	19
590.12	702.58	19
1228.01	1359.54	19
2426.08	2540.14	19
4518.77	4549.15	19
7437.86	7427.32	19
9753.12	9841.71	19
10677.4	10883.59	19
12122.85	12145.44	19
13331.73	13345.97	19
14368.82	14454.59	19
15623.27	15668.12	19
16629.69	16613.58	19
17331.04	17363.27	19
17988.6	18143.73	19
18608.91	18687.75	19
0.4	0.52	20
0.71	0.72	20
1.05	1.18	20
2.11	2.01	20
3.89	3.8	20
6.42	7.08	20
9.35	14.27	20
13.09	28.7	20
26.62	56.58	20
48.83	111.04	20
132.57	219.39	20
373.79	433.86	20
694.99	849.67	20
1582.36	1631.8	20
2967.86	3024.78	20
5344.15	5501.18	20
8824.75	8920.67	20
11913.37	11945.92	20
13032.52	13010.14	20
14490.3	14644.14	20
16113.4	16209.32	20
17148.58	17141.3	20
18607.2	18658.95	20
19575.03	19801.87	20
20663.15	20862.99	20
21651.81	21771.2	20
22416.8	22449.1	20
0.46	0.48	20
0.54	0.8	20
1.2	1.1	20
1.95	2.05	20
3.69	3.72	20
5.27	6.77	20
3.45	13.35	20
8.64	26.89	20
13.11	52.43	20
20.77	104.1	20
30.37	203.81	20
50.53	390.47	20
82.43	733.15	20
158.14	1324.59	20
293.68	2252.49	20
526.9	3352.5	20
925.44	3973.09	20
1427.82	4346.26	20
1885.9	4889.61	20
2575.96	5718.79	20
3291.56	6455.84	20
3954.65	7096.43	20
4590.92	7724.58	20
5206.21	8350.69	20
5748.83	8859.46	20
6274.74	9391.47	20
6767.53	9842.94	20
0.33	0.37	20
0.48	0.49	20
0.86	0.94	20
1.47	1.46	20
2.64	2.99	20
5.38	5.39	20
5.25	10.6	20
13.58	20.77	20
17.19	41.0	20
27.06	83.57	20
116.34	164.17	20
279.34	321.97	20
556.22	639.86	20
1115.99	1216.52	20
2134.14	2266.2	20
4021.27	4029.09	20
6606.76	6603.62	20
8652.03	8851.31	20
9705.98	9772.45	20
10839.77	10899.68	20
12092.66	12083.81	20
13353.36	12932.73	20
14577.66	14580.38	20
15453.36	15512.94	20
16270.33	16381.68	20
17154.89	17059.13	20
17781.15	17811.33	20
0.36	0.49	20
0.63	0.61	20
1.13	0.93	20
1.71	1.8	20
2.15	3.37	20
5.31	6.1	20
5.95	12.07	20
6.8	23.75	20
18.43	47.67	20
21.13	94.11	20
26.05	179.84	20
48.25	349.15	20
81.55	649.32	20
148.64	1190.94	20
264.52	1982.15	20
485.97	2970.22	20
834.19	3518.18	20
1256.92	3863.79	20
1642.17	4388.35	20
2268.5	5171.05	20
2908.49	5842.22	20
3538.97	6462.0	20
4189.53	7133.33	20
4766.17	7736.28	20
5303.39	8254.57	20
5800.16	8774.68	20
6284.74	9293.95	20
0.86	0.98	21
1.25	0.87	21
1.28	1.24	21
1.51	1.75	21
1.22	1.14	21
2.09	1.58	21
1.85	2.33	21
2.54	2.83	21
2.83	2.31	21
3.0	3.41	21
4.87	4.88	21
7.63	7.42	21
11.94	11.6	21
20.96	20.95	21
45.89	37.81	21
70.73	70.84	21
139.72	137.66	21
345.69	265.97	21
396.21	391.53	21
522.17	517.8	21
813.42	657.55	21
806.05	765.41	21
905.37	888.85	21
1027.82	1023.23	21
1161.5	1141.28	21
0.8	1.1	21
1.52	1.38	21
1.87	2.08	21
1.96	2.05	21
2.21	2.43	21
2.26	2.77	21
3.78	3.65	21
3.4	4.32	21
5.92	6.77	21
10.54	11.14	21
20.89	20.46	21
38.25	37.37	21
75.2	75.35	21
146.51	148.42	21
293.0	292.92	21
583.89	583.58	21
1158.52	1159.66	21
2265.85	2251.72	21
3341.8	3338.6	21
4433.18	4431.03	21
5515.16	5508.15	21
6623.83	6605.52	21
7719.13	7688.68	21
8783.17	8784.88	21
9878.5	9856.51	21
0.77	0.82	21
0.9	0.72	21
1.4	1.1	21
1.35	1.17	21
1.65	1.66	21
1.54	1.6	21
2.13	1.88	21
2.01	2.19	21
2.33	2.53	21
2.85	3.22	21
4.72	4.57	21
7.02	6.86	21
11.77	11.78	21
20.74	20.14	21
38.93	37.76	21
72.5	69.6	21
140.44	137.86	21
267.16	265.87	21
399.64	393.14	21
518.62	513.77	21
646.93	644.96	21
772.08	764.48	21
900.46	898.61	21
1309.64	1041.96	21
1153.5	1147.64	21
0.87	1.06	21
1.2	1.44	21
1.54	1.69	21
1.65	2.4	21
2.47	2.58	21
2.34	2.35	21
2.8	2.6	21
3.2	3.85	21
7.34	6.57	21
11.23	11.4	21
20.44	20.84	21
37.05	37.1	21
74.1	71.14	21
144.57	144.98	21
239.25	284.62	21
564.7	563.27	21
1119.22	1119.34	21
2180.78	2175.85	21
3234.27	3223.44	21
3584.19	4278.95	21
5327.21	5316.69	21
6414.07	6374.64	21
6206.65	7436.78	21
8477.44	8483.89	21
8105.66	9524.07	21
0.84	1.24	22
1.34	1.44	22
1.53	1.56	22
2.33	1.96	22
1.85	2.25	22
2.45	2.59	22
2.06	2.54	22
2.65	2.61	22
3.87	3.77	22
4.81	5.0	22
8.01	7.02	22
12.26	12.32	22
21.68	21.14	22
39.53	38.81	22
73.28	74.97	22
142.23	142.39	22
280.96	281.83	22
548.27	541.62	22
803.55	803.78	22
1064.63	1074.99	22
1326.44	1322.46	22
1789.39	1585.27	22
2061.8	1844.25	22
2113.47	2100.84	22
2413.2	2359.87	22
0.78	0.86	22
1.03	1.09	22
1.26	1.42	22
1.27	1.66	22
2.14	1.44	22
1.93	1.75	22
2.57	2.71	22
3.84	3.6	22
5.66	5.86	22
9.96	9.36	22
17.79	18.72	22
33.66	34.24	22
66.19	67.18	22
129.9	128.78	22
255.22	256.98	22
507.33	502.68	22
996.77	994.61	22
1925.37	1927.73	22
2856.78	2830.84	22
3761.42	3743.43	22
4682.01	4672.61	22
5633.4	5610.83	22
6551.34	6537.29	22
7486.07	7471.96	22
8417.28	8400.59	22
0.84	0.8	22
1.49	1.35	22
1.42	1.62	22
2.03	1.87	22
1.65	1.66	22
2.47	1.98	22
1.74	2.48	22
2.7	2.89	22
3.42	3.31	22
5.01	4.52	22
6.94	7.05	22
11.57	11.56	22
19.92	19.76	22
36.73	36.2	22
68.94	68.68	22
149.57	132.45	22
266.3	264.79	22
567.29	510.08	22
752.16	749.98	22
994.54	990.18	22
1261.77	1236.49	22
1482.59	1473.29	22
1728.76	1719.27	22
2198.94	1957.29	22
2213.35	2200.97	22
0.71	0.72	22
0.89	0.95	22
1.32	1.22	22
1.28	1.23	22
2.07	2.03	22
1.86	2.14	22
2.05	2.75	22
3.71	2.95	22
4.91	5.08	22
9.78	8.79	22
16.83	16.44	22
27.3	32.59	22
61.27	61.07	22
120.38	119.79	22
195.93	237.13	22
470.87	466.14	22
927.22	930.21	22
1504.76	1795.65	22
2661.71	2645.41	22
3475.02	3494.21	22
4353.04	4348.67	22
5218.12	5210.92	22
6078.19	6113.19	22
5813.55	6949.06	22
7791.04	7808.55	22
0.79	0.8	23
1.15	1.22	23
1.06	1.44	23
1.83	1.82	23
2.18	1.84	23
2.16	2.57	23
3.09	3.34	23
4.3	4.34	23
5.37	6.31	23
10.27	10.63	23
13.58	19.78	23
38.03	36.32	23
73.14	73.02	23
144.8	144.37	23
238.92	281.42	23
462.42	558.22	23
1038.29	1057.8	23
2010.46	1999.03	23
2957.49	2946.61	23
3880.74	3900.24	23
4820.33	4826.78	23
5767.01	5788.83	23
6701.65	6723.74	23
6242.5	7540.19	23
8314.84	8378.74	23
0.99	1.17	23
1.34	1.62	23
1.69	2.34	23
2.32	2.31	23
2.34	2.42	23
2.44	2.56	23
3.21	3.15	23
3.79	3.09	23
3.94	4.31	23
4.83	5.52	23
7.61	7.58	23
12.56	13.03	23
23.01	20.9	23
37.99	38.46	23
74.02	73.36	23
161.47	142.29	23
312.73	279.22	23
605.25	538.41	23
802.56	801.05	23
1060.69	1060.86	23
1324.63	1316.36	23
1612.22	1584.01	23
1844.55	1844.62	23
2132.93	2100.63	23
2368.28	2350.58	23
0.7	0.65	23
0.99	0.88	23
1.16	1.1	23
1.37	1.3	23
1.59	1.61	23
2.09	2.23	23
2.39	2.17	23
3.38	3.04	23
4.88	5.52	23
8.61	7.77	23
14.77	15.33	23
29.21	28.14	23
54.67	53.38	23
105.53	105.73	23
211.25	210.21	23
413.05	403.34	23
793.52	799.45	23
1541.57	1542.86	23
2278.88	2278.29	23
3009.59	3009.22	23
3750.18	3759.94	23
4523.58	4483.21	23
5233.27	5230.84	23
4940.18	5984.7	23
6709.37	6716.03	23
1.08	1.17	23
1.23	1.4	23
1.66	1.64	23
2.07	2.6	23
2.04	2.38	23
2.29	2.61	23
2.26	2.9	23
3.75	3.06	23
3.44	3.6	23
5.0	4.77	23
6.98	7.11	23
11.9	11.66	23
21.65	20.28	23
36.78	36.81	23
69.4	68.45	23
132.44	134.27	23
261.21	261.05	23
507.22	502.3	23
752.98	747.26	23
994.32	993.45	23
1238.36	1234.16	23
1505.35	1477.93	23
1740.3	1717.03	23
2289.04	1962.61	23
2519.74	2201.44	23
0.74	0.92	24
1.35	1.19	24
1.51	1.75	24
1.67	2.07	24
2.05	2.37	24
2.32	2.01	24
2.79	2.69	24
2.88	3.63	24
6.22	5.7	24
9.38	9.62	24
18.03	18.56	24
29.8	33.77	24
68.69	67.62	24
134.28	134.49	24
220.13	266.84	24
536.7	524.4	24
1067.47	1068.35	24
2076.24	2076.26	24
3088.19	3081.55	24
4108.76	4087.21	24
5180.94	5176.67	24
4299.03	6271.26	24
7399.02	7377.06	24
8516.96	8475.47	24
9592.1	9564.48	24
0.89	0.91	24
0.89	1.25	24
1.39	1.51	24
1.91	1.58	24
1.27	1.4	24
1.57	1.77	24
2.18	2.04	24
1.9	2.19	24
2.41	2.83	24
3.45	2.73	24
4.1	4.16	24
8.0	7.17	24
14.2	11.74	24
24.79	20.36	24
37.14	38.01	24
72.52	69.77	24
175.0	138.47	24
341.29	268.22	24
395.64	395.24	24
654.0	525.96	24
650.47	650.37	24
779.68	771.69	24
896.62	899.53	24
1294.95	1020.36	24
1193.53	1144.2	24
0.78	0.89	24
1.18	1.23	24
1.41	1.54	24
1.43	1.63	24
1.74	1.79	24
2.08	2.15	24
2.56	2.39	24
3.49	3.44	24
5.65	5.11	24
9.09	8.88	24
16.6	16.13	24
30.53	30.54	24
58.61	58.95	24
115.22	115.77	24
193.08	228.27	24
455.07	450.95	24
902.57	896.17	24
1753.98	1748.62	24
2606.29	2605.39	24
3475.61	3451.87	24
4381.58	4394.31	24
5330.85	5330.82	24
6284.72	6289.05	24
6038.51	7261.16	24
6864.82	8203.99	24
0.72	0.71	24
0.76	0.93	24
1.36	1.09	24
1.43	1.17	24
1.91	1.77	24
1.71	1.49	24
1.91	1.76	24
2.32	2.09	24
2.32	2.38	24
2.88	3.16	24
4.71	4.16	24
6.84	6.89	24
14.78	11.34	24
20.97	20.67	24
40.58	37.39	24
85.85	69.58	24
173.9	137.38	24
265.59	264.15	24
392.97	391.58	24
523.49	514.82	24
646.85	642.99	24
797.59	770.82	24
902.7	891.94	24
1024.84	1019.9	24
1191.95	1144.42	24
0.39	0.56	25
0.54	0.6	25
0.55	0.66	25
0.74	0.73	25
0.95	0.92	25
1.05	0.94	25
1.62	1.69	25
2.12	2.16	25
3.57	3.35	25
5.27	5.24	25
9.46	8.65	25
15.14	15.12	25
28.07	27.93	25
56.14	52.22	25
104.57	96.14	25
199.79	192.09	25
385.03	369.01	25
564.75	543.55	25
752.64	713.18	25
927.39	896.84	25
1120.36	1071.48	25
1285.62	1241.18	25
1466.06	1417.31	25
1649.86	1593.93	25
0.55	0.65	25
0.75	0.73	25
0.9	0.88	25
1.25	1.59	25
2.19	2.36	25
3.12	3.93	25
3.38	8.16	25
6.94	14.06	25
11.65	29.45	25
22.94	58.83	25
44.73	115.89	25
86.03	227.67	25
171.37	456.65	25
341.85	899.68	25
682.16	1802.95	25
1352.06	3588.44	25
2626.16	6959.32	25
3895.02	10342.92	25
5166.94	13718.01	25
6450.86	17058.25	25
7633.3	20237.74	25
8878.37	23498.97	25
10052.08	26694.54	25
11256.8	29824.87	25
0.35	0.43	25
0.51	0.43	25
0.53	0.57	25
0.56	0.61	25
0.83	0.86	25
1.05	0.99	25
1.48	1.46	25
1.83	1.85	25
3.13	3.14	25
4.61	5.02	25
8.14	9.05	25
13.06	15.02	25
22.71	28.11	25
45.27	51.43	25
80.73	98.93	25
142.34	191.86	25
278.34	370.15	25
409.55	548.39	25
530.3	718.4	25
670.59	890.78	25
795.09	1065.68	25
945.49	1245.79	25
1057.1	1410.89	25
1183.83	1589.79	25
0.51	0.57	25
0.63	0.71	25
0.89	0.93	25
1.37	1.24	25
1.99	1.95	25
2.29	3.44	25
4.1	7.01	25
5.61	13.73	25
11.32	26.36	25
20.02	51.58	25
40.34	101.63	25
82.56	195.97	25
149.66	388.15	25
301.14	788.8	25
571.8	1536.64	25
1155.57	3073.47	25
2188.19	5762.86	25
3118.61	8579.56	25
4120.94	11384.38	25
5069.2	13928.07	25
6251.74	16702.56	25
6953.4	19343.02	25
7872.75	21545.6	25
8673.55	24297.41	25
0.47	0.59	26
0.66	0.67	26
0.86	0.78	26
1.05	1.07	26
1.45	1.5	26
1.57	1.87	26
2.41	2.5	26
3.35	3.11	26
4.68	4.97	26
8.1	8.54	26
14.4	13.21	26
26.6	24.99	26
50.22	47.26	26
96.46	91.94	26
186.16	177.61	26
367.74	349.98	26
701.43	677.12	26
1047.48	1005.26	26
1396.05	1332.96	26
1718.94	1663.8	26
2050.35	1983.79	26
2412.48	2314.83	26
2732.75	2638.13	26
3068.65	2956.69	26
0.45	0.47	26
0.54	0.6	26
0.75	0.79	26
1.15	1.21	26
1.53	1.92	26
2.86	2.86	26
2.6	5.9	26
4.41	11.3	26
7.16	22.16	26
12.5	42.89	26
44.77	86.1	26
45.56	170.37	26
89.48	340.74	26
175.4	671.26	26
348.65	1343.84	26
1360.91	2686.98	26
1353.78	5235.01	26
2010.86	7779.8	26
2654.42	10293.09	26
3315.4	12829.81	26
3938.0	15226.6	26
4456.47	17446.76	26
9770.8	19527.73	26
5580.91	21634.69	26
0.39	0.44	26
0.5	0.53	26
0.68	0.67	26
0.86	0.84	26
1.22	1.22	26
1.59	1.35	26
2.31	2.14	26
2.69	3.06	26
4.42	4.41	26
7.48	7.56	26
12.65	12.62	26
23.46	23.7	26
44.82	44.86	26
82.24	87.1	26
158.31	168.23	26
305.41	327.95	26
581.39	633.14	26
867.72	942.0	26
1146.13	1247.89	26
1420.53	1556.14	26
1692.57	1855.39	26
1962.17	2163.66	26
2229.81	2468.72	26
2510.35	2777.68	26
0.38	0.49	26
0.55	0.55	26
0.84	0.76	26
1.19	1.05	26
1.49	1.81	26
2.25	2.9	26
3.0	5.74	26
4.45	10.92	26
7.35	20.49	26
21.32	41.13	26
25.0	84.03	26
44.69	155.1	26
89.47	320.9	26
172.2	641.5	26
342.04	1275.54	26
662.05	2486.15	26
1286.47	4817.0	26
1886.36	7144.37	26
2480.7	9291.2	26
3042.98	11498.65	26
3525.25	13371.0	26
4041.6	15275.63	26
4448.79	17085.08	26
4946.17	18935.68	26
0.42	0.48	27
0.47	0.59	27
0.63	0.68	27
1.01	0.94	27
1.49	1.85	27
1.41	3.04	27
2.29	5.61	27
4.48	10.44	27
6.57	20.29	27
19.11	38.73	27
37.97	75.35	27
39.36	147.82	27
77.35	300.93	27
147.0	587.6	27
291.52	1126.32	27
583.88	2259.1	27
1175.59	4604.09	27
1787.58	7038.25	27
2399.67	9401.65	27
3025.87	11711.11	27
3661.36	14115.06	27
4363.04	16518.03	27
4987.35	19498.72	27
5598.08	21915.11	27
0.45	0.58	27
0.61	0.55	27
0.75	0.66	27
1.03	1.03	27
1.22	1.28	27
1.68	1.75	27
2.22	2.15	27
3.21	3.06	27
4.82	4.56	27
7.77	7.85	27
14.4	14.41	27
26.92	25.7	27
49.6	48.11	27
95.79	94.96	27
193.87	183.04	27
375.81	363.77	27
736.98	705.41	27
1103.46	1059.49	27
1459.12	1413.03	27
1827.63	1755.64	27
2191.62	2112.72	27
2567.53	2492.65	27
2952.12	2834.38	27
3296.1	3211.03	27
0.36	0.39	27
0.48	0.44	27
0.58	0.64	27
1.0	0.82	27
1.38	1.51	27
2.04	2.35	27
2.84	4.96	27
3.91	9.04	27
6.84	17.07	27
10.89	33.19	27
19.09	61.72	27
34.39	122.93	27
68.8	244.26	27
130.1	488.47	27
504.24	989.59	27
518.63	1956.44	27
998.9	3812.7	27
1467.84	5643.54	27
1932.12	7376.42	27
2365.48	9063.69	27
2806.23	10893.78	27
3224.37	12445.87	27
3646.03	14191.46	27
4096.03	15735.85	27
0.4	0.49	27
0.53	0.62	27
0.82	0.66	27
0.98	0.78	27
1.26	1.08	27
1.54	1.43	27
2.21	2.42	27
2.77	3.4	27
4.48	4.65	27
6.77	7.8	27
13.87	13.58	27
23.35	24.33	27
42.96	45.21	27
81.34	86.62	27
163.22	169.03	27
315.4	336.9	27
603.35	652.96	27
899.88	966.63	27
1169.91	1288.56	27
1460.61	1601.23	27
1773.17	1921.01	27
2070.19	2262.65	27
2369.46	2593.86	27
2706.64	2929.29	27
0.5	0.61	28
0.58	0.61	28
0.78	0.81	28
1.19	1.24	28
1.48	2.12	28
1.98	3.68	28
3.24	6.93	28
5.78	13.32	28
10.21	24.39	28
18.83	49.27	28
35.84	100.28	28
71.21	194.48	28
138.61	383.87	28
280.28	756.54	28
578.44	1529.96	28
1164.07	3168.33	28
2287.32	6259.97	28
3536.29	9481.28	28
4732.15	12733.16	28
5975.13	16069.17	28
7220.7	19209.21	28
8445.97	22539.87	28
9628.89	25716.02	28
10785.02	28813.05	28
0.45	0.53	28
0.52	0.63	28
0.65	0.59	28
0.76	0.7	28
1.03	0.84	28
1.11	1.03	28
1.56	1.47	28
1.88	2.05	28
3.59	3.15	28
5.14	5.27	28
8.82	9.11	28
15.37	15.39	28
28.34	28.04	28
52.15	52.08	28
102.01	97.31	28
198.55	190.45	28
380.28	363.6	28
562.49	538.74	28
748.32	716.36	28
923.0	889.31	28
1108.38	1064.87	28
1287.18	1236.06	28
1477.28	1405.34	28
1651.44	1580.1	28
0.39	0.44	28
0.49	0.52	28
0.68	0.76	28
1.0	1.05	28
1.43	1.56	28
1.75	2.7	28
3.01	5.42	28
4.0	10.42	28
7.95	20.22	28
14.14	38.87	28
26.93	76.65	28
52.78	151.04	28
104.11	301.27	28
204.87	602.84	28
408.68	1199.03	28
809.54	2390.87	28
1565.72	4661.85	28
2321.23	6930.99	28
2984.7	9047.42	28
3824.99	11490.92	28
4568.67	13604.73	28
5226.54	15794.49	28
5963.29	17874.84	28
6634.92	20104.58	28
0.43	0.48	28
0.41	0.6	28
0.57	0.55	28
0.69	0.69	28
0.89	0.82	28
1.22	0.97	28
1.5	1.42	28
1.88	2.04	28
2.9	3.05	28
4.67	5.32	28
7.84	9.11	28
13.36	14.67	28
21.93	26.97	28
41.94	52.07	28
81.39	99.1	28
152.79	189.06	28
322.72	362.38	28
413.95	543.21	28
545.63	717.25	28
673.75	887.02	28
794.37	1059.71	28
917.6	1227.98	28
1173.55	1402.05	28
1180.79	1585.9	28
0.34	0.28	29
0.39	0.36	29
0.47	0.44	29
0.53	0.61	29
0.96	0.92	29
1.43	1.48	29
1.96	2.36	29
2.22	2.25	29
3.24	2.25	29
3.56	3.47	29
3.38	3.96	29
4.26	3.64	29
3.57	4.0	29
4.83	5.04	29
6.33	5.97	29
10.08	8.54	29
13.44	13.42	29
23.92	22.2	29
42.88	41.34	29
76.34	79.96	29
241.52	152.43	29
374.43	287.12	29
430.21	419.6	29
729.17	560.41	29
911.0	701.35	29
1339.38	822.79	29
976.47	969.28	29
1452.43	1093.63	29
1244.83	1242.54	29
0.28	0.3	29
0.34	0.38	29
0.41	0.46	29
0.62	0.65	29
0.94	0.92	29
1.6	1.3	29
1.39	2.21	29
2.63	2.43	29
3.47	3.33	29
3.59	4.08	29
4.67	5.05	29
5.21	5.29	29
7.6	7.11	29
9.46	11.22	29
20.04	20.26	29
31.26	36.13	29
59.42	69.88	29
115.14	137.23	29
271.85	272.06	29
367.18	542.21	29
1078.19	1079.99	29
2111.22	2102.6	29
3197.98	3191.07	29
3669.34	4367.95	29
4674.83	5563.89	29
5552.88	6756.13	29
7946.25	7948.9	29
9149.98	9151.09	29
10334.02	10339.09	29
0.24	0.24	29
0.29	0.31	29
0.37	0.37	29
0.5	0.54	29
0.69	0.83	29
1.38	1.26	29
1.47	1.71	29
1.61	2.34	29
2.8	3.05	29
3.01	2.51	29
2.96	3.11	29
3.22	3.35	29
3.82	3.73	29
4.6	4.58	29
5.57	5.62	29
11.53	8.71	29
12.65	13.21	29
22.64	23.11	29
42.05	41.91	29
105.89	78.01	29
148.38	152.05	29
362.52	287.64	29
533.39	420.23	29
718.6	559.58	29
896.24	688.76	29
1297.92	839.12	29
1274.14	965.24	29
1432.16	1098.2	29
1282.85	1237.91	29
0.29	0.26	29
0.34	0.39	29
0.45	0.38	29
0.6	0.64	29
0.98	0.92	29
1.39	1.29	29
2.08	1.7	29
3.17	2.18	29
3.08	3.46	29
3.53	3.3	29
3.16	3.86	29
4.77	4.47	29
6.19	6.58	29
10.62	10.77	29
18.28	19.16	29
28.33	33.52	29
56.29	68.0	29
132.69	131.8	29
218.79	262.6	29
525.21	522.03	29
694.38	1044.85	29
2028.86	2024.97	29
2564.81	3076.34	29
4223.39	4219.76	29
5402.83	5374.92	29
6528.67	6526.17	29
6406.87	7692.36	29
8843.24	8836.72	29
10055.25	9980.13	29
0.25	0.33	30
0.3	0.33	30
0.4	0.45	30
0.65	0.63	30
1.04	0.9	30
0.88	1.42	30
2.15	1.75	30
2.48	2.78	30
2.33	2.64	30
3.2	3.0	30
3.23	3.71	30
4.48	4.23	30
5.15	4.59	30
6.08	5.74	30
8.52	7.75	30
12.23	12.96	30
23.82	21.64	30
44.94	39.22	30
76.47	75.22	30
146.0	146.48	30
288.77	288.69	30
561.89	560.14	30
827.97	826.44	30
1099.08	1106.36	30
1782.97	1375.5	30
1885.8	1632.01	30
2202.76	1931.69	30
2200.7	2172.41	30
2923.6	2457.05	30
0.21	0.29	30
0.31	0.27	30
0.41	0.37	30
0.56	0.66	30
0.8	0.83	30
1.59	1.32	30
1.93	1.9	30
2.28	3.13	30
3.04	3.67	30
3.46	3.67	30
3.72	3.63	30
5.0	5.13	30
7.43	7.74	30
11.29	10.43	30
18.9	19.11	30
36.11	36.87	30
57.3	67.22	30
108.48	129.88	30
213.0	255.81	30
504.96	502.65	30
994.66	993.64	30
1931.88	1929.61	30
2861.6	2860.63	30
3155.39	3777.79	30
4707.01	4700.21	30
3703.34	5615.08	30
5463.42	6586.61	30
6321.13	7607.38	30
7177.63	8636.77	30
0.23	0.28	30
0.26	0.29	30
0.38	0.41	30
0.58	0.56	30
0.9	1.02	30
1.12	1.43	30
1.75	1.97	30
2.27	2.71	30
2.95	2.56	30
2.65	2.9	30
3.63	3.32	30
3.39	3.16	30
4.49	4.18	30
5.37	5.56	30
7.6	7.42	30
13.52	11.76	30
27.56	20.13	30
43.77	36.72	30
81.28	72.02	30
157.04	136.37	30
328.03	268.81	30
602.76	522.49	30
777.08	775.37	30
1187.08	1021.47	30
1279.12	1273.68	30
1559.53	1526.06	30
1787.95	1775.32	30
2436.35	2026.4	30
2294.39	2288.94	30
0.25	0.29	30
0.28	0.35	30
0.33	0.39	30
0.58	0.59	30
0.9	0.78	30
1.42	1.57	30
1.85	1.87	30
3.65	3.16	30
3.15	3.39	30
3.87	3.52	30
3.87	4.08	30
4.67	5.08	30
7.14	7.21	30
9.31	11.56	30
12.47	18.77	30
35.2	33.59	30
65.65	65.41	30
125.8	125.47	30
247.74	248.41	30
488.9	485.34	30
797.03	960.37	30
1479.45	1799.51	30
2637.71	2639.81	30
3567.25	3471.86	30
4417.59	4422.58	30
4342.71	5307.68	30
5140.68	6189.87	30
7383.97	7186.12	30
5581.1	8375.14	30
0.26	0.29	31
0.28	0.34	31
0.35	0.39	31
0.71	0.63	31
0.87	1.08	31
1.36	1.7	31
1.86	2.34	31
2.87	2.3	31
2.91	3.5	31
3.21	4.01	31
3.79	3.31	31
4.45	5.32	31
7.22	7.05	31
8.13	9.98	31
19.54	18.55	31
22.16	32.98	31
54.68	65.24	31
104.83	128.43	31
251.78	251.72	31
501.51	499.71	31
659.74	997.39	31
1627.27	1943.56	31
2421.8	2885.91	31
3189.4	3833.47	31
4803.19	4775.31	31
4742.51	5712.09	31
6614.89	6589.45	31
7492.67	7471.52	31
8432.83	8435.19	31
0.28	0.32	31
0.44	0.34	31
0.4	0.45	31
0.57	0.69	31
1.16	1.0	31
1.42	1.47	31
2.32	1.93	31
2.7	3.08	31
3.12	2.53	31
3.57	3.51	31
3.1	2.8	31
4.19	4.08	31
4.79	4.76	31
6.34	6.17	31
8.76	7.93	31
13.95	12.83	31
21.57	20.97	31
40.41	39.44	31
76.6	74.71	31
188.22	145.68	31
330.56	284.73	31
650.31	553.48	31
952.54	826.81	31
1101.9	1101.4	31
1371.81	1369.22	31
1923.81	1643.01	31
2200.53	1911.39	31
2192.26	2188.06	31
2465.12	2465.65	31
0.22	0.25	31
0.28	0.29	31
0.32	0.37	31
0.48	0.53	31
0.82	0.88	31
1.16	1.35	31
1.56	1.89	31
2.43	2.1	31
2.9	3.17	31
2.78	3.28	31
2.99	3.65	31
3.55	4.55	31
4.53	5.8	31
8.2	8.26	31
13.8	16.16	31
14.22	28.95	31
54.17	53.67	31
103.9	104.37	31
96.11	202.59	31
403.61	402.29	31
800.62	800.24	31
1565.47	1567.94	31
2325.67	2323.21	31
3110.82	3080.34	31
3258.83	3842.74	31
4958.64	4786.75	31
5752.61	5753.1	31
6570.42	6565.22	31
4802.44	7420.31	31
0.24	0.31	31
0.31	0.3	31
0.39	0.42	31
0.6	0.58	31
1.05	1.14	31
1.56	1.43	31
2.34	1.59	31
2.95	2.64	31
2.91	3.13	31
2.53	3.21	31
3.62	3.69	31
4.12	4.26	31
4.94	4.23	31
5.88	5.59	31
8.86	8.16	31
12.66	12.94	31
21.96	22.82	31
40.62	39.87	31
75.65	74.64	31
144.92	145.31	31
344.16	285.86	31
567.06	555.18	31
827.33	828.17	31
1123.87	1095.92	31
1620.33	1386.66	31
1649.1	1647.9	31
1920.81	1907.11	31
2189.13	2189.1	31
2515.41	2460.97	31
0.28	0.28	32
0.3	0.34	32
0.36	0.43	32
0.58	0.59	32
1.02	0.91	32
1.26	1.4	32
1.34	2.47	32
3.57	3.22	32
2.96	2.86	32
3.41	3.46	32
3.62	4.46	32
5.73	4.81	32
5.67	6.79	32
11.08	11.29	32
20.04	20.34	32
36.87	37.26	32
69.84	68.44	32
134.82	135.31	32
263.44	264.72	32
526.06	522.58	32
861.52	1035.54	32
2009.79	2008.27	32
2472.49	2970.65	32
3276.04	3935.52	32
4896.04	4915.2	32
4896.53	5869.43	32
6826.92	6821.14	32
7785.35	7793.62	32
8759.32	8778.63	32
0.33	0.29	32
0.28	0.32	32
0.32	0.43	32
0.67	0.72	32
0.69	1.15	32
1.42	1.41	32
2.7	1.8	32
2.27	2.44	32
3.03	2.66	32
2.6	3.1	32
4.12	3.32	32
3.41	3.98	32
4.18	4.17	32
4.47	4.65	32
6.37	6.27	32
9.08	9.0	32
13.21	12.45	32
23.68	23.02	32
41.24	40.98	32
76.91	76.89	32
150.2	147.55	32
369.51	283.46	32
425.79	421.98	32
561.37	573.41	32
701.9	693.37	32
833.4	827.69	32
1309.31	964.41	32
1130.45	1098.65	32
1656.63	1232.8	32
0.21	0.25	32
0.24	0.26	32
0.33	0.36	32
0.51	0.48	32
0.77	0.77	32
1.18	1.21	32
1.8	1.77	32
2.49	2.0	32
2.56	2.58	32
3.21	3.08	32
3.02	3.94	32
4.52	3.96	32
5.56	6.27	32
10.0	10.67	32
17.1	17.48	32
27.07	32.04	32
60.3	60.29	32
116.4	116.52	32
229.34	229.22	32
375.16	453.58	32
903.25	899.34	32
1751.2	1747.54	32
2602.24	2599.75	32
3471.47	3444.03	32
4297.02	4293.22	32
4254.23	5159.67	32
6000.45	5997.41	32
6855.71	6845.36	32
5001.36	7696.09	32
0.21	0.28	32
0.29	0.3	32
0.4	0.38	32
0.57	0.55	32
0.77	1.03	32
1.05	1.12	32
2.39	1.58	32
2.41	2.02	32
3.04	3.39	32
3.11	4.29	32
3.66	2.96	32
3.15	3.81	32
4.07	3.6	32
5.34	5.05	32
5.47	5.32	32
8.83	8.49	32
15.47	14.16	32
23.88	22.26	32
56.11	40.15	32
76.03	77.99	32
157.49	150.0	32
287.4	286.9	32
421.69	426.95	32
714.88	560.07	32
726.25	694.83	32
861.12	827.54	32
975.19	981.11	32
1099.68	1093.95	32
1588.57	1228.53	32
0.39	0.37	33
0.36	0.39	33
0.59	0.56	33
0.8	0.86	33
1.09	1.24	33
1.62	2.28	33
1.82	3.85	33
2.05	4.94	33
2.58	5.79	33
3.57	6.57	33
4.33	6.75	33
5.81	7.82	33
9.15	10.77	33
14.51	16.67	33
27.03	26.55	33
48.47	47.09	33
91.21	85.54	33
174.11	159.54	33
255.32	235.55	33
333.95	307.26	33
419.89	383.04	33
503.52	455.18	33
583.56	530.82	33
650.66	605.12	33
731.47	680.28	33
0.26	0.47	33
0.39	0.42	33
0.47	0.51	33
0.81	0.85	33
1.1	1.44	33
1.35	2.38	33
1.61	3.96	33
2.08	6.18	33
3.74	9.1	33
4.55	10.86	33
6.18	16.6	33
10.89	28.27	33
18.93	46.85	33
36.48	89.54	33
67.41	170.8	33
132.37	327.68	33
252.02	642.34	33
475.61	1236.72	33
690.48	1810.33	33
914.61	2402.53	33
1143.25	2985.6	33
1365.05	3575.44	33
1589.24	4167.62	33
1808.33	4755.87	33
2039.24	5375.32	33
0.29	0.33	33
0.32	0.32	33
0.45	0.54	33
0.8	0.79	33
0.84	1.08	33
1.54	1.83	33
2.03	3.39	33
1.88	5.25	33
2.63	5.98	33
3.28	5.41	33
4.37	7.89	33
5.36	7.75	33
8.63	11.09	33
14.29	16.1	33
26.35	25.98	33
43.54	46.07	33
85.47	86.6	33
163.91	159.28	33
242.83	237.88	33
316.14	307.78	33
390.21	384.08	33
461.27	453.83	33
542.61	529.5	33
607.47	605.28	33
678.35	673.54	33
0.28	0.4	33
0.34	0.39	33
0.49	0.5	33
0.78	0.74	33
1.11	1.26	33
1.49	1.98	33
1.43	3.34	33
2.2	5.42	33
2.79	7.93	33
4.77	9.67	33
6.04	15.58	33
9.31	25.32	33
18.17	45.24	33
32.86	81.84	33
63.21	157.95	33
120.5	302.71	33
230.19	599.6	33
447.47	1155.47	33
639.49	1691.09	33
831.28	2244.29	33
1031.68	2782.56	33
1241.47	3332.69	33
1439.53	4022.05	33
1634.28	4581.15	33
1846.08	5153.0	33
0.37	0.43	34
0.37	0.4	34
0.53	0.41	34
0.69	0.72	34
1.12	1.05	34
1.38	2.17	34
1.54	3.74	34
2.14	5.07	34
3.15	7.25	34
4.63	8.54	34
6.9	9.38	34
10.29	13.45	34
17.24	20.65	34
33.65	37.5	34
64.89	65.38	34
124.05	125.79	34
248.14	244.56	34
479.1	470.9	34
715.74	697.78	34
946.43	937.41	34
1181.74	1150.49	34
1409.4	1370.85	34
1644.09	1596.58	34
1877.99	1822.44	34
2105.81	2048.93	34
0.29	0.48	34
0.32	0.43	34
0.52	0.55	34
0.86	0.73	34
1.13	1.22	34
1.44	2.19	34
1.9	3.39	34
2.06	5.22	34
3.06	6.8	34
3.21	8.09	34
4.2	11.94	34
6.26	17.99	34
9.95	32.58	34
16.95	57.81	34
31.14	111.08	34
58.03	211.39	34
110.83	413.93	34
214.52	805.86	34
316.22	1203.21	34
417.93	1587.95	34
524.18	1997.0	34
651.68	2422.09	34
762.46	2943.7	34
881.07	3384.76	34
984.41	3829.35	34
0.25	0.34	34
0.29	0.34	34
0.41	0.43	34
0.67	0.59	34
0.97	1.11	34
1.5	1.77	34
1.47	3.02	34
1.76	4.75	34
2.92	5.82	34
3.53	7.52	34
5.5	8.54	34
9.29	12.75	34
15.97	18.98	34
29.35	32.47	34
56.3	58.51	34
112.08	109.46	34
212.21	212.49	34
415.46	410.08	34
614.66	610.55	34
807.21	806.7	34
1007.46	1001.93	34
1196.77	1197.68	34
1455.55	1431.94	34
1621.48	1638.8	34
1855.31	1858.83	34
0.29	0.35	34
0.35	0.36	34
0.45	0.46	34
0.72	0.74	34
1.09	1.14	34
1.28	1.75	34
1.75	2.95	34
1.88	4.42	34
2.64	5.82	34
3.1	7.23	34
3.92	10.64	34
5.9	16.6	34
8.87	28.65	34
15.76	54.01	34
27.46	100.98	34
51.05	197.61	34
96.57	387.08	34
185.38	753.48	34
271.57	1118.47	34
353.95	1483.33	34
446.28	1862.25	34
539.37	2260.09	34
623.23	2662.71	34
716.93	3065.08	34
811.54	3469.41	34
0.3	0.38	35
0.4	0.33	35
0.41	0.5	35
0.71	0.78	35
1.21	1.36	35
1.09	2.34	35
1.9	3.1	35
1.85	4.79	35
3.51	6.57	35
3.56	8.93	35
4.58	12.11	35
7.16	20.13	35
9.97	32.87	35
17.5	60.3	35
32.37	118.29	35
61.14	227.61	35
116.36	448.05	35
223.07	862.59	35
326.03	1271.05	35
435.04	1690.03	35
546.49	2139.82	35
658.19	2578.13	35
764.46	3021.24	35
876.28	3454.26	35
982.13	3877.6	35
0.28	0.4	35
0.39	0.35	35
0.56	0.48	35
0.81	0.75	35
0.98	1.36	35
1.21	2.34	35
2.01	3.64	35
2.12	5.83	35
3.34	7.64	35
4.3	8.62	35
6.0	10.91	35
9.86	13.98	35
17.63	21.24	35
31.2	35.61	35
60.25	62.44	35
115.01	118.32	35
227.87	225.17	35
438.63	430.71	35
658.54	640.33	35
869.56	845.49	35
1083.99	1049.32	35
1297.97	1257.01	35
1507.11	1459.68	35
1714.87	1671.75	35
1925.04	1879.06	35
0.28	0.34	35
0.34	0.36	35
0.42	0.49	35
0.71	0.65	35
1.1	1.01	35
1.28	1.73	35
1.47	2.62	35
1.45	4.18	35
2.88	5.67	35
3.06	7.08	35
3.8	10.5	35
5.7	16.09	35
8.41	26.84	35
13.71	49.79	35
25.54	97.17	35
47.92	187.39	35
89.03	368.04	35
171.12	703.1	35
245.33	1041.47	35
324.93	1398.9	35
406.99	1743.0	35
488.14	2091.25	35
559.83	2446.52	35
645.57	2788.21	35
725.74	3132.44	35
0.26	0.36	35
0.32	0.32	35
0.46	0.44	35
0.65	0.64	35
0.99	1.16	35
2.06	1.91	35
1.85	3.04	35
2.62	4.85	35
2.7	7.32	35
3.76	8.26	35
5.77	8.37	35
9.08	12.86	35
15.49	18.73	35
28.7	31.89	35
56.24	56.25	35
105.83	107.91	35
209.21	207.03	35
392.81	397.22	35
605.8	583.68	35
771.91	775.8	35
959.79	983.1	35
1150.69	1155.19	35
1346.93	1338.04	35
1519.61	1530.8	35
1718.05	1718.82	35
0.32	0.42	36
0.43	0.36	36
0.47	0.54	36
0.75	0.72	36
1.11	1.12	36
1.45	1.8	36
1.36	3.43	36
1.85	4.83	36
3.22	7.81	36
4.6	10.32	36
6.84	15.38	36
10.24	24.3	36
17.3	41.34	36
32.4	78.48	36
61.63	147.85	36
120.05	289.69	36
237.37	570.08	36
454.42	1104.6	36
678.72	1646.05	36
901.34	2186.5	36
1128.32	2728.85	36
1348.45	3268.4	36
1572.83	3806.42	36
1798.3	4344.25	36
2019.01	4859.0	36
0.31	0.38	36
0.36	0.4	36
0.44	0.47	36
0.73	0.72	36
1.15	1.35	36
1.34	1.81	36
1.83	2.8	36
2.24	4.57	36
2.69	5.46	36
3.7	6.77	36
4.15	6.09	36
5.77	7.76	36
8.9	10.46	36
14.87	15.96	36
25.61	25.78	36
47.68	46.24	36
89.52	84.49	36
173.48	158.51	36
258.09	232.65	36
336.73	309.0	36
421.73	382.66	36
499.0	455.52	36
578.54	528.13	36
663.53	607.76	36
742.22	681.59	36
0.27	0.29	36
0.32	0.33	36
0.42	0.44	36
0.69	0.6	36
1.03	0.92	36
1.34	1.88	36
1.9	3.05	36
1.82	4.61	36
2.5	6.94	36
4.12	8.8	36
5.46	13.39	36
9.13	20.57	36
16.48	37.56	36
29.59	68.97	36
55.85	133.36	36
105.65	257.91	36
209.43	507.9	36
405.8	987.61	36
590.03	1462.37	36
785.62	1941.88	36
964.35	2412.71	36
1163.07	2888.77	36
1330.38	3367.48	36
1523.33	3849.99	36
1695.47	4317.95	36
0.29	0.37	36
0.32	0.34	36
0.49	0.47	36
0.87	0.71	36
0.92	1.08	36
1.5	1.89	36
2.03	2.94	36
2.1	3.92	36
2.67	5.34	36
3.43	6.05	36
3.86	5.98	36
5.55	7.66	36
8.5	10.34	36
15.28	16.69	36
25.25	25.71	36
48.03	44.39	36
94.79	86.13	36
160.1	158.56	36
245.37	236.57	36
303.69	306.95	36
394.26	380.94	36
484.22	457.63	36
529.01	532.01	36
611.81	604.13	36
674.19	676.6	36
0.3	0.31	37
0.37	0.28	37
0.32	0.38	37
0.33	0.37	37
0.39	0.33	37
0.41	0.38	37
0.41	0.46	37
0.46	0.49	37
0.61	0.53	37
0.65	0.58	37
0.77	0.8	37
1.07	0.93	37
1.56	1.47	37
2.34	2.31	37
4.39	4.28	37
7.32	7.09	37
12.23	12.27	37
22.54	22.17	37
41.25	42.85	37
79.71	80.33	37
155.73	153.96	37
227.66	225.21	37
297.27	296.02	37
367.84	372.03	37
441.41	454.89	37
513.3	529.61	37
587.22	589.84	37
658.69	659.87	37
0.34	0.39	37
0.3	0.4	37
0.28	0.32	37
0.36	0.42	37
0.28	0.36	37
0.3	0.4	37
0.4	0.39	37
0.53	0.45	37
0.63	0.64	37
0.89	0.96	37
1.59	1.48	37
3.21	2.74	37
6.32	3.93	37
10.61	11.02	37
21.83	20.49	37
42.68	41.82	37
83.87	84.01	37
167.67	167.08	37
330.39	330.93	37
657.33	657.54	37
1279.51	1276.52	37
1897.97	1898.87	37
2516.81	2520.02	37
3137.73	3137.34	37
3758.43	3756.34	37
4377.21	4375.78	37
4995.31	4996.13	37
5620.47	5642.73	37
0.3	0.26	37
0.24	0.24	37
0.27	0.26	37
0.27	0.25	37
0.28	0.24	37
0.35	0.35	37
0.32	0.32	37
0.4	0.41	37
0.45	0.49	37
0.58	0.5	37
0.76	0.65	37
0.97	0.98	37
1.42	1.31	37
2.32	2.44	37
4.09	4.08	37
7.26	6.95	37
12.25	12.24	37
23.05	21.94	37
41.71	40.88	37
79.49	80.15	37
153.13	155.55	37
223.69	226.56	37
299.29	300.11	37
370.9	372.63	37
440.44	440.12	37
543.94	513.6	37
583.8	586.48	37
661.27	657.38	37
0.27	0.29	37
0.28	0.3	37
0.29	0.33	37
0.29	0.28	37
0.27	0.33	37
0.31	0.3	37
0.4	0.37	37
0.47	0.45	37
0.71	0.57	37
1.15	0.93	37
1.64	1.52	37
3.04	2.47	37
5.59	5.16	37
10.9	10.61	37
22.02	20.58	37
42.45	41.26	37
84.1	84.37	37
166.85	166.47	37
331.22	332.99	37
659.09	658.39	37
1276.24	1278.73	37
1901.78	1901.17	37
2521.78	2520.99	37
3136.22	3138.37	37
3765.35	3757.77	37
4382.72	4377.37	37
5001.87	4984.57	37
5605.29	5621.79	37
0.26	0.3	38
0.3	0.27	38
0.25	0.26	38
0.32	0.3	38
0.3	0.34	38
0.33	0.3	38
0.37	0.44	38
0.48	0.39	38
0.55	0.52	38
0.66	0.77	38
0.88	0.94	38
1.52	1.48	38
2.44	2.51	38
4.16	4.46	38
8.75	9.5	38
16.6	17.29	38
31.52	31.77	38
62.6	62.41	38
123.19	121.54	38
240.29	241.46	38
466.15	464.3	38
689.08	689.19	38
909.97	910.51	38
1134.54	1135.06	38
1355.61	1356.64	38
1576.99	1582.31	38
1801.32	1803.59	38
2025.16	2031.23	38
0.26	0.31	38
0.26	0.26	38
0.3	0.31	38
0.25	0.33	38
0.22	0.3	38
0.34	0.33	38
0.4	0.4	38
0.45	0.42	38
0.61	0.63	38
1.02	0.84	38
1.36	1.73	38
2.6	3.09	38
4.76	4.99	38
9.55	10.03	38
19.95	19.29	38
40.18	39.65	38
76.69	78.01	38
154.27	155.38	38
302.79	304.04	38
602.16	607.61	38
1177.09	1175.84	38
1744.95	1743.86	38
2305.38	2313.22	38
2873.64	2874.8	38
3433.93	3434.56	38
4000.28	4018.86	38
4568.95	4572.66	38
5121.51	5136.54	38
0.24	0.3	38
0.25	0.25	38
0.24	0.26	38
0.23	0.29	38
0.23	0.3	38
0.32	0.32	38
0.35	0.37	38
0.38	0.37	38
0.55	0.45	38
0.6	0.64	38
0.92	0.86	38
1.4	1.27	38
2.19	2.19	38
3.96	3.93	38
7.69	7.79	38
14.5	14.26	38
27.07	26.89	38
52.18	54.49	38
101.8	102.76	38
201.61	202.42	38
390.76	391.29	38
580.92	578.34	38
765.26	767.21	38
955.22	953.64	38
1142.25	1155.8	38
1327.55	1323.2	38
1508.3	1508.91	38
1704.24	1700.35	38
0.23	0.31	38
0.27	0.27	38
0.25	0.27	38
0.26	0.29	38
0.31	0.25	38
0.32	0.37	38
0.35	0.42	38
0.44	0.49	38
0.61	0.57	38
1.02	0.79	38
1.67	1.39	38
2.63	2.39	38
5.2	5.32	38
9.67	9.36	38
18.69	19.57	38
38.21	36.94	38
74.84	74.6	38
148.74	148.21	38
291.31	293.34	38
582.02	581.45	38
1132.26	1135.44	38
1683.41	1679.56	38
2222.14	2223.85	38
2761.74	2747.59	38
3253.26	3250.36	38
3755.34	3752.91	38
4264.21	4257.02	38
4960.55	4755.09	38
0.25	0.32	39
0.25	0.29	39
0.25	0.29	39
0.28	0.25	39
0.26	0.33	39
0.3	0.37	39
0.41	0.34	39
0.5	0.5	39
0.59	0.56	39
1.06	0.9	39
1.45	1.46	39
2.93	2.54	39
5.03	5.03	39
9.04	9.07	39
17.24	18.1	39
34.92	35.21	39
70.28	69.79	39
137.06	139.58	39
273.01	274.17	39
544.96	543.05	39
1054.21	1055.56	39
1561.71	1564.22	39
2064.74	2068.2	39
2559.75	2564.69	39
3058.36	3061.22	39
3553.94	3560.47	39
4072.02	4075.73	39
4664.55	4634.94	39
0.25	0.34	39
0.3	0.27	39
0.26	0.26	39
0.31	0.31	39
0.28	0.29	39
0.3	0.32	39
0.37	0.35	39
0.4	0.43	39
0.46	0.48	39
0.64	0.77	39
0.93	0.91	39
1.45	1.58	39
2.24	2.26	39
3.83	3.83	39
7.83	7.72	39
15.09	15.84	39
28.84	29.24	39
56.61	56.43	39
111.13	112.44	39
221.43	222.08	39
426.04	423.48	39
633.72	630.42	39
838.11	838.36	39
1049.25	1048.52	39
1255.34	1251.14	39
1458.26	1454.57	39
1667.35	1662.57	39
1878.12	1869.08	39
0.24	0.27	39
0.28	0.27	39
0.23	0.27	39
0.25	0.26	39
0.26	0.28	39
0.31	0.28	39
0.31	0.3	39
0.41	0.41	39
0.55	0.55	39
0.79	0.77	39
1.42	1.27	39
2.44	2.23	39
3.74	3.87	39
7.66	7.8	39
15.16	15.64	39
30.85	30.58	39
60.3	60.04	39
120.87	120.66	39
240.22	237.13	39
473.35	473.46	39
923.07	919.15	39
1362.77	1360.84	39
1806.18	1801.81	39
2243.73	2242.21	39
2680.02	2692.03	39
3126.8	3119.14	39
3586.79	3580.86	39
4055.84	4056.93	39
0.24	0.29	39
0.3	0.25	39
0.28	0.29	39
0.23	0.29	39
0.28	0.25	39
0.32	0.32	39
0.37	0.37	39
0.4	0.41	39
0.54	0.56	39
0.6	0.6	39
0.88	0.91	39
1.43	1.46	39
2.28	2.24	39
4.04	4.07	39
7.85	7.54	39
14.77	14.65	39
28.02	28.16	39
54.35	54.42	39
106.28	105.84	39
210.06	209.02	39
405.54	403.7	39
600.19	603.42	39
794.63	794.55	39
990.17	985.27	39
1183.38	1183.89	39
1377.71	1376.52	39
1570.54	1571.9	39
1772.35	1767.08	39
0.23	0.28	40
0.27	0.25	40
0.2	0.24	40
0.22	0.3	40
0.28	0.26	40
0.35	0.28	40
0.31	0.3	40
0.47	0.4	40
0.65	0.57	40
0.84	0.74	40
1.44	1.48	40
2.52	2.33	40
5.4	5.41	40
10.85	9.54	40
21.0	20.18	40
40.57	40.11	40
80.79	81.19	40
162.4	160.56	40
324.67	328.1	40
658.56	660.77	40
1291.26	1290.45	40
1918.84	1926.38	40
2546.68	2548.31	40
3172.08	3181.56	40
3795.19	3789.63	40
4408.71	4418.45	40
5030.51	5035.21	40
5664.9	5653.73	40
0.2	0.24	40
0.22	0.22	40
0.24	0.24	40
0.26	0.27	40
0.26	0.27	40
0.29	0.25	40
0.28	0.29	40
0.37	0.39	40
0.56	0.54	40
0.77	0.84	40
1.37	1.42	40
2.61	2.48	40
4.36	4.74	40
8.98	8.9	40
18.59	17.08	40
37.32	37.43	40
74.28	74.12	40
147.01	146.34	40
290.79	292.69	40
578.83	581.28	40
1125.07	1132.68	40
1674.72	1674.14	40
2226.88	2223.1	40
2765.5	2766.34	40
3306.49	3305.62	40
3855.76	3851.91	40
4396.09	4404.01	40
4943.07	4949.59	40
0.26	0.27	40
0.25	0.24	40
0.23	0.33	40
0.23	0.25	40
0.25	0.29	40
0.32	0.3	40
0.35	0.35	40
0.41	0.39	40
0.46	0.55	40
0.61	0.51	40
0.71	0.63	40
1.0	0.96	40
1.48	1.43	40
2.4	2.26	40
4.03	4.2	40
7.12	7.04	40
12.32	12.49	40
22.17	22.46	40
41.26	42.25	40
80.73	81.35	40
154.33	154.26	40
222.36	223.81	40
296.9	301.67	40
371.25	371.51	40
442.33	444.28	40
510.55	515.46	40
584.7	585.56	40
662.45	660.91	40
