0.62	0.56	1
0.74	0.71	1
1.09	1.1	1
1.14	1.06	1
1.52	1.1	1
1.55	1.25	1
1.31	1.52	1
1.61	1.76	1
2.38	1.9	1
2.31	2.64	1
3.25	3.15	1
4.73	5.05	1
7.78	9.34	1
12.79	12.66	1
23.52	23.01	1
35.17	50.29	1
67.01	81.66	1
127.59	224.18	1
311.27	439.87	1
368.64	365.35	1
483.46	730.73	1
757.05	596.47	1
711.11	1270.32	1
1049.33	1051.73	1
1198.19	1447.91	1
1353.88	1628.35	1
0.62	0.58	1
0.94	0.93	1
1.12	1.05	1
1.19	1.28	1
1.5	1.34	1
1.82	1.31	1
1.72	1.8	1
1.73	2.27	1
3.05	3.02	1
4.25	4.6	1
7.57	7.01	1
14.28	11.82	1
27.87	21.95	1
45.47	38.31	1
89.44	89.98	1
207.01	116.06	1
349.41	290.32	1
818.99	455.94	1
1591.19	1122.79	1
2370.01	2026.43	1
2253.75	1782.45	1
3449.66	3445.28	1
4169.36	3451.44	1
4912.96	4896.5	1
6579.58	4639.73	1
7402.02	4131.33	1
0.56	0.53	1
0.57	0.67	1
1.18	0.83	1
1.31	1.23	1
1.02	1.29	1
1.39	1.58	1
1.35	1.43	1
1.36	1.56	1
2.05	2.01	1
2.14	2.35	1
3.07	3.79	1
3.86	5.13	1
6.36	10.42	1
10.38	13.8	1
18.85	34.56	1
35.25	45.46	1
66.37	101.83	1
163.73	164.81	1
326.73	369.08	1
373.55	460.8	1
482.42	866.11	1
601.46	755.49	1
933.63	1264.1	1
834.27	1309.93	1
1199.9	1456.42	1
1073.06	1383.03	1
0.58	0.55	1
0.71	0.84	1
1.14	1.09	1
1.41	1.2	1
1.31	1.35	1
1.45	1.72	1
1.5	1.99	1
1.91	2.14	1
2.75	3.73	1
4.54	4.85	1
6.53	8.73	1
12.77	12.26	1
27.47	20.65	1
38.73	41.07	1
103.91	75.37	1
208.2	149.08	1
410.67	296.9	1
702.29	467.67	1
1591.5	1147.47	1
1691.73	1341.99	1
3201.24	1798.08	1
4041.24	2870.17	1
4896.75	3479.02	1
4062.03	4058.87	1
6586.74	5617.36	1
6317.48	7399.7	1
0.52	0.6	2
0.78	1.19	2
1.0	1.04	2
1.24	1.47	2
1.25	1.43	2
1.55	1.78	2
1.96	1.98	2
2.16	1.93	2
2.42	2.44	2
2.96	2.97	2
4.43	4.75	2
6.54	7.51	2
11.33	12.61	2
21.45	21.29	2
35.95	47.65	2
68.56	77.97	2
151.56	180.94	2
298.14	359.08	2
578.9	518.27	2
856.49	951.0	2
1132.86	1247.86	2
1259.48	1406.84	2
1679.93	1504.81	2
1738.23	1947.97	2
2212.26	2464.58	2
2220.71	2746.7	2
0.73	0.59	2
0.74	0.9	2
1.08	1.04	2
1.23	1.34	2
1.31	1.55	2
1.25	1.79	2
1.51	1.67	2
2.22	2.38	2
2.52	2.87	2
4.39	4.29	2
7.01	6.18	2
10.85	12.17	2
20.76	20.86	2
46.65	27.27	2
78.16	51.28	2
179.44	152.48	2
356.63	245.71	2
597.22	487.21	2
1371.78	730.84	2
1716.64	1399.08	2
2695.32	1856.01	2
3346.7	2301.25	2
3393.31	2120.59	2
3194.17	3201.49	2
4487.34	4478.63	2
5957.31	4094.83	2
0.51	0.54	2
0.75	0.78	2
0.98	0.94	2
1.14	1.39	2
1.31	1.31	2
1.32	1.37	2
1.44	1.59	2
1.85	2.02	2
2.02	2.15	2
2.89	3.29	2
3.57	5.01	2
5.93	7.24	2
11.68	13.07	2
21.13	24.98	2
41.24	46.96	2
65.19	73.16	2
143.02	141.8	2
249.18	343.83	2
480.89	599.68	2
718.71	816.06	2
948.52	1182.84	2
1472.42	1759.52	2
1414.59	1429.41	2
1640.23	2053.18	2
1874.51	2339.93	2
2110.31	2760.79	2
0.62	0.6	2
0.81	0.82	2
0.98	0.94	2
1.56	1.44	2
1.14	1.3	2
1.4	1.41	2
1.98	1.63	2
1.82	2.27	2
2.77	3.23	2
4.36	4.59	2
7.55	4.96	2
11.57	11.1	2
17.64	15.37	2
40.76	35.55	2
91.87	78.83	2
180.32	153.43	2
356.85	198.43	2
712.54	606.15	2
1373.88	968.69	2
2043.5	1728.0	2
2699.33	1879.14	2
3350.08	2340.57	2
2795.76	2802.71	2
4620.7	3221.49	2
5225.33	3620.92	2
5832.24	5835.92	2
0.55	0.68	3
0.73	0.74	3
1.13	0.91	3
1.07	1.15	3
1.21	1.17	3
1.37	1.4	3
1.34	1.6	3
1.89	1.82	3
3.23	2.27	3
4.43	3.71	3
6.69	6.89	3
12.5	11.92	3
16.0	13.21	3
44.45	31.32	3
87.79	59.78	3
173.32	145.45	3
341.29	235.1	3
680.17	355.87	3
1109.97	1099.33	3
1941.63	1330.12	3
1754.84	1759.01	3
3203.47	1666.29	3
3829.9	1991.67	3
4626.26	3177.41	3
4457.1	4453.99	3
5008.58	4075.41	3
0.55	0.59	3
0.91	0.78	3
1.17	1.24	3
1.29	1.47	3
1.3	1.59	3
1.51	1.31	3
1.9	1.87	3
2.08	1.61	3
2.21	2.67	3
3.13	3.05	3
4.04	4.44	3
6.33	6.52	3
12.47	12.46	3
18.71	21.73	3
37.07	43.31	3
77.32	77.42	3
135.72	166.58	3
301.58	359.12	3
525.35	643.05	3
771.41	945.55	3
1021.95	1261.58	3
1465.22	1564.83	3
1744.2	1912.17	3
2239.04	2232.22	3
2070.07	2309.47	3
2595.35	2867.14	3
0.56	0.49	3
0.63	0.7	3
0.76	0.92	3
1.07	0.9	3
1.12	1.42	3
1.57	1.22	3
1.46	2.02	3
1.8	1.86	3
2.73	2.3	3
3.69	4.34	3
6.32	6.88	3
9.64	9.45	3
21.41	16.23	3
40.96	35.63	3
79.26	80.35	3
132.91	108.79	3
213.0	260.7	3
613.42	422.14	3
1004.36	1004.66	3
1214.67	1215.35	3
2365.03	1226.95	3
2942.67	1993.1	3
3519.82	2402.86	3
4105.01	2119.55	3
4674.8	3163.89	3
5253.71	5260.54	3
0.5	0.5	3
0.84	0.68	3
1.07	1.12	3
1.18	1.22	3
1.26	1.34	3
1.35	1.61	3
1.48	1.92	3
1.79	1.72	3
1.88	2.02	3
3.01	3.34	3
4.15	4.67	3
6.53	6.73	3
10.32	13.78	3
18.42	21.74	3
33.57	37.57	3
71.98	66.07	3
125.44	184.68	3
248.05	303.44	3
481.26	599.97	3
713.75	890.87	3
1190.3	1181.51	3
1176.64	1472.65	3
1409.53	1776.41	3
1871.12	2060.71	3
2101.81	2620.7	3
2109.15	2620.5	3
0.55	0.53	4
1.01	0.79	4
1.46	0.97	4
1.06	1.28	4
1.43	1.44	4
1.65	1.3	4
1.77	1.67	4
1.99	2.12	4
2.67	3.07	4
4.67	5.2	4
8.4	6.68	4
15.26	11.6	4
23.36	19.79	4
45.43	47.4	4
93.2	92.0	4
181.61	150.3	4
419.13	233.44	4
834.11	587.01	4
1380.5	902.4	4
2399.49	1336.98	4
2706.64	2711.24	4
3952.05	2779.51	4
4037.56	4026.38	4
4689.44	4684.69	4
6267.17	3489.22	4
7049.16	6003.7	4
0.57	0.6	4
0.81	0.78	4
0.92	1.07	4
1.2	1.24	4
1.25	1.15	4
1.77	1.75	4
1.35	1.48	4
2.22	1.77	4
1.99	2.04	4
1.99	2.58	4
3.48	3.44	4
4.11	4.79	4
6.3	6.74	4
10.31	12.64	4
19.08	27.29	4
34.75	58.46	4
67.44	97.45	4
131.07	191.82	4
245.87	376.18	4
654.19	548.89	4
481.82	853.08	4
913.05	1076.24	4
717.78	1081.99	4
1046.66	1280.55	4
948.29	1447.15	4
1354.38	1629.23	4
0.5	0.54	4
0.71	0.75	4
0.94	1.07	4
1.27	1.2	4
1.37	1.21	4
1.48	1.38	4
1.76	1.66	4
1.82	1.96	4
2.74	2.6	4
3.83	4.24	4
7.25	5.28	4
13.08	11.35	4
21.14	16.04	4
41.35	28.41	4
94.3	67.61	4
185.21	186.9	4
368.06	260.94	4
626.1	729.56	4
1427.55	993.03	4
2099.03	1476.46	4
2786.55	2786.45	4
2938.68	2423.33	4
4153.46	2243.26	4
4851.23	3364.76	4
4675.39	4677.67	4
6204.13	4302.58	4
0.55	0.49	4
0.61	0.62	4
0.98	1.06	4
1.39	1.11	4
1.17	1.19	4
1.06	1.68	4
1.26	1.36	4
1.72	1.53	4
1.98	2.05	4
1.76	2.73	4
2.79	3.73	4
3.9	5.53	4
6.26	8.92	4
10.85	16.46	4
19.56	34.21	4
35.7	61.43	4
65.48	109.33	4
162.08	189.65	4
250.55	383.64	4
560.14	367.64	4
482.46	728.86	4
758.37	752.79	4
718.62	720.81	4
1056.78	1290.61	4
1460.13	1192.25	4
1072.78	1881.27	4
0.45	0.39	5
0.63	0.58	5
0.75	0.87	5
1.2	1.3	5
1.87	2.25	5
2.83	2.14	5
2.51	3.04	5
3.31	4.32	5
3.86	4.78	5
6.62	6.18	5
10.82	10.92	5
17.86	18.23	5
34.72	32.81	5
64.27	64.47	5
120.19	120.72	5
217.24	215.52	5
370.9	370.86	5
622.76	625.51	5
874.7	874.45	5
1115.01	1108.57	5
1363.06	1353.97	5
1576.05	1584.09	5
1781.34	1813.28	5
1988.95	2049.77	5
2198.91	2238.88	5
0.38	0.42	5
0.55	0.53	5
0.84	0.85	5
1.39	1.25	5
2.22	2.2	5
2.95	3.73	5
3.86	3.58	5
4.68	5.72	5
9.13	8.54	5
14.89	16.22	5
27.35	27.63	5
53.67	52.74	5
101.32	99.99	5
186.66	186.67	5
328.04	326.4	5
540.53	538.69	5
799.63	798.98	5
1208.65	1211.06	5
1591.35	1589.8	5
1984.59	1973.7	5
2356.33	2336.51	5
2735.67	2709.47	5
3173.46	3063.0	5
3494.68	3407.59	5
3852.22	3764.17	5
0.37	0.38	5
0.5	0.5	5
0.78	0.77	5
1.24	1.32	5
2.16	2.1	5
1.88	2.57	5
2.79	2.24	5
2.89	2.84	5
3.79	4.25	5
6.44	6.77	5
10.02	9.26	5
15.61	16.41	5
28.08	29.17	5
54.94	53.37	5
100.15	98.8	5
178.17	179.15	5
305.45	307.43	5
536.94	540.79	5
769.93	775.28	5
999.38	990.12	5
1238.8	1235.54	5
1459.85	1450.75	5
1672.07	1682.44	5
1867.36	1891.1	5
2066.06	2116.16	5
0.37	0.39	5
0.47	0.57	5
0.83	0.86	5
1.54	1.2	5
2.65	2.29	5
1.94	2.93	5
4.44	4.47	5
6.32	5.24	5
8.08	9.38	5
15.52	14.53	5
27.74	28.66	5
52.63	53.21	5
98.79	99.23	5
179.47	180.29	5
313.77	319.26	5
504.66	508.72	5
746.42	748.51	5
1142.03	1137.27	5
1518.12	1518.28	5
1878.44	1872.8	5
2261.33	2235.15	5
2632.19	2596.42	5
3016.53	2923.06	5
3331.23	3238.24	5
3636.38	3557.88	5
0.4	0.38	6
0.58	0.56	6
0.75	0.89	6
1.22	1.36	6
2.2	2.66	6
2.39	2.89	6
3.65	3.75	6
6.26	5.18	6
8.42	9.09	6
14.94	15.74	6
28.71	28.11	6
52.58	53.92	6
101.25	101.32	6
188.36	186.57	6
339.01	335.68	6
558.42	557.03	6
820.88	825.72	6
1215.7	1217.57	6
1594.19	1581.17	6
1956.93	1960.33	6
2332.0	2337.37	6
2761.94	2751.19	6
3107.07	3124.02	6
3485.81	3475.52	6
3798.51	3848.03	6
0.37	0.43	6
0.57	0.56	6
0.94	0.83	6
1.25	1.53	6
2.6	2.28	6
2.62	3.48	6
3.31	3.27	6
4.34	4.83	6
5.16	4.99	6
8.1	6.57	6
11.88	12.29	6
18.68	18.65	6
35.58	35.8	6
67.39	66.84	6
123.69	124.75	6
224.09	224.01	6
383.49	386.78	6
646.22	634.38	6
880.41	886.08	6
1122.03	1123.71	6
1342.63	1344.21	6
1564.35	1579.48	6
1813.84	1822.68	6
2036.25	2040.79	6
2273.95	2285.89	6
0.38	0.37	6
0.52	0.48	6
0.72	0.76	6
1.18	1.09	6
1.39	2.11	6
2.73	2.5	6
3.57	3.93	6
4.07	4.52	6
6.32	6.84	6
11.2	11.39	6
20.68	20.56	6
37.68	38.35	6
72.6	70.59	6
132.57	127.8	6
232.78	236.75	6
392.72	392.55	6
602.62	605.46	6
953.38	947.77	6
1291.02	1300.3	6
1632.28	1626.59	6
1960.18	1969.34	6
2302.36	2302.34	6
2645.92	2642.82	6
2958.04	2983.28	6
3261.4	3283.37	6
0.37	0.42	6
0.53	0.55	6
0.76	0.75	6
1.38	1.46	6
2.4	1.8	6
1.91	2.46	6
2.38	2.5	6
3.43	4.06	6
4.32	3.89	6
5.64	6.67	6
10.67	10.04	6
17.58	17.91	6
31.7	30.99	6
58.76	58.97	6
104.77	108.54	6
191.52	192.67	6
327.07	324.01	6
562.41	564.59	6
796.03	800.51	6
1014.86	1020.55	6
1255.29	1247.52	6
1483.83	1487.42	6
1707.87	1705.3	6
1929.73	1922.76	6
2133.13	2134.89	6
0.38	0.39	7
0.55	0.49	7
0.82	0.73	7
1.46	1.45	7
2.32	1.91	7
2.07	1.94	7
3.11	2.39	7
2.55	3.75	7
3.93	5.57	7
6.55	5.54	7
10.59	11.04	7
17.54	17.49	7
33.92	33.36	7
63.02	62.03	7
119.83	118.78	7
216.19	211.77	7
371.11	372.82	7
627.95	628.62	7
867.74	868.2	7
1097.8	1095.32	7
1319.28	1329.62	7
1554.23	1565.21	7
1794.46	1796.15	7
2027.78	2041.47	7
2243.11	2268.96	7
0.4	0.4	7
0.52	0.53	7
0.74	0.89	7
1.47	1.44	7
1.68	1.84	7
1.96	3.53	7
3.2	3.71	7
4.97	5.09	7
8.85	8.59	7
14.97	15.06	7
27.4	27.92	7
50.93	50.43	7
95.34	97.75	7
177.47	179.24	7
317.99	316.22	7
530.77	532.42	7
794.74	786.72	7
1177.54	1176.58	7
1548.21	1553.38	7
1929.52	1915.55	7
2297.13	2289.19	7
2649.93	2652.97	7
3027.45	3030.06	7
3361.96	3394.8	7
3697.99	3714.49	7
0.36	0.43	7
0.49	0.52	7
0.86	0.75	7
1.31	1.32	7
2.49	1.8	7
2.26	3.38	7
3.89	2.54	7
3.19	4.01	7
4.18	3.98	7
6.4	7.08	7
8.94	10.26	7
15.54	15.14	7
29.1	28.03	7
52.59	51.9	7
96.58	97.24	7
180.54	178.51	7
313.43	308.78	7
542.47	543.59	7
777.63	770.41	7
996.58	999.62	7
1217.61	1211.75	7
1428.86	1446.02	7
1673.17	1667.75	7
1907.03	1910.63	7
2115.83	2108.39	7
0.39	0.39	7
0.54	0.5	7
0.75	0.76	7
1.01	1.15	7
2.01	1.6	7
2.94	2.43	7
3.71	3.17	7
5.34	4.03	7
7.45	7.97	7
12.35	11.99	7
21.97	21.88	7
42.9	42.11	7
79.08	79.28	7
148.51	145.41	7
254.64	255.47	7
429.4	424.02	7
651.46	648.93	7
1003.65	1000.76	7
1350.23	1347.06	7
1712.34	1700.83	7
2037.89	2036.09	7
2410.3	2389.05	7
2743.24	2721.47	7
3082.81	3079.74	7
3396.43	3410.41	7
0.38	0.38	8
0.54	0.51	8
0.88	0.78	8
1.27	1.48	8
2.24	1.91	8
2.86	2.85	8
4.21	3.18	8
4.96	4.31	8
9.53	9.02	8
15.91	15.8	8
29.08	28.34	8
51.66	52.95	8
99.0	99.77	8
185.52	183.86	8
331.0	328.31	8
548.2	550.41	8
821.48	816.44	8
1227.37	1227.88	8
1625.1	1620.88	8
2052.79	2000.13	8
2439.48	2425.09	8
2837.94	2802.82	8
3226.77	3189.35	8
3620.6	3539.36	8
3951.34	3891.86	8
0.41	0.43	8
0.63	0.59	8
0.79	0.88	8
1.38	1.45	8
2.48	2.5	8
3.11	2.5	8
3.08	2.92	8
3.12	4.39	8
4.5	5.55	8
7.27	6.42	8
11.3	10.49	8
19.9	19.68	8
34.48	35.88	8
68.5	66.76	8
126.81	124.49	8
223.88	225.69	8
385.5	381.52	8
634.47	633.6	8
879.63	884.3	8
1125.62	1120.24	8
1371.96	1363.34	8
1595.65	1592.68	8
1806.94	1851.99	8
2022.84	2059.1	8
2206.08	2267.73	8
0.31	0.32	8
0.5	0.48	8
0.74	0.69	8
1.08	1.2	8
1.74	1.48	8
2.62	3.23	8
3.75	3.08	8
4.23	4.31	8
6.55	6.77	8
10.97	11.22	8
20.88	19.41	8
37.65	37.82	8
71.93	70.75	8
128.69	131.91	8
233.71	233.79	8
391.13	391.25	8
607.26	603.84	8
965.25	961.15	8
1329.13	1319.48	8
1663.87	1664.39	8
2020.9	1990.06	8
2365.85	2331.14	8
2709.34	2670.46	8
3064.24	2987.6	8
3374.16	3320.52	8
0.36	0.4	8
0.52	0.47	8
0.77	0.79	8
1.14	1.28	8
1.75	1.51	8
2.68	2.15	8
2.6	2.89	8
2.81	2.53	8
3.98	4.32	8
6.16	6.21	8
8.93	9.26	8
16.64	16.99	8
28.48	29.14	8
53.66	54.48	8
95.95	98.75	8
178.02	177.72	8
309.45	310.32	8
534.51	537.52	8
765.95	771.25	8
992.05	1001.67	8
1222.72	1233.37	8
1444.38	1451.34	8
1649.82	1687.22	8
1876.37	1895.06	8
2071.1	2107.16	8
0.3	0.27	9
0.3	0.28	9
0.35	0.29	9
0.3	0.4	9
0.37	0.34	9
0.37	0.32	9
0.37	0.4	9
0.47	0.43	9
0.42	0.45	9
0.5	0.59	9
0.67	0.63	9
0.89	0.96	9
1.13	1.22	9
2.01	1.86	9
2.69	2.83	9
5.3	4.99	9
8.3	8.29	9
16.21	14.92	9
28.34	27.82	9
46.87	55.65	9
107.0	106.38	9
204.87	192.79	9
288.94	295.53	9
365.36	391.49	9
468.91	492.97	9
555.39	580.9	9
610.26	682.95	9
694.56	768.63	9
823.49	875.03	9
0.29	0.31	9
0.29	0.29	9
0.36	0.32	9
0.34	0.38	9
0.32	0.31	9
0.35	0.34	9
0.33	0.32	9
0.42	0.43	9
0.55	0.54	9
0.69	0.73	9
1.03	1.05	9
1.64	1.56	9
2.96	2.2	9
5.54	4.41	9
10.4	8.24	9
20.02	23.13	9
40.05	39.58	9
66.05	79.24	9
159.66	158.64	9
316.03	312.59	9
735.2	621.5	9
1025.99	1029.36	9
2166.39	1535.54	9
2404.1	1988.11	9
2443.99	2626.38	9
3503.78	2900.5	9
4107.92	3496.85	9
3908.28	3908.8	9
5325.71	4411.5	9
0.24	0.25	9
0.27	0.25	9
0.22	0.26	9
0.28	0.31	9
0.23	0.25	9
0.35	0.29	9
0.34	0.3	9
0.38	0.32	9
0.46	0.39	9
0.52	0.53	9
0.65	0.67	9
0.87	0.87	9
1.26	1.36	9
2.05	2.32	9
2.83	2.63	9
5.48	5.59	9
7.92	9.83	9
15.39	17.91	9
27.35	31.72	9
53.61	54.72	9
102.8	117.47	9
190.09	198.09	9
278.58	313.0	9
365.76	381.25	9
427.76	486.93	9
542.5	550.92	9
618.41	643.99	9
667.84	742.58	9
818.13	817.84	9
0.3	0.29	9
0.28	0.29	9
0.29	0.3	9
0.32	0.32	9
0.33	0.29	9
0.39	0.34	9
0.33	0.31	9
0.41	0.39	9
0.57	0.45	9
0.64	0.68	9
0.91	0.97	9
1.62	1.46	9
2.67	3.65	9
5.6	4.47	9
8.84	12.48	9
20.63	19.83	9
41.34	43.61	9
94.66	118.53	9
139.7	137.52	9
324.65	335.35	9
641.63	542.35	9
1062.69	1074.61	9
1880.95	1624.21	9
2827.13	2192.2	9
3009.41	2715.36	9
4134.08	2967.55	9
3510.31	3491.74	9
4781.3	4047.25	9
6267.25	4565.18	9
0.27	0.22	10
0.28	0.33	10
0.36	0.3	10
0.31	0.35	10
0.3	0.26	10
0.33	0.32	10
0.41	0.44	10
0.35	0.39	10
0.35	0.42	10
0.7	0.62	10
0.75	0.86	10
1.14	1.06	10
1.56	1.55	10
2.85	2.96	10
5.28	4.41	10
9.0	9.34	10
16.19	16.38	10
31.61	31.24	10
60.83	61.65	10
123.39	122.74	10
234.2	243.41	10
477.12	471.97	10
694.37	704.4	10
894.91	930.13	10
1087.07	1165.88	10
1334.32	1392.03	10
1586.73	1622.87	10
1856.5	1850.3	10
2044.88	2080.37	10
0.29	0.28	10
0.32	0.29	10
0.26	0.29	10
0.26	0.24	10
0.26	0.3	10
0.35	0.26	10
0.32	0.37	10
0.33	0.38	10
0.51	0.5	10
0.73	0.79	10
1.01	0.94	10
1.78	1.66	10
2.29	2.84	10
3.41	3.16	10
6.96	8.39	10
19.31	13.25	10
25.38	31.6	10
63.37	62.58	10
124.86	101.5	10
249.3	247.08	10
498.49	491.99	10
967.63	789.68	10
1427.1	1242.66	10
1873.36	1516.91	10
2319.99	1878.4	10
2765.4	2235.69	10
3817.29	3232.81	10
2946.62	3057.61	10
3303.34	3492.46	10
0.26	0.24	10
0.25	0.24	10
0.28	0.28	10
0.24	0.29	10
0.24	0.24	10
0.3	0.28	10
0.3	0.35	10
0.32	0.36	10
0.36	0.36	10
0.53	0.5	10
0.62	0.6	10
1.0	1.14	10
1.5	1.56	10
2.67	3.08	10
4.48	5.17	10
8.63	10.17	10
16.16	16.86	10
33.24	35.36	10
55.41	62.38	10
110.12	122.2	10
228.25	222.09	10
422.2	434.05	10
678.46	652.8	10
860.5	893.11	10
1020.78	1060.5	10
1271.49	1270.88	10
1475.92	1533.3	10
1753.31	1656.63	10
1943.38	1867.36	10
0.25	0.24	10
0.23	0.26	10
0.3	0.26	10
0.3	0.28	10
0.26	0.28	10
0.25	0.33	10
0.32	0.31	10
0.41	0.33	10
0.56	0.52	10
0.72	0.63	10
0.9	0.91	10
1.92	2.24	10
3.73	2.14	10
4.3	4.45	10
8.08	7.93	10
19.04	13.83	10
27.37	41.24	10
76.03	69.69	10
128.43	131.17	10
215.3	258.41	10
599.51	430.6	10
1159.37	825.63	10
1457.38	1204.64	10
1911.24	1616.74	10
2357.2	2019.06	10
2800.47	2447.08	10
3228.43	2704.08	10
3620.45	3123.08	10
3275.96	3286.25	10
0.27	0.26	11
0.28	0.26	11
0.33	0.26	11
0.27	0.28	11
0.31	0.28	11
0.29	0.28	11
0.33	0.31	11
0.41	0.48	11
0.46	0.54	11
0.72	0.76	11
0.94	0.93	11
1.3	1.14	11
1.86	3.16	11
4.04	4.82	11
8.14	8.37	11
13.41	18.59	11
44.59	26.31	11
61.89	50.22	11
123.07	99.19	11
291.51	240.98	11
486.34	393.51	11
763.96	768.35	11
1403.07	1134.8	11
2212.31	1622.47	11
1872.88	2079.23	11
3303.37	2326.39	11
3229.23	2631.72	11
3684.24	3021.15	11
4925.89	3378.41	11
0.27	0.25	11
0.24	0.34	11
0.3	0.27	11
0.3	0.29	11
0.31	0.3	11
0.34	0.33	11
0.4	0.4	11
0.37	0.36	11
0.36	0.41	11
0.57	0.46	11
0.62	0.71	11
1.12	0.91	11
1.67	1.65	11
3.05	2.66	11
4.65	4.43	11
8.2	8.51	11
16.46	16.2	11
31.19	31.87	11
61.1	61.44	11
122.43	121.98	11
242.64	237.13	11
455.05	468.61	11
702.98	699.42	11
907.49	915.14	11
1124.51	1135.65	11
1336.09	1370.69	11
1545.07	1577.87	11
1716.89	1788.39	11
1980.43	2020.09	11
0.23	0.23	11
0.24	0.25	11
0.25	0.26	11
0.24	0.26	11
0.29	0.25	11
0.29	0.27	11
0.33	0.33	11
0.32	0.4	11
0.48	0.5	11
0.58	0.6	11
0.96	0.8	11
1.35	1.27	11
1.61	2.06	11
3.98	3.47	11
8.91	5.69	11
13.98	14.48	11
23.92	23.66	11
46.25	46.54	11
91.03	87.67	11
174.31	175.43	11
430.68	471.0	11
678.88	675.58	11
1242.85	1039.21	11
1309.15	1465.74	11
2450.59	1677.31	11
2462.92	2069.64	11
3393.36	2281.28	11
3888.9	2695.45	11
2963.54	2947.91	11
0.25	0.26	11
0.28	0.28	11
0.29	0.24	11
0.28	0.27	11
0.28	0.28	11
0.29	0.25	11
0.35	0.34	11
0.36	0.39	11
0.42	0.39	11
0.6	0.5	11
0.7	0.65	11
1.1	1.07	11
1.42	1.66	11
2.67	3.31	11
4.78	5.08	11
8.85	9.61	11
15.4	17.5	11
31.62	32.08	11
59.13	71.23	11
115.62	126.83	11
255.01	235.34	11
441.07	462.08	11
711.19	675.81	11
857.02	886.91	11
1092.0	1098.91	11
1336.46	1312.27	11
1485.12	1617.2	11
1686.36	1763.27	11
2023.28	1947.64	11
0.3	0.26	12
0.25	0.3	12
0.27	0.24	12
0.28	0.35	12
0.27	0.29	12
0.29	0.3	12
0.38	0.33	12
0.4	0.36	12
0.47	0.46	12
0.58	0.6	12
0.99	0.89	12
1.37	1.52	12
2.54	2.19	12
5.31	4.35	12
10.49	8.87	12
18.4	18.96	12
30.75	30.51	12
61.02	84.64	12
145.88	145.34	12
241.16	240.8	12
582.88	481.62	12
1141.37	940.76	12
1974.97	1389.5	12
2237.73	1850.7	12
2788.44	2301.2	12
3901.93	2757.16	12
3212.29	3208.23	12
4428.95	4038.45	12
4125.55	4132.47	12
0.27	0.26	12
0.29	0.28	12
0.23	0.28	12
0.25	0.3	12
0.38	0.3	12
0.32	0.29	12
0.32	0.39	12
0.48	0.36	12
0.33	0.37	12
0.48	0.6	12
0.6	0.58	12
0.81	0.89	12
1.07	1.12	12
1.81	1.82	12
2.54	2.76	12
5.17	4.74	12
7.86	8.67	12
13.99	15.24	12
28.67	27.6	12
53.65	51.04	12
99.74	104.59	12
204.4	202.48	12
288.06	290.45	12
379.2	396.13	12
466.0	488.14	12
592.46	569.94	12
644.98	671.09	12
741.33	781.83	12
822.16	829.58	12
0.24	0.24	12
0.21	0.22	12
0.22	0.24	12
0.26	0.21	12
0.25	0.23	12
0.27	0.23	12
0.3	0.29	12
0.31	0.34	12
0.43	0.43	12
0.69	0.57	12
0.82	0.97	12
1.08	1.16	12
2.47	2.48	12
4.21	3.84	12
8.07	7.2	12
14.2	17.35	12
38.68	41.79	12
80.34	88.59	12
137.98	149.49	12
232.04	289.42	12
461.74	696.71	12
880.35	877.55	12
1540.12	1888.28	12
2049.04	2136.46	12
3420.56	2142.27	12
3049.15	2548.61	12
4186.4	3081.25	12
3365.84	3442.98	12
3787.95	3903.66	12
0.22	0.26	12
0.28	0.29	12
0.29	0.3	12
0.3	0.29	12
0.28	0.32	12
0.3	0.28	12
0.34	0.31	12
0.3	0.33	12
0.34	0.41	12
0.55	0.53	12
0.71	0.58	12
1.15	1.0	12
1.08	1.28	12
1.92	1.95	12
2.85	2.99	12
5.47	5.48	12
8.96	10.12	12
16.33	19.65	12
28.93	33.05	12
51.68	61.43	12
127.57	120.19	12
203.41	243.78	12
269.78	310.03	12
371.19	393.88	12
437.8	487.53	12
493.73	649.33	12
607.43	633.34	12
707.72	759.0	12
800.71	832.59	12
0.28	0.28	13
0.34	0.29	13
0.42	0.42	13
0.64	0.66	13
0.98	1.16	13
1.32	1.69	13
2.84	2.89	13
4.03	3.33	13
4.23	4.21	13
5.59	6.47	13
8.79	8.84	13
14.58	14.16	13
23.76	25.0	13
40.84	41.59	13
68.01	70.37	13
107.57	108.73	13
143.52	145.69	13
200.31	199.47	13
301.24	307.73	13
519.05	522.74	13
741.49	734.04	13
942.86	942.19	13
1153.39	1156.51	13
1369.89	1389.14	13
1591.55	1559.35	13
1786.79	1758.38	13
1942.45	1969.59	13
0.26	0.27	13
0.32	0.33	13
0.43	0.4	13
0.66	0.64	13
1.1	1.1	13
1.87	1.88	13
3.03	3.22	13
3.67	2.82	13
3.12	5.14	13
7.34	5.34	13
9.89	10.8	13
15.42	15.15	13
26.49	27.83	13
48.98	48.32	13
81.03	79.9	13
128.59	130.03	13
188.25	184.75	13
283.32	279.95	13
474.36	468.69	13
837.39	836.39	13
1221.47	1198.36	13
1611.93	1567.46	13
1973.68	1921.12	13
2325.78	2291.84	13
2661.33	2641.7	13
3007.2	2991.49	13
3302.28	3281.21	13
0.25	0.27	13
0.3	0.31	13
0.38	0.38	13
0.56	0.61	13
0.97	0.94	13
1.73	1.8	13
2.77	2.66	13
2.96	3.52	13
3.66	3.21	13
4.54	4.42	13
7.25	8.19	13
11.46	11.29	13
18.77	20.57	13
32.66	32.97	13
54.27	55.13	13
82.93	84.88	13
113.37	117.39	13
173.52	166.76	13
267.81	265.15	13
459.03	466.51	13
666.75	671.94	13
863.82	859.03	13
1084.95	1065.29	13
1280.34	1281.99	13
1460.1	1458.01	13
1673.81	1666.09	13
1860.01	1852.48	13
0.23	0.3	13
0.33	0.33	13
0.39	0.41	13
0.62	0.65	13
0.97	0.96	13
1.53	1.54	13
2.61	1.96	13
2.8	3.2	13
4.32	3.63	13
5.38	5.43	13
7.68	7.9	13
13.42	13.53	13
22.62	21.25	13
37.67	37.78	13
62.39	61.56	13
103.56	103.53	13
154.22	153.88	13
240.49	246.65	13
414.84	416.98	13
747.79	748.53	13
1099.48	1068.39	13
1432.47	1396.48	13
1786.62	1743.08	13
2068.54	2042.28	13
2386.87	2352.49	13
2688.79	2666.26	13
2961.57	2960.91	13
0.32	0.28	14
0.33	0.37	14
0.5	0.46	14
0.72	0.74	14
1.11	1.33	14
1.87	1.69	14
3.54	2.49	14
4.46	3.1	14
4.33	6.62	14
6.62	7.64	14
10.45	11.15	14
16.83	15.59	14
26.54	27.1	14
49.61	49.88	14
82.6	80.92	14
128.19	127.14	14
181.15	183.73	14
271.95	269.96	14
443.66	445.43	14
768.44	768.2	14
1098.2	1104.58	14
1440.33	1441.13	14
1771.96	1775.95	14
2114.63	2109.89	14
2450.91	2485.57	14
2764.44	2771.8	14
3095.33	3086.67	14
0.3	0.31	14
0.36	0.36	14
0.49	0.46	14
0.71	0.68	14
1.19	1.09	14
1.83	2.08	14
3.74	3.63	14
4.65	3.36	14
5.03	6.2	14
5.54	6.43	14
10.22	9.96	14
16.11	14.62	14
27.53	26.78	14
45.44	43.37	14
72.81	74.69	14
111.38	113.84	14
149.9	151.73	14
213.02	213.63	14
325.27	328.14	14
571.87	555.64	14
862.04	787.22	14
1084.98	1010.22	14
1302.46	1228.67	14
1513.92	1421.6	14
1742.36	1679.51	14
1922.78	1842.6	14
2102.38	1980.28	14
0.25	0.26	14
0.31	0.3	14
0.41	0.39	14
0.55	0.55	14
0.97	1.01	14
1.69	1.67	14
3.0	2.43	14
3.6	2.74	14
3.48	4.77	14
4.8	4.45	14
8.52	7.31	14
11.31	12.12	14
20.37	20.91	14
35.62	35.81	14
60.37	60.1	14
95.38	94.45	14
144.11	138.44	14
216.1	220.88	14
373.72	367.93	14
661.09	657.41	14
968.42	949.91	14
1253.16	1256.83	14
1562.32	1555.55	14
1863.43	1864.3	14
2151.48	2144.3	14
2464.36	2423.5	14
2720.85	2726.68	14
0.28	0.28	14
0.32	0.32	14
0.44	0.45	14
0.65	0.61	14
1.06	1.13	14
2.08	2.01	14
2.62	3.36	14
4.03	2.49	14
5.58	4.17	14
6.75	6.36	14
8.15	9.28	14
14.42	13.94	14
23.69	25.41	14
42.18	42.37	14
69.34	67.28	14
106.6	102.68	14
140.11	142.76	14
197.88	195.78	14
310.47	306.36	14
558.29	531.67	14
829.28	741.22	14
1023.69	943.33	14
1233.09	1144.44	14
1421.41	1333.48	14
1600.99	1506.24	14
1770.69	1684.83	14
1914.38	1875.99	14
0.26	0.31	15
0.33	0.4	15
0.41	0.43	15
0.67	0.65	15
1.18	1.01	15
1.67	1.97	15
3.24	2.66	15
2.8	3.53	15
4.87	4.33	15
4.95	6.36	15
8.85	9.07	15
13.47	12.97	15
23.3	24.42	15
42.83	40.48	15
70.45	68.21	15
105.8	104.87	15
146.14	146.05	15
203.32	204.01	15
316.61	313.88	15
539.35	548.62	15
789.52	766.97	15
1002.22	993.2	15
1231.16	1204.32	15
1444.48	1414.48	15
1655.05	1631.13	15
1836.54	1840.03	15
2009.35	2055.4	15
0.29	0.27	15
0.33	0.35	15
0.46	0.44	15
0.65	0.63	15
1.0	0.96	15
1.59	1.66	15
3.48	3.01	15
2.46	4.53	15
5.11	5.44	15
6.24	5.82	15
10.13	9.17	15
16.68	15.98	15
26.98	28.37	15
44.78	44.63	15
77.08	77.33	15
120.94	122.37	15
175.5	177.09	15
263.25	262.71	15
433.0	430.92	15
761.1	758.69	15
1091.27	1095.17	15
1443.69	1423.43	15
1769.63	1760.88	15
2095.17	2090.01	15
2428.2	2457.32	15
2761.56	2767.83	15
3068.9	3040.7	15
0.25	0.28	15
0.29	0.29	15
0.41	0.37	15
0.56	0.6	15
0.93	0.85	15
1.74	1.76	15
2.87	2.65	15
2.94	3.42	15
3.94	2.82	15
4.75	4.74	15
7.5	7.35	15
10.32	10.3	15
19.02	19.74	15
32.79	31.97	15
52.66	53.9	15
84.58	81.15	15
114.78	113.6	15
168.02	173.12	15
270.17	268.77	15
478.61	474.4	15
703.3	687.34	15
907.58	876.66	15
1096.93	1070.34	15
1297.63	1267.25	15
1469.28	1469.51	15
1687.32	1643.67	15
1817.96	1849.5	15
0.26	0.33	15
0.3	0.31	15
0.4	0.43	15
0.6	0.59	15
0.97	0.83	15
1.64	1.66	15
2.63	2.8	15
2.9	4.19	15
3.91	4.13	15
5.29	5.55	15
6.62	6.87	15
12.09	12.13	15
20.36	21.53	15
37.1	36.91	15
61.49	58.51	15
98.56	94.88	15
144.0	143.28	15
224.13	219.89	15
370.97	374.57	15
669.47	664.33	15
973.92	964.76	15
1279.35	1266.0	15
1561.59	1580.72	15
1877.55	1863.22	15
2157.57	2175.6	15
2459.92	2455.88	15
2755.75	2708.96	15
0.32	0.27	16
0.38	0.3	16
0.46	0.46	16
0.64	0.63	16
1.18	1.11	16
1.54	2.0	16
2.87	2.95	16
4.07	2.86	16
3.46	4.48	16
5.44	6.32	16
8.81	11.27	16
15.21	16.81	16
28.04	28.64	16
49.18	48.09	16
82.01	79.48	16
127.6	125.44	16
178.82	181.92	16
272.38	273.84	16
449.03	452.06	16
803.31	798.25	16
1165.21	1132.48	16
1506.34	1487.06	16
1863.57	1836.32	16
2179.24	2164.01	16
2534.9	2514.07	16
2867.97	2805.86	16
3153.05	3120.8	16
0.25	0.26	16
0.32	0.38	16
0.51	0.44	16
0.65	0.66	16
0.98	1.11	16
1.61	1.96	16
2.7	2.48	16
3.33	3.85	16
3.62	5.16	16
4.67	6.01	16
9.51	8.08	16
14.35	16.13	16
24.89	24.63	16
42.35	42.21	16
71.17	71.56	16
108.52	109.33	16
149.34	147.9	16
206.79	200.2	16
309.72	310.09	16
514.9	519.14	16
739.4	739.66	16
956.46	949.98	16
1185.63	1168.41	16
1380.48	1370.47	16
1596.73	1595.46	16
1796.42	1802.58	16
1961.11	1972.55	16
0.27	0.24	16
0.29	0.29	16
0.39	0.38	16
0.63	0.59	16
0.96	0.92	16
1.33	1.52	16
1.92	1.85	16
3.63	3.29	16
5.02	4.14	16
3.93	4.41	16
7.75	7.35	16
12.9	13.79	16
20.12	20.49	16
36.98	36.19	16
61.75	58.74	16
96.04	96.47	16
142.78	144.03	16
224.28	223.15	16
380.95	387.62	16
694.86	688.79	16
1015.93	991.74	16
1343.38	1286.91	16
1613.55	1585.5	16
1900.97	1886.72	16
2228.24	2157.33	16
2476.58	2461.49	16
2750.78	2734.1	16
0.26	0.26	16
0.3	0.36	16
0.43	0.44	16
0.68	0.66	16
1.03	0.95	16
1.68	1.88	16
2.56	3.1	16
3.34	4.13	16
5.17	4.79	16
4.49	6.38	16
8.27	7.57	16
13.18	14.65	16
23.01	24.27	16
39.75	38.15	16
63.65	62.86	16
95.65	95.59	16
131.18	131.32	16
180.63	182.65	16
281.24	285.56	16
483.18	485.73	16
688.6	676.45	16
883.6	881.3	16
1097.81	1086.51	16
1295.93	1288.44	16
1511.79	1496.37	16
1688.24	1696.76	16
1876.21	1864.24	16
0.4	0.43	17
0.65	0.6	17
1.06	0.97	17
1.7	1.71	17
3.24	2.42	17
5.93	5.0	17
11.08	8.5	17
10.82	14.24	17
12.26	14.45	17
19.05	21.97	17
29.2	24.0	17
44.29	40.77	17
74.46	77.08	17
147.53	146.87	17
267.39	270.59	17
491.29	497.17	17
871.1	870.77	17
1334.24	1337.6	17
1778.21	1785.1	17
2480.87	2474.33	17
3115.2	3126.42	17
3763.22	3761.77	17
4394.05	4410.09	17
4949.04	4992.65	17
5508.14	5595.68	17
6034.4	6212.89	17
6521.84	6641.19	17
0.45	0.36	17
0.55	0.64	17
1.06	0.94	17
1.6	1.84	17
3.52	3.12	17
4.9	5.98	17
9.31	12.43	17
13.09	11.71	17
17.69	16.0	17
40.67	25.5	17
81.75	41.66	17
248.04	68.57	17
645.43	133.72	17
1300.3	249.35	17
2620.82	462.64	17
4770.59	839.37	17
7895.5	1427.7	17
10595.92	2144.68	17
11495.46	2728.89	17
13069.52	3647.26	17
14339.11	4431.29	17
15372.98	5235.57	17
16559.59	6031.82	17
17648.12	6848.02	17
18557.64	7644.54	17
19508.71	8419.54	17
20126.67	9110.73	17
0.37	0.35	17
0.52	0.46	17
0.83	0.81	17
1.28	1.48	17
2.74	2.76	17
4.29	4.95	17
8.45	7.57	17
8.7	4.7	17
9.14	10.89	17
10.74	9.83	17
21.47	24.87	17
31.46	35.21	17
59.47	58.65	17
117.83	116.62	17
209.13	214.37	17
383.46	383.73	17
673.2	670.25	17
1040.3	1039.38	17
1412.75	1410.59	17
2022.76	2015.64	17
2629.94	2622.22	17
3243.58	3205.05	17
3842.38	3782.54	17
4429.36	4442.42	17
4955.82	5017.3	17
5514.64	5527.16	17
5930.54	6018.26	17
0.34	0.38	17
0.56	0.56	17
0.86	0.89	17
1.69	1.74	17
3.18	3.21	17
3.84	4.91	17
10.28	9.46	17
13.2	16.57	17
20.04	15.45	17
47.29	21.31	17
106.25	40.22	17
248.5	67.22	17
683.21	131.47	17
1287.38	248.4	17
2522.62	442.9	17
4528.01	781.45	17
7409.96	1335.43	17
9950.11	1975.47	17
11180.9	2471.73	17
12671.88	3411.73	17
13866.5	4163.25	17
14946.35	4875.75	17
15983.87	5635.17	17
17012.69	6416.69	17
18304.66	7188.97	17
19205.48	7888.65	17
19820.95	8498.81	17
0.34	0.29	18
0.51	0.47	18
0.79	0.74	18
1.26	1.45	18
2.52	2.69	18
3.73	4.16	18
6.0	4.36	18
10.63	7.87	18
13.95	8.0	18
34.23	17.49	18
113.42	27.73	18
267.76	51.71	18
511.06	94.88	18
1039.75	175.59	18
1962.92	313.65	18
3580.18	560.96	18
5894.56	947.88	18
7876.35	1443.88	18
8711.65	1924.01	18
9920.39	2645.66	18
10997.51	3373.36	18
12069.98	4119.27	18
13039.57	4812.09	18
13783.91	5528.84	18
14757.09	6217.61	18
15420.64	6933.86	18
15972.45	7528.55	18
0.36	0.46	18
0.69	0.68	18
1.08	0.91	18
1.74	1.72	18
2.84	3.03	18
5.9	6.16	18
8.91	6.82	18
9.29	16.21	18
8.76	11.6	18
17.37	18.6	18
23.98	28.11	18
47.96	46.74	18
74.23	75.76	18
147.75	144.39	18
269.88	258.84	18
501.59	497.27	18
851.33	860.66	18
1311.01	1298.64	18
1719.46	1700.08	18
2372.16	2371.73	18
2941.71	2966.71	18
3525.19	3538.05	18
4152.02	4114.56	18
4759.6	4681.29	18
5368.24	5298.6	18
6002.88	5864.15	18
6702.98	6362.57	18
