0.56	0.56	1
0.77	0.73	1
0.97	0.78	1
1.37	1.17	1
1.28	1.22	1
1.11	1.55	1
1.57	1.42	1
1.74	1.33	1
1.8	2.29	1
2.3	2.25	1
3.67	3.04	1
4.73	4.43	1
8.51	7.31	1
16.26	12.03	1
30.16	20.89	1
58.12	38.94	1
114.92	73.09	1
227.26	146.02	1
438.06	278.1	1
650.55	412.36	1
870.35	558.73	1
1068.93	814.45	1
1276.84	810.86	1
1487.87	950.8	1
1691.36	1091.73	1
1903.71	1227.53	1
0.63	0.6	1
0.92	0.72	1
1.04	1.14	1
1.67	1.27	1
1.37	1.6	1
1.44	1.47	1
1.82	1.94	1
2.39	2.69	1
2.79	3.16	1
4.67	3.85	1
6.17	8.88	1
11.47	14.84	1
18.0	28.13	1
33.46	46.89	1
60.04	91.56	1
116.66	209.8	1
230.3	417.57	1
459.51	833.58	1
893.64	1632.71	1
1325.93	2056.62	1
1784.27	3254.38	1
2260.92	4114.24	1
2729.73	4982.31	1
3206.26	4963.12	1
3681.54	6700.49	1
4134.82	7537.89	1
0.49	0.58	1
0.62	0.72	1
0.98	0.94	1
1.22	1.01	1
1.64	1.42	1
1.45	1.6	1
1.25	1.43	1
1.86	1.46	1
2.4	2.26	1
2.4	2.39	1
4.02	3.49	1
5.32	6.19	1
10.39	11.14	1
19.26	19.79	1
36.08	39.05	1
70.03	70.22	1
122.93	116.21	1
261.05	285.92	1
445.04	422.49	1
657.76	590.94	1
873.26	767.52	1
1083.99	987.23	1
1304.48	1216.03	1
1518.25	1306.92	1
1680.84	1504.46	1
1938.28	1686.75	1
0.65	0.6	1
0.79	0.8	1
1.0	1.02	1
1.44	1.16	1
1.48	1.31	1
1.8	1.13	1
1.73	2.05	1
2.42	2.06	1
3.22	3.72	1
4.96	5.03	1
7.43	9.57	1
14.13	16.28	1
21.26	33.57	1
35.9	60.22	1
63.27	104.34	1
121.79	237.61	1
239.74	472.95	1
482.14	897.31	1
904.73	1761.96	1
1342.92	2686.27	1
1801.38	3531.35	1
2291.46	4430.35	1
2765.81	5385.18	1
3243.5	5261.84	1
3719.62	7188.39	1
4163.34	8081.69	1
0.63	0.69	2
0.92	0.85	2
1.1	1.29	2
1.33	1.35	2
1.51	1.35	2
1.48	1.43	2
1.52	1.66	2
1.75	1.91	2
2.37	2.18	2
2.92	2.77	2
4.5	4.22	2
7.82	6.58	2
13.84	11.25	2
24.49	20.73	2
48.08	39.19	2
93.44	73.26	2
182.11	144.63	2
356.96	287.11	2
693.1	552.14	2
1029.49	815.76	2
1369.45	1182.73	2
1708.3	1337.86	2
2030.81	1602.65	2
2363.79	1860.77	2
2681.33	2102.05	2
3012.27	2363.09	2
0.5	0.51	2
0.8	0.67	2
0.87	0.91	2
1.11	1.52	2
1.32	1.82	2
1.91	1.45	2
1.41	1.55	2
2.31	1.89	2
2.66	2.81	2
4.15	4.63	2
8.48	5.8	2
8.11	13.09	2
20.83	25.13	2
34.48	40.13	2
51.97	94.52	2
99.35	184.43	2
191.46	363.8	2
382.7	725.39	2
730.77	1400.73	2
1086.22	2076.72	2
1434.27	2758.12	2
1778.1	3426.21	2
2121.14	4097.73	2
2471.0	3997.14	2
2810.7	5427.93	2
3157.68	6107.91	2
0.49	0.53	2
0.77	0.76	2
1.03	1.05	2
1.15	1.12	2
1.23	1.29	2
1.22	1.41	2
1.52	1.6	2
1.68	1.58	2
2.21	2.17	2
2.98	3.0	2
5.17	4.61	2
7.66	8.18	2
14.39	13.78	2
25.92	26.84	2
50.38	53.22	2
93.58	83.77	2
174.26	171.34	2
371.03	327.28	2
666.18	637.5	2
997.92	1011.6	2
1321.13	1296.17	2
1634.29	1576.63	2
1941.82	1842.34	2
2294.08	2147.2	2
2607.4	2494.04	2
2897.83	2812.36	2
0.55	0.55	2
0.94	0.84	2
1.44	1.03	2
1.69	1.83	2
1.07	1.47	2
1.37	1.33	2
1.47	1.81	2
1.95	2.07	2
3.2	2.81	2
5.46	4.83	2
7.76	9.53	2
13.07	14.47	2
22.21	28.16	2
37.59	47.36	2
52.67	103.07	2
101.45	204.87	2
201.48	394.44	2
402.45	823.25	2
766.19	1523.78	2
1124.4	2289.08	2
1496.03	3000.39	2
1834.86	3752.24	2
2178.11	4483.82	2
2512.48	5193.19	2
2826.63	5834.06	2
3136.0	6548.46	2
0.58	0.53	3
0.79	0.77	3
1.02	0.86	3
1.15	1.52	3
1.32	1.13	3
1.5	1.57	3
1.51	1.62	3
1.67	1.84	3
2.83	2.82	3
4.0	5.25	3
6.38	6.93	3
7.78	12.13	3
14.04	23.97	3
24.81	45.26	3
49.77	88.98	3
94.33	176.31	3
184.77	349.69	3
358.34	695.13	3
690.18	1343.07	3
1013.92	1987.03	3
1339.9	2631.69	3
1666.58	2728.23	3
1991.29	3918.6	3
2456.56	4754.65	3
2799.63	5412.19	3
3148.61	6071.16	3
0.72	0.63	3
0.83	0.71	3
0.97	1.19	3
1.21	1.17	3
1.44	1.46	3
1.47	1.46	3
1.35	1.48	3
2.31	1.69	3
1.92	1.87	3
3.09	3.38	3
4.39	3.84	3
7.36	6.67	3
13.23	11.36	3
24.68	20.34	3
47.9	38.84	3
94.4	75.2	3
180.81	143.82	3
359.61	285.96	3
698.88	551.03	3
1039.56	819.86	3
1378.21	1087.02	3
1759.45	1355.97	3
2087.83	1671.47	3
2427.42	1928.51	3
2783.97	2204.85	3
3145.96	2702.36	3
0.48	0.57	3
0.68	0.68	3
0.94	0.79	3
0.99	1.06	3
1.44	0.94	3
1.13	1.34	3
1.69	1.64	3
2.08	2.24	3
2.85	2.51	3
3.99	4.26	3
5.74	7.53	3
7.51	11.17	3
16.55	21.83	3
24.84	49.73	3
46.0	98.62	3
85.42	200.55	3
166.31	353.63	3
327.14	703.07	3
627.62	1120.58	3
931.66	2030.15	3
1213.88	2642.71	3
1518.18	2796.25	3
1819.96	4047.12	3
2122.02	4608.25	3
2411.24	5376.26	3
2705.15	5970.65	3
0.52	0.5	3
0.77	0.73	3
1.07	0.97	3
1.24	1.18	3
1.37	1.38	3
1.46	1.47	3
1.51	1.43	3
1.93	1.97	3
2.4	2.33	3
3.38	2.99	3
5.02	5.06	3
7.06	8.23	3
12.78	14.74	3
26.36	25.03	3
50.43	47.45	3
96.3	93.75	3
181.2	187.56	3
345.19	333.15	3
708.34	662.09	3
986.36	949.71	3
1311.97	1256.28	3
1631.65	1621.9	3
1944.11	1842.92	3
2299.53	2216.49	3
2602.79	2482.38	3
2907.97	2734.05	3
0.59	0.66	4
0.95	0.9	4
1.03	0.93	4
1.61	1.22	4
1.53	1.33	4
1.47	1.52	4
1.77	1.72	4
2.05	2.34	4
3.33	3.03	4
4.52	4.65	4
8.32	8.39	4
10.47	14.88	4
20.16	25.16	4
39.45	54.32	4
62.15	110.23	4
121.5	215.81	4
235.66	428.34	4
465.42	849.56	4
903.25	1651.01	4
1338.24	2444.74	4
1770.78	3239.77	4
2205.77	4023.38	4
2635.71	4812.34	4
3060.98	5607.83	4
3490.0	6410.91	4
3923.6	7186.82	4
0.63	0.62	4
0.84	0.76	4
0.93	1.07	4
1.27	1.14	4
1.6	1.42	4
1.65	1.19	4
1.64	1.4	4
1.75	1.44	4
1.79	1.85	4
2.27	2.32	4
3.18	3.02	4
5.48	4.29	4
8.66	6.76	4
15.77	11.4	4
30.88	21.06	4
59.05	38.93	4
112.71	73.94	4
223.69	144.49	4
439.21	280.19	4
649.38	410.32	4
855.13	546.15	4
1063.87	677.11	4
1280.45	809.67	4
1499.72	947.53	4
1699.57	1072.45	4
1895.48	1204.73	4
0.5	0.54	4
0.72	0.73	4
0.91	1.03	4
1.2	1.13	4
1.41	1.3	4
1.24	1.37	4
1.6	1.56	4
2.06	2.12	4
3.05	2.97	4
4.35	4.49	4
6.34	8.7	4
9.95	14.92	4
16.85	29.39	4
32.82	57.83	4
58.37	113.45	4
111.97	204.4	4
209.91	446.92	4
411.49	868.2	4
781.08	1603.46	4
1145.69	2376.48	4
1538.96	3083.07	4
1913.23	3217.38	4
2262.19	4573.89	4
2642.44	5349.87	4
2978.7	6145.56	4
3361.04	5742.59	4
0.5	0.5	4
0.7	0.64	4
0.98	0.81	4
1.3	1.28	4
1.1	1.52	4
1.11	1.2	4
1.27	1.59	4
1.62	1.49	4
2.02	2.08	4
2.71	2.62	4
3.82	3.66	4
5.99	5.91	4
10.77	9.83	4
17.99	19.47	4
38.52	33.35	4
65.53	71.95	4
140.27	119.09	4
224.68	223.78	4
468.74	411.29	4
664.34	561.8	4
883.14	767.58	4
1092.8	991.78	4
1261.12	1217.28	4
1491.55	1298.28	4
1698.86	1478.86	4
1935.52	1704.84	4
0.38	0.42	5
0.53	0.56	5
0.84	0.82	5
1.53	1.37	5
2.64	1.69	5
2.18	3.6	5
3.02	3.99	5
3.43	3.9	5
4.69	5.1	5
5.69	6.12	5
11.25	10.35	5
17.97	18.22	5
32.55	34.62	5
64.78	64.25	5
120.03	121.46	5
216.43	218.48	5
372.09	377.35	5
632.06	625.34	5
863.75	871.46	5
1117.59	1120.54	5
1355.26	1368.57	5
1582.43	1579.18	5
1839.56	1793.83	5
2031.71	1968.19	5
2258.71	2157.57	5
0.44	0.38	5
0.61	0.5	5
0.75	0.82	5
1.53	1.27	5
2.38	2.6	5
2.57	2.81	5
3.58	3.33	5
6.12	5.89	5
8.5	8.86	5
15.13	15.37	5
28.03	27.57	5
52.2	52.99	5
100.16	101.6	5
186.17	185.45	5
325.85	324.71	5
535.59	537.78	5
796.49	801.55	5
1206.75	1203.42	5
1598.01	1592.41	5
1972.59	1976.95	5
2335.45	2352.67	5
2701.81	2757.33	5
3060.31	3134.94	5
3409.13	3546.42	5
3748.91	3909.22	5
0.36	0.39	5
0.52	0.5	5
0.76	0.82	5
1.33	1.34	5
1.74	1.87	5
2.21	2.36	5
2.7	2.86	5
3.17	3.31	5
3.85	4.29	5
5.97	6.17	5
8.94	9.52	5
16.53	16.44	5
28.38	29.05	5
53.52	53.22	5
99.92	99.67	5
177.41	177.14	5
308.56	308.55	5
540.41	540.58	5
768.66	760.69	5
1005.26	994.68	5
1219.62	1244.81	5
1453.47	1492.85	5
1667.74	1699.71	5
1903.17	1889.32	5
2111.42	2100.74	5
0.41	0.43	5
0.54	0.61	5
0.82	0.89	5
1.3	1.18	5
2.08	1.83	5
2.77	2.88	5
3.57	3.74	5
6.48	5.02	5
8.15	8.21	5
15.04	16.69	5
29.32	27.62	5
52.15	52.77	5
98.26	100.31	5
180.24	178.81	5
311.83	316.83	5
514.39	508.17	5
743.78	750.19	5
1135.67	1136.56	5
1512.28	1511.31	5
1880.93	1882.61	5
2228.09	2272.5	5
2582.49	2665.08	5
2915.42	3027.33	5
3227.55	3430.37	5
3545.22	3779.6	5
0.39	0.42	6
0.58	0.59	6
0.83	0.86	6
1.42	1.34	6
2.42	1.78	6
2.84	2.45	6
3.23	3.66	6
6.21	5.31	6
8.77	9.91	6
16.33	14.72	6
29.1	28.85	6
53.58	52.71	6
100.87	101.12	6
186.78	188.03	6
339.81	335.98	6
555.66	556.61	6
819.79	827.16	6
1211.12	1213.37	6
1593.62	1579.91	6
1963.21	1969.88	6
2323.05	2349.97	6
2756.78	2716.81	6
3130.02	3112.77	6
3483.09	3460.53	6
3829.49	3786.47	6
0.39	0.41	6
0.53	0.58	6
0.94	0.89	6
1.48	1.47	6
2.59	2.48	6
2.21	1.96	6
3.4	2.67	6
3.69	3.23	6
5.5	5.47	6
7.09	7.95	6
11.76	10.85	6
18.88	18.95	6
35.42	35.13	6
68.55	67.6	6
125.97	126.93	6
227.15	223.82	6
384.36	385.56	6
640.43	643.63	6
879.33	881.94	6
1117.73	1107.32	6
1348.66	1336.45	6
1582.3	1570.75	6
1818.42	1804.6	6
2041.4	2035.95	6
2301.83	2282.18	6
0.39	0.34	6
0.49	0.46	6
0.69	0.73	6
1.06	1.13	6
2.14	2.08	6
2.6	2.8	6
3.0	2.97	6
4.35	4.03	6
7.6	6.45	6
11.72	11.23	6
20.49	20.77	6
38.64	37.91	6
70.93	71.25	6
131.07	131.14	6
232.24	230.02	6
392.0	389.69	6
608.92	604.52	6
945.98	956.16	6
1290.72	1299.7	6
1629.77	1632.67	6
1972.16	1974.36	6
2328.26	2298.24	6
2639.83	2643.84	6
2972.02	2971.62	6
3279.49	3276.73	6
0.4	0.42	6
0.51	0.52	6
0.84	0.9	6
1.36	1.35	6
2.22	2.01	6
2.25	2.5	6
3.53	3.11	6
3.11	3.78	6
4.88	4.96	6
6.45	6.28	6
10.92	9.88	6
17.09	18.45	6
32.16	31.82	6
60.32	57.39	6
108.4	104.5	6
189.76	189.49	6
325.59	331.02	6
566.83	565.97	6
798.66	792.82	6
1025.07	1015.72	6
1256.36	1240.77	6
1484.68	1489.75	6
1717.78	1719.29	6
1926.56	1953.08	6
2135.21	2199.13	6
0.43	0.4	7
0.51	0.52	7
0.82	0.91	7
1.47	1.38	7
2.11	2.58	7
1.9	2.53	7
1.96	3.05	7
3.9	2.85	7
3.37	4.98	7
6.52	6.71	7
10.37	11.05	7
17.83	18.95	7
33.88	34.05	7
62.32	63.98	7
118.05	119.76	7
216.72	217.14	7
373.92	377.34	7
624.04	628.0	7
870.23	870.37	7
1106.62	1087.27	7
1337.34	1316.95	7
1564.88	1534.89	7
1796.7	1790.0	7
2039.91	2024.65	7
2256.54	2271.08	7
0.36	0.39	7
0.5	0.63	7
0.89	0.77	7
1.49	1.33	7
2.56	2.45	7
1.74	2.13	7
2.76	3.3	7
4.8	5.14	7
7.96	7.59	7
15.6	14.06	7
27.33	27.7	7
51.42	49.76	7
95.74	96.01	7
176.74	179.34	7
315.87	316.59	7
533.39	532.28	7
778.34	797.0	7
1179.78	1183.21	7
1561.36	1565.84	7
1928.13	1929.72	7
2289.11	2305.45	7
2677.31	2664.51	7
3019.31	3018.74	7
3371.64	3358.48	7
3709.08	3674.99	7
0.39	0.39	7
0.51	0.51	7
0.77	0.73	7
1.34	1.25	7
2.27	1.91	7
2.4	1.8	7
3.17	3.65	7
3.32	3.59	7
4.7	4.22	7
5.94	6.74	7
9.03	9.57	7
15.84	15.83	7
29.11	28.87	7
52.53	54.18	7
99.19	97.94	7
178.14	177.66	7
309.27	309.55	7
541.69	544.91	7
774.19	778.58	7
1001.05	999.09	7
1225.84	1219.35	7
1443.59	1450.84	7
1662.84	1701.46	7
1887.74	1928.01	7
2101.78	2158.22	7
0.38	0.36	7
0.48	0.53	7
0.72	0.71	7
1.08	1.17	7
2.16	1.82	7
2.87	2.39	7
3.14	3.15	7
4.77	4.96	7
6.91	6.72	7
12.46	12.92	7
22.03	21.89	7
42.86	41.9	7
78.11	80.05	7
145.61	144.85	7
257.71	260.75	7
427.86	429.11	7
650.86	652.19	7
1003.92	996.6	7
1355.95	1354.48	7
1690.31	1691.36	7
2050.04	2044.51	7
2384.95	2396.75	7
2712.77	2761.72	7
3089.8	3084.73	7
3390.11	3414.31	7
0.4	0.43	8
0.57	0.52	8
0.78	0.84	8
1.21	1.38	8
2.34	2.27	8
2.66	2.79	8
4.1	3.42	8
4.86	5.13	8
9.34	8.59	8
15.6	15.47	8
29.14	27.89	8
53.43	52.72	8
100.79	100.48	8
185.06	184.21	8
329.51	328.37	8
549.25	549.11	8
816.09	812.94	8
1235.23	1222.28	8
1620.33	1626.64	8
2044.48	2011.42	8
2425.47	2445.49	8
2797.47	2839.18	8
3177.39	3255.75	8
3541.09	3660.68	8
3886.95	4059.09	8
0.44	0.42	8
0.54	0.59	8
0.95	0.82	8
1.22	1.32	8
1.72	2.05	8
3.43	2.45	8
3.11	2.48	8
3.91	4.8	8
3.78	4.41	8
6.82	7.5	8
10.59	10.65	8
19.91	21.0	8
35.26	35.38	8
66.14	69.49	8
127.31	120.55	8
222.06	226.12	8
382.21	383.21	8
634.22	637.07	8
880.31	884.5	8
1123.72	1121.82	8
1362.03	1352.22	8
1590.09	1573.25	8
1827.35	1769.34	8
2053.95	1982.61	8
2248.91	2181.83	8
0.34	0.36	8
0.5	0.45	8
0.74	0.75	8
1.13	1.13	8
1.48	1.81	8
2.91	2.61	8
3.37	2.9	8
3.46	3.96	8
7.16	6.54	8
11.1	11.69	8
19.83	20.89	8
37.79	37.65	8
71.11	73.02	8
130.61	130.56	8
232.2	233.81	8
392.9	396.93	8
609.27	603.15	8
973.51	973.69	8
1313.27	1323.96	8
1668.53	1663.57	8
1995.82	2039.11	8
2330.47	2378.29	8
2682.16	2766.59	8
2993.14	3123.7	8
3314.69	3482.36	8
0.36	0.39	8
0.5	0.53	8
0.83	0.74	8
1.31	1.3	8
2.33	1.91	8
3.32	1.92	8
2.62	2.5	8
3.48	3.31	8
4.57	4.07	8
6.27	6.79	8
8.93	9.66	8
15.34	16.2	8
28.3	28.33	8
51.24	53.67	8
95.25	97.38	8
174.67	173.72	8
309.34	306.53	8
537.73	534.37	8
771.74	768.52	8
993.77	987.32	8
1223.06	1221.77	8
1457.55	1464.79	8
1675.83	1670.73	8
1909.17	1869.83	8
2137.44	2068.99	8
0.29	0.33	9
0.35	0.29	9
0.28	0.33	9
0.25	0.3	9
0.34	0.32	9
0.38	0.37	9
0.43	0.41	9
0.46	0.45	9
0.41	0.49	9
0.56	0.6	9
0.62	0.61	9
0.85	0.85	9
1.15	1.11	9
1.97	1.81	9
2.85	2.84	9
5.0	4.78	9
7.81	7.93	9
14.75	14.7	9
28.69	27.54	9
56.09	49.37	9
106.66	95.47	9
199.91	187.08	9
294.42	274.35	9
393.28	361.31	9
483.48	445.98	9
590.38	530.98	9
687.26	620.68	9
773.73	710.25	9
881.32	802.65	9
0.31	0.28	9
0.3	0.3	9
0.32	0.33	9
0.3	0.31	9
0.33	0.3	9
0.36	0.32	9
0.4	0.39	9
0.39	0.42	9
0.5	0.6	9
0.68	0.7	9
0.9	1.01	9
1.37	2.03	9
2.52	3.36	9
5.93	6.91	9
9.45	12.87	9
19.88	26.11	9
40.34	52.54	9
66.23	105.94	9
185.19	211.69	9
312.79	417.21	9
621.29	828.18	9
1030.71	1631.37	9
1565.02	2433.96	9
1991.56	3161.77	9
2620.7	3888.23	9
2899.91	4607.8	9
3601.84	5406.85	9
4104.43	6208.37	9
4423.99	7008.09	9
0.26	0.25	9
0.27	0.22	9
0.27	0.24	9
0.28	0.27	9
0.28	0.27	9
0.3	0.28	9
0.31	0.29	9
0.41	0.3	9
0.42	0.4	9
0.57	0.53	9
0.63	0.66	9
0.87	0.97	9
1.23	1.42	9
1.97	2.3	9
3.37	3.3	9
5.65	6.19	9
7.93	9.61	9
16.34	19.48	9
34.29	38.41	9
49.97	67.54	9
99.93	166.81	9
240.46	257.62	9
323.09	370.15	9
383.09	471.95	9
456.4	674.99	9
584.55	703.48	9
662.37	803.06	9
784.46	895.5	9
825.68	1052.44	9
0.32	0.26	9
0.28	0.23	9
0.32	0.32	9
0.3	0.28	9
0.31	0.29	9
0.36	0.35	9
0.31	0.38	9
0.43	0.39	9
0.52	0.55	9
0.79	0.7	9
0.85	1.07	9
1.86	1.97	9
2.7	3.87	9
4.72	6.82	9
11.48	15.09	9
21.1	28.6	9
50.95	58.6	9
84.33	119.31	9
237.22	228.33	9
274.04	470.79	9
541.96	900.78	9
1069.45	1832.28	9
1576.47	2637.09	9
2181.43	3468.79	9
3160.1	4163.38	9
3045.61	4934.45	9
3512.32	5848.05	9
4004.86	6644.27	9
4528.21	7519.9	9
0.3	0.26	10
0.3	0.21	10
0.3	0.32	10
0.25	0.36	10
0.29	0.27	10
0.34	0.33	10
0.39	0.37	10
0.35	0.36	10
0.49	0.4	10
0.54	0.58	10
0.66	0.71	10
1.16	0.93	10
1.88	1.56	10
2.81	2.83	10
4.34	4.37	10
8.39	8.67	10
17.08	15.96	10
32.14	30.83	10
62.6	60.91	10
120.06	119.94	10
242.13	236.21	10
473.89	457.88	10
703.86	678.19	10
933.18	903.2	10
1162.53	1124.05	10
1389.75	1342.16	10
1619.83	1560.72	10
1849.03	1784.49	10
2089.96	2009.07	10
0.27	0.27	10
0.21	0.24	10
0.31	0.28	10
0.34	0.26	10
0.35	0.33	10
0.4	0.29	10
0.35	0.32	10
0.42	0.52	10
0.54	0.53	10
0.78	0.88	10
1.14	1.06	10
1.71	2.12	10
2.53	2.53	10
3.83	4.85	10
8.85	10.02	10
13.15	21.44	10
36.61	42.39	10
51.16	85.35	10
145.73	169.7	10
291.97	335.76	10
491.02	670.27	10
794.75	1300.07	10
1242.27	1911.56	10
1526.77	2519.91	10
1878.0	3132.92	10
2337.18	3727.06	10
2592.6	4322.12	10
3059.88	4933.15	10
3498.25	5533.22	10
0.25	0.24	10
0.3	0.25	10
0.23	0.25	10
0.25	0.23	10
0.26	0.27	10
0.28	0.32	10
0.26	0.32	10
0.37	0.35	10
0.39	0.38	10
0.6	0.52	10
0.63	0.66	10
1.12	1.0	10
1.62	1.74	10
2.87	2.84	10
4.61	4.79	10
8.9	9.71	10
16.48	19.37	10
31.45	39.83	10
66.34	72.23	10
136.45	144.76	10
238.11	263.73	10
438.91	470.17	10
632.52	707.8	10
858.87	961.05	10
1051.63	1141.14	10
1288.89	1404.16	10
1532.93	1584.05	10
1675.7	1820.51	10
1914.65	2071.92	10
0.27	0.25	10
0.27	0.28	10
0.27	0.25	10
0.32	0.27	10
0.28	0.27	10
0.36	0.29	10
0.35	0.34	10
0.36	0.42	10
0.57	0.56	10
0.75	0.8	10
0.88	1.35	10
1.76	2.29	10
2.03	3.12	10
5.84	6.69	10
7.02	10.85	10
17.46	24.3	10
27.4	49.51	10
70.25	97.86	10
107.68	194.04	10
216.38	363.92	10
428.03	741.89	10
821.75	1492.06	10
1412.61	2063.41	10
1631.95	2739.71	10
2047.87	3480.31	10
2366.26	4079.39	10
2638.19	4610.34	10
3082.62	5297.79	10
3551.85	5835.94	10
0.27	0.27	11
0.27	0.28	11
0.26	0.26	11
0.3	0.34	11
0.27	0.25	11
0.32	0.31	11
0.33	0.31	11
0.38	0.43	11
0.46	0.54	11
0.64	0.55	11
0.92	0.93	11
1.41	1.62	11
1.93	3.28	11
3.66	6.08	11
7.92	9.75	11
12.05	19.59	11
37.75	43.44	11
50.26	84.43	11
99.13	165.43	11
197.25	328.22	11
480.67	657.99	11
772.97	1274.52	11
1174.48	1896.02	11
1502.91	2512.77	11
2078.35	3132.58	11
2324.76	3747.35	11
2633.16	4360.21	11
3020.23	4980.69	11
3378.96	5583.05	11
0.27	0.26	11
0.27	0.27	11
0.29	0.29	11
0.33	0.28	11
0.33	0.34	11
0.29	0.36	11
0.34	0.31	11
0.44	0.4	11
0.47	0.45	11
0.55	0.53	11
0.68	0.72	11
1.14	1.07	11
1.57	1.51	11
2.59	2.86	11
4.78	4.19	11
8.54	8.42	11
16.51	16.06	11
31.58	31.17	11
63.2	60.22	11
122.2	116.52	11
240.38	234.3	11
460.63	459.56	11
689.05	674.43	11
918.52	888.76	11
1151.97	1104.4	11
1354.44	1316.61	11
1575.58	1516.28	11
1797.38	1734.59	11
2020.59	1949.73	11
0.24	0.23	11
0.23	0.27	11
0.27	0.22	11
0.23	0.25	11
0.3	0.24	11
0.28	0.27	11
0.32	0.31	11
0.34	0.32	11
0.5	0.52	11
0.57	0.67	11
0.97	0.93	11
1.05	1.78	11
2.04	3.16	11
2.86	4.5	11
5.42	8.14	11
10.92	18.44	11
23.47	41.94	11
46.72	81.91	11
140.63	169.03	11
228.25	336.78	11
467.42	667.17	11
694.84	1244.15	11
1090.55	1830.06	11
1506.82	2474.27	11
1650.85	3000.62	11
2205.74	3660.11	11
2299.1	4186.92	11
2679.16	4828.16	11
3088.74	5424.63	11
0.25	0.23	11
0.27	0.22	11
0.29	0.28	11
0.32	0.29	11
0.22	0.26	11
0.32	0.27	11
0.31	0.35	11
0.42	0.34	11
0.39	0.34	11
0.55	0.57	11
0.8	0.78	11
1.13	1.19	11
1.63	1.71	11
2.86	3.17	11
4.25	5.0	11
9.26	9.59	11
18.53	18.48	11
36.73	35.9	11
64.54	66.0	11
131.38	139.67	11
247.1	251.29	11
490.91	500.84	11
705.62	746.7	11
906.73	957.35	11
1154.82	1236.08	11
1324.49	1434.13	11
1518.75	1666.92	11
1782.26	1885.04	11
2079.28	2125.19	11
0.32	0.23	12
0.24	0.27	12
0.26	0.24	12
0.27	0.28	12
0.33	0.27	12
0.27	0.28	12
0.43	0.31	12
0.33	0.39	12
0.42	0.43	12
0.6	0.7	12
1.14	0.9	12
1.12	1.77	12
2.31	3.42	12
4.86	6.36	12
9.42	11.88	12
14.78	23.92	12
36.91	49.19	12
60.73	97.25	12
144.15	194.34	12
288.34	385.57	12
577.13	770.8	12
939.54	1501.44	12
1669.79	2221.67	12
1849.06	2944.78	12
2757.25	3669.0	12
2754.46	4394.44	12
3394.34	5114.22	12
4217.69	5835.19	12
4145.52	6560.95	12
0.24	0.25	12
0.25	0.27	12
0.25	0.33	12
0.31	0.24	12
0.28	0.25	12
0.34	0.33	12
0.4	0.33	12
0.38	0.4	12
0.46	0.47	12
0.52	0.52	12
0.68	0.62	12
0.84	0.8	12
1.05	1.09	12
1.83	1.71	12
2.72	2.68	12
4.95	4.64	12
8.41	8.13	12
15.49	14.66	12
28.29	26.68	12
53.15	49.77	12
106.3	95.8	12
196.93	185.89	12
290.83	274.21	12
397.35	356.95	12
490.71	444.57	12
556.5	532.47	12
682.56	619.32	12
777.96	710.75	12
862.94	800.87	12
0.23	0.23	12
0.25	0.22	12
0.24	0.27	12
0.27	0.25	12
0.24	0.24	12
0.26	0.25	12
0.29	0.31	12
0.33	0.37	12
0.45	0.39	12
0.57	0.64	12
1.01	0.96	12
1.07	1.58	12
2.23	3.12	12
5.94	5.74	12
8.88	11.99	12
21.24	24.99	12
34.44	49.52	12
59.3	98.61	12
140.71	203.11	12
228.86	390.39	12
548.43	772.28	12
890.12	1529.62	12
1665.63	2231.06	12
1730.45	2914.88	12
2153.08	3702.61	12
2550.77	4300.87	12
3074.57	5006.47	12
3587.36	5767.49	12
3840.93	6439.36	12
0.26	0.26	12
0.26	0.27	12
0.28	0.22	12
0.22	0.25	12
0.32	0.24	12
0.33	0.23	12
0.34	0.41	12
0.36	0.41	12
0.42	0.49	12
0.58	0.61	12
0.66	0.65	12
0.98	0.94	12
1.14	1.47	12
2.03	2.12	12
2.76	3.39	12
6.48	6.02	12
9.02	10.35	12
17.39	19.99	12
32.49	37.45	12
54.07	67.07	12
121.77	121.4	12
225.51	301.29	12
323.49	399.87	12
470.74	489.36	12
534.51	606.91	12
588.66	657.98	12
672.75	782.56	12
787.27	939.22	12
862.5	1064.15	12
0.33	0.28	13
0.32	0.32	13
0.48	0.51	13
0.64	0.68	13
1.08	1.07	13
1.94	1.99	13
2.64	2.96	13
4.7	3.17	13
3.4	4.39	13
6.8	6.72	13
9.19	8.66	13
13.71	15.4	13
23.03	24.57	13
41.44	43.17	13
70.37	68.91	13
104.55	109.92	13
144.29	144.61	13
200.42	195.66	13
307.17	307.98	13
510.71	515.55	13
728.78	733.5	13
945.3	949.36	13
1162.19	1168.5	13
1388.44	1379.42	13
1576.63	1583.97	13
1782.23	1779.48	13
1970.53	1935.16	13
0.27	0.24	13
0.33	0.34	13
0.45	0.41	13
0.62	0.61	13
1.05	1.06	13
1.33	1.98	13
2.05	2.77	13
3.34	4.1	13
4.65	5.51	13
5.54	4.75	13
9.56	9.28	13
15.14	16.2	13
24.73	27.43	13
47.74	47.36	13
79.47	82.54	13
126.95	126.09	13
185.95	186.41	13
278.21	282.04	13
471.31	472.69	13
844.49	879.12	13
1219.23	1277.39	13
1557.31	1642.26	13
1929.64	2022.37	13
2282.43	2370.57	13
2660.89	2721.21	13
2970.6	3049.19	13
3289.48	3379.99	13
0.25	0.27	13
0.31	0.32	13
0.39	0.43	13
0.56	0.62	13
0.89	0.96	13
1.77	1.76	13
2.32	2.62	13
4.61	4.46	13
4.05	3.31	13
4.0	3.39	13
7.42	7.72	13
12.64	11.05	13
18.53	21.34	13
33.78	32.4	13
52.61	55.04	13
84.64	85.47	13
113.45	114.74	13
171.42	168.34	13
270.39	262.91	13
473.06	468.78	13
652.96	649.27	13
859.21	862.1	13
1076.67	1066.45	13
1264.66	1260.0	13
1450.15	1457.48	13
1651.93	1657.88	13
1840.87	1816.29	13
0.27	0.26	13
0.3	0.31	13
0.42	0.39	13
0.62	0.58	13
0.99	1.01	13
1.68	1.42	13
2.81	2.23	13
2.55	3.63	13
4.07	3.66	13
4.75	5.28	13
8.85	7.95	13
12.32	12.57	13
22.02	22.37	13
36.81	37.75	13
63.5	62.73	13
104.1	101.51	13
153.3	152.92	13
239.4	243.79	13
417.57	416.62	13
751.97	801.13	13
1089.25	1170.05	13
1417.36	1491.86	13
1729.17	1806.55	13
2054.26	2150.5	13
2372.63	2446.52	13
2677.96	2780.23	13
2965.33	3051.77	13
0.27	0.3	14
0.38	0.34	14
0.45	0.45	14
0.71	0.7	14
1.16	1.13	14
2.12	2.23	14
4.08	2.59	14
5.11	3.71	14
5.48	4.7	14
6.04	6.76	14
11.48	10.16	14
16.9	15.55	14
27.31	28.25	14
49.05	48.93	14
81.17	80.79	14
132.29	129.53	14
188.43	181.49	14
268.45	274.74	14
442.54	440.53	14
771.38	774.5	14
1101.33	1113.58	14
1447.59	1443.85	14
1791.79	1778.43	14
2128.77	2109.93	14
2437.28	2467.05	14
2759.71	2787.05	14
3069.93	3071.93	14
0.27	0.31	14
0.36	0.37	14
0.47	0.48	14
0.64	0.67	14
1.1	1.16	14
2.09	1.82	14
3.73	2.84	14
4.85	3.87	14
5.21	4.35	14
7.43	6.29	14
9.12	9.54	14
16.78	14.11	14
26.44	25.86	14
43.06	43.55	14
71.73	74.0	14
110.83	112.89	14
150.89	153.66	14
212.21	211.55	14
326.82	324.58	14
554.89	592.86	14
787.07	864.6	14
1000.84	1104.98	14
1226.97	1317.05	14
1445.78	1530.37	14
1635.72	1743.73	14
1852.78	1951.19	14
2024.22	2128.76	14
0.25	0.29	14
0.29	0.28	14
0.38	0.41	14
0.57	0.57	14
0.95	0.94	14
1.41	1.68	14
2.44	2.49	14
4.02	3.1	14
3.47	3.16	14
4.3	5.22	14
7.92	8.22	14
11.79	11.77	14
21.69	21.78	14
36.15	36.57	14
61.37	60.29	14
93.58	96.22	14
138.53	142.99	14
220.16	219.9	14
384.25	367.28	14
679.99	660.1	14
970.99	952.22	14
1277.96	1256.02	14
1570.0	1558.99	14
1860.0	1881.61	14
2162.39	2173.67	14
2441.26	2436.88	14
2733.38	2727.16	14
0.27	0.27	14
0.31	0.29	14
0.46	0.41	14
0.66	0.73	14
1.17	1.11	14
2.16	2.16	14
2.53	3.94	14
5.37	5.06	14
4.65	3.97	14
5.58	6.31	14
9.3	9.5	14
14.28	16.29	14
24.14	23.99	14
40.43	41.67	14
68.59	69.27	14
103.77	103.02	14
140.48	135.78	14
198.45	199.58	14
306.9	313.74	14
524.28	589.67	14
750.78	844.28	14
948.28	1053.93	14
1151.82	1254.09	14
1336.97	1441.66	14
1520.48	1627.44	14
1700.64	1799.18	14
1843.47	1981.09	14
0.26	0.33	15
0.4	0.3	15
0.46	0.41	15
0.67	0.63	15
1.09	1.01	15
1.97	1.92	15
3.08	3.21	15
2.64	4.42	15
3.81	3.73	15
5.67	4.42	15
9.12	7.69	15
13.95	14.18	15
24.83	25.39	15
42.96	41.07	15
67.09	68.34	15
103.84	108.49	15
147.61	145.1	15
201.87	203.23	15
311.72	312.61	15
531.46	568.06	15
757.84	824.97	15
984.47	1036.71	15
1195.3	1260.62	15
1423.15	1470.94	15
1632.75	1699.06	15
1869.03	1869.49	15
2014.77	2059.03	15
0.27	0.26	15
0.32	0.32	15
0.43	0.39	15
0.67	0.65	15
1.05	1.09	15
1.82	1.98	15
2.86	3.66	15
4.02	4.15	15
5.34	4.96	15
7.03	6.46	15
9.56	10.72	15
15.61	14.41	15
24.8	25.35	15
44.68	46.94	15
79.36	76.91	15
122.58	122.9	15
175.09	178.35	15
261.24	260.08	15
433.87	435.25	15
765.65	761.78	15
1097.17	1097.75	15
1423.01	1453.63	15
1782.98	1771.69	15
2102.53	2107.43	15
2447.43	2462.21	15
2750.69	2763.66	15
3056.29	3065.45	15
0.25	0.26	15
0.28	0.27	15
0.43	0.37	15
0.56	0.57	15
0.95	0.92	15
1.51	1.66	15
2.96	2.64	15
3.17	2.34	15
5.16	3.29	15
4.91	3.94	15
6.47	7.48	15
10.85	10.84	15
18.4	18.31	15
31.58	32.24	15
52.56	54.42	15
83.22	83.49	15
115.99	117.16	15
170.83	169.08	15
268.98	273.34	15
479.4	514.14	15
677.33	740.55	15
880.29	938.55	15
1067.6	1143.41	15
1281.85	1357.07	15
1440.21	1504.74	15
1638.85	1697.08	15
1813.15	1865.25	15
0.25	0.28	15
0.3	0.3	15
0.44	0.38	15
0.58	0.57	15
0.79	0.92	15
1.33	1.68	15
2.92	2.04	15
3.34	1.89	15
3.41	2.5	15
4.96	5.31	15
7.31	7.01	15
12.57	13.43	15
21.32	22.58	15
36.19	35.39	15
61.63	61.59	15
96.23	95.11	15
142.97	143.55	15
220.73	216.45	15
371.82	381.95	15
677.09	670.81	15
959.29	966.14	15
1287.05	1266.92	15
1571.23	1574.57	15
1880.66	1878.23	15
2180.34	2177.49	15
2426.86	2447.37	15
2752.33	2725.57	15
0.27	0.28	16
0.37	0.29	16
0.42	0.37	16
0.65	0.67	16
1.17	1.14	16
1.98	1.92	16
2.44	3.3	16
3.02	3.65	16
5.9	4.54	16
6.24	4.71	16
10.12	9.05	16
15.59	15.2	16
27.25	28.04	16
47.71	48.2	16
82.24	79.9	16
126.37	127.07	16
181.77	182.79	16
273.84	275.02	16
448.19	454.71	16
795.34	836.65	16
1136.69	1199.28	16
1490.6	1564.76	16
1827.2	1900.57	16
2165.95	2254.52	16
2520.58	2591.57	16
2837.82	2908.99	16
3150.91	3201.28	16
0.28	0.27	16
0.36	0.29	16
0.52	0.45	16
0.67	0.63	16
1.1	1.09	16
1.57	1.99	16
3.48	3.82	16
4.81	4.46	16
4.82	3.84	16
5.93	6.03	16
9.24	9.16	16
14.56	13.83	16
25.03	25.07	16
43.46	43.89	16
70.35	72.82	16
109.52	109.07	16
148.78	148.52	16
204.43	206.48	16
312.9	310.56	16
515.2	516.93	16
728.91	738.64	16
940.72	947.34	16
1152.11	1173.43	16
1380.57	1376.85	16
1567.36	1602.06	16
1808.05	1780.9	16
1977.28	1983.25	16
0.23	0.26	16
0.31	0.28	16
0.39	0.4	16
0.6	0.58	16
0.94	0.96	16
1.56	1.65	16
2.25	3.19	16
3.87	3.41	16
4.5	4.05	16
4.34	4.7	16
7.39	7.02	16
12.04	12.53	16
21.04	21.57	16
36.5	37.0	16
60.71	59.41	16
97.86	96.58	16
141.23	140.15	16
220.6	224.68	16
382.21	385.07	16
692.86	719.3	16
996.3	1054.06	16
1291.82	1369.56	16
1590.86	1661.73	16
1887.92	1959.73	16
2200.11	2243.2	16
2466.14	2573.89	16
2716.05	2800.13	16
0.27	0.25	16
0.41	0.32	16
0.43	0.49	16
0.6	0.63	16
1.2	1.19	16
1.84	1.78	16
2.51	3.05	16
3.07	2.63	16
4.39	5.62	16
5.06	4.79	16
8.5	8.06	16
13.8	12.95	16
23.14	21.99	16
37.42	37.49	16
63.96	62.86	16
96.78	96.94	16
130.29	132.36	16
181.83	178.74	16
286.97	283.83	16
472.39	474.12	16
676.68	689.58	16
886.28	885.64	16
1081.91	1090.07	16
1293.77	1296.4	16
1503.36	1516.28	16
1686.89	1671.88	16
1859.72	1854.34	16
0.42	0.42	17
0.57	0.59	17
1.04	1.02	17
1.98	2.02	17
3.1	3.44	17
5.6	5.37	17
9.83	9.24	17
10.03	7.73	17
16.87	9.86	17
20.31	12.67	17
26.96	24.92	17
44.5	44.62	17
79.14	78.87	17
143.03	148.2	17
273.27	269.43	17
500.59	493.7	17
868.67	866.18	17
1338.24	1337.05	17
1779.25	1781.01	17
2479.63	2481.4	17
3130.06	3144.14	17
3774.1	3782.44	17
4399.04	4346.62	17
5005.71	4852.23	17
5632.88	5326.71	17
6200.85	5771.09	17
6677.73	6207.41	17
0.36	0.51	17
0.64	0.55	17
1.06	0.98	17
1.6	1.91	17
2.99	3.38	17
4.52	6.54	17
6.88	5.26	17
9.23	11.97	17
16.39	15.51	17
20.81	22.58	17
41.4	40.42	17
76.73	70.16	17
130.35	131.93	17
248.21	255.79	17
465.1	467.37	17
834.91	840.68	17
1436.49	1433.0	17
2149.56	2143.11	17
2722.31	2715.83	17
3658.01	3641.26	17
4436.82	4386.85	17
5217.11	5156.64	17
6025.96	6038.63	17
6860.23	6935.01	17
7662.1	7844.75	17
8402.48	8817.84	17
9109.64	9637.58	17
0.36	0.34	17
0.6	0.51	17
0.87	0.88	17
1.41	1.41	17
2.71	2.46	17
4.17	5.01	17
9.84	8.81	17
9.84	10.26	17
8.47	14.68	17
15.32	13.93	17
21.08	19.05	17
31.8	34.3	17
56.95	58.22	17
115.33	107.28	17
214.93	216.05	17
388.65	383.61	17
672.32	669.58	17
1038.72	1033.47	17
1413.87	1406.34	17
2016.81	2016.94	17
2636.13	2677.52	17
3208.87	3360.97	17
3808.42	3948.97	17
4426.85	4488.11	17
5009.03	5028.98	17
5550.9	5496.28	17
6069.06	5894.22	17
0.36	0.39	17
0.56	0.65	17
1.0	1.07	17
1.67	1.59	17
3.12	3.09	17
6.43	6.16	17
9.83	7.3	17
12.03	11.86	17
16.27	12.48	17
25.29	25.33	17
34.25	37.77	17
72.32	68.56	17
126.25	128.87	17
239.21	235.0	17
444.21	446.98	17
788.73	792.78	17
1338.89	1338.98	17
1973.78	1967.31	17
2543.8	2479.05	17
3396.83	3385.72	17
4155.96	4145.37	17
4891.6	4899.73	17
5633.9	5725.52	17
6377.73	6607.76	17
7192.0	7597.95	17
7888.8	8594.58	17
8539.13	9488.92	17
0.45	0.38	18
0.71	0.69	18
0.96	0.97	18
1.96	2.08	18
3.74	2.87	18
5.6	5.08	18
7.9	11.19	18
11.38	13.72	18
20.47	20.81	18
25.98	19.15	18
45.38	42.71	18
80.24	76.15	18
145.42	146.21	18
266.16	267.03	18
494.23	499.64	18
898.87	899.95	18
1510.89	1517.17	18
2278.7	2268.65	18
2916.5	2924.22	18
3798.14	3793.15	18
4616.82	4606.71	18
5426.65	5654.82	18
6237.1	6704.43	18
7030.99	7616.77	18
7806.64	8344.29	18
8536.67	9007.68	18
9212.8	9616.85	18
0.46	0.43	18
0.63	0.55	18
1.1	1.03	18
1.65	1.74	18
3.04	3.47	18
5.88	4.57	18
10.83	11.9	18
15.61	10.03	18
7.28	17.14	18
23.69	19.41	18
28.19	29.27	18
47.43	45.85	18
86.6	83.77	18
152.18	156.91	18
283.81	284.9	18
517.5	524.89	18
914.27	915.7	18
1403.52	1402.86	18
1852.45	1848.61	18
2568.14	2553.2	18
3151.19	3076.09	18
3745.42	3640.09	18
4352.02	4215.18	18
4977.65	4826.41	18
5592.98	5430.57	18
6246.06	6078.03	18
6802.92	6705.64	18
0.32	0.39	18
0.48	0.5	18
0.74	0.83	18
1.61	1.31	18
2.09	2.48	18
4.52	4.14	18
8.14	9.5	18
9.68	8.19	18
10.51	7.77	18
18.44	15.29	18
30.13	30.49	18
51.82	49.69	18
88.9	94.61	18
171.09	169.13	18
319.35	321.0	18
568.76	563.01	18
949.86	949.75	18
1445.88	1448.71	18
1916.26	1926.1	18
2651.21	2654.45	18
3382.82	3369.39	18
4074.88	4271.23	18
4794.51	5144.3	18
5511.08	5945.29	18
6259.49	6643.87	18
6912.86	7292.31	18
7529.38	7843.11	18
0.45	0.47	18
0.66	0.57	18
0.92	1.0	18
1.93	1.77	18
3.23	3.24	18
5.96	6.25	18
7.53	7.95	18
7.76	6.24	18
13.13	12.41	18
16.34	21.5	18
22.26	28.26	18
47.77	44.06	18
74.24	79.76	18
150.86	148.91	18
267.6	267.61	18
509.36	504.91	18
880.38	880.14	18
1333.12	1339.77	18
1729.24	1729.1	18
2403.71	2383.9	18
2971.42	2944.53	18
3546.2	3504.47	18
4109.67	4087.69	18
4732.65	4663.96	18
5313.0	5333.58	18
5887.28	5952.37	18
6411.54	6677.86	18
0.44	0.46	19
0.67	0.63	19
1.01	1.04	19
1.76	1.74	19
3.27	3.26	19
6.59	6.41	19
8.54	7.02	19
9.57	7.89	19
12.5	13.48	19
16.16	14.49	19
26.67	29.25	19
46.55	39.8	19
82.57	85.84	19
143.77	152.76	19
281.89	276.52	19
514.52	508.6	19
889.44	898.39	19
1364.21	1363.1	19
1808.85	1804.62	19
2530.12	2510.47	19
3136.88	3042.53	19
3695.55	3584.26	19
4294.03	4167.15	19
4915.85	4772.45	19
5519.79	5362.99	19
6130.46	5993.77	19
6732.73	6619.97	19
0.49	0.42	19
0.61	0.67	19
1.09	0.9	19
1.91	1.94	19
3.38	2.96	19
6.76	5.82	19
12.82	13.08	19
14.42	12.79	19
17.69	17.19	19
24.88	26.28	19
42.87	39.76	19
73.4	79.16	19
133.54	139.49	19
260.56	268.04	19
483.76	481.34	19
870.71	860.33	19
1461.21	1464.01	19
2202.81	2198.75	19
2841.13	2834.9	19
3724.6	3725.5	19
4538.86	4545.45	19
5393.44	5608.07	19
6227.66	6706.21	19
7056.83	7628.31	19
7816.13	8383.29	19
8552.17	9050.29	19
9198.96	9633.79	19
0.33	0.36	19
0.5	0.55	19
0.77	0.77	19
1.35	1.45	19
2.43	2.76	19
3.13	4.26	19
7.17	8.55	19
9.37	10.67	19
9.09	12.65	19
14.24	19.89	19
22.5	22.16	19
36.62	36.27	19
65.59	66.8	19
122.11	123.58	19
216.29	220.36	19
399.62	395.7	19
677.14	674.21	19
1041.86	1033.55	19
1444.93	1424.43	19
2089.44	2070.84	19
2650.34	2613.17	19
3205.38	3158.37	19
3756.91	3692.34	19
4329.8	4276.98	19
4904.28	4862.43	19
5453.29	5514.31	19
6013.58	6122.56	19
0.4	0.44	19
0.55	0.58	19
1.08	0.86	19
1.65	1.8	19
3.09	2.8	19
4.49	6.15	19
7.75	8.89	19
17.05	13.27	19
10.26	14.75	19
25.84	26.33	19
36.64	43.67	19
71.11	71.36	19
133.6	125.65	19
243.3	241.11	19
442.42	436.89	19
784.06	783.18	19
1306.83	1306.97	19
1942.48	1934.47	19
2461.92	2471.21	19
3259.55	3245.89	19
3989.32	3993.57	19
4730.4	4971.7	19
5520.01	6056.72	19
6274.26	6926.45	19
6994.99	7675.72	19
7665.21	8315.1	19
8294.6	8889.04	19
0.51	0.45	20
0.67	0.68	20
1.03	1.13	20
2.34	2.04	20
3.83	3.81	20
7.35	6.12	20
10.88	10.88	20
10.92	10.81	20
15.85	19.97	20
28.11	25.58	20
46.9	43.01	20
75.13	75.58	20
144.12	144.55	20
271.92	272.41	20
511.75	503.71	20
905.07	896.33	20
1512.68	1525.31	20
2273.31	2292.27	20
2929.77	2911.93	20
3859.84	3846.57	20
4687.3	4672.44	20
5514.02	5517.21	20
6419.62	6453.09	20
7270.51	7476.23	20
8072.21	8517.72	20
8846.08	9585.24	20
9544.81	10631.86	20
0.42	0.51	20
0.7	0.63	20
1.09	1.0	20
1.72	2.17	20
3.53	2.82	20
7.06	7.29	20
10.93	10.55	20
8.54	12.97	20
13.59	11.28	20
14.63	20.15	20
28.02	31.38	20
46.99	50.11	20
82.15	82.1	20
158.8	161.37	20
291.9	293.8	20
534.11	536.37	20
933.9	928.49	20
1419.83	1427.15	20
1891.16	1889.32	20
2571.11	2571.14	20
3229.76	3287.64	20
3861.46	3870.66	20
4502.46	4455.48	20
5117.44	4974.58	20
5769.7	5467.91	20
6294.61	5876.43	20
6749.23	6289.22	20
0.34	0.37	20
0.57	0.53	20
0.82	0.91	20
1.71	1.65	20
2.62	2.42	20
4.55	4.31	20
8.97	6.47	20
8.78	13.04	20
11.17	14.17	20
20.44	24.97	20
39.28	36.33	20
66.27	62.49	20
117.53	114.02	20
222.42	210.25	20
391.2	388.59	20
693.91	693.46	20
1149.72	1147.88	20
1696.88	1708.78	20
2198.57	2175.64	20
2975.65	2947.15	20
3670.84	3647.06	20
4461.29	4355.09	20
5180.15	5305.7	20
5903.46	6185.25	20
6594.74	7085.21	20
7250.14	8059.76	20
7857.54	8985.54	20
0.44	0.4	20
0.56	0.65	20
1.04	1.01	20
1.62	1.8	20
3.16	3.38	20
6.46	5.5	20
7.67	8.96	20
13.01	8.47	20
12.7	13.99	20
17.84	18.31	20
25.0	24.13	20
47.98	40.59	20
83.49	81.28	20
145.26	145.14	20
264.54	266.72	20
487.03	482.97	20
837.41	827.31	20
1254.34	1257.91	20
1654.46	1648.56	20
2266.53	2270.06	20
2870.8	2908.17	20
3452.27	3536.06	20
4089.35	4120.59	20
4642.53	4740.17	20
5239.46	5246.98	20
5784.52	5665.45	20
6240.52	6104.11	20
0.96	0.79	21
0.96	0.99	21
1.23	1.63	21
1.28	1.31	21
1.22	1.47	21
1.5	2.09	21
1.91	2.13	21
1.93	2.55	21
3.53	2.53	21
3.56	3.19	21
5.93	4.9	21
10.18	7.31	21
17.16	14.8	21
33.8	22.96	21
63.12	42.28	21
120.84	80.39	21
239.51	155.38	21
462.27	304.43	21
687.22	446.05	21
911.98	588.55	21
1132.21	733.43	21
1353.95	880.6	21
1569.05	1019.81	21
1796.98	1168.52	21
2029.23	1301.56	21
1.27	1.23	21
1.22	1.51	21
1.82	1.86	21
2.04	2.04	21
2.61	2.47	21
2.33	2.76	21
2.76	3.24	21
2.66	4.88	21
6.71	5.68	21
8.64	10.37	21
12.23	18.33	21
20.61	40.08	21
40.25	75.66	21
77.11	150.14	21
153.05	296.6	21
302.21	493.86	21
601.94	1176.26	21
1171.03	1912.89	21
1734.54	3391.38	21
2299.08	4494.47	21
2866.57	4689.16	21
3434.51	6706.28	21
4000.07	7816.7	21
4560.26	7459.42	21
5126.88	10012.44	21
0.69	0.72	21
0.8	0.77	21
1.29	1.24	21
1.21	1.41	21
1.42	1.96	21
1.88	1.47	21
2.22	1.94	21
2.5	2.4	21
3.02	2.84	21
4.31	4.3	21
5.94	6.36	21
10.41	9.99	21
18.09	19.4	21
34.13	37.23	21
68.33	68.49	21
123.07	114.94	21
273.39	229.97	21
462.47	443.29	21
664.08	681.5	21
875.64	885.37	21
1092.47	1097.89	21
1301.79	1291.37	21
1530.49	1541.79	21
1724.08	1693.6	21
1968.45	1880.67	21
0.86	0.79	21
1.35	1.28	21
1.65	1.79	21
2.19	2.28	21
1.98	2.19	21
2.34	2.29	21
3.02	3.14	21
3.76	4.33	21
5.32	7.46	21
6.93	11.18	21
12.15	21.59	21
20.38	41.33	21
40.86	81.32	21
78.23	166.55	21
149.33	256.05	21
297.75	509.23	21
591.15	1261.43	21
1133.63	2402.47	21
1686.65	3586.51	21
2226.21	4694.92	21
2764.86	5812.6	21
3331.66	6923.64	21
3857.8	8072.84	21
4416.34	9230.96	21
4945.05	10391.79	21
1.01	0.98	22
1.63	1.46	22
1.86	1.93	22
2.1	1.65	22
2.22	1.94	22
2.51	2.38	22
2.65	2.63	22
3.24	2.82	22
4.22	3.59	22
4.71	4.75	22
9.14	7.4	22
14.78	12.68	22
26.93	22.96	22
50.33	41.13	22
96.17	83.9	22
190.25	163.84	22
374.22	298.89	22
726.35	576.09	22
1071.43	853.45	22
1426.15	1232.7	22
1782.06	1419.74	22
2129.29	1687.15	22
2471.76	1960.23	22
2842.51	2458.88	22
3180.26	2741.77	22
0.83	0.66	22
0.96	0.93	22
1.04	1.09	22
1.62	1.6	22
1.64	1.92	22
2.54	2.12	22
2.5	2.42	22
3.49	3.67	22
5.16	5.43	22
5.61	10.27	22
10.03	15.5	22
18.26	34.91	22
33.32	68.73	22
64.26	132.22	22
129.63	217.34	22
252.3	511.85	22
494.87	1011.52	22
959.97	1961.42	22
1423.36	2900.05	22
1855.64	3157.89	22
2321.75	4758.4	22
2784.5	4752.34	22
3249.39	5521.29	22
3713.61	7607.2	22
4173.78	7070.19	22
0.73	0.87	22
1.3	1.29	22
1.46	1.56	22
1.71	2.06	22
2.19	2.2	22
2.28	1.75	22
2.3	2.19	22
2.88	3.11	22
3.84	4.11	22
5.66	5.9	22
8.83	10.02	22
14.28	17.06	22
26.06	30.71	22
49.64	53.14	22
99.53	110.67	22
193.33	183.16	22
374.6	401.7	22
698.34	678.63	22
1015.4	1025.93	22
1333.4	1332.93	22
1694.52	1659.84	22
1960.82	2004.17	22
2337.47	2327.3	22
2666.99	2652.55	22
3001.57	2983.8	22
0.91	0.75	22
1.02	0.79	22
1.33	1.55	22
1.36	1.33	22
2.01	1.62	22
1.87	1.93	22
2.9	2.83	22
2.61	3.74	22
5.59	6.09	22
6.55	8.87	22
10.01	18.41	22
18.58	37.7	22
32.61	73.18	22
62.81	132.31	22
120.15	229.24	22
236.62	532.05	22
465.14	1038.78	22
899.02	2007.22	22
1316.31	2922.42	22
1731.27	3149.56	22
2156.35	4824.44	22
2580.12	5776.85	22
3030.11	6735.24	22
3453.82	6303.82	22
3884.87	8620.35	22
0.84	0.77	23
1.15	0.83	23
1.72	1.29	23
1.43	1.9	23
1.98	1.86	23
2.29	2.52	23
2.65	2.86	23
3.69	4.31	23
4.92	5.94	23
7.12	11.09	23
12.39	19.87	23
20.4	37.85	23
39.26	74.78	23
76.12	145.86	23
147.22	288.86	23
278.55	553.93	23
531.84	1063.08	23
1001.47	1696.25	23
1478.7	2979.09	23
1942.81	3941.36	23
2426.04	4922.87	23
2902.02	5875.21	23
3356.2	6850.28	23
3764.62	6349.11	23
4151.12	8511.38	23
1.29	1.1	23
1.46	1.76	23
2.21	2.28	23
2.12	1.77	23
2.69	2.63	23
2.38	2.84	23
3.0	2.85	23
3.34	3.16	23
4.61	4.01	23
5.71	4.73	23
9.05	8.25	23
15.73	13.6	23
26.89	22.71	23
50.84	40.19	23
96.35	83.54	23
189.76	150.83	23
372.11	297.84	23
724.47	573.58	23
1074.19	852.04	23
1424.66	1130.96	23
1769.06	1536.19	23
2121.11	1682.18	23
2472.63	1958.08	23
2846.46	2240.31	23
3183.98	2512.54	23
0.7	0.73	23
0.79	0.92	23
0.89	1.31	23
1.32	1.35	23
1.71	1.86	23
1.83	1.88	23
2.08	2.31	23
2.48	3.4	23
3.99	5.41	23
5.57	8.6	23
8.1	14.41	23
14.42	33.14	23
27.2	65.0	23
52.8	121.78	23
102.07	255.74	23
194.57	403.11	23
385.25	895.42	23
724.57	1758.95	23
1077.58	2582.67	23
1430.57	3470.58	23
1767.32	4211.78	23
2095.55	5058.38	23
2456.61	4700.19	23
2797.96	6750.82	23
3126.15	7485.25	23
1.14	1.19	23
1.7	1.41	23
1.74	1.89	23
2.05	2.15	23
2.02	2.33	23
2.34	1.97	23
2.23	3.01	23
3.46	3.79	23
3.89	4.07	23
6.11	6.39	23
8.9	9.87	23
15.32	16.57	23
28.03	26.09	23
49.73	50.91	23
100.65	104.01	23
177.06	223.63	23
376.56	364.34	23
672.85	691.62	23
998.93	1019.2	23
1321.92	1367.62	23
1683.38	1676.12	23
1973.7	2024.3	23
2320.14	2327.98	23
2693.06	2637.51	23
2945.56	2971.24	23
0.99	0.83	24
1.12	1.31	24
1.73	1.55	24
1.73	2.0	24
1.91	1.88	24
2.3	2.0	24
3.21	2.85	24
3.2	3.41	24
3.72	5.86	24
6.33	9.63	24
11.24	18.34	24
20.04	34.8	24
37.78	69.41	24
70.47	137.64	24
135.79	269.07	24
277.91	551.02	24
547.47	1088.72	24
1061.39	2111.84	24
1578.0	3132.17	24
2088.99	3483.55	24
2657.79	5247.12	24
3221.08	6381.07	24
3791.91	7491.15	24
4365.26	8619.32	24
4940.73	9716.33	24
0.92	0.76	24
1.05	1.26	24
1.29	1.27	24
1.44	1.12	24
1.51	1.23	24
1.68	1.94	24
2.15	2.04	24
2.35	2.47	24
2.8	2.73	24
3.5	3.38	24
5.58	4.61	24
10.12	7.7	24
18.57	15.34	24
32.59	22.61	24
61.1	49.08	24
121.03	80.97	24
239.01	157.31	24
463.46	302.26	24
693.86	533.59	24
906.43	591.97	24
1124.88	729.77	24
1353.66	875.67	24
1575.62	1025.73	24
1838.0	1387.85	24
2020.09	1306.54	24
0.83	0.9	24
1.17	1.17	24
1.44	1.46	24
1.63	1.53	24
1.79	1.81	24
2.0	2.19	24
2.74	2.86	24
3.33	3.55	24
5.29	5.81	24
6.22	10.18	24
10.01	18.24	24
17.92	33.45	24
31.97	56.39	24
60.32	87.12	24
116.17	259.14	24
227.27	557.51	24
447.72	1026.0	24
876.39	1989.17	24
1288.02	2876.26	24
1717.09	2417.53	24
2179.28	4921.46	24
2627.78	5873.79	24
3139.58	5645.03	24
3598.43	7984.01	24
4066.7	9027.86	24
0.67	0.83	24
0.9	0.87	24
1.16	1.39	24
1.21	1.3	24
1.98	1.63	24
1.37	1.58	24
2.01	1.94	24
1.89	2.24	24
3.06	2.79	24
3.91	3.78	24
6.09	6.53	24
10.13	11.89	24
17.35	23.93	24
32.37	42.7	24
64.72	78.2	24
135.05	136.43	24
240.13	234.92	24
469.27	478.35	24
678.43	673.48	24
892.86	877.56	24
1090.26	1122.05	24
1296.6	1278.51	24
1564.57	1513.58	24
1731.77	1680.61	24
1926.09	1909.09	24
0.47	0.46	25
0.7	0.58	25
0.62	0.62	25
0.78	0.73	25
0.95	0.89	25
1.12	1.11	25
1.64	1.57	25
2.15	2.04	25
3.29	3.55	25
5.18	5.39	25
9.32	9.22	25
15.88	15.97	25
29.85	29.43	25
53.16	54.01	25
106.0	103.45	25
201.21	199.43	25
387.16	384.93	25
565.87	566.65	25
746.85	749.68	25
928.92	926.3	25
1108.27	1107.87	25
1289.65	1284.79	25
1474.02	1478.87	25
1647.41	1646.78	25
0.53	0.59	25
0.71	0.86	25
0.94	1.02	25
1.44	1.44	25
2.23	2.08	25
2.52	2.61	25
3.82	3.79	25
6.73	6.79	25
12.55	12.3	25
22.37	24.69	25
44.19	44.36	25
87.19	87.54	25
172.69	172.66	25
343.35	341.66	25
681.65	675.91	25
1349.08	1350.64	25
2618.72	2617.73	25
3902.14	3905.31	25
5163.46	5172.45	25
6440.44	6411.21	25
7651.27	7644.73	25
8903.65	8886.68	25
10057.63	10049.55	25
11299.11	11263.76	25
0.38	0.36	25
0.51	0.48	25
0.54	0.5	25
0.76	0.56	25
0.88	0.84	25
1.24	1.05	25
1.44	1.54	25
1.74	1.83	25
2.88	3.06	25
4.61	4.99	25
7.85	8.0	25
13.84	12.99	25
22.27	24.52	25
41.39	42.18	25
79.18	73.57	25
148.27	157.07	25
278.39	284.51	25
409.19	415.3	25
535.93	554.23	25
664.42	669.57	25
805.04	809.98	25
928.27	941.6	25
1052.56	1061.4	25
1176.85	1208.93	25
0.48	0.51	25
0.69	0.78	25
0.82	0.79	25
1.27	1.38	25
2.0	1.95	25
2.27	2.59	25
3.38	3.38	25
6.64	6.24	25
10.42	11.38	25
19.9	19.35	25
41.63	38.39	25
75.27	78.95	25
155.95	155.87	25
295.66	291.89	25
548.57	605.64	25
1106.73	1102.31	25
2167.56	2105.86	25
3177.97	3161.36	25
4100.99	4212.77	25
5155.83	5096.5	25
6190.2	5854.35	25
6994.3	6982.27	25
7679.75	7905.84	25
8693.25	8651.63	25
0.5	0.51	26
0.71	0.61	26
0.85	1.01	26
1.03	1.06	26
1.41	1.26	26
1.8	1.52	26
2.45	2.57	26
3.37	3.53	26
4.9	4.74	26
8.23	8.29	26
14.87	14.98	26
26.97	25.62	26
47.79	50.12	26
94.71	94.51	26
185.72	185.98	26
363.3	364.52	26
711.19	702.12	26
1048.96	1050.35	26
1393.73	1396.68	26
1742.05	1737.88	26
2076.67	2067.61	26
2400.16	2401.73	26
2747.2	2756.63	26
3090.05	3081.74	26
0.47	0.47	26
0.63	0.55	26
0.75	0.74	26
1.14	1.11	26
1.78	1.51	26
1.85	2.44	26
2.32	2.92	26
4.04	4.42	26
6.94	6.95	26
12.71	12.93	26
23.81	24.36	26
45.52	45.57	26
88.69	89.09	26
175.82	176.46	26
347.77	349.19	26
694.33	694.96	26
1351.16	1352.69	26
2009.64	2009.63	26
2660.4	2654.78	26
3312.63	3313.83	26
3931.98	3889.28	26
4483.85	4478.11	26
5018.42	5010.63	26
5555.03	5556.96	26
0.46	0.45	26
0.48	0.62	26
0.62	0.65	26
0.8	0.93	26
1.44	1.19	26
1.47	1.62	26
2.04	1.85	26
2.69	2.76	26
4.09	4.6	26
7.04	6.98	26
11.98	12.8	26
24.53	22.95	26
42.44	41.49	26
81.33	79.53	26
161.65	162.15	26
302.83	302.01	26
593.62	594.91	26
852.85	856.81	26
1126.87	1151.86	26
1405.23	1406.32	26
1688.75	1676.07	26
1978.85	1974.55	26
2274.18	2251.62	26
2505.21	2516.39	26
0.4	0.42	26
0.6	0.63	26
0.67	0.7	26
0.9	1.1	26
1.65	1.64	26
1.69	2.58	26
2.65	2.96	26
4.08	4.57	26
6.67	7.86	26
12.49	12.61	26
22.89	24.48	26
45.48	46.18	26
88.43	85.78	26
167.06	173.58	26
341.74	330.83	26
660.38	661.06	26
1279.84	1290.28	26
1887.37	1887.07	26
2471.35	2469.26	26
3013.09	3041.62	26
3568.15	3539.48	26
4065.13	4062.72	26
4487.81	4421.76	26
4967.47	4915.25	26
0.41	0.39	27
0.49	0.57	27
0.73	0.68	27
1.14	1.07	27
1.3	1.64	27
1.53	1.64	27
2.54	2.79	27
3.7	3.8	27
6.32	6.31	27
10.9	10.85	27
20.57	20.93	27
38.59	39.67	27
77.91	75.07	27
148.71	153.26	27
302.68	297.11	27
580.45	585.13	27
1205.63	1193.29	27
1795.42	1791.25	27
2388.44	2433.5	27
3026.56	3027.03	27
3637.38	3658.93	27
4345.2	4349.98	27
4990.32	4970.07	27
5615.43	5578.56	27
0.47	0.52	27
0.74	0.61	27
0.65	0.73	27
0.99	0.9	27
1.19	1.08	27
1.55	1.77	27
2.53	2.25	27
2.98	3.27	27
5.26	5.14	27
8.77	8.27	27
15.4	14.59	27
26.31	26.06	27
51.55	50.78	27
96.99	101.45	27
190.71	190.25	27
376.52	380.77	27
737.61	737.52	27
1097.96	1100.09	27
1467.19	1456.43	27
1827.38	1828.85	27
2199.43	2182.08	27
2570.96	2553.74	27
2936.77	2966.47	27
3327.42	3334.59	27
0.39	0.39	27
0.54	0.39	27
0.57	0.63	27
0.86	0.82	27
1.2	1.24	27
1.43	2.14	27
2.34	2.88	27
3.48	3.37	27
5.56	5.9	27
9.44	10.39	27
18.61	18.69	27
33.85	35.79	27
71.45	66.85	27
130.52	131.18	27
256.99	258.7	27
526.05	518.25	27
995.7	996.59	27
1484.08	1469.93	27
1951.88	1929.04	27
2373.74	2384.45	27
2800.14	2808.88	27
3215.09	3216.62	27
3652.33	3656.48	27
4100.58	4103.84	27
0.48	0.45	27
0.6	0.6	27
0.91	0.78	27
0.93	0.97	27
1.36	1.22	27
1.97	1.64	27
2.21	2.22	27
2.59	3.08	27
4.54	4.17	27
7.17	7.3	27
12.67	12.67	27
23.37	23.23	27
43.56	42.9	27
83.15	85.11	27
166.66	161.12	27
311.87	316.79	27
613.27	595.53	27
891.62	883.67	27
1177.97	1173.9	27
1459.44	1462.0	27
1765.58	1756.83	27
2063.29	2061.6	27
2354.79	2378.47	27
2748.05	2712.94	27
0.53	0.54	28
0.64	0.56	28
0.72	0.82	28
1.1	1.33	28
1.58	2.0	28
1.71	2.46	28
3.25	2.98	28
5.34	5.63	28
10.35	10.27	28
18.13	18.97	28
36.64	35.62	28
71.58	73.24	28
142.57	139.79	28
286.08	278.71	28
579.55	571.19	28
1143.11	1150.98	28
2309.03	2282.54	28
3495.0	3497.1	28
4727.43	4738.89	28
5918.15	5922.28	28
7115.94	7181.99	28
8446.28	8422.17	28
9639.63	9640.79	28
10767.5	10770.52	28
0.54	0.45	28
0.62	0.55	28
0.55	0.69	28
0.78	0.65	28
1.0	0.96	28
1.07	0.96	28
1.52	1.56	28
2.17	2.07	28
3.43	3.35	28
5.08	5.38	28
9.08	8.75	28
15.17	15.82	28
29.56	28.35	28
55.38	55.99	28
100.81	100.58	28
199.68	202.52	28
382.32	383.04	28
560.17	562.56	28
738.66	745.89	28
927.73	926.58	28
1104.75	1105.33	28
1290.46	1286.43	28
1460.86	1461.02	28
1642.12	1643.03	28
0.4	0.45	28
0.47	0.54	28
0.73	0.67	28
0.9	0.89	28
1.4	1.6	28
1.61	1.84	28
2.29	2.69	28
4.6	4.3	28
7.56	7.42	28
14.04	13.94	28
26.71	26.84	28
52.8	52.96	28
104.53	103.73	28
205.51	205.17	28
411.62	408.63	28
808.66	807.7	28
1570.54	1572.89	28
2319.8	2333.41	28
2995.46	3025.31	28
3871.19	3827.26	28
4575.08	4554.07	28
5268.28	5240.58	28
5955.31	5945.97	28
6658.18	6655.34	28
0.43	0.49	28
0.47	0.6	28
0.62	0.63	28
0.74	0.67	28
0.97	0.92	28
1.03	1.16	28
1.51	1.54	28
1.87	1.91	28
3.07	3.06	28
4.47	4.57	28
7.51	7.69	28
12.92	14.02	28
21.72	23.3	28
43.15	43.92	28
77.22	73.21	28
151.04	144.7	28
272.42	282.53	28
413.92	420.42	28
531.89	534.93	28
659.39	656.52	28
794.19	793.71	28
927.68	931.92	28
1058.34	1048.62	28
1184.95	1185.16	28
0.34	0.32	29
0.35	0.36	29
0.5	0.43	29
0.59	0.59	29
1.03	0.79	29
1.6	1.31	29
2.36	2.18	29
2.68	1.97	29
3.22	2.88	29
3.54	3.21	29
3.54	2.84	29
3.24	3.75	29
4.01	3.74	29
4.56	4.96	29
7.56	6.73	29
12.64	9.24	29
20.24	14.45	29
38.73	30.1	29
71.9	54.56	29
138.99	86.45	29
274.1	166.14	29
541.77	326.08	29
796.4	591.28	29
1052.65	628.71	29
1300.84	1135.83	29
1555.01	1368.18	29
1819.73	1356.56	29
2089.69	1242.06	29
2347.06	1395.09	29
0.28	0.3	29
0.34	0.38	29
0.47	0.48	29
0.67	0.55	29
0.85	0.9	29
1.55	1.56	29
1.84	2.24	29
3.01	2.61	29
3.16	3.34	29
3.79	3.34	29
3.15	4.27	29
3.95	5.45	29
6.02	7.18	29
8.86	12.31	29
11.91	20.16	29
17.93	35.94	29
39.24	71.23	29
71.01	114.32	29
133.99	226.54	29
269.16	458.5	29
530.46	1097.04	29
1035.01	2137.29	29
1573.1	3243.42	29
2153.24	2899.4	29
2727.01	5649.0	29
3313.36	6855.37	29
3893.56	8066.74	29
4474.5	7728.65	29
5053.3	10480.42	29
0.23	0.25	29
0.3	0.29	29
0.37	0.37	29
0.46	0.49	29
0.77	0.87	29
1.15	1.14	29
1.57	1.79	29
2.35	1.78	29
2.46	2.49	29
2.85	2.97	29
2.81	3.15	29
3.26	3.4	29
4.17	3.91	29
5.93	5.08	29
8.46	8.32	29
13.37	11.39	29
20.82	21.04	29
38.51	41.07	29
76.12	79.73	29
144.3	127.92	29
286.12	230.6	29
508.05	516.87	29
757.22	719.47	29
1011.13	945.39	29
1232.87	1115.9	29
1484.19	1398.27	29
1719.08	1642.39	29
1982.68	1833.46	29
2205.62	2163.99	29
0.28	0.28	29
0.32	0.33	29
0.42	0.43	29
0.57	0.62	29
0.8	0.85	29
1.35	1.28	29
2.24	2.24	29
2.43	2.03	29
3.4	2.41	29
3.54	3.57	29
3.45	3.44	29
4.56	5.36	29
6.36	4.33	29
8.82	12.23	29
10.97	21.23	29
20.3	38.62	29
38.95	73.2	29
70.57	144.74	29
131.32	233.61	29
258.81	369.52	29
511.12	933.6	29
983.27	1879.31	29
1496.1	3351.74	29
2065.84	4610.49	29
2628.17	4786.83	29
3172.29	5805.97	29
3742.75	8375.92	29
4282.76	7872.52	29
4850.6	10855.01	29
0.28	0.27	30
0.31	0.38	30
0.4	0.42	30
0.62	0.62	30
0.9	1.1	30
1.39	1.47	30
1.59	2.43	30
3.43	2.92	30
2.12	3.24	30
3.54	3.08	30
4.05	3.62	30
3.46	3.71	30
5.09	4.41	30
6.08	5.53	30
8.86	8.32	30
16.35	14.67	30
28.42	23.74	30
54.76	40.77	30
106.03	80.3	30
206.6	155.33	30
413.73	309.74	30
800.89	610.3	30
1193.79	880.16	30
1579.55	1167.42	30
1965.55	1456.02	30
2364.94	1738.83	30
2733.13	2281.73	30
3134.6	2317.04	30
3542.88	2621.89	30
0.24	0.28	30
0.32	0.33	30
0.41	0.47	30
0.51	0.61	30
0.98	0.8	30
1.5	1.35	30
1.63	2.09	30
2.86	2.5	30
3.1	3.32	30
3.09	3.55	30
3.92	3.83	30
4.07	4.34	30
4.45	7.6	30
8.03	10.52	30
10.2	19.75	30
19.57	36.35	30
34.69	69.04	30
64.39	132.5	30
128.11	215.4	30
242.57	510.24	30
481.82	1011.25	30
937.7	1630.53	30
1390.96	2913.63	30
1831.48	3179.59	30
2264.16	3115.72	30
2718.73	4725.68	30
3186.29	4422.38	30
3694.02	6401.63	30
4199.74	8783.54	30
0.24	0.25	30
0.32	0.29	30
0.39	0.38	30
0.48	0.55	30
0.82	0.84	30
1.25	1.26	30
1.76	1.78	30
1.91	2.66	30
2.23	2.41	30
3.17	3.45	30
3.47	3.56	30
3.97	4.25	30
5.06	5.12	30
6.22	6.6	30
10.4	9.23	30
17.36	15.84	30
27.53	31.58	30
56.36	47.95	30
104.36	104.55	30
219.81	186.36	30
399.75	436.05	30
741.05	693.83	30
1134.97	1033.48	30
1450.4	1391.52	30
1824.44	1789.25	30
2211.27	2067.73	30
2550.03	2389.24	30
2908.87	2740.79	30
3256.61	3064.12	30
0.25	0.26	30
0.28	0.3	30
0.41	0.34	30
0.59	0.48	30
0.98	0.92	30
1.38	1.38	30
1.97	1.87	30
2.38	2.44	30
2.36	3.41	30
2.76	3.37	30
3.47	5.4	30
5.33	4.11	30
6.28	7.11	30
7.84	12.76	30
18.16	20.52	30
22.78	41.84	30
37.0	59.79	30
64.04	149.37	30
123.8	281.81	30
241.1	446.67	30
472.8	1072.95	30
876.62	1604.08	30
1277.73	2360.85	30
1726.08	3810.97	30
2114.4	3935.47	30
2539.7	5870.62	30
2995.49	5768.08	30
3605.3	8084.48	30
4112.92	7492.72	30
0.35	0.26	31
0.32	0.38	31
0.43	0.43	31
0.55	0.56	31
1.03	0.87	31
1.59	1.52	31
2.65	2.02	31
3.27	2.6	31
2.87	3.69	31
3.69	2.79	31
3.17	4.46	31
4.08	5.18	31
5.37	5.9	31
8.04	11.19	31
12.21	15.72	31
19.17	34.11	31
34.63	55.22	31
62.82	107.96	31
127.17	255.82	31
245.45	509.27	31
488.63	840.49	31
951.09	1981.6	31
1411.64	2949.16	31
1872.65	3902.6	31
2330.56	4859.88	31
2779.78	4808.25	31
3205.7	6731.01	31
3635.66	6298.98	31
4082.03	8587.33	31
0.25	0.26	31
0.28	0.29	31
0.41	0.41	31
0.7	0.6	31
1.06	1.0	31
1.59	1.72	31
2.05	2.49	31
2.29	2.26	31
3.55	2.62	31
2.45	3.69	31
3.78	4.21	31
4.5	3.0	31
4.73	4.97	31
6.38	5.88	31
9.25	8.12	31
16.11	14.02	31
28.59	23.35	31
55.32	51.8	31
105.84	78.88	31
207.6	154.09	31
408.57	342.77	31
801.05	661.48	31
1185.44	986.44	31
1577.86	1315.84	31
1973.69	1650.03	31
2356.81	1750.75	31
2754.13	2047.09	31
3199.91	2335.51	31
3540.37	2617.32	31
0.22	0.25	31
0.28	0.28	31
0.36	0.38	31
0.52	0.52	31
0.77	0.85	31
1.27	1.36	31
1.97	1.95	31
1.8	2.39	31
3.08	3.06	31
3.06	2.41	31
3.67	4.0	31
3.72	4.02	31
4.25	6.74	31
7.3	6.02	31
10.28	15.01	31
16.45	35.22	31
27.26	62.12	31
49.88	126.37	31
95.48	193.78	31
182.55	495.38	31
372.61	919.98	31
718.76	1761.58	31
1064.24	2621.35	31
1404.07	2801.51	31
1853.34	4297.35	31
2328.96	5303.17	31
2686.97	6370.24	31
3070.51	7235.47	31
3474.15	8318.17	31
0.27	0.25	31
0.33	0.31	31
0.44	0.41	31
0.6	0.69	31
0.94	0.92	31
1.62	1.46	31
2.22	1.57	31
2.35	2.04	31
3.09	3.27	31
3.28	3.53	31
4.28	3.55	31
4.78	4.15	31
5.54	5.57	31
7.45	6.87	31
10.26	11.18	31
15.63	16.14	31
29.95	29.98	31
56.31	55.33	31
108.63	114.35	31
215.82	208.65	31
414.65	390.07	31
794.18	724.56	31
1174.46	1150.74	31
1527.92	1474.96	31
1913.39	1837.54	31
2363.16	2268.24	31
2717.82	2516.9	31
3056.21	3009.04	31
3482.5	3248.45	31
0.27	0.25	32
0.4	0.33	32
0.4	0.44	32
0.59	0.56	32
0.83	0.71	32
1.14	1.7	32
1.86	1.96	32
3.11	2.02	32
2.87	2.97	32
3.32	3.3	32
2.64	4.08	32
3.95	4.99	32
6.13	6.28	32
8.62	10.28	32
16.21	21.05	32
24.19	31.48	32
36.76	70.02	32
72.07	136.23	32
135.71	222.93	32
262.24	529.53	32
511.87	1056.95	32
984.01	1689.48	32
1456.14	3022.96	32
1937.98	2648.33	32
2401.95	4984.02	32
2878.55	4945.06	32
3342.79	6952.12	32
3814.74	7919.85	32
4284.36	7377.11	32
0.27	0.24	32
0.32	0.29	32
0.42	0.39	32
0.6	0.54	32
0.8	0.88	32
1.5	1.14	32
2.33	2.02	32
3.34	2.38	32
2.02	2.58	32
3.39	2.31	32
3.41	2.8	32
3.7	3.62	32
4.18	4.18	32
4.87	4.75	32
7.67	6.24	32
11.58	9.57	32
20.35	15.07	32
38.52	25.34	32
70.95	46.8	32
139.65	87.2	32
275.46	169.14	32
525.39	397.11	32
781.25	589.76	32
1047.55	627.51	32
1296.54	1184.53	32
1576.45	938.38	32
1813.7	1092.76	32
2098.92	1242.94	32
2330.93	1406.6	32
0.24	0.2	32
0.28	0.27	32
0.35	0.34	32
0.48	0.51	32
0.77	0.68	32
1.13	1.24	32
1.94	1.64	32
2.06	2.44	32
2.94	2.48	32
3.34	3.48	32
3.65	3.51	32
3.95	4.63	32
4.48	5.86	32
7.52	7.62	32
11.21	16.12	32
16.47	29.31	32
30.73	54.81	32
57.0	110.76	32
116.93	203.69	32
221.4	406.88	32
441.3	1009.49	32
833.9	1599.3	32
1213.38	2319.07	32
1598.91	3100.88	32
1981.31	4789.7	32
2381.47	5647.81	32
2765.77	5363.22	32
3166.5	4694.92	32
3585.83	8473.64	32
0.24	0.24	32
0.28	0.29	32
0.4	0.38	32
0.5	0.63	32
0.85	0.8	32
1.49	1.24	32
1.74	1.43	32
2.25	2.48	32
3.27	3.28	32
2.2	3.34	32
3.55	3.25	32
3.79	3.29	32
4.59	4.94	32
5.39	5.53	32
8.52	7.57	32
14.22	15.87	32
23.02	24.5	32
38.3	34.58	32
73.48	75.23	32
143.97	139.39	32
287.39	271.32	32
511.27	482.89	32
766.24	716.15	32
1031.39	892.88	32
1242.97	1124.14	32
1499.99	1322.18	32
1730.53	1607.54	32
1983.1	1754.03	32
2213.71	1928.11	32
0.34	0.3	33
0.36	0.36	33
0.55	0.51	33
0.78	0.77	33
1.4	0.97	33
1.04	1.04	33
1.69	1.83	33
2.19	1.91	33
2.82	2.93	33
3.0	3.68	33
4.25	4.81	33
6.19	5.43	33
8.34	8.98	33
14.75	15.63	33
26.09	27.01	33
47.13	47.86	33
89.4	90.78	33
175.49	171.73	33
251.79	254.87	33
336.47	336.72	33
415.85	423.77	33
502.08	512.05	33
581.34	577.72	33
664.35	663.58	33
738.98	744.33	33
0.34	0.33	33
0.42	0.38	33
0.55	0.47	33
0.7	0.79	33
1.28	1.02	33
1.01	1.34	33
2.19	1.81	33
2.1	2.44	33
3.32	3.36	33
4.69	4.82	33
7.1	6.6	33
11.23	11.4	33
18.77	19.61	33
35.92	36.38	33
68.44	66.05	33
129.5	130.52	33
251.33	246.36	33
479.0	473.64	33
699.04	693.55	33
912.48	914.74	33
1137.75	1133.4	33
1361.66	1364.74	33
1588.72	1587.38	33
1815.3	1813.78	33
2035.25	2038.08	33
0.35	0.27	33
0.32	0.34	33
0.55	0.46	33
0.65	0.75	33
0.86	1.03	33
1.25	1.49	33
1.6	1.65	33
2.0	2.4	33
2.75	2.87	33
3.37	3.37	33
4.26	4.43	33
5.84	5.74	33
8.81	8.26	33
13.97	15.69	33
23.63	24.71	33
47.53	46.4	33
87.01	83.37	33
167.5	162.41	33
237.28	232.4	33
304.44	305.62	33
379.78	397.81	33
460.81	453.28	33
535.08	546.48	33
602.1	617.66	33
678.02	680.04	33
0.36	0.33	33
0.38	0.41	33
0.45	0.51	33
0.82	0.78	33
1.2	1.2	33
1.28	1.32	33
1.94	1.98	33
2.28	2.45	33
3.07	3.19	33
4.5	4.82	33
7.07	6.47	33
10.3	10.25	33
17.86	17.97	33
33.63	32.73	33
64.54	63.21	33
121.11	121.29	33
235.02	232.48	33
437.5	450.98	33
639.04	630.99	33
816.26	823.07	33
1010.38	1013.4	33
1224.65	1208.27	33
1434.72	1442.92	33
1643.34	1645.72	33
1819.69	1837.36	33
0.29	0.32	34
0.43	0.41	34
0.5	0.48	34
0.76	0.69	34
0.96	0.99	34
1.39	1.37	34
1.66	1.72	34
1.91	2.17	34
3.04	3.17	34
4.15	4.13	34
6.22	6.55	34
9.89	10.1	34
17.35	19.37	34
32.71	33.6	34
63.71	65.59	34
126.16	127.13	34
248.01	246.58	34
480.46	484.47	34
714.15	715.01	34
940.84	945.49	34
1173.11	1174.84	34
1406.85	1406.47	34
1643.91	1643.55	34
1873.62	1873.26	34
2105.89	2102.94	34
0.33	0.3	34
0.52	0.39	34
0.48	0.56	34
0.78	0.9	34
1.0	0.93	34
1.42	1.69	34
1.65	1.32	34
2.03	1.9	34
2.76	2.55	34
3.61	3.59	34
4.2	4.8	34
6.8	6.54	34
10.01	9.85	34
17.71	16.9	34
30.32	30.94	34
57.11	57.99	34
111.48	111.3	34
213.88	214.59	34
316.23	315.31	34
420.51	416.41	34
521.37	524.48	34
647.84	631.54	34
765.46	759.61	34
869.86	872.58	34
981.52	982.05	34
0.33	0.32	34
0.31	0.31	34
0.41	0.42	34
0.6	0.63	34
1.21	0.91	34
1.29	1.13	34
1.4	1.51	34
1.65	1.82	34
2.8	3.1	34
3.54	3.8	34
5.4	5.58	34
8.71	8.59	34
15.32	16.27	34
29.18	29.52	34
55.05	56.82	34
109.49	111.05	34
209.56	213.64	34
410.29	415.96	34
611.18	615.34	34
812.86	802.3	34
1014.92	997.06	34
1237.18	1201.84	34
1441.76	1438.54	34
1643.01	1637.22	34
1864.12	1838.37	34
0.28	0.28	34
0.34	0.32	34
0.52	0.44	34
0.64	0.72	34
1.01	0.98	34
1.52	1.23	34
1.36	1.36	34
1.9	2.56	34
2.38	2.9	34
2.99	2.9	34
4.08	4.17	34
5.94	6.06	34
8.97	8.7	34
15.35	15.56	34
27.51	27.64	34
49.32	49.7	34
95.97	97.4	34
184.41	184.97	34
270.76	274.91	34
350.83	362.55	34
439.0	441.96	34
534.57	531.08	34
627.65	629.06	34
717.36	716.37	34
815.48	816.68	34
0.33	0.3	35
0.39	0.36	35
0.52	0.5	35
0.84	0.68	35
1.26	1.07	35
1.42	1.75	35
1.4	2.16	35
2.1	2.18	35
3.62	2.59	35
3.84	3.8	35
4.5	4.58	35
6.68	6.58	35
10.29	10.56	35
16.97	17.65	35
32.3	31.99	35
59.99	61.08	35
116.27	116.24	35
222.31	223.26	35
326.21	325.72	35
434.4	434.05	35
544.29	545.95	35
654.21	653.38	35
762.26	764.59	35
875.96	875.85	35
986.04	984.3	35
0.3	0.3	35
0.35	0.32	35
0.5	0.5	35
0.77	0.71	35
0.89	1.06	35
1.56	1.27	35
1.84	1.64	35
1.94	2.75	35
3.22	3.38	35
4.37	4.22	35
6.1	6.39	35
10.25	9.7	35
16.41	17.4	35
32.42	31.07	35
58.87	61.14	35
115.87	116.56	35
226.6	228.52	35
440.34	441.88	35
654.8	661.57	35
866.36	868.09	35
1077.04	1077.32	35
1287.73	1292.54	35
1508.15	1508.24	35
1714.22	1721.51	35
1934.23	1923.17	35
0.27	0.26	35
0.3	0.29	35
0.42	0.44	35
0.62	0.68	35
0.98	0.98	35
1.37	1.64	35
1.73	1.85	35
1.48	1.78	35
2.45	2.97	35
2.98	3.18	35
3.69	4.07	35
5.64	5.29	35
8.4	8.35	35
13.54	14.67	35
25.25	24.76	35
46.41	45.98	35
90.07	89.93	35
165.88	171.55	35
243.83	249.38	35
325.85	321.63	35
402.15	414.32	35
484.81	490.14	35
571.73	562.11	35
643.02	646.24	35
728.14	723.32	35
0.28	0.3	35
0.31	0.34	35
0.43	0.5	35
0.7	0.66	35
1.11	1.09	35
1.24	1.01	35
1.21	1.6	35
2.02	2.11	35
2.33	3.09	35
3.66	4.23	35
5.84	5.78	35
8.96	8.77	35
14.77	15.46	35
29.74	28.19	35
54.72	54.79	35
102.72	107.11	35
206.07	207.4	35
391.49	405.32	35
581.03	588.56	35
784.04	764.97	35
965.22	961.01	35
1146.19	1146.81	35
1345.36	1340.66	35
1524.36	1526.72	35
1727.1	1702.38	35
0.28	0.31	36
0.34	0.37	36
0.41	0.46	36
0.71	0.71	36
1.1	1.02	36
1.55	1.25	36
1.66	1.69	36
2.1	2.01	36
3.21	2.71	36
4.08	4.29	36
6.49	5.67	36
9.78	9.31	36
18.17	18.21	36
33.06	32.46	36
61.95	61.74	36
118.35	119.8	36
235.31	235.26	36
452.97	453.89	36
674.69	676.19	36
901.05	899.16	36
1125.64	1124.98	36
1347.59	1347.93	36
1571.03	1568.46	36
1793.98	1790.88	36
2009.1	2015.64	36
0.37	0.31	36
0.39	0.39	36
0.57	0.57	36
0.69	0.77	36
1.13	1.16	36
1.15	1.32	36
1.79	1.46	36
1.89	1.92	36
3.12	2.72	36
2.98	3.77	36
4.27	4.63	36
5.53	5.64	36
9.0	8.4	36
14.73	14.13	36
25.94	27.14	36
48.48	47.97	36
90.03	89.56	36
171.65	172.78	36
254.1	258.64	36
339.12	341.75	36
418.3	418.2	36
500.03	505.15	36
584.11	588.61	36
677.71	668.32	36
740.84	742.25	36
0.27	0.29	36
0.33	0.3	36
0.42	0.47	36
0.58	0.65	36
0.93	1.04	36
1.38	1.29	36
1.49	1.48	36
2.15	1.87	36
2.23	2.5	36
3.81	3.8	36
5.31	5.81	36
9.24	8.94	36
16.11	15.5	36
28.51	29.47	36
54.68	55.03	36
106.62	106.34	36
209.46	207.56	36
399.51	396.37	36
574.96	592.12	36
775.9	772.22	36
967.33	961.6	36
1135.77	1138.26	36
1323.21	1334.66	36
1517.22	1521.92	36
1691.26	1700.14	36
0.28	0.34	36
0.28	0.32	36
0.45	0.47	36
0.71	0.73	36
1.13	1.01	36
1.18	1.7	36
1.55	1.7	36
2.07	1.85	36
2.31	2.54	36
3.45	2.95	36
3.82	4.13	36
5.74	5.87	36
8.61	8.13	36
15.1	13.37	36
25.54	27.13	36
44.27	49.94	36
89.83	85.64	36
161.19	169.1	36
239.75	235.82	36
315.4	309.06	36
390.75	386.53	36
461.17	458.46	36
529.7	527.52	36
602.21	616.23	36
680.05	677.58	36
0.33	0.32	37
0.3	0.32	37
0.34	0.34	37
0.34	0.36	37
0.32	0.34	37
0.41	0.4	37
0.39	0.42	37
0.48	0.46	37
0.63	0.58	37
0.63	0.57	37
0.78	0.73	37
0.99	1.09	37
1.56	1.52	37
2.43	2.42	37
4.56	4.21	37
8.05	7.39	37
14.12	12.89	37
25.51	24.52	37
48.06	45.41	37
93.0	87.44	37
177.48	165.88	37
263.75	242.66	37
350.98	322.13	37
434.78	403.9	37
517.64	481.65	37
599.21	551.03	37
687.44	633.27	37
771.46	716.86	37
0.33	0.3	37
0.31	0.3	37
0.34	0.35	37
0.35	0.35	37
0.38	0.38	37
0.4	0.34	37
0.39	0.4	37
0.53	0.46	37
0.56	0.62	37
0.62	0.96	37
1.36	1.8	37
1.8	2.78	37
3.81	4.74	37
7.9	9.43	37
15.26	20.25	37
25.97	40.12	37
58.82	80.37	37
106.65	162.4	37
203.72	320.76	37
402.41	636.44	37
784.81	1234.96	37
1160.43	1839.24	37
1544.57	2439.08	37
1925.24	3038.81	37
2301.64	3640.22	37
2684.21	4245.22	37
3058.82	4843.42	37
3435.77	5439.63	37
0.26	0.25	37
0.24	0.26	37
0.27	0.27	37
0.33	0.26	37
0.27	0.28	37
0.28	0.32	37
0.36	0.41	37
0.42	0.35	37
0.53	0.53	37
0.59	0.57	37
0.79	0.71	37
1.09	1.08	37
1.65	1.73	37
2.84	2.74	37
4.46	5.42	37
8.4	7.68	37
14.03	15.48	37
23.94	28.07	37
54.32	58.75	37
109.99	101.66	37
181.21	213.68	37
248.66	270.42	37
334.53	388.28	37
412.6	419.37	37
481.51	481.56	37
558.73	573.12	37
648.81	668.62	37
733.66	856.09	37
0.31	0.28	37
0.31	0.27	37
0.35	0.3	37
0.32	0.29	37
0.29	0.33	37
0.34	0.31	37
0.35	0.4	37
0.43	0.44	37
0.64	0.62	37
0.84	0.97	37
1.15	1.76	37
2.4	3.47	37
3.6	5.8	37
7.33	11.92	37
14.61	22.24	37
29.78	44.79	37
63.77	88.32	37
107.88	172.83	37
214.32	354.33	37
419.76	692.9	37
819.32	1358.14	37
1237.02	1983.33	37
1583.92	2619.25	37
2042.73	3258.85	37
2378.94	3966.01	37
2782.21	4528.59	37
3148.66	5202.98	37
3528.08	5898.89	37
0.27	0.29	38
0.27	0.26	38
0.27	0.26	38
0.3	0.25	38
0.34	0.34	38
0.34	0.34	38
0.35	0.35	38
0.36	0.48	38
0.52	0.54	38
0.63	0.55	38
0.99	0.94	38
1.65	1.52	38
2.4	2.27	38
4.2	4.53	38
9.36	7.73	38
18.0	18.07	38
33.29	33.0	38
66.86	64.43	38
128.39	124.52	38
253.07	245.88	38
486.98	476.22	38
729.49	707.7	38
953.56	934.03	38
1189.52	1161.61	38
1437.27	1391.05	38
1676.03	1624.46	38
1910.17	1851.38	38
2146.54	2080.85	38
0.26	0.26	38
0.29	0.26	38
0.23	0.28	38
0.32	0.24	38
0.32	0.25	38
0.36	0.29	38
0.35	0.38	38
0.54	0.53	38
0.62	0.65	38
0.87	1.03	38
1.29	1.34	38
1.94	2.73	38
4.32	5.51	38
5.67	8.92	38
11.82	16.83	38
28.99	39.11	38
46.34	74.95	38
92.87	148.75	38
181.75	292.59	38
362.74	586.21	38
851.18	1137.46	38
1473.88	1685.73	38
1392.59	2232.67	38
1749.17	2775.75	38
2112.37	3325.44	38
2418.01	3867.93	38
2749.46	4417.47	38
3089.27	4960.43	38
0.23	0.26	38
0.26	0.25	38
0.27	0.29	38
0.25	0.22	38
0.29	0.29	38
0.33	0.31	38
0.33	0.35	38
0.37	0.34	38
0.49	0.48	38
0.56	0.67	38
0.89	0.94	38
1.47	1.59	38
2.25	2.3	38
4.64	4.93	38
8.66	9.3	38
16.44	16.05	38
30.34	34.45	38
57.7	62.76	38
114.45	109.42	38
212.18	228.32	38
437.61	438.07	38
622.34	624.11	38
816.61	847.19	38
1066.48	1119.31	38
1198.48	1234.7	38
1395.92	1438.35	38
1608.55	1608.73	38
1809.54	1814.36	38
0.26	0.26	38
0.27	0.28	38
0.3	0.26	38
0.3	0.28	38
0.36	0.26	38
0.31	0.34	38
0.41	0.33	38
0.54	0.49	38
0.76	0.57	38
0.87	0.97	38
1.45	1.55	38
1.69	2.44	38
3.54	5.02	38
5.22	9.95	38
11.91	21.35	38
24.08	41.15	38
47.33	78.0	38
94.57	161.8	38
234.86	302.71	38
363.73	603.35	38
1055.71	1256.2	38
1046.09	1769.08	38
1384.24	2356.35	38
1727.11	2904.23	38
2006.67	3406.73	38
2288.63	3917.75	38
2640.04	4461.89	38
3049.5	4969.24	38
0.26	0.26	39
0.28	0.26	39
0.32	0.29	39
0.31	0.31	39
0.31	0.31	39
0.33	0.29	39
0.39	0.35	39
0.46	0.52	39
0.58	0.68	39
0.72	0.86	39
1.42	1.17	39
1.73	2.6	39
2.67	5.01	39
5.37	8.9	39
9.98	16.8	39
24.34	34.53	39
40.55	67.68	39
98.05	131.74	39
156.92	263.59	39
312.8	522.22	39
608.17	1016.64	39
963.79	1507.56	39
1443.37	1990.16	39
1468.99	2471.28	39
1754.86	2949.02	39
2040.71	3426.57	39
2345.16	3925.16	39
2702.87	4467.64	39
0.33	0.25	39
0.29	0.25	39
0.33	0.31	39
0.28	0.27	39
0.31	0.33	39
0.34	0.33	39
0.41	0.33	39
0.45	0.43	39
0.53	0.54	39
0.65	0.63	39
0.84	0.89	39
1.44	1.43	39
2.28	2.26	39
4.37	4.13	39
7.79	8.19	39
16.65	15.36	39
31.24	29.42	39
59.7	58.33	39
117.35	114.47	39
230.79	225.16	39
455.87	436.34	39
674.07	650.62	39
891.22	860.79	39
1112.44	1074.96	39
1332.08	1282.97	39
1549.2	1503.7	39
1766.54	1707.96	39
1991.68	1921.56	39
0.27	0.25	39
0.25	0.23	39
0.25	0.3	39
0.25	0.24	39
0.28	0.27	39
0.33	0.25	39
0.32	0.34	39
0.45	0.4	39
0.67	0.65	39
0.76	0.84	39
1.08	1.43	39
1.66	2.15	39
3.61	4.55	39
5.02	9.05	39
11.89	17.1	39
18.4	34.52	39
44.95	66.82	39
91.98	129.72	39
184.84	246.31	39
287.35	520.04	39
525.97	996.16	39
869.07	1478.34	39
1038.12	1920.77	39
1314.18	2385.52	39
1666.5	2918.42	39
1809.95	3272.66	39
2054.34	3808.35	39
2371.5	4258.94	39
0.25	0.26	39
0.26	0.27	39
0.28	0.26	39
0.25	0.28	39
0.24	0.28	39
0.31	0.33	39
0.39	0.33	39
0.47	0.4	39
0.51	0.58	39
0.66	0.68	39
0.89	0.98	39
1.65	1.62	39
2.47	2.67	39
5.05	4.77	39
8.38	9.25	39
15.6	15.35	39
32.24	34.83	39
60.79	62.43	39
120.6	118.02	39
216.62	233.4	39
482.55	444.11	39
633.44	631.17	39
907.57	843.55	39
1050.13	1044.04	39
1264.0	1274.07	39
1457.96	1532.28	39
1673.08	1682.95	39
1899.84	1876.96	39
0.25	0.26	40
0.3	0.25	40
0.28	0.23	40
0.25	0.38	40
0.25	0.32	40
0.29	0.34	40
0.38	0.38	40
0.41	0.46	40
0.55	0.65	40
0.68	0.9	40
1.03	1.33	40
1.89	2.83	40
3.14	4.23	40
6.06	10.5	40
11.66	19.44	40
24.37	39.6	40
63.74	77.29	40
97.21	157.06	40
215.75	315.87	40
398.25	638.05	40
785.04	1249.34	40
1251.9	1868.14	40
1552.55	2479.1	40
1936.38	3076.49	40
2318.38	3669.48	40
2690.66	4272.1	40
3072.4	4888.02	40
3451.49	5476.52	40
0.25	0.23	40
0.22	0.24	40
0.26	0.23	40
0.25	0.24	40
0.27	0.27	40
0.26	0.27	40
0.31	0.34	40
0.41	0.37	40
0.57	0.54	40
0.77	0.83	40
1.24	1.53	40
1.87	2.64	40
3.26	4.85	40
5.73	9.5	40
17.53	19.81	40
23.88	38.53	40
56.38	81.85	40
93.91	153.71	40
218.75	311.49	40
365.91	634.07	40
703.85	1170.04	40
1063.44	1743.13	40
1432.83	2303.22	40
1717.87	2919.46	40
2071.86	3514.46	40
2380.69	4008.13	40
2734.44	4603.3	40
3076.44	5143.23	40
0.24	0.23	40
0.26	0.26	40
0.28	0.24	40
0.26	0.26	40
0.23	0.27	40
0.22	0.3	40
0.29	0.31	40
0.44	0.38	40
0.47	0.5	40
0.62	0.61	40
0.76	0.79	40
1.12	1.21	40
1.59	1.6	40
2.72	2.82	40
5.03	4.82	40
8.57	9.36	40
14.66	16.64	40
27.7	29.7	40
51.03	52.76	40
92.51	98.85	40
191.63	178.27	40
260.2	290.75	40
332.38	352.26	40
406.01	415.35	40
484.7	501.88	40
579.53	615.67	40
655.95	659.97	40
724.21	808.48	40
