0.64	0.62	1
0.69	0.74	1
0.9	1.09	1
1.2	1.14	1
1.34	1.52	1
1.35	1.55	1
1.36	1.31	1
1.55	1.61	1
1.92	2.38	1
2.5	2.31	1
3.16	3.25	1
4.04	4.73	1
6.59	7.78	1
10.91	12.79	1
18.72	23.52	1
35.59	35.17	1
67.34	67.01	1
127.31	127.59	1
246.58	311.27	1
362.94	368.64	1
483.17	483.46	1
600.17	757.05	1
916.02	711.11	1
831.56	1049.33	1
1204.79	1198.19	1
1068.11	1353.88	1
0.62	0.62	1
0.8	0.94	1
1.25	1.12	1
1.2	1.19	1
1.28	1.5	1
1.6	1.82	1
1.48	1.72	1
2.39	1.73	1
3.14	3.05	1
4.64	4.25	1
8.17	7.57	1
14.72	14.28	1
26.57	27.87	1
53.49	45.47	1
104.85	89.44	1
207.67	207.01	1
409.89	349.41	1
819.68	818.99	1
1590.21	1591.19	1
2024.42	2370.01	1
3185.11	2253.75	1
4039.76	3449.66	1
4904.78	4169.36	1
5742.28	4912.96	1
6583.16	6579.58	1
7386.66	7402.02	1
0.58	0.56	1
0.76	0.57	1
0.75	1.18	1
0.91	1.31	1
1.1	1.02	1
1.45	1.39	1
1.49	1.35	1
1.77	1.36	1
1.99	2.05	1
2.36	2.14	1
3.79	3.07	1
4.8	3.86	1
7.08	6.36	1
14.34	10.38	1
20.23	18.85	1
35.96	35.25	1
67.84	66.37	1
129.61	163.73	1
310.02	326.73	1
369.2	373.55	1
616.76	482.42	1
601.42	601.46	1
720.87	933.63	1
829.64	834.27	1
949.32	1199.9	1
1068.17	1073.06	1
0.67	0.58	1
0.87	0.71	1
1.23	1.14	1
1.16	1.41	1
1.45	1.31	1
1.42	1.45	1
1.78	1.5	1
2.2	1.91	1
3.34	2.75	1
4.9	4.54	1
9.05	6.53	1
14.67	12.77	1
29.94	27.47	1
54.33	38.73	1
104.37	103.91	1
206.73	208.2	1
412.08	410.67	1
702.7	702.29	1
1593.82	1591.5	1
2366.64	1691.73	1
3189.84	3201.24	1
4049.53	4041.24	1
4887.45	4896.75	1
5740.2	4062.03	1
6586.35	6586.74	1
7395.59	6317.48	1
0.58	0.52	2
0.81	0.78	2
0.98	1.0	2
1.13	1.24	2
1.43	1.25	2
1.55	1.55	2
2.01	1.96	2
1.94	2.16	2
2.42	2.42	2
2.87	2.96	2
4.15	4.43	2
6.76	6.54	2
10.62	11.33	2
21.75	21.45	2
36.46	35.95	2
69.24	68.56	2
136.52	151.56	2
268.77	298.14	2
587.06	578.9	2
764.31	856.49	2
1015.67	1132.86	2
1259.5	1259.48	2
1681.9	1679.93	2
1737.65	1738.23	2
2221.64	2212.26	2
2222.23	2220.71	2
0.56	0.73	2
0.94	0.74	2
0.93	1.08	2
1.23	1.23	2
1.31	1.31	2
1.38	1.25	2
1.67	1.51	2
2.1	2.22	2
2.45	2.52	2
4.5	4.39	2
6.03	7.01	2
13.61	10.85	2
17.09	20.76	2
46.87	46.65	2
78.11	78.16	2
181.22	179.44	2
356.11	356.63	2
708.43	597.22	2
1369.99	1371.78	2
2036.68	1716.64	2
2694.69	2695.32	2
3353.76	3346.7	2
4005.48	3393.31	2
4654.42	3194.17	2
5323.93	4487.34	2
5960.76	5957.31	2
0.54	0.51	2
0.76	0.75	2
0.97	0.98	2
1.18	1.14	2
1.21	1.31	2
1.41	1.32	2
1.42	1.44	2
1.86	1.85	2
2.27	2.02	2
3.18	2.89	2
4.63	3.57	2
6.62	5.93	2
11.24	11.68	2
18.97	21.13	2
34.89	41.24	2
66.47	65.19	2
126.52	143.02	2
251.16	249.18	2
484.95	480.89	2
721.65	718.71	2
1098.66	948.52	2
1180.15	1472.42	2
1409.48	1414.59	2
1653.89	1640.23	2
1879.97	1874.51	2
2105.89	2110.31	2
0.55	0.62	2
0.95	0.81	2
0.9	0.98	2
1.22	1.56	2
1.43	1.14	2
1.11	1.4	2
1.79	1.98	2
1.97	1.82	2
2.99	2.77	2
4.32	4.36	2
8.03	7.55	2
13.52	11.57	2
24.32	17.64	2
49.13	40.76	2
93.42	91.87	2
179.76	180.32	2
357.94	356.85	2
708.27	712.54	2
1378.59	1373.88	2
2034.65	2043.5	2
2701.08	2699.33	2
3345.36	3350.08	2
4004.09	2795.76	2
4620.5	4620.7	2
4416.21	5225.33	2
5835.44	5832.24	2
0.56	0.55	3
0.82	0.73	3
0.86	1.13	3
1.02	1.07	3
1.09	1.21	3
1.57	1.37	3
1.98	1.34	3
1.84	1.89	3
3.41	3.23	3
4.57	4.43	3
6.54	6.69	3
11.88	12.5	3
23.66	16.0	3
44.19	44.45	3
87.9	87.79	3
171.43	173.32	3
341.22	341.29	3
677.75	680.17	3
1311.94	1109.97	3
1941.59	1941.63	3
2570.22	1754.84	3
3193.17	3203.47	3
3823.88	3829.9	3
4631.75	4626.26	3
4461.42	4457.1	3
5948.28	5008.58	3
0.55	0.55	3
0.82	0.91	3
1.09	1.17	3
1.09	1.29	3
2.0	1.3	3
1.36	1.51	3
1.69	1.9	3
1.83	2.08	3
2.59	2.21	3
2.55	3.13	3
4.03	4.04	3
6.41	6.33	3
10.31	12.47	3
20.03	18.71	3
37.2	37.07	3
69.45	77.32	3
135.34	135.72	3
268.27	301.58	3
520.75	525.35	3
774.93	771.41	3
1021.93	1021.95	3
1283.53	1465.22	3
1739.9	1744.2	3
2297.14	2239.04	3
2075.39	2070.07	3
2356.76	2595.35	3
0.52	0.56	3
0.69	0.63	3
0.94	0.76	3
1.05	1.07	3
0.92	1.12	3
1.38	1.57	3
1.55	1.46	3
1.74	1.8	3
2.66	2.73	3
4.25	3.69	3
6.58	6.32	3
12.75	9.64	3
22.52	21.41	3
42.04	40.96	3
81.49	79.26	3
158.06	132.91	3
310.89	213.0	3
520.54	613.42	3
1203.03	1004.36	3
1491.85	1214.67	3
1978.34	2365.03	3
2935.01	2942.67	3
3519.43	3519.82	3
4100.75	4105.01	3
4675.08	4674.8	3
5258.44	5253.71	3
0.52	0.5	3
0.8	0.84	3
0.93	1.07	3
1.11	1.18	3
1.4	1.26	3
1.32	1.35	3
1.49	1.48	3
1.63	1.79	3
2.13	1.88	3
3.39	3.01	3
4.25	4.15	3
7.05	6.53	3
10.9	10.32	3
19.58	18.42	3
34.41	33.57	3
65.95	71.98	3
127.07	125.44	3
249.92	248.05	3
481.49	481.26	3
711.84	713.75	3
1072.93	1190.3	3
1179.67	1176.64	3
1421.46	1409.53	3
1645.63	1871.12	3
1882.38	2101.81	3
2379.79	2109.15	3
0.69	0.55	4
0.89	1.01	4
1.18	1.46	4
1.44	1.06	4
1.47	1.43	4
1.49	1.65	4
1.99	1.77	4
2.28	1.99	4
3.42	2.67	4
4.92	4.67	4
8.67	8.4	4
15.66	15.26	4
28.26	23.36	4
54.94	45.43	4
107.42	93.2	4
211.12	181.61	4
419.59	419.13	4
833.53	834.11	4
1614.79	1380.5	4
2400.41	2399.49	4
3172.78	2706.64	4
3944.38	3952.05	4
4725.23	4037.56	4
5496.23	4689.44	4
6281.04	6267.17	4
7051.75	7049.16	4
0.55	0.57	4
0.72	0.81	4
0.98	0.92	4
1.32	1.2	4
0.84	1.25	4
1.47	1.77	4
1.57	1.35	4
1.46	2.22	4
1.79	1.99	4
2.17	1.99	4
3.25	3.48	4
4.01	4.11	4
6.16	6.3	4
10.69	10.31	4
19.44	19.08	4
35.04	34.75	4
65.86	67.44	4
127.44	131.07	4
374.94	245.87	4
365.87	654.19	4
483.71	481.82	4
761.3	913.05	4
908.32	717.78	4
846.71	1046.66	4
948.34	948.29	4
1065.43	1354.38	4
0.52	0.5	4
0.76	0.71	4
1.02	0.94	4
1.23	1.27	4
1.15	1.37	4
1.29	1.48	4
1.57	1.76	4
2.23	1.82	4
2.96	2.74	4
4.94	3.83	4
8.4	7.25	4
13.65	13.08	4
21.19	21.14	4
48.4	41.35	4
94.42	94.3	4
186.5	185.21	4
369.67	368.06	4
734.81	626.1	4
1415.46	1427.55	4
2098.37	2099.03	4
2785.56	2786.55	4
3465.86	2938.68	4
4156.82	4153.46	4
4840.36	4851.23	4
5513.9	4675.39	4
6208.7	6204.13	4
0.6	0.55	4
0.68	0.61	4
0.92	0.98	4
1.05	1.39	4
1.38	1.17	4
1.53	1.06	4
1.6	1.26	4
2.03	1.72	4
1.82	1.98	4
3.15	1.76	4
4.1	2.79	4
4.64	3.9	4
7.75	6.26	4
11.43	10.85	4
20.17	19.56	4
36.07	35.7	4
66.61	65.48	4
170.96	162.08	4
250.15	250.55	4
368.18	560.14	4
483.09	482.46	4
597.2	758.37	4
718.49	718.62	4
833.41	1056.78	4
942.67	1460.13	4
1074.0	1072.78	4
0.44	0.45	5
0.57	0.63	5
0.87	0.75	5
1.14	1.2	5
2.29	1.87	5
3.11	2.83	5
4.27	2.51	5
4.36	3.31	5
4.72	3.86	5
6.43	6.62	5
11.4	10.82	5
17.79	17.86	5
35.49	34.72	5
64.29	64.27	5
120.7	120.19	5
217.22	217.24	5
373.72	370.9	5
627.78	622.76	5
870.09	874.7	5
1119.72	1115.01	5
1355.88	1363.06	5
1582.29	1576.05	5
1793.32	1781.34	5
1980.92	1988.95	5
2191.53	2198.91	5
0.36	0.38	5
0.56	0.55	5
0.89	0.84	5
1.36	1.39	5
2.17	2.22	5
1.97	2.95	5
4.33	3.86	5
5.71	4.68	5
9.26	9.13	5
14.73	14.89	5
27.8	27.35	5
53.27	53.67	5
100.26	101.32	5
185.84	186.66	5
329.35	328.04	5
538.78	540.53	5
796.3	799.63	5
1210.3	1208.65	5
1595.48	1591.35	5
1965.27	1984.59	5
2355.61	2356.33	5
2776.43	2735.67	5
3126.35	3173.46	5
3554.41	3494.68	5
3921.06	3852.22	5
0.38	0.37	5
0.48	0.5	5
0.76	0.78	5
1.34	1.24	5
1.87	2.16	5
1.77	1.88	5
3.57	2.79	5
4.05	2.89	5
4.97	3.79	5
5.96	6.44	5
9.99	10.02	5
16.12	15.61	5
29.32	28.08	5
53.39	54.94	5
99.24	100.15	5
180.01	178.17	5
310.65	305.45	5
542.35	536.94	5
775.77	769.93	5
991.62	999.38	5
1243.38	1238.8	5
1482.24	1459.85	5
1697.88	1672.07	5
1898.5	1867.36	5
2102.86	2066.06	5
0.38	0.37	5
0.51	0.47	5
0.87	0.83	5
1.43	1.54	5
2.68	2.65	5
2.38	1.94	5
4.6	4.44	5
4.9	6.32	5
8.28	8.08	5
16.33	15.52	5
26.77	27.74	5
52.2	52.63	5
98.27	98.79	5
180.52	179.47	5
313.15	313.77	5
506.48	504.66	5
746.12	746.42	5
1129.78	1142.03	5
1511.44	1518.12	5
1900.17	1878.44	5
2269.58	2261.33	5
2668.53	2632.19	5
3009.48	3016.53	5
3429.63	3331.23	5
3772.68	3636.38	5
0.4	0.4	6
0.58	0.58	6
0.88	0.75	6
1.32	1.22	6
1.7	2.2	6
2.98	2.39	6
4.08	3.65	6
5.15	6.26	6
9.26	8.42	6
15.53	14.94	6
28.11	28.71	6
53.16	52.58	6
101.39	101.25	6
188.68	188.36	6
336.66	339.01	6
556.12	558.42	6
820.91	820.88	6
1207.53	1215.7	6
1592.53	1594.19	6
1961.7	1956.93	6
2343.93	2332.0	6
2761.64	2761.94	6
3120.44	3107.07	6
3459.67	3485.81	6
3794.39	3798.51	6
0.45	0.37	6
0.5	0.57	6
0.92	0.94	6
1.21	1.25	6
1.73	2.6	6
2.5	2.62	6
2.77	3.31	6
3.84	4.34	6
4.65	5.16	6
6.48	8.1	6
11.24	11.88	6
19.77	18.68	6
34.8	35.58	6
67.48	67.39	6
127.08	123.69	6
227.92	224.09	6
384.78	383.49	6
647.13	646.22	6
879.59	880.41	6
1095.63	1122.03	6
1332.57	1342.63	6
1567.54	1564.35	6
1789.17	1813.84	6
2040.15	2036.25	6
2278.08	2273.95	6
0.4	0.38	6
0.47	0.52	6
0.68	0.72	6
1.29	1.18	6
2.15	1.39	6
2.29	2.73	6
3.47	3.57	6
4.17	4.07	6
7.1	6.32	6
12.01	11.2	6
20.2	20.68	6
38.84	37.68	6
73.38	72.6	6
128.0	132.57	6
233.16	232.78	6
392.82	392.72	6
607.22	602.62	6
942.93	953.38	6
1292.17	1291.02	6
1633.65	1632.28	6
1951.49	1960.18	6
2319.86	2302.36	6
2652.67	2645.92	6
2970.73	2958.04	6
3285.16	3261.4	6
0.45	0.37	6
0.52	0.53	6
0.93	0.76	6
1.45	1.38	6
2.08	2.4	6
3.45	1.91	6
2.13	2.38	6
3.44	3.43	6
4.18	4.32	6
7.24	5.64	6
9.76	10.67	6
17.69	17.58	6
32.94	31.7	6
57.83	58.76	6
109.54	104.77	6
188.54	191.52	6
330.59	327.07	6
563.14	562.41	6
795.72	796.03	6
1025.39	1014.86	6
1250.95	1255.29	6
1475.79	1483.83	6
1716.59	1707.87	6
1946.44	1929.73	6
2184.9	2133.13	6
0.38	0.38	7
0.54	0.55	7
0.82	0.82	7
1.51	1.46	7
2.23	2.32	7
3.06	2.07	7
2.95	3.11	7
3.44	2.55	7
4.1	3.93	7
5.87	6.55	7
10.26	10.59	7
19.03	17.54	7
34.26	33.92	7
65.68	63.02	7
119.43	119.83	7
219.44	216.19	7
373.7	371.11	7
625.59	627.95	7
866.64	867.74	7
1083.13	1097.8	7
1315.83	1319.28	7
1543.39	1554.23	7
1787.38	1794.46	7
2016.68	2027.78	7
2273.55	2243.11	7
0.42	0.4	7
0.64	0.52	7
0.74	0.74	7
1.26	1.47	7
2.25	1.68	7
1.76	1.96	7
2.83	3.2	7
4.91	4.97	7
7.61	8.85	7
14.68	14.97	7
26.3	27.4	7
49.62	50.93	7
97.84	95.34	7
178.69	177.47	7
316.51	317.99	7
534.79	530.77	7
784.06	794.74	7
1193.74	1177.54	7
1568.96	1548.21	7
1934.5	1929.52	7
2308.78	2297.13	7
2649.93	2649.93	7
3025.04	3027.45	7
3368.56	3361.96	7
3694.31	3697.99	7
0.4	0.36	7
0.46	0.49	7
0.71	0.86	7
1.32	1.31	7
2.22	2.49	7
2.56	2.26	7
3.0	3.89	7
3.21	3.19	7
4.54	4.18	7
6.57	6.4	7
9.75	8.94	7
16.59	15.54	7
29.07	29.1	7
52.78	52.59	7
98.34	96.58	7
178.56	180.54	7
314.19	313.43	7
541.44	542.47	7
777.97	777.63	7
990.42	996.58	7
1216.77	1217.61	7
1450.46	1428.86	7
1692.77	1673.17	7
1919.81	1907.03	7
2169.0	2115.83	7
0.39	0.39	7
0.49	0.54	7
0.77	0.75	7
1.24	1.01	7
1.97	2.01	7
2.92	2.94	7
2.93	3.71	7
5.21	5.34	7
6.55	7.45	7
12.79	12.35	7
23.01	21.97	7
41.95	42.9	7
79.01	79.08	7
145.87	148.51	7
259.64	254.64	7
432.39	429.4	7
647.91	651.46	7
1001.91	1003.65	7
1342.56	1350.23	7
1691.21	1712.34	7
2044.06	2037.89	7
2411.91	2410.3	7
2748.49	2743.24	7
3078.98	3082.81	7
3406.91	3396.43	7
0.41	0.38	8
0.53	0.54	8
0.88	0.88	8
1.35	1.27	8
1.69	2.24	8
2.72	2.86	8
2.93	4.21	8
4.56	4.96	8
8.31	9.53	8
15.96	15.91	8
28.74	29.08	8
52.1	51.66	8
101.37	99.0	8
184.32	185.52	8
332.04	331.0	8
548.71	548.2	8
821.49	821.48	8
1231.53	1227.37	8
1624.15	1625.1	8
1996.9	2052.79	8
2444.39	2439.48	8
2851.78	2837.94	8
3255.2	3226.77	8
3658.37	3620.6	8
4053.16	3951.34	8
0.44	0.41	8
0.6	0.63	8
0.79	0.79	8
1.31	1.38	8
2.16	2.48	8
2.69	3.11	8
3.93	3.08	8
3.4	3.12	8
4.32	4.5	8
7.57	7.27	8
11.25	11.3	8
19.57	19.9	8
35.07	34.48	8
67.85	68.5	8
126.9	126.81	8
226.72	223.88	8
385.46	385.5	8
639.16	634.47	8
881.57	879.63	8
1120.71	1125.62	8
1364.45	1371.96	8
1564.56	1595.65	8
1791.08	1806.94	8
1969.3	2022.84	8
2162.65	2206.08	8
0.36	0.31	8
0.52	0.5	8
0.66	0.74	8
1.21	1.08	8
2.15	1.74	8
2.86	2.62	8
4.05	3.75	8
4.49	4.23	8
7.08	6.55	8
12.63	10.97	8
19.53	20.88	8
37.63	37.65	8
71.78	71.93	8
128.53	128.69	8
229.78	233.71	8
390.72	391.13	8
609.76	607.26	8
968.85	965.25	8
1321.95	1329.13	8
1665.9	1663.87	8
2025.05	2020.9	8
2373.02	2365.85	8
2759.66	2709.34	8
3129.55	3064.24	8
3506.13	3374.16	8
0.36	0.36	8
0.59	0.52	8
0.76	0.77	8
1.29	1.14	8
1.87	1.75	8
2.5	2.68	8
2.31	2.6	8
2.98	2.81	8
4.53	3.98	8
5.73	6.16	8
9.54	8.93	8
14.94	16.64	8
28.67	28.48	8
53.05	53.66	8
94.43	95.95	8
176.39	178.02	8
313.5	309.45	8
534.1	534.51	8
770.52	765.95	8
998.7	992.05	8
1230.07	1222.72	8
1471.1	1444.38	8
1666.23	1649.82	8
1883.75	1876.37	8
2080.8	2071.1	8
0.34	0.3	9
0.28	0.3	9
0.27	0.35	9
0.36	0.3	9
0.35	0.37	9
0.4	0.37	9
0.43	0.37	9
0.44	0.47	9
0.54	0.42	9
0.61	0.5	9
0.59	0.67	9
0.93	0.89	9
1.19	1.13	9
1.91	2.01	9
2.6	2.69	9
4.69	5.3	9
7.9	8.3	9
14.95	16.21	9
25.76	28.34	9
49.43	46.87	9
94.49	107.0	9
174.57	204.87	9
271.99	288.94	9
359.31	365.36	9
433.73	468.91	9
524.3	555.39	9
619.94	610.26	9
705.12	694.56	9
778.59	823.49	9
0.28	0.29	9
0.39	0.29	9
0.31	0.36	9
0.38	0.34	9
0.29	0.32	9
0.34	0.35	9
0.4	0.33	9
0.45	0.42	9
0.55	0.55	9
0.66	0.69	9
1.06	1.03	9
1.99	1.64	9
3.91	2.96	9
6.17	5.54	9
12.65	10.4	9
26.38	20.02	9
53.01	40.05	9
106.12	66.05	9
212.98	159.66	9
423.11	316.03	9
827.41	735.2	9
1630.8	1025.99	9
2434.69	2166.39	9
3209.2	2404.1	9
3888.4	2443.99	9
4632.29	3503.78	9
5402.66	4107.92	9
6311.48	3908.28	9
6996.57	5325.71	9
0.26	0.24	9
0.26	0.27	9
0.23	0.22	9
0.28	0.28	9
0.28	0.23	9
0.27	0.35	9
0.35	0.34	9
0.34	0.38	9
0.3	0.46	9
0.56	0.52	9
0.74	0.65	9
1.04	0.87	9
1.25	1.26	9
2.32	2.05	9
3.0	2.83	9
5.08	5.48	9
10.44	7.92	9
17.38	15.39	9
32.91	27.35	9
80.75	53.61	9
99.46	102.8	9
237.17	190.09	9
371.11	278.58	9
457.39	365.76	9
558.53	427.76	9
642.68	542.5	9
574.15	618.41	9
897.55	667.84	9
924.82	818.13	9
0.27	0.3	9
0.26	0.28	9
0.3	0.29	9
0.32	0.32	9
0.32	0.33	9
0.39	0.39	9
0.35	0.33	9
0.45	0.41	9
0.5	0.57	9
0.72	0.64	9
1.22	0.91	9
1.88	1.62	9
3.01	2.67	9
6.24	5.6	9
13.36	8.84	9
28.03	20.63	9
55.42	41.34	9
114.81	94.66	9
222.1	139.7	9
431.77	324.65	9
891.52	641.63	9
1691.18	1062.69	9
2622.58	1880.95	9
3290.92	2827.13	9
4099.59	3009.41	9
4954.68	4134.08	9
5620.54	3510.31	9
6630.73	4781.3	9
7525.4	6267.25	9
0.28	0.27	10
0.31	0.28	10
0.34	0.36	10
0.3	0.31	10
0.26	0.3	10
0.35	0.33	10
0.34	0.41	10
0.34	0.35	10
0.37	0.35	10
0.52	0.7	10
0.69	0.75	10
1.09	1.14	10
1.53	1.56	10
2.6	2.85	10
4.69	5.28	10
8.24	9.0	10
16.19	16.19	10
31.02	31.61	10
60.23	60.83	10
117.16	123.39	10
234.07	234.2	10
448.65	477.12	10
672.56	694.37	10
905.84	894.91	10
1100.54	1087.07	10
1327.7	1334.32	10
1534.81	1586.73	10
1788.28	1856.5	10
1990.34	2044.88	10
0.25	0.29	10
0.28	0.32	10
0.33	0.26	10
0.26	0.26	10
0.32	0.26	10
0.29	0.35	10
0.32	0.32	10
0.38	0.33	10
0.54	0.51	10
0.73	0.73	10
1.09	1.01	10
1.34	1.78	10
2.97	2.29	10
5.82	3.41	10
10.38	6.96	10
21.59	19.31	10
42.51	25.38	10
85.35	63.37	10
169.51	124.86	10
335.46	249.3	10
674.8	498.49	10
1311.57	967.63	10
1916.48	1427.1	10
2520.44	1873.36	10
3175.6	2319.99	10
3720.91	2765.4	10
4365.09	3817.29	10
4926.28	2946.62	10
5531.93	3303.34	10
0.25	0.26	10
0.23	0.25	10
0.23	0.28	10
0.26	0.24	10
0.24	0.24	10
0.3	0.3	10
0.29	0.3	10
0.35	0.32	10
0.33	0.36	10
0.53	0.53	10
0.69	0.62	10
1.11	1.0	10
1.75	1.5	10
2.77	2.67	10
4.65	4.48	10
10.73	8.63	10
19.6	16.16	10
33.67	33.24	10
60.54	55.41	10
120.87	110.12	10
223.7	228.25	10
487.24	422.2	10
676.31	678.46	10
968.49	860.5	10
1091.37	1020.78	10
1331.33	1271.49	10
1461.28	1475.92	10
1746.14	1753.31	10
1873.21	1943.38	10
0.25	0.25	10
0.24	0.23	10
0.26	0.3	10
0.26	0.3	10
0.28	0.26	10
0.29	0.25	10
0.34	0.32	10
0.37	0.41	10
0.44	0.56	10
0.75	0.72	10
0.97	0.9	10
2.31	1.92	10
3.19	3.73	10
5.59	4.3	10
12.1	8.08	10
22.18	19.04	10
46.92	27.37	10
87.9	76.03	10
178.21	128.43	10
349.01	215.3	10
705.86	599.51	10
1387.95	1159.37	10
2028.55	1457.38	10
2623.59	1911.24	10
3383.83	2357.2	10
3861.88	2800.47	10
4673.88	3228.43	10
5113.82	3620.45	10
5704.84	3275.96	10
0.26	0.27	11
0.26	0.28	11
0.27	0.33	11
0.27	0.27	11
0.31	0.31	11
0.33	0.29	11
0.35	0.33	11
0.38	0.41	11
0.51	0.46	11
0.62	0.72	11
1.08	0.94	11
2.14	1.3	11
2.35	1.86	11
5.58	4.04	11
9.69	8.14	11
20.56	13.41	11
43.85	44.59	11
83.97	61.89	11
166.86	123.07	11
333.52	291.51	11
661.95	486.34	11
1272.27	763.96	11
1911.79	1403.07	11
2576.23	2212.31	11
3127.78	1872.88	11
3743.58	3303.37	11
4392.01	3229.23	11
5025.01	3684.24	11
5623.49	4925.89	11
0.27	0.27	11
0.24	0.24	11
0.28	0.3	11
0.27	0.3	11
0.28	0.31	11
0.28	0.34	11
0.37	0.4	11
0.27	0.37	11
0.43	0.36	11
0.57	0.57	11
0.75	0.62	11
1.03	1.12	11
1.49	1.67	11
2.47	3.05	11
4.4	4.65	11
8.34	8.2	11
16.4	16.46	11
30.68	31.19	11
60.1	61.1	11
115.88	122.43	11
225.42	242.64	11
453.12	455.05	11
665.47	702.98	11
879.55	907.49	11
1107.06	1124.51	11
1301.4	1336.09	11
1492.1	1545.07	11
1712.72	1716.89	11
1935.93	1980.43	11
0.25	0.23	11
0.24	0.24	11
0.25	0.25	11
0.25	0.24	11
0.26	0.29	11
0.29	0.29	11
0.26	0.33	11
0.34	0.32	11
0.47	0.48	11
0.68	0.58	11
0.9	0.96	11
1.83	1.35	11
3.16	1.61	11
4.79	3.98	11
9.6	8.91	11
19.28	13.98	11
39.49	23.92	11
77.97	46.25	11
165.17	91.03	11
326.52	174.31	11
601.63	430.68	11
1227.89	678.88	11
1822.09	1242.85	11
2499.2	1309.15	11
2972.13	2450.59	11
3610.95	2462.92	11
4307.61	3393.36	11
4770.68	3888.9	11
5268.31	2963.54	11
0.24	0.25	11
0.29	0.28	11
0.28	0.29	11
0.26	0.28	11
0.29	0.28	11
0.28	0.29	11
0.35	0.35	11
0.37	0.36	11
0.44	0.42	11
0.66	0.6	11
0.79	0.7	11
1.13	1.1	11
1.78	1.42	11
3.01	2.67	11
4.74	4.78	11
9.49	8.85	11
19.09	15.4	11
33.46	31.62	11
63.11	59.13	11
119.93	115.62	11
240.83	255.01	11
477.9	441.07	11
662.18	711.19	11
885.95	857.02	11
1178.98	1092.0	11
1386.27	1336.46	11
1647.79	1485.12	11
1815.73	1686.36	11
1932.4	2023.28	11
0.27	0.3	12
0.27	0.25	12
0.25	0.27	12
0.29	0.28	12
0.25	0.27	12
0.27	0.29	12
0.32	0.38	12
0.41	0.4	12
0.47	0.47	12
0.65	0.58	12
1.06	0.99	12
1.88	1.37	12
2.99	2.54	12
6.62	5.31	12
11.86	10.49	12
24.3	18.4	12
49.5	30.75	12
98.25	61.02	12
194.53	145.88	12
385.51	241.16	12
772.64	582.88	12
1520.2	1141.37	12
2251.14	1974.97	12
2968.24	2237.73	12
3664.68	2788.44	12
4388.73	3901.93	12
5136.63	3212.29	12
5827.56	4428.95	12
6605.02	4125.55	12
0.27	0.27	12
0.27	0.29	12
0.3	0.23	12
0.25	0.25	12
0.28	0.38	12
0.31	0.32	12
0.35	0.32	12
0.35	0.48	12
0.39	0.33	12
0.53	0.48	12
0.58	0.6	12
0.82	0.81	12
1.21	1.07	12
1.78	1.81	12
2.58	2.54	12
4.72	5.17	12
7.72	7.86	12
14.21	13.99	12
26.04	28.67	12
49.2	53.65	12
97.66	99.74	12
174.58	204.4	12
266.82	288.06	12
358.56	379.2	12
443.6	466.0	12
504.96	592.46	12
603.54	644.98	12
707.84	741.33	12
775.39	822.16	12
0.24	0.24	12
0.21	0.21	12
0.22	0.22	12
0.22	0.26	12
0.22	0.25	12
0.27	0.27	12
0.27	0.3	12
0.32	0.31	12
0.43	0.43	12
0.5	0.69	12
1.01	0.82	12
1.64	1.08	12
3.23	2.47	12
5.94	4.21	12
12.4	8.07	12
23.82	14.2	12
47.11	38.68	12
92.35	80.34	12
193.61	137.98	12
367.52	232.04	12
770.68	461.74	12
1426.87	880.35	12
2151.52	1540.12	12
2926.6	2049.04	12
3479.41	3420.56	12
4226.56	3049.15	12
4846.13	4186.4	12
5762.14	3365.84	12
6439.36	3787.95	12
0.27	0.22	12
0.26	0.28	12
0.26	0.29	12
0.28	0.3	12
0.34	0.28	12
0.32	0.3	12
0.34	0.34	12
0.34	0.3	12
0.45	0.34	12
0.58	0.55	12
0.67	0.71	12
1.1	1.15	12
1.27	1.08	12
2.24	1.92	12
2.91	2.85	12
5.89	5.47	12
11.9	8.96	12
18.6	16.33	12
33.39	28.93	12
73.18	51.68	12
101.05	127.57	12
224.91	203.41	12
317.51	269.78	12
417.48	371.19	12
541.54	437.8	12
717.53	493.73	12
801.17	607.43	12
906.91	707.72	12
1022.1	800.71	12
0.27	0.28	13
0.35	0.34	13
0.43	0.42	13
0.59	0.64	13
1.1	0.98	13
1.68	1.32	13
3.3	2.84	13
3.31	4.03	13
4.04	4.23	13
5.48	5.59	13
7.74	8.79	13
15.1	14.58	13
23.21	23.76	13
41.71	40.84	13
70.22	68.01	13
106.86	107.57	13
144.64	143.52	13
203.72	200.31	13
314.72	301.24	13
519.5	519.05	13
735.85	741.49	13
946.72	942.86	13
1161.24	1153.39	13
1375.65	1369.89	13
1596.63	1591.55	13
1813.2	1786.79	13
1973.51	1942.45	13
0.29	0.26	13
0.35	0.32	13
0.47	0.43	13
0.64	0.66	13
1.12	1.1	13
1.86	1.87	13
3.24	3.03	13
4.48	3.67	13
3.61	3.12	13
6.14	7.34	13
10.82	9.89	13
13.32	15.42	13
27.66	26.49	13
46.56	48.98	13
79.03	81.03	13
129.58	128.59	13
182.89	188.25	13
283.24	283.32	13
471.5	474.36	13
880.68	837.39	13
1272.36	1221.47	13
1660.59	1611.93	13
2020.46	1973.68	13
2394.59	2325.78	13
2717.84	2661.33	13
3056.56	3007.2	13
3377.74	3302.28	13
0.24	0.25	13
0.29	0.3	13
0.39	0.38	13
0.6	0.56	13
0.95	0.97	13
1.72	1.73	13
2.28	2.77	13
2.75	2.96	13
3.76	3.66	13
5.24	4.54	13
6.8	7.25	13
11.55	11.46	13
19.03	18.77	13
32.63	32.66	13
56.36	54.27	13
84.6	82.93	13
114.94	113.37	13
162.5	173.52	13
269.18	267.81	13
462.41	459.03	13
663.46	666.75	13
885.55	863.82	13
1071.41	1084.95	13
1277.65	1280.34	13
1483.17	1460.1	13
1665.38	1673.81	13
1838.93	1860.01	13
0.28	0.23	13
0.32	0.33	13
0.39	0.39	13
0.64	0.62	13
0.95	0.97	13
1.21	1.53	13
1.99	2.61	13
3.04	2.8	13
3.77	4.32	13
4.88	5.38	13
8.15	7.68	13
11.75	13.42	13
21.41	22.62	13
37.38	37.67	13
63.76	62.39	13
102.93	103.56	13
155.46	154.22	13
243.65	240.49	13
420.8	414.84	13
795.04	747.79	13
1167.06	1099.48	13
1487.91	1432.47	13
1821.32	1786.62	13
2134.91	2068.54	13
2459.11	2386.87	13
2782.13	2688.79	13
3022.99	2961.57	13
0.31	0.32	14
0.33	0.33	14
0.49	0.5	14
0.73	0.72	14
1.17	1.11	14
2.15	1.87	14
2.57	3.54	14
5.02	4.46	14
4.63	4.33	14
6.46	6.62	14
9.58	10.45	14
15.7	16.83	14
28.27	26.54	14
47.62	49.61	14
81.54	82.6	14
128.76	128.19	14
181.58	181.15	14
268.73	271.95	14
446.37	443.66	14
767.92	768.44	14
1108.71	1098.2	14
1457.03	1440.33	14
1784.17	1771.96	14
2120.28	2114.63	14
2465.85	2450.91	14
2774.15	2764.44	14
3098.02	3095.33	14
0.34	0.3	14
0.38	0.36	14
0.48	0.49	14
0.7	0.71	14
1.28	1.19	14
2.2	1.83	14
3.23	3.74	14
4.51	4.65	14
4.74	5.03	14
6.29	5.54	14
7.66	10.22	14
15.19	16.11	14
25.3	27.53	14
43.63	45.44	14
70.39	72.81	14
112.73	111.38	14
150.57	149.9	14
212.94	213.02	14
331.58	325.27	14
596.56	571.87	14
875.81	862.04	14
1100.14	1084.98	14
1320.46	1302.46	14
1545.47	1513.92	14
1720.39	1742.36	14
1955.61	1922.78	14
2136.24	2102.38	14
0.28	0.25	14
0.29	0.31	14
0.38	0.41	14
0.58	0.55	14
0.95	0.97	14
1.71	1.69	14
1.61	3.0	14
3.02	3.6	14
3.92	3.48	14
4.82	4.8	14
7.98	8.52	14
13.12	11.31	14
22.07	20.37	14
35.8	35.62	14
59.74	60.37	14
96.37	95.38	14
142.35	144.11	14
216.71	216.1	14
373.4	373.72	14
662.17	661.09	14
973.56	968.42	14
1255.07	1253.16	14
1556.39	1562.32	14
1870.77	1863.43	14
2146.95	2151.48	14
2438.78	2464.36	14
2753.72	2720.85	14
0.26	0.28	14
0.37	0.32	14
0.41	0.44	14
0.65	0.65	14
1.09	1.06	14
1.95	2.08	14
2.54	2.62	14
5.61	4.03	14
5.49	5.58	14
6.27	6.75	14
10.22	8.15	14
14.62	14.42	14
23.67	23.69	14
41.41	42.18	14
66.57	69.34	14
103.24	106.6	14
142.94	140.11	14
195.09	197.88	14
318.93	310.47	14
566.2	558.29	14
853.06	829.28	14
1071.52	1023.69	14
1245.78	1233.09	14
1443.5	1421.41	14
1653.58	1600.99	14
1812.06	1770.69	14
1973.75	1914.38	14
0.3	0.26	15
0.34	0.33	15
0.45	0.41	15
0.69	0.67	15
0.9	1.18	15
1.69	1.67	15
2.71	3.24	15
3.21	2.8	15
3.61	4.87	15
5.32	4.95	15
8.93	8.85	15
14.17	13.47	15
23.77	23.3	15
41.22	42.83	15
67.21	70.45	15
104.77	105.8	15
145.62	146.14	15
207.08	203.32	15
319.43	316.61	15
575.63	539.35	15
829.98	789.52	15
1033.13	1002.22	15
1263.68	1231.16	15
1494.64	1444.48	15
1695.41	1655.05	15
1874.69	1836.54	15
2090.47	2009.35	15
0.27	0.29	15
0.32	0.33	15
0.46	0.46	15
0.61	0.65	15
0.89	1.0	15
1.53	1.59	15
2.26	3.48	15
4.22	2.46	15
5.45	5.11	15
7.64	6.24	15
9.47	10.13	15
15.52	16.68	15
26.08	26.98	15
49.22	44.78	15
75.85	77.08	15
119.44	120.94	15
174.73	175.5	15
261.62	263.25	15
434.19	433.0	15
771.99	761.1	15
1103.46	1091.27	15
1457.19	1443.69	15
1775.22	1769.63	15
2131.15	2095.17	15
2421.3	2428.2	15
2765.98	2761.56	15
3088.91	3068.9	15
0.25	0.25	15
0.29	0.29	15
0.4	0.41	15
0.6	0.56	15
0.92	0.93	15
1.78	1.74	15
2.63	2.87	15
4.14	2.94	15
4.1	3.94	15
5.98	4.75	15
8.32	7.5	15
11.55	10.32	15
19.78	19.02	15
33.46	32.79	15
53.64	52.66	15
82.89	84.58	15
114.88	114.78	15
167.39	168.02	15
282.54	270.17	15
514.05	478.61	15
753.14	703.3	15
950.65	907.58	15
1152.01	1096.93	15
1340.88	1297.63	15
1536.25	1469.28	15
1708.96	1687.32	15
1888.79	1817.96	15
0.28	0.26	15
0.3	0.3	15
0.39	0.4	15
0.59	0.6	15
0.96	0.97	15
1.65	1.64	15
2.09	2.63	15
2.48	2.9	15
4.02	3.91	15
5.95	5.29	15
8.31	6.62	15
11.63	12.09	15
22.48	20.36	15
35.73	37.1	15
61.15	61.49	15
93.44	98.56	15
143.65	144.0	15
221.52	224.13	15
374.17	370.97	15
669.79	669.47	15
967.79	973.92	15
1277.3	1279.35	15
1581.55	1561.59	15
1866.27	1877.55	15
2198.09	2157.57	15
2465.34	2459.92	15
2735.04	2755.75	15
0.28	0.32	16
0.32	0.38	16
0.5	0.46	16
0.67	0.64	16
1.09	1.18	16
1.79	1.54	16
3.6	2.87	16
5.23	4.07	16
4.27	3.46	16
5.47	5.44	16
9.25	8.81	16
15.37	15.21	16
28.18	28.04	16
49.6	49.18	16
81.22	82.01	16
127.87	127.6	16
184.03	178.82	16
276.25	272.38	16
451.09	449.03	16
831.45	803.31	16
1202.03	1165.21	16
1549.25	1506.34	16
1890.58	1863.57	16
2234.75	2179.24	16
2585.25	2534.9	16
2902.19	2867.97	16
3204.01	3153.05	16
0.27	0.25	16
0.33	0.32	16
0.41	0.51	16
0.77	0.65	16
1.15	0.98	16
1.65	1.61	16
3.48	2.7	16
3.9	3.33	16
4.4	3.62	16
7.17	4.67	16
8.84	9.51	16
13.01	14.35	16
25.95	24.89	16
42.67	42.35	16
71.98	71.17	16
109.23	108.52	16
148.63	149.34	16
205.53	206.79	16
315.14	309.72	16
538.92	514.9	16
738.87	739.4	16
956.64	956.46	16
1176.7	1185.63	16
1400.31	1380.48	16
1607.62	1596.73	16
1823.82	1796.42	16
1964.54	1961.11	16
0.23	0.27	16
0.29	0.29	16
0.42	0.39	16
0.61	0.63	16
0.97	0.96	16
1.22	1.33	16
2.92	1.92	16
3.31	3.63	16
3.28	5.02	16
3.72	3.93	16
7.09	7.75	16
12.39	12.9	16
21.19	20.12	16
36.63	36.98	16
61.29	61.75	16
96.03	96.04	16
145.28	142.78	16
225.41	224.28	16
383.69	380.95	16
729.77	694.86	16
1053.48	1015.93	16
1371.49	1343.38	16
1653.23	1613.55	16
1949.29	1900.97	16
2237.03	2228.24	16
2538.18	2476.58	16
2803.62	2750.78	16
0.25	0.26	16
0.35	0.3	16
0.42	0.43	16
0.62	0.68	16
1.11	1.03	16
1.95	1.68	16
3.72	2.56	16
2.87	3.34	16
3.54	5.17	16
5.74	4.49	16
9.2	8.27	16
14.25	13.18	16
23.15	23.01	16
38.47	39.75	16
63.79	63.65	16
98.03	95.65	16
132.44	131.18	16
181.23	180.63	16
287.19	281.24	16
477.09	483.18	16
685.91	688.6	16
897.56	883.6	16
1099.05	1097.81	16
1284.93	1295.93	16
1496.55	1511.79	16
1682.41	1688.24	16
1841.42	1876.21	16
0.4	0.4	17
0.54	0.65	17
1.01	1.06	17
1.64	1.7	17
3.28	3.24	17
5.94	5.93	17
9.28	11.08	17
7.06	10.82	17
16.63	12.26	17
17.6	19.05	17
28.53	29.2	17
42.24	44.29	17
78.63	74.46	17
142.4	147.53	17
270.57	267.39	17
500.37	491.29	17
870.73	871.1	17
1335.93	1334.24	17
1784.72	1778.21	17
2478.7	2480.87	17
3182.48	3115.2	17
3791.34	3763.22	17
4346.62	4394.05	17
4862.32	4949.04	17
5331.38	5508.14	17
5783.05	6034.4	17
6179.65	6521.84	17
0.42	0.45	17
0.67	0.55	17
0.97	1.06	17
1.8	1.6	17
3.52	3.52	17
5.67	4.9	17
10.46	9.31	17
6.87	13.09	17
14.05	17.69	17
23.88	40.67	17
47.26	81.75	17
72.91	248.04	17
138.6	645.43	17
253.34	1300.3	17
466.89	2620.82	17
841.88	4770.59	17
1425.78	7895.5	17
2151.9	10595.92	17
2722.37	11495.46	17
3645.15	13069.52	17
4389.29	14339.11	17
5169.58	15372.98	17
6048.71	16559.59	17
6919.25	17648.12	17
7853.63	18557.64	17
8778.74	19508.71	17
9656.08	20126.67	17
0.32	0.37	17
0.54	0.52	17
0.87	0.83	17
1.53	1.28	17
2.79	2.74	17
4.91	4.29	17
8.38	8.45	17
9.42	8.7	17
9.32	9.14	17
15.58	10.74	17
24.08	21.47	17
38.22	31.46	17
60.5	59.47	17
116.89	117.83	17
208.87	209.13	17
382.85	383.46	17
673.13	673.2	17
1038.86	1040.3	17
1401.93	1412.75	17
2033.35	2022.76	17
2687.76	2629.94	17
3367.61	3243.58	17
3947.96	3842.38	17
4514.34	4429.36	17
5024.82	4955.82	17
5479.56	5514.64	17
5898.39	5930.54	17
0.39	0.34	17
0.64	0.56	17
0.96	0.86	17
1.85	1.69	17
3.12	3.18	17
5.04	3.84	17
10.57	10.28	17
14.33	13.2	17
17.7	20.04	17
22.7	47.29	17
38.91	106.25	17
70.15	248.5	17
130.11	683.21	17
241.57	1287.38	17
438.96	2522.62	17
783.36	4528.01	17
1331.85	7409.96	17
1981.73	9950.11	17
2486.36	11180.9	17
3413.46	12671.88	17
4121.37	13866.5	17
4900.8	14946.35	17
5769.42	15983.87	17
6610.48	17012.69	17
7643.84	18304.66	17
8605.1	19205.48	17
9472.49	19820.95	17
0.47	0.44	18
0.66	0.63	18
1.18	1.03	18
2.09	1.84	18
3.61	3.15	18
7.09	3.3	18
10.12	10.37	18
7.61	15.87	18
18.11	25.24	18
21.42	44.87	18
41.01	163.78	18
78.91	358.9	18
147.31	760.49	18
267.88	1539.93	18
496.24	2889.71	18
896.98	5334.19	18
1516.92	8697.69	18
2271.76	11494.57	18
2918.91	12747.95	18
3790.25	14232.72	18
4594.65	15569.87	18
5644.94	16729.71	18
6707.13	18078.13	18
7622.4	18970.61	18
8354.09	19691.69	18
9027.64	20538.46	18
9615.89	21247.94	18
0.51	0.45	18
0.63	0.7	18
1.11	1.01	18
1.78	1.71	18
3.69	3.51	18
4.79	5.4	18
6.59	8.91	18
8.38	9.95	18
12.38	15.0	18
16.36	18.79	18
33.81	22.35	18
39.67	43.51	18
80.2	85.18	18
153.46	150.21	18
286.73	279.9	18
522.61	525.86	18
916.8	910.84	18
1400.91	1399.62	18
1845.79	1847.08	18
2549.6	2563.08	18
3079.61	3170.24	18
3636.24	3803.68	18
4236.24	4412.32	18
4819.13	5043.8	18
5412.04	5693.85	18
6067.16	6388.3	18
6696.36	7018.3	18
0.37	0.34	18
0.5	0.51	18
0.76	0.79	18
1.49	1.26	18
2.55	2.52	18
4.84	3.73	18
9.29	6.0	18
9.26	10.63	18
12.61	13.95	18
15.52	34.23	18
30.52	113.42	18
51.31	267.76	18
95.25	511.06	18
173.29	1039.75	18
312.66	1962.92	18
566.21	3580.18	18
947.56	5894.56	18
1445.47	7876.35	18
1919.81	8711.65	18
2663.8	9920.39	18
3365.13	10997.51	18
4272.13	12069.98	18
5179.07	13039.57	18
5977.55	13783.91	18
6664.66	14757.09	18
7306.11	15420.64	18
7825.34	15972.45	18
0.42	0.4	18
0.62	0.65	18
0.94	1.07	18
1.74	1.76	18
2.61	3.04	18
6.26	4.95	18
11.48	9.14	18
9.4	11.65	18
14.66	8.91	18
15.39	18.69	18
26.6	27.14	18
47.48	46.65	18
78.62	76.92	18
143.86	148.25	18
272.49	271.31	18
504.4	504.91	18
878.56	874.45	18
1330.01	1332.42	18
1729.85	1735.81	18
2396.19	2398.39	18
2930.24	2979.65	18
3499.72	3576.74	18
4073.04	4191.51	18
4695.41	4798.46	18
5309.48	5407.65	18
5975.96	6053.97	18
6696.47	6713.71	18
0.42	0.43	19
0.55	0.52	19
0.98	0.99	19
1.88	1.79	19
2.99	2.46	19
3.32	6.27	19
7.34	11.7	19
8.86	12.16	19
11.7	12.86	19
23.14	15.65	19
28.14	28.17	19
44.64	46.76	19
84.95	78.29	19
151.26	152.58	19
278.84	284.02	19
509.47	512.08	19
890.94	890.89	19
1365.36	1371.72	19
1808.68	1820.86	19
2504.11	2528.02	19
3060.14	3128.54	19
3566.54	3746.4	19
4181.33	4368.29	19
4747.56	4994.84	19
5358.49	5635.32	19
6016.65	6279.18	19
6601.77	6946.26	19
0.47	0.43	19
0.68	0.74	19
0.93	1.07	19
1.71	1.8	19
3.41	3.64	19
6.32	6.89	19
10.91	8.4	19
10.78	11.01	19
14.48	19.3	19
28.66	29.28	19
40.5	112.57	19
72.34	363.66	19
141.38	559.17	19
258.16	1345.3	19
479.78	2634.17	19
868.43	4908.61	19
1460.28	8266.86	19
2193.61	10906.35	19
2844.32	12064.04	19
3738.0	13496.38	19
4551.31	15011.24	19
5579.36	16348.67	19
6683.12	17450.04	19
7638.49	18413.24	19
8418.31	19327.2	19
9034.32	19953.48	19
9608.35	20638.86	19
0.37	0.36	19
0.51	0.5	19
0.75	0.74	19
1.59	1.39	19
2.42	2.02	19
3.18	4.66	19
6.76	2.92	19
9.14	9.25	19
13.66	14.27	19
14.07	13.65	19
21.83	22.67	19
37.33	37.76	19
66.4	67.96	19
123.1	118.28	19
221.25	218.06	19
398.52	388.62	19
675.54	671.83	19
1032.65	1033.85	19
1422.31	1432.02	19
2066.84	2074.0	19
2609.33	2642.66	19
3167.11	3237.32	19
3723.13	3808.44	19
4264.62	4376.3	19
4880.45	5003.39	19
5528.38	5575.88	19
6149.66	6275.59	19
0.39	0.39	19
0.53	0.63	19
1.03	1.12	19
1.69	1.61	19
2.99	3.18	19
4.33	5.09	19
7.0	9.47	19
10.8	9.04	19
17.8	22.37	19
23.71	27.11	19
41.54	119.94	19
72.37	200.09	19
123.87	618.91	19
243.36	1291.42	19
442.22	2440.99	19
785.37	4402.06	19
1307.82	7283.04	19
1933.8	9677.8	19
2463.94	10666.18	19
3250.9	12141.88	19
3993.28	13209.29	19
4989.11	14437.23	19
6033.63	15596.07	19
6933.71	16522.63	19
7691.18	17338.18	19
8314.17	17967.57	19
8902.5	18687.8	19
0.4	0.47	20
0.76	0.61	20
1.09	1.21	20
1.99	1.91	20
3.6	3.22	20
6.5	6.83	20
12.99	11.57	20
19.29	15.42	20
15.58	24.53	20
28.42	51.89	20
43.91	153.53	20
77.85	308.06	20
146.87	737.69	20
268.8	1565.16	20
504.03	2878.28	20
903.43	5414.92	20
1516.22	8890.85	20
2282.85	11775.18	20
2921.54	12923.84	20
3835.94	14525.89	20
4663.79	16008.4	20
5526.89	17182.38	20
6454.81	18650.16	20
7484.98	19552.82	20
8479.46	20685.31	20
9620.26	21544.92	20
10560.76	22546.95	20
0.53	0.48	20
0.78	0.61	20
1.12	1.05	20
1.87	1.78	20
3.4	3.43	20
6.61	3.96	20
10.97	9.29	20
14.83	11.81	20
18.03	8.52	20
24.72	17.91	20
28.32	34.44	20
48.98	45.13	20
86.46	84.43	20
154.64	154.3	20
290.36	289.38	20
535.22	528.54	20
930.3	924.8	20
1427.52	1424.61	20
1894.55	1900.86	20
2593.05	2578.82	20
3261.38	3234.8	20
3898.39	3931.04	20
4454.66	4565.64	20
4948.73	5185.81	20
5440.32	5722.77	20
5870.11	6233.45	20
6285.47	6732.61	20
0.36	0.29	20
0.48	0.5	20
0.83	0.86	20
1.57	1.55	20
2.71	2.88	20
4.91	5.2	20
8.85	9.41	20
12.19	13.82	20
10.98	11.87	20
21.1	42.48	20
36.23	140.6	20
65.94	277.53	20
113.56	600.33	20
218.07	1183.29	20
392.51	2128.01	20
692.99	4033.91	20
1149.53	6538.68	20
1700.78	8732.9	20
2184.24	9540.18	20
2952.14	10855.06	20
3669.08	12016.89	20
4372.06	13354.15	20
5288.24	14406.62	20
6181.61	15385.75	20
7043.15	16390.13	20
8068.55	17070.95	20
8972.65	17883.45	20
0.39	0.41	20
0.6	0.62	20
1.03	0.91	20
1.84	1.46	20
3.36	2.99	20
5.44	4.43	20
12.07	11.28	20
14.84	4.99	20
10.51	16.57	20
14.17	20.81	20
26.58	25.01	20
44.3	40.45	20
79.71	75.36	20
146.87	139.59	20
264.13	269.84	20
480.54	483.93	20
831.25	828.14	20
1251.77	1258.99	20
1649.64	1648.1	20
2264.6	2264.99	20
2900.4	2852.21	20
3547.2	3525.25	20
4154.85	4142.43	20
4719.02	4766.17	20
5233.62	5266.02	20
5683.01	5768.3	20
6064.45	6234.46	20
0.67	0.74	21
1.07	1.1	21
1.14	1.77	21
1.55	1.63	21
1.68	2.14	21
1.66	1.87	21
1.8	2.03	21
2.51	2.43	21
2.24	2.43	21
3.19	3.39	21
5.27	4.4	21
7.07	9.09	21
13.92	14.01	21
20.89	25.18	21
38.18	44.98	21
71.81	87.75	21
138.47	171.55	21
336.58	336.74	21
391.92	492.26	21
521.03	786.13	21
816.61	812.92	21
972.82	780.35	21
902.67	899.06	21
1289.89	1289.1	21
1445.17	1511.58	21
1.13	0.9	21
1.51	1.89	21
1.92	1.62	21
1.88	2.31	21
1.48	2.13	21
2.68	2.89	21
2.45	2.73	21
5.14	3.25	21
8.01	7.54	21
11.54	9.74	21
17.8	16.59	21
38.03	38.1	21
63.13	75.69	21
149.78	148.31	21
292.22	295.22	21
582.65	489.38	21
1158.33	977.39	21
2258.04	1901.3	21
3344.38	2804.77	21
4419.37	4433.41	21
5520.66	4631.91	21
6600.31	6613.07	21
7696.96	6478.34	21
8792.35	7374.17	21
9873.57	8294.56	21
0.8	0.7	21
0.92	0.83	21
1.34	1.29	21
1.57	1.07	21
1.31	1.75	21
1.55	1.68	21
1.9	2.09	21
2.27	2.18	21
2.57	2.62	21
4.68	3.01	21
5.42	4.92	21
7.92	8.42	21
15.9	13.73	21
21.66	23.58	21
47.15	52.28	21
73.89	85.96	21
138.83	193.06	21
269.08	411.49	21
393.78	398.84	21
524.55	525.43	21
648.47	797.99	21
972.91	977.87	21
900.4	1123.57	21
1035.32	1031.28	21
1419.68	1419.07	21
1.21	1.05	21
1.15	1.55	21
1.76	1.36	21
1.86	1.66	21
2.24	2.43	21
2.14	2.18	21
2.41	2.75	21
4.17	3.28	21
7.03	6.1	21
11.92	10.47	21
17.82	20.67	21
32.4	33.17	21
73.79	74.06	21
145.37	142.76	21
285.12	195.83	21
564.03	561.64	21
1122.17	950.79	21
2179.37	2174.3	21
3232.19	3225.67	21
4281.06	4275.46	21
5327.82	4519.27	21
6381.42	4360.32	21
7431.69	7418.64	21
8479.62	8474.78	21
9534.35	8080.81	21
0.97	1.12	22
1.66	1.33	22
1.63	1.86	22
2.07	2.66	22
2.12	2.17	22
2.56	2.3	22
2.64	2.76	22
3.36	3.2	22
3.75	3.92	22
5.09	5.47	22
7.95	7.26	22
11.53	13.99	22
20.69	22.34	22
39.51	45.35	22
83.39	72.87	22
144.26	144.09	22
280.25	312.78	22
548.38	543.54	22
803.01	987.76	22
1187.69	1309.97	22
1636.7	1636.72	22
1586.85	1954.85	22
1848.21	1858.58	22
2102.47	2102.84	22
2366.45	2636.7	22
0.79	0.73	22
0.89	0.89	22
1.51	1.36	22
1.71	1.29	22
1.45	2.02	22
2.12	2.39	22
2.71	2.17	22
4.47	3.47	22
5.37	4.53	22
8.74	10.54	22
17.7	18.05	22
34.26	22.96	22
67.09	66.82	22
107.51	106.82	22
254.79	169.54	22
504.87	503.71	22
830.09	831.14	22
1609.49	1931.13	22
2856.93	2858.57	22
2484.82	3116.4	22
3110.31	4671.23	22
5625.09	3728.65	22
6546.07	4347.64	22
7472.23	7489.98	22
8398.33	5567.77	22
1.04	0.8	22
1.55	1.16	22
2.03	1.54	22
2.04	1.82	22
2.11	1.96	22
2.75	2.6	22
2.47	2.14	22
3.22	2.99	22
3.71	3.38	22
6.1	4.46	22
8.37	6.98	22
12.6	12.61	22
21.22	20.21	22
40.61	37.39	22
71.25	68.44	22
134.22	179.57	22
265.08	261.27	22
508.57	567.15	22
842.11	836.13	22
1003.29	1226.17	22
1241.07	1392.47	22
1479.47	1644.7	22
1926.3	1744.46	22
1969.0	2261.76	22
2217.05	2209.88	22
0.64	0.81	22
0.89	1.1	22
1.28	1.61	22
1.39	1.71	22
2.36	2.15	22
2.35	1.97	22
2.18	3.05	22
3.57	3.38	22
5.54	4.86	22
10.72	8.55	22
17.67	11.87	22
32.66	31.66	22
62.63	52.34	22
120.69	80.43	22
196.02	238.04	22
392.37	391.14	22
766.68	926.0	22
1794.41	894.43	22
2648.53	2654.83	22
2917.6	2909.19	22
4348.44	4348.92	22
4298.66	5221.19	22
6082.37	6091.53	22
6974.55	6983.8	22
7795.91	7807.0	22
0.84	0.82	23
0.96	1.14	23
1.33	1.33	23
1.86	1.96	23
1.92	1.47	23
2.32	2.22	23
2.86	2.31	23
3.95	3.19	23
6.01	6.59	23
11.69	7.87	23
20.51	16.25	23
32.07	31.98	23
61.18	61.46	23
142.64	121.27	23
283.68	237.35	23
545.42	377.8	23
871.99	1043.48	23
1979.96	1327.57	23
2950.77	2933.54	23
3871.29	2602.42	23
4840.25	4839.88	23
5771.0	4830.12	23
6697.46	4435.25	23
6284.55	7512.61	23
8350.46	8347.56	23
1.11	1.09	23
1.65	1.73	23
2.12	1.7	23
2.34	1.93	23
2.54	2.22	23
2.77	2.21	23
2.61	3.08	23
2.94	3.21	23
4.04	4.25	23
5.04	5.61	23
7.65	8.63	23
13.02	12.76	23
21.38	21.27	23
38.77	46.3	23
73.19	81.18	23
158.25	175.9	23
278.9	278.99	23
545.16	606.05	23
800.74	896.34	23
1197.4	1310.07	23
1481.32	1479.0	23
1586.35	1780.87	23
1844.21	1845.33	23
2106.23	2594.76	23
2356.34	2638.62	23
0.7	0.69	23
0.8	0.78	23
1.03	1.34	23
1.44	1.2	23
1.48	1.23	23
1.8	2.02	23
2.89	2.62	23
4.05	2.83	23
5.61	4.63	23
8.97	8.12	23
15.28	14.7	23
29.23	23.59	23
55.41	53.95	23
107.38	88.69	23
173.62	209.81	23
407.27	268.57	23
806.79	658.22	23
1277.53	1277.03	23
2281.97	1074.05	23
3032.54	2498.96	23
3098.1	3085.26	23
4491.19	4504.3	23
4303.19	4315.35	23
5967.55	5978.81	23
6717.8	5520.98	23
0.84	0.88	23
1.43	1.41	23
1.92	1.87	23
2.54	2.27	23
2.17	2.28	23
2.73	2.98	23
2.79	2.52	23
3.41	3.24	23
4.52	3.87	23
5.72	5.06	23
7.78	7.9	23
13.53	12.19	23
20.86	19.46	23
39.07	36.71	23
70.56	83.77	23
135.91	133.32	23
263.38	292.54	23
507.67	505.78	23
749.36	834.58	23
995.68	1104.37	23
1441.8	1375.39	23
1482.1	1474.39	23
1725.18	1722.69	23
1968.97	1977.41	23
2208.5	2464.02	23
0.84	0.81	24
1.36	1.44	24
1.53	1.63	24
1.77	2.08	24
2.32	1.98	24
2.25	2.46	24
2.48	2.72	24
3.47	2.84	24
6.33	6.36	24
9.83	10.14	24
18.35	18.17	24
34.15	23.66	24
68.42	68.42	24
135.27	111.37	24
222.36	224.15	24
537.42	540.58	24
1065.24	1070.55	24
2075.06	2077.95	24
3079.0	2556.97	24
4088.0	4092.22	24
4348.85	5172.71	24
6290.21	6278.57	24
7374.67	7373.96	24
8483.24	8515.48	24
9577.39	8058.62	24
0.79	0.79	24
0.91	1.0	24
1.33	1.0	24
1.23	1.11	24
1.31	1.58	24
2.26	1.8	24
1.77	1.84	24
1.97	1.85	24
2.24	2.78	24
3.41	3.5	24
4.18	4.11	24
8.2	8.08	24
11.71	14.06	24
20.84	21.47	24
38.37	45.13	24
89.16	89.19	24
139.84	139.45	24
264.74	465.66	24
495.79	497.55	24
520.62	525.46	24
645.71	646.78	24
773.31	774.54	24
905.2	905.1	24
1026.01	1062.15	24
1149.57	1466.07	24
0.79	0.75	24
1.13	1.25	24
1.41	1.36	24
1.59	1.72	24
1.76	1.9	24
2.0	1.83	24
2.7	2.14	24
3.71	3.27	24
6.04	4.16	24
10.4	7.85	24
17.43	16.2	24
32.58	25.65	24
60.53	49.26	24
116.81	116.67	24
231.07	192.8	24
454.23	453.97	24
901.49	896.27	24
1754.88	1156.19	24
2604.99	2605.59	24
2869.36	2863.44	24
4385.66	3635.55	24
4444.63	5325.37	24
6290.26	5254.97	24
7267.46	6034.46	24
8230.83	6842.88	24
0.69	0.67	24
0.88	1.1	24
1.13	1.23	24
1.5	1.67	24
1.88	1.46	24
1.4	1.61	24
1.97	1.9	24
2.4	2.26	24
2.95	2.66	24
4.3	3.58	24
5.14	5.19	24
7.89	6.98	24
12.65	14.76	24
21.16	21.05	24
39.79	45.49	24
73.71	71.12	24
141.39	170.06	24
267.08	269.92	24
482.51	595.97	24
518.2	642.0	24
644.57	1099.78	24
1156.42	1182.89	24
901.91	908.39	24
1019.89	1029.38	24
1151.87	1410.39	24
0.47	0.49	25
0.54	0.56	25
0.67	0.69	25
0.64	0.68	25
1.09	0.87	25
1.14	1.1	25
1.62	1.68	25
2.06	2.12	25
3.31	3.43	25
5.5	5.44	25
9.18	9.4	25
15.68	16.3	25
28.99	30.66	25
52.47	55.25	25
106.01	103.55	25
202.26	203.0	25
390.76	379.64	25
568.15	569.91	25
744.79	746.13	25
928.1	926.57	25
1114.62	1130.43	25
1280.43	1286.46	25
1481.02	1476.07	25
1663.96	1650.19	25
0.59	0.65	25
0.68	0.81	25
0.93	0.92	25
1.32	1.26	25
1.94	1.66	25
2.64	2.68	25
3.72	3.83	25
6.32	6.57	25
11.9	12.54	25
22.24	23.68	25
43.93	43.44	25
87.02	87.16	25
175.33	170.63	25
340.5	340.57	25
681.08	672.92	25
1347.54	1351.45	25
2622.11	2631.25	25
3899.16	3904.3	25
5167.88	5173.61	25
6444.94	6424.49	25
7668.04	7675.11	25
8868.84	8898.51	25
10103.47	10087.24	25
11302.54	11251.19	25
0.38	0.39	25
0.52	0.5	25
0.57	0.64	25
0.66	0.63	25
0.88	0.89	25
1.05	1.13	25
1.45	1.4	25
1.91	1.72	25
2.98	2.99	25
4.48	4.68	25
7.84	7.39	25
11.8	13.04	25
24.7	23.66	25
40.65	43.26	25
76.91	82.13	25
149.01	152.5	25
282.19	286.69	25
415.97	425.02	25
550.34	554.72	25
667.89	658.65	25
794.32	792.31	25
931.28	925.92	25
1049.04	1061.07	25
1173.45	1197.35	25
0.5	0.45	25
0.65	0.76	25
0.86	0.99	25
1.21	1.4	25
1.9	1.76	25
2.95	2.6	25
3.39	4.01	25
6.31	5.83	25
10.8	11.03	25
19.18	21.63	25
40.43	41.59	25
79.0	75.91	25
143.98	155.71	25
300.38	303.22	25
612.59	564.42	25
1137.75	1137.63	25
2122.13	2128.0	25
3175.83	3134.5	25
4230.32	4162.51	25
5057.76	5073.1	25
5930.94	6223.75	25
7002.74	7003.96	25
7709.81	7749.27	25
8801.88	8686.32	25
0.54	0.53	26
0.58	0.65	26
1.06	0.86	26
1.11	1.08	26
1.48	1.22	26
1.82	1.71	26
2.68	2.4	26
3.4	3.39	26
4.93	5.19	26
7.81	8.15	26
14.48	14.08	26
25.69	27.38	26
48.31	47.93	26
96.67	93.33	26
191.87	184.37	26
364.16	368.58	26
712.51	711.6	26
1045.35	1045.08	26
1381.94	1390.12	26
1717.89	1727.91	26
2066.01	2084.35	26
2401.8	2407.14	26
2746.35	2751.0	26
3074.4	3088.87	26
0.49	0.44	26
0.66	0.52	26
0.76	0.73	26
1.08	1.17	26
1.56	1.48	26
1.9	1.64	26
2.86	2.38	26
4.55	3.9	26
7.06	7.22	26
12.79	12.25	26
24.15	23.29	26
45.96	45.35	26
89.49	89.47	26
174.91	175.35	26
349.13	347.97	26
693.79	692.63	26
1353.39	1353.28	26
2008.58	2008.79	26
2656.39	2656.34	26
3310.59	3312.79	26
3926.46	3905.12	26
4501.96	4455.94	26
4985.01	5022.5	26
5557.87	5572.97	26
0.44	0.42	26
0.55	0.57	26
0.73	0.71	26
0.92	0.75	26
1.03	1.0	26
1.56	1.9	26
2.19	2.03	26
2.81	2.6	26
4.77	4.0	26
7.25	7.33	26
12.35	12.57	26
22.74	23.02	26
44.91	42.05	26
84.22	83.71	26
160.43	158.1	26
312.95	311.3	26
584.0	581.26	26
856.89	866.44	26
1124.88	1126.36	26
1413.32	1431.03	26
1687.66	1693.54	26
1957.65	1963.14	26
2242.69	2234.55	26
2543.34	2527.25	26
0.44	0.44	26
0.57	0.52	26
0.68	0.76	26
0.97	1.15	26
1.49	1.75	26
2.53	1.74	26
2.38	2.58	26
4.76	4.19	26
8.02	7.03	26
13.22	12.1	26
23.99	24.42	26
46.95	46.86	26
88.87	87.78	26
166.81	181.04	26
334.38	338.06	26
676.61	664.45	26
1269.54	1284.11	26
1883.49	1893.91	26
2454.88	2447.06	26
3029.58	3045.06	26
3592.37	3556.57	26
4028.55	4024.78	26
4462.61	4470.15	26
4988.53	4892.45	26
0.45	0.4	27
0.53	0.44	27
0.63	0.72	27
0.93	1.02	27
1.37	2.03	27
1.8	2.08	27
2.28	2.34	27
3.88	3.52	27
6.36	5.95	27
11.03	10.76	27
21.11	20.5	27
38.58	39.53	27
77.05	76.38	27
154.17	147.07	27
291.33	289.67	27
584.5	580.65	27
1188.94	1205.01	27
1808.15	1788.58	27
2412.9	2413.57	27
3011.98	3008.05	27
3655.68	3636.35	27
4358.41	4375.26	27
4967.55	5009.98	27
5583.04	5603.64	27
0.41	0.45	27
0.64	0.59	27
0.82	0.85	27
1.03	1.08	27
1.49	1.32	27
1.52	1.82	27
2.25	2.59	27
2.96	3.13	27
4.81	5.14	27
8.17	7.83	27
14.56	15.14	27
26.29	27.0	27
51.35	48.63	27
95.74	98.78	27
189.64	189.22	27
382.35	379.25	27
728.88	736.69	27
1113.41	1094.69	27
1461.05	1457.11	27
1825.13	1817.7	27
2189.32	2178.6	27
2554.19	2571.13	27
2912.72	2933.39	27
3329.82	3317.8	27
0.41	0.41	27
0.51	0.44	27
0.68	0.66	27
1.01	0.88	27
1.31	1.4	27
2.25	1.36	27
2.51	2.48	27
4.16	3.12	27
5.55	5.44	27
9.91	9.81	27
18.23	17.9	27
35.53	34.72	27
65.62	71.77	27
131.5	131.52	27
260.32	267.98	27
518.26	513.39	27
1004.2	996.15	27
1462.07	1472.26	27
1949.39	1951.88	27
2397.92	2403.74	27
2799.91	2812.48	27
3232.23	3243.03	27
3653.6	3643.85	27
4097.64	4085.84	27
0.46	0.47	27
0.6	0.58	27
0.75	0.73	27
0.96	0.92	27
1.33	1.21	27
1.56	1.42	27
2.09	2.28	27
3.06	2.4	27
4.73	4.71	27
7.01	7.41	27
13.63	12.94	27
23.95	23.64	27
44.05	43.62	27
84.01	83.72	27
165.32	162.4	27
313.47	327.95	27
588.74	605.46	27
895.53	897.09	27
1175.43	1188.41	27
1465.36	1470.03	27
1748.87	1787.71	27
2072.24	2051.99	27
2378.11	2380.21	27
2724.25	2717.51	27
0.44	0.46	28
0.54	0.66	28
0.81	0.98	28
1.21	0.97	28
1.61	1.54	28
2.16	1.93	28
3.77	3.28	28
5.92	5.88	28
9.72	10.14	28
19.08	17.67	28
36.55	37.04	28
69.18	70.46	28
144.71	140.06	28
277.95	273.8	28
569.41	564.87	28
1174.61	1173.97	28
2319.59	2315.47	28
3464.13	3532.01	28
4744.12	4730.98	28
5890.45	5896.5	28
7235.11	7195.91	28
8362.17	8421.43	28
9590.88	9579.66	28
10731.44	10776.63	28
0.43	0.36	28
0.46	0.6	28
0.69	0.7	28
0.6	0.62	28
0.88	0.9	28
1.05	1.13	28
1.57	1.62	28
1.92	2.11	28
3.31	3.32	28
5.39	5.33	28
8.7	8.97	28
15.11	15.2	28
28.05	28.87	28
53.77	56.28	28
102.11	100.74	28
200.03	199.01	28
380.43	383.32	28
562.41	564.77	28
746.11	746.1	28
921.59	920.95	28
1109.32	1093.84	28
1287.9	1284.03	28
1458.12	1462.19	28
1645.62	1638.8	28
0.41	0.37	28
0.56	0.54	28
0.78	0.72	28
1.0	0.93	28
1.22	1.39	28
1.85	1.56	28
2.95	2.83	28
4.29	4.67	28
7.3	7.41	28
13.98	13.98	28
27.22	26.54	28
52.93	52.97	28
104.18	103.62	28
203.84	206.29	28
407.13	408.83	28
808.5	810.12	28
1569.16	1577.1	28
2320.27	2327.65	28
3002.91	3001.83	28
3846.62	3898.83	28
4567.32	4579.13	28
5289.53	5241.27	28
5944.36	5958.14	28
6648.84	6681.01	28
0.42	0.44	28
0.47	0.52	28
0.55	0.54	28
0.64	0.79	28
1.01	1.02	28
1.15	1.0	28
1.56	1.46	28
1.95	1.78	28
2.79	3.11	28
4.4	4.65	28
7.89	7.44	28
12.48	12.41	28
24.47	22.34	28
41.42	40.62	28
76.4	73.5	28
149.89	144.41	28
273.51	284.42	28
404.65	400.41	28
536.88	533.78	28
672.58	673.44	28
800.73	796.17	28
924.11	946.58	28
1054.85	1045.34	28
1184.55	1165.92	28
0.34	0.35	29
0.39	0.37	29
0.43	0.46	29
0.56	0.56	29
1.06	1.07	29
1.48	1.1	29
2.1	1.67	29
2.61	2.98	29
2.54	2.55	29
2.9	3.48	29
2.73	2.87	29
3.94	3.67	29
4.03	3.64	29
4.85	4.92	29
6.23	7.45	29
8.17	11.49	29
13.53	15.85	29
22.47	38.39	29
42.16	51.28	29
97.65	99.57	29
156.18	192.84	29
378.49	450.92	29
552.1	672.17	29
726.53	724.85	29
1110.57	693.5	29
1084.68	1317.58	29
971.29	1264.24	29
1115.62	2077.43	29
1244.94	1968.16	29
0.32	0.3	29
0.37	0.42	29
0.47	0.46	29
0.59	0.69	29
0.8	0.89	29
1.7	1.22	29
2.13	2.14	29
3.31	3.21	29
3.39	2.61	29
3.19	3.52	29
3.93	4.49	29
4.85	4.98	29
7.74	7.77	29
8.15	7.45	29
17.6	13.44	29
37.16	36.18	29
70.2	45.47	29
137.52	115.35	29
227.2	181.51	29
453.86	541.23	29
907.32	905.09	29
2103.31	1376.69	29
3191.56	2615.08	29
4362.41	3578.35	29
5568.98	3649.52	29
6758.74	5648.5	29
6648.6	3888.22	29
9137.14	7636.95	29
8473.61	8630.28	29
0.26	0.25	29
0.28	0.28	29
0.38	0.38	29
0.54	0.52	29
0.82	0.8	29
1.13	1.2	29
1.83	1.86	29
2.21	2.31	29
2.56	2.22	29
3.05	3.09	29
2.96	2.87	29
3.7	3.58	29
4.5	3.17	29
6.37	4.93	29
7.22	7.25	29
9.54	8.54	29
14.3	16.44	29
24.41	39.19	29
51.68	70.3	29
97.09	116.59	29
149.53	240.74	29
289.9	432.58	29
430.75	535.97	29
563.53	714.66	29
699.48	700.36	29
1058.21	1048.63	29
1784.91	1256.44	29
1711.77	1417.71	29
1627.12	1567.46	29
0.25	0.29	29
0.34	0.35	29
0.41	0.45	29
0.57	0.67	29
0.97	0.84	29
1.58	1.3	29
2.09	1.78	29
2.76	2.19	29
3.26	3.4	29
3.39	3.41	29
3.49	3.23	29
4.4	4.56	29
7.12	6.26	29
11.52	11.24	29
20.38	16.12	29
35.97	28.98	29
68.94	55.37	29
112.42	109.83	29
264.95	218.6	29
523.18	345.29	29
1045.5	688.09	29
1692.28	987.68	29
2559.77	2034.27	29
3518.33	2775.5	29
5373.2	3531.27	29
5415.77	6528.82	29
6374.26	6362.79	29
7350.46	7352.67	29
8317.95	6550.4	29
0.27	0.27	30
0.35	0.35	30
0.47	0.42	30
0.59	0.6	30
1.11	0.94	30
1.46	1.48	30
2.43	2.23	30
2.33	3.26	30
3.11	3.93	30
2.8	2.71	30
3.41	4.09	30
3.64	3.94	30
4.44	5.13	30
6.33	5.56	30
8.24	10.09	30
13.64	15.9	30
21.99	26.37	30
39.78	40.2	30
76.48	87.1	30
167.51	187.01	30
289.77	334.38	30
559.46	648.54	30
953.4	1075.09	30
1098.52	1263.56	30
1575.99	1567.48	30
1884.59	2129.03	30
1905.28	2188.28	30
2535.26	2546.23	30
2461.37	2474.25	30
0.27	0.26	30
0.34	0.35	30
0.42	0.37	30
0.62	0.54	30
0.92	0.9	30
1.26	1.18	30
2.35	2.11	30
3.34	3.06	30
4.28	3.22	30
3.64	3.52	30
4.37	3.32	30
5.24	4.19	30
7.3	5.97	30
9.91	9.62	30
19.4	13.09	30
30.29	30.05	30
67.55	56.6	30
129.73	108.65	30
211.66	124.41	30
501.01	414.95	30
995.09	653.13	30
1932.78	1598.3	30
2861.34	2372.78	30
3778.66	3126.52	30
3881.57	4683.9	30
5615.47	4652.5	30
6579.67	6577.05	30
6314.11	5001.6	30
7170.7	4200.44	30
0.25	0.26	30
0.29	0.28	30
0.36	0.41	30
0.54	0.52	30
0.84	0.78	30
1.21	1.05	30
1.56	1.77	30
2.5	2.32	30
3.12	2.86	30
3.49	2.95	30
3.62	2.89	30
3.99	3.62	30
4.81	4.6	30
6.61	5.58	30
8.77	8.41	30
13.48	12.37	30
21.72	26.87	30
38.65	53.55	30
71.88	71.11	30
140.32	185.56	30
270.85	311.16	30
523.2	598.67	30
779.21	877.98	30
1191.78	1199.88	30
1286.58	1644.5	30
1806.1	1749.42	30
1785.38	2308.21	30
2037.48	2038.47	30
2290.94	2999.7	30
0.26	0.27	30
0.31	0.32	30
0.42	0.37	30
0.53	0.57	30
0.94	0.87	30
1.03	1.69	30
2.15	2.1	30
1.6	2.09	30
2.73	3.29	30
3.7	3.47	30
3.95	3.9	30
6.2	3.74	30
7.29	5.72	30
13.06	9.88	30
20.15	16.36	30
36.16	29.08	30
43.75	55.17	30
105.61	105.0	30
249.18	206.35	30
489.29	488.56	30
959.29	958.97	30
1801.39	1165.63	30
2211.78	2188.93	30
2906.15	2290.64	30
4417.06	3619.51	30
5297.38	4355.38	30
5225.79	5080.74	30
7392.13	6096.62	30
6929.65	4085.98	30
0.33	0.33	31
0.38	0.33	31
0.42	0.47	31
0.56	0.57	31
0.96	0.94	31
1.64	1.25	31
1.95	1.81	31
2.85	3.11	31
3.37	3.49	31
3.24	3.74	31
4.73	4.03	31
4.93	4.36	31
7.43	7.28	31
9.62	8.44	31
16.86	15.45	31
33.44	17.38	31
64.48	53.56	31
106.04	107.16	31
209.35	165.75	31
416.97	330.24	31
827.34	656.43	31
1286.73	1282.63	31
2401.27	1408.66	31
3830.4	1870.82	31
4796.11	4788.8	31
5709.42	4730.52	31
6587.98	3198.53	31
7484.61	6196.46	31
8438.64	5524.62	31
0.28	0.26	31
0.34	0.32	31
0.44	0.45	31
0.56	0.6	31
0.78	0.85	31
1.41	1.63	31
1.89	1.84	31
2.71	2.79	31
3.58	4.04	31
3.43	3.13	31
3.13	3.48	31
2.94	4.3	31
5.06	4.45	31
5.21	6.14	31
7.99	8.77	31
13.6	15.01	31
26.3	27.48	31
49.77	45.57	31
75.48	96.33	31
166.33	164.28	31
330.02	367.84	31
556.21	637.22	31
1119.63	1075.15	31
1281.17	1265.09	31
1379.24	1778.07	31
1644.91	1892.72	31
2205.64	2484.55	31
2189.71	2524.82	31
2833.39	2833.24	31
0.22	0.24	31
0.29	0.33	31
0.35	0.38	31
0.55	0.54	31
0.78	0.77	31
1.24	1.34	31
2.0	1.37	31
2.53	2.17	31
3.38	2.75	31
3.56	2.52	31
3.65	3.24	31
4.62	4.04	31
7.39	6.42	31
10.16	6.36	31
16.14	13.04	31
19.63	23.64	31
45.32	26.21	31
105.56	68.11	31
170.0	131.91	31
260.08	403.17	31
659.03	803.54	31
1563.15	1287.62	31
1909.36	1477.23	31
2526.24	1960.05	31
4004.29	3999.54	31
4786.75	4122.82	31
5759.36	3814.1	31
5471.61	6572.3	31
6014.08	5991.6	31
0.28	0.27	31
0.34	0.31	31
0.39	0.43	31
0.61	0.64	31
0.94	0.98	31
1.78	1.68	31
1.98	2.17	31
2.36	2.87	31
2.59	3.38	31
3.59	3.04	31
3.36	3.09	31
4.18	4.11	31
4.77	4.53	31
6.96	6.49	31
9.12	8.65	31
13.59	15.08	31
23.55	21.41	31
46.87	41.58	31
77.67	90.42	31
170.19	201.4	31
346.59	323.39	31
630.99	642.46	31
831.18	1042.66	31
1099.28	1340.87	31
1376.0	1380.82	31
1643.97	1853.42	31
1915.59	1915.66	31
2507.92	2777.92	31
2482.78	2476.37	31
0.28	0.29	32
0.35	0.33	32
0.37	0.35	32
0.55	0.7	32
0.99	0.95	32
1.16	1.44	32
2.01	2.2	32
2.62	2.22	32
3.08	3.38	32
3.21	3.54	32
3.19	3.14	32
4.64	4.72	32
5.56	6.81	32
12.39	10.38	32
20.99	14.58	32
24.92	20.17	32
57.06	47.27	32
135.0	90.37	32
220.78	218.74	32
523.09	433.13	32
1035.92	859.7	32
2010.89	2007.19	32
2475.94	1455.8	32
3938.64	3268.95	32
4071.88	3238.21	32
5864.38	4864.98	32
6818.73	4508.21	32
7781.83	6474.26	32
8752.85	7267.77	32
0.27	0.21	32
0.38	0.28	32
0.39	0.41	32
0.57	0.63	32
0.83	0.91	32
1.13	1.25	32
2.79	1.91	32
2.44	2.72	32
3.05	1.73	32
3.72	3.15	32
3.24	3.67	32
3.26	3.5	32
3.83	4.66	32
5.14	4.91	32
6.14	6.31	32
8.71	9.61	32
12.99	16.47	32
23.71	34.18	32
40.99	52.08	32
76.59	98.47	32
149.36	190.22	32
374.6	455.6	32
425.54	568.73	32
745.2	888.41	32
703.18	902.23	32
1086.79	1326.36	32
1581.03	1834.65	32
1113.98	1103.26	32
1611.59	1277.52	32
0.24	0.23	32
0.27	0.26	32
0.34	0.35	32
0.49	0.52	32
0.77	0.75	32
1.06	1.31	32
1.21	1.77	32
2.36	1.96	32
2.54	2.73	32
2.37	3.11	32
3.56	3.39	32
3.95	3.81	32
7.08	5.31	32
9.25	7.74	32
12.56	17.49	32
33.05	26.76	32
60.77	39.78	32
97.92	98.2	32
231.19	149.88	32
455.19	375.07	32
906.86	899.84	32
1136.2	1438.79	32
2604.19	2134.42	32
3443.53	2843.33	32
4289.86	1996.39	32
4247.48	2379.54	32
5995.44	3872.02	32
6854.83	4415.55	32
7703.28	3597.72	32
0.24	0.25	32
0.32	0.26	32
0.38	0.35	32
0.6	0.55	32
0.81	0.86	32
1.17	1.47	32
1.85	1.5	32
2.75	2.77	32
3.33	3.12	32
2.51	3.09	32
3.47	3.22	32
3.47	3.67	32
4.39	3.52	32
6.14	5.12	32
6.98	6.89	32
10.5	10.62	32
17.48	15.19	32
23.96	30.5	32
42.49	51.25	32
79.65	124.87	32
208.29	190.27	32
375.98	432.53	32
547.08	425.37	32
566.31	863.23	32
697.09	900.86	32
859.52	1295.04	32
979.54	1499.52	32
1118.03	1436.91	32
1237.13	2230.4	32
0.33	0.31	33
0.37	0.48	33
0.51	0.58	33
0.8	0.79	33
1.15	0.98	33
1.29	1.41	33
1.53	1.71	33
2.68	1.73	33
3.1	2.8	33
3.39	3.51	33
4.61	3.85	33
5.86	5.99	33
8.13	8.53	33
14.24	15.19	33
25.96	26.64	33
48.95	48.47	33
91.51	91.22	33
174.47	172.58	33
250.46	253.93	33
341.78	337.82	33
422.57	415.66	33
501.74	496.89	33
585.73	577.25	33
661.1	660.25	33
740.93	744.27	33
0.37	0.31	33
0.34	0.39	33
0.49	0.54	33
0.91	0.83	33
1.27	1.04	33
1.06	1.39	33
2.09	1.55	33
2.46	2.35	33
3.45	3.12	33
4.27	4.12	33
6.6	6.31	33
10.98	11.51	33
19.11	19.08	33
36.85	36.41	33
67.25	66.47	33
131.74	128.81	33
252.98	248.32	33
477.72	476.09	33
690.74	694.89	33
918.91	916.0	33
1136.92	1138.25	33
1360.68	1367.55	33
1591.61	1592.97	33
1813.21	1808.3	33
2044.16	2037.12	33
0.28	0.3	33
0.33	0.33	33
0.45	0.42	33
0.71	0.68	33
1.06	0.94	33
1.93	1.85	33
1.59	1.67	33
2.08	1.78	33
2.86	2.83	33
3.07	3.08	33
3.99	3.77	33
5.46	5.42	33
8.13	8.88	33
13.95	14.11	33
24.95	24.78	33
46.65	48.48	33
88.84	87.22	33
162.0	163.11	33
240.85	234.21	33
311.13	309.19	33
387.22	389.72	33
454.28	463.45	33
527.97	532.89	33
605.62	605.45	33
671.07	677.31	33
0.35	0.31	33
0.32	0.3	33
0.52	0.51	33
0.71	0.68	33
1.04	0.8	33
1.5	1.35	33
1.59	2.23	33
2.53	2.04	33
2.73	2.82	33
4.04	3.98	33
6.3	6.4	33
9.74	10.79	33
17.59	17.76	33
33.58	33.69	33
62.19	62.08	33
119.27	120.41	33
227.69	228.29	33
435.2	441.7	33
629.09	640.35	33
816.43	826.16	33
1008.78	1009.58	33
1199.99	1244.79	33
1445.13	1433.83	33
1633.72	1635.36	33
1827.75	1823.5	33
0.31	0.35	34
0.36	0.35	34
0.46	0.49	34
0.72	0.66	34
1.13	0.92	34
1.4	1.39	34
1.64	1.29	34
2.83	2.22	34
2.66	3.09	34
4.54	4.11	34
6.51	5.86	34
11.51	10.13	34
18.58	18.17	34
32.72	33.88	34
64.97	64.07	34
126.53	125.11	34
246.26	248.89	34
480.56	483.65	34
713.13	710.71	34
938.99	941.43	34
1173.75	1173.56	34
1408.68	1408.54	34
1638.93	1638.06	34
1874.6	1877.33	34
2104.76	2114.14	34
0.31	0.29	34
0.39	0.36	34
0.51	0.51	34
0.74	0.78	34
0.97	1.15	34
1.35	0.89	34
1.95	1.95	34
2.39	1.97	34
3.14	3.19	34
3.77	3.7	34
4.17	4.34	34
6.64	6.48	34
10.11	9.39	34
17.4	17.16	34
30.74	30.96	34
57.29	56.54	34
110.89	112.38	34
214.54	213.58	34
315.88	317.8	34
419.8	419.27	34
523.53	522.81	34
631.95	648.33	34
760.04	760.06	34
870.5	869.9	34
983.05	982.22	34
0.29	0.3	34
0.32	0.32	34
0.48	0.46	34
0.66	0.66	34
0.92	0.89	34
1.45	1.32	34
1.35	1.29	34
1.86	1.99	34
2.66	2.42	34
4.04	3.88	34
5.28	5.3	34
9.51	9.36	34
15.24	16.48	34
29.03	29.06	34
56.68	55.61	34
110.1	109.98	34
209.3	219.91	34
408.39	416.96	34
618.88	604.87	34
803.5	799.89	34
1000.99	993.77	34
1187.03	1219.66	34
1456.06	1428.08	34
1630.39	1624.77	34
1826.38	1843.06	34
0.31	0.33	34
0.34	0.31	34
0.49	0.55	34
0.68	0.75	34
1.05	1.17	34
1.45	1.56	34
1.47	1.49	34
1.93	1.94	34
2.2	2.56	34
3.31	3.21	34
3.89	3.52	34
5.75	5.49	34
8.92	8.48	34
14.92	15.63	34
28.35	27.31	34
51.05	50.4	34
97.12	93.95	34
185.31	182.34	34
263.18	269.1	34
357.85	358.47	34
438.77	440.26	34
544.33	530.88	34
635.72	629.66	34
724.8	720.35	34
813.19	820.16	34
0.3	0.3	35
0.43	0.35	35
0.5	0.52	35
0.8	0.73	35
1.33	0.97	35
1.55	1.74	35
1.92	1.81	35
2.0	2.64	35
3.06	3.12	35
3.82	3.71	35
4.38	4.72	35
6.67	6.39	35
10.37	10.22	35
18.07	17.09	35
31.62	31.37	35
60.24	59.74	35
116.47	116.6	35
224.16	222.8	35
327.69	327.2	35
433.95	431.96	35
545.87	544.72	35
654.83	654.64	35
763.99	765.43	35
876.76	872.43	35
981.86	979.36	35
0.33	0.32	35
0.36	0.39	35
0.46	0.51	35
0.71	0.75	35
1.22	1.26	35
1.89	1.73	35
1.95	2.0	35
2.34	2.09	35
3.17	3.38	35
4.34	4.03	35
6.06	6.08	35
10.01	9.34	35
17.33	17.82	35
32.44	31.82	35
60.54	58.84	35
115.39	114.78	35
228.78	230.97	35
440.04	444.68	35
655.2	655.01	35
870.38	867.81	35
1080.4	1076.76	35
1293.44	1289.05	35
1512.68	1501.6	35
1723.73	1717.38	35
1931.66	1938.63	35
0.28	0.3	35
0.33	0.33	35
0.44	0.46	35
0.71	0.6	35
0.99	0.87	35
1.39	1.33	35
1.14	1.58	35
1.67	1.51	35
2.41	1.97	35
3.25	3.13	35
4.26	3.67	35
5.69	5.34	35
8.03	8.34	35
14.42	14.29	35
25.73	24.86	35
47.13	46.23	35
91.39	91.24	35
168.09	169.95	35
251.57	246.99	35
324.62	318.42	35
408.05	416.79	35
489.75	493.84	35
560.42	559.5	35
652.92	649.31	35
732.67	721.22	35
0.33	0.29	35
0.35	0.33	35
0.46	0.44	35
0.71	0.74	35
0.94	1.1	35
1.46	1.1	35
1.8	1.37	35
2.26	2.36	35
2.88	2.91	35
4.24	3.99	35
5.76	5.72	35
9.28	8.45	35
16.13	15.16	35
28.17	28.27	35
55.0	54.82	35
104.71	105.17	35
203.95	208.38	35
399.57	409.65	35
597.91	597.13	35
766.47	770.72	35
967.54	958.77	35
1147.18	1142.97	35
1333.48	1351.49	35
1528.27	1539.17	35
1714.31	1697.8	35
0.28	0.34	36
0.4	0.41	36
0.49	0.47	36
0.67	0.65	36
0.91	1.1	36
1.3	1.33	36
1.81	1.68	36
1.74	2.32	36
2.99	2.8	36
4.04	3.69	36
6.27	6.49	36
10.64	10.23	36
17.89	18.4	36
32.46	32.78	36
61.06	62.52	36
119.09	119.22	36
236.84	234.11	36
453.95	454.25	36
678.49	677.88	36
902.33	899.15	36
1123.65	1126.84	36
1351.91	1351.0	36
1573.29	1574.38	36
1799.45	1794.99	36
2013.8	2016.8	36
0.33	0.31	36
0.42	0.36	36
0.51	0.44	36
0.65	0.69	36
1.09	1.14	36
1.64	1.11	36
1.54	1.57	36
1.82	1.67	36
3.03	2.56	36
3.31	3.89	36
4.1	3.92	36
5.81	6.1	36
8.64	8.58	36
14.86	14.96	36
26.83	25.89	36
48.16	46.35	36
93.3	89.71	36
172.46	169.01	36
259.7	255.36	36
336.75	337.56	36
419.5	414.11	36
504.06	497.11	36
582.09	577.17	36
670.49	665.9	36
737.84	747.94	36
0.28	0.26	36
0.36	0.32	36
0.41	0.41	36
0.65	0.6	36
0.97	0.87	36
1.18	1.26	36
1.57	1.39	36
2.0	1.75	36
2.82	2.38	36
3.44	3.96	36
5.96	5.25	36
8.94	8.9	36
15.52	16.02	36
29.29	29.4	36
56.09	55.22	36
106.19	105.43	36
209.93	210.02	36
402.37	398.28	36
595.04	592.46	36
778.31	772.54	36
946.46	965.24	36
1147.5	1142.17	36
1339.64	1327.76	36
1497.6	1514.47	36
1694.83	1699.89	36
0.29	0.28	36
0.38	0.32	36
0.44	0.44	36
0.68	0.78	36
1.16	0.99	36
1.78	1.47	36
1.62	1.28	36
1.61	1.45	36
2.62	2.73	36
2.97	3.09	36
4.04	3.81	36
5.49	5.53	36
8.49	8.06	36
14.39	13.45	36
25.31	25.43	36
48.71	44.76	36
88.67	86.97	36
158.17	172.11	36
237.71	239.04	36
311.27	321.02	36
390.59	403.23	36
465.9	462.51	36
534.68	527.23	36
614.99	605.83	36
675.16	679.3	36
0.39	0.3	37
0.34	0.34	37
0.32	0.32	37
0.4	0.3	37
0.3	0.38	37
0.34	0.33	37
0.41	0.49	37
0.45	0.47	37
0.58	0.58	37
0.65	0.66	37
0.74	0.75	37
1.06	1.0	37
1.43	1.65	37
2.35	2.48	37
4.21	4.81	37
7.27	7.58	37
13.13	14.15	37
23.92	25.26	37
43.43	43.28	37
85.08	89.76	37
163.11	168.8	37
247.1	251.61	37
323.13	350.41	37
401.07	415.02	37
462.79	526.74	37
552.95	599.04	37
595.87	651.44	37
695.64	763.78	37
0.33	0.32	37
0.3	0.34	37
0.34	0.38	37
0.33	0.31	37
0.32	0.34	37
0.36	0.38	37
0.43	0.38	37
0.5	0.5	37
0.62	0.6	37
0.97	0.84	37
1.58	1.41	37
2.82	2.05	37
5.32	3.94	37
9.86	6.98	37
21.72	13.42	37
41.21	31.5	37
80.3	62.27	37
161.23	102.47	37
321.47	243.95	37
649.85	403.82	37
1254.4	785.44	37
1859.72	1161.96	37
2466.08	1543.72	37
3075.44	2331.94	37
3634.89	3273.97	37
4328.29	3248.53	37
4839.8	4348.94	37
5494.76	3450.54	37
0.27	0.26	37
0.25	0.28	37
0.28	0.27	37
0.26	0.25	37
0.3	0.36	37
0.31	0.3	37
0.36	0.3	37
0.44	0.44	37
0.5	0.49	37
0.63	0.6	37
0.73	0.77	37
1.16	1.11	37
1.86	1.57	37
2.46	2.54	37
5.66	5.0	37
8.96	7.62	37
16.86	16.18	37
25.04	29.44	37
42.36	53.79	37
98.85	83.68	37
188.5	166.46	37
256.04	239.65	37
341.24	322.67	37
398.08	389.95	37
517.38	477.4	37
585.72	557.91	37
636.61	630.07	37
754.99	737.66	37
0.31	0.25	37
0.27	0.29	37
0.29	0.28	37
0.3	0.29	37
0.3	0.31	37
0.32	0.33	37
0.4	0.33	37
0.55	0.49	37
0.68	0.7	37
1.0	0.86	37
1.71	1.24	37
2.35	2.46	37
5.39	4.63	37
11.07	9.03	37
22.53	16.54	37
44.85	32.03	37
84.37	53.88	37
181.84	107.42	37
372.44	252.9	37
678.88	425.13	37
1399.25	973.73	37
1988.87	1196.77	37
2544.39	1904.47	37
3359.24	1982.9	37
3934.2	2847.35	37
4573.99	2758.21	37
5270.89	3155.54	37
5669.51	4227.0	37
0.27	0.27	38
0.26	0.27	38
0.31	0.29	38
0.31	0.28	38
0.3	0.27	38
0.36	0.38	38
0.38	0.39	38
0.4	0.43	38
0.49	0.51	38
0.74	0.68	38
0.73	0.95	38
1.51	1.42	38
2.33	2.2	38
4.67	5.16	38
9.28	9.53	38
17.2	18.48	38
31.72	33.97	38
65.2	65.08	38
123.41	127.7	38
242.36	248.98	38
473.77	485.15	38
698.89	704.38	38
930.31	970.28	38
1152.55	1198.87	38
1396.86	1412.28	38
1621.22	1643.99	38
1850.0	1923.0	38
2084.45	2107.73	38
0.35	0.26	38
0.26	0.29	38
0.27	0.28	38
0.39	0.29	38
0.28	0.27	38
0.37	0.33	38
0.36	0.44	38
0.53	0.54	38
0.66	0.69	38
0.94	0.87	38
1.54	0.96	38
2.68	2.0	38
4.88	3.1	38
8.74	6.36	38
17.81	11.47	38
39.03	28.61	38
75.95	46.61	38
152.71	112.63	38
292.22	222.67	38
589.2	444.0	38
1140.56	710.15	38
1686.61	1051.86	38
2256.33	1391.71	38
2808.39	1730.58	38
3321.68	2525.08	38
3863.94	2408.68	38
4459.85	3352.65	38
5072.92	3765.07	38
0.28	0.25	38
0.27	0.25	38
0.27	0.28	38
0.25	0.27	38
0.25	0.27	38
0.33	0.32	38
0.35	0.31	38
0.35	0.36	38
0.47	0.55	38
0.68	0.67	38
0.92	0.99	38
1.59	1.43	38
2.22	2.43	38
4.52	4.44	38
8.35	8.63	38
15.99	16.63	38
28.57	33.33	38
57.6	59.08	38
103.98	112.33	38
230.85	208.72	38
421.58	401.9	38
588.28	620.44	38
827.3	837.71	38
1011.89	1008.41	38
1201.99	1263.29	38
1414.54	1377.19	38
1601.47	1611.17	38
1695.75	1794.31	38
0.26	0.25	38
0.28	0.26	38
0.3	0.28	38
0.27	0.29	38
0.27	0.32	38
0.29	0.39	38
0.39	0.36	38
0.43	0.57	38
0.62	0.66	38
1.12	0.86	38
1.45	1.4	38
2.82	2.36	38
5.43	3.67	38
8.93	5.56	38
19.61	17.45	38
43.2	33.65	38
75.97	47.33	38
152.1	110.62	38
303.18	185.3	38
617.34	361.77	38
1176.24	712.55	38
1755.21	1049.02	38
2274.73	1667.31	38
2951.04	1679.78	38
3420.26	2019.73	38
3955.46	2303.98	38
4423.24	2606.56	38
4956.78	3712.02	38
0.25	0.29	39
0.25	0.3	39
0.29	0.3	39
0.28	0.33	39
0.3	0.3	39
0.3	0.3	39
0.32	0.39	39
0.39	0.42	39
0.64	0.61	39
0.83	0.71	39
1.32	1.13	39
2.34	1.78	39
4.16	3.14	39
8.41	5.83	39
16.07	12.37	39
33.96	20.35	39
67.97	40.81	39
132.58	98.54	39
265.89	157.56	39
523.54	387.87	39
1014.58	608.18	39
1505.36	1121.29	39
2011.64	1476.32	39
2467.6	1836.54	39
2951.39	2188.18	39
3521.89	2037.91	39
4023.2	2930.25	39
4464.48	3329.96	39
0.3	0.25	39
0.32	0.3	39
0.31	0.29	39
0.3	0.25	39
0.34	0.32	39
0.32	0.3	39
0.36	0.38	39
0.46	0.44	39
0.57	0.54	39
0.72	0.64	39
1.01	0.92	39
1.36	1.4	39
2.29	2.24	39
4.17	4.52	39
8.14	8.09	39
15.94	15.79	39
29.57	30.05	39
57.75	60.28	39
112.66	116.22	39
221.84	235.78	39
433.79	445.93	39
647.84	683.03	39
852.68	891.77	39
1065.26	1114.83	39
1269.66	1329.08	39
1473.95	1552.98	39
1708.24	1731.02	39
1919.55	1989.33	39
0.26	0.25	39
0.26	0.25	39
0.26	0.25	39
0.24	0.3	39
0.3	0.25	39
0.31	0.28	39
0.35	0.36	39
0.44	0.46	39
0.56	0.63	39
0.82	0.82	39
1.48	1.29	39
2.54	1.73	39
4.46	2.74	39
8.72	5.0	39
16.5	11.56	39
32.69	23.01	39
67.55	36.76	39
123.87	104.46	39
243.91	176.51	39
496.18	280.74	39
970.64	531.17	39
1476.63	987.9	39
1933.66	1059.4	39
2369.33	1921.45	39
2778.59	1518.62	39
3204.93	2242.4	39
3722.92	2594.68	39
4173.6	2309.34	39
0.26	0.27	39
0.27	0.24	39
0.24	0.3	39
0.27	0.31	39
0.3	0.31	39
0.32	0.28	39
0.35	0.34	39
0.41	0.38	39
0.57	0.57	39
0.72	0.73	39
0.82	0.99	39
1.52	1.53	39
2.49	2.35	39
4.65	4.56	39
8.61	7.92	39
17.28	17.79	39
32.33	31.86	39
67.83	58.57	39
123.64	116.62	39
227.76	245.21	39
418.7	425.54	39
628.21	658.19	39
853.76	836.15	39
1068.33	1018.73	39
1260.06	1253.89	39
1473.75	1453.06	39
1729.94	1664.04	39
1770.93	1870.32	39
0.23	0.23	40
0.24	0.27	40
0.24	0.26	40
0.24	0.28	40
0.23	0.25	40
0.29	0.31	40
0.36	0.36	40
0.43	0.43	40
0.56	0.63	40
0.88	0.64	40
1.46	1.19	40
2.88	1.69	40
3.83	3.55	40
9.15	6.35	40
19.68	12.11	40
39.09	24.17	40
81.41	49.03	40
159.01	98.3	40
314.6	260.98	40
637.88	528.96	40
1249.09	787.32	40
1893.25	1561.61	40
2509.02	1555.08	40
3079.84	2551.96	40
3675.12	2315.86	40
4281.06	3550.16	40
4868.4	4052.76	40
5475.36	3457.73	40
0.25	0.21	40
0.23	0.25	40
0.23	0.23	40
0.24	0.24	40
0.25	0.24	40
0.3	0.31	40
0.31	0.34	40
0.39	0.41	40
0.51	0.56	40
0.86	0.64	40
1.46	1.2	40
2.66	2.07	40
5.04	3.93	40
9.86	7.01	40
18.8	14.59	40
40.29	23.65	40
78.22	47.2	40
152.78	92.17	40
309.81	182.08	40
614.28	363.83	40
1237.79	849.7	40
1714.18	1050.54	40
2248.66	1389.07	40
2798.14	1711.78	40
3421.42	2055.96	40
3949.16	3374.99	40
4582.4	3273.92	40
5102.68	3669.97	40
0.23	0.24	40
0.25	0.26	40
0.26	0.26	40
0.25	0.24	40
0.28	0.28	40
0.29	0.33	40
0.38	0.31	40
0.36	0.41	40
0.5	0.57	40
0.58	0.57	40
0.81	0.66	40
1.22	1.12	40
1.84	1.8	40
2.94	2.57	40
4.85	4.7	40
9.35	8.64	40
12.98	15.61	40
31.94	26.94	40
49.21	42.2	40
102.62	104.96	40
227.57	165.79	40
242.77	242.96	40
345.69	321.72	40
404.96	388.47	40
485.2	515.18	40
575.38	566.95	40
638.76	652.58	40
730.05	762.06	40
