0.62	0.56
0.74	0.73
1.09	0.78
1.14	1.17
1.52	1.22
1.55	1.55
1.31	1.42
1.61	1.33
2.38	2.29
2.31	2.25
3.25	3.04
4.73	4.43
7.78	7.31
12.79	12.03
23.52	20.89
35.17	38.94
67.01	73.09
127.59	146.02
311.27	278.1
368.64	412.36
483.46	558.73
757.05	814.45
711.11	810.86
1049.33	950.8
1198.19	1091.73
1353.88	1227.53
0.62	0.6
0.94	0.72
1.12	1.14
1.19	1.27
1.5	1.6
1.82	1.47
1.72	1.94
1.73	2.69
3.05	3.16
4.25	3.85
7.57	8.88
14.28	14.84
27.87	28.13
45.47	46.89
89.44	91.56
207.01	209.8
349.41	417.57
818.99	833.58
1591.19	1632.71
2370.01	2056.62
2253.75	3254.38
3449.66	4114.24
4169.36	4982.31
4912.96	4963.12
6579.58	6700.49
7402.02	7537.89
0.56	0.58
0.57	0.72
1.18	0.94
1.31	1.01
1.02	1.42
1.39	1.6
1.35	1.43
1.36	1.46
2.05	2.26
2.14	2.39
3.07	3.49
3.86	6.19
6.36	11.14
10.38	19.79
18.85	39.05
35.25	70.22
66.37	116.21
163.73	285.92
326.73	422.49
373.55	590.94
482.42	767.52
601.46	987.23
933.63	1216.03
834.27	1306.92
1199.9	1504.46
1073.06	1686.75
0.58	0.6
0.71	0.8
1.14	1.02
1.41	1.16
1.31	1.31
1.45	1.13
1.5	2.05
1.91	2.06
2.75	3.72
4.54	5.03
6.53	9.57
12.77	16.28
27.47	33.57
38.73	60.22
103.91	104.34
208.2	237.61
410.67	472.95
702.29	897.31
1591.5	1761.96
1691.73	2686.27
3201.24	3531.35
4041.24	4430.35
4896.75	5385.18
4062.03	5261.84
6586.74	7188.39
6317.48	8081.69
0.52	0.69
0.78	0.85
1.0	1.29
1.24	1.35
1.25	1.35
1.55	1.43
1.96	1.66
2.16	1.91
2.42	2.18
2.96	2.77
4.43	4.22
6.54	6.58
11.33	11.25
21.45	20.73
35.95	39.19
68.56	73.26
151.56	144.63
298.14	287.11
578.9	552.14
856.49	815.76
1132.86	1182.73
1259.48	1337.86
1679.93	1602.65
1738.23	1860.77
2212.26	2102.05
2220.71	2363.09
0.73	0.51
0.74	0.67
1.08	0.91
1.23	1.52
1.31	1.82
1.25	1.45
1.51	1.55
2.22	1.89
2.52	2.81
4.39	4.63
7.01	5.8
10.85	13.09
20.76	25.13
46.65	40.13
78.16	94.52
179.44	184.43
356.63	363.8
597.22	725.39
1371.78	1400.73
1716.64	2076.72
2695.32	2758.12
3346.7	3426.21
3393.31	4097.73
3194.17	3997.14
4487.34	5427.93
5957.31	6107.91
0.51	0.53
0.75	0.76
0.98	1.05
1.14	1.12
1.31	1.29
1.32	1.41
1.44	1.6
1.85	1.58
2.02	2.17
2.89	3.0
3.57	4.61
5.93	8.18
11.68	13.78
21.13	26.84
41.24	53.22
65.19	83.77
143.02	171.34
249.18	327.28
480.89	637.5
718.71	1011.6
948.52	1296.17
1472.42	1576.63
1414.59	1842.34
1640.23	2147.2
1874.51	2494.04
2110.31	2812.36
0.62	0.55
0.81	0.84
0.98	1.03
1.56	1.83
1.14	1.47
1.4	1.33
1.98	1.81
1.82	2.07
2.77	2.81
4.36	4.83
7.55	9.53
11.57	14.47
17.64	28.16
40.76	47.36
91.87	103.07
180.32	204.87
356.85	394.44
712.54	823.25
1373.88	1523.78
2043.5	2289.08
2699.33	3000.39
3350.08	3752.24
2795.76	4483.82
4620.7	5193.19
5225.33	5834.06
5832.24	6548.46
0.55	0.53
0.73	0.77
1.13	0.86
1.07	1.52
1.21	1.13
1.37	1.57
1.34	1.62
1.89	1.84
3.23	2.82
4.43	5.25
6.69	6.93
12.5	12.13
16.0	23.97
44.45	45.26
87.79	88.98
173.32	176.31
341.29	349.69
680.17	695.13
1109.97	1343.07
1941.63	1987.03
1754.84	2631.69
3203.47	2728.23
3829.9	3918.6
4626.26	4754.65
4457.1	5412.19
5008.58	6071.16
0.55	0.63
0.91	0.71
1.17	1.19
1.29	1.17
1.3	1.46
1.51	1.46
1.9	1.48
2.08	1.69
2.21	1.87
3.13	3.38
4.04	3.84
6.33	6.67
12.47	11.36
18.71	20.34
37.07	38.84
77.32	75.2
135.72	143.82
301.58	285.96
525.35	551.03
771.41	819.86
1021.95	1087.02
1465.22	1355.97
1744.2	1671.47
2239.04	1928.51
2070.07	2204.85
2595.35	2702.36
0.56	0.57
0.63	0.68
0.76	0.79
1.07	1.06
1.12	0.94
1.57	1.34
1.46	1.64
1.8	2.24
2.73	2.51
3.69	4.26
6.32	7.53
9.64	11.17
21.41	21.83
40.96	49.73
79.26	98.62
132.91	200.55
213.0	353.63
613.42	703.07
1004.36	1120.58
1214.67	2030.15
2365.03	2642.71
2942.67	2796.25
3519.82	4047.12
4105.01	4608.25
4674.8	5376.26
5253.71	5970.65
0.5	0.5
0.84	0.73
1.07	0.97
1.18	1.18
1.26	1.38
1.35	1.47
1.48	1.43
1.79	1.97
1.88	2.33
3.01	2.99
4.15	5.06
6.53	8.23
10.32	14.74
18.42	25.03
33.57	47.45
71.98	93.75
125.44	187.56
248.05	333.15
481.26	662.09
713.75	949.71
1190.3	1256.28
1176.64	1621.9
1409.53	1842.92
1871.12	2216.49
2101.81	2482.38
2109.15	2734.05
0.55	0.66
1.01	0.9
1.46	0.93
1.06	1.22
1.43	1.33
1.65	1.52
1.77	1.72
1.99	2.34
2.67	3.03
4.67	4.65
8.4	8.39
15.26	14.88
23.36	25.16
45.43	54.32
93.2	110.23
181.61	215.81
419.13	428.34
834.11	849.56
1380.5	1651.01
2399.49	2444.74
2706.64	3239.77
3952.05	4023.38
4037.56	4812.34
4689.44	5607.83
6267.17	6410.91
7049.16	7186.82
0.57	0.62
0.81	0.76
0.92	1.07
1.2	1.14
1.25	1.42
1.77	1.19
1.35	1.4
2.22	1.44
1.99	1.85
1.99	2.32
3.48	3.02
4.11	4.29
6.3	6.76
10.31	11.4
19.08	21.06
34.75	38.93
67.44	73.94
131.07	144.49
245.87	280.19
654.19	410.32
481.82	546.15
913.05	677.11
717.78	809.67
1046.66	947.53
948.29	1072.45
1354.38	1204.73
0.5	0.54
0.71	0.73
0.94	1.03
1.27	1.13
1.37	1.3
1.48	1.37
1.76	1.56
1.82	2.12
2.74	2.97
3.83	4.49
7.25	8.7
13.08	14.92
21.14	29.39
41.35	57.83
94.3	113.45
185.21	204.4
368.06	446.92
626.1	868.2
1427.55	1603.46
2099.03	2376.48
2786.55	3083.07
2938.68	3217.38
4153.46	4573.89
4851.23	5349.87
4675.39	6145.56
6204.13	5742.59
0.55	0.5
0.61	0.64
0.98	0.81
1.39	1.28
1.17	1.52
1.06	1.2
1.26	1.59
1.72	1.49
1.98	2.08
1.76	2.62
2.79	3.66
3.9	5.91
6.26	9.83
10.85	19.47
19.56	33.35
35.7	71.95
65.48	119.09
162.08	223.78
250.55	411.29
560.14	561.8
482.46	767.58
758.37	991.78
718.62	1217.28
1056.78	1298.28
1460.13	1478.86
1072.78	1704.84
0.45	0.42
0.63	0.56
0.75	0.82
1.2	1.37
1.87	1.69
2.83	3.6
2.51	3.99
3.31	3.9
3.86	5.1
6.62	6.12
10.82	10.35
17.86	18.22
34.72	34.62
64.27	64.25
120.19	121.46
217.24	218.48
370.9	377.35
622.76	625.34
874.7	871.46
1115.01	1120.54
1363.06	1368.57
1576.05	1579.18
1781.34	1793.83
1988.95	1968.19
2198.91	2157.57
0.38	0.38
0.55	0.5
0.84	0.82
1.39	1.27
2.22	2.6
2.95	2.81
3.86	3.33
4.68	5.89
9.13	8.86
14.89	15.37
27.35	27.57
53.67	52.99
101.32	101.6
186.66	185.45
328.04	324.71
540.53	537.78
799.63	801.55
1208.65	1203.42
1591.35	1592.41
1984.59	1976.95
2356.33	2352.67
2735.67	2757.33
3173.46	3134.94
3494.68	3546.42
3852.22	3909.22
0.37	0.39
0.5	0.5
0.78	0.82
1.24	1.34
2.16	1.87
1.88	2.36
2.79	2.86
2.89	3.31
3.79	4.29
6.44	6.17
10.02	9.52
15.61	16.44
28.08	29.05
54.94	53.22
100.15	99.67
178.17	177.14
305.45	308.55
536.94	540.58
769.93	760.69
999.38	994.68
1238.8	1244.81
1459.85	1492.85
1672.07	1699.71
1867.36	1889.32
2066.06	2100.74
0.37	0.43
0.47	0.61
0.83	0.89
1.54	1.18
2.65	1.83
1.94	2.88
4.44	3.74
6.32	5.02
8.08	8.21
15.52	16.69
27.74	27.62
52.63	52.77
98.79	100.31
179.47	178.81
313.77	316.83
504.66	508.17
746.42	750.19
1142.03	1136.56
1518.12	1511.31
1878.44	1882.61
2261.33	2272.5
2632.19	2665.08
3016.53	3027.33
3331.23	3430.37
3636.38	3779.6
0.4	0.42
0.58	0.59
0.75	0.86
1.22	1.34
2.2	1.78
2.39	2.45
3.65	3.66
6.26	5.31
8.42	9.91
14.94	14.72
28.71	28.85
52.58	52.71
101.25	101.12
188.36	188.03
339.01	335.98
558.42	556.61
820.88	827.16
1215.7	1213.37
1594.19	1579.91
1956.93	1969.88
2332.0	2349.97
2761.94	2716.81
3107.07	3112.77
3485.81	3460.53
3798.51	3786.47
0.37	0.41
0.57	0.58
0.94	0.89
1.25	1.47
2.6	2.48
2.62	1.96
3.31	2.67
4.34	3.23
5.16	5.47
8.1	7.95
11.88	10.85
18.68	18.95
35.58	35.13
67.39	67.6
123.69	126.93
224.09	223.82
383.49	385.56
646.22	643.63
880.41	881.94
1122.03	1107.32
1342.63	1336.45
1564.35	1570.75
1813.84	1804.6
2036.25	2035.95
2273.95	2282.18
0.38	0.34
0.52	0.46
0.72	0.73
1.18	1.13
1.39	2.08
2.73	2.8
3.57	2.97
4.07	4.03
6.32	6.45
11.2	11.23
20.68	20.77
37.68	37.91
72.6	71.25
132.57	131.14
232.78	230.02
392.72	389.69
602.62	604.52
953.38	956.16
1291.02	1299.7
1632.28	1632.67
1960.18	1974.36
2302.36	2298.24
2645.92	2643.84
2958.04	2971.62
3261.4	3276.73
0.37	0.42
0.53	0.52
0.76	0.9
1.38	1.35
2.4	2.01
1.91	2.5
2.38	3.11
3.43	3.78
4.32	4.96
5.64	6.28
10.67	9.88
17.58	18.45
31.7	31.82
58.76	57.39
104.77	104.5
191.52	189.49
327.07	331.02
562.41	565.97
796.03	792.82
1014.86	1015.72
1255.29	1240.77
1483.83	1489.75
1707.87	1719.29
1929.73	1953.08
2133.13	2199.13
0.38	0.4
0.55	0.52
0.82	0.91
1.46	1.38
2.32	2.58
2.07	2.53
3.11	3.05
2.55	2.85
3.93	4.98
6.55	6.71
10.59	11.05
17.54	18.95
33.92	34.05
63.02	63.98
119.83	119.76
216.19	217.14
371.11	377.34
627.95	628.0
867.74	870.37
1097.8	1087.27
1319.28	1316.95
1554.23	1534.89
1794.46	1790.0
2027.78	2024.65
2243.11	2271.08
0.4	0.39
0.52	0.63
0.74	0.77
1.47	1.33
1.68	2.45
1.96	2.13
3.2	3.3
4.97	5.14
8.85	7.59
14.97	14.06
27.4	27.7
50.93	49.76
95.34	96.01
177.47	179.34
317.99	316.59
530.77	532.28
794.74	797.0
1177.54	1183.21
1548.21	1565.84
1929.52	1929.72
2297.13	2305.45
2649.93	2664.51
3027.45	3018.74
3361.96	3358.48
3697.99	3674.99
0.36	0.39
0.49	0.51
0.86	0.73
1.31	1.25
2.49	1.91
2.26	1.8
3.89	3.65
3.19	3.59
4.18	4.22
6.4	6.74
8.94	9.57
15.54	15.83
29.1	28.87
52.59	54.18
96.58	97.94
180.54	177.66
313.43	309.55
542.47	544.91
777.63	778.58
996.58	999.09
1217.61	1219.35
1428.86	1450.84
1673.17	1701.46
1907.03	1928.01
2115.83	2158.22
0.39	0.36
0.54	0.53
0.75	0.71
1.01	1.17
2.01	1.82
2.94	2.39
3.71	3.15
5.34	4.96
7.45	6.72
12.35	12.92
21.97	21.89
42.9	41.9
79.08	80.05
148.51	144.85
254.64	260.75
429.4	429.11
651.46	652.19
1003.65	996.6
1350.23	1354.48
1712.34	1691.36
2037.89	2044.51
2410.3	2396.75
2743.24	2761.72
3082.81	3084.73
3396.43	3414.31
0.38	0.43
0.54	0.52
0.88	0.84
1.27	1.38
2.24	2.27
2.86	2.79
4.21	3.42
4.96	5.13
9.53	8.59
15.91	15.47
29.08	27.89
51.66	52.72
99.0	100.48
185.52	184.21
331.0	328.37
548.2	549.11
821.48	812.94
1227.37	1222.28
1625.1	1626.64
2052.79	2011.42
2439.48	2445.49
2837.94	2839.18
3226.77	3255.75
3620.6	3660.68
3951.34	4059.09
0.41	0.42
0.63	0.59
0.79	0.82
1.38	1.32
2.48	2.05
3.11	2.45
3.08	2.48
3.12	4.8
4.5	4.41
7.27	7.5
11.3	10.65
19.9	21.0
34.48	35.38
68.5	69.49
126.81	120.55
223.88	226.12
385.5	383.21
634.47	637.07
879.63	884.5
1125.62	1121.82
1371.96	1352.22
1595.65	1573.25
1806.94	1769.34
2022.84	1982.61
2206.08	2181.83
0.31	0.36
0.5	0.45
0.74	0.75
1.08	1.13
1.74	1.81
2.62	2.61
3.75	2.9
4.23	3.96
6.55	6.54
10.97	11.69
20.88	20.89
37.65	37.65
71.93	73.02
128.69	130.56
233.71	233.81
391.13	396.93
607.26	603.15
965.25	973.69
1329.13	1323.96
1663.87	1663.57
2020.9	2039.11
2365.85	2378.29
2709.34	2766.59
3064.24	3123.7
3374.16	3482.36
0.36	0.39
0.52	0.53
0.77	0.74
1.14	1.3
1.75	1.91
2.68	1.92
2.6	2.5
2.81	3.31
3.98	4.07
6.16	6.79
8.93	9.66
16.64	16.2
28.48	28.33
53.66	53.67
95.95	97.38
178.02	173.72
309.45	306.53
534.51	534.37
765.95	768.52
992.05	987.32
1222.72	1221.77
1444.38	1464.79
1649.82	1670.73
1876.37	1869.83
2071.1	2068.99
0.3	0.33
0.3	0.29
0.35	0.33
0.3	0.3
0.37	0.32
0.37	0.37
0.37	0.41
0.47	0.45
0.42	0.49
0.5	0.6
0.67	0.61
0.89	0.85
1.13	1.11
2.01	1.81
2.69	2.84
5.3	4.78
8.3	7.93
16.21	14.7
28.34	27.54
46.87	49.37
107.0	95.47
204.87	187.08
288.94	274.35
365.36	361.31
468.91	445.98
555.39	530.98
610.26	620.68
694.56	710.25
823.49	802.65
0.29	0.28
0.29	0.3
0.36	0.33
0.34	0.31
0.32	0.3
0.35	0.32
0.33	0.39
0.42	0.42
0.55	0.6
0.69	0.7
1.03	1.01
1.64	2.03
2.96	3.36
5.54	6.91
10.4	12.87
20.02	26.11
40.05	52.54
66.05	105.94
159.66	211.69
316.03	417.21
735.2	828.18
1025.99	1631.37
2166.39	2433.96
2404.1	3161.77
2443.99	3888.23
3503.78	4607.8
4107.92	5406.85
3908.28	6208.37
5325.71	7008.09
0.24	0.25
0.27	0.22
0.22	0.24
0.28	0.27
0.23	0.27
0.35	0.28
0.34	0.29
0.38	0.3
0.46	0.4
0.52	0.53
0.65	0.66
0.87	0.97
1.26	1.42
2.05	2.3
2.83	3.3
5.48	6.19
7.92	9.61
15.39	19.48
27.35	38.41
53.61	67.54
102.8	166.81
190.09	257.62
278.58	370.15
365.76	471.95
427.76	674.99
542.5	703.48
618.41	803.06
667.84	895.5
818.13	1052.44
0.3	0.26
0.28	0.23
0.29	0.32
0.32	0.28
0.33	0.29
0.39	0.35
0.33	0.38
0.41	0.39
0.57	0.55
0.64	0.7
0.91	1.07
1.62	1.97
2.67	3.87
5.6	6.82
8.84	15.09
20.63	28.6
41.34	58.6
94.66	119.31
139.7	228.33
324.65	470.79
641.63	900.78
1062.69	1832.28
1880.95	2637.09
2827.13	3468.79
3009.41	4163.38
4134.08	4934.45
3510.31	5848.05
4781.3	6644.27
6267.25	7519.9
0.27	0.26
0.28	0.21
0.36	0.32
0.31	0.36
0.3	0.27
0.33	0.33
0.41	0.37
0.35	0.36
0.35	0.4
0.7	0.58
0.75	0.71
1.14	0.93
1.56	1.56
2.85	2.83
5.28	4.37
9.0	8.67
16.19	15.96
31.61	30.83
60.83	60.91
123.39	119.94
234.2	236.21
477.12	457.88
694.37	678.19
894.91	903.2
1087.07	1124.05
1334.32	1342.16
1586.73	1560.72
1856.5	1784.49
2044.88	2009.07
0.29	0.27
0.32	0.24
0.26	0.28
0.26	0.26
0.26	0.33
0.35	0.29
0.32	0.32
0.33	0.52
0.51	0.53
0.73	0.88
1.01	1.06
1.78	2.12
2.29	2.53
3.41	4.85
6.96	10.02
19.31	21.44
25.38	42.39
63.37	85.35
124.86	169.7
249.3	335.76
498.49	670.27
967.63	1300.07
1427.1	1911.56
1873.36	2519.91
2319.99	3132.92
2765.4	3727.06
3817.29	4322.12
2946.62	4933.15
3303.34	5533.22
0.26	0.24
0.25	0.25
0.28	0.25
0.24	0.23
0.24	0.27
0.3	0.32
0.3	0.32
0.32	0.35
0.36	0.38
0.53	0.52
0.62	0.66
1.0	1.0
1.5	1.74
2.67	2.84
4.48	4.79
8.63	9.71
16.16	19.37
33.24	39.83
55.41	72.23
110.12	144.76
228.25	263.73
422.2	470.17
678.46	707.8
860.5	961.05
1020.78	1141.14
1271.49	1404.16
1475.92	1584.05
1753.31	1820.51
1943.38	2071.92
0.25	0.25
0.23	0.28
0.3	0.25
0.3	0.27
0.26	0.27
0.25	0.29
0.32	0.34
0.41	0.42
0.56	0.56
0.72	0.8
0.9	1.35
1.92	2.29
3.73	3.12
4.3	6.69
8.08	10.85
19.04	24.3
27.37	49.51
76.03	97.86
128.43	194.04
215.3	363.92
599.51	741.89
1159.37	1492.06
1457.38	2063.41
1911.24	2739.71
2357.2	3480.31
2800.47	4079.39
3228.43	4610.34
3620.45	5297.79
3275.96	5835.94
0.27	0.27
0.28	0.28
0.33	0.26
0.27	0.34
0.31	0.25
0.29	0.31
0.33	0.31
0.41	0.43
0.46	0.54
0.72	0.55
0.94	0.93
1.3	1.62
1.86	3.28
4.04	6.08
8.14	9.75
13.41	19.59
44.59	43.44
61.89	84.43
123.07	165.43
291.51	328.22
486.34	657.99
763.96	1274.52
1403.07	1896.02
2212.31	2512.77
1872.88	3132.58
3303.37	3747.35
3229.23	4360.21
3684.24	4980.69
4925.89	5583.05
0.27	0.26
0.24	0.27
0.3	0.29
0.3	0.28
0.31	0.34
0.34	0.36
0.4	0.31
0.37	0.4
0.36	0.45
0.57	0.53
0.62	0.72
1.12	1.07
1.67	1.51
3.05	2.86
4.65	4.19
8.2	8.42
16.46	16.06
31.19	31.17
61.1	60.22
122.43	116.52
242.64	234.3
455.05	459.56
702.98	674.43
907.49	888.76
1124.51	1104.4
1336.09	1316.61
1545.07	1516.28
1716.89	1734.59
1980.43	1949.73
0.23	0.23
0.24	0.27
0.25	0.22
0.24	0.25
0.29	0.24
0.29	0.27
0.33	0.31
0.32	0.32
0.48	0.52
0.58	0.67
0.96	0.93
1.35	1.78
1.61	3.16
3.98	4.5
8.91	8.14
13.98	18.44
23.92	41.94
46.25	81.91
91.03	169.03
174.31	336.78
430.68	667.17
678.88	1244.15
1242.85	1830.06
1309.15	2474.27
2450.59	3000.62
2462.92	3660.11
3393.36	4186.92
3888.9	4828.16
2963.54	5424.63
0.25	0.23
0.28	0.22
0.29	0.28
0.28	0.29
0.28	0.26
0.29	0.27
0.35	0.35
0.36	0.34
0.42	0.34
0.6	0.57
0.7	0.78
1.1	1.19
1.42	1.71
2.67	3.17
4.78	5.0
8.85	9.59
15.4	18.48
31.62	35.9
59.13	66.0
115.62	139.67
255.01	251.29
441.07	500.84
711.19	746.7
857.02	957.35
1092.0	1236.08
1336.46	1434.13
1485.12	1666.92
1686.36	1885.04
2023.28	2125.19
0.3	0.23
0.25	0.27
0.27	0.24
0.28	0.28
0.27	0.27
0.29	0.28
0.38	0.31
0.4	0.39
0.47	0.43
0.58	0.7
0.99	0.9
1.37	1.77
2.54	3.42
5.31	6.36
10.49	11.88
18.4	23.92
30.75	49.19
61.02	97.25
145.88	194.34
241.16	385.57
582.88	770.8
1141.37	1501.44
1974.97	2221.67
2237.73	2944.78
2788.44	3669.0
3901.93	4394.44
3212.29	5114.22
4428.95	5835.19
4125.55	6560.95
0.27	0.25
0.29	0.27
0.23	0.33
0.25	0.24
0.38	0.25
0.32	0.33
0.32	0.33
0.48	0.4
0.33	0.47
0.48	0.52
0.6	0.62
0.81	0.8
1.07	1.09
1.81	1.71
2.54	2.68
5.17	4.64
7.86	8.13
13.99	14.66
28.67	26.68
53.65	49.77
99.74	95.8
204.4	185.89
288.06	274.21
379.2	356.95
466.0	444.57
592.46	532.47
644.98	619.32
741.33	710.75
822.16	800.87
0.24	0.23
0.21	0.22
0.22	0.27
0.26	0.25
0.25	0.24
0.27	0.25
0.3	0.31
0.31	0.37
0.43	0.39
0.69	0.64
0.82	0.96
1.08	1.58
2.47	3.12
4.21	5.74
8.07	11.99
14.2	24.99
38.68	49.52
80.34	98.61
137.98	203.11
232.04	390.39
461.74	772.28
880.35	1529.62
1540.12	2231.06
2049.04	2914.88
3420.56	3702.61
3049.15	4300.87
4186.4	5006.47
3365.84	5767.49
3787.95	6439.36
0.22	0.26
0.28	0.27
0.29	0.22
0.3	0.25
0.28	0.24
0.3	0.23
0.34	0.41
0.3	0.41
0.34	0.49
0.55	0.61
0.71	0.65
1.15	0.94
1.08	1.47
1.92	2.12
2.85	3.39
5.47	6.02
8.96	10.35
16.33	19.99
28.93	37.45
51.68	67.07
127.57	121.4
203.41	301.29
269.78	399.87
371.19	489.36
437.8	606.91
493.73	657.98
607.43	782.56
707.72	939.22
800.71	1064.15
0.28	0.28
0.34	0.32
0.42	0.51
0.64	0.68
0.98	1.07
1.32	1.99
2.84	2.96
4.03	3.17
4.23	4.39
5.59	6.72
8.79	8.66
14.58	15.4
23.76	24.57
40.84	43.17
68.01	68.91
107.57	109.92
143.52	144.61
200.31	195.66
301.24	307.98
519.05	515.55
741.49	733.5
942.86	949.36
1153.39	1168.5
1369.89	1379.42
1591.55	1583.97
1786.79	1779.48
1942.45	1935.16
0.26	0.24
0.32	0.34
0.43	0.41
0.66	0.61
1.1	1.06
1.87	1.98
3.03	2.77
3.67	4.1
3.12	5.51
7.34	4.75
9.89	9.28
15.42	16.2
26.49	27.43
48.98	47.36
81.03	82.54
128.59	126.09
188.25	186.41
283.32	282.04
474.36	472.69
837.39	879.12
1221.47	1277.39
1611.93	1642.26
1973.68	2022.37
2325.78	2370.57
2661.33	2721.21
3007.2	3049.19
3302.28	3379.99
0.25	0.27
0.3	0.32
0.38	0.43
0.56	0.62
0.97	0.96
1.73	1.76
2.77	2.62
2.96	4.46
3.66	3.31
4.54	3.39
7.25	7.72
11.46	11.05
18.77	21.34
32.66	32.4
54.27	55.04
82.93	85.47
113.37	114.74
173.52	168.34
267.81	262.91
459.03	468.78
666.75	649.27
863.82	862.1
1084.95	1066.45
1280.34	1260.0
1460.1	1457.48
1673.81	1657.88
1860.01	1816.29
0.23	0.26
0.33	0.31
0.39	0.39
0.62	0.58
0.97	1.01
1.53	1.42
2.61	2.23
2.8	3.63
4.32	3.66
5.38	5.28
7.68	7.95
13.42	12.57
22.62	22.37
37.67	37.75
62.39	62.73
103.56	101.51
154.22	152.92
240.49	243.79
414.84	416.62
747.79	801.13
1099.48	1170.05
1432.47	1491.86
1786.62	1806.55
2068.54	2150.5
2386.87	2446.52
2688.79	2780.23
2961.57	3051.77
0.32	0.3
0.33	0.34
0.5	0.45
0.72	0.7
1.11	1.13
1.87	2.23
3.54	2.59
4.46	3.71
4.33	4.7
6.62	6.76
10.45	10.16
16.83	15.55
26.54	28.25
49.61	48.93
82.6	80.79
128.19	129.53
181.15	181.49
271.95	274.74
443.66	440.53
768.44	774.5
1098.2	1113.58
1440.33	1443.85
1771.96	1778.43
2114.63	2109.93
2450.91	2467.05
2764.44	2787.05
3095.33	3071.93
0.3	0.31
0.36	0.37
0.49	0.48
0.71	0.67
1.19	1.16
1.83	1.82
3.74	2.84
4.65	3.87
5.03	4.35
5.54	6.29
10.22	9.54
16.11	14.11
27.53	25.86
45.44	43.55
72.81	74.0
111.38	112.89
149.9	153.66
213.02	211.55
325.27	324.58
571.87	592.86
862.04	864.6
1084.98	1104.98
1302.46	1317.05
1513.92	1530.37
1742.36	1743.73
1922.78	1951.19
2102.38	2128.76
0.25	0.29
0.31	0.28
0.41	0.41
0.55	0.57
0.97	0.94
1.69	1.68
3.0	2.49
3.6	3.1
3.48	3.16
4.8	5.22
8.52	8.22
11.31	11.77
20.37	21.78
35.62	36.57
60.37	60.29
95.38	96.22
144.11	142.99
216.1	219.9
373.72	367.28
661.09	660.1
968.42	952.22
1253.16	1256.02
1562.32	1558.99
1863.43	1881.61
2151.48	2173.67
2464.36	2436.88
2720.85	2727.16
0.28	0.27
0.32	0.29
0.44	0.41
0.65	0.73
1.06	1.11
2.08	2.16
2.62	3.94
4.03	5.06
5.58	3.97
6.75	6.31
8.15	9.5
14.42	16.29
23.69	23.99
42.18	41.67
69.34	69.27
106.6	103.02
140.11	135.78
197.88	199.58
310.47	313.74
558.29	589.67
829.28	844.28
1023.69	1053.93
1233.09	1254.09
1421.41	1441.66
1600.99	1627.44
1770.69	1799.18
1914.38	1981.09
0.26	0.33
0.33	0.3
0.41	0.41
0.67	0.63
1.18	1.01
1.67	1.92
3.24	3.21
2.8	4.42
4.87	3.73
4.95	4.42
8.85	7.69
13.47	14.18
23.3	25.39
42.83	41.07
70.45	68.34
105.8	108.49
146.14	145.1
203.32	203.23
316.61	312.61
539.35	568.06
789.52	824.97
1002.22	1036.71
1231.16	1260.62
1444.48	1470.94
1655.05	1699.06
1836.54	1869.49
2009.35	2059.03
0.29	0.26
0.33	0.32
0.46	0.39
0.65	0.65
1.0	1.09
1.59	1.98
3.48	3.66
2.46	4.15
5.11	4.96
6.24	6.46
10.13	10.72
16.68	14.41
26.98	25.35
44.78	46.94
77.08	76.91
120.94	122.9
175.5	178.35
263.25	260.08
433.0	435.25
761.1	761.78
1091.27	1097.75
1443.69	1453.63
1769.63	1771.69
2095.17	2107.43
2428.2	2462.21
2761.56	2763.66
3068.9	3065.45
0.25	0.26
0.29	0.27
0.41	0.37
0.56	0.57
0.93	0.92
1.74	1.66
2.87	2.64
2.94	2.34
3.94	3.29
4.75	3.94
7.5	7.48
10.32	10.84
19.02	18.31
32.79	32.24
52.66	54.42
84.58	83.49
114.78	117.16
168.02	169.08
270.17	273.34
478.61	514.14
703.3	740.55
907.58	938.55
1096.93	1143.41
1297.63	1357.07
1469.28	1504.74
1687.32	1697.08
1817.96	1865.25
0.26	0.28
0.3	0.3
0.4	0.38
0.6	0.57
0.97	0.92
1.64	1.68
2.63	2.04
2.9	1.89
3.91	2.5
5.29	5.31
6.62	7.01
12.09	13.43
20.36	22.58
37.1	35.39
61.49	61.59
98.56	95.11
144.0	143.55
224.13	216.45
370.97	381.95
669.47	670.81
973.92	966.14
1279.35	1266.92
1561.59	1574.57
1877.55	1878.23
2157.57	2177.49
2459.92	2447.37
2755.75	2725.57
0.32	0.28
0.38	0.29
0.46	0.37
0.64	0.67
1.18	1.14
1.54	1.92
2.87	3.3
4.07	3.65
3.46	4.54
5.44	4.71
8.81	9.05
15.21	15.2
28.04	28.04
49.18	48.2
82.01	79.9
127.6	127.07
178.82	182.79
272.38	275.02
449.03	454.71
803.31	836.65
1165.21	1199.28
1506.34	1564.76
1863.57	1900.57
2179.24	2254.52
2534.9	2591.57
2867.97	2908.99
3153.05	3201.28
0.25	0.27
0.32	0.29
0.51	0.45
0.65	0.63
0.98	1.09
1.61	1.99
2.7	3.82
3.33	4.46
3.62	3.84
4.67	6.03
9.51	9.16
14.35	13.83
24.89	25.07
42.35	43.89
71.17	72.82
108.52	109.07
149.34	148.52
206.79	206.48
309.72	310.56
514.9	516.93
739.4	738.64
956.46	947.34
1185.63	1173.43
1380.48	1376.85
1596.73	1602.06
1796.42	1780.9
1961.11	1983.25
0.27	0.26
0.29	0.28
0.39	0.4
0.63	0.58
0.96	0.96
1.33	1.65
1.92	3.19
3.63	3.41
5.02	4.05
3.93	4.7
7.75	7.02
12.9	12.53
20.12	21.57
36.98	37.0
61.75	59.41
96.04	96.58
142.78	140.15
224.28	224.68
380.95	385.07
694.86	719.3
1015.93	1054.06
1343.38	1369.56
1613.55	1661.73
1900.97	1959.73
2228.24	2243.2
2476.58	2573.89
2750.78	2800.13
0.26	0.25
0.3	0.32
0.43	0.49
0.68	0.63
1.03	1.19
1.68	1.78
2.56	3.05
3.34	2.63
5.17	5.62
4.49	4.79
8.27	8.06
13.18	12.95
23.01	21.99
39.75	37.49
63.65	62.86
95.65	96.94
131.18	132.36
180.63	178.74
281.24	283.83
483.18	474.12
688.6	689.58
883.6	885.64
1097.81	1090.07
1295.93	1296.4
1511.79	1516.28
1688.24	1671.88
1876.21	1854.34
0.4	0.42
0.65	0.59
1.06	1.02
1.7	2.02
3.24	3.44
5.93	5.37
11.08	9.24
10.82	7.73
12.26	9.86
19.05	12.67
29.2	24.92
44.29	44.62
74.46	78.87
147.53	148.2
267.39	269.43
491.29	493.7
871.1	866.18
1334.24	1337.05
1778.21	1781.01
2480.87	2481.4
3115.2	3144.14
3763.22	3782.44
4394.05	4346.62
4949.04	4852.23
5508.14	5326.71
6034.4	5771.09
6521.84	6207.41
0.45	0.51
0.55	0.55
1.06	0.98
1.6	1.91
3.52	3.38
4.9	6.54
9.31	5.26
13.09	11.97
17.69	15.51
40.67	22.58
81.75	40.42
248.04	70.16
645.43	131.93
1300.3	255.79
2620.82	467.37
4770.59	840.68
7895.5	1433.0
10595.92	2143.11
11495.46	2715.83
13069.52	3641.26
14339.11	4386.85
15372.98	5156.64
16559.59	6038.63
17648.12	6935.01
18557.64	7844.75
19508.71	8817.84
20126.67	9637.58
0.37	0.34
0.52	0.51
0.83	0.88
1.28	1.41
2.74	2.46
4.29	5.01
8.45	8.81
8.7	10.26
9.14	14.68
10.74	13.93
21.47	19.05
31.46	34.3
59.47	58.22
117.83	107.28
209.13	216.05
383.46	383.61
673.2	669.58
1040.3	1033.47
1412.75	1406.34
2022.76	2016.94
2629.94	2677.52
3243.58	3360.97
3842.38	3948.97
4429.36	4488.11
4955.82	5028.98
5514.64	5496.28
5930.54	5894.22
0.34	0.39
0.56	0.65
0.86	1.07
1.69	1.59
3.18	3.09
3.84	6.16
10.28	7.3
13.2	11.86
20.04	12.48
47.29	25.33
106.25	37.77
248.5	68.56
683.21	128.87
1287.38	235.0
2522.62	446.98
4528.01	792.78
7409.96	1338.98
9950.11	1967.31
11180.9	2479.05
12671.88	3385.72
13866.5	4145.37
14946.35	4899.73
15983.87	5725.52
17012.69	6607.76
18304.66	7597.95
19205.48	8594.58
19820.95	9488.92
0.34	0.39
0.51	0.5
0.79	0.83
1.26	1.31
2.52	2.48
3.73	4.14
6.0	9.5
10.63	8.19
13.95	7.77
34.23	15.29
113.42	30.49
267.76	49.69
511.06	94.61
1039.75	169.13
1962.92	321.0
3580.18	563.01
5894.56	949.75
7876.35	1448.71
8711.65	1926.1
9920.39	2654.45
10997.51	3369.39
12069.98	4271.23
13039.57	5144.3
13783.91	5945.29
14757.09	6643.87
15420.64	7292.31
15972.45	7843.11
0.36	0.52
0.69	0.58
1.08	0.97
1.74	1.7
2.84	2.92
5.9	6.19
8.91	5.49
9.29	7.47
8.76	13.07
17.37	19.93
23.98	25.12
47.96	41.41
74.23	81.3
147.75	146.68
269.88	263.37
501.59	504.54
851.33	870.64
1311.01	1315.53
1719.46	1700.29
2372.16	2345.16
2941.71	2915.94
3525.19	3477.34
4152.02	4064.53
4759.6	4664.35
5368.24	5315.97
6002.88	5951.88
6702.98	6665.19
