0.6	0.56	1
0.75	0.71	1
1.13	1.1	1
0.85	1.06	1
1.7	1.1	1
1.71	1.25	1
1.65	1.52	1
1.8	1.76	1
1.76	1.9	1
2.17	2.64	1
2.53	3.15	1
4.05	5.05	1
6.18	9.34	1
10.09	12.66	1
18.88	23.01	1
34.8	50.29	1
65.22	81.66	1
131.14	224.18	1
245.61	439.87	1
496.84	365.35	1
498.73	730.73	1
601.59	596.47	1
716.76	1270.32	1
830.14	1051.73	1
945.45	1447.91	1
1066.92	1628.35	1
0.52	0.58	1
0.71	0.93	1
1.08	1.05	1
1.26	1.28	1
1.54	1.34	1
1.6	1.31	1
1.76	1.8	1
2.25	2.27	1
2.6	3.02	1
4.48	4.6	1
8.4	7.01	1
14.44	11.82	1
23.11	21.95	1
54.5	38.31	1
90.53	89.98	1
205.33	116.06	1
412.45	290.32	1
817.69	455.94	1
1604.78	1122.79	1
2394.55	2026.43	1
3218.21	1782.45	1
4048.25	3445.28	1
4913.31	3451.44	1
5742.82	4896.5	1
6585.67	4639.73	1
7426.82	4131.33	1
0.52	0.53	1
0.72	0.67	1
0.82	0.83	1
0.88	1.23	1
1.17	1.29	1
1.45	1.58	1
1.41	1.43	1
1.95	1.56	1
1.92	2.01	1
2.01	2.35	1
2.73	3.79	1
3.86	5.13	1
6.64	10.42	1
11.38	13.8	1
19.17	34.56	1
36.23	45.46	1
66.82	101.83	1
163.31	164.81	1
249.15	369.08	1
369.76	460.8	1
484.22	866.11	1
598.42	755.49	1
721.77	1264.1	1
858.81	1309.93	1
949.5	1456.42	1
1066.96	1383.03	1
0.56	0.55	1
0.83	0.84	1
1.23	1.09	1
1.21	1.2	1
1.34	1.35	1
1.63	1.72	1
1.77	1.99	1
2.08	2.14	1
2.81	3.73	1
4.08	4.85	1
7.63	8.73	1
14.3	12.26	1
28.46	20.65	1
54.4	41.07	1
104.81	75.37	1
206.84	149.08	1
412.12	296.9	1
819.17	467.67	1
1601.51	1147.47	1
2370.78	1341.99	1
3195.78	1798.08	1
3474.82	2870.17	1
4890.24	3479.02	1
5745.53	4058.87	1
6626.4	5617.36	1
7412.06	7399.7	1
0.57	0.6	2
0.87	1.19	2
1.23	1.04	2
1.38	1.47	2
1.49	1.43	2
1.44	1.78	2
1.53	1.98	2
1.59	1.93	2
2.34	2.44	2
3.02	2.97	2
4.46	4.75	2
6.12	7.51	2
11.18	12.61	2
19.23	21.29	2
36.09	47.65	2
68.64	77.97	2
135.92	180.94	2
299.11	359.08	2
521.24	518.27	2
765.12	951.0	2
1014.35	1247.86	2
1413.36	1406.84	2
1507.46	1504.81	2
1739.42	1947.97	2
2030.69	2464.58	2
2223.87	2746.7	2
0.51	0.59	2
0.7	0.9	2
0.92	1.04	2
1.02	1.34	2
1.15	1.55	2
1.41	1.79	2
1.81	1.67	2
2.1	2.38	2
2.47	2.87	2
4.04	4.29	2
7.5	6.18	2
12.85	12.17	2
25.29	20.86	2
40.06	27.27	2
91.87	51.28	2
181.01	152.48	2
355.76	245.71	2
708.84	487.21	2
1371.79	730.84	2
2033.32	1399.08	2
2699.51	1856.01	2
3350.96	2301.25	2
4002.52	2120.59	2
4656.41	3201.49	2
5314.97	4478.63	2
5957.61	4094.83	2
0.53	0.54	2
0.76	0.78	2
0.87	0.94	2
1.33	1.39	2
1.14	1.31	2
1.62	1.37	2
1.49	1.59	2
1.71	2.02	2
1.98	2.15	2
2.63	3.29	2
3.9	5.01	2
6.82	7.24	2
10.05	13.07	2
18.64	24.98	2
34.34	46.96	2
65.83	73.16	2
147.61	141.8	2
252.3	343.83	2
484.2	599.68	2
716.67	816.06	2
1100.52	1182.84	2
1398.53	1759.52	2
1439.33	1429.41	2
1646.26	2053.18	2
1874.72	2339.93	2
2164.63	2760.79	2
0.52	0.6	2
0.76	0.82	2
1.01	0.94	2
1.33	1.44	2
1.19	1.3	2
1.39	1.41	2
2.06	1.63	2
2.42	2.27	2
2.97	3.23	2
3.97	4.59	2
7.13	4.96	2
13.32	11.1	2
25.07	15.37	2
46.18	35.55	2
76.88	78.83	2
179.26	153.43	2
356.12	198.43	2
707.43	606.15	2
1386.47	968.69	2
2037.75	1728.0	2
2702.97	1879.14	2
3349.21	2340.57	2
3997.27	2802.71	2
4628.46	3221.49	2
5221.98	3620.92	2
5826.62	5835.92	2
0.54	0.68	3
0.69	0.74	3
0.76	0.91	3
0.92	1.15	3
1.38	1.17	3
1.61	1.4	3
1.57	1.6	3
1.57	1.82	3
2.53	2.27	3
3.97	3.71	3
7.01	6.89	3
12.34	11.92	3
23.45	13.21	3
44.81	31.32	3
87.52	59.78	3
173.65	145.45	3
343.73	235.1	3
678.83	355.87	3
1315.23	1099.33	3
1957.58	1330.12	3
2571.54	1759.01	3
3199.83	1666.29	3
3826.6	1991.67	3
4633.12	3177.41	3
4485.43	4453.99	3
5956.57	4075.41	3
0.65	0.59	3
1.05	0.78	3
1.07	1.24	3
1.53	1.47	3
1.28	1.59	3
1.38	1.31	3
1.64	1.87	3
1.83	1.61	3
2.5	2.67	3
2.83	3.05	3
4.48	4.44	3
6.09	6.52	3
10.91	12.46	3
19.01	21.73	3
40.56	43.31	3
71.51	77.42	3
139.5	166.58	3
267.9	359.12	3
583.28	643.05	3
783.64	945.55	3
1020.79	1261.58	3
1304.53	1564.83	3
1565.13	1912.17	3
1815.34	2232.22	3
2087.0	2309.47	3
2378.13	2867.14	3
0.48	0.49	3
0.68	0.7	3
0.98	0.92	3
1.05	0.9	3
1.14	1.42	3
1.56	1.22	3
1.62	2.02	3
1.83	1.86	3
2.3	2.3	3
3.72	4.34	3
6.22	6.88	3
11.22	9.45	3
21.47	16.23	3
41.36	35.63	3
80.0	80.35	3
157.23	108.79	3
310.22	260.7	3
616.01	422.14	3
1199.86	1004.66	3
1780.42	1215.35	3
2368.14	1226.95	3
2964.85	1993.1	3
3526.22	2402.86	3
4096.28	2119.55	3
4674.74	3163.89	3
5289.89	5260.54	3
0.45	0.5	3
0.72	0.68	3
0.9	1.12	3
1.16	1.22	3
1.29	1.34	3
1.38	1.61	3
1.52	1.92	3
1.68	1.72	3
2.13	2.02	3
2.85	3.34	3
3.75	4.67	3
5.81	6.73	3
11.0	13.78	3
18.32	21.74	3
33.84	37.57	3
64.98	66.07	3
148.53	184.68	3
248.82	303.44	3
482.06	599.97	3
712.11	890.87	3
966.73	1181.51	3
1199.02	1472.65	3
1408.41	1776.41	3
1640.85	2060.71	3
1890.8	2620.7	3
2100.83	2620.5	3
0.69	0.53	4
0.81	0.79	4
1.11	0.97	4
1.3	1.28	4
1.18	1.44	4
1.37	1.3	4
1.46	1.67	4
2.11	2.12	4
3.12	3.07	4
4.47	5.2	4
7.56	6.68	4
14.71	11.6	4
27.33	19.79	4
55.09	47.4	4
91.89	92.0	4
149.04	150.3	4
419.27	233.44	4
840.92	587.01	4
1376.62	902.4	4
2401.5	1336.98	4
3177.78	2711.24	4
3949.02	2779.51	4
4723.07	4026.38	4
5536.54	4684.69	4
6268.01	3489.22	4
7051.06	6003.7	4
0.5	0.6	4
0.78	0.78	4
0.97	1.07	4
1.31	1.24	4
1.19	1.15	4
0.98	1.75	4
1.79	1.48	4
1.54	1.77	4
2.07	2.04	4
2.57	2.58	4
2.73	3.44	4
4.22	4.79	4
6.6	6.74	4
12.91	12.64	4
19.12	27.29	4
33.79	58.46	4
65.53	97.45	4
127.38	191.82	4
251.57	376.18	4
366.18	548.89	4
480.4	853.08	4
756.11	1076.24	4
716.78	1081.99	4
834.13	1280.55	4
991.31	1447.15	4
1066.42	1629.23	4
0.56	0.54	4
0.76	0.75	4
0.82	1.07	4
1.17	1.2	4
1.27	1.21	4
1.34	1.38	4
1.63	1.66	4
2.24	1.96	4
2.57	2.6	4
3.91	4.24	4
7.26	5.28	4
13.06	11.35	4
24.25	16.04	4
48.41	28.41	4
93.89	67.61	4
185.59	186.9	4
369.37	260.94	4
734.89	729.56	4
1414.61	993.03	4
2105.98	1476.46	4
2378.29	2786.45	4
3481.18	2423.33	4
3557.14	2243.26	4
4102.1	3364.76	4
4680.3	4677.67	4
6209.74	4302.58	4
0.48	0.49	4
0.7	0.62	4
0.91	1.06	4
1.02	1.11	4
1.3	1.19	4
1.19	1.68	4
1.54	1.36	4
1.47	1.53	4
1.9	2.05	4
2.22	2.73	4
3.0	3.73	4
4.18	5.53	4
6.66	8.92	4
11.23	16.46	4
18.93	34.21	4
47.06	61.43	4
68.63	109.33	4
128.17	189.65	4
249.28	383.64	4
474.72	367.64	4
484.83	728.86	4
602.05	752.79	4
708.55	720.81	4
832.75	1290.61	4
976.59	1192.25	4
1066.42	1881.27	4
0.38	0.39	5
0.56	0.58	5
0.85	0.87	5
1.5	1.3	5
2.57	2.25	5
2.28	2.14	5
2.16	3.04	5
4.21	4.32	5
5.03	4.78	5
6.18	6.18	5
10.74	10.92	5
19.11	18.23	5
34.28	32.81	5
64.54	64.47	5
121.23	120.72	5
219.81	215.52	5
374.83	370.86	5
633.06	625.51	5
872.96	874.45	5
1121.98	1108.57	5
1358.93	1353.97	5
1574.87	1584.09	5
1782.58	1813.28	5
1996.97	2049.77	5
2180.8	2238.88	5
0.41	0.42	5
0.55	0.53	5
0.83	0.85	5
1.4	1.25	5
1.69	2.2	5
2.16	3.73	5
3.99	3.58	5
5.26	5.72	5
8.81	8.54	5
15.15	16.22	5
28.62	27.63	5
52.53	52.74	5
100.56	99.99	5
183.42	186.67	5
326.96	326.4	5
541.32	538.69	5
791.32	798.98	5
1207.93	1211.06	5
1593.54	1589.8	5
1981.02	1973.7	5
2374.15	2336.51	5
2773.33	2709.47	5
3173.29	3063.0	5
3574.47	3407.59	5
3948.8	3764.17	5
0.38	0.38	5
0.47	0.5	5
0.85	0.77	5
1.32	1.32	5
2.05	2.1	5
2.97	2.57	5
2.91	2.24	5
3.71	2.84	5
4.49	4.25	5
6.48	6.77	5
9.15	9.26	5
17.71	16.41	5
28.97	29.17	5
54.86	53.37	5
97.84	98.8	5
176.23	179.15	5
306.34	307.43	5
543.18	540.79	5
767.31	775.28	5
1004.49	990.12	5
1234.97	1235.54	5
1466.31	1450.75	5
1663.01	1682.44	5
1876.81	1891.1	5
2087.5	2116.16	5
0.4	0.39	5
0.44	0.57	5
0.83	0.86	5
1.39	1.2	5
2.14	2.29	5
3.79	2.93	5
4.17	4.47	5
5.36	5.24	5
9.24	9.38	5
15.8	14.53	5
28.34	28.66	5
51.82	53.21	5
98.48	99.23	5
181.66	180.29	5
314.28	319.26	5
505.3	508.72	5
749.34	748.51	5
1142.57	1137.27	5
1525.2	1518.28	5
1888.89	1872.8	5
2278.8	2235.15	5
2670.1	2596.42	5
3022.72	2923.06	5
3425.95	3238.24	5
3745.63	3557.88	5
0.42	0.38	6
0.52	0.56	6
0.85	0.89	6
1.56	1.36	6
2.34	2.66	6
3.0	2.89	6
3.53	3.75	6
4.43	5.18	6
8.62	9.09	6
15.19	15.74	6
28.33	28.11	6
53.71	53.92	6
99.82	101.32	6
188.11	186.57	6
333.68	335.68	6
557.24	557.03	6
813.32	825.72	6
1217.64	1217.57	6
1593.83	1581.17	6
1970.1	1960.33	6
2326.98	2337.37	6
2751.93	2751.19	6
3110.93	3124.02	6
3468.11	3475.52	6
3803.6	3848.03	6
0.42	0.43	6
0.54	0.56	6
0.87	0.83	6
1.55	1.53	6
2.81	2.28	6
3.99	3.48	6
2.64	3.27	6
3.93	4.83	6
4.06	4.99	6
7.4	6.57	6
10.39	12.29	6
18.55	18.65	6
36.82	35.8	6
66.87	66.84	6
126.02	124.75	6
223.05	224.01	6
381.53	386.78	6
646.93	634.38	6
884.18	886.08	6
1112.43	1123.71	6
1334.28	1344.21	6
1574.58	1579.48	6
1792.64	1822.68	6
2036.36	2040.79	6
2278.51	2285.89	6
0.34	0.37	6
0.49	0.48	6
0.69	0.76	6
1.17	1.09	6
1.9	2.11	6
2.9	2.5	6
4.03	3.93	6
4.53	4.52	6
6.78	6.84	6
11.38	11.39	6
19.45	20.56	6
38.11	38.35	6
72.39	70.59	6
131.88	127.8	6
234.98	236.75	6
391.21	392.55	6
604.88	605.46	6
947.17	947.77	6
1288.03	1300.3	6
1648.48	1626.59	6
1966.5	1969.34	6
2308.49	2302.34	6
2643.24	2642.82	6
2964.6	2983.28	6
3279.67	3283.37	6
0.4	0.42	6
0.48	0.55	6
0.8	0.75	6
1.14	1.46	6
2.41	1.8	6
2.82	2.46	6
2.85	2.5	6
3.13	4.06	6
3.91	3.89	6
6.74	6.67	6
9.98	10.04	6
18.23	17.91	6
32.41	30.99	6
58.63	58.97	6
106.08	108.54	6
194.4	192.67	6
326.72	324.01	6
570.39	564.59	6
790.62	800.51	6
1013.36	1020.55	6
1237.73	1247.52	6
1478.27	1487.42	6
1701.51	1705.3	6
1938.85	1922.76	6
2146.84	2134.89	6
0.37	0.39	7
0.5	0.49	7
0.9	0.73	7
1.45	1.45	7
2.27	1.91	7
1.42	1.94	7
2.18	2.39	7
3.86	3.75	7
4.47	5.57	7
7.56	5.54	7
11.38	11.04	7
18.27	17.49	7
33.39	33.36	7
64.38	62.03	7
119.68	118.78	7
217.1	211.77	7
375.38	372.82	7
626.36	628.62	7
869.16	868.2	7
1098.09	1095.32	7
1325.86	1329.62	7
1549.11	1565.21	7
1787.03	1796.15	7
2029.58	2041.47	7
2236.48	2268.96	7
0.37	0.4	7
0.5	0.53	7
0.76	0.89	7
1.32	1.44	7
2.03	1.84	7
3.46	3.53	7
3.75	3.71	7
5.9	5.09	7
9.24	8.59	7
14.31	15.06	7
27.11	27.92	7
50.74	50.43	7
96.93	97.75	7
179.03	179.24	7
315.97	316.22	7
527.64	532.42	7
792.83	786.72	7
1180.65	1176.58	7
1551.71	1553.38	7
1940.58	1915.55	7
2307.15	2289.19	7
2664.51	2652.97	7
3029.54	3030.06	7
3382.45	3394.8	7
3686.87	3714.49	7
0.36	0.43	7
0.51	0.52	7
0.8	0.75	7
1.26	1.32	7
2.42	1.8	7
3.26	3.38	7
2.13	2.54	7
3.35	4.01	7
4.1	3.98	7
6.76	7.08	7
9.23	10.26	7
15.25	15.14	7
28.06	28.03	7
52.41	51.9	7
100.56	97.24	7
175.97	178.51	7
305.35	308.78	7
543.4	543.59	7
776.88	770.41	7
1000.01	999.62	7
1214.7	1211.75	7
1436.25	1446.02	7
1663.24	1667.75	7
1898.93	1910.63	7
2124.15	2108.39	7
0.34	0.39	7
0.47	0.5	7
0.75	0.76	7
1.31	1.15	7
2.27	1.6	7
2.55	2.43	7
3.06	3.17	7
4.26	4.03	7
7.23	7.97	7
12.66	11.99	7
22.75	21.88	7
42.51	42.11	7
78.48	79.28	7
145.61	145.41	7
256.04	255.47	7
424.25	424.02	7
644.18	648.93	7
997.91	1000.76	7
1341.27	1347.06	7
1697.27	1700.83	7
2046.06	2036.09	7
2404.51	2389.05	7
2739.05	2721.47	7
3077.69	3079.74	7
3406.7	3410.41	7
0.44	0.38	8
0.5	0.51	8
0.86	0.78	8
1.21	1.48	8
1.72	1.91	8
3.51	2.85	8
3.6	3.18	8
4.44	4.31	8
8.9	9.02	8
15.1	15.8	8
28.11	28.34	8
52.73	52.95	8
100.16	99.77	8
185.26	183.86	8
329.53	328.31	8
550.02	550.41	8
815.06	816.44	8
1229.25	1227.88	8
1622.07	1620.88	8
2056.19	2000.13	8
2471.94	2425.09	8
2855.66	2802.82	8
3311.8	3189.35	8
3699.41	3539.36	8
4149.53	3891.86	8
0.39	0.43	8
0.64	0.59	8
0.89	0.88	8
1.5	1.45	8
2.8	2.5	8
3.63	2.5	8
3.29	2.92	8
4.09	4.39	8
4.7	5.55	8
7.71	6.42	8
11.57	10.49	8
19.39	19.68	8
35.94	35.88	8
67.18	66.76	8
124.03	124.49	8
226.83	225.69	8
384.55	381.52	8
633.92	633.6	8
883.98	884.3	8
1120.92	1120.24	8
1358.33	1363.34	8
1577.34	1592.68	8
1798.78	1851.99	8
1990.47	2059.1	8
2194.66	2267.73	8
0.38	0.32	8
0.45	0.48	8
0.68	0.69	8
1.27	1.2	8
2.25	1.48	8
2.3	3.23	8
3.32	3.08	8
4.19	4.31	8
6.98	6.77	8
11.71	11.22	8
19.82	19.41	8
37.89	37.82	8
70.43	70.75	8
132.65	131.91	8
232.92	233.79	8
394.8	391.25	8
602.69	603.84	8
968.54	961.15	8
1314.41	1319.48	8
1681.21	1664.39	8
2025.14	1990.06	8
2364.46	2331.14	8
2750.92	2670.46	8
3114.06	2987.6	8
3526.92	3320.52	8
0.37	0.4	8
0.47	0.47	8
0.79	0.79	8
1.26	1.28	8
2.1	1.51	8
2.84	2.15	8
3.29	2.89	8
2.59	2.53	8
5.62	4.32	8
5.35	6.21	8
9.25	9.26	8
15.77	16.99	8
29.71	29.14	8
53.21	54.48	8
97.98	98.75	8
176.32	177.72	8
308.7	310.32	8
550.76	537.52	8
767.88	771.25	8
994.9	1001.67	8
1214.45	1233.37	8
1430.37	1451.34	8
1656.7	1687.22	8
1857.18	1895.06	8
2052.12	2107.16	8
0.28	0.27	9
0.25	0.28	9
0.27	0.29	9
0.31	0.4	9
0.32	0.34	9
0.36	0.32	9
0.32	0.4	9
0.39	0.43	9
0.45	0.45	9
0.52	0.59	9
0.58	0.63	9
0.93	0.96	9
1.08	1.22	9
1.77	1.86	9
2.5	2.83	9
4.63	4.99	9
7.78	8.29	9
14.18	14.92	9
24.97	27.82	9
48.4	55.65	9
88.96	106.38	9
172.75	192.79	9
252.33	295.53	9
329.7	391.49	9
414.72	492.97	9
493.17	580.9	9
573.3	682.95	9
653.41	768.63	9
731.67	875.03	9
0.29	0.31	9
0.28	0.29	9
0.3	0.32	9
0.3	0.38	9
0.32	0.31	9
0.33	0.34	9
0.37	0.32	9
0.4	0.43	9
0.51	0.54	9
0.77	0.73	9
1.25	1.05	9
1.68	1.56	9
3.46	2.2	9
6.24	4.41	9
12.79	8.24	9
26.94	23.13	9
54.3	39.58	9
108.01	79.24	9
216.58	158.64	9
424.75	312.59	9
842.41	621.5	9
1665.59	1029.36	9
2485.83	1535.54	9
3234.6	1988.11	9
3966.08	2626.38	9
4697.78	2900.5	9
5514.88	3496.85	9
6331.38	3908.8	9
7137.44	4411.5	9
0.22	0.25	9
0.26	0.25	9
0.27	0.26	9
0.29	0.31	9
0.22	0.25	9
0.28	0.29	9
0.31	0.3	9
0.28	0.32	9
0.3	0.39	9
0.54	0.53	9
0.64	0.67	9
0.81	0.87	9
1.15	1.36	9
1.76	2.32	9
2.56	2.63	9
4.52	5.59	9
7.74	9.83	9
13.63	17.91	9
24.63	31.72	9
45.98	54.72	9
91.16	117.47	9
172.06	198.09	9
251.27	313.0	9
332.94	381.25	9
419.74	486.93	9
490.52	550.92	9
571.21	643.99	9
661.6	742.58	9
729.97	817.84	9
0.32	0.29	9
0.32	0.29	9
0.31	0.3	9
0.28	0.32	9
0.26	0.29	9
0.35	0.34	9
0.31	0.31	9
0.33	0.39	9
0.49	0.45	9
0.74	0.68	9
1.18	0.97	9
1.42	1.46	9
3.54	3.65	9
6.56	4.47	9
12.75	12.48	9
27.03	19.83	9
54.31	43.61	9
108.56	118.53	9
215.54	137.52	9
428.54	335.35	9
844.01	542.35	9
1663.52	1074.61	9
2483.65	1624.21	9
3228.44	2192.2	9
3965.28	2715.36	9
4700.69	2967.55	9
5517.54	3491.74	9
6328.77	4047.25	9
7147.24	4565.18	9
0.21	0.22	10
0.23	0.33	10
0.27	0.3	10
0.27	0.35	10
0.28	0.26	10
0.29	0.32	10
0.42	0.44	10
0.4	0.39	10
0.47	0.42	10
0.54	0.62	10
0.71	0.86	10
1.03	1.06	10
1.58	1.55	10
2.69	2.96	10
4.07	4.41	10
8.29	9.34	10
16.14	16.38	10
30.07	31.24	10
58.38	61.65	10
116.99	122.74	10
230.5	243.41	10
445.0	471.97	10
659.42	704.4	10
875.85	930.13	10
1090.98	1165.88	10
1305.94	1392.03	10
1523.83	1622.87	10
1727.89	1850.3	10
1940.62	2080.37	10
0.26	0.28	10
0.22	0.29	10
0.26	0.29	10
0.28	0.24	10
0.28	0.3	10
0.29	0.26	10
0.35	0.37	10
0.36	0.38	10
0.62	0.5	10
0.51	0.79	10
0.96	0.94	10
1.48	1.66	10
3.03	2.84	10
5.71	3.16	10
10.64	8.39	10
21.57	13.25	10
44.02	31.6	10
86.7	62.58	10
173.27	101.5	10
343.34	247.08	10
685.26	491.99	10
1329.86	789.68	10
1960.75	1242.66	10
2588.86	1516.91	10
3213.19	1878.4	10
3830.28	2235.69	10
4435.75	3232.81	10
5059.32	3057.61	10
5672.9	3492.46	10
0.21	0.24	10
0.22	0.24	10
0.24	0.28	10
0.23	0.29	10
0.25	0.24	10
0.26	0.28	10
0.3	0.35	10
0.33	0.36	10
0.32	0.36	10
0.56	0.5	10
0.62	0.6	10
1.07	1.14	10
1.49	1.56	10
2.55	3.08	10
4.11	5.17	10
8.13	10.17	10
15.05	16.86	10
29.1	35.36	10
55.2	62.38	10
108.41	122.2	10
212.23	222.09	10
411.92	434.05	10
605.58	652.8	10
801.12	893.11	10
996.43	1060.5	10
1219.41	1270.88	10
1387.62	1533.3	10
1589.25	1656.63	10
1784.3	1867.36	10
0.26	0.24	10
0.24	0.26	10
0.29	0.26	10
0.24	0.28	10
0.25	0.28	10
0.36	0.33	10
0.28	0.31	10
0.51	0.33	10
0.58	0.52	10
0.71	0.63	10
1.33	0.91	10
2.15	2.24	10
3.89	2.14	10
5.07	4.45	10
11.22	7.93	10
22.38	13.83	10
43.09	41.24	10
86.61	69.69	10
171.68	131.17	10
342.37	258.41	10
682.92	430.6	10
1327.96	825.63	10
1952.36	1204.64	10
2585.03	1616.74	10
3199.47	2019.06	10
3794.15	2447.08	10
4397.43	2704.08	10
4920.88	3123.08	10
5501.64	3286.25	10
0.31	0.26	11
0.28	0.26	11
0.23	0.26	11
0.3	0.28	11
0.26	0.28	11
0.25	0.28	11
0.3	0.31	11
0.4	0.48	11
0.52	0.54	11
0.68	0.76	11
1.2	0.93	11
1.8	1.14	11
3.54	3.16	11
4.64	4.82	11
10.81	8.37	11
20.11	18.59	11
44.62	26.31	11
86.4	50.22	11
171.66	99.19	11
336.69	240.98	11
673.55	393.51	11
1310.16	768.35	11
1942.48	1134.8	11
2571.86	1622.47	11
3202.18	2079.23	11
3838.09	2326.39	11
4464.74	2631.72	11
5127.39	3021.15	11
5727.46	3378.41	11
0.26	0.25	11
0.26	0.34	11
0.24	0.27	11
0.35	0.29	11
0.3	0.3	11
0.27	0.33	11
0.34	0.4	11
0.28	0.36	11
0.39	0.41	11
0.55	0.46	11
0.59	0.71	11
1.08	0.91	11
1.41	1.65	11
2.68	2.66	11
4.2	4.43	11
8.11	8.51	11
15.16	16.2	11
30.17	31.87	11
58.31	61.44	11
113.54	121.98	11
227.96	237.13	11
449.55	468.61	11
657.68	699.42	11
865.7	915.14	11
1076.65	1135.65	11
1274.17	1370.69	11
1476.7	1577.87	11
1678.37	1788.39	11
1882.56	2020.09	11
0.24	0.23	11
0.23	0.25	11
0.28	0.26	11
0.23	0.26	11
0.27	0.25	11
0.27	0.27	11
0.23	0.33	11
0.37	0.4	11
0.41	0.5	11
0.66	0.6	11
1.01	0.8	11
1.49	1.27	11
2.36	2.06	11
5.01	3.47	11
7.84	5.69	11
18.29	14.48	11
37.93	23.66	11
75.19	46.54	11
150.01	87.67	11
297.84	175.43	11
592.24	471.0	11
1154.22	675.58	11
1715.36	1039.21	11
2272.84	1465.74	11
2834.31	1677.31	11
3396.39	2069.64	11
3947.33	2281.28	11
4514.49	2695.45	11
5057.24	2947.91	11
0.23	0.26	11
0.25	0.28	11
0.22	0.24	11
0.27	0.27	11
0.28	0.28	11
0.28	0.25	11
0.38	0.34	11
0.36	0.39	11
0.36	0.39	11
0.63	0.5	11
0.74	0.65	11
1.15	1.07	11
1.4	1.66	11
2.96	3.31	11
4.36	5.08	11
8.07	9.61	11
15.24	17.5	11
29.91	32.08	11
57.82	71.23	11
112.82	126.83	11
221.62	235.34	11
430.88	462.08	11
641.87	675.81	11
840.89	886.91	11
1046.13	1098.91	11
1240.4	1312.27	11
1445.61	1617.2	11
1644.05	1763.27	11
1849.5	1947.64	11
0.27	0.26	12
0.24	0.3	12
0.26	0.24	12
0.23	0.35	12
0.2	0.29	12
0.31	0.3	12
0.32	0.33	12
0.4	0.36	12
0.45	0.46	12
0.62	0.6	12
0.92	0.89	12
1.82	1.52	12
3.5	2.19	12
5.69	4.35	12
11.9	8.87	12
24.28	18.96	12
50.27	30.51	12
99.97	84.64	12
197.13	145.34	12
393.76	240.8	12
788.26	481.62	12
1531.62	940.76	12
2269.57	1389.5	12
3003.63	1850.7	12
3747.34	2301.2	12
4489.68	2757.16	12
5215.42	3208.23	12
5956.89	4038.45	12
6696.68	4132.47	12
0.24	0.26	12
0.25	0.28	12
0.24	0.28	12
0.3	0.3	12
0.3	0.3	12
0.22	0.29	12
0.31	0.39	12
0.36	0.36	12
0.33	0.37	12
0.48	0.6	12
0.6	0.58	12
0.74	0.89	12
1.08	1.12	12
1.88	1.82	12
2.4	2.76	12
4.31	4.74	12
7.56	8.67	12
13.43	15.24	12
24.86	27.6	12
46.63	51.04	12
89.24	104.59	12
169.41	202.48	12
254.79	290.45	12
336.58	396.13	12
432.67	488.14	12
512.46	569.94	12
573.99	671.09	12
653.02	781.83	12
725.46	829.58	12
0.26	0.24	12
0.24	0.22	12
0.21	0.24	12
0.22	0.21	12
0.24	0.23	12
0.24	0.23	12
0.28	0.29	12
0.3	0.34	12
0.44	0.43	12
0.58	0.57	12
0.99	0.97	12
1.42	1.16	12
2.76	2.48	12
5.4	3.84	12
10.62	7.2	12
21.73	17.35	12
43.99	41.79	12
91.36	88.59	12
182.22	149.49	12
361.95	289.42	12
721.78	696.71	12
1402.36	877.55	12
2079.78	1888.28	12
2746.35	2136.46	12
3422.38	2142.27	12
4094.32	2548.61	12
4760.31	3081.25	12
5443.55	3442.98	12
6119.71	3903.66	12
0.21	0.26	12
0.28	0.29	12
0.23	0.3	12
0.28	0.29	12
0.28	0.32	12
0.28	0.28	12
0.34	0.31	12
0.35	0.33	12
0.46	0.41	12
0.51	0.53	12
0.59	0.58	12
0.89	1.0	12
1.09	1.28	12
1.72	1.95	12
2.56	2.99	12
4.39	5.48	12
7.39	10.12	12
13.92	19.65	12
25.1	33.05	12
46.03	61.43	12
91.37	120.19	12
172.62	243.78	12
259.99	310.03	12
334.42	393.88	12
413.73	487.53	12
491.47	649.33	12
575.83	633.34	12
654.64	759.0	12
759.92	832.59	12
0.27	0.28	13
0.29	0.29	13
0.44	0.42	13
0.73	0.66	13
1.17	1.16	13
1.91	1.69	13
3.61	2.89	13
4.67	3.33	13
4.48	4.21	13
5.65	6.47	13
7.59	8.84	13
14.22	14.16	13
23.0	25.0	13
39.35	41.59	13
69.0	70.37	13
104.32	108.73	13
143.17	145.69	13
202.64	199.47	13
308.67	307.73	13
525.19	522.74	13
731.95	734.04	13
952.71	942.19	13
1156.25	1156.51	13
1389.72	1389.14	13
1576.76	1559.35	13
1806.33	1758.38	13
1970.1	1969.59	13
0.27	0.27	13
0.28	0.33	13
0.43	0.4	13
0.67	0.64	13
1.08	1.1	13
1.59	1.88	13
3.54	3.22	13
2.9	2.82	13
4.99	5.14	13
6.57	5.34	13
9.51	10.8	13
15.2	15.15	13
26.71	27.83	13
47.8	48.32	13
78.65	79.9	13
127.74	130.03	13
185.29	184.75	13
285.34	279.95	13
470.78	468.69	13
877.19	836.39	13
1270.28	1198.36	13
1649.55	1567.46	13
2011.64	1921.12	13
2383.03	2291.84	13
2730.75	2641.7	13
3056.75	2991.49	13
3401.89	3281.21	13
0.23	0.27	13
0.28	0.31	13
0.35	0.38	13
0.56	0.61	13
1.02	0.94	13
1.22	1.8	13
2.35	2.66	13
2.98	3.52	13
3.23	3.21	13
4.64	4.42	13
7.22	8.19	13
11.19	11.29	13
18.47	20.57	13
33.32	32.97	13
53.59	55.13	13
84.74	84.88	13
113.4	117.39	13
167.91	166.76	13
268.99	265.15	13
465.95	466.51	13
664.65	671.94	13
867.89	859.03	13
1069.63	1065.29	13
1283.77	1281.99	13
1472.34	1458.01	13
1668.9	1666.09	13
1839.76	1852.48	13
0.28	0.3	13
0.31	0.33	13
0.39	0.41	13
0.6	0.65	13
0.94	0.96	13
1.77	1.54	13
2.48	1.96	13
2.95	3.2	13
3.83	3.63	13
6.65	5.43	13
8.08	7.9	13
12.38	13.53	13
22.03	21.25	13
38.18	37.78	13
62.39	61.56	13
104.26	103.53	13
151.89	153.88	13
243.24	246.65	13
413.6	416.98	13
789.9	748.53	13
1144.6	1068.39	13
1485.64	1396.48	13
1800.6	1743.08	13
2108.14	2042.28	13
2422.54	2352.49	13
2736.64	2666.26	13
3009.52	2960.91	13
0.29	0.28	14
0.33	0.37	14
0.43	0.46	14
0.67	0.74	14
1.16	1.33	14
1.99	1.69	14
3.15	2.49	14
5.71	3.1	14
3.84	6.62	14
5.46	7.64	14
9.61	11.15	14
15.93	15.59	14
26.41	27.1	14
49.38	49.88	14
84.52	80.92	14
125.37	127.14	14
183.57	183.73	14
271.23	269.96	14
443.39	445.43	14
782.21	768.2	14
1116.2	1104.58	14
1451.53	1441.13	14
1781.75	1775.95	14
2132.44	2109.89	14
2467.56	2485.57	14
2815.49	2771.8	14
3076.24	3086.67	14
0.25	0.31	14
0.35	0.36	14
0.5	0.46	14
0.75	0.68	14
1.28	1.09	14
2.1	2.08	14
3.62	3.63	14
2.59	3.36	14
3.38	6.2	14
6.09	6.43	14
8.59	9.96	14
17.13	14.62	14
25.84	26.78	14
44.89	43.37	14
74.33	74.69	14
110.49	113.84	14
150.35	151.73	14
215.15	213.63	14
330.4	328.14	14
591.68	555.64	14
871.59	787.22	14
1101.96	1010.22	14
1311.54	1228.67	14
1548.07	1421.6	14
1756.41	1679.51	14
1933.1	1842.6	14
2164.51	1980.28	14
0.25	0.26	14
0.29	0.3	14
0.38	0.39	14
0.55	0.55	14
0.91	1.01	14
1.57	1.67	14
2.59	2.43	14
1.92	2.74	14
3.11	4.77	14
4.31	4.45	14
7.93	7.31	14
12.59	12.12	14
21.48	20.91	14
36.22	35.81	14
60.61	60.1	14
91.87	94.45	14
141.66	138.44	14
224.82	220.88	14
380.43	367.93	14
664.77	657.41	14
967.21	949.91	14
1274.35	1256.83	14
1559.93	1555.55	14
1855.16	1864.3	14
2155.86	2144.3	14
2453.0	2423.5	14
2721.69	2726.68	14
0.24	0.28	14
0.3	0.32	14
0.41	0.45	14
0.66	0.61	14
1.18	1.13	14
1.89	2.01	14
3.4	3.36	14
2.88	2.49	14
4.94	4.17	14
6.55	6.36	14
9.14	9.28	14
14.73	13.94	14
24.02	25.41	14
41.55	42.37	14
68.47	67.28	14
107.99	102.68	14
139.8	142.76	14
195.19	195.78	14
312.56	306.36	14
558.72	531.67	14
830.9	741.22	14
1045.81	943.33	14
1240.04	1144.44	14
1439.74	1333.48	14
1624.4	1506.24	14
1791.8	1684.83	14
1943.86	1875.99	14
0.25	0.31	15
0.36	0.4	15
0.44	0.43	15
0.61	0.65	15
1.07	1.01	15
1.59	1.97	15
3.54	2.66	15
4.17	3.53	15
3.53	4.33	15
6.42	6.36	15
10.3	9.07	15
13.68	12.97	15
25.15	24.42	15
41.82	40.48	15
67.82	68.21	15
105.73	104.87	15
145.78	146.05	15
205.36	204.01	15
315.42	313.88	15
571.56	548.62	15
820.56	766.97	15
1035.58	993.2	15
1288.5	1204.32	15
1490.84	1414.48	15
1694.89	1631.13	15
1876.85	1840.03	15
2084.96	2055.4	15
0.31	0.27	15
0.29	0.35	15
0.45	0.44	15
0.63	0.63	15
1.04	0.96	15
2.01	1.66	15
3.01	3.01	15
3.26	4.53	15
4.52	5.44	15
5.06	5.82	15
10.2	9.17	15
16.43	15.98	15
27.08	28.37	15
45.07	44.63	15
76.85	77.33	15
122.52	122.37	15
172.79	177.09	15
264.45	262.71	15
429.8	430.92	15
758.9	758.69	15
1106.46	1095.17	15
1443.04	1423.43	15
1787.63	1760.88	15
2108.82	2090.01	15
2439.94	2457.32	15
2757.76	2767.83	15
3057.5	3040.7	15
0.25	0.28	15
0.27	0.29	15
0.36	0.37	15
0.55	0.6	15
0.88	0.85	15
1.63	1.76	15
1.38	2.65	15
3.0	3.42	15
3.54	2.82	15
5.39	4.74	15
7.56	7.35	15
11.24	10.3	15
19.26	19.74	15
33.18	31.97	15
53.29	53.9	15
82.28	81.15	15
116.95	113.6	15
173.55	173.12	15
276.42	268.77	15
504.2	474.4	15
736.62	687.34	15
934.16	876.66	15
1141.88	1070.34	15
1322.27	1267.25	15
1535.31	1469.51	15
1695.93	1643.67	15
1874.33	1849.5	15
0.26	0.33	15
0.32	0.31	15
0.38	0.43	15
0.59	0.59	15
0.92	0.83	15
1.67	1.66	15
1.96	2.8	15
2.69	4.19	15
3.82	4.13	15
4.9	5.55	15
7.07	6.87	15
13.2	12.13	15
20.24	21.53	15
35.64	36.91	15
61.64	58.51	15
96.33	94.88	15
141.65	143.28	15
220.42	219.89	15
377.03	374.57	15
675.97	664.33	15
966.52	964.76	15
1271.83	1266.0	15
1571.75	1580.72	15
1869.25	1863.22	15
2175.71	2175.6	15
2460.9	2455.88	15
2752.37	2708.96	15
0.26	0.27	16
0.3	0.3	16
0.4	0.46	16
0.62	0.63	16
0.89	1.11	16
1.92	2.0	16
2.81	2.95	16
3.64	2.86	16
4.3	4.48	16
6.83	6.32	16
9.7	11.27	16
15.98	16.81	16
28.0	28.64	16
48.61	48.09	16
80.97	79.48	16
126.29	125.44	16
181.16	181.92	16
272.5	273.84	16
453.55	452.06	16
836.32	798.25	16
1199.08	1132.48	16
1556.06	1487.06	16
1920.7	1836.32	16
2243.71	2164.01	16
2586.8	2514.07	16
2927.77	2805.86	16
3232.38	3120.8	16
0.25	0.26	16
0.29	0.38	16
0.42	0.44	16
0.67	0.66	16
1.08	1.11	16
2.03	1.96	16
3.01	2.48	16
5.32	3.85	16
4.63	5.16	16
5.65	6.01	16
8.36	8.08	16
13.84	16.13	16
24.4	24.63	16
42.56	42.21	16
74.64	71.56	16
109.42	109.33	16
145.87	147.9	16
206.38	200.2	16
311.13	310.09	16
516.87	519.14	16
749.33	739.66	16
954.65	949.98	16
1180.59	1168.41	16
1385.29	1370.47	16
1609.39	1595.46	16
1797.79	1802.58	16
1963.06	1972.55	16
0.24	0.24	16
0.28	0.29	16
0.38	0.38	16
0.61	0.59	16
0.93	0.92	16
1.5	1.52	16
2.64	1.85	16
2.27	3.29	16
3.39	4.14	16
4.87	4.41	16
7.86	7.35	16
14.52	13.79	16
21.69	20.49	16
36.73	36.19	16
59.92	58.74	16
96.3	96.47	16
143.24	144.03	16
223.25	223.15	16
380.76	387.62	16
712.13	688.79	16
1041.03	991.74	16
1356.15	1286.91	16
1636.1	1585.5	16
1932.43	1886.72	16
2252.97	2157.33	16
2510.3	2461.49	16
2830.91	2734.1	16
0.25	0.26	16
0.28	0.36	16
0.41	0.44	16
0.62	0.66	16
1.07	0.95	16
1.58	1.88	16
2.59	3.1	16
2.92	4.13	16
4.14	4.79	16
6.68	6.38	16
7.64	7.57	16
12.65	14.65	16
23.22	24.27	16
40.01	38.15	16
62.23	62.86	16
94.86	95.59	16
132.45	131.32	16
185.42	182.65	16
283.65	285.56	16
481.88	485.73	16
681.39	676.45	16
896.37	881.3	16
1107.48	1086.51	16
1298.48	1288.44	16
1495.94	1496.37	16
1697.4	1696.76	16
1853.01	1864.24	16
0.43	0.43	17
0.75	0.6	17
1.07	0.97	17
1.84	1.71	17
3.31	2.42	17
4.64	5.0	17
11.79	8.5	17
7.35	14.24	17
14.36	14.45	17
16.15	21.97	17
24.93	24.0	17
43.09	40.77	17
76.44	77.08	17
147.08	146.87	17
266.7	270.59	17
497.41	497.17	17
870.69	870.77	17
1337.26	1337.6	17
1779.05	1785.1	17
2477.73	2474.33	17
3176.68	3126.42	17
3864.45	3761.77	17
4462.39	4410.09	17
5020.75	4992.65	17
5581.37	5595.68	17
6127.53	6212.89	17
6589.83	6641.19	17
0.45	0.36	17
0.57	0.64	17
0.96	0.94	17
1.89	1.84	17
2.84	3.12	17
5.07	5.98	17
8.15	12.43	17
10.54	11.71	17
23.69	16.0	17
47.38	25.5	17
115.84	41.66	17
293.13	68.57	17
517.03	133.72	17
1404.12	249.35	17
2599.58	462.64	17
4769.3	839.37	17
7954.5	1427.7	17
10619.02	2144.68	17
11572.86	2728.89	17
13069.25	3647.26	17
14361.59	4431.29	17
15427.35	5235.57	17
16490.78	6031.82	17
17672.5	6848.02	17
18640.16	7644.54	17
19478.87	8419.54	17
20248.17	9110.73	17
0.35	0.35	17
0.49	0.46	17
0.94	0.81	17
1.51	1.48	17
2.45	2.76	17
4.37	4.95	17
9.29	7.57	17
9.81	4.7	17
10.24	10.89	17
17.24	9.83	17
18.98	24.87	17
37.57	35.21	17
61.32	58.65	17
116.41	116.62	17
210.04	214.37	17
388.26	383.73	17
677.86	670.25	17
1040.92	1039.38	17
1408.58	1410.59	17
2027.82	2015.64	17
2671.95	2622.22	17
3338.55	3205.05	17
3921.84	3782.54	17
4502.19	4442.42	17
5058.92	5017.3	17
5553.27	5527.16	17
6018.98	6018.26	17
0.34	0.38	17
0.54	0.56	17
0.96	0.89	17
1.59	1.74	17
3.4	3.21	17
5.6	4.91	17
5.69	9.46	17
8.35	16.57	17
15.46	15.45	17
62.84	21.31	17
162.61	40.22	17
267.97	67.22	17
604.32	131.47	17
1230.78	248.4	17
2354.04	442.9	17
4508.27	781.45	17
7376.09	1335.43	17
10090.28	1975.47	17
10950.43	2471.73	17
12621.2	3411.73	17
13974.82	4163.25	17
14900.13	4875.75	17
15951.49	5635.17	17
17047.08	6416.69	17
18255.5	7188.97	17
18936.33	7888.65	17
19857.05	8498.81	17
0.43	0.47	18
0.72	0.71	18
1.13	1.06	18
1.65	1.9	18
3.67	3.0	18
6.25	3.88	18
11.95	10.72	18
13.0	15.73	18
24.12	14.15	18
36.38	27.36	18
144.46	38.91	18
341.15	77.64	18
617.71	143.24	18
1534.99	268.42	18
2925.21	493.22	18
5312.56	890.37	18
8775.23	1510.48	18
11641.35	2279.3	18
12655.33	2912.37	18
14296.08	3781.27	18
15537.07	4604.14	18
16926.13	5401.94	18
17902.92	6248.71	18
18897.99	7040.89	18
19825.83	7814.47	18
20571.79	8550.59	18
21071.43	9179.48	18
0.47	0.43	18
0.66	0.59	18
1.16	1.04	18
1.44	1.6	18
3.53	3.44	18
6.87	5.87	18
5.74	10.68	18
9.03	14.76	18
11.01	14.35	18
18.61	16.93	18
25.65	29.32	18
49.42	50.02	18
84.87	79.46	18
150.75	158.5	18
279.35	285.4	18
525.55	515.91	18
911.03	913.89	18
1408.98	1397.49	18
1846.93	1850.43	18
2561.87	2564.38	18
3152.27	3165.41	18
3789.0	3751.9	18
4424.12	4333.61	18
5034.81	4946.5	18
5739.98	5585.08	18
6412.2	6193.13	18
7109.5	6784.43	18
0.34	0.29	18
0.44	0.47	18
0.75	0.74	18
1.41	1.45	18
2.62	2.69	18
3.79	4.16	18
5.99	4.36	18
10.32	7.87	18
15.91	8.0	18
16.85	17.49	18
101.68	27.73	18
196.2	51.71	18
523.73	94.88	18
979.2	175.59	18
1986.78	313.65	18
3545.0	560.96	18
5911.51	947.88	18
7903.06	1443.88	18
8740.5	1924.01	18
9945.54	2645.66	18
11030.61	3373.36	18
12079.2	4119.27	18
12988.72	4812.09	18
13903.2	5528.84	18
14783.24	6217.61	18
15433.94	6933.86	18
16015.65	7528.55	18
0.45	0.48	18
0.64	0.68	18
0.85	0.97	18
1.73	1.61	18
3.19	3.27	18
5.68	6.27	18
9.7	8.82	18
10.57	15.56	18
10.37	12.96	18
15.12	16.53	18
25.56	25.29	18
41.93	44.01	18
77.63	79.3	18
142.93	145.21	18
268.49	266.41	18
500.63	501.37	18
881.76	876.11	18
1333.36	1332.24	18
1728.45	1723.35	18
2387.74	2386.98	18
2968.99	2991.51	18
3570.24	3544.88	18
4205.9	4144.09	18
4847.95	4747.87	18
5491.94	5322.1	18
6116.09	5876.91	18
6808.5	6424.22	18
0.45	0.45	19
0.6	0.6	19
1.02	1.15	19
1.83	1.79	19
3.07	3.21	19
5.63	5.67	19
6.0	7.76	19
8.92	16.33	19
13.58	14.75	19
19.29	15.36	19
28.8	25.53	19
46.66	40.92	19
80.18	84.1	19
154.01	151.61	19
280.75	277.02	19
510.71	515.19	19
891.02	893.06	19
1371.02	1368.03	19
1813.18	1816.04	19
2518.5	2529.88	19
3137.19	3133.56	19
3733.81	3694.49	19
4342.69	4301.13	19
5000.66	4908.62	19
5640.46	5518.57	19
6350.76	6143.78	19
6970.92	6708.41	19
0.39	0.46	19
0.64	0.57	19
1.0	0.98	19
1.91	1.8	19
3.35	3.46	19
7.13	6.49	19
6.84	9.95	19
8.33	14.55	19
23.7	15.15	19
36.09	26.62	19
78.76	39.96	19
199.9	74.35	19
576.11	137.18	19
1328.56	255.73	19
2753.42	482.45	19
4916.4	866.54	19
8262.58	1469.37	19
10843.78	2199.68	19
12098.63	2827.73	19
13669.92	3739.77	19
15075.02	4565.91	19
16241.34	5388.0	19
17552.63	6204.35	19
18551.62	7039.93	19
19247.58	7829.01	19
20054.62	8609.44	19
20673.27	9207.98	19
0.32	0.38	19
0.55	0.49	19
0.83	0.89	19
1.45	1.35	19
2.56	2.33	19
4.6	4.03	19
6.24	8.41	19
8.14	10.26	19
13.75	9.88	19
15.27	12.81	19
28.48	23.25	19
37.02	35.45	19
64.67	66.67	19
116.35	119.91	19
220.49	215.35	19
393.59	393.42	19
681.97	679.28	19
1041.92	1038.07	19
1434.94	1432.92	19
2072.86	2079.36	19
2655.04	2648.84	19
3240.77	3192.86	19
3796.32	3765.09	19
4442.47	4348.66	19
5044.64	4898.61	19
5675.69	5452.42	19
6272.52	6025.73	19
0.45	0.36	19
0.54	0.6	19
0.99	0.88	19
1.69	1.38	19
2.96	2.91	19
5.62	5.36	19
7.22	10.79	19
12.72	8.81	19
18.3	16.85	19
41.71	24.59	19
152.39	40.98	19
281.95	70.38	19
590.12	129.96	19
1228.01	240.66	19
2426.08	438.59	19
4518.77	793.53	19
7437.86	1312.29	19
9753.12	1932.85	19
10677.4	2480.71	19
12122.85	3250.61	19
13331.73	3969.06	19
14368.82	4713.52	19
15623.27	5503.19	19
16629.69	6231.36	19
17331.04	7021.95	19
17988.6	7697.49	19
18608.91	8352.75	19
0.4	0.44	20
0.71	0.64	20
1.05	1.08	20
2.11	1.84	20
3.89	4.0	20
6.42	5.18	20
9.35	10.11	20
13.09	13.46	20
26.62	13.0	20
48.83	27.81	20
132.57	46.94	20
373.79	77.34	20
694.99	147.99	20
1582.36	271.83	20
2967.86	501.23	20
5344.15	903.57	20
8824.75	1523.18	20
11913.37	2285.71	20
13032.52	2911.19	20
14490.3	3852.7	20
16113.4	4697.58	20
17148.58	5523.7	20
18607.2	6429.71	20
19575.03	7266.37	20
20663.15	8064.63	20
21651.81	8854.75	20
22416.8	9573.88	20
0.46	0.4	20
0.54	0.69	20
1.2	1.07	20
1.95	2.04	20
3.69	3.68	20
5.27	6.98	20
3.45	5.1	20
8.64	13.13	20
13.11	21.18	20
20.77	17.71	20
30.37	29.89	20
50.53	49.52	20
82.43	81.81	20
158.14	155.15	20
293.68	287.99	20
526.9	525.71	20
925.44	926.93	20
1427.82	1419.5	20
1885.9	1889.4	20
2575.96	2586.07	20
3291.56	3220.73	20
3954.65	3877.72	20
4590.92	4502.71	20
5206.21	5122.79	20
5748.83	5745.04	20
6274.74	6281.47	20
6767.53	6753.8	20
0.33	0.36	20
0.48	0.52	20
0.86	0.96	20
1.47	1.64	20
2.64	2.83	20
5.38	3.88	20
5.25	8.99	20
13.58	10.41	20
17.19	13.31	20
27.06	17.74	20
116.34	33.36	20
279.34	64.49	20
556.22	116.91	20
1115.99	213.45	20
2134.14	394.83	20
4021.27	696.61	20
6606.76	1148.12	20
8652.03	1693.56	20
9705.98	2188.83	20
10839.77	2991.17	20
12092.66	3678.19	20
13353.36	4469.89	20
14577.66	5220.62	20
15453.36	5923.62	20
16270.33	6623.53	20
17154.89	7262.46	20
17781.15	7853.9	20
0.36	0.41	20
0.63	0.7	20
1.13	0.84	20
1.71	1.87	20
2.15	3.31	20
5.31	4.84	20
5.95	9.26	20
6.8	13.92	20
18.43	12.16	20
21.13	19.71	20
26.05	24.78	20
48.25	37.17	20
81.55	82.45	20
148.64	147.21	20
264.52	268.61	20
485.97	486.71	20
834.19	825.91	20
1256.92	1260.22	20
1642.17	1638.95	20
2268.5	2265.2	20
2908.49	2845.54	20
3538.97	3433.43	20
4189.53	4067.09	20
4766.17	4656.64	20
5303.39	5240.93	20
5800.16	5746.35	20
6284.74	6229.44	20
0.86	0.74	21
1.25	1.0	21
1.28	1.43	21
1.51	1.7	21
1.22	1.85	21
2.09	1.89	21
1.85	2.09	21
2.54	2.34	21
2.83	2.57	21
3.0	4.26	21
4.87	5.8	21
7.63	10.23	21
11.94	17.65	21
20.96	32.89	21
45.89	63.49	21
70.73	120.41	21
139.72	240.36	21
345.69	464.35	21
396.21	688.86	21
522.17	909.94	21
813.42	1133.28	21
806.05	1355.02	21
905.37	1577.32	21
1027.82	1806.38	21
1161.5	2037.16	21
0.8	1.13	21
1.52	1.46	21
1.87	1.34	21
1.96	2.25	21
2.21	2.31	21
2.26	2.13	21
3.78	3.16	21
3.4	3.62	21
5.92	4.95	21
10.54	8.49	21
20.89	12.96	21
38.25	21.15	21
75.2	39.3	21
146.51	78.11	21
293.0	153.62	21
583.89	301.9	21
1158.52	601.46	21
2265.85	1168.99	21
3341.8	1736.64	21
4433.18	2300.64	21
5515.16	2870.55	21
6623.83	3431.67	21
7719.13	3997.67	21
8783.17	4562.42	21
9878.5	5124.78	21
0.77	0.77	21
0.9	0.88	21
1.4	1.08	21
1.35	1.48	21
1.65	1.19	21
1.54	2.02	21
2.13	1.76	21
2.01	2.46	21
2.33	2.51	21
2.85	3.98	21
4.72	6.37	21
7.02	10.42	21
11.77	19.21	21
20.74	32.93	21
38.93	61.36	21
72.5	119.62	21
140.44	247.72	21
267.16	474.93	21
399.64	656.68	21
518.62	879.52	21
646.93	1146.67	21
772.08	1308.61	21
900.46	1550.34	21
1309.64	1487.28	21
1153.5	1929.54	21
0.87	1.15	21
1.2	1.59	21
1.54	1.85	21
1.65	1.73	21
2.47	2.35	21
2.34	1.91	21
2.8	3.05	21
3.2	4.01	21
7.34	4.54	21
11.23	6.99	21
20.44	12.48	21
37.05	22.68	21
74.1	40.18	21
144.57	77.71	21
239.25	151.38	21
564.7	298.61	21
1119.22	590.19	21
2180.78	1142.88	21
3234.27	1679.39	21
3584.19	2241.0	21
5327.21	2787.65	21
6414.07	3323.89	21
6206.65	3844.98	21
8477.44	4412.61	21
8105.66	4962.97	21
0.84	0.96	22
1.34	1.4	22
1.53	1.85	22
2.33	2.11	22
1.85	2.0	22
2.45	2.4	22
2.06	2.78	22
2.65	2.96	22
3.87	3.77	22
4.81	5.33	22
8.01	8.64	22
12.26	15.08	22
21.68	27.14	22
39.53	50.85	22
73.28	97.78	22
142.23	189.15	22
280.96	372.79	22
548.27	725.66	22
803.55	1079.32	22
1064.63	1427.17	22
1326.44	1781.55	22
1789.39	2131.82	22
2061.8	2471.93	22
2113.47	2822.42	22
2413.2	3187.64	22
0.78	0.81	22
1.03	1.08	22
1.26	1.23	22
1.27	1.61	22
2.14	2.17	22
1.93	2.08	22
2.57	1.85	22
3.84	3.04	22
5.66	4.76	22
9.96	6.49	22
17.79	10.17	22
33.66	18.88	22
66.19	35.25	22
129.9	66.82	22
255.22	129.76	22
507.33	252.82	22
996.77	494.88	22
1925.37	960.74	22
2856.78	1417.24	22
3761.42	1853.73	22
4682.01	2320.39	22
5633.4	2786.34	22
6551.34	3249.08	22
7486.07	3716.53	22
8417.28	4176.4	22
0.84	0.8	22
1.49	1.13	22
1.42	1.71	22
2.03	1.87	22
1.65	1.63	22
2.47	1.86	22
1.74	2.59	22
2.7	3.05	22
3.42	4.23	22
5.01	5.21	22
6.94	7.91	22
11.57	15.1	22
19.92	27.16	22
36.73	52.8	22
68.94	94.56	22
149.57	185.14	22
266.3	359.02	22
567.29	714.03	22
752.16	1003.45	22
994.54	1324.18	22
1261.77	1699.69	22
1482.59	1977.5	22
1728.76	2311.03	22
2198.94	2406.36	22
2213.35	2922.24	22
0.71	0.74	22
0.89	0.93	22
1.32	1.32	22
1.28	1.82	22
2.07	1.5	22
1.86	1.94	22
2.05	2.65	22
3.71	2.68	22
4.91	4.21	22
9.78	6.92	22
16.83	9.03	22
27.3	19.62	22
61.27	32.58	22
120.38	62.13	22
195.93	121.02	22
470.87	236.36	22
927.22	466.54	22
1504.76	897.16	22
2661.71	1323.93	22
3475.02	1731.44	22
4353.04	2165.49	22
5218.12	2583.9	22
6078.19	3023.93	22
5813.55	3446.18	22
7791.04	3882.28	22
0.79	0.9	23
1.15	1.16	23
1.06	1.45	23
1.83	1.86	23
2.18	1.9	23
2.16	2.19	23
3.09	2.21	23
4.3	3.55	23
5.37	4.23	23
10.27	6.87	23
13.58	11.5	23
38.03	20.22	23
73.14	40.23	23
144.8	76.99	23
238.92	146.52	23
462.42	285.7	23
1038.29	521.16	23
2010.46	1013.54	23
2957.49	1474.8	23
3880.74	1950.81	23
4820.33	2430.24	23
5767.01	2896.77	23
6701.65	3333.07	23
6242.5	3727.76	23
8314.84	4116.42	23
0.99	1.12	23
1.34	1.4	23
1.69	2.11	23
2.32	2.32	23
2.34	2.1	23
2.44	2.87	23
3.21	2.67	23
3.79	3.32	23
3.94	4.27	23
4.83	5.69	23
7.61	8.87	23
12.56	14.5	23
23.01	27.1	23
37.99	51.65	23
74.02	96.66	23
161.47	186.94	23
312.73	371.44	23
605.25	724.59	23
802.56	1075.11	23
1060.69	1425.26	23
1324.63	1785.86	23
1612.22	2135.23	23
1844.55	2470.12	23
2132.93	2828.11	23
2368.28	3171.35	23
0.7	0.7	23
0.99	1.0	23
1.16	0.94	23
1.37	1.17	23
1.59	1.64	23
2.09	1.65	23
2.39	2.01	23
3.38	2.59	23
4.88	4.27	23
8.61	5.78	23
14.77	8.14	23
29.21	14.27	23
54.67	28.24	23
105.53	52.47	23
211.25	102.16	23
413.05	200.11	23
793.52	381.01	23
1541.57	725.15	23
2278.88	1075.5	23
3009.59	1942.16	23
3750.18	1771.38	23
4523.58	2104.23	23
5233.27	2433.06	23
4940.18	2796.55	23
6709.37	3133.35	23
1.08	1.02	23
1.23	1.39	23
1.66	2.16	23
2.07	2.47	23
2.04	2.21	23
2.29	1.8	23
2.26	2.41	23
3.75	2.57	23
3.44	4.16	23
5.0	5.2	23
6.98	8.15	23
11.9	14.55	23
21.65	24.69	23
36.78	53.07	23
69.4	96.38	23
132.44	191.66	23
261.21	370.07	23
507.22	735.75	23
752.98	990.18	23
994.32	1319.07	23
1238.36	1716.21	23
1505.35	1989.51	23
1740.3	2298.35	23
2289.04	2608.59	23
2519.74	2934.57	23
0.74	0.85	24
1.35	1.03	24
1.51	1.46	24
1.67	1.67	24
2.05	1.88	24
2.32	1.88	24
2.79	2.17	24
2.88	3.19	24
6.22	4.45	24
9.38	6.61	24
18.03	11.47	24
29.8	18.82	24
68.69	36.8	24
134.28	70.57	24
220.13	136.12	24
536.7	278.05	24
1067.47	545.98	24
2076.24	1063.58	24
3088.19	1575.06	24
4108.76	2093.06	24
5180.94	2656.68	24
4299.03	3219.76	24
7399.02	3798.13	24
8516.96	4357.4	24
9592.1	4932.63	24
0.89	0.8	24
0.89	1.02	24
1.39	1.55	24
1.91	1.72	24
1.27	1.56	24
1.57	1.95	24
2.18	1.72	24
1.9	2.21	24
2.41	2.59	24
3.45	3.86	24
4.1	6.06	24
8.0	10.12	24
14.2	18.07	24
24.79	33.18	24
37.14	62.28	24
72.52	122.63	24
175.0	239.22	24
341.29	461.92	24
395.64	683.78	24
654.0	907.58	24
650.47	1136.97	24
779.68	1352.59	24
896.62	1578.68	24
1294.95	1807.85	24
1193.53	2027.41	24
0.78	0.83	24
1.18	1.2	24
1.41	1.36	24
1.43	1.42	24
1.74	1.77	24
2.08	2.31	24
2.56	2.2	24
3.49	3.22	24
5.65	4.95	24
9.09	6.28	24
16.6	10.05	24
30.53	17.53	24
58.61	31.78	24
115.22	60.17	24
193.08	117.53	24
455.07	228.17	24
902.57	453.89	24
1753.98	870.7	24
2606.29	1281.31	24
3475.61	1698.9	24
4381.58	2166.74	24
5330.85	2656.26	24
6284.72	3110.88	24
6038.51	3604.97	24
6864.82	4069.01	24
0.72	0.69	24
0.76	0.92	24
1.36	1.18	24
1.43	1.2	24
1.91	1.54	24
1.71	1.48	24
1.91	1.84	24
2.32	2.18	24
2.32	2.63	24
2.88	4.2	24
4.71	6.84	24
6.84	9.54	24
14.78	20.11	24
20.97	34.58	24
40.58	76.23	24
85.85	126.68	24
173.9	261.06	24
265.59	462.9	24
392.97	677.6	24
523.49	906.76	24
646.85	1167.9	24
797.59	1321.68	24
902.7	1512.85	24
1024.84	1726.25	24
1191.95	1954.97	24
0.39	0.49	25
0.54	0.59	25
0.55	0.76	25
0.74	0.73	25
0.95	1.03	25
1.05	1.08	25
1.62	1.56	25
2.12	2.11	25
3.57	3.52	25
5.27	5.34	25
9.46	9.28	25
15.14	15.47	25
28.07	29.33	25
56.14	52.78	25
104.57	105.3	25
199.79	201.6	25
385.03	382.32	25
564.75	565.57	25
752.64	745.0	25
927.39	926.2	25
1120.36	1106.88	25
1285.62	1285.79	25
1466.06	1477.27	25
1649.86	1642.15	25
0.55	0.5	25
0.75	0.67	25
0.9	0.86	25
1.25	1.24	25
2.19	1.86	25
3.12	2.59	25
3.38	4.07	25
6.94	6.8	25
11.65	12.57	25
22.94	22.72	25
44.73	44.28	25
86.03	87.32	25
171.37	170.72	25
341.85	341.66	25
682.16	680.15	25
1352.06	1350.13	25
2626.16	2625.62	25
3895.02	3889.03	25
5166.94	5158.94	25
6450.86	6438.84	25
7633.3	7671.51	25
8878.37	8862.08	25
10052.08	10105.63	25
11256.8	11283.19	25
0.35	0.39	25
0.51	0.47	25
0.53	0.63	25
0.56	0.66	25
0.83	0.89	25
1.05	0.93	25
1.48	1.42	25
1.83	1.71	25
3.13	2.79	25
4.61	4.43	25
8.14	7.71	25
13.06	12.29	25
22.71	23.16	25
45.27	42.86	25
80.73	73.49	25
142.34	149.38	25
278.34	282.88	25
409.55	416.16	25
530.3	538.18	25
670.59	668.79	25
795.09	799.07	25
945.49	936.35	25
1057.1	1046.79	25
1183.83	1183.66	25
0.51	0.58	25
0.63	0.7	25
0.89	1.02	25
1.37	1.19	25
1.99	1.46	25
2.29	2.19	25
4.1	3.38	25
5.61	6.08	25
11.32	10.84	25
20.02	19.74	25
40.34	39.69	25
82.56	81.95	25
149.66	147.94	25
301.14	288.27	25
571.8	581.12	25
1155.57	1114.67	25
2188.19	2129.63	25
3118.61	3200.52	25
4120.94	4140.21	25
5069.2	5041.18	25
6251.74	6198.33	25
6953.4	7088.38	25
7872.75	7679.3	25
8673.55	8703.99	25
0.47	0.47	26
0.66	0.61	26
0.86	0.87	26
1.05	1.0	26
1.45	1.27	26
1.57	1.69	26
2.41	2.25	26
3.35	3.24	26
4.68	4.88	26
8.1	7.91	26
14.4	14.57	26
26.6	26.07	26
50.22	48.88	26
96.46	93.62	26
186.16	186.32	26
367.74	364.46	26
701.43	703.09	26
1047.48	1050.99	26
1396.05	1393.08	26
1718.94	1734.84	26
2050.35	2049.69	26
2412.48	2396.73	26
2732.75	2739.21	26
3068.65	3088.43	26
0.45	0.46	26
0.54	0.58	26
0.75	0.88	26
1.15	1.08	26
1.53	1.45	26
2.86	1.67	26
2.6	2.67	26
4.41	4.15	26
7.16	6.99	26
12.5	12.21	26
44.77	23.55	26
45.56	45.03	26
89.48	88.32	26
175.4	175.34	26
348.65	347.49	26
1360.91	693.67	26
1353.78	1353.2	26
2010.86	2009.02	26
2654.42	2656.82	26
3315.4	3313.16	26
3938.0	3911.51	26
4456.47	4506.0	26
9770.8	5026.24	26
5580.91	5546.27	26
0.39	0.39	26
0.5	0.51	26
0.68	0.69	26
0.86	0.83	26
1.22	1.17	26
1.59	1.2	26
2.31	2.27	26
2.69	2.72	26
4.42	4.22	26
7.48	7.21	26
12.65	12.84	26
23.46	22.68	26
44.82	43.66	26
82.24	85.24	26
158.31	155.81	26
305.41	307.18	26
581.39	580.71	26
867.72	858.77	26
1146.13	1138.72	26
1420.53	1423.59	26
1692.57	1669.22	26
1962.17	1959.56	26
2229.81	2230.23	26
2510.35	2499.68	26
0.38	0.44	26
0.55	0.54	26
0.84	0.8	26
1.19	1.0	26
1.49	1.58	26
2.25	1.77	26
3.0	2.54	26
4.45	4.16	26
7.35	6.86	26
21.32	12.41	26
25.0	24.72	26
44.69	43.14	26
89.47	84.58	26
172.2	172.34	26
342.04	347.54	26
662.05	660.99	26
1286.47	1274.4	26
1886.36	1892.4	26
2480.7	2484.7	26
3042.98	3023.74	26
3525.25	3519.29	26
4041.6	4008.53	26
4448.79	4453.99	26
4946.17	4999.51	26
0.42	0.44	27
0.47	0.51	27
0.63	0.68	27
1.01	0.92	27
1.49	1.19	27
1.41	1.74	27
2.29	2.14	27
4.48	3.48	27
6.57	5.97	27
19.11	11.07	27
37.97	20.4	27
39.36	38.84	27
77.35	77.2	27
147.0	150.83	27
291.52	295.27	27
583.88	586.45	27
1175.59	1185.65	27
1787.58	1793.33	27
2399.67	2426.27	27
3025.87	3008.0	27
3661.36	3635.83	27
4363.04	4326.31	27
4987.35	4968.42	27
5598.08	5602.45	27
0.45	0.47	27
0.61	0.63	27
0.75	0.74	27
1.03	1.0	27
1.22	1.11	27
1.68	1.72	27
2.22	2.42	27
3.21	3.18	27
4.82	4.96	27
7.77	8.67	27
14.4	14.62	27
26.92	27.16	27
49.6	51.67	27
95.79	98.38	27
193.87	190.44	27
375.81	379.11	27
736.98	734.98	27
1103.46	1102.28	27
1459.12	1469.24	27
1827.63	1820.1	27
2191.62	2187.61	27
2567.53	2569.13	27
2952.12	2926.82	27
3296.1	3308.86	27
0.36	0.43	27
0.48	0.51	27
0.58	0.59	27
1.0	0.94	27
1.38	1.16	27
2.04	1.61	27
2.84	2.0	27
3.91	3.0	27
6.84	5.45	27
10.89	9.79	27
19.09	18.19	27
34.39	33.77	27
68.8	69.2	27
130.1	131.46	27
504.24	257.3	27
518.63	518.76	27
998.9	998.31	27
1467.84	1469.33	27
1932.12	1953.29	27
2365.48	2361.11	27
2806.23	2816.18	27
3224.37	3227.28	27
3646.03	3645.97	27
4096.03	4069.69	27
0.4	0.45	27
0.53	0.68	27
0.82	0.86	27
0.98	0.92	27
1.26	1.27	27
1.54	1.65	27
2.21	2.36	27
2.77	2.92	27
4.48	4.33	27
6.77	7.51	27
13.87	12.67	27
23.35	24.67	27
42.96	46.93	27
81.34	84.38	27
163.22	159.66	27
315.4	320.25	27
603.35	589.05	27
899.88	888.71	27
1169.91	1190.93	27
1460.61	1466.93	27
1773.17	1752.2	27
2070.19	2104.14	27
2369.46	2389.08	27
2706.64	2723.64	27
0.5	0.45	28
0.58	0.66	28
0.78	0.77	28
1.19	1.25	28
1.48	1.46	28
1.98	1.97	28
3.24	3.18	28
5.78	5.06	28
10.21	10.33	28
18.83	18.39	28
35.84	37.44	28
71.21	69.22	28
138.61	141.2	28
280.28	277.05	28
578.44	562.12	28
1164.07	1154.49	28
2287.32	2322.54	28
3536.29	3527.26	28
4732.15	4656.24	28
5975.13	5881.62	28
7220.7	7137.2	28
8445.97	8444.05	28
9628.89	9590.04	28
10785.02	10788.39	28
0.45	0.41	28
0.52	0.46	28
0.65	0.64	28
0.76	0.72	28
1.03	0.94	28
1.11	1.14	28
1.56	1.52	28
1.88	2.15	28
3.59	3.17	28
5.14	5.1	28
8.82	9.42	28
15.37	15.44	28
28.34	28.22	28
52.15	52.54	28
102.01	100.78	28
198.55	199.52	28
380.28	382.91	28
562.49	564.06	28
748.32	735.4	28
923.0	924.15	28
1108.38	1104.91	28
1287.18	1282.77	28
1477.28	1467.68	28
1651.44	1654.4	28
0.39	0.39	28
0.49	0.52	28
0.68	0.78	28
1.0	0.96	28
1.43	1.19	28
1.75	1.68	28
3.01	2.41	28
4.0	4.39	28
7.95	7.56	28
14.14	13.89	28
26.93	26.82	28
52.78	52.34	28
104.11	103.47	28
204.87	206.74	28
408.68	408.08	28
809.54	811.02	28
1565.72	1572.86	28
2321.23	2301.43	28
2984.7	3015.65	28
3824.99	3885.82	28
4568.67	4509.97	28
5226.54	5225.86	28
5963.29	5983.96	28
6634.92	6677.0	28
0.43	0.4	28
0.41	0.56	28
0.57	0.57	28
0.69	0.66	28
0.89	0.98	28
1.22	1.03	28
1.5	1.53	28
1.88	1.79	28
2.9	3.08	28
4.67	4.56	28
7.84	7.23	28
13.36	12.31	28
21.93	23.02	28
41.94	43.7	28
81.39	80.76	28
152.79	148.09	28
322.72	280.74	28
413.95	412.23	28
545.63	532.52	28
673.75	675.25	28
794.37	805.73	28
917.6	920.55	28
1173.55	1066.53	28
1180.79	1183.68	28
0.34	0.27	29
0.39	0.37	29
0.47	0.53	29
0.53	0.66	29
0.96	0.87	29
1.43	1.14	29
1.96	2.29	29
2.22	2.85	29
3.24	3.15	29
3.56	3.73	29
3.38	2.92	29
4.26	3.8	29
3.57	4.16	29
4.83	4.56	29
6.33	8.02	29
10.08	11.12	29
13.44	20.79	29
23.92	38.48	29
42.88	62.74	29
76.34	118.21	29
241.52	275.69	29
374.43	532.88	29
430.21	667.97	29
729.17	1041.57	29
911.0	1101.73	29
1339.38	1078.64	29
976.47	1804.91	29
1452.43	1421.04	29
1244.83	2328.72	29
0.28	0.3	29
0.34	0.37	29
0.41	0.45	29
0.62	0.69	29
0.94	1.06	29
1.6	1.23	29
1.39	1.89	29
2.63	3.02	29
3.47	3.83	29
3.59	3.27	29
4.67	3.65	29
5.21	4.26	29
7.6	5.77	29
9.46	7.44	29
20.04	12.67	29
31.26	25.9	29
59.42	35.46	29
115.14	93.78	29
271.85	135.12	29
367.18	269.63	29
1078.19	529.73	29
2111.22	1036.89	29
3197.98	1564.5	29
3669.34	3654.28	29
4674.83	2727.4	29
5552.88	3309.88	29
7946.25	5201.97	29
9149.98	4472.15	29
10334.02	5053.75	29
0.24	0.25	29
0.29	0.27	29
0.37	0.4	29
0.5	0.54	29
0.69	0.69	29
1.38	1.31	29
1.47	1.47	29
1.61	1.76	29
2.8	2.3	29
3.01	3.03	29
2.96	3.22	29
3.22	3.61	29
3.82	4.69	29
4.6	4.8	29
5.57	7.06	29
11.53	11.67	29
12.65	20.45	29
22.64	35.45	29
42.05	55.56	29
105.89	116.73	29
148.38	230.82	29
362.52	443.02	29
533.39	650.63	29
718.6	877.54	29
896.24	1250.06	29
1297.92	1279.12	29
1274.14	1731.85	29
1432.16	1702.85	29
1282.85	2237.62	29
0.29	0.3	29
0.34	0.36	29
0.45	0.42	29
0.6	0.56	29
0.98	1.05	29
1.39	1.29	29
2.08	1.83	29
3.17	2.57	29
3.08	2.88	29
3.53	4.04	29
3.16	3.72	29
4.77	4.7	29
6.19	5.63	29
10.62	6.73	29
18.28	11.59	29
28.33	24.27	29
56.29	45.83	29
132.69	67.15	29
218.79	131.22	29
525.21	262.2	29
694.38	513.76	29
2028.86	988.69	29
2564.81	2023.44	29
4223.39	2041.89	29
5402.83	2608.27	29
6528.67	3171.47	29
6406.87	3743.56	29
8843.24	4307.05	29
10055.25	6573.32	29
0.25	0.25	30
0.3	0.32	30
0.4	0.4	30
0.65	0.59	30
1.04	0.91	30
0.88	1.72	30
2.15	1.95	30
2.48	2.46	30
2.33	2.71	30
3.2	3.94	30
3.23	3.7	30
4.48	5.17	30
5.15	4.85	30
6.08	6.77	30
8.52	9.21	30
12.23	15.35	30
23.82	24.29	30
44.94	49.01	30
76.47	95.89	30
146.0	187.11	30
288.77	412.25	30
561.89	723.12	30
827.97	1068.07	30
1099.08	1418.71	30
1782.97	1768.0	30
1885.8	2114.79	30
2202.76	2456.54	30
2200.7	2803.17	30
2923.6	2824.78	30
0.21	0.24	30
0.31	0.3	30
0.41	0.42	30
0.56	0.64	30
0.8	0.84	30
1.59	1.33	30
1.93	2.13	30
2.28	2.48	30
3.04	3.27	30
3.46	2.83	30
3.72	4.33	30
5.0	3.68	30
7.43	5.71	30
11.29	7.54	30
18.9	12.67	30
36.11	18.71	30
57.3	45.34	30
108.48	63.75	30
213.0	125.34	30
504.96	243.27	30
994.66	483.6	30
1931.88	938.04	30
2861.6	1880.3	30
3155.39	1831.26	30
4707.01	2263.88	30
3703.34	2717.99	30
5463.42	3193.4	30
6321.13	3692.21	30
7177.63	5680.12	30
0.23	0.26	30
0.26	0.29	30
0.38	0.37	30
0.58	0.51	30
0.9	0.82	30
1.12	1.4	30
1.75	1.49	30
2.27	2.7	30
2.95	2.38	30
2.65	3.48	30
3.63	3.53	30
3.39	4.15	30
4.49	4.23	30
5.37	5.94	30
7.6	9.23	30
13.52	16.78	30
27.56	26.93	30
43.77	54.84	30
81.28	100.48	30
157.04	186.65	30
328.03	398.57	30
602.76	596.16	30
777.08	1005.91	30
1187.08	1324.2	30
1279.12	1848.03	30
1559.53	2234.61	30
1787.95	2293.16	30
2436.35	2630.0	30
2294.39	3308.37	30
0.25	0.26	30
0.28	0.31	30
0.33	0.4	30
0.58	0.59	30
0.9	1.17	30
1.42	1.47	30
1.85	2.46	30
3.65	2.52	30
3.15	3.07	30
3.87	3.54	30
3.87	4.41	30
4.67	5.88	30
7.14	5.33	30
9.31	9.01	30
12.47	12.22	30
35.2	22.56	30
65.65	55.23	30
125.8	63.85	30
247.74	162.39	30
488.9	408.68	30
797.03	473.36	30
1479.45	1192.05	30
2637.71	1748.57	30
3567.25	2246.13	30
4417.59	2130.14	30
4342.71	2534.89	30
5140.68	2973.04	30
7383.97	3605.62	30
5581.1	4115.61	30
0.26	0.26	31
0.28	0.35	31
0.35	0.49	31
0.71	0.54	31
0.87	1.0	31
1.36	1.32	31
1.86	1.56	31
2.87	2.94	31
2.91	3.52	31
3.21	3.78	31
3.79	3.83	31
4.45	4.11	31
7.22	6.37	31
8.13	7.75	31
19.54	10.12	31
22.16	18.4	31
54.68	45.04	31
104.83	63.48	31
251.78	124.46	31
501.51	247.16	31
659.74	657.36	31
1627.27	948.84	31
2421.8	2395.94	31
3189.4	1872.39	31
4803.19	2330.0	31
4742.51	2781.25	31
6614.89	3196.44	31
7492.67	4918.27	31
8432.83	4079.62	31
0.28	0.28	31
0.44	0.32	31
0.4	0.39	31
0.57	0.64	31
1.16	0.92	31
1.42	1.34	31
2.32	1.93	31
2.7	3.2	31
3.12	2.87	31
3.57	2.9	31
3.1	4.51	31
4.19	3.59	31
4.79	4.34	31
6.34	5.7	31
8.76	8.99	31
13.95	15.28	31
21.57	23.85	31
40.41	44.69	31
76.6	106.7	31
188.22	205.15	31
330.56	370.27	31
650.31	638.91	31
952.54	948.03	31
1101.9	1418.63	31
1371.81	1973.04	31
1923.81	1884.74	31
2200.53	2767.78	31
2192.26	3135.52	31
2465.12	3186.31	31
0.22	0.24	31
0.28	0.3	31
0.32	0.36	31
0.48	0.53	31
0.82	0.71	31
1.16	1.39	31
1.56	1.98	31
2.43	2.31	31
2.9	2.73	31
2.78	2.52	31
2.99	4.2	31
3.55	3.89	31
4.53	5.43	31
8.2	6.42	31
13.8	10.47	31
14.22	15.14	31
54.17	36.27	31
103.9	51.87	31
96.11	96.28	31
403.61	187.08	31
800.62	511.16	31
1565.47	716.02	31
2325.67	1059.68	31
3110.82	1401.78	31
3258.83	1851.13	31
4958.64	2222.44	31
5752.61	2697.43	31
6570.42	4198.13	31
4802.44	3471.14	31
0.24	0.28	31
0.31	0.34	31
0.39	0.47	31
0.6	0.58	31
1.05	1.11	31
1.56	1.47	31
2.34	1.85	31
2.95	2.86	31
2.91	3.31	31
2.53	3.42	31
3.62	4.08	31
4.12	4.02	31
4.94	5.2	31
5.88	7.14	31
8.86	11.28	31
12.66	16.85	31
21.96	26.15	31
40.62	55.98	31
75.65	94.27	31
144.92	201.76	31
344.16	322.45	31
567.06	702.53	31
827.33	830.33	31
1123.87	1391.26	31
1620.33	1554.2	31
1649.1	1846.91	31
1920.81	2418.84	31
2189.13	2738.31	31
2515.41	3431.43	31
0.28	0.28	32
0.3	0.3	32
0.36	0.4	32
0.58	0.58	32
1.02	1.01	32
1.26	1.07	32
1.34	1.53	32
3.57	2.7	32
2.96	3.31	32
3.41	3.76	32
3.62	4.82	32
5.73	5.48	32
5.67	5.85	32
11.08	8.44	32
20.04	12.75	32
36.87	20.01	32
69.84	35.53	32
134.82	69.64	32
263.44	130.25	32
526.06	522.41	32
861.52	508.94	32
2009.79	1325.13	32
2472.49	1457.36	32
3276.04	2602.14	32
4896.04	3232.63	32
4896.53	2871.99	32
6826.92	3340.4	32
7785.35	3815.94	32
8759.32	4284.43	32
0.33	0.26	32
0.28	0.28	32
0.32	0.41	32
0.67	0.58	32
0.69	0.67	32
1.42	1.63	32
2.7	2.35	32
2.27	2.75	32
3.03	3.95	32
2.6	4.05	32
4.12	3.47	32
3.41	3.44	32
4.18	4.45	32
4.47	5.33	32
6.37	6.42	32
9.08	12.72	32
13.21	20.76	32
23.68	33.11	32
41.24	61.1	32
76.91	116.55	32
150.2	272.98	32
369.51	537.17	32
425.79	790.56	32
561.37	885.1	32
701.9	1293.8	32
833.4	1544.53	32
1309.31	1809.99	32
1130.45	2083.54	32
1656.63	2305.7	32
0.21	0.23	32
0.24	0.25	32
0.33	0.39	32
0.51	0.54	32
0.77	0.76	32
1.18	1.29	32
1.8	1.5	32
2.49	1.9	32
2.56	2.26	32
3.21	3.1	32
3.02	3.89	32
4.52	4.31	32
5.56	6.13	32
10.0	8.13	32
17.1	13.08	32
27.07	17.81	32
60.3	33.11	32
116.4	77.31	32
229.34	150.73	32
375.16	292.77	32
903.25	434.81	32
1751.2	823.93	32
2602.24	1222.86	32
3471.47	2241.64	32
4297.02	2028.42	32
4254.23	2394.42	32
6000.45	2769.97	32
6855.71	3141.58	32
5001.36	4928.05	32
0.21	0.23	32
0.29	0.3	32
0.4	0.38	32
0.57	0.6	32
0.77	0.78	32
1.05	1.32	32
2.39	2.1	32
2.41	2.64	32
3.04	2.62	32
3.11	3.49	32
3.66	3.18	32
3.15	3.38	32
4.07	4.24	32
5.34	5.6	32
5.47	7.65	32
8.83	12.7	32
15.47	20.68	32
23.88	41.27	32
56.11	85.08	32
76.03	137.58	32
157.49	232.03	32
287.4	523.09	32
421.69	654.43	32
714.88	885.57	32
726.25	1268.76	32
861.12	1502.05	32
975.19	1793.62	32
1099.68	1975.71	32
1588.57	2249.5	32
0.39	0.33	33
0.36	0.37	33
0.59	0.53	33
0.8	0.83	33
1.09	0.99	33
1.62	1.23	33
1.82	1.29	33
2.05	2.0	33
2.58	2.79	33
3.57	3.96	33
4.33	4.67	33
5.81	5.56	33
9.15	9.0	33
14.51	14.04	33
27.03	25.73	33
48.47	48.06	33
91.21	89.49	33
174.11	172.79	33
255.32	254.95	33
333.95	332.43	33
419.89	418.69	33
503.52	494.8	33
583.56	580.66	33
650.66	664.69	33
731.47	739.03	33
0.26	0.32	33
0.39	0.4	33
0.47	0.58	33
0.81	0.79	33
1.1	1.2	33
1.35	1.25	33
1.61	1.97	33
2.08	2.23	33
3.74	3.02	33
4.55	4.85	33
6.18	6.4	33
10.89	11.25	33
18.93	19.71	33
36.48	35.69	33
67.41	67.16	33
132.37	128.92	33
252.02	249.6	33
475.61	474.6	33
690.48	692.58	33
914.61	920.84	33
1143.25	1137.66	33
1365.05	1366.3	33
1589.24	1589.79	33
1808.33	1814.88	33
2039.24	2039.39	33
0.29	0.37	33
0.32	0.4	33
0.45	0.44	33
0.8	0.69	33
0.84	1.03	33
1.54	1.18	33
2.03	1.72	33
1.88	1.72	33
2.63	2.68	33
3.28	3.13	33
4.37	4.14	33
5.36	5.51	33
8.63	8.32	33
14.29	14.9	33
26.35	25.54	33
43.54	47.28	33
85.47	87.7	33
163.91	160.75	33
242.83	241.21	33
316.14	302.48	33
390.21	390.31	33
461.27	468.29	33
542.61	562.29	33
607.47	619.15	33
678.35	686.82	33
0.28	0.35	33
0.34	0.37	33
0.49	0.48	33
0.78	0.79	33
1.11	1.07	33
1.49	1.14	33
1.43	1.55	33
2.2	1.94	33
2.79	3.73	33
4.77	4.31	33
6.04	5.87	33
9.31	10.37	33
18.17	17.64	33
32.86	32.68	33
63.21	61.92	33
120.5	116.41	33
230.19	231.16	33
447.47	435.36	33
639.49	633.87	33
831.28	818.52	33
1031.68	1023.67	33
1241.47	1227.87	33
1439.53	1440.11	33
1634.28	1638.48	33
1846.08	1820.79	33
0.37	0.36	34
0.37	0.38	34
0.53	0.52	34
0.69	0.71	34
1.12	1.09	34
1.38	1.2	34
1.54	1.96	34
2.14	1.85	34
3.15	3.2	34
4.63	4.21	34
6.9	6.35	34
10.29	10.33	34
17.24	18.02	34
33.65	34.22	34
64.89	64.03	34
124.05	124.42	34
248.14	246.79	34
479.1	480.78	34
715.74	709.56	34
946.43	939.81	34
1181.74	1177.02	34
1409.4	1405.77	34
1644.09	1641.8	34
1877.99	1870.81	34
2105.81	2103.13	34
0.29	0.39	34
0.32	0.39	34
0.52	0.51	34
0.86	0.78	34
1.13	1.19	34
1.44	1.56	34
1.9	1.54	34
2.06	2.21	34
3.06	2.78	34
3.21	3.32	34
4.2	4.67	34
6.26	6.32	34
9.95	10.0	34
16.95	17.26	34
31.14	30.37	34
58.03	57.32	34
110.83	111.01	34
214.52	215.11	34
316.22	313.89	34
417.93	418.61	34
524.18	517.93	34
651.68	644.72	34
762.46	760.66	34
881.07	873.07	34
984.41	985.74	34
0.25	0.27	34
0.29	0.33	34
0.41	0.39	34
0.67	0.64	34
0.97	0.84	34
1.5	1.09	34
1.47	1.38	34
1.76	1.76	34
2.92	2.63	34
3.53	3.28	34
5.5	6.11	34
9.29	8.67	34
15.97	16.13	34
29.35	29.81	34
56.3	56.53	34
112.08	106.95	34
212.21	215.28	34
415.46	420.26	34
614.66	617.97	34
807.21	800.17	34
1007.46	993.04	34
1196.77	1189.52	34
1455.55	1466.93	34
1621.48	1624.57	34
1855.31	1831.76	34
0.29	0.32	34
0.35	0.36	34
0.45	0.54	34
0.72	0.7	34
1.09	0.87	34
1.28	1.33	34
1.75	1.34	34
1.88	1.9	34
2.64	2.6	34
3.1	3.02	34
3.92	4.01	34
5.9	5.79	34
8.87	8.94	34
15.76	15.3	34
27.46	27.94	34
51.05	50.96	34
96.57	95.83	34
185.38	181.33	34
271.57	269.05	34
353.95	351.49	34
446.28	448.0	34
539.37	529.2	34
623.23	629.82	34
716.93	721.28	34
811.54	812.28	34
0.3	0.31	35
0.4	0.39	35
0.41	0.48	35
0.71	0.62	35
1.21	1.03	35
1.09	1.14	35
1.9	1.61	35
1.85	1.85	35
3.51	3.48	35
3.56	3.31	35
4.58	4.23	35
7.16	6.51	35
9.97	10.97	35
17.5	17.61	35
32.37	31.23	35
61.14	60.35	35
116.36	116.65	35
223.07	222.13	35
326.03	326.57	35
435.04	434.15	35
546.49	544.16	35
658.19	656.7	35
764.46	763.21	35
876.28	874.5	35
982.13	980.86	35
0.28	0.35	35
0.39	0.4	35
0.56	0.52	35
0.81	0.69	35
0.98	0.98	35
1.21	1.81	35
2.01	1.58	35
2.12	2.26	35
3.34	3.6	35
4.3	4.24	35
6.0	6.83	35
9.86	9.7	35
17.63	17.0	35
31.2	30.89	35
60.25	59.28	35
115.01	116.07	35
227.87	229.97	35
438.63	442.06	35
658.54	657.59	35
869.56	864.09	35
1083.99	1074.34	35
1297.97	1295.73	35
1507.11	1507.76	35
1714.87	1722.63	35
1925.04	1936.64	35
0.28	0.32	35
0.34	0.35	35
0.42	0.48	35
0.71	0.69	35
1.1	1.04	35
1.28	0.96	35
1.47	2.19	35
1.45	1.53	35
2.88	2.35	35
3.06	3.1	35
3.8	4.25	35
5.7	5.93	35
8.41	8.53	35
13.71	15.59	35
25.54	25.2	35
47.92	46.64	35
89.03	88.46	35
171.12	168.85	35
245.33	255.68	35
324.93	323.42	35
406.99	399.48	35
488.14	487.64	35
559.83	563.09	35
645.57	655.99	35
725.74	739.81	35
0.26	0.3	35
0.32	0.3	35
0.46	0.45	35
0.65	0.76	35
0.99	1.03	35
2.06	1.22	35
1.85	1.68	35
2.62	2.16	35
2.7	2.77	35
3.76	3.89	35
5.77	5.66	35
9.08	8.39	35
15.49	15.75	35
28.7	28.55	35
56.24	56.5	35
105.83	103.45	35
209.21	207.19	35
392.81	408.42	35
605.8	581.18	35
771.91	783.67	35
959.79	961.33	35
1150.69	1156.08	35
1346.93	1345.63	35
1519.61	1524.71	35
1718.05	1744.25	35
0.32	0.25	36
0.43	0.35	36
0.47	0.48	36
0.75	0.72	36
1.11	0.9	36
1.45	1.05	36
1.36	1.37	36
1.85	2.11	36
3.22	3.24	36
4.6	4.38	36
6.84	6.04	36
10.24	9.97	36
17.3	17.67	36
32.4	33.07	36
61.63	62.05	36
120.05	118.5	36
237.37	233.85	36
454.42	454.48	36
678.72	676.61	36
901.34	900.4	36
1128.32	1121.55	36
1348.45	1344.11	36
1572.83	1573.11	36
1798.3	1792.94	36
2019.01	2018.02	36
0.31	0.34	36
0.36	0.38	36
0.44	0.46	36
0.73	0.75	36
1.15	1.06	36
1.34	1.08	36
1.83	1.9	36
2.24	1.87	36
2.69	2.83	36
3.7	3.3	36
4.15	3.83	36
5.77	5.34	36
8.9	8.38	36
14.87	14.73	36
25.61	25.51	36
47.68	46.01	36
89.52	88.67	36
173.48	174.3	36
258.09	254.04	36
336.73	339.66	36
421.73	413.01	36
499.0	505.29	36
578.54	594.05	36
663.53	659.05	36
742.22	742.45	36
0.27	0.27	36
0.32	0.36	36
0.42	0.43	36
0.69	0.71	36
1.03	0.87	36
1.34	1.34	36
1.9	1.57	36
1.82	1.61	36
2.5	2.7	36
4.12	3.45	36
5.46	5.61	36
9.13	9.38	36
16.48	16.17	36
29.59	28.75	36
55.85	54.62	36
105.65	107.05	36
209.43	207.57	36
405.8	391.82	36
590.03	587.21	36
785.62	767.43	36
964.35	964.94	36
1163.07	1140.49	36
1330.38	1330.49	36
1523.33	1504.97	36
1695.47	1704.64	36
0.29	0.34	36
0.32	0.35	36
0.49	0.44	36
0.87	0.63	36
0.92	1.07	36
1.5	1.22	36
2.03	1.22	36
2.1	2.33	36
2.67	3.07	36
3.43	3.14	36
3.86	4.04	36
5.55	5.37	36
8.5	8.1	36
15.28	13.34	36
25.25	25.02	36
48.03	43.59	36
94.79	86.65	36
160.1	160.74	36
245.37	254.36	36
303.69	305.78	36
394.26	396.87	36
484.22	455.54	36
529.01	530.43	36
611.81	616.14	36
674.19	690.19	36
0.3	0.29	37
0.37	0.36	37
0.32	0.38	37
0.33	0.29	37
0.39	0.39	37
0.41	0.45	37
0.41	0.42	37
0.46	0.47	37
0.61	0.55	37
0.65	0.66	37
0.77	0.81	37
1.07	1.09	37
1.56	1.55	37
2.34	2.58	37
4.39	4.63	37
7.32	7.73	37
12.23	14.34	37
22.54	24.81	37
41.25	48.23	37
79.71	94.36	37
155.73	177.97	37
227.66	269.04	37
297.27	348.36	37
367.84	433.29	37
441.41	517.79	37
513.3	575.29	37
587.22	688.56	37
658.69	775.56	37
0.34	0.31	37
0.3	0.32	37
0.28	0.34	37
0.36	0.34	37
0.28	0.38	37
0.3	0.35	37
0.4	0.46	37
0.53	0.56	37
0.63	0.56	37
0.89	0.86	37
1.59	1.6	37
3.21	2.4	37
6.32	4.07	37
10.61	7.14	37
21.83	13.68	37
42.68	27.69	37
83.87	57.82	37
167.67	116.5	37
330.39	228.58	37
657.33	533.5	37
1279.51	785.48	37
1897.97	1189.66	37
2516.81	1541.12	37
3137.73	1922.7	37
3758.43	2301.3	37
4377.21	2689.07	37
4995.31	3059.5	37
5620.47	3441.82	37
0.3	0.23	37
0.24	0.27	37
0.27	0.31	37
0.27	0.28	37
0.28	0.3	37
0.35	0.34	37
0.32	0.38	37
0.4	0.47	37
0.45	0.46	37
0.58	0.6	37
0.76	0.76	37
0.97	1.11	37
1.42	1.73	37
2.32	2.82	37
4.09	5.11	37
7.26	8.58	37
12.25	14.59	37
23.05	27.82	37
41.71	49.25	37
79.49	96.2	37
153.13	169.55	37
223.69	268.78	37
299.29	356.07	37
370.9	404.03	37
440.44	549.57	37
543.94	578.52	37
583.8	645.8	37
661.27	731.53	37
0.27	0.29	37
0.28	0.3	37
0.29	0.27	37
0.29	0.31	37
0.27	0.32	37
0.31	0.38	37
0.4	0.34	37
0.47	0.44	37
0.71	0.64	37
1.15	0.86	37
1.64	1.32	37
3.04	2.08	37
5.59	3.94	37
10.9	7.12	37
22.02	19.5	37
42.45	27.48	37
84.1	53.46	37
166.85	117.62	37
331.22	214.91	37
659.09	423.44	37
1276.24	813.97	37
1901.78	1193.45	37
2521.78	1598.64	37
3136.22	2043.22	37
3765.35	2389.3	37
4382.72	2758.32	37
5001.87	3155.21	37
5605.29	3560.62	37
0.26	0.32	38
0.3	0.27	38
0.25	0.29	38
0.32	0.32	38
0.3	0.37	38
0.33	0.37	38
0.37	0.4	38
0.48	0.44	38
0.55	0.58	38
0.66	0.61	38
0.88	0.86	38
1.52	1.48	38
2.44	2.52	38
4.16	4.73	38
8.75	8.83	38
16.6	18.09	38
31.52	33.78	38
62.6	64.98	38
123.19	126.48	38
240.29	256.3	38
466.15	487.74	38
689.08	731.85	38
909.97	944.41	38
1134.54	1189.03	38
1355.61	1424.21	38
1576.99	1676.05	38
1801.32	1907.57	38
2025.16	2136.2	38
0.26	0.34	38
0.26	0.26	38
0.3	0.31	38
0.25	0.3	38
0.22	0.27	38
0.34	0.32	38
0.4	0.41	38
0.45	0.47	38
0.61	0.61	38
1.02	0.84	38
1.36	1.43	38
2.6	2.33	38
4.76	4.02	38
9.55	6.29	38
19.95	14.62	38
40.18	23.56	38
76.69	56.96	38
154.27	111.52	38
302.79	218.69	38
602.16	363.06	38
1177.09	709.85	38
1744.95	1053.12	38
2305.38	1392.2	38
2873.64	1730.98	38
3433.93	2071.34	38
4000.28	2417.54	38
4568.95	3355.5	38
5121.51	3125.1	38
0.24	0.25	38
0.25	0.26	38
0.24	0.3	38
0.23	0.28	38
0.23	0.29	38
0.32	0.31	38
0.35	0.34	38
0.38	0.39	38
0.55	0.53	38
0.6	0.64	38
0.92	0.91	38
1.4	1.43	38
2.19	2.46	38
3.96	4.49	38
7.69	8.36	38
14.5	16.95	38
27.07	33.57	38
52.18	60.22	38
101.8	120.22	38
201.61	219.64	38
390.76	421.3	38
580.92	655.16	38
765.26	800.8	38
955.22	1011.72	38
1142.25	1203.02	38
1327.55	1406.19	38
1508.3	1760.87	38
1704.24	1907.28	38
0.23	0.27	38
0.27	0.25	38
0.25	0.29	38
0.26	0.31	38
0.31	0.25	38
0.32	0.32	38
0.35	0.35	38
0.44	0.55	38
0.61	0.75	38
1.02	0.89	38
1.67	1.66	38
2.63	2.32	38
5.2	3.14	38
9.67	6.47	38
18.69	14.57	38
38.21	31.93	38
74.84	47.79	38
148.74	111.57	38
291.31	284.25	38
582.02	368.9	38
1132.26	849.3	38
1683.41	1045.58	38
2222.14	1677.03	38
2761.74	1732.49	38
3253.26	2035.95	38
3755.34	2325.69	38
4264.21	2602.49	38
4960.55	3146.64	38
0.25	0.31	39
0.25	0.28	39
0.25	0.29	39
0.28	0.3	39
0.26	0.32	39
0.3	0.36	39
0.41	0.32	39
0.5	0.47	39
0.59	0.58	39
1.06	0.84	39
1.45	1.03	39
2.93	1.87	39
5.03	2.99	39
9.04	4.88	39
17.24	12.0	39
34.92	20.38	39
70.28	50.31	39
137.06	79.61	39
273.01	192.43	39
544.96	311.92	39
1054.21	607.43	39
1561.71	1119.79	39
2064.74	1314.28	39
2559.75	1468.95	39
3058.36	1756.58	39
3553.94	2068.09	39
4072.02	2346.14	39
4664.55	2671.12	39
0.25	0.29	39
0.3	0.3	39
0.26	0.35	39
0.31	0.29	39
0.28	0.25	39
0.3	0.41	39
0.37	0.35	39
0.4	0.39	39
0.46	0.46	39
0.64	0.66	39
0.93	0.92	39
1.45	1.53	39
2.24	2.38	39
3.83	4.34	39
7.83	8.42	39
15.09	16.18	39
28.84	30.28	39
56.61	59.95	39
111.13	118.93	39
221.43	231.68	39
426.04	450.33	39
633.72	673.94	39
838.11	893.25	39
1049.25	1109.82	39
1255.34	1330.34	39
1458.26	1549.74	39
1667.35	1768.18	39
1878.12	1988.25	39
0.24	0.25	39
0.28	0.26	39
0.23	0.24	39
0.25	0.3	39
0.26	0.28	39
0.31	0.29	39
0.31	0.36	39
0.41	0.43	39
0.55	0.53	39
0.79	0.83	39
1.42	1.26	39
2.44	1.74	39
3.74	2.82	39
7.66	5.03	39
15.16	9.74	39
30.85	29.33	39
60.3	36.95	39
120.87	71.01	39
240.22	139.46	39
473.35	279.94	39
923.07	534.84	39
1362.77	787.5	39
1806.18	1040.14	39
2243.73	1327.31	39
2680.02	1550.12	39
3126.8	1824.69	39
3586.79	2027.81	39
4055.84	2337.54	39
0.24	0.32	39
0.3	0.24	39
0.28	0.25	39
0.23	0.28	39
0.28	0.28	39
0.32	0.31	39
0.37	0.33	39
0.4	0.44	39
0.54	0.55	39
0.6	0.69	39
0.88	0.79	39
1.43	1.57	39
2.28	2.63	39
4.04	4.47	39
7.85	9.06	39
14.77	16.94	39
28.02	34.56	39
54.35	58.78	39
106.28	112.39	39
210.06	243.84	39
405.54	478.11	39
600.19	697.35	39
794.63	842.69	39
990.17	1036.14	39
1183.38	1289.06	39
1377.71	1452.08	39
1570.54	1684.61	39
1772.35	1868.08	39
0.23	0.27	40
0.27	0.32	40
0.2	0.24	40
0.22	0.33	40
0.28	0.31	40
0.35	0.3	40
0.31	0.34	40
0.47	0.36	40
0.65	0.53	40
0.84	0.82	40
1.44	0.95	40
2.52	1.99	40
5.4	4.14	40
10.85	5.71	40
21.0	11.94	40
40.57	24.54	40
80.79	48.75	40
162.4	126.24	40
324.67	195.78	40
658.56	400.54	40
1291.26	785.09	40
1918.84	1245.01	40
2546.68	1555.39	40
3172.08	1930.63	40
3795.19	2425.17	40
4408.71	2711.99	40
5030.51	3073.57	40
5664.9	3456.54	40
0.2	0.24	40
0.22	0.24	40
0.24	0.24	40
0.26	0.24	40
0.26	0.25	40
0.29	0.3	40
0.28	0.26	40
0.37	0.4	40
0.56	0.51	40
0.77	0.76	40
1.37	1.02	40
2.61	1.83	40
4.36	3.67	40
8.98	7.29	40
18.59	14.29	40
37.32	23.96	40
74.28	46.68	40
147.01	116.45	40
290.79	200.06	40
578.83	468.41	40
1125.07	704.16	40
1674.72	1049.42	40
2226.88	1453.73	40
2765.5	1731.34	40
3306.49	2041.06	40
3855.76	2371.08	40
4396.09	2749.51	40
4943.07	3028.95	40
0.26	0.24	40
0.25	0.23	40
0.23	0.3	40
0.23	0.27	40
0.25	0.3	40
0.32	0.28	40
0.35	0.34	40
0.41	0.38	40
0.46	0.5	40
0.61	0.6	40
0.71	0.82	40
1.0	1.16	40
1.48	1.77	40
2.4	2.71	40
4.03	5.27	40
7.12	8.81	40
12.32	13.59	40
22.17	28.24	40
41.26	57.24	40
80.73	88.44	40
154.33	171.03	40
222.36	278.99	40
296.9	348.2	40
371.25	411.09	40
442.33	489.78	40
510.55	560.03	40
584.7	664.1	40
662.45	714.93	40
