0.56	0.62	1
0.73	0.74	1
0.78	1.09	1
1.17	1.14	1
1.22	1.52	1
1.55	1.55	1
1.42	1.31	1
1.33	1.61	1
2.29	2.38	1
2.25	2.31	1
3.04	3.25	1
4.43	4.73	1
7.31	7.78	1
12.03	12.79	1
20.89	23.52	1
38.94	35.17	1
73.09	67.01	1
146.02	127.59	1
278.1	311.27	1
412.36	368.64	1
558.73	483.46	1
814.45	757.05	1
810.86	711.11	1
950.8	1049.33	1
1091.73	1198.19	1
1227.53	1353.88	1
0.6	0.62	1
0.72	0.94	1
1.14	1.12	1
1.27	1.19	1
1.6	1.5	1
1.47	1.82	1
1.94	1.72	1
2.69	1.73	1
3.16	3.05	1
3.85	4.25	1
8.88	7.57	1
14.84	14.28	1
28.13	27.87	1
46.89	45.47	1
91.56	89.44	1
209.8	207.01	1
417.57	349.41	1
833.58	818.99	1
1632.71	1591.19	1
2056.62	2370.01	1
3254.38	2253.75	1
4114.24	3449.66	1
4982.31	4169.36	1
4963.12	4912.96	1
6700.49	6579.58	1
7537.89	7402.02	1
0.58	0.56	1
0.72	0.57	1
0.94	1.18	1
1.01	1.31	1
1.42	1.02	1
1.6	1.39	1
1.43	1.35	1
1.46	1.36	1
2.26	2.05	1
2.39	2.14	1
3.49	3.07	1
6.19	3.86	1
11.14	6.36	1
19.79	10.38	1
39.05	18.85	1
70.22	35.25	1
116.21	66.37	1
285.92	163.73	1
422.49	326.73	1
590.94	373.55	1
767.52	482.42	1
987.23	601.46	1
1216.03	933.63	1
1306.92	834.27	1
1504.46	1199.9	1
1686.75	1073.06	1
0.6	0.58	1
0.8	0.71	1
1.02	1.14	1
1.16	1.41	1
1.31	1.31	1
1.13	1.45	1
2.05	1.5	1
2.06	1.91	1
3.72	2.75	1
5.03	4.54	1
9.57	6.53	1
16.28	12.77	1
33.57	27.47	1
60.22	38.73	1
104.34	103.91	1
237.61	208.2	1
472.95	410.67	1
897.31	702.29	1
1761.96	1591.5	1
2686.27	1691.73	1
3531.35	3201.24	1
4430.35	4041.24	1
5385.18	4896.75	1
5261.84	4062.03	1
7188.39	6586.74	1
8081.69	6317.48	1
0.69	0.52	2
0.85	0.78	2
1.29	1.0	2
1.35	1.24	2
1.35	1.25	2
1.43	1.55	2
1.66	1.96	2
1.91	2.16	2
2.18	2.42	2
2.77	2.96	2
4.22	4.43	2
6.58	6.54	2
11.25	11.33	2
20.73	21.45	2
39.19	35.95	2
73.26	68.56	2
144.63	151.56	2
287.11	298.14	2
552.14	578.9	2
815.76	856.49	2
1182.73	1132.86	2
1337.86	1259.48	2
1602.65	1679.93	2
1860.77	1738.23	2
2102.05	2212.26	2
2363.09	2220.71	2
0.51	0.73	2
0.67	0.74	2
0.91	1.08	2
1.52	1.23	2
1.82	1.31	2
1.45	1.25	2
1.55	1.51	2
1.89	2.22	2
2.81	2.52	2
4.63	4.39	2
5.8	7.01	2
13.09	10.85	2
25.13	20.76	2
40.13	46.65	2
94.52	78.16	2
184.43	179.44	2
363.8	356.63	2
725.39	597.22	2
1400.73	1371.78	2
2076.72	1716.64	2
2758.12	2695.32	2
3426.21	3346.7	2
4097.73	3393.31	2
3997.14	3194.17	2
5427.93	4487.34	2
6107.91	5957.31	2
0.53	0.51	2
0.76	0.75	2
1.05	0.98	2
1.12	1.14	2
1.29	1.31	2
1.41	1.32	2
1.6	1.44	2
1.58	1.85	2
2.17	2.02	2
3.0	2.89	2
4.61	3.57	2
8.18	5.93	2
13.78	11.68	2
26.84	21.13	2
53.22	41.24	2
83.77	65.19	2
171.34	143.02	2
327.28	249.18	2
637.5	480.89	2
1011.6	718.71	2
1296.17	948.52	2
1576.63	1472.42	2
1842.34	1414.59	2
2147.2	1640.23	2
2494.04	1874.51	2
2812.36	2110.31	2
0.55	0.62	2
0.84	0.81	2
1.03	0.98	2
1.83	1.56	2
1.47	1.14	2
1.33	1.4	2
1.81	1.98	2
2.07	1.82	2
2.81	2.77	2
4.83	4.36	2
9.53	7.55	2
14.47	11.57	2
28.16	17.64	2
47.36	40.76	2
103.07	91.87	2
204.87	180.32	2
394.44	356.85	2
823.25	712.54	2
1523.78	1373.88	2
2289.08	2043.5	2
3000.39	2699.33	2
3752.24	3350.08	2
4483.82	2795.76	2
5193.19	4620.7	2
5834.06	5225.33	2
6548.46	5832.24	2
0.53	0.55	3
0.77	0.73	3
0.86	1.13	3
1.52	1.07	3
1.13	1.21	3
1.57	1.37	3
1.62	1.34	3
1.84	1.89	3
2.82	3.23	3
5.25	4.43	3
6.93	6.69	3
12.13	12.5	3
23.97	16.0	3
45.26	44.45	3
88.98	87.79	3
176.31	173.32	3
349.69	341.29	3
695.13	680.17	3
1343.07	1109.97	3
1987.03	1941.63	3
2631.69	1754.84	3
2728.23	3203.47	3
3918.6	3829.9	3
4754.65	4626.26	3
5412.19	4457.1	3
6071.16	5008.58	3
0.63	0.55	3
0.71	0.91	3
1.19	1.17	3
1.17	1.29	3
1.46	1.3	3
1.46	1.51	3
1.48	1.9	3
1.69	2.08	3
1.87	2.21	3
3.38	3.13	3
3.84	4.04	3
6.67	6.33	3
11.36	12.47	3
20.34	18.71	3
38.84	37.07	3
75.2	77.32	3
143.82	135.72	3
285.96	301.58	3
551.03	525.35	3
819.86	771.41	3
1087.02	1021.95	3
1355.97	1465.22	3
1671.47	1744.2	3
1928.51	2239.04	3
2204.85	2070.07	3
2702.36	2595.35	3
0.57	0.56	3
0.68	0.63	3
0.79	0.76	3
1.06	1.07	3
0.94	1.12	3
1.34	1.57	3
1.64	1.46	3
2.24	1.8	3
2.51	2.73	3
4.26	3.69	3
7.53	6.32	3
11.17	9.64	3
21.83	21.41	3
49.73	40.96	3
98.62	79.26	3
200.55	132.91	3
353.63	213.0	3
703.07	613.42	3
1120.58	1004.36	3
2030.15	1214.67	3
2642.71	2365.03	3
2796.25	2942.67	3
4047.12	3519.82	3
4608.25	4105.01	3
5376.26	4674.8	3
5970.65	5253.71	3
0.5	0.5	3
0.73	0.84	3
0.97	1.07	3
1.18	1.18	3
1.38	1.26	3
1.47	1.35	3
1.43	1.48	3
1.97	1.79	3
2.33	1.88	3
2.99	3.01	3
5.06	4.15	3
8.23	6.53	3
14.74	10.32	3
25.03	18.42	3
47.45	33.57	3
93.75	71.98	3
187.56	125.44	3
333.15	248.05	3
662.09	481.26	3
949.71	713.75	3
1256.28	1190.3	3
1621.9	1176.64	3
1842.92	1409.53	3
2216.49	1871.12	3
2482.38	2101.81	3
2734.05	2109.15	3
0.66	0.55	4
0.9	1.01	4
0.93	1.46	4
1.22	1.06	4
1.33	1.43	4
1.52	1.65	4
1.72	1.77	4
2.34	1.99	4
3.03	2.67	4
4.65	4.67	4
8.39	8.4	4
14.88	15.26	4
25.16	23.36	4
54.32	45.43	4
110.23	93.2	4
215.81	181.61	4
428.34	419.13	4
849.56	834.11	4
1651.01	1380.5	4
2444.74	2399.49	4
3239.77	2706.64	4
4023.38	3952.05	4
4812.34	4037.56	4
5607.83	4689.44	4
6410.91	6267.17	4
7186.82	7049.16	4
0.62	0.57	4
0.76	0.81	4
1.07	0.92	4
1.14	1.2	4
1.42	1.25	4
1.19	1.77	4
1.4	1.35	4
1.44	2.22	4
1.85	1.99	4
2.32	1.99	4
3.02	3.48	4
4.29	4.11	4
6.76	6.3	4
11.4	10.31	4
21.06	19.08	4
38.93	34.75	4
73.94	67.44	4
144.49	131.07	4
280.19	245.87	4
410.32	654.19	4
546.15	481.82	4
677.11	913.05	4
809.67	717.78	4
947.53	1046.66	4
1072.45	948.29	4
1204.73	1354.38	4
0.54	0.5	4
0.73	0.71	4
1.03	0.94	4
1.13	1.27	4
1.3	1.37	4
1.37	1.48	4
1.56	1.76	4
2.12	1.82	4
2.97	2.74	4
4.49	3.83	4
8.7	7.25	4
14.92	13.08	4
29.39	21.14	4
57.83	41.35	4
113.45	94.3	4
204.4	185.21	4
446.92	368.06	4
868.2	626.1	4
1603.46	1427.55	4
2376.48	2099.03	4
3083.07	2786.55	4
3217.38	2938.68	4
4573.89	4153.46	4
5349.87	4851.23	4
6145.56	4675.39	4
5742.59	6204.13	4
0.5	0.55	4
0.64	0.61	4
0.81	0.98	4
1.28	1.39	4
1.52	1.17	4
1.2	1.06	4
1.59	1.26	4
1.49	1.72	4
2.08	1.98	4
2.62	1.76	4
3.66	2.79	4
5.91	3.9	4
9.83	6.26	4
19.47	10.85	4
33.35	19.56	4
71.95	35.7	4
119.09	65.48	4
223.78	162.08	4
411.29	250.55	4
561.8	560.14	4
767.58	482.46	4
991.78	758.37	4
1217.28	718.62	4
1298.28	1056.78	4
1478.86	1460.13	4
1704.84	1072.78	4
0.42	0.45	5
0.56	0.63	5
0.82	0.75	5
1.37	1.2	5
1.69	1.87	5
3.6	2.83	5
3.99	2.51	5
3.9	3.31	5
5.1	3.86	5
6.12	6.62	5
10.35	10.82	5
18.22	17.86	5
34.62	34.72	5
64.25	64.27	5
121.46	120.19	5
218.48	217.24	5
377.35	370.9	5
625.34	622.76	5
871.46	874.7	5
1120.54	1115.01	5
1368.57	1363.06	5
1579.18	1576.05	5
1793.83	1781.34	5
1968.19	1988.95	5
2157.57	2198.91	5
0.38	0.38	5
0.5	0.55	5
0.82	0.84	5
1.27	1.39	5
2.6	2.22	5
2.81	2.95	5
3.33	3.86	5
5.89	4.68	5
8.86	9.13	5
15.37	14.89	5
27.57	27.35	5
52.99	53.67	5
101.6	101.32	5
185.45	186.66	5
324.71	328.04	5
537.78	540.53	5
801.55	799.63	5
1203.42	1208.65	5
1592.41	1591.35	5
1976.95	1984.59	5
2352.67	2356.33	5
2757.33	2735.67	5
3134.94	3173.46	5
3546.42	3494.68	5
3909.22	3852.22	5
0.39	0.37	5
0.5	0.5	5
0.82	0.78	5
1.34	1.24	5
1.87	2.16	5
2.36	1.88	5
2.86	2.79	5
3.31	2.89	5
4.29	3.79	5
6.17	6.44	5
9.52	10.02	5
16.44	15.61	5
29.05	28.08	5
53.22	54.94	5
99.67	100.15	5
177.14	178.17	5
308.55	305.45	5
540.58	536.94	5
760.69	769.93	5
994.68	999.38	5
1244.81	1238.8	5
1492.85	1459.85	5
1699.71	1672.07	5
1889.32	1867.36	5
2100.74	2066.06	5
0.43	0.37	5
0.61	0.47	5
0.89	0.83	5
1.18	1.54	5
1.83	2.65	5
2.88	1.94	5
3.74	4.44	5
5.02	6.32	5
8.21	8.08	5
16.69	15.52	5
27.62	27.74	5
52.77	52.63	5
100.31	98.79	5
178.81	179.47	5
316.83	313.77	5
508.17	504.66	5
750.19	746.42	5
1136.56	1142.03	5
1511.31	1518.12	5
1882.61	1878.44	5
2272.5	2261.33	5
2665.08	2632.19	5
3027.33	3016.53	5
3430.37	3331.23	5
3779.6	3636.38	5
0.42	0.4	6
0.59	0.58	6
0.86	0.75	6
1.34	1.22	6
1.78	2.2	6
2.45	2.39	6
3.66	3.65	6
5.31	6.26	6
9.91	8.42	6
14.72	14.94	6
28.85	28.71	6
52.71	52.58	6
101.12	101.25	6
188.03	188.36	6
335.98	339.01	6
556.61	558.42	6
827.16	820.88	6
1213.37	1215.7	6
1579.91	1594.19	6
1969.88	1956.93	6
2349.97	2332.0	6
2716.81	2761.94	6
3112.77	3107.07	6
3460.53	3485.81	6
3786.47	3798.51	6
0.41	0.37	6
0.58	0.57	6
0.89	0.94	6
1.47	1.25	6
2.48	2.6	6
1.96	2.62	6
2.67	3.31	6
3.23	4.34	6
5.47	5.16	6
7.95	8.1	6
10.85	11.88	6
18.95	18.68	6
35.13	35.58	6
67.6	67.39	6
126.93	123.69	6
223.82	224.09	6
385.56	383.49	6
643.63	646.22	6
881.94	880.41	6
1107.32	1122.03	6
1336.45	1342.63	6
1570.75	1564.35	6
1804.6	1813.84	6
2035.95	2036.25	6
2282.18	2273.95	6
0.34	0.38	6
0.46	0.52	6
0.73	0.72	6
1.13	1.18	6
2.08	1.39	6
2.8	2.73	6
2.97	3.57	6
4.03	4.07	6
6.45	6.32	6
11.23	11.2	6
20.77	20.68	6
37.91	37.68	6
71.25	72.6	6
131.14	132.57	6
230.02	232.78	6
389.69	392.72	6
604.52	602.62	6
956.16	953.38	6
1299.7	1291.02	6
1632.67	1632.28	6
1974.36	1960.18	6
2298.24	2302.36	6
2643.84	2645.92	6
2971.62	2958.04	6
3276.73	3261.4	6
0.42	0.37	6
0.52	0.53	6
0.9	0.76	6
1.35	1.38	6
2.01	2.4	6
2.5	1.91	6
3.11	2.38	6
3.78	3.43	6
4.96	4.32	6
6.28	5.64	6
9.88	10.67	6
18.45	17.58	6
31.82	31.7	6
57.39	58.76	6
104.5	104.77	6
189.49	191.52	6
331.02	327.07	6
565.97	562.41	6
792.82	796.03	6
1015.72	1014.86	6
1240.77	1255.29	6
1489.75	1483.83	6
1719.29	1707.87	6
1953.08	1929.73	6
2199.13	2133.13	6
0.4	0.38	7
0.52	0.55	7
0.91	0.82	7
1.38	1.46	7
2.58	2.32	7
2.53	2.07	7
3.05	3.11	7
2.85	2.55	7
4.98	3.93	7
6.71	6.55	7
11.05	10.59	7
18.95	17.54	7
34.05	33.92	7
63.98	63.02	7
119.76	119.83	7
217.14	216.19	7
377.34	371.11	7
628.0	627.95	7
870.37	867.74	7
1087.27	1097.8	7
1316.95	1319.28	7
1534.89	1554.23	7
1790.0	1794.46	7
2024.65	2027.78	7
2271.08	2243.11	7
0.39	0.4	7
0.63	0.52	7
0.77	0.74	7
1.33	1.47	7
2.45	1.68	7
2.13	1.96	7
3.3	3.2	7
5.14	4.97	7
7.59	8.85	7
14.06	14.97	7
27.7	27.4	7
49.76	50.93	7
96.01	95.34	7
179.34	177.47	7
316.59	317.99	7
532.28	530.77	7
797.0	794.74	7
1183.21	1177.54	7
1565.84	1548.21	7
1929.72	1929.52	7
2305.45	2297.13	7
2664.51	2649.93	7
3018.74	3027.45	7
3358.48	3361.96	7
3674.99	3697.99	7
0.39	0.36	7
0.51	0.49	7
0.73	0.86	7
1.25	1.31	7
1.91	2.49	7
1.8	2.26	7
3.65	3.89	7
3.59	3.19	7
4.22	4.18	7
6.74	6.4	7
9.57	8.94	7
15.83	15.54	7
28.87	29.1	7
54.18	52.59	7
97.94	96.58	7
177.66	180.54	7
309.55	313.43	7
544.91	542.47	7
778.58	777.63	7
999.09	996.58	7
1219.35	1217.61	7
1450.84	1428.86	7
1701.46	1673.17	7
1928.01	1907.03	7
2158.22	2115.83	7
0.36	0.39	7
0.53	0.54	7
0.71	0.75	7
1.17	1.01	7
1.82	2.01	7
2.39	2.94	7
3.15	3.71	7
4.96	5.34	7
6.72	7.45	7
12.92	12.35	7
21.89	21.97	7
41.9	42.9	7
80.05	79.08	7
144.85	148.51	7
260.75	254.64	7
429.11	429.4	7
652.19	651.46	7
996.6	1003.65	7
1354.48	1350.23	7
1691.36	1712.34	7
2044.51	2037.89	7
2396.75	2410.3	7
2761.72	2743.24	7
3084.73	3082.81	7
3414.31	3396.43	7
0.43	0.38	8
0.52	0.54	8
0.84	0.88	8
1.38	1.27	8
2.27	2.24	8
2.79	2.86	8
3.42	4.21	8
5.13	4.96	8
8.59	9.53	8
15.47	15.91	8
27.89	29.08	8
52.72	51.66	8
100.48	99.0	8
184.21	185.52	8
328.37	331.0	8
549.11	548.2	8
812.94	821.48	8
1222.28	1227.37	8
1626.64	1625.1	8
2011.42	2052.79	8
2445.49	2439.48	8
2839.18	2837.94	8
3255.75	3226.77	8
3660.68	3620.6	8
4059.09	3951.34	8
0.42	0.41	8
0.59	0.63	8
0.82	0.79	8
1.32	1.38	8
2.05	2.48	8
2.45	3.11	8
2.48	3.08	8
4.8	3.12	8
4.41	4.5	8
7.5	7.27	8
10.65	11.3	8
21.0	19.9	8
35.38	34.48	8
69.49	68.5	8
120.55	126.81	8
226.12	223.88	8
383.21	385.5	8
637.07	634.47	8
884.5	879.63	8
1121.82	1125.62	8
1352.22	1371.96	8
1573.25	1595.65	8
1769.34	1806.94	8
1982.61	2022.84	8
2181.83	2206.08	8
0.36	0.31	8
0.45	0.5	8
0.75	0.74	8
1.13	1.08	8
1.81	1.74	8
2.61	2.62	8
2.9	3.75	8
3.96	4.23	8
6.54	6.55	8
11.69	10.97	8
20.89	20.88	8
37.65	37.65	8
73.02	71.93	8
130.56	128.69	8
233.81	233.71	8
396.93	391.13	8
603.15	607.26	8
973.69	965.25	8
1323.96	1329.13	8
1663.57	1663.87	8
2039.11	2020.9	8
2378.29	2365.85	8
2766.59	2709.34	8
3123.7	3064.24	8
3482.36	3374.16	8
0.39	0.36	8
0.53	0.52	8
0.74	0.77	8
1.3	1.14	8
1.91	1.75	8
1.92	2.68	8
2.5	2.6	8
3.31	2.81	8
4.07	3.98	8
6.79	6.16	8
9.66	8.93	8
16.2	16.64	8
28.33	28.48	8
53.67	53.66	8
97.38	95.95	8
173.72	178.02	8
306.53	309.45	8
534.37	534.51	8
768.52	765.95	8
987.32	992.05	8
1221.77	1222.72	8
1464.79	1444.38	8
1670.73	1649.82	8
1869.83	1876.37	8
2068.99	2071.1	8
0.33	0.3	9
0.29	0.3	9
0.33	0.35	9
0.3	0.3	9
0.32	0.37	9
0.37	0.37	9
0.41	0.37	9
0.45	0.47	9
0.49	0.42	9
0.6	0.5	9
0.61	0.67	9
0.85	0.89	9
1.11	1.13	9
1.81	2.01	9
2.84	2.69	9
4.78	5.3	9
7.93	8.3	9
14.7	16.21	9
27.54	28.34	9
49.37	46.87	9
95.47	107.0	9
187.08	204.87	9
274.35	288.94	9
361.31	365.36	9
445.98	468.91	9
530.98	555.39	9
620.68	610.26	9
710.25	694.56	9
802.65	823.49	9
0.28	0.29	9
0.3	0.29	9
0.33	0.36	9
0.31	0.34	9
0.3	0.32	9
0.32	0.35	9
0.39	0.33	9
0.42	0.42	9
0.6	0.55	9
0.7	0.69	9
1.01	1.03	9
2.03	1.64	9
3.36	2.96	9
6.91	5.54	9
12.87	10.4	9
26.11	20.02	9
52.54	40.05	9
105.94	66.05	9
211.69	159.66	9
417.21	316.03	9
828.18	735.2	9
1631.37	1025.99	9
2433.96	2166.39	9
3161.77	2404.1	9
3888.23	2443.99	9
4607.8	3503.78	9
5406.85	4107.92	9
6208.37	3908.28	9
7008.09	5325.71	9
0.25	0.24	9
0.22	0.27	9
0.24	0.22	9
0.27	0.28	9
0.27	0.23	9
0.28	0.35	9
0.29	0.34	9
0.3	0.38	9
0.4	0.46	9
0.53	0.52	9
0.66	0.65	9
0.97	0.87	9
1.42	1.26	9
2.3	2.05	9
3.3	2.83	9
6.19	5.48	9
9.61	7.92	9
19.48	15.39	9
38.41	27.35	9
67.54	53.61	9
166.81	102.8	9
257.62	190.09	9
370.15	278.58	9
471.95	365.76	9
674.99	427.76	9
703.48	542.5	9
803.06	618.41	9
895.5	667.84	9
1052.44	818.13	9
0.26	0.3	9
0.23	0.28	9
0.32	0.29	9
0.28	0.32	9
0.29	0.33	9
0.35	0.39	9
0.38	0.33	9
0.39	0.41	9
0.55	0.57	9
0.7	0.64	9
1.07	0.91	9
1.97	1.62	9
3.87	2.67	9
6.82	5.6	9
15.09	8.84	9
28.6	20.63	9
58.6	41.34	9
119.31	94.66	9
228.33	139.7	9
470.79	324.65	9
900.78	641.63	9
1832.28	1062.69	9
2637.09	1880.95	9
3468.79	2827.13	9
4163.38	3009.41	9
4934.45	4134.08	9
5848.05	3510.31	9
6644.27	4781.3	9
7519.9	6267.25	9
0.26	0.27	10
0.21	0.28	10
0.32	0.36	10
0.36	0.31	10
0.27	0.3	10
0.33	0.33	10
0.37	0.41	10
0.36	0.35	10
0.4	0.35	10
0.58	0.7	10
0.71	0.75	10
0.93	1.14	10
1.56	1.56	10
2.83	2.85	10
4.37	5.28	10
8.67	9.0	10
15.96	16.19	10
30.83	31.61	10
60.91	60.83	10
119.94	123.39	10
236.21	234.2	10
457.88	477.12	10
678.19	694.37	10
903.2	894.91	10
1124.05	1087.07	10
1342.16	1334.32	10
1560.72	1586.73	10
1784.49	1856.5	10
2009.07	2044.88	10
0.27	0.29	10
0.24	0.32	10
0.28	0.26	10
0.26	0.26	10
0.33	0.26	10
0.29	0.35	10
0.32	0.32	10
0.52	0.33	10
0.53	0.51	10
0.88	0.73	10
1.06	1.01	10
2.12	1.78	10
2.53	2.29	10
4.85	3.41	10
10.02	6.96	10
21.44	19.31	10
42.39	25.38	10
85.35	63.37	10
169.7	124.86	10
335.76	249.3	10
670.27	498.49	10
1300.07	967.63	10
1911.56	1427.1	10
2519.91	1873.36	10
3132.92	2319.99	10
3727.06	2765.4	10
4322.12	3817.29	10
4933.15	2946.62	10
5533.22	3303.34	10
0.24	0.26	10
0.25	0.25	10
0.25	0.28	10
0.23	0.24	10
0.27	0.24	10
0.32	0.3	10
0.32	0.3	10
0.35	0.32	10
0.38	0.36	10
0.52	0.53	10
0.66	0.62	10
1.0	1.0	10
1.74	1.5	10
2.84	2.67	10
4.79	4.48	10
9.71	8.63	10
19.37	16.16	10
39.83	33.24	10
72.23	55.41	10
144.76	110.12	10
263.73	228.25	10
470.17	422.2	10
707.8	678.46	10
961.05	860.5	10
1141.14	1020.78	10
1404.16	1271.49	10
1584.05	1475.92	10
1820.51	1753.31	10
2071.92	1943.38	10
0.25	0.25	10
0.28	0.23	10
0.25	0.3	10
0.27	0.3	10
0.27	0.26	10
0.29	0.25	10
0.34	0.32	10
0.42	0.41	10
0.56	0.56	10
0.8	0.72	10
1.35	0.9	10
2.29	1.92	10
3.12	3.73	10
6.69	4.3	10
10.85	8.08	10
24.3	19.04	10
49.51	27.37	10
97.86	76.03	10
194.04	128.43	10
363.92	215.3	10
741.89	599.51	10
1492.06	1159.37	10
2063.41	1457.38	10
2739.71	1911.24	10
3480.31	2357.2	10
4079.39	2800.47	10
4610.34	3228.43	10
5297.79	3620.45	10
5835.94	3275.96	10
0.27	0.27	11
0.28	0.28	11
0.26	0.33	11
0.34	0.27	11
0.25	0.31	11
0.31	0.29	11
0.31	0.33	11
0.43	0.41	11
0.54	0.46	11
0.55	0.72	11
0.93	0.94	11
1.62	1.3	11
3.28	1.86	11
6.08	4.04	11
9.75	8.14	11
19.59	13.41	11
43.44	44.59	11
84.43	61.89	11
165.43	123.07	11
328.22	291.51	11
657.99	486.34	11
1274.52	763.96	11
1896.02	1403.07	11
2512.77	2212.31	11
3132.58	1872.88	11
3747.35	3303.37	11
4360.21	3229.23	11
4980.69	3684.24	11
5583.05	4925.89	11
0.26	0.27	11
0.27	0.24	11
0.29	0.3	11
0.28	0.3	11
0.34	0.31	11
0.36	0.34	11
0.31	0.4	11
0.4	0.37	11
0.45	0.36	11
0.53	0.57	11
0.72	0.62	11
1.07	1.12	11
1.51	1.67	11
2.86	3.05	11
4.19	4.65	11
8.42	8.2	11
16.06	16.46	11
31.17	31.19	11
60.22	61.1	11
116.52	122.43	11
234.3	242.64	11
459.56	455.05	11
674.43	702.98	11
888.76	907.49	11
1104.4	1124.51	11
1316.61	1336.09	11
1516.28	1545.07	11
1734.59	1716.89	11
1949.73	1980.43	11
0.23	0.23	11
0.27	0.24	11
0.22	0.25	11
0.25	0.24	11
0.24	0.29	11
0.27	0.29	11
0.31	0.33	11
0.32	0.32	11
0.52	0.48	11
0.67	0.58	11
0.93	0.96	11
1.78	1.35	11
3.16	1.61	11
4.5	3.98	11
8.14	8.91	11
18.44	13.98	11
41.94	23.92	11
81.91	46.25	11
169.03	91.03	11
336.78	174.31	11
667.17	430.68	11
1244.15	678.88	11
1830.06	1242.85	11
2474.27	1309.15	11
3000.62	2450.59	11
3660.11	2462.92	11
4186.92	3393.36	11
4828.16	3888.9	11
5424.63	2963.54	11
0.23	0.25	11
0.22	0.28	11
0.28	0.29	11
0.29	0.28	11
0.26	0.28	11
0.27	0.29	11
0.35	0.35	11
0.34	0.36	11
0.34	0.42	11
0.57	0.6	11
0.78	0.7	11
1.19	1.1	11
1.71	1.42	11
3.17	2.67	11
5.0	4.78	11
9.59	8.85	11
18.48	15.4	11
35.9	31.62	11
66.0	59.13	11
139.67	115.62	11
251.29	255.01	11
500.84	441.07	11
746.7	711.19	11
957.35	857.02	11
1236.08	1092.0	11
1434.13	1336.46	11
1666.92	1485.12	11
1885.04	1686.36	11
2125.19	2023.28	11
0.23	0.3	12
0.27	0.25	12
0.24	0.27	12
0.28	0.28	12
0.27	0.27	12
0.28	0.29	12
0.31	0.38	12
0.39	0.4	12
0.43	0.47	12
0.7	0.58	12
0.9	0.99	12
1.77	1.37	12
3.42	2.54	12
6.36	5.31	12
11.88	10.49	12
23.92	18.4	12
49.19	30.75	12
97.25	61.02	12
194.34	145.88	12
385.57	241.16	12
770.8	582.88	12
1501.44	1141.37	12
2221.67	1974.97	12
2944.78	2237.73	12
3669.0	2788.44	12
4394.44	3901.93	12
5114.22	3212.29	12
5835.19	4428.95	12
6560.95	4125.55	12
0.25	0.27	12
0.27	0.29	12
0.33	0.23	12
0.24	0.25	12
0.25	0.38	12
0.33	0.32	12
0.33	0.32	12
0.4	0.48	12
0.47	0.33	12
0.52	0.48	12
0.62	0.6	12
0.8	0.81	12
1.09	1.07	12
1.71	1.81	12
2.68	2.54	12
4.64	5.17	12
8.13	7.86	12
14.66	13.99	12
26.68	28.67	12
49.77	53.65	12
95.8	99.74	12
185.89	204.4	12
274.21	288.06	12
356.95	379.2	12
444.57	466.0	12
532.47	592.46	12
619.32	644.98	12
710.75	741.33	12
800.87	822.16	12
0.23	0.24	12
0.22	0.21	12
0.27	0.22	12
0.25	0.26	12
0.24	0.25	12
0.25	0.27	12
0.31	0.3	12
0.37	0.31	12
0.39	0.43	12
0.64	0.69	12
0.96	0.82	12
1.58	1.08	12
3.12	2.47	12
5.74	4.21	12
11.99	8.07	12
24.99	14.2	12
49.52	38.68	12
98.61	80.34	12
203.11	137.98	12
390.39	232.04	12
772.28	461.74	12
1529.62	880.35	12
2231.06	1540.12	12
2914.88	2049.04	12
3702.61	3420.56	12
4300.87	3049.15	12
5006.47	4186.4	12
5767.49	3365.84	12
6439.36	3787.95	12
0.26	0.22	12
0.27	0.28	12
0.22	0.29	12
0.25	0.3	12
0.24	0.28	12
0.23	0.3	12
0.41	0.34	12
0.41	0.3	12
0.49	0.34	12
0.61	0.55	12
0.65	0.71	12
0.94	1.15	12
1.47	1.08	12
2.12	1.92	12
3.39	2.85	12
6.02	5.47	12
10.35	8.96	12
19.99	16.33	12
37.45	28.93	12
67.07	51.68	12
121.4	127.57	12
301.29	203.41	12
399.87	269.78	12
489.36	371.19	12
606.91	437.8	12
657.98	493.73	12
782.56	607.43	12
939.22	707.72	12
1064.15	800.71	12
0.28	0.28	13
0.32	0.34	13
0.51	0.42	13
0.68	0.64	13
1.07	0.98	13
1.99	1.32	13
2.96	2.84	13
3.17	4.03	13
4.39	4.23	13
6.72	5.59	13
8.66	8.79	13
15.4	14.58	13
24.57	23.76	13
43.17	40.84	13
68.91	68.01	13
109.92	107.57	13
144.61	143.52	13
195.66	200.31	13
307.98	301.24	13
515.55	519.05	13
733.5	741.49	13
949.36	942.86	13
1168.5	1153.39	13
1379.42	1369.89	13
1583.97	1591.55	13
1779.48	1786.79	13
1935.16	1942.45	13
0.24	0.26	13
0.34	0.32	13
0.41	0.43	13
0.61	0.66	13
1.06	1.1	13
1.98	1.87	13
2.77	3.03	13
4.1	3.67	13
5.51	3.12	13
4.75	7.34	13
9.28	9.89	13
16.2	15.42	13
27.43	26.49	13
47.36	48.98	13
82.54	81.03	13
126.09	128.59	13
186.41	188.25	13
282.04	283.32	13
472.69	474.36	13
879.12	837.39	13
1277.39	1221.47	13
1642.26	1611.93	13
2022.37	1973.68	13
2370.57	2325.78	13
2721.21	2661.33	13
3049.19	3007.2	13
3379.99	3302.28	13
0.27	0.25	13
0.32	0.3	13
0.43	0.38	13
0.62	0.56	13
0.96	0.97	13
1.76	1.73	13
2.62	2.77	13
4.46	2.96	13
3.31	3.66	13
3.39	4.54	13
7.72	7.25	13
11.05	11.46	13
21.34	18.77	13
32.4	32.66	13
55.04	54.27	13
85.47	82.93	13
114.74	113.37	13
168.34	173.52	13
262.91	267.81	13
468.78	459.03	13
649.27	666.75	13
862.1	863.82	13
1066.45	1084.95	13
1260.0	1280.34	13
1457.48	1460.1	13
1657.88	1673.81	13
1816.29	1860.01	13
0.26	0.23	13
0.31	0.33	13
0.39	0.39	13
0.58	0.62	13
1.01	0.97	13
1.42	1.53	13
2.23	2.61	13
3.63	2.8	13
3.66	4.32	13
5.28	5.38	13
7.95	7.68	13
12.57	13.42	13
22.37	22.62	13
37.75	37.67	13
62.73	62.39	13
101.51	103.56	13
152.92	154.22	13
243.79	240.49	13
416.62	414.84	13
801.13	747.79	13
1170.05	1099.48	13
1491.86	1432.47	13
1806.55	1786.62	13
2150.5	2068.54	13
2446.52	2386.87	13
2780.23	2688.79	13
3051.77	2961.57	13
0.3	0.32	14
0.34	0.33	14
0.45	0.5	14
0.7	0.72	14
1.13	1.11	14
2.23	1.87	14
2.59	3.54	14
3.71	4.46	14
4.7	4.33	14
6.76	6.62	14
10.16	10.45	14
15.55	16.83	14
28.25	26.54	14
48.93	49.61	14
80.79	82.6	14
129.53	128.19	14
181.49	181.15	14
274.74	271.95	14
440.53	443.66	14
774.5	768.44	14
1113.58	1098.2	14
1443.85	1440.33	14
1778.43	1771.96	14
2109.93	2114.63	14
2467.05	2450.91	14
2787.05	2764.44	14
3071.93	3095.33	14
0.31	0.3	14
0.37	0.36	14
0.48	0.49	14
0.67	0.71	14
1.16	1.19	14
1.82	1.83	14
2.84	3.74	14
3.87	4.65	14
4.35	5.03	14
6.29	5.54	14
9.54	10.22	14
14.11	16.11	14
25.86	27.53	14
43.55	45.44	14
74.0	72.81	14
112.89	111.38	14
153.66	149.9	14
211.55	213.02	14
324.58	325.27	14
592.86	571.87	14
864.6	862.04	14
1104.98	1084.98	14
1317.05	1302.46	14
1530.37	1513.92	14
1743.73	1742.36	14
1951.19	1922.78	14
2128.76	2102.38	14
0.29	0.25	14
0.28	0.31	14
0.41	0.41	14
0.57	0.55	14
0.94	0.97	14
1.68	1.69	14
2.49	3.0	14
3.1	3.6	14
3.16	3.48	14
5.22	4.8	14
8.22	8.52	14
11.77	11.31	14
21.78	20.37	14
36.57	35.62	14
60.29	60.37	14
96.22	95.38	14
142.99	144.11	14
219.9	216.1	14
367.28	373.72	14
660.1	661.09	14
952.22	968.42	14
1256.02	1253.16	14
1558.99	1562.32	14
1881.61	1863.43	14
2173.67	2151.48	14
2436.88	2464.36	14
2727.16	2720.85	14
0.27	0.28	14
0.29	0.32	14
0.41	0.44	14
0.73	0.65	14
1.11	1.06	14
2.16	2.08	14
3.94	2.62	14
5.06	4.03	14
3.97	5.58	14
6.31	6.75	14
9.5	8.15	14
16.29	14.42	14
23.99	23.69	14
41.67	42.18	14
69.27	69.34	14
103.02	106.6	14
135.78	140.11	14
199.58	197.88	14
313.74	310.47	14
589.67	558.29	14
844.28	829.28	14
1053.93	1023.69	14
1254.09	1233.09	14
1441.66	1421.41	14
1627.44	1600.99	14
1799.18	1770.69	14
1981.09	1914.38	14
0.33	0.26	15
0.3	0.33	15
0.41	0.41	15
0.63	0.67	15
1.01	1.18	15
1.92	1.67	15
3.21	3.24	15
4.42	2.8	15
3.73	4.87	15
4.42	4.95	15
7.69	8.85	15
14.18	13.47	15
25.39	23.3	15
41.07	42.83	15
68.34	70.45	15
108.49	105.8	15
145.1	146.14	15
203.23	203.32	15
312.61	316.61	15
568.06	539.35	15
824.97	789.52	15
1036.71	1002.22	15
1260.62	1231.16	15
1470.94	1444.48	15
1699.06	1655.05	15
1869.49	1836.54	15
2059.03	2009.35	15
0.26	0.29	15
0.32	0.33	15
0.39	0.46	15
0.65	0.65	15
1.09	1.0	15
1.98	1.59	15
3.66	3.48	15
4.15	2.46	15
4.96	5.11	15
6.46	6.24	15
10.72	10.13	15
14.41	16.68	15
25.35	26.98	15
46.94	44.78	15
76.91	77.08	15
122.9	120.94	15
178.35	175.5	15
260.08	263.25	15
435.25	433.0	15
761.78	761.1	15
1097.75	1091.27	15
1453.63	1443.69	15
1771.69	1769.63	15
2107.43	2095.17	15
2462.21	2428.2	15
2763.66	2761.56	15
3065.45	3068.9	15
0.26	0.25	15
0.27	0.29	15
0.37	0.41	15
0.57	0.56	15
0.92	0.93	15
1.66	1.74	15
2.64	2.87	15
2.34	2.94	15
3.29	3.94	15
3.94	4.75	15
7.48	7.5	15
10.84	10.32	15
18.31	19.02	15
32.24	32.79	15
54.42	52.66	15
83.49	84.58	15
117.16	114.78	15
169.08	168.02	15
273.34	270.17	15
514.14	478.61	15
740.55	703.3	15
938.55	907.58	15
1143.41	1096.93	15
1357.07	1297.63	15
1504.74	1469.28	15
1697.08	1687.32	15
1865.25	1817.96	15
0.28	0.26	15
0.3	0.3	15
0.38	0.4	15
0.57	0.6	15
0.92	0.97	15
1.68	1.64	15
2.04	2.63	15
1.89	2.9	15
2.5	3.91	15
5.31	5.29	15
7.01	6.62	15
13.43	12.09	15
22.58	20.36	15
35.39	37.1	15
61.59	61.49	15
95.11	98.56	15
143.55	144.0	15
216.45	224.13	15
381.95	370.97	15
670.81	669.47	15
966.14	973.92	15
1266.92	1279.35	15
1574.57	1561.59	15
1878.23	1877.55	15
2177.49	2157.57	15
2447.37	2459.92	15
2725.57	2755.75	15
0.28	0.32	16
0.29	0.38	16
0.37	0.46	16
0.67	0.64	16
1.14	1.18	16
1.92	1.54	16
3.3	2.87	16
3.65	4.07	16
4.54	3.46	16
4.71	5.44	16
9.05	8.81	16
15.2	15.21	16
28.04	28.04	16
48.2	49.18	16
79.9	82.01	16
127.07	127.6	16
182.79	178.82	16
275.02	272.38	16
454.71	449.03	16
836.65	803.31	16
1199.28	1165.21	16
1564.76	1506.34	16
1900.57	1863.57	16
2254.52	2179.24	16
2591.57	2534.9	16
2908.99	2867.97	16
3201.28	3153.05	16
0.27	0.25	16
0.29	0.32	16
0.45	0.51	16
0.63	0.65	16
1.09	0.98	16
1.99	1.61	16
3.82	2.7	16
4.46	3.33	16
3.84	3.62	16
6.03	4.67	16
9.16	9.51	16
13.83	14.35	16
25.07	24.89	16
43.89	42.35	16
72.82	71.17	16
109.07	108.52	16
148.52	149.34	16
206.48	206.79	16
310.56	309.72	16
516.93	514.9	16
738.64	739.4	16
947.34	956.46	16
1173.43	1185.63	16
1376.85	1380.48	16
1602.06	1596.73	16
1780.9	1796.42	16
1983.25	1961.11	16
0.26	0.27	16
0.28	0.29	16
0.4	0.39	16
0.58	0.63	16
0.96	0.96	16
1.65	1.33	16
3.19	1.92	16
3.41	3.63	16
4.05	5.02	16
4.7	3.93	16
7.02	7.75	16
12.53	12.9	16
21.57	20.12	16
37.0	36.98	16
59.41	61.75	16
96.58	96.04	16
140.15	142.78	16
224.68	224.28	16
385.07	380.95	16
719.3	694.86	16
1054.06	1015.93	16
1369.56	1343.38	16
1661.73	1613.55	16
1959.73	1900.97	16
2243.2	2228.24	16
2573.89	2476.58	16
2800.13	2750.78	16
0.25	0.26	16
0.32	0.3	16
0.49	0.43	16
0.63	0.68	16
1.19	1.03	16
1.78	1.68	16
3.05	2.56	16
2.63	3.34	16
5.62	5.17	16
4.79	4.49	16
8.06	8.27	16
12.95	13.18	16
21.99	23.01	16
37.49	39.75	16
62.86	63.65	16
96.94	95.65	16
132.36	131.18	16
178.74	180.63	16
283.83	281.24	16
474.12	483.18	16
689.58	688.6	16
885.64	883.6	16
1090.07	1097.81	16
1296.4	1295.93	16
1516.28	1511.79	16
1671.88	1688.24	16
1854.34	1876.21	16
0.42	0.4	17
0.59	0.65	17
1.02	1.06	17
2.02	1.7	17
3.44	3.24	17
5.37	5.93	17
9.24	11.08	17
7.73	10.82	17
9.86	12.26	17
12.67	19.05	17
24.92	29.2	17
44.62	44.29	17
78.87	74.46	17
148.2	147.53	17
269.43	267.39	17
493.7	491.29	17
866.18	871.1	17
1337.05	1334.24	17
1781.01	1778.21	17
2481.4	2480.87	17
3144.14	3115.2	17
3782.44	3763.22	17
4346.62	4394.05	17
4852.23	4949.04	17
5326.71	5508.14	17
5771.09	6034.4	17
6207.41	6521.84	17
0.51	0.45	17
0.55	0.55	17
0.98	1.06	17
1.91	1.6	17
3.38	3.52	17
6.54	4.9	17
5.26	9.31	17
11.97	13.09	17
15.51	17.69	17
22.58	40.67	17
40.42	81.75	17
70.16	248.04	17
131.93	645.43	17
255.79	1300.3	17
467.37	2620.82	17
840.68	4770.59	17
1433.0	7895.5	17
2143.11	10595.92	17
2715.83	11495.46	17
3641.26	13069.52	17
4386.85	14339.11	17
5156.64	15372.98	17
6038.63	16559.59	17
6935.01	17648.12	17
7844.75	18557.64	17
8817.84	19508.71	17
9637.58	20126.67	17
0.34	0.37	17
0.51	0.52	17
0.88	0.83	17
1.41	1.28	17
2.46	2.74	17
5.01	4.29	17
8.81	8.45	17
10.26	8.7	17
14.68	9.14	17
13.93	10.74	17
19.05	21.47	17
34.3	31.46	17
58.22	59.47	17
107.28	117.83	17
216.05	209.13	17
383.61	383.46	17
669.58	673.2	17
1033.47	1040.3	17
1406.34	1412.75	17
2016.94	2022.76	17
2677.52	2629.94	17
3360.97	3243.58	17
3948.97	3842.38	17
4488.11	4429.36	17
5028.98	4955.82	17
5496.28	5514.64	17
5894.22	5930.54	17
0.39	0.34	17
0.65	0.56	17
1.07	0.86	17
1.59	1.69	17
3.09	3.18	17
6.16	3.84	17
7.3	10.28	17
11.86	13.2	17
12.48	20.04	17
25.33	47.29	17
37.77	106.25	17
68.56	248.5	17
128.87	683.21	17
235.0	1287.38	17
446.98	2522.62	17
792.78	4528.01	17
1338.98	7409.96	17
1967.31	9950.11	17
2479.05	11180.9	17
3385.72	12671.88	17
4145.37	13866.5	17
4899.73	14946.35	17
5725.52	15983.87	17
6607.76	17012.69	17
7597.95	18304.66	17
8594.58	19205.48	17
9488.92	19820.95	17
0.39	0.34	18
0.5	0.51	18
0.83	0.79	18
1.31	1.26	18
2.48	2.52	18
4.14	3.73	18
9.5	6.0	18
8.19	10.63	18
7.77	13.95	18
15.29	34.23	18
30.49	113.42	18
49.69	267.76	18
94.61	511.06	18
169.13	1039.75	18
321.0	1962.92	18
563.01	3580.18	18
949.75	5894.56	18
1448.71	7876.35	18
1926.1	8711.65	18
2654.45	9920.39	18
3369.39	10997.51	18
4271.23	12069.98	18
5144.3	13039.57	18
5945.29	13783.91	18
6643.87	14757.09	18
7292.31	15420.64	18
7843.11	15972.45	18
0.52	0.36	18
0.58	0.69	18
0.97	1.08	18
1.7	1.74	18
2.92	2.84	18
6.19	5.9	18
5.49	8.91	18
7.47	9.29	18
13.07	8.76	18
19.93	17.37	18
25.12	23.98	18
41.41	47.96	18
81.3	74.23	18
146.68	147.75	18
263.37	269.88	18
504.54	501.59	18
870.64	851.33	18
1315.53	1311.01	18
1700.29	1719.46	18
2345.16	2372.16	18
2915.94	2941.71	18
3477.34	3525.19	18
4064.53	4152.02	18
4664.35	4759.6	18
5315.97	5368.24	18
5951.88	6002.88	18
6665.19	6702.98	18
