0.62	0.6
0.74	0.58
1.09	0.92
1.14	1.15
1.52	1.25
1.55	1.47
1.31	1.37
1.61	1.07
2.38	1.72
2.31	2.27
3.25	2.86
4.73	4.07
7.78	6.32
12.79	11.07
23.52	18.64
35.17	35.37
67.01	65.76
127.59	126.91
311.27	243.23
368.64	361.16
483.46	479.37
757.05	593.88
711.11	706.73
1049.33	857.22
1198.19	939.43
1353.88	1060.92
0.62	0.7
0.94	0.83
1.12	1.08
1.19	1.56
1.5	1.72
1.82	1.75
1.72	1.77
1.73	1.86
3.05	3.1
4.25	4.38
7.57	7.97
14.28	13.78
27.87	27.55
45.47	53.37
89.44	104.82
207.01	205.4
349.41	411.91
818.99	821.25
1591.19	1591.88
2370.01	2366.97
2253.75	3187.19
3449.66	4045.48
4169.36	4886.43
4912.96	5725.29
6579.58	6575.98
7402.02	7389.08
0.56	0.62
0.57	0.73
1.18	0.82
1.31	1.27
1.02	1.24
1.39	1.09
1.35	1.18
1.36	1.55
2.05	1.78
2.14	2.24
3.07	2.87
3.86	4.13
6.36	6.27
10.38	10.13
18.85	19.64
35.25	35.2
66.37	64.94
163.73	127.51
326.73	245.68
373.55	378.43
482.42	479.32
601.46	615.39
933.63	705.6
834.27	822.82
1199.9	938.72
1073.06	1072.18
0.58	0.73
0.71	0.93
1.14	1.24
1.41	1.3
1.31	1.43
1.45	1.3
1.5	1.59
1.91	2.65
2.75	3.32
4.54	4.23
6.53	8.04
12.77	14.56
27.47	26.5
38.73	52.64
103.91	104.33
208.2	208.42
410.67	413.43
702.29	816.25
1591.5	1592.33
1691.73	2370.05
3201.24	3191.75
4041.24	4045.7
4896.75	4883.62
4062.03	5751.1
6586.74	6577.58
6317.48	7383.41
0.52	0.72
0.78	0.8
1.0	1.36
1.24	1.3
1.25	1.62
1.55	1.36
1.96	1.81
2.16	2.19
2.42	2.22
2.96	3.07
4.43	4.25
6.54	6.16
11.33	10.73
21.45	18.98
35.95	35.32
68.56	69.08
151.56	137.76
298.14	266.35
578.9	513.34
856.49	762.1
1132.86	1012.43
1259.48	1254.63
1679.93	1498.52
1738.23	1734.29
2212.26	1966.86
2220.71	2210.66
0.73	0.65
0.74	0.76
1.08	1.17
1.23	0.74
1.31	1.17
1.25	1.58
1.51	1.75
2.22	2.24
2.52	3.09
4.39	3.76
7.01	7.92
10.85	13.7
20.76	25.36
46.65	46.09
78.16	92.78
179.44	181.06
356.63	354.26
597.22	707.2
1371.78	1371.71
1716.64	2040.38
2695.32	2693.28
3346.7	3351.89
3393.31	3996.18
3194.17	4659.69
4487.34	5307.52
5957.31	5959.1
0.51	0.58
0.75	0.76
0.98	1.08
1.14	1.15
1.31	1.35
1.32	1.37
1.44	1.64
1.85	1.67
2.02	2.36
2.89	2.77
3.57	3.8
5.93	6.22
11.68	10.23
21.13	18.25
41.24	34.16
65.19	65.63
143.02	126.76
249.18	250.19
480.89	482.69
718.71	709.41
948.52	946.94
1472.42	1172.49
1414.59	1405.18
1640.23	1636.5
1874.51	1863.68
2110.31	2102.38
0.62	0.66
0.81	0.73
0.98	1.05
1.56	1.01
1.14	0.96
1.4	1.53
1.98	1.35
1.82	2.6
2.77	2.47
4.36	3.96
7.55	7.57
11.57	12.66
17.64	24.58
40.76	47.33
91.87	91.5
180.32	179.87
356.85	357.53
712.54	710.19
1373.88	1378.22
2043.5	2032.46
2699.33	2700.55
3350.08	3350.97
2795.76	3996.45
4620.7	4609.09
5225.33	5246.21
5832.24	5823.03
0.55	0.75
0.73	0.67
1.13	0.97
1.07	1.18
1.21	1.37
1.37	1.47
1.34	1.65
1.89	1.79
3.23	2.79
4.43	3.92
6.69	7.23
12.5	12.63
16.0	23.45
44.45	45.2
87.79	86.91
173.32	172.71
341.29	341.81
680.17	676.99
1109.97	1309.16
1941.63	1934.98
1754.84	2583.45
3203.47	3190.13
3829.9	3818.25
4626.26	4488.69
4457.1	5273.74
5008.58	5929.71
0.55	0.59
0.91	0.71
1.17	1.16
1.29	1.4
1.3	1.37
1.51	1.42
1.9	1.58
2.08	1.78
2.21	2.3
3.13	3.17
4.04	3.85
6.33	6.64
12.47	10.83
18.71	19.18
37.07	37.86
77.32	70.27
135.72	135.67
301.58	266.24
525.35	517.8
771.41	767.55
1021.95	1017.29
1465.22	1270.82
1744.2	1553.88
2239.04	1812.55
2070.07	2065.87
2595.35	2326.57
0.56	0.55
0.63	0.66
0.76	0.81
1.07	1.17
1.12	1.37
1.57	1.08
1.46	1.77
1.8	1.71
2.73	2.48
3.69	3.84
6.32	6.81
9.64	11.53
21.41	21.01
40.96	40.67
79.26	80.09
132.91	156.15
213.0	311.72
613.42	615.39
1004.36	1199.09
1214.67	1779.44
2365.03	2359.93
2942.67	2935.44
3519.82	3508.34
4105.01	4093.5
4674.8	4678.78
5253.71	5242.12
0.5	0.61
0.84	0.73
1.07	0.96
1.18	1.18
1.26	1.32
1.35	1.26
1.48	1.41
1.79	1.79
1.88	1.99
3.01	3.0
4.15	3.81
6.53	6.01
10.32	10.14
18.42	17.75
33.57	34.25
71.98	63.54
125.44	127.79
248.05	249.53
481.26	477.41
713.75	713.18
1190.3	942.9
1176.64	1172.84
1409.53	1408.51
1871.12	1634.54
2101.81	1892.68
2109.15	2091.8
0.55	0.74
1.01	0.85
1.46	0.99
1.06	1.41
1.43	1.73
1.65	1.38
1.77	2.23
1.99	2.3
2.67	2.78
4.67	4.9
8.4	7.77
15.26	14.85
23.36	28.71
45.43	54.6
93.2	105.83
181.61	211.96
419.13	419.84
834.11	833.17
1380.5	1621.97
2399.49	2401.92
2706.64	3168.76
3952.05	3942.3
4037.56	4726.57
4689.44	5521.84
6267.17	6282.12
7049.16	7038.65
0.57	0.62
0.81	0.78
0.92	0.78
1.2	1.34
1.25	1.06
1.77	1.35
1.35	1.62
2.22	1.53
1.99	1.89
1.99	2.75
3.48	2.93
4.11	4.18
6.3	6.78
10.31	10.07
19.08	18.75
34.75	35.77
67.44	64.72
131.07	127.75
245.87	244.07
654.19	362.25
481.82	479.6
913.05	596.96
717.78	712.72
1046.66	825.56
948.29	944.76
1354.38	1062.74
0.5	0.6
0.71	0.79
0.94	1.05
1.27	1.16
1.37	1.29
1.48	1.47
1.76	1.57
1.82	1.99
2.74	2.73
3.83	4.15
7.25	7.09
13.08	13.16
21.14	24.65
41.35	47.77
94.3	93.67
185.21	185.71
368.06	366.85
626.1	730.54
1427.55	1413.53
2099.03	2099.57
2786.55	2780.18
2938.68	3462.13
4153.46	4147.82
4851.23	4826.02
4675.39	5510.61
6204.13	6196.11
0.55	0.57
0.61	0.74
0.98	0.88
1.39	0.94
1.17	1.15
1.06	1.3
1.26	1.58
1.72	1.61
1.98	1.53
1.76	2.04
2.79	2.72
3.9	3.87
6.26	6.3
10.85	10.09
19.56	19.72
35.7	35.48
65.48	66.42
162.08	127.74
250.55	242.84
560.14	358.65
482.46	476.65
758.37	598.77
718.62	708.9
1056.78	830.2
1460.13	972.72
1072.78	1052.95
0.45	0.45
0.63	0.52
0.75	0.9
1.2	1.43
1.87	2.69
2.83	5.35
2.51	9.93
3.31	19.37
3.86	36.86
6.62	70.61
10.82	134.22
17.86	238.48
34.72	399.46
64.27	609.99
120.19	758.36
217.24	867.22
370.9	1022.22
622.76	1308.84
874.7	1553.94
1115.01	1777.81
1363.06	2011.96
1576.05	2225.85
1781.34	2435.43
1988.95	2634.57
2198.91	2840.92
0.38	0.48
0.55	0.52
0.84	0.92
1.39	1.49
2.22	2.7
2.95	5.02
3.86	9.84
4.68	20.14
9.13	38.58
14.89	76.13
27.35	149.19
53.67	291.59
101.32	550.73
186.66	1007.8
328.04	1751.35
540.53	2541.91
799.63	2959.02
1208.65	3549.16
1591.35	4051.04
1984.59	4550.54
2356.33	4971.14
2735.67	5438.16
3173.46	5836.08
3494.68	6233.6
3852.22	6575.32
0.37	0.41
0.5	0.5
0.78	0.77
1.24	1.34
2.16	2.5
1.88	4.63
2.79	8.89
2.89	17.19
3.79	33.4
6.44	62.8
10.02	118.92
15.61	211.93
28.08	360.23
54.94	554.88
100.15	690.15
178.17	809.75
305.45	963.9
536.94	1211.52
769.93	1472.01
999.38	1716.96
1238.8	1939.5
1459.85	2171.49
1672.07	2362.06
1867.36	2568.11
2066.06	2766.58
0.37	0.43
0.47	0.57
0.83	0.91
1.54	1.39
2.65	2.66
1.94	4.82
4.44	9.98
6.32	19.94
8.08	39.41
15.52	75.83
27.74	149.71
52.63	291.73
98.79	549.55
179.47	1010.32
313.77	1741.92
504.66	2493.52
746.42	2941.46
1142.03	3543.67
1518.12	4034.86
1878.44	4473.13
2261.33	4976.9
2632.19	5370.95
3016.53	5812.27
3331.23	6190.67
3636.38	6507.68
0.4	0.46
0.58	0.59
0.75	0.81
1.22	1.5
2.2	2.67
2.39	5.23
3.65	9.98
6.26	19.88
8.42	39.34
14.94	76.91
28.71	151.01
52.58	293.2
101.25	556.82
188.36	1021.85
339.01	1764.03
558.42	2615.61
820.88	3075.6
1215.7	3550.02
1594.19	4042.74
1956.93	4526.08
2332.0	4893.58
2761.94	5282.66
3107.07	5811.14
3485.81	6159.14
3798.51	6491.61
0.37	0.51
0.57	0.58
0.94	1.01
1.25	1.48
2.6	3.01
2.62	5.37
3.31	10.29
4.34	20.68
5.16	39.26
8.1	77.3
11.88	141.01
18.68	258.96
35.58	425.05
67.39	658.8
123.69	823.06
224.09	947.24
383.49	1136.6
646.22	1439.35
880.41	1700.25
1122.03	1949.28
1342.63	2206.11
1564.35	2439.03
1813.84	2659.88
2036.25	2894.53
2273.95	3112.66
0.38	0.45
0.52	0.47
0.72	0.71
1.18	1.21
1.39	2.3
2.73	4.27
3.57	8.51
4.07	16.57
6.32	32.41
11.2	63.13
20.68	123.54
37.68	240.34
72.6	464.97
132.57	833.24
232.78	1471.76
392.72	2197.02
602.62	2595.71
953.38	3027.45
1291.02	3473.74
1632.28	3875.81
1960.18	4285.32
2302.36	4632.31
2645.92	4940.07
2958.04	5270.72
3261.4	5588.77
0.37	0.45
0.53	0.57
0.76	0.91
1.38	1.41
2.4	2.58
1.91	4.9
2.38	9.17
3.43	18.29
4.32	35.53
5.64	68.1
10.67	128.52
17.58	228.69
31.7	381.24
58.76	589.93
104.77	763.51
191.52	865.51
327.07	1046.79
562.41	1326.68
796.03	1584.15
1014.86	1842.12
1255.29	2069.09
1483.83	2351.36
1707.87	2596.05
1929.73	2824.61
2133.13	3027.39
0.38	0.47
0.55	0.55
0.82	0.81
1.46	1.48
2.32	2.64
2.07	5.01
3.11	9.58
2.55	18.7
3.93	36.14
6.55	69.1
10.59	130.93
17.54	231.58
33.92	380.84
63.02	597.96
119.83	771.6
216.19	870.61
371.11	1051.78
627.95	1318.65
867.74	1597.55
1097.8	1863.99
1319.28	2087.02
1554.23	2351.85
1794.46	2573.54
2027.78	2795.06
2243.11	3003.97
0.4	0.48
0.52	0.49
0.74	0.83
1.47	1.45
1.68	2.6
1.96	4.84
3.2	9.55
4.97	18.69
8.85	36.97
14.97	73.45
27.4	144.56
50.93	279.77
95.34	529.2
177.47	987.85
317.99	1682.5
530.77	2486.69
794.74	2925.97
1177.54	3409.93
1548.21	3899.21
1929.52	4310.31
2297.13	4706.0
2649.93	5049.61
3027.45	5440.49
3361.96	5757.51
3697.99	6097.6
0.36	0.39
0.49	0.52
0.86	0.73
1.31	1.37
2.49	2.43
2.26	4.62
3.89	8.79
3.19	17.13
4.18	32.77
6.4	63.89
8.94	116.93
15.54	211.29
29.1	353.98
52.59	539.79
96.58	703.34
180.54	804.06
313.43	996.75
542.47	1253.63
777.63	1507.73
996.58	1788.69
1217.61	2022.48
1428.86	2255.72
1673.17	2496.19
1907.03	2700.87
2115.83	2908.7
0.39	0.44
0.54	0.51
0.75	0.76
1.01	1.31
2.01	2.31
2.94	4.35
3.71	8.78
5.34	17.24
7.45	34.27
12.35	67.81
21.97	132.43
42.9	253.37
79.08	496.37
148.51	891.21
254.64	1554.79
429.4	2255.09
651.46	2658.16
1003.65	3181.25
1350.23	3644.78
1712.34	3994.31
2037.89	4368.1
2410.3	4744.63
2743.24	5145.39
3082.81	5416.09
3396.43	5765.05
0.38	0.51
0.54	0.5
0.88	0.83
1.27	1.34
2.24	2.5
2.86	5.08
4.21	9.56
4.96	18.77
9.53	36.04
15.91	75.64
29.08	147.93
51.66	289.0
99.0	545.36
185.52	997.66
331.0	1737.08
548.2	2622.45
821.48	3016.62
1227.37	3618.02
1625.1	4130.61
2052.79	4609.36
2439.48	5237.35
2837.94	5684.49
3226.77	6141.04
3620.6	6543.42
3951.34	6882.17
0.41	0.51
0.63	0.56
0.79	0.76
1.38	1.52
2.48	2.89
3.11	5.23
3.08	10.61
3.12	20.12
4.5	39.41
7.27	75.79
11.3	142.12
19.9	258.37
34.48	423.63
68.5	633.94
126.81	819.6
223.88	928.25
385.5	1089.92
634.47	1383.54
879.63	1641.6
1125.62	1862.78
1371.96	2108.75
1595.65	2321.72
1806.94	2525.85
2022.84	2763.53
2206.08	2936.45
0.31	0.42
0.5	0.48
0.74	0.73
1.08	1.23
1.74	2.32
2.62	4.38
3.75	8.16
4.23	16.54
6.55	32.25
10.97	63.16
20.88	124.92
37.65	242.23
71.93	457.81
128.69	854.93
233.71	1496.56
391.13	2182.26
607.26	2588.98
965.25	3111.99
1329.13	3557.09
1663.87	3969.38
2020.9	4427.72
2365.85	4787.36
2709.34	5227.94
3064.24	5608.46
3374.16	5978.48
0.36	0.44
0.52	0.5
0.77	0.79
1.14	1.31
1.75	2.38
2.68	4.5
2.6	8.76
2.81	16.77
3.98	33.05
6.16	63.93
8.93	117.95
16.64	213.24
28.48	360.17
53.66	545.91
95.95	700.92
178.02	805.47
309.45	960.91
534.51	1226.0
765.95	1492.6
992.05	1731.1
1222.72	1954.36
1444.38	2162.5
1649.82	2400.07
1876.37	2567.25
2071.1	2799.21
0.3	0.29
0.3	0.32
0.35	0.31
0.3	0.34
0.37	0.33
0.37	0.37
0.37	0.45
0.47	0.41
0.42	0.48
0.5	0.61
0.67	0.63
0.89	0.86
1.13	1.08
2.01	1.7
2.69	2.53
5.3	4.67
8.3	7.83
16.21	14.36
28.34	25.0
46.87	46.16
107.0	89.4
204.87	170.77
288.94	256.41
365.36	334.99
468.91	417.79
555.39	494.22
610.26	576.03
694.56	653.63
823.49	736.87
0.29	0.32
0.29	0.32
0.36	0.28
0.34	0.33
0.32	0.35
0.35	0.36
0.33	0.39
0.42	0.39
0.55	0.48
0.69	0.7
1.03	1.06
1.64	1.7
2.96	3.27
5.54	6.56
10.4	12.85
20.02	26.54
40.05	53.9
66.05	107.68
159.66	216.44
316.03	427.13
735.2	843.79
1025.99	1661.41
2166.39	2477.27
2404.1	3225.59
2443.99	3959.83
3503.78	4702.58
4107.92	5527.09
3908.28	6332.42
5325.71	7135.84
0.24	0.24
0.27	0.25
0.22	0.26
0.28	0.27
0.23	0.3
0.35	0.25
0.34	0.31
0.38	0.33
0.46	0.37
0.52	0.46
0.65	0.63
0.87	0.78
1.26	1.01
2.05	1.65
2.83	2.48
5.48	4.68
7.92	7.41
15.39	14.29
27.35	24.22
53.61	46.82
102.8	90.29
190.09	171.8
278.58	251.72
365.76	333.14
427.76	417.08
542.5	497.32
618.41	578.01
667.84	654.41
818.13	734.95
0.3	0.32
0.28	0.29
0.29	0.32
0.32	0.34
0.33	0.3
0.39	0.31
0.33	0.38
0.41	0.41
0.57	0.52
0.64	0.69
0.91	1.07
1.62	1.69
2.67	3.31
5.6	6.36
8.84	13.14
20.63	26.17
41.34	54.44
94.66	108.24
139.7	215.32
324.65	425.65
641.63	849.64
1062.69	1661.27
1880.95	2480.28
2827.13	3225.68
3009.41	3967.61
4134.08	4710.45
3510.31	5519.08
4781.3	6325.78
6267.25	7153.38
0.27	0.34
0.28	0.21
0.36	0.33
0.31	0.29
0.3	0.32
0.33	0.35
0.41	0.41
0.35	0.42
0.35	0.44
0.7	0.56
0.75	0.87
1.14	1.06
1.56	1.49
2.85	2.53
5.28	4.46
9.0	7.88
16.19	15.57
31.61	30.25
60.83	58.95
123.39	116.98
234.2	229.15
477.12	447.03
694.37	659.27
894.91	872.34
1087.07	1093.87
1334.32	1304.16
1586.73	1519.61
1856.5	1728.58
2044.88	1944.77
0.29	0.37
0.32	0.25
0.26	0.28
0.26	0.27
0.26	0.31
0.35	0.28
0.32	0.37
0.33	0.44
0.51	0.68
0.73	0.66
1.01	1.18
1.78	1.79
2.29	2.45
3.41	5.94
6.96	11.15
19.31	20.64
25.38	43.73
63.37	87.42
124.86	173.88
249.3	344.76
498.49	688.94
967.63	1333.56
1427.1	1958.82
1873.36	2590.49
2319.99	3222.71
2765.4	3823.0
3817.29	4439.99
2946.62	5054.98
3303.34	5665.87
0.26	0.26
0.25	0.26
0.28	0.24
0.24	0.26
0.24	0.24
0.3	0.27
0.3	0.32
0.32	0.35
0.36	0.39
0.53	0.5
0.62	0.57
1.0	0.95
1.5	1.39
2.67	2.42
4.48	4.17
8.63	8.2
16.16	14.94
33.24	28.76
55.41	55.25
110.12	107.26
228.25	211.03
422.2	407.8
678.46	608.43
860.5	804.3
1020.78	998.01
1271.49	1199.4
1475.92	1392.63
1753.31	1589.6
1943.38	1789.12
0.25	0.3
0.23	0.23
0.3	0.31
0.3	0.29
0.26	0.27
0.25	0.27
0.32	0.32
0.41	0.45
0.56	0.43
0.72	0.74
0.9	1.07
1.92	1.49
3.73	2.72
4.3	4.93
8.08	10.56
19.04	21.5
27.37	42.89
76.03	87.31
128.43	172.83
215.3	342.2
599.51	681.39
1159.37	1329.17
1457.38	1954.9
1911.24	2578.1
2357.2	3193.4
2800.47	3791.89
3228.43	4370.58
3620.45	4949.92
3275.96	5505.88
0.27	0.36
0.28	0.31
0.33	0.27
0.27	0.34
0.31	0.32
0.29	0.32
0.33	0.27
0.41	0.38
0.46	0.53
0.72	0.66
0.94	1.07
1.3	1.49
1.86	2.79
4.04	5.27
8.14	10.91
13.41	21.6
44.59	44.66
61.89	86.25
123.07	169.73
291.51	337.64
486.34	672.55
763.96	1316.1
1403.07	1941.73
2212.31	2579.38
1872.88	3213.85
3303.37	3839.7
3229.23	4469.53
3684.24	5101.43
4925.89	5721.18
0.27	0.33
0.24	0.24
0.3	0.31
0.3	0.33
0.31	0.29
0.34	0.29
0.4	0.36
0.37	0.36
0.36	0.31
0.57	0.46
0.62	0.66
1.12	1.06
1.67	1.69
3.05	2.63
4.65	4.2
8.2	8.44
16.46	15.37
31.19	30.23
61.1	58.82
122.43	114.03
242.64	227.52
455.05	439.46
702.98	656.85
907.49	865.09
1124.51	1069.68
1336.09	1270.92
1545.07	1476.08
1716.89	1688.53
1980.43	1887.03
0.23	0.28
0.24	0.24
0.25	0.24
0.24	0.23
0.29	0.25
0.29	0.29
0.33	0.31
0.32	0.33
0.48	0.4
0.58	0.62
0.96	0.93
1.35	1.59
1.61	2.56
3.98	5.15
8.91	8.7
13.98	17.71
23.92	37.64
46.25	76.31
91.03	149.41
174.31	298.69
430.68	591.38
678.88	1152.07
1242.85	1714.9
1309.15	2272.11
2450.59	2828.0
2462.92	3390.4
3393.36	3955.92
3888.9	4506.95
2963.54	5057.66
0.25	0.33
0.28	0.28
0.29	0.25
0.28	0.25
0.28	0.3
0.29	0.32
0.35	0.36
0.36	0.38
0.42	0.42
0.6	0.47
0.7	0.6
1.1	1.08
1.42	1.52
2.67	2.73
4.78	4.46
8.85	8.86
15.4	15.64
31.62	29.33
59.13	56.93
115.62	110.05
255.01	220.18
441.07	431.03
711.19	650.48
857.02	839.18
1092.0	1044.56
1336.46	1246.98
1485.12	1445.74
1686.36	1649.26
2023.28	1849.14
0.3	0.27
0.25	0.32
0.27	0.24
0.28	0.25
0.27	0.3
0.29	0.3
0.38	0.29
0.4	0.38
0.47	0.48
0.58	0.71
0.99	0.98
1.37	1.96
2.54	2.76
5.31	5.89
10.49	11.76
18.4	24.89
30.75	50.79
61.02	99.64
145.88	198.02
241.16	395.68
582.88	787.31
1141.37	1534.68
1974.97	2269.39
2237.73	3008.48
2788.44	3748.16
3901.93	4481.38
3212.29	5219.91
4428.95	5962.59
4125.55	6718.55
0.27	0.3
0.29	0.27
0.23	0.24
0.25	0.31
0.38	0.27
0.32	0.39
0.32	0.41
0.48	0.33
0.33	0.46
0.48	0.57
0.6	0.6
0.81	0.75
1.07	1.03
1.81	1.62
2.54	2.48
5.17	4.44
7.86	7.92
13.99	13.6
28.67	25.99
53.65	46.76
99.74	89.05
204.4	169.59
288.06	251.39
379.2	331.52
466.0	417.21
592.46	496.12
644.98	571.27
741.33	653.08
822.16	733.97
0.24	0.23
0.21	0.24
0.22	0.25
0.26	0.25
0.25	0.22
0.27	0.26
0.3	0.27
0.31	0.32
0.43	0.4
0.69	0.6
0.82	0.97
1.08	1.56
2.47	2.47
4.21	4.95
8.07	10.22
14.2	21.41
38.68	44.21
80.34	87.02
137.98	181.18
232.04	361.91
461.74	720.24
880.35	1401.68
1540.12	2072.23
2049.04	2744.54
3420.56	3423.94
3049.15	4091.8
4186.4	4764.24
3365.84	5437.77
3787.95	6111.8
0.22	0.31
0.28	0.3
0.29	0.28
0.3	0.32
0.28	0.31
0.3	0.33
0.34	0.33
0.3	0.36
0.34	0.41
0.55	0.57
0.71	0.54
1.15	0.82
1.08	1.04
1.92	1.68
2.85	2.41
5.47	4.3
8.96	7.5
16.33	13.46
28.93	24.78
51.68	45.85
127.57	88.24
203.41	177.62
269.78	255.04
371.19	334.9
437.8	411.88
493.73	489.86
607.43	573.57
707.72	652.33
800.71	733.42
0.28	0.33
0.34	0.33
0.42	0.49
0.64	0.62
0.98	1.1
1.32	2.09
2.84	3.77
4.03	7.17
4.23	14.21
5.59	28.02
8.79	53.42
14.58	99.78
23.76	186.47
40.84	308.13
68.01	469.09
107.57	605.3
143.52	663.85
200.31	742.4
301.24	885.85
519.05	1202.28
741.49	1520.84
942.86	1805.08
1153.39	2128.97
1369.89	2492.49
1591.55	2739.1
1786.79	2921.14
1942.45	3086.0
0.26	0.37
0.32	0.32
0.43	0.44
0.66	0.63
1.1	1.09
1.87	1.93
3.03	3.69
3.67	7.12
3.12	13.97
7.34	27.88
9.89	52.95
15.42	101.46
26.49	187.4
48.98	328.56
81.03	536.25
128.59	723.16
188.25	857.23
283.32	1004.76
474.36	1386.38
837.39	2045.06
1221.47	2702.61
1611.93	3469.11
1973.68	4151.81
2325.78	4875.11
2661.33	5470.98
3007.2	6006.65
3302.28	6450.99
0.25	0.29
0.3	0.28
0.38	0.39
0.56	0.62
0.97	1.0
1.73	1.7
2.77	3.28
2.96	6.32
3.66	12.37
4.54	24.38
7.25	46.45
11.46	89.51
18.77	157.51
32.66	274.01
54.27	430.25
82.93	524.01
113.37	595.82
173.52	673.32
267.81	827.92
459.03	1101.98
666.75	1389.09
863.82	1676.43
1084.95	1968.85
1280.34	2256.78
1460.1	2499.81
1673.81	2723.32
1860.01	2895.52
0.23	0.34
0.33	0.3
0.39	0.38
0.62	0.59
0.97	1.01
1.53	1.77
2.61	3.33
2.8	6.24
4.32	12.27
5.38	24.23
7.68	46.22
13.42	88.36
22.62	164.81
37.67	286.85
62.39	468.83
103.56	640.72
154.22	773.29
240.49	921.19
414.84	1256.43
747.79	1842.24
1099.48	2483.07
1432.47	3136.48
1786.62	3772.06
2068.54	4416.22
2386.87	4951.7
2688.79	5502.03
2961.57	5892.99
0.32	0.4
0.33	0.29
0.5	0.49
0.72	0.7
1.11	1.23
1.87	2.09
3.54	3.96
4.46	8.07
4.33	15.18
6.62	29.77
10.45	59.53
16.83	111.15
26.54	204.04
49.61	358.81
82.6	554.18
128.19	789.87
181.15	874.17
271.95	1025.93
443.66	1328.2
768.44	1785.01
1098.2	2237.17
1440.33	2763.55
1771.96	3298.08
2114.63	3777.5
2450.91	4140.46
2764.44	4440.73
3095.33	4783.75
0.3	0.35
0.36	0.32
0.49	0.47
0.71	0.69
1.19	1.21
1.83	2.2
3.74	4.1
4.65	7.73
5.03	16.14
5.54	31.25
10.22	58.99
16.11	112.05
27.53	202.39
45.44	333.95
72.81	518.99
111.38	676.8
149.9	770.53
213.02	904.58
325.27	1156.91
571.87	1619.74
862.04	2137.59
1084.98	2620.89
1302.46	3180.9
1513.92	3635.57
1742.36	4116.12
1922.78	4460.33
2102.38	4733.15
0.25	0.32
0.31	0.32
0.41	0.38
0.55	0.57
0.97	0.98
1.69	1.67
3.0	3.27
3.6	6.31
3.48	12.14
4.8	23.3
8.52	44.71
11.31	87.0
20.37	156.93
35.62	260.89
60.37	436.45
95.38	617.09
144.11	682.56
216.1	830.07
373.72	1038.5
661.09	1467.85
968.42	1923.98
1253.16	2300.21
1562.32	2756.74
1863.43	3214.42
2151.48	3573.85
2464.36	3862.79
2720.85	4117.11
0.28	0.32
0.32	0.33
0.44	0.49
0.65	0.62
1.06	1.13
2.08	2.06
2.62	4.18
4.03	7.82
5.58	14.87
6.75	29.45
8.15	57.16
14.42	105.22
23.69	187.62
42.18	321.22
69.34	504.47
106.6	656.9
140.11	732.97
197.88	851.83
310.47	1111.35
558.29	1564.67
829.28	2082.18
1023.69	2539.73
1233.09	3098.4
1421.41	3541.14
1600.99	3998.02
1770.69	4328.36
1914.38	4630.25
0.26	0.37
0.33	0.36
0.41	0.45
0.67	0.62
1.18	1.17
1.67	2.0
3.24	3.62
2.8	7.04
4.87	13.87
4.95	26.5
8.85	52.4
13.47	99.94
23.3	183.72
42.83	298.55
70.45	469.19
105.8	606.95
146.14	696.61
203.32	814.86
316.61	1044.18
539.35	1491.01
789.52	1994.24
1002.22	2433.81
1231.16	2870.38
1444.48	3336.86
1655.05	3742.1
1836.54	4107.15
2009.35	4394.92
0.29	0.37
0.33	0.34
0.46	0.45
0.65	0.69
1.0	1.12
1.59	1.97
3.48	3.69
2.46	7.18
5.11	13.76
6.24	26.67
10.13	51.78
16.68	99.6
26.98	184.03
44.78	314.06
77.08	504.88
120.94	703.81
175.5	780.42
263.25	897.93
433.0	1151.38
761.1	1607.77
1091.27	2118.75
1443.69	2579.03
1769.63	3053.38
2095.17	3511.15
2428.2	3901.36
2761.56	4208.95
3068.9	4524.13
0.25	0.28
0.29	0.3
0.41	0.42
0.56	0.59
0.93	1.0
1.74	1.69
2.87	3.27
2.94	6.38
3.94	12.0
4.75	23.68
7.5	46.14
10.32	86.43
19.02	159.22
32.79	265.46
52.66	410.48
84.58	515.55
114.78	629.38
168.02	707.55
270.17	933.75
478.61	1351.17
703.3	1812.69
907.58	2220.49
1096.93	2668.38
1297.63	3073.87
1469.28	3475.76
1687.32	3762.31
1817.96	4019.58
0.26	0.3
0.3	0.3
0.4	0.39
0.6	0.59
0.97	1.01
1.64	1.7
2.63	3.17
2.9	6.2
3.91	12.03
5.29	23.58
6.62	45.58
12.09	85.04
20.36	155.64
37.1	275.19
61.49	445.51
98.56	607.9
144.0	695.93
224.13	814.61
370.97	1044.75
669.47	1492.26
973.92	1899.25
1279.35	2328.84
1561.59	2787.28
1877.55	3179.3
2157.57	3601.76
2459.92	3904.3
2755.75	4111.49
0.32	0.27
0.38	0.3
0.46	0.46
0.64	0.67
1.18	1.07
1.54	1.89
2.87	3.85
4.07	7.34
3.46	14.2
5.44	27.24
8.81	54.62
15.21	103.32
28.04	187.55
49.18	320.86
82.01	523.63
127.6	726.2
178.82	856.13
272.38	998.11
449.03	1345.08
803.31	1967.99
1165.21	2584.29
1506.34	3207.64
1863.57	3828.64
2179.24	4460.47
2534.9	5004.94
2867.97	5497.45
3153.05	5935.14
0.25	0.34
0.32	0.32
0.51	0.45
0.65	0.64
0.98	1.08
1.61	2.19
2.7	3.83
3.33	6.99
3.62	14.35
4.67	28.21
9.51	54.24
14.35	101.92
24.89	182.1
42.35	311.03
71.17	480.4
108.52	605.38
149.34	677.26
206.79	746.36
309.72	922.89
514.9	1238.12
739.4	1499.81
956.46	1792.23
1185.63	2134.31
1380.48	2425.88
1596.73	2656.13
1796.42	2866.05
1961.11	2994.3
0.27	0.28
0.29	0.32
0.39	0.4
0.63	0.62
0.96	0.93
1.33	1.69
1.92	3.24
3.63	6.12
5.02	12.01
3.93	23.53
7.75	45.78
12.9	87.48
20.12	163.67
36.98	275.26
61.75	455.38
96.04	634.45
142.78	728.82
224.28	880.01
380.95	1162.52
694.86	1715.5
1015.93	2261.6
1343.38	2822.58
1613.55	3395.2
1900.97	3984.79
2228.24	4458.59
2476.58	4892.37
2750.78	5292.8
0.26	0.31
0.3	0.31
0.43	0.36
0.68	0.65
1.03	1.09
1.68	2.03
2.56	3.7
3.34	7.18
5.17	13.38
4.49	26.88
8.27	51.66
13.18	96.69
23.01	179.56
39.75	300.84
63.65	454.32
95.65	570.97
131.18	637.6
180.63	723.15
281.24	868.96
483.18	1210.68
688.6	1490.59
883.6	1786.98
1097.81	2119.2
1295.93	2440.71
1511.79	2635.77
1688.24	2855.88
1876.21	2987.14
0.4	0.45
0.65	0.68
1.06	1.13
1.7	1.96
3.24	3.34
5.93	6.02
11.08	11.86
10.82	23.87
12.26	46.07
19.05	93.04
29.2	179.19
44.29	344.54
74.46	649.08
147.53	1194.42
267.39	2030.53
491.29	3036.65
871.1	3626.32
1334.24	3929.57
1778.21	4421.59
2480.87	5238.28
3115.2	5933.83
3763.22	6551.19
4394.05	7211.48
4949.04	7766.05
5508.14	8307.07
6034.4	8840.66
6521.84	9334.14
0.45	0.44
0.55	0.59
1.06	0.97
1.6	1.66
3.52	3.36
4.9	6.51
9.31	12.8
13.09	25.4
17.69	49.29
40.67	97.49
81.75	194.08
248.04	382.23
645.43	745.49
1300.3	1434.95
2620.82	2679.81
4770.59	4816.22
7895.5	8000.33
10595.92	10640.36
11495.46	11575.94
13069.52	13155.16
14339.11	14350.59
15372.98	15552.03
16559.59	16593.61
17648.12	17680.7
18557.64	18594.24
19508.71	19513.69
20126.67	20206.39
0.37	0.43
0.52	0.54
0.83	0.87
1.28	1.38
2.74	2.66
4.29	5.17
8.45	10.24
8.7	19.42
9.14	38.55
10.74	77.36
21.47	145.28
31.46	284.84
59.47	528.69
117.83	967.35
209.13	1681.09
383.46	2520.45
673.2	2994.81
1040.3	3376.14
1412.75	3810.08
2022.76	4589.86
2629.94	5255.02
3243.58	5878.36
3842.38	6518.48
4429.36	7079.46
4955.82	7659.35
5514.64	8177.07
5930.54	8659.76
0.34	0.45
0.56	0.62
0.86	1.04
1.69	1.82
3.18	3.29
3.84	6.34
10.28	12.6
13.2	24.31
20.04	47.12
47.29	93.49
106.25	182.79
248.5	361.7
683.21	709.45
1287.38	1364.46
2522.62	2560.38
4528.01	4560.07
7409.96	7583.27
9950.11	9973.64
11180.9	10924.32
12671.88	12684.06
13866.5	13930.8
14946.35	15030.0
15983.87	16114.58
17012.69	17089.24
18304.66	17939.9
19205.48	19130.96
19820.95	19970.98
0.34	0.42
0.51	0.55
0.79	0.79
1.26	1.4
2.52	2.52
3.73	4.93
6.0	9.76
10.63	19.0
13.95	38.19
34.23	74.37
113.42	145.83
267.76	287.67
511.06	561.75
1039.75	1075.49
1962.92	2027.23
3580.18	3626.08
5894.56	5931.26
7876.35	7866.19
8711.65	8735.9
9920.39	10001.44
10997.51	11043.97
12069.98	12072.88
13039.57	13044.45
13783.91	13855.4
14757.09	14617.08
15420.64	15454.33
15972.45	16041.74
0.36	0.51
0.69	0.6
1.08	0.91
1.74	1.85
2.84	3.29
5.9	6.07
8.91	11.65
9.29	22.92
8.76	46.38
17.37	88.4
23.98	176.52
47.96	334.91
74.23	656.44
147.75	1203.29
269.88	2038.89
501.59	3151.18
851.33	3774.38
1311.01	4149.81
1719.46	4650.36
2372.16	5520.1
2941.71	6285.2
3525.19	7019.67
4152.02	7655.84
4759.6	8322.0
5368.24	8840.58
6002.88	9575.33
6702.98	10069.67
