0.6	0.56	1
0.75	0.77	1
1.13	0.97	1
0.85	1.37	1
1.7	1.28	1
1.71	1.11	1
1.65	1.57	1
1.8	1.74	1
1.76	1.8	1
2.17	2.3	1
2.53	3.67	1
4.05	4.73	1
6.18	8.51	1
10.09	16.26	1
18.88	30.16	1
34.8	58.12	1
65.22	114.92	1
131.14	227.26	1
245.61	438.06	1
496.84	650.55	1
498.73	870.35	1
601.59	1068.93	1
716.76	1276.84	1
830.14	1487.87	1
945.45	1691.36	1
1066.92	1903.71	1
0.52	0.63	1
0.71	0.92	1
1.08	1.04	1
1.26	1.67	1
1.54	1.37	1
1.6	1.44	1
1.76	1.82	1
2.25	2.39	1
2.6	2.79	1
4.48	4.67	1
8.4	6.17	1
14.44	11.47	1
23.11	18.0	1
54.5	33.46	1
90.53	60.04	1
205.33	116.66	1
412.45	230.3	1
817.69	459.51	1
1604.78	893.64	1
2394.55	1325.93	1
3218.21	1784.27	1
4048.25	2260.92	1
4913.31	2729.73	1
5742.82	3206.26	1
6585.67	3681.54	1
7426.82	4134.82	1
0.52	0.49	1
0.72	0.62	1
0.82	0.98	1
0.88	1.22	1
1.17	1.64	1
1.45	1.45	1
1.41	1.25	1
1.95	1.86	1
1.92	2.4	1
2.01	2.4	1
2.73	4.02	1
3.86	5.32	1
6.64	10.39	1
11.38	19.26	1
19.17	36.08	1
36.23	70.03	1
66.82	122.93	1
163.31	261.05	1
249.15	445.04	1
369.76	657.76	1
484.22	873.26	1
598.42	1083.99	1
721.77	1304.48	1
858.81	1518.25	1
949.5	1680.84	1
1066.96	1938.28	1
0.56	0.65	1
0.83	0.79	1
1.23	1.0	1
1.21	1.44	1
1.34	1.48	1
1.63	1.8	1
1.77	1.73	1
2.08	2.42	1
2.81	3.22	1
4.08	4.96	1
7.63	7.43	1
14.3	14.13	1
28.46	21.26	1
54.4	35.9	1
104.81	63.27	1
206.84	121.79	1
412.12	239.74	1
819.17	482.14	1
1601.51	904.73	1
2370.78	1342.92	1
3195.78	1801.38	1
3474.82	2291.46	1
4890.24	2765.81	1
5745.53	3243.5	1
6626.4	3719.62	1
7412.06	4163.34	1
0.57	0.63	2
0.87	0.92	2
1.23	1.1	2
1.38	1.33	2
1.49	1.51	2
1.44	1.48	2
1.53	1.52	2
1.59	1.75	2
2.34	2.37	2
3.02	2.92	2
4.46	4.5	2
6.12	7.82	2
11.18	13.84	2
19.23	24.49	2
36.09	48.08	2
68.64	93.44	2
135.92	182.11	2
299.11	356.96	2
521.24	693.1	2
765.12	1029.49	2
1014.35	1369.45	2
1413.36	1708.3	2
1507.46	2030.81	2
1739.42	2363.79	2
2030.69	2681.33	2
2223.87	3012.27	2
0.51	0.5	2
0.7	0.8	2
0.92	0.87	2
1.02	1.11	2
1.15	1.32	2
1.41	1.91	2
1.81	1.41	2
2.1	2.31	2
2.47	2.66	2
4.04	4.15	2
7.5	8.48	2
12.85	8.11	2
25.29	20.83	2
40.06	34.48	2
91.87	51.97	2
181.01	99.35	2
355.76	191.46	2
708.84	382.7	2
1371.79	730.77	2
2033.32	1086.22	2
2699.51	1434.27	2
3350.96	1778.1	2
4002.52	2121.14	2
4656.41	2471.0	2
5314.97	2810.7	2
5957.61	3157.68	2
0.53	0.49	2
0.76	0.77	2
0.87	1.03	2
1.33	1.15	2
1.14	1.23	2
1.62	1.22	2
1.49	1.52	2
1.71	1.68	2
1.98	2.21	2
2.63	2.98	2
3.9	5.17	2
6.82	7.66	2
10.05	14.39	2
18.64	25.92	2
34.34	50.38	2
65.83	93.58	2
147.61	174.26	2
252.3	371.03	2
484.2	666.18	2
716.67	997.92	2
1100.52	1321.13	2
1398.53	1634.29	2
1439.33	1941.82	2
1646.26	2294.08	2
1874.72	2607.4	2
2164.63	2897.83	2
0.52	0.55	2
0.76	0.94	2
1.01	1.44	2
1.33	1.69	2
1.19	1.07	2
1.39	1.37	2
2.06	1.47	2
2.42	1.95	2
2.97	3.2	2
3.97	5.46	2
7.13	7.76	2
13.32	13.07	2
25.07	22.21	2
46.18	37.59	2
76.88	52.67	2
179.26	101.45	2
356.12	201.48	2
707.43	402.45	2
1386.47	766.19	2
2037.75	1124.4	2
2702.97	1496.03	2
3349.21	1834.86	2
3997.27	2178.11	2
4628.46	2512.48	2
5221.98	2826.63	2
5826.62	3136.0	2
0.54	0.58	3
0.69	0.79	3
0.76	1.02	3
0.92	1.15	3
1.38	1.32	3
1.61	1.5	3
1.57	1.51	3
1.57	1.67	3
2.53	2.83	3
3.97	4.0	3
7.01	6.38	3
12.34	7.78	3
23.45	14.04	3
44.81	24.81	3
87.52	49.77	3
173.65	94.33	3
343.73	184.77	3
678.83	358.34	3
1315.23	690.18	3
1957.58	1013.92	3
2571.54	1339.9	3
3199.83	1666.58	3
3826.6	1991.29	3
4633.12	2456.56	3
4485.43	2799.63	3
5956.57	3148.61	3
0.65	0.72	3
1.05	0.83	3
1.07	0.97	3
1.53	1.21	3
1.28	1.44	3
1.38	1.47	3
1.64	1.35	3
1.83	2.31	3
2.5	1.92	3
2.83	3.09	3
4.48	4.39	3
6.09	7.36	3
10.91	13.23	3
19.01	24.68	3
40.56	47.9	3
71.51	94.4	3
139.5	180.81	3
267.9	359.61	3
583.28	698.88	3
783.64	1039.56	3
1020.79	1378.21	3
1304.53	1759.45	3
1565.13	2087.83	3
1815.34	2427.42	3
2087.0	2783.97	3
2378.13	3145.96	3
0.48	0.48	3
0.68	0.68	3
0.98	0.94	3
1.05	0.99	3
1.14	1.44	3
1.56	1.13	3
1.62	1.69	3
1.83	2.08	3
2.3	2.85	3
3.72	3.99	3
6.22	5.74	3
11.22	7.51	3
21.47	16.55	3
41.36	24.84	3
80.0	46.0	3
157.23	85.42	3
310.22	166.31	3
616.01	327.14	3
1199.86	627.62	3
1780.42	931.66	3
2368.14	1213.88	3
2964.85	1518.18	3
3526.22	1819.96	3
4096.28	2122.02	3
4674.74	2411.24	3
5289.89	2705.15	3
0.45	0.52	3
0.72	0.77	3
0.9	1.07	3
1.16	1.24	3
1.29	1.37	3
1.38	1.46	3
1.52	1.51	3
1.68	1.93	3
2.13	2.4	3
2.85	3.38	3
3.75	5.02	3
5.81	7.06	3
11.0	12.78	3
18.32	26.36	3
33.84	50.43	3
64.98	96.3	3
148.53	181.2	3
248.82	345.19	3
482.06	708.34	3
712.11	986.36	3
966.73	1311.97	3
1199.02	1631.65	3
1408.41	1944.11	3
1640.85	2299.53	3
1890.8	2602.79	3
2100.83	2907.97	3
0.69	0.59	4
0.81	0.95	4
1.11	1.03	4
1.3	1.61	4
1.18	1.53	4
1.37	1.47	4
1.46	1.77	4
2.11	2.05	4
3.12	3.33	4
4.47	4.52	4
7.56	8.32	4
14.71	10.47	4
27.33	20.16	4
55.09	39.45	4
91.89	62.15	4
149.04	121.5	4
419.27	235.66	4
840.92	465.42	4
1376.62	903.25	4
2401.5	1338.24	4
3177.78	1770.78	4
3949.02	2205.77	4
4723.07	2635.71	4
5536.54	3060.98	4
6268.01	3490.0	4
7051.06	3923.6	4
0.5	0.63	4
0.78	0.84	4
0.97	0.93	4
1.31	1.27	4
1.19	1.6	4
0.98	1.65	4
1.79	1.64	4
1.54	1.75	4
2.07	1.79	4
2.57	2.27	4
2.73	3.18	4
4.22	5.48	4
6.6	8.66	4
12.91	15.77	4
19.12	30.88	4
33.79	59.05	4
65.53	112.71	4
127.38	223.69	4
251.57	439.21	4
366.18	649.38	4
480.4	855.13	4
756.11	1063.87	4
716.78	1280.45	4
834.13	1499.72	4
991.31	1699.57	4
1066.42	1895.48	4
0.56	0.5	4
0.76	0.72	4
0.82	0.91	4
1.17	1.2	4
1.27	1.41	4
1.34	1.24	4
1.63	1.6	4
2.24	2.06	4
2.57	3.05	4
3.91	4.35	4
7.26	6.34	4
13.06	9.95	4
24.25	16.85	4
48.41	32.82	4
93.89	58.37	4
185.59	111.97	4
369.37	209.91	4
734.89	411.49	4
1414.61	781.08	4
2105.98	1145.69	4
2378.29	1538.96	4
3481.18	1913.23	4
3557.14	2262.19	4
4102.1	2642.44	4
4680.3	2978.7	4
6209.74	3361.04	4
0.48	0.5	4
0.7	0.7	4
0.91	0.98	4
1.02	1.3	4
1.3	1.1	4
1.19	1.11	4
1.54	1.27	4
1.47	1.62	4
1.9	2.02	4
2.22	2.71	4
3.0	3.82	4
4.18	5.99	4
6.66	10.77	4
11.23	17.99	4
18.93	38.52	4
47.06	65.53	4
68.63	140.27	4
128.17	224.68	4
249.28	468.74	4
474.72	664.34	4
484.83	883.14	4
602.05	1092.8	4
708.55	1261.12	4
832.75	1491.55	4
976.59	1698.86	4
1066.42	1935.52	4
0.38	0.38	5
0.56	0.53	5
0.85	0.84	5
1.5	1.53	5
2.57	2.64	5
2.28	2.18	5
2.16	3.02	5
4.21	3.43	5
5.03	4.69	5
6.18	5.69	5
10.74	11.25	5
19.11	17.97	5
34.28	32.55	5
64.54	64.78	5
121.23	120.03	5
219.81	216.43	5
374.83	372.09	5
633.06	632.06	5
872.96	863.75	5
1121.98	1117.59	5
1358.93	1355.26	5
1574.87	1582.43	5
1782.58	1839.56	5
1996.97	2031.71	5
2180.8	2258.71	5
0.41	0.44	5
0.55	0.61	5
0.83	0.75	5
1.4	1.53	5
1.69	2.38	5
2.16	2.57	5
3.99	3.58	5
5.26	6.12	5
8.81	8.5	5
15.15	15.13	5
28.62	28.03	5
52.53	52.2	5
100.56	100.16	5
183.42	186.17	5
326.96	325.85	5
541.32	535.59	5
791.32	796.49	5
1207.93	1206.75	5
1593.54	1598.01	5
1981.02	1972.59	5
2374.15	2335.45	5
2773.33	2701.81	5
3173.29	3060.31	5
3574.47	3409.13	5
3948.8	3748.91	5
0.38	0.36	5
0.47	0.52	5
0.85	0.76	5
1.32	1.33	5
2.05	1.74	5
2.97	2.21	5
2.91	2.7	5
3.71	3.17	5
4.49	3.85	5
6.48	5.97	5
9.15	8.94	5
17.71	16.53	5
28.97	28.38	5
54.86	53.52	5
97.84	99.92	5
176.23	177.41	5
306.34	308.56	5
543.18	540.41	5
767.31	768.66	5
1004.49	1005.26	5
1234.97	1219.62	5
1466.31	1453.47	5
1663.01	1667.74	5
1876.81	1903.17	5
2087.5	2111.42	5
0.4	0.41	5
0.44	0.54	5
0.83	0.82	5
1.39	1.3	5
2.14	2.08	5
3.79	2.77	5
4.17	3.57	5
5.36	6.48	5
9.24	8.15	5
15.8	15.04	5
28.34	29.32	5
51.82	52.15	5
98.48	98.26	5
181.66	180.24	5
314.28	311.83	5
505.3	514.39	5
749.34	743.78	5
1142.57	1135.67	5
1525.2	1512.28	5
1888.89	1880.93	5
2278.8	2228.09	5
2670.1	2582.49	5
3022.72	2915.42	5
3425.95	3227.55	5
3745.63	3545.22	5
0.42	0.39	6
0.52	0.58	6
0.85	0.83	6
1.56	1.42	6
2.34	2.42	6
3.0	2.84	6
3.53	3.23	6
4.43	6.21	6
8.62	8.77	6
15.19	16.33	6
28.33	29.1	6
53.71	53.58	6
99.82	100.87	6
188.11	186.78	6
333.68	339.81	6
557.24	555.66	6
813.32	819.79	6
1217.64	1211.12	6
1593.83	1593.62	6
1970.1	1963.21	6
2326.98	2323.05	6
2751.93	2756.78	6
3110.93	3130.02	6
3468.11	3483.09	6
3803.6	3829.49	6
0.42	0.39	6
0.54	0.53	6
0.87	0.94	6
1.55	1.48	6
2.81	2.59	6
3.99	2.21	6
2.64	3.4	6
3.93	3.69	6
4.06	5.5	6
7.4	7.09	6
10.39	11.76	6
18.55	18.88	6
36.82	35.42	6
66.87	68.55	6
126.02	125.97	6
223.05	227.15	6
381.53	384.36	6
646.93	640.43	6
884.18	879.33	6
1112.43	1117.73	6
1334.28	1348.66	6
1574.58	1582.3	6
1792.64	1818.42	6
2036.36	2041.4	6
2278.51	2301.83	6
0.34	0.39	6
0.49	0.49	6
0.69	0.69	6
1.17	1.06	6
1.9	2.14	6
2.9	2.6	6
4.03	3.0	6
4.53	4.35	6
6.78	7.6	6
11.38	11.72	6
19.45	20.49	6
38.11	38.64	6
72.39	70.93	6
131.88	131.07	6
234.98	232.24	6
391.21	392.0	6
604.88	608.92	6
947.17	945.98	6
1288.03	1290.72	6
1648.48	1629.77	6
1966.5	1972.16	6
2308.49	2328.26	6
2643.24	2639.83	6
2964.6	2972.02	6
3279.67	3279.49	6
0.4	0.4	6
0.48	0.51	6
0.8	0.84	6
1.14	1.36	6
2.41	2.22	6
2.82	2.25	6
2.85	3.53	6
3.13	3.11	6
3.91	4.88	6
6.74	6.45	6
9.98	10.92	6
18.23	17.09	6
32.41	32.16	6
58.63	60.32	6
106.08	108.4	6
194.4	189.76	6
326.72	325.59	6
570.39	566.83	6
790.62	798.66	6
1013.36	1025.07	6
1237.73	1256.36	6
1478.27	1484.68	6
1701.51	1717.78	6
1938.85	1926.56	6
2146.84	2135.21	6
0.37	0.43	7
0.5	0.51	7
0.9	0.82	7
1.45	1.47	7
2.27	2.11	7
1.42	1.9	7
2.18	1.96	7
3.86	3.9	7
4.47	3.37	7
7.56	6.52	7
11.38	10.37	7
18.27	17.83	7
33.39	33.88	7
64.38	62.32	7
119.68	118.05	7
217.1	216.72	7
375.38	373.92	7
626.36	624.04	7
869.16	870.23	7
1098.09	1106.62	7
1325.86	1337.34	7
1549.11	1564.88	7
1787.03	1796.7	7
2029.58	2039.91	7
2236.48	2256.54	7
0.37	0.36	7
0.5	0.5	7
0.76	0.89	7
1.32	1.49	7
2.03	2.56	7
3.46	1.74	7
3.75	2.76	7
5.9	4.8	7
9.24	7.96	7
14.31	15.6	7
27.11	27.33	7
50.74	51.42	7
96.93	95.74	7
179.03	176.74	7
315.97	315.87	7
527.64	533.39	7
792.83	778.34	7
1180.65	1179.78	7
1551.71	1561.36	7
1940.58	1928.13	7
2307.15	2289.11	7
2664.51	2677.31	7
3029.54	3019.31	7
3382.45	3371.64	7
3686.87	3709.08	7
0.36	0.39	7
0.51	0.51	7
0.8	0.77	7
1.26	1.34	7
2.42	2.27	7
3.26	2.4	7
2.13	3.17	7
3.35	3.32	7
4.1	4.7	7
6.76	5.94	7
9.23	9.03	7
15.25	15.84	7
28.06	29.11	7
52.41	52.53	7
100.56	99.19	7
175.97	178.14	7
305.35	309.27	7
543.4	541.69	7
776.88	774.19	7
1000.01	1001.05	7
1214.7	1225.84	7
1436.25	1443.59	7
1663.24	1662.84	7
1898.93	1887.74	7
2124.15	2101.78	7
0.34	0.38	7
0.47	0.48	7
0.75	0.72	7
1.31	1.08	7
2.27	2.16	7
2.55	2.87	7
3.06	3.14	7
4.26	4.77	7
7.23	6.91	7
12.66	12.46	7
22.75	22.03	7
42.51	42.86	7
78.48	78.11	7
145.61	145.61	7
256.04	257.71	7
424.25	427.86	7
644.18	650.86	7
997.91	1003.92	7
1341.27	1355.95	7
1697.27	1690.31	7
2046.06	2050.04	7
2404.51	2384.95	7
2739.05	2712.77	7
3077.69	3089.8	7
3406.7	3390.11	7
0.44	0.4	8
0.5	0.57	8
0.86	0.78	8
1.21	1.21	8
1.72	2.34	8
3.51	2.66	8
3.6	4.1	8
4.44	4.86	8
8.9	9.34	8
15.1	15.6	8
28.11	29.14	8
52.73	53.43	8
100.16	100.79	8
185.26	185.06	8
329.53	329.51	8
550.02	549.25	8
815.06	816.09	8
1229.25	1235.23	8
1622.07	1620.33	8
2056.19	2044.48	8
2471.94	2425.47	8
2855.66	2797.47	8
3311.8	3177.39	8
3699.41	3541.09	8
4149.53	3886.95	8
0.39	0.44	8
0.64	0.54	8
0.89	0.95	8
1.5	1.22	8
2.8	1.72	8
3.63	3.43	8
3.29	3.11	8
4.09	3.91	8
4.7	3.78	8
7.71	6.82	8
11.57	10.59	8
19.39	19.91	8
35.94	35.26	8
67.18	66.14	8
124.03	127.31	8
226.83	222.06	8
384.55	382.21	8
633.92	634.22	8
883.98	880.31	8
1120.92	1123.72	8
1358.33	1362.03	8
1577.34	1590.09	8
1798.78	1827.35	8
1990.47	2053.95	8
2194.66	2248.91	8
0.38	0.34	8
0.45	0.5	8
0.68	0.74	8
1.27	1.13	8
2.25	1.48	8
2.3	2.91	8
3.32	3.37	8
4.19	3.46	8
6.98	7.16	8
11.71	11.1	8
19.82	19.83	8
37.89	37.79	8
70.43	71.11	8
132.65	130.61	8
232.92	232.2	8
394.8	392.9	8
602.69	609.27	8
968.54	973.51	8
1314.41	1313.27	8
1681.21	1668.53	8
2025.14	1995.82	8
2364.46	2330.47	8
2750.92	2682.16	8
3114.06	2993.14	8
3526.92	3314.69	8
0.37	0.36	8
0.47	0.5	8
0.79	0.83	8
1.26	1.31	8
2.1	2.33	8
2.84	3.32	8
3.29	2.62	8
2.59	3.48	8
5.62	4.57	8
5.35	6.27	8
9.25	8.93	8
15.77	15.34	8
29.71	28.3	8
53.21	51.24	8
97.98	95.25	8
176.32	174.67	8
308.7	309.34	8
550.76	537.73	8
767.88	771.74	8
994.9	993.77	8
1214.45	1223.06	8
1430.37	1457.55	8
1656.7	1675.83	8
1857.18	1909.17	8
2052.12	2137.44	8
0.28	0.29	9
0.25	0.35	9
0.27	0.28	9
0.31	0.25	9
0.32	0.34	9
0.36	0.38	9
0.32	0.43	9
0.39	0.46	9
0.45	0.41	9
0.52	0.56	9
0.58	0.62	9
0.93	0.85	9
1.08	1.15	9
1.77	1.97	9
2.5	2.85	9
4.63	5.0	9
7.78	7.81	9
14.18	14.75	9
24.97	28.69	9
48.4	56.09	9
88.96	106.66	9
172.75	199.91	9
252.33	294.42	9
329.7	393.28	9
414.72	483.48	9
493.17	590.38	9
573.3	687.26	9
653.41	773.73	9
731.67	881.32	9
0.29	0.31	9
0.28	0.3	9
0.3	0.32	9
0.3	0.3	9
0.32	0.33	9
0.33	0.36	9
0.37	0.4	9
0.4	0.39	9
0.51	0.5	9
0.77	0.68	9
1.25	0.9	9
1.68	1.37	9
3.46	2.52	9
6.24	5.93	9
12.79	9.45	9
26.94	19.88	9
54.3	40.34	9
108.01	66.23	9
216.58	185.19	9
424.75	312.79	9
842.41	621.29	9
1665.59	1030.71	9
2485.83	1565.02	9
3234.6	1991.56	9
3966.08	2620.7	9
4697.78	2899.91	9
5514.88	3601.84	9
6331.38	4104.43	9
7137.44	4423.99	9
0.22	0.26	9
0.26	0.27	9
0.27	0.27	9
0.29	0.28	9
0.22	0.28	9
0.28	0.3	9
0.31	0.31	9
0.28	0.41	9
0.3	0.42	9
0.54	0.57	9
0.64	0.63	9
0.81	0.87	9
1.15	1.23	9
1.76	1.97	9
2.56	3.37	9
4.52	5.65	9
7.74	7.93	9
13.63	16.34	9
24.63	34.29	9
45.98	49.97	9
91.16	99.93	9
172.06	240.46	9
251.27	323.09	9
332.94	383.09	9
419.74	456.4	9
490.52	584.55	9
571.21	662.37	9
661.6	784.46	9
729.97	825.68	9
0.32	0.32	9
0.32	0.28	9
0.31	0.32	9
0.28	0.3	9
0.26	0.31	9
0.35	0.36	9
0.31	0.31	9
0.33	0.43	9
0.49	0.52	9
0.74	0.79	9
1.18	0.85	9
1.42	1.86	9
3.54	2.7	9
6.56	4.72	9
12.75	11.48	9
27.03	21.1	9
54.31	50.95	9
108.56	84.33	9
215.54	237.22	9
428.54	274.04	9
844.01	541.96	9
1663.52	1069.45	9
2483.65	1576.47	9
3228.44	2181.43	9
3965.28	3160.1	9
4700.69	3045.61	9
5517.54	3512.32	9
6328.77	4004.86	9
7147.24	4528.21	9
0.21	0.3	10
0.23	0.3	10
0.27	0.3	10
0.27	0.25	10
0.28	0.29	10
0.29	0.34	10
0.42	0.39	10
0.4	0.35	10
0.47	0.49	10
0.54	0.54	10
0.71	0.66	10
1.03	1.16	10
1.58	1.88	10
2.69	2.81	10
4.07	4.34	10
8.29	8.39	10
16.14	17.08	10
30.07	32.14	10
58.38	62.6	10
116.99	120.06	10
230.5	242.13	10
445.0	473.89	10
659.42	703.86	10
875.85	933.18	10
1090.98	1162.53	10
1305.94	1389.75	10
1523.83	1619.83	10
1727.89	1849.03	10
1940.62	2089.96	10
0.26	0.27	10
0.22	0.21	10
0.26	0.31	10
0.28	0.34	10
0.28	0.35	10
0.29	0.4	10
0.35	0.35	10
0.36	0.42	10
0.62	0.54	10
0.51	0.78	10
0.96	1.14	10
1.48	1.71	10
3.03	2.53	10
5.71	3.83	10
10.64	8.85	10
21.57	13.15	10
44.02	36.61	10
86.7	51.16	10
173.27	145.73	10
343.34	291.97	10
685.26	491.02	10
1329.86	794.75	10
1960.75	1242.27	10
2588.86	1526.77	10
3213.19	1878.0	10
3830.28	2337.18	10
4435.75	2592.6	10
5059.32	3059.88	10
5672.9	3498.25	10
0.21	0.25	10
0.22	0.3	10
0.24	0.23	10
0.23	0.25	10
0.25	0.26	10
0.26	0.28	10
0.3	0.26	10
0.33	0.37	10
0.32	0.39	10
0.56	0.6	10
0.62	0.63	10
1.07	1.12	10
1.49	1.62	10
2.55	2.87	10
4.11	4.61	10
8.13	8.9	10
15.05	16.48	10
29.1	31.45	10
55.2	66.34	10
108.41	136.45	10
212.23	238.11	10
411.92	438.91	10
605.58	632.52	10
801.12	858.87	10
996.43	1051.63	10
1219.41	1288.89	10
1387.62	1532.93	10
1589.25	1675.7	10
1784.3	1914.65	10
0.26	0.27	10
0.24	0.27	10
0.29	0.27	10
0.24	0.32	10
0.25	0.28	10
0.36	0.36	10
0.28	0.35	10
0.51	0.36	10
0.58	0.57	10
0.71	0.75	10
1.33	0.88	10
2.15	1.76	10
3.89	2.03	10
5.07	5.84	10
11.22	7.02	10
22.38	17.46	10
43.09	27.4	10
86.61	70.25	10
171.68	107.68	10
342.37	216.38	10
682.92	428.03	10
1327.96	821.75	10
1952.36	1412.61	10
2585.03	1631.95	10
3199.47	2047.87	10
3794.15	2366.26	10
4397.43	2638.19	10
4920.88	3082.62	10
5501.64	3551.85	10
0.31	0.27	11
0.28	0.27	11
0.23	0.26	11
0.3	0.3	11
0.26	0.27	11
0.25	0.32	11
0.3	0.33	11
0.4	0.38	11
0.52	0.46	11
0.68	0.64	11
1.2	0.92	11
1.8	1.41	11
3.54	1.93	11
4.64	3.66	11
10.81	7.92	11
20.11	12.05	11
44.62	37.75	11
86.4	50.26	11
171.66	99.13	11
336.69	197.25	11
673.55	480.67	11
1310.16	772.97	11
1942.48	1174.48	11
2571.86	1502.91	11
3202.18	2078.35	11
3838.09	2324.76	11
4464.74	2633.16	11
5127.39	3020.23	11
5727.46	3378.96	11
0.26	0.27	11
0.26	0.27	11
0.24	0.29	11
0.35	0.33	11
0.3	0.33	11
0.27	0.29	11
0.34	0.34	11
0.28	0.44	11
0.39	0.47	11
0.55	0.55	11
0.59	0.68	11
1.08	1.14	11
1.41	1.57	11
2.68	2.59	11
4.2	4.78	11
8.11	8.54	11
15.16	16.51	11
30.17	31.58	11
58.31	63.2	11
113.54	122.2	11
227.96	240.38	11
449.55	460.63	11
657.68	689.05	11
865.7	918.52	11
1076.65	1151.97	11
1274.17	1354.44	11
1476.7	1575.58	11
1678.37	1797.38	11
1882.56	2020.59	11
0.24	0.24	11
0.23	0.23	11
0.28	0.27	11
0.23	0.23	11
0.27	0.3	11
0.27	0.28	11
0.23	0.32	11
0.37	0.34	11
0.41	0.5	11
0.66	0.57	11
1.01	0.97	11
1.49	1.05	11
2.36	2.04	11
5.01	2.86	11
7.84	5.42	11
18.29	10.92	11
37.93	23.47	11
75.19	46.72	11
150.01	140.63	11
297.84	228.25	11
592.24	467.42	11
1154.22	694.84	11
1715.36	1090.55	11
2272.84	1506.82	11
2834.31	1650.85	11
3396.39	2205.74	11
3947.33	2299.1	11
4514.49	2679.16	11
5057.24	3088.74	11
0.23	0.25	11
0.25	0.27	11
0.22	0.29	11
0.27	0.32	11
0.28	0.22	11
0.28	0.32	11
0.38	0.31	11
0.36	0.42	11
0.36	0.39	11
0.63	0.55	11
0.74	0.8	11
1.15	1.13	11
1.4	1.63	11
2.96	2.86	11
4.36	4.25	11
8.07	9.26	11
15.24	18.53	11
29.91	36.73	11
57.82	64.54	11
112.82	131.38	11
221.62	247.1	11
430.88	490.91	11
641.87	705.62	11
840.89	906.73	11
1046.13	1154.82	11
1240.4	1324.49	11
1445.61	1518.75	11
1644.05	1782.26	11
1849.5	2079.28	11
0.27	0.32	12
0.24	0.24	12
0.26	0.26	12
0.23	0.27	12
0.2	0.33	12
0.31	0.27	12
0.32	0.43	12
0.4	0.33	12
0.45	0.42	12
0.62	0.6	12
0.92	1.14	12
1.82	1.12	12
3.5	2.31	12
5.69	4.86	12
11.9	9.42	12
24.28	14.78	12
50.27	36.91	12
99.97	60.73	12
197.13	144.15	12
393.76	288.34	12
788.26	577.13	12
1531.62	939.54	12
2269.57	1669.79	12
3003.63	1849.06	12
3747.34	2757.25	12
4489.68	2754.46	12
5215.42	3394.34	12
5956.89	4217.69	12
6696.68	4145.52	12
0.24	0.24	12
0.25	0.25	12
0.24	0.25	12
0.3	0.31	12
0.3	0.28	12
0.22	0.34	12
0.31	0.4	12
0.36	0.38	12
0.33	0.46	12
0.48	0.52	12
0.6	0.68	12
0.74	0.84	12
1.08	1.05	12
1.88	1.83	12
2.4	2.72	12
4.31	4.95	12
7.56	8.41	12
13.43	15.49	12
24.86	28.29	12
46.63	53.15	12
89.24	106.3	12
169.41	196.93	12
254.79	290.83	12
336.58	397.35	12
432.67	490.71	12
512.46	556.5	12
573.99	682.56	12
653.02	777.96	12
725.46	862.94	12
0.26	0.23	12
0.24	0.25	12
0.21	0.24	12
0.22	0.27	12
0.24	0.24	12
0.24	0.26	12
0.28	0.29	12
0.3	0.33	12
0.44	0.45	12
0.58	0.57	12
0.99	1.01	12
1.42	1.07	12
2.76	2.23	12
5.4	5.94	12
10.62	8.88	12
21.73	21.24	12
43.99	34.44	12
91.36	59.3	12
182.22	140.71	12
361.95	228.86	12
721.78	548.43	12
1402.36	890.12	12
2079.78	1665.63	12
2746.35	1730.45	12
3422.38	2153.08	12
4094.32	2550.77	12
4760.31	3074.57	12
5443.55	3587.36	12
6119.71	3840.93	12
0.21	0.26	12
0.28	0.26	12
0.23	0.28	12
0.28	0.22	12
0.28	0.32	12
0.28	0.33	12
0.34	0.34	12
0.35	0.36	12
0.46	0.42	12
0.51	0.58	12
0.59	0.66	12
0.89	0.98	12
1.09	1.14	12
1.72	2.03	12
2.56	2.76	12
4.39	6.48	12
7.39	9.02	12
13.92	17.39	12
25.1	32.49	12
46.03	54.07	12
91.37	121.77	12
172.62	225.51	12
259.99	323.49	12
334.42	470.74	12
413.73	534.51	12
491.47	588.66	12
575.83	672.75	12
654.64	787.27	12
759.92	862.5	12
0.27	0.33	13
0.29	0.32	13
0.44	0.48	13
0.73	0.64	13
1.17	1.08	13
1.91	1.94	13
3.61	2.64	13
4.67	4.7	13
4.48	3.4	13
5.65	6.8	13
7.59	9.19	13
14.22	13.71	13
23.0	23.03	13
39.35	41.44	13
69.0	70.37	13
104.32	104.55	13
143.17	144.29	13
202.64	200.42	13
308.67	307.17	13
525.19	510.71	13
731.95	728.78	13
952.71	945.3	13
1156.25	1162.19	13
1389.72	1388.44	13
1576.76	1576.63	13
1806.33	1782.23	13
1970.1	1970.53	13
0.27	0.27	13
0.28	0.33	13
0.43	0.45	13
0.67	0.62	13
1.08	1.05	13
1.59	1.33	13
3.54	2.05	13
2.9	3.34	13
4.99	4.65	13
6.57	5.54	13
9.51	9.56	13
15.2	15.14	13
26.71	24.73	13
47.8	47.74	13
78.65	79.47	13
127.74	126.95	13
185.29	185.95	13
285.34	278.21	13
470.78	471.31	13
877.19	844.49	13
1270.28	1219.23	13
1649.55	1557.31	13
2011.64	1929.64	13
2383.03	2282.43	13
2730.75	2660.89	13
3056.75	2970.6	13
3401.89	3289.48	13
0.23	0.25	13
0.28	0.31	13
0.35	0.39	13
0.56	0.56	13
1.02	0.89	13
1.22	1.77	13
2.35	2.32	13
2.98	4.61	13
3.23	4.05	13
4.64	4.0	13
7.22	7.42	13
11.19	12.64	13
18.47	18.53	13
33.32	33.78	13
53.59	52.61	13
84.74	84.64	13
113.4	113.45	13
167.91	171.42	13
268.99	270.39	13
465.95	473.06	13
664.65	652.96	13
867.89	859.21	13
1069.63	1076.67	13
1283.77	1264.66	13
1472.34	1450.15	13
1668.9	1651.93	13
1839.76	1840.87	13
0.28	0.27	13
0.31	0.3	13
0.39	0.42	13
0.6	0.62	13
0.94	0.99	13
1.77	1.68	13
2.48	2.81	13
2.95	2.55	13
3.83	4.07	13
6.65	4.75	13
8.08	8.85	13
12.38	12.32	13
22.03	22.02	13
38.18	36.81	13
62.39	63.5	13
104.26	104.1	13
151.89	153.3	13
243.24	239.4	13
413.6	417.57	13
789.9	751.97	13
1144.6	1089.25	13
1485.64	1417.36	13
1800.6	1729.17	13
2108.14	2054.26	13
2422.54	2372.63	13
2736.64	2677.96	13
3009.52	2965.33	13
0.29	0.27	14
0.33	0.38	14
0.43	0.45	14
0.67	0.71	14
1.16	1.16	14
1.99	2.12	14
3.15	4.08	14
5.71	5.11	14
3.84	5.48	14
5.46	6.04	14
9.61	11.48	14
15.93	16.9	14
26.41	27.31	14
49.38	49.05	14
84.52	81.17	14
125.37	132.29	14
183.57	188.43	14
271.23	268.45	14
443.39	442.54	14
782.21	771.38	14
1116.2	1101.33	14
1451.53	1447.59	14
1781.75	1791.79	14
2132.44	2128.77	14
2467.56	2437.28	14
2815.49	2759.71	14
3076.24	3069.93	14
0.25	0.27	14
0.35	0.36	14
0.5	0.47	14
0.75	0.64	14
1.28	1.1	14
2.1	2.09	14
3.62	3.73	14
2.59	4.85	14
3.38	5.21	14
6.09	7.43	14
8.59	9.12	14
17.13	16.78	14
25.84	26.44	14
44.89	43.06	14
74.33	71.73	14
110.49	110.83	14
150.35	150.89	14
215.15	212.21	14
330.4	326.82	14
591.68	554.89	14
871.59	787.07	14
1101.96	1000.84	14
1311.54	1226.97	14
1548.07	1445.78	14
1756.41	1635.72	14
1933.1	1852.78	14
2164.51	2024.22	14
0.25	0.25	14
0.29	0.29	14
0.38	0.38	14
0.55	0.57	14
0.91	0.95	14
1.57	1.41	14
2.59	2.44	14
1.92	4.02	14
3.11	3.47	14
4.31	4.3	14
7.93	7.92	14
12.59	11.79	14
21.48	21.69	14
36.22	36.15	14
60.61	61.37	14
91.87	93.58	14
141.66	138.53	14
224.82	220.16	14
380.43	384.25	14
664.77	679.99	14
967.21	970.99	14
1274.35	1277.96	14
1559.93	1570.0	14
1855.16	1860.0	14
2155.86	2162.39	14
2453.0	2441.26	14
2721.69	2733.38	14
0.24	0.27	14
0.3	0.31	14
0.41	0.46	14
0.66	0.66	14
1.18	1.17	14
1.89	2.16	14
3.4	2.53	14
2.88	5.37	14
4.94	4.65	14
6.55	5.58	14
9.14	9.3	14
14.73	14.28	14
24.02	24.14	14
41.55	40.43	14
68.47	68.59	14
107.99	103.77	14
139.8	140.48	14
195.19	198.45	14
312.56	306.9	14
558.72	524.28	14
830.9	750.78	14
1045.81	948.28	14
1240.04	1151.82	14
1439.74	1336.97	14
1624.4	1520.48	14
1791.8	1700.64	14
1943.86	1843.47	14
0.25	0.26	15
0.36	0.4	15
0.44	0.46	15
0.61	0.67	15
1.07	1.09	15
1.59	1.97	15
3.54	3.08	15
4.17	2.64	15
3.53	3.81	15
6.42	5.67	15
10.3	9.12	15
13.68	13.95	15
25.15	24.83	15
41.82	42.96	15
67.82	67.09	15
105.73	103.84	15
145.78	147.61	15
205.36	201.87	15
315.42	311.72	15
571.56	531.46	15
820.56	757.84	15
1035.58	984.47	15
1288.5	1195.3	15
1490.84	1423.15	15
1694.89	1632.75	15
1876.85	1869.03	15
2084.96	2014.77	15
0.31	0.27	15
0.29	0.32	15
0.45	0.43	15
0.63	0.67	15
1.04	1.05	15
2.01	1.82	15
3.01	2.86	15
3.26	4.02	15
4.52	5.34	15
5.06	7.03	15
10.2	9.56	15
16.43	15.61	15
27.08	24.8	15
45.07	44.68	15
76.85	79.36	15
122.52	122.58	15
172.79	175.09	15
264.45	261.24	15
429.8	433.87	15
758.9	765.65	15
1106.46	1097.17	15
1443.04	1423.01	15
1787.63	1782.98	15
2108.82	2102.53	15
2439.94	2447.43	15
2757.76	2750.69	15
3057.5	3056.29	15
0.25	0.25	15
0.27	0.28	15
0.36	0.43	15
0.55	0.56	15
0.88	0.95	15
1.63	1.51	15
1.38	2.96	15
3.0	3.17	15
3.54	5.16	15
5.39	4.91	15
7.56	6.47	15
11.24	10.85	15
19.26	18.4	15
33.18	31.58	15
53.29	52.56	15
82.28	83.22	15
116.95	115.99	15
173.55	170.83	15
276.42	268.98	15
504.2	479.4	15
736.62	677.33	15
934.16	880.29	15
1141.88	1067.6	15
1322.27	1281.85	15
1535.31	1440.21	15
1695.93	1638.85	15
1874.33	1813.15	15
0.26	0.25	15
0.32	0.3	15
0.38	0.44	15
0.59	0.58	15
0.92	0.79	15
1.67	1.33	15
1.96	2.92	15
2.69	3.34	15
3.82	3.41	15
4.9	4.96	15
7.07	7.31	15
13.2	12.57	15
20.24	21.32	15
35.64	36.19	15
61.64	61.63	15
96.33	96.23	15
141.65	142.97	15
220.42	220.73	15
377.03	371.82	15
675.97	677.09	15
966.52	959.29	15
1271.83	1287.05	15
1571.75	1571.23	15
1869.25	1880.66	15
2175.71	2180.34	15
2460.9	2426.86	15
2752.37	2752.33	15
0.26	0.27	16
0.3	0.37	16
0.4	0.42	16
0.62	0.65	16
0.89	1.17	16
1.92	1.98	16
2.81	2.44	16
3.64	3.02	16
4.3	5.9	16
6.83	6.24	16
9.7	10.12	16
15.98	15.59	16
28.0	27.25	16
48.61	47.71	16
80.97	82.24	16
126.29	126.37	16
181.16	181.77	16
272.5	273.84	16
453.55	448.19	16
836.32	795.34	16
1199.08	1136.69	16
1556.06	1490.6	16
1920.7	1827.2	16
2243.71	2165.95	16
2586.8	2520.58	16
2927.77	2837.82	16
3232.38	3150.91	16
0.25	0.28	16
0.29	0.36	16
0.42	0.52	16
0.67	0.67	16
1.08	1.1	16
2.03	1.57	16
3.01	3.48	16
5.32	4.81	16
4.63	4.82	16
5.65	5.93	16
8.36	9.24	16
13.84	14.56	16
24.4	25.03	16
42.56	43.46	16
74.64	70.35	16
109.42	109.52	16
145.87	148.78	16
206.38	204.43	16
311.13	312.9	16
516.87	515.2	16
749.33	728.91	16
954.65	940.72	16
1180.59	1152.11	16
1385.29	1380.57	16
1609.39	1567.36	16
1797.79	1808.05	16
1963.06	1977.28	16
0.24	0.23	16
0.28	0.31	16
0.38	0.39	16
0.61	0.6	16
0.93	0.94	16
1.5	1.56	16
2.64	2.25	16
2.27	3.87	16
3.39	4.5	16
4.87	4.34	16
7.86	7.39	16
14.52	12.04	16
21.69	21.04	16
36.73	36.5	16
59.92	60.71	16
96.3	97.86	16
143.24	141.23	16
223.25	220.6	16
380.76	382.21	16
712.13	692.86	16
1041.03	996.3	16
1356.15	1291.82	16
1636.1	1590.86	16
1932.43	1887.92	16
2252.97	2200.11	16
2510.3	2466.14	16
2830.91	2716.05	16
0.25	0.27	16
0.28	0.41	16
0.41	0.43	16
0.62	0.6	16
1.07	1.2	16
1.58	1.84	16
2.59	2.51	16
2.92	3.07	16
4.14	4.39	16
6.68	5.06	16
7.64	8.5	16
12.65	13.8	16
23.22	23.14	16
40.01	37.42	16
62.23	63.96	16
94.86	96.78	16
132.45	130.29	16
185.42	181.83	16
283.65	286.97	16
481.88	472.39	16
681.39	676.68	16
896.37	886.28	16
1107.48	1081.91	16
1298.48	1293.77	16
1495.94	1503.36	16
1697.4	1686.89	16
1853.01	1859.72	16
0.43	0.42	17
0.75	0.57	17
1.07	1.04	17
1.84	1.98	17
3.31	3.1	17
4.64	5.6	17
11.79	9.83	17
7.35	10.03	17
14.36	16.87	17
16.15	20.31	17
24.93	26.96	17
43.09	44.5	17
76.44	79.14	17
147.08	143.03	17
266.7	273.27	17
497.41	500.59	17
870.69	868.67	17
1337.26	1338.24	17
1779.05	1779.25	17
2477.73	2479.63	17
3176.68	3130.06	17
3864.45	3774.1	17
4462.39	4399.04	17
5020.75	5005.71	17
5581.37	5632.88	17
6127.53	6200.85	17
6589.83	6677.73	17
0.45	0.36	17
0.57	0.64	17
0.96	1.06	17
1.89	1.6	17
2.84	2.99	17
5.07	4.52	17
8.15	6.88	17
10.54	9.23	17
23.69	16.39	17
47.38	20.81	17
115.84	41.4	17
293.13	76.73	17
517.03	130.35	17
1404.12	248.21	17
2599.58	465.1	17
4769.3	834.91	17
7954.5	1436.49	17
10619.02	2149.56	17
11572.86	2722.31	17
13069.25	3658.01	17
14361.59	4436.82	17
15427.35	5217.11	17
16490.78	6025.96	17
17672.5	6860.23	17
18640.16	7662.1	17
19478.87	8402.48	17
20248.17	9109.64	17
0.35	0.36	17
0.49	0.6	17
0.94	0.87	17
1.51	1.41	17
2.45	2.71	17
4.37	4.17	17
9.29	9.84	17
9.81	9.84	17
10.24	8.47	17
17.24	15.32	17
18.98	21.08	17
37.57	31.8	17
61.32	56.95	17
116.41	115.33	17
210.04	214.93	17
388.26	388.65	17
677.86	672.32	17
1040.92	1038.72	17
1408.58	1413.87	17
2027.82	2016.81	17
2671.95	2636.13	17
3338.55	3208.87	17
3921.84	3808.42	17
4502.19	4426.85	17
5058.92	5009.03	17
5553.27	5550.9	17
6018.98	6069.06	17
0.34	0.36	17
0.54	0.56	17
0.96	1.0	17
1.59	1.67	17
3.4	3.12	17
5.6	6.43	17
5.69	9.83	17
8.35	12.03	17
15.46	16.27	17
62.84	25.29	17
162.61	34.25	17
267.97	72.32	17
604.32	126.25	17
1230.78	239.21	17
2354.04	444.21	17
4508.27	788.73	17
7376.09	1338.89	17
10090.28	1973.78	17
10950.43	2543.8	17
12621.2	3396.83	17
13974.82	4155.96	17
14900.13	4891.6	17
15951.49	5633.9	17
17047.08	6377.73	17
18255.5	7192.0	17
18936.33	7888.8	17
19857.05	8539.13	17
0.43	0.45	18
0.72	0.71	18
1.13	0.96	18
1.65	1.96	18
3.67	3.74	18
6.25	5.6	18
11.95	7.9	18
13.0	11.38	18
24.12	20.47	18
36.38	25.98	18
144.46	45.38	18
341.15	80.24	18
617.71	145.42	18
1534.99	266.16	18
2925.21	494.23	18
5312.56	898.87	18
8775.23	1510.89	18
11641.35	2278.7	18
12655.33	2916.5	18
14296.08	3798.14	18
15537.07	4616.82	18
16926.13	5426.65	18
17902.92	6237.1	18
18897.99	7030.99	18
19825.83	7806.64	18
20571.79	8536.67	18
21071.43	9212.8	18
0.47	0.46	18
0.66	0.63	18
1.16	1.1	18
1.44	1.65	18
3.53	3.04	18
6.87	5.88	18
5.74	10.83	18
9.03	15.61	18
11.01	7.28	18
18.61	23.69	18
25.65	28.19	18
49.42	47.43	18
84.87	86.6	18
150.75	152.18	18
279.35	283.81	18
525.55	517.5	18
911.03	914.27	18
1408.98	1403.52	18
1846.93	1852.45	18
2561.87	2568.14	18
3152.27	3151.19	18
3789.0	3745.42	18
4424.12	4352.02	18
5034.81	4977.65	18
5739.98	5592.98	18
6412.2	6246.06	18
7109.5	6802.92	18
0.34	0.32	18
0.44	0.48	18
0.75	0.74	18
1.41	1.61	18
2.62	2.09	18
3.79	4.52	18
5.99	8.14	18
10.32	9.68	18
15.91	10.51	18
16.85	18.44	18
101.68	30.13	18
196.2	51.82	18
523.73	88.9	18
979.2	171.09	18
1986.78	319.35	18
3545.0	568.76	18
5911.51	949.86	18
7903.06	1445.88	18
8740.5	1916.26	18
9945.54	2651.21	18
11030.61	3382.82	18
12079.2	4074.88	18
12988.72	4794.51	18
13903.2	5511.08	18
14783.24	6259.49	18
15433.94	6912.86	18
16015.65	7529.38	18
0.45	0.45	18
0.64	0.66	18
0.85	0.92	18
1.73	1.93	18
3.19	3.23	18
5.68	5.96	18
9.7	7.53	18
10.57	7.76	18
10.37	13.13	18
15.12	16.34	18
25.56	22.26	18
41.93	47.77	18
77.63	74.24	18
142.93	150.86	18
268.49	267.6	18
500.63	509.36	18
881.76	880.38	18
1333.36	1333.12	18
1728.45	1729.24	18
2387.74	2403.71	18
2968.99	2971.42	18
3570.24	3546.2	18
4205.9	4109.67	18
4847.95	4732.65	18
5491.94	5313.0	18
6116.09	5887.28	18
6808.5	6411.54	18
0.45	0.44	19
0.6	0.67	19
1.02	1.01	19
1.83	1.76	19
3.07	3.27	19
5.63	6.59	19
6.0	8.54	19
8.92	9.57	19
13.58	12.5	19
19.29	16.16	19
28.8	26.67	19
46.66	46.55	19
80.18	82.57	19
154.01	143.77	19
280.75	281.89	19
510.71	514.52	19
891.02	889.44	19
1371.02	1364.21	19
1813.18	1808.85	19
2518.5	2530.12	19
3137.19	3136.88	19
3733.81	3695.55	19
4342.69	4294.03	19
5000.66	4915.85	19
5640.46	5519.79	19
6350.76	6130.46	19
6970.92	6732.73	19
0.39	0.49	19
0.64	0.61	19
1.0	1.09	19
1.91	1.91	19
3.35	3.38	19
7.13	6.76	19
6.84	12.82	19
8.33	14.42	19
23.7	17.69	19
36.09	24.88	19
78.76	42.87	19
199.9	73.4	19
576.11	133.54	19
1328.56	260.56	19
2753.42	483.76	19
4916.4	870.71	19
8262.58	1461.21	19
10843.78	2202.81	19
12098.63	2841.13	19
13669.92	3724.6	19
15075.02	4538.86	19
16241.34	5393.44	19
17552.63	6227.66	19
18551.62	7056.83	19
19247.58	7816.13	19
20054.62	8552.17	19
20673.27	9198.96	19
0.32	0.33	19
0.55	0.5	19
0.83	0.77	19
1.45	1.35	19
2.56	2.43	19
4.6	3.13	19
6.24	7.17	19
8.14	9.37	19
13.75	9.09	19
15.27	14.24	19
28.48	22.5	19
37.02	36.62	19
64.67	65.59	19
116.35	122.11	19
220.49	216.29	19
393.59	399.62	19
681.97	677.14	19
1041.92	1041.86	19
1434.94	1444.93	19
2072.86	2089.44	19
2655.04	2650.34	19
3240.77	3205.38	19
3796.32	3756.91	19
4442.47	4329.8	19
5044.64	4904.28	19
5675.69	5453.29	19
6272.52	6013.58	19
0.45	0.4	19
0.54	0.55	19
0.99	1.08	19
1.69	1.65	19
2.96	3.09	19
5.62	4.49	19
7.22	7.75	19
12.72	17.05	19
18.3	10.26	19
41.71	25.84	19
152.39	36.64	19
281.95	71.11	19
590.12	133.6	19
1228.01	243.3	19
2426.08	442.42	19
4518.77	784.06	19
7437.86	1306.83	19
9753.12	1942.48	19
10677.4	2461.92	19
12122.85	3259.55	19
13331.73	3989.32	19
14368.82	4730.4	19
15623.27	5520.01	19
16629.69	6274.26	19
17331.04	6994.99	19
17988.6	7665.21	19
18608.91	8294.6	19
0.4	0.51	20
0.71	0.67	20
1.05	1.03	20
2.11	2.34	20
3.89	3.83	20
6.42	7.35	20
9.35	10.88	20
13.09	10.92	20
26.62	15.85	20
48.83	28.11	20
132.57	46.9	20
373.79	75.13	20
694.99	144.12	20
1582.36	271.92	20
2967.86	511.75	20
5344.15	905.07	20
8824.75	1512.68	20
11913.37	2273.31	20
13032.52	2929.77	20
14490.3	3859.84	20
16113.4	4687.3	20
17148.58	5514.02	20
18607.2	6419.62	20
19575.03	7270.51	20
20663.15	8072.21	20
21651.81	8846.08	20
22416.8	9544.81	20
0.46	0.42	20
0.54	0.7	20
1.2	1.09	20
1.95	1.72	20
3.69	3.53	20
5.27	7.06	20
3.45	10.93	20
8.64	8.54	20
13.11	13.59	20
20.77	14.63	20
30.37	28.02	20
50.53	46.99	20
82.43	82.15	20
158.14	158.8	20
293.68	291.9	20
526.9	534.11	20
925.44	933.9	20
1427.82	1419.83	20
1885.9	1891.16	20
2575.96	2571.11	20
3291.56	3229.76	20
3954.65	3861.46	20
4590.92	4502.46	20
5206.21	5117.44	20
5748.83	5769.7	20
6274.74	6294.61	20
6767.53	6749.23	20
0.33	0.34	20
0.48	0.57	20
0.86	0.82	20
1.47	1.71	20
2.64	2.62	20
5.38	4.55	20
5.25	8.97	20
13.58	8.78	20
17.19	11.17	20
27.06	20.44	20
116.34	39.28	20
279.34	66.27	20
556.22	117.53	20
1115.99	222.42	20
2134.14	391.2	20
4021.27	693.91	20
6606.76	1149.72	20
8652.03	1696.88	20
9705.98	2198.57	20
10839.77	2975.65	20
12092.66	3670.84	20
13353.36	4461.29	20
14577.66	5180.15	20
15453.36	5903.46	20
16270.33	6594.74	20
17154.89	7250.14	20
17781.15	7857.54	20
0.36	0.44	20
0.63	0.56	20
1.13	1.04	20
1.71	1.62	20
2.15	3.16	20
5.31	6.46	20
5.95	7.67	20
6.8	13.01	20
18.43	12.7	20
21.13	17.84	20
26.05	25.0	20
48.25	47.98	20
81.55	83.49	20
148.64	145.26	20
264.52	264.54	20
485.97	487.03	20
834.19	837.41	20
1256.92	1254.34	20
1642.17	1654.46	20
2268.5	2266.53	20
2908.49	2870.8	20
3538.97	3452.27	20
4189.53	4089.35	20
4766.17	4642.53	20
5303.39	5239.46	20
5800.16	5784.52	20
6284.74	6240.52	20
0.86	0.96	21
1.25	0.96	21
1.28	1.23	21
1.51	1.28	21
1.22	1.22	21
2.09	1.5	21
1.85	1.91	21
2.54	1.93	21
2.83	3.53	21
3.0	3.56	21
4.87	5.93	21
7.63	10.18	21
11.94	17.16	21
20.96	33.8	21
45.89	63.12	21
70.73	120.84	21
139.72	239.51	21
345.69	462.27	21
396.21	687.22	21
522.17	911.98	21
813.42	1132.21	21
806.05	1353.95	21
905.37	1569.05	21
1027.82	1796.98	21
1161.5	2029.23	21
0.8	1.27	21
1.52	1.22	21
1.87	1.82	21
1.96	2.04	21
2.21	2.61	21
2.26	2.33	21
3.78	2.76	21
3.4	2.66	21
5.92	6.71	21
10.54	8.64	21
20.89	12.23	21
38.25	20.61	21
75.2	40.25	21
146.51	77.11	21
293.0	153.05	21
583.89	302.21	21
1158.52	601.94	21
2265.85	1171.03	21
3341.8	1734.54	21
4433.18	2299.08	21
5515.16	2866.57	21
6623.83	3434.51	21
7719.13	4000.07	21
8783.17	4560.26	21
9878.5	5126.88	21
0.77	0.69	21
0.9	0.8	21
1.4	1.29	21
1.35	1.21	21
1.65	1.42	21
1.54	1.88	21
2.13	2.22	21
2.01	2.5	21
2.33	3.02	21
2.85	4.31	21
4.72	5.94	21
7.02	10.41	21
11.77	18.09	21
20.74	34.13	21
38.93	68.33	21
72.5	123.07	21
140.44	273.39	21
267.16	462.47	21
399.64	664.08	21
518.62	875.64	21
646.93	1092.47	21
772.08	1301.79	21
900.46	1530.49	21
1309.64	1724.08	21
1153.5	1968.45	21
0.87	0.86	21
1.2	1.35	21
1.54	1.65	21
1.65	2.19	21
2.47	1.98	21
2.34	2.34	21
2.8	3.02	21
3.2	3.76	21
7.34	5.32	21
11.23	6.93	21
20.44	12.15	21
37.05	20.38	21
74.1	40.86	21
144.57	78.23	21
239.25	149.33	21
564.7	297.75	21
1119.22	591.15	21
2180.78	1133.63	21
3234.27	1686.65	21
3584.19	2226.21	21
5327.21	2764.86	21
6414.07	3331.66	21
6206.65	3857.8	21
8477.44	4416.34	21
8105.66	4945.05	21
0.84	1.01	22
1.34	1.63	22
1.53	1.86	22
2.33	2.1	22
1.85	2.22	22
2.45	2.51	22
2.06	2.65	22
2.65	3.24	22
3.87	4.22	22
4.81	4.71	22
8.01	9.14	22
12.26	14.78	22
21.68	26.93	22
39.53	50.33	22
73.28	96.17	22
142.23	190.25	22
280.96	374.22	22
548.27	726.35	22
803.55	1071.43	22
1064.63	1426.15	22
1326.44	1782.06	22
1789.39	2129.29	22
2061.8	2471.76	22
2113.47	2842.51	22
2413.2	3180.26	22
0.78	0.83	22
1.03	0.96	22
1.26	1.04	22
1.27	1.62	22
2.14	1.64	22
1.93	2.54	22
2.57	2.5	22
3.84	3.49	22
5.66	5.16	22
9.96	5.61	22
17.79	10.03	22
33.66	18.26	22
66.19	33.32	22
129.9	64.26	22
255.22	129.63	22
507.33	252.3	22
996.77	494.87	22
1925.37	959.97	22
2856.78	1423.36	22
3761.42	1855.64	22
4682.01	2321.75	22
5633.4	2784.5	22
6551.34	3249.39	22
7486.07	3713.61	22
8417.28	4173.78	22
0.84	0.73	22
1.49	1.3	22
1.42	1.46	22
2.03	1.71	22
1.65	2.19	22
2.47	2.28	22
1.74	2.3	22
2.7	2.88	22
3.42	3.84	22
5.01	5.66	22
6.94	8.83	22
11.57	14.28	22
19.92	26.06	22
36.73	49.64	22
68.94	99.53	22
149.57	193.33	22
266.3	374.6	22
567.29	698.34	22
752.16	1015.4	22
994.54	1333.4	22
1261.77	1694.52	22
1482.59	1960.82	22
1728.76	2337.47	22
2198.94	2666.99	22
2213.35	3001.57	22
0.71	0.91	22
0.89	1.02	22
1.32	1.33	22
1.28	1.36	22
2.07	2.01	22
1.86	1.87	22
2.05	2.9	22
3.71	2.61	22
4.91	5.59	22
9.78	6.55	22
16.83	10.01	22
27.3	18.58	22
61.27	32.61	22
120.38	62.81	22
195.93	120.15	22
470.87	236.62	22
927.22	465.14	22
1504.76	899.02	22
2661.71	1316.31	22
3475.02	1731.27	22
4353.04	2156.35	22
5218.12	2580.12	22
6078.19	3030.11	22
5813.55	3453.82	22
7791.04	3884.87	22
0.79	0.84	23
1.15	1.15	23
1.06	1.72	23
1.83	1.43	23
2.18	1.98	23
2.16	2.29	23
3.09	2.65	23
4.3	3.69	23
5.37	4.92	23
10.27	7.12	23
13.58	12.39	23
38.03	20.4	23
73.14	39.26	23
144.8	76.12	23
238.92	147.22	23
462.42	278.55	23
1038.29	531.84	23
2010.46	1001.47	23
2957.49	1478.7	23
3880.74	1942.81	23
4820.33	2426.04	23
5767.01	2902.02	23
6701.65	3356.2	23
6242.5	3764.62	23
8314.84	4151.12	23
0.99	1.29	23
1.34	1.46	23
1.69	2.21	23
2.32	2.12	23
2.34	2.69	23
2.44	2.38	23
3.21	3.0	23
3.79	3.34	23
3.94	4.61	23
4.83	5.71	23
7.61	9.05	23
12.56	15.73	23
23.01	26.89	23
37.99	50.84	23
74.02	96.35	23
161.47	189.76	23
312.73	372.11	23
605.25	724.47	23
802.56	1074.19	23
1060.69	1424.66	23
1324.63	1769.06	23
1612.22	2121.11	23
1844.55	2472.63	23
2132.93	2846.46	23
2368.28	3183.98	23
0.7	0.7	23
0.99	0.79	23
1.16	0.89	23
1.37	1.32	23
1.59	1.71	23
2.09	1.83	23
2.39	2.08	23
3.38	2.48	23
4.88	3.99	23
8.61	5.57	23
14.77	8.1	23
29.21	14.42	23
54.67	27.2	23
105.53	52.8	23
211.25	102.07	23
413.05	194.57	23
793.52	385.25	23
1541.57	724.57	23
2278.88	1077.58	23
3009.59	1430.57	23
3750.18	1767.32	23
4523.58	2095.55	23
5233.27	2456.61	23
4940.18	2797.96	23
6709.37	3126.15	23
1.08	1.14	23
1.23	1.7	23
1.66	1.74	23
2.07	2.05	23
2.04	2.02	23
2.29	2.34	23
2.26	2.23	23
3.75	3.46	23
3.44	3.89	23
5.0	6.11	23
6.98	8.9	23
11.9	15.32	23
21.65	28.03	23
36.78	49.73	23
69.4	100.65	23
132.44	177.06	23
261.21	376.56	23
507.22	672.85	23
752.98	998.93	23
994.32	1321.92	23
1238.36	1683.38	23
1505.35	1973.7	23
1740.3	2320.14	23
2289.04	2693.06	23
2519.74	2945.56	23
0.74	0.99	24
1.35	1.12	24
1.51	1.73	24
1.67	1.73	24
2.05	1.91	24
2.32	2.3	24
2.79	3.21	24
2.88	3.2	24
6.22	3.72	24
9.38	6.33	24
18.03	11.24	24
29.8	20.04	24
68.69	37.78	24
134.28	70.47	24
220.13	135.79	24
536.7	277.91	24
1067.47	547.47	24
2076.24	1061.39	24
3088.19	1578.0	24
4108.76	2088.99	24
5180.94	2657.79	24
4299.03	3221.08	24
7399.02	3791.91	24
8516.96	4365.26	24
9592.1	4940.73	24
0.89	0.92	24
0.89	1.05	24
1.39	1.29	24
1.91	1.44	24
1.27	1.51	24
1.57	1.68	24
2.18	2.15	24
1.9	2.35	24
2.41	2.8	24
3.45	3.5	24
4.1	5.58	24
8.0	10.12	24
14.2	18.57	24
24.79	32.59	24
37.14	61.1	24
72.52	121.03	24
175.0	239.01	24
341.29	463.46	24
395.64	693.86	24
654.0	906.43	24
650.47	1124.88	24
779.68	1353.66	24
896.62	1575.62	24
1294.95	1838.0	24
1193.53	2020.09	24
0.78	0.83	24
1.18	1.17	24
1.41	1.44	24
1.43	1.63	24
1.74	1.79	24
2.08	2.0	24
2.56	2.74	24
3.49	3.33	24
5.65	5.29	24
9.09	6.22	24
16.6	10.01	24
30.53	17.92	24
58.61	31.97	24
115.22	60.32	24
193.08	116.17	24
455.07	227.27	24
902.57	447.72	24
1753.98	876.39	24
2606.29	1288.02	24
3475.61	1717.09	24
4381.58	2179.28	24
5330.85	2627.78	24
6284.72	3139.58	24
6038.51	3598.43	24
6864.82	4066.7	24
0.72	0.67	24
0.76	0.9	24
1.36	1.16	24
1.43	1.21	24
1.91	1.98	24
1.71	1.37	24
1.91	2.01	24
2.32	1.89	24
2.32	3.06	24
2.88	3.91	24
4.71	6.09	24
6.84	10.13	24
14.78	17.35	24
20.97	32.37	24
40.58	64.72	24
85.85	135.05	24
173.9	240.13	24
265.59	469.27	24
392.97	678.43	24
523.49	892.86	24
646.85	1090.26	24
797.59	1296.6	24
902.7	1564.57	24
1024.84	1731.77	24
1191.95	1926.09	24
0.39	0.47	25
0.54	0.7	25
0.55	0.62	25
0.74	0.78	25
0.95	0.95	25
1.05	1.12	25
1.62	1.64	25
2.12	2.15	25
3.57	3.29	25
5.27	5.18	25
9.46	9.32	25
15.14	15.88	25
28.07	29.85	25
56.14	53.16	25
104.57	106.0	25
199.79	201.21	25
385.03	387.16	25
564.75	565.87	25
752.64	746.85	25
927.39	928.92	25
1120.36	1108.27	25
1285.62	1289.65	25
1466.06	1474.02	25
1649.86	1647.41	25
0.55	0.53	25
0.75	0.71	25
0.9	0.94	25
1.25	1.44	25
2.19	2.23	25
3.12	2.52	25
3.38	3.82	25
6.94	6.73	25
11.65	12.55	25
22.94	22.37	25
44.73	44.19	25
86.03	87.19	25
171.37	172.69	25
341.85	343.35	25
682.16	681.65	25
1352.06	1349.08	25
2626.16	2618.72	25
3895.02	3902.14	25
5166.94	5163.46	25
6450.86	6440.44	25
7633.3	7651.27	25
8878.37	8903.65	25
10052.08	10057.63	25
11256.8	11299.11	25
0.35	0.38	25
0.51	0.51	25
0.53	0.54	25
0.56	0.76	25
0.83	0.88	25
1.05	1.24	25
1.48	1.44	25
1.83	1.74	25
3.13	2.88	25
4.61	4.61	25
8.14	7.85	25
13.06	13.84	25
22.71	22.27	25
45.27	41.39	25
80.73	79.18	25
142.34	148.27	25
278.34	278.39	25
409.55	409.19	25
530.3	535.93	25
670.59	664.42	25
795.09	805.04	25
945.49	928.27	25
1057.1	1052.56	25
1183.83	1176.85	25
0.51	0.48	25
0.63	0.69	25
0.89	0.82	25
1.37	1.27	25
1.99	2.0	25
2.29	2.27	25
4.1	3.38	25
5.61	6.64	25
11.32	10.42	25
20.02	19.9	25
40.34	41.63	25
82.56	75.27	25
149.66	155.95	25
301.14	295.66	25
571.8	548.57	25
1155.57	1106.73	25
2188.19	2167.56	25
3118.61	3177.97	25
4120.94	4100.99	25
5069.2	5155.83	25
6251.74	6190.2	25
6953.4	6994.3	25
7872.75	7679.75	25
8673.55	8693.25	25
0.47	0.5	26
0.66	0.71	26
0.86	0.85	26
1.05	1.03	26
1.45	1.41	26
1.57	1.8	26
2.41	2.45	26
3.35	3.37	26
4.68	4.9	26
8.1	8.23	26
14.4	14.87	26
26.6	26.97	26
50.22	47.79	26
96.46	94.71	26
186.16	185.72	26
367.74	363.3	26
701.43	711.19	26
1047.48	1048.96	26
1396.05	1393.73	26
1718.94	1742.05	26
2050.35	2076.67	26
2412.48	2400.16	26
2732.75	2747.2	26
3068.65	3090.05	26
0.45	0.47	26
0.54	0.63	26
0.75	0.75	26
1.15	1.14	26
1.53	1.78	26
2.86	1.85	26
2.6	2.32	26
4.41	4.04	26
7.16	6.94	26
12.5	12.71	26
44.77	23.81	26
45.56	45.52	26
89.48	88.69	26
175.4	175.82	26
348.65	347.77	26
1360.91	694.33	26
1353.78	1351.16	26
2010.86	2009.64	26
2654.42	2660.4	26
3315.4	3312.63	26
3938.0	3931.98	26
4456.47	4483.85	26
9770.8	5018.42	26
5580.91	5555.03	26
0.39	0.46	26
0.5	0.48	26
0.68	0.62	26
0.86	0.8	26
1.22	1.44	26
1.59	1.47	26
2.31	2.04	26
2.69	2.69	26
4.42	4.09	26
7.48	7.04	26
12.65	11.98	26
23.46	24.53	26
44.82	42.44	26
82.24	81.33	26
158.31	161.65	26
305.41	302.83	26
581.39	593.62	26
867.72	852.85	26
1146.13	1126.87	26
1420.53	1405.23	26
1692.57	1688.75	26
1962.17	1978.85	26
2229.81	2274.18	26
2510.35	2505.21	26
0.38	0.4	26
0.55	0.6	26
0.84	0.67	26
1.19	0.9	26
1.49	1.65	26
2.25	1.69	26
3.0	2.65	26
4.45	4.08	26
7.35	6.67	26
21.32	12.49	26
25.0	22.89	26
44.69	45.48	26
89.47	88.43	26
172.2	167.06	26
342.04	341.74	26
662.05	660.38	26
1286.47	1279.84	26
1886.36	1887.37	26
2480.7	2471.35	26
3042.98	3013.09	26
3525.25	3568.15	26
4041.6	4065.13	26
4448.79	4487.81	26
4946.17	4967.47	26
0.42	0.41	27
0.47	0.49	27
0.63	0.73	27
1.01	1.14	27
1.49	1.3	27
1.41	1.53	27
2.29	2.54	27
4.48	3.7	27
6.57	6.32	27
19.11	10.9	27
37.97	20.57	27
39.36	38.59	27
77.35	77.91	27
147.0	148.71	27
291.52	302.68	27
583.88	580.45	27
1175.59	1205.63	27
1787.58	1795.42	27
2399.67	2388.44	27
3025.87	3026.56	27
3661.36	3637.38	27
4363.04	4345.2	27
4987.35	4990.32	27
5598.08	5615.43	27
0.45	0.47	27
0.61	0.74	27
0.75	0.65	27
1.03	0.99	27
1.22	1.19	27
1.68	1.55	27
2.22	2.53	27
3.21	2.98	27
4.82	5.26	27
7.77	8.77	27
14.4	15.4	27
26.92	26.31	27
49.6	51.55	27
95.79	96.99	27
193.87	190.71	27
375.81	376.52	27
736.98	737.61	27
1103.46	1097.96	27
1459.12	1467.19	27
1827.63	1827.38	27
2191.62	2199.43	27
2567.53	2570.96	27
2952.12	2936.77	27
3296.1	3327.42	27
0.36	0.39	27
0.48	0.54	27
0.58	0.57	27
1.0	0.86	27
1.38	1.2	27
2.04	1.43	27
2.84	2.34	27
3.91	3.48	27
6.84	5.56	27
10.89	9.44	27
19.09	18.61	27
34.39	33.85	27
68.8	71.45	27
130.1	130.52	27
504.24	256.99	27
518.63	526.05	27
998.9	995.7	27
1467.84	1484.08	27
1932.12	1951.88	27
2365.48	2373.74	27
2806.23	2800.14	27
3224.37	3215.09	27
3646.03	3652.33	27
4096.03	4100.58	27
0.4	0.48	27
0.53	0.6	27
0.82	0.91	27
0.98	0.93	27
1.26	1.36	27
1.54	1.97	27
2.21	2.21	27
2.77	2.59	27
4.48	4.54	27
6.77	7.17	27
13.87	12.67	27
23.35	23.37	27
42.96	43.56	27
81.34	83.15	27
163.22	166.66	27
315.4	311.87	27
603.35	613.27	27
899.88	891.62	27
1169.91	1177.97	27
1460.61	1459.44	27
1773.17	1765.58	27
2070.19	2063.29	27
2369.46	2354.79	27
2706.64	2748.05	27
0.5	0.53	28
0.58	0.64	28
0.78	0.72	28
1.19	1.1	28
1.48	1.58	28
1.98	1.71	28
3.24	3.25	28
5.78	5.34	28
10.21	10.35	28
18.83	18.13	28
35.84	36.64	28
71.21	71.58	28
138.61	142.57	28
280.28	286.08	28
578.44	579.55	28
1164.07	1143.11	28
2287.32	2309.03	28
3536.29	3495.0	28
4732.15	4727.43	28
5975.13	5918.15	28
7220.7	7115.94	28
8445.97	8446.28	28
9628.89	9639.63	28
10785.02	10767.5	28
0.45	0.54	28
0.52	0.62	28
0.65	0.55	28
0.76	0.78	28
1.03	1.0	28
1.11	1.07	28
1.56	1.52	28
1.88	2.17	28
3.59	3.43	28
5.14	5.08	28
8.82	9.08	28
15.37	15.17	28
28.34	29.56	28
52.15	55.38	28
102.01	100.81	28
198.55	199.68	28
380.28	382.32	28
562.49	560.17	28
748.32	738.66	28
923.0	927.73	28
1108.38	1104.75	28
1287.18	1290.46	28
1477.28	1460.86	28
1651.44	1642.12	28
0.39	0.4	28
0.49	0.47	28
0.68	0.73	28
1.0	0.9	28
1.43	1.4	28
1.75	1.61	28
3.01	2.29	28
4.0	4.6	28
7.95	7.56	28
14.14	14.04	28
26.93	26.71	28
52.78	52.8	28
104.11	104.53	28
204.87	205.51	28
408.68	411.62	28
809.54	808.66	28
1565.72	1570.54	28
2321.23	2319.8	28
2984.7	2995.46	28
3824.99	3871.19	28
4568.67	4575.08	28
5226.54	5268.28	28
5963.29	5955.31	28
6634.92	6658.18	28
0.43	0.43	28
0.41	0.47	28
0.57	0.62	28
0.69	0.74	28
0.89	0.97	28
1.22	1.03	28
1.5	1.51	28
1.88	1.87	28
2.9	3.07	28
4.67	4.47	28
7.84	7.51	28
13.36	12.92	28
21.93	21.72	28
41.94	43.15	28
81.39	77.22	28
152.79	151.04	28
322.72	272.42	28
413.95	413.92	28
545.63	531.89	28
673.75	659.39	28
794.37	794.19	28
917.6	927.68	28
1173.55	1058.34	28
1180.79	1184.95	28
0.34	0.34	29
0.39	0.35	29
0.47	0.5	29
0.53	0.59	29
0.96	1.03	29
1.43	1.6	29
1.96	2.36	29
2.22	2.68	29
3.24	3.22	29
3.56	3.54	29
3.38	3.54	29
4.26	3.24	29
3.57	4.01	29
4.83	4.56	29
6.33	7.56	29
10.08	12.64	29
13.44	20.24	29
23.92	38.73	29
42.88	71.9	29
76.34	138.99	29
241.52	274.1	29
374.43	541.77	29
430.21	796.4	29
729.17	1052.65	29
911.0	1300.84	29
1339.38	1555.01	29
976.47	1819.73	29
1452.43	2089.69	29
1244.83	2347.06	29
0.28	0.28	29
0.34	0.34	29
0.41	0.47	29
0.62	0.67	29
0.94	0.85	29
1.6	1.55	29
1.39	1.84	29
2.63	3.01	29
3.47	3.16	29
3.59	3.79	29
4.67	3.15	29
5.21	3.95	29
7.6	6.02	29
9.46	8.86	29
20.04	11.91	29
31.26	17.93	29
59.42	39.24	29
115.14	71.01	29
271.85	133.99	29
367.18	269.16	29
1078.19	530.46	29
2111.22	1035.01	29
3197.98	1573.1	29
3669.34	2153.24	29
4674.83	2727.01	29
5552.88	3313.36	29
7946.25	3893.56	29
9149.98	4474.5	29
10334.02	5053.3	29
0.24	0.23	29
0.29	0.3	29
0.37	0.37	29
0.5	0.46	29
0.69	0.77	29
1.38	1.15	29
1.47	1.57	29
1.61	2.35	29
2.8	2.46	29
3.01	2.85	29
2.96	2.81	29
3.22	3.26	29
3.82	4.17	29
4.6	5.93	29
5.57	8.46	29
11.53	13.37	29
12.65	20.82	29
22.64	38.51	29
42.05	76.12	29
105.89	144.3	29
148.38	286.12	29
362.52	508.05	29
533.39	757.22	29
718.6	1011.13	29
896.24	1232.87	29
1297.92	1484.19	29
1274.14	1719.08	29
1432.16	1982.68	29
1282.85	2205.62	29
0.29	0.28	29
0.34	0.32	29
0.45	0.42	29
0.6	0.57	29
0.98	0.8	29
1.39	1.35	29
2.08	2.24	29
3.17	2.43	29
3.08	3.4	29
3.53	3.54	29
3.16	3.45	29
4.77	4.56	29
6.19	6.36	29
10.62	8.82	29
18.28	10.97	29
28.33	20.3	29
56.29	38.95	29
132.69	70.57	29
218.79	131.32	29
525.21	258.81	29
694.38	511.12	29
2028.86	983.27	29
2564.81	1496.1	29
4223.39	2065.84	29
5402.83	2628.17	29
6528.67	3172.29	29
6406.87	3742.75	29
8843.24	4282.76	29
10055.25	4850.6	29
0.25	0.28	30
0.3	0.31	30
0.4	0.4	30
0.65	0.62	30
1.04	0.9	30
0.88	1.39	30
2.15	1.59	30
2.48	3.43	30
2.33	2.12	30
3.2	3.54	30
3.23	4.05	30
4.48	3.46	30
5.15	5.09	30
6.08	6.08	30
8.52	8.86	30
12.23	16.35	30
23.82	28.42	30
44.94	54.76	30
76.47	106.03	30
146.0	206.6	30
288.77	413.73	30
561.89	800.89	30
827.97	1193.79	30
1099.08	1579.55	30
1782.97	1965.55	30
1885.8	2364.94	30
2202.76	2733.13	30
2200.7	3134.6	30
2923.6	3542.88	30
0.21	0.24	30
0.31	0.32	30
0.41	0.41	30
0.56	0.51	30
0.8	0.98	30
1.59	1.5	30
1.93	1.63	30
2.28	2.86	30
3.04	3.1	30
3.46	3.09	30
3.72	3.92	30
5.0	4.07	30
7.43	4.45	30
11.29	8.03	30
18.9	10.2	30
36.11	19.57	30
57.3	34.69	30
108.48	64.39	30
213.0	128.11	30
504.96	242.57	30
994.66	481.82	30
1931.88	937.7	30
2861.6	1390.96	30
3155.39	1831.48	30
4707.01	2264.16	30
3703.34	2718.73	30
5463.42	3186.29	30
6321.13	3694.02	30
7177.63	4199.74	30
0.23	0.24	30
0.26	0.32	30
0.38	0.39	30
0.58	0.48	30
0.9	0.82	30
1.12	1.25	30
1.75	1.76	30
2.27	1.91	30
2.95	2.23	30
2.65	3.17	30
3.63	3.47	30
3.39	3.97	30
4.49	5.06	30
5.37	6.22	30
7.6	10.4	30
13.52	17.36	30
27.56	27.53	30
43.77	56.36	30
81.28	104.36	30
157.04	219.81	30
328.03	399.75	30
602.76	741.05	30
777.08	1134.97	30
1187.08	1450.4	30
1279.12	1824.44	30
1559.53	2211.27	30
1787.95	2550.03	30
2436.35	2908.87	30
2294.39	3256.61	30
0.25	0.25	30
0.28	0.28	30
0.33	0.41	30
0.58	0.59	30
0.9	0.98	30
1.42	1.38	30
1.85	1.97	30
3.65	2.38	30
3.15	2.36	30
3.87	2.76	30
3.87	3.47	30
4.67	5.33	30
7.14	6.28	30
9.31	7.84	30
12.47	18.16	30
35.2	22.78	30
65.65	37.0	30
125.8	64.04	30
247.74	123.8	30
488.9	241.1	30
797.03	472.8	30
1479.45	876.62	30
2637.71	1277.73	30
3567.25	1726.08	30
4417.59	2114.4	30
4342.71	2539.7	30
5140.68	2995.49	30
7383.97	3605.3	30
5581.1	4112.92	30
0.26	0.35	31
0.28	0.32	31
0.35	0.43	31
0.71	0.55	31
0.87	1.03	31
1.36	1.59	31
1.86	2.65	31
2.87	3.27	31
2.91	2.87	31
3.21	3.69	31
3.79	3.17	31
4.45	4.08	31
7.22	5.37	31
8.13	8.04	31
19.54	12.21	31
22.16	19.17	31
54.68	34.63	31
104.83	62.82	31
251.78	127.17	31
501.51	245.45	31
659.74	488.63	31
1627.27	951.09	31
2421.8	1411.64	31
3189.4	1872.65	31
4803.19	2330.56	31
4742.51	2779.78	31
6614.89	3205.7	31
7492.67	3635.66	31
8432.83	4082.03	31
0.28	0.25	31
0.44	0.28	31
0.4	0.41	31
0.57	0.7	31
1.16	1.06	31
1.42	1.59	31
2.32	2.05	31
2.7	2.29	31
3.12	3.55	31
3.57	2.45	31
3.1	3.78	31
4.19	4.5	31
4.79	4.73	31
6.34	6.38	31
8.76	9.25	31
13.95	16.11	31
21.57	28.59	31
40.41	55.32	31
76.6	105.84	31
188.22	207.6	31
330.56	408.57	31
650.31	801.05	31
952.54	1185.44	31
1101.9	1577.86	31
1371.81	1973.69	31
1923.81	2356.81	31
2200.53	2754.13	31
2192.26	3199.91	31
2465.12	3540.37	31
0.22	0.22	31
0.28	0.28	31
0.32	0.36	31
0.48	0.52	31
0.82	0.77	31
1.16	1.27	31
1.56	1.97	31
2.43	1.8	31
2.9	3.08	31
2.78	3.06	31
2.99	3.67	31
3.55	3.72	31
4.53	4.25	31
8.2	7.3	31
13.8	10.28	31
14.22	16.45	31
54.17	27.26	31
103.9	49.88	31
96.11	95.48	31
403.61	182.55	31
800.62	372.61	31
1565.47	718.76	31
2325.67	1064.24	31
3110.82	1404.07	31
3258.83	1853.34	31
4958.64	2328.96	31
5752.61	2686.97	31
6570.42	3070.51	31
4802.44	3474.15	31
0.24	0.27	31
0.31	0.33	31
0.39	0.44	31
0.6	0.6	31
1.05	0.94	31
1.56	1.62	31
2.34	2.22	31
2.95	2.35	31
2.91	3.09	31
2.53	3.28	31
3.62	4.28	31
4.12	4.78	31
4.94	5.54	31
5.88	7.45	31
8.86	10.26	31
12.66	15.63	31
21.96	29.95	31
40.62	56.31	31
75.65	108.63	31
144.92	215.82	31
344.16	414.65	31
567.06	794.18	31
827.33	1174.46	31
1123.87	1527.92	31
1620.33	1913.39	31
1649.1	2363.16	31
1920.81	2717.82	31
2189.13	3056.21	31
2515.41	3482.5	31
0.28	0.27	32
0.3	0.4	32
0.36	0.4	32
0.58	0.59	32
1.02	0.83	32
1.26	1.14	32
1.34	1.86	32
3.57	3.11	32
2.96	2.87	32
3.41	3.32	32
3.62	2.64	32
5.73	3.95	32
5.67	6.13	32
11.08	8.62	32
20.04	16.21	32
36.87	24.19	32
69.84	36.76	32
134.82	72.07	32
263.44	135.71	32
526.06	262.24	32
861.52	511.87	32
2009.79	984.01	32
2472.49	1456.14	32
3276.04	1937.98	32
4896.04	2401.95	32
4896.53	2878.55	32
6826.92	3342.79	32
7785.35	3814.74	32
8759.32	4284.36	32
0.33	0.27	32
0.28	0.32	32
0.32	0.42	32
0.67	0.6	32
0.69	0.8	32
1.42	1.5	32
2.7	2.33	32
2.27	3.34	32
3.03	2.02	32
2.6	3.39	32
4.12	3.41	32
3.41	3.7	32
4.18	4.18	32
4.47	4.87	32
6.37	7.67	32
9.08	11.58	32
13.21	20.35	32
23.68	38.52	32
41.24	70.95	32
76.91	139.65	32
150.2	275.46	32
369.51	525.39	32
425.79	781.25	32
561.37	1047.55	32
701.9	1296.54	32
833.4	1576.45	32
1309.31	1813.7	32
1130.45	2098.92	32
1656.63	2330.93	32
0.21	0.24	32
0.24	0.28	32
0.33	0.35	32
0.51	0.48	32
0.77	0.77	32
1.18	1.13	32
1.8	1.94	32
2.49	2.06	32
2.56	2.94	32
3.21	3.34	32
3.02	3.65	32
4.52	3.95	32
5.56	4.48	32
10.0	7.52	32
17.1	11.21	32
27.07	16.47	32
60.3	30.73	32
116.4	57.0	32
229.34	116.93	32
375.16	221.4	32
903.25	441.3	32
1751.2	833.9	32
2602.24	1213.38	32
3471.47	1598.91	32
4297.02	1981.31	32
4254.23	2381.47	32
6000.45	2765.77	32
6855.71	3166.5	32
5001.36	3585.83	32
0.21	0.24	32
0.29	0.28	32
0.4	0.4	32
0.57	0.5	32
0.77	0.85	32
1.05	1.49	32
2.39	1.74	32
2.41	2.25	32
3.04	3.27	32
3.11	2.2	32
3.66	3.55	32
3.15	3.79	32
4.07	4.59	32
5.34	5.39	32
5.47	8.52	32
8.83	14.22	32
15.47	23.02	32
23.88	38.3	32
56.11	73.48	32
76.03	143.97	32
157.49	287.39	32
287.4	511.27	32
421.69	766.24	32
714.88	1031.39	32
726.25	1242.97	32
861.12	1499.99	32
975.19	1730.53	32
1099.68	1983.1	32
1588.57	2213.71	32
0.39	0.34	33
0.36	0.36	33
0.59	0.55	33
0.8	0.78	33
1.09	1.4	33
1.62	1.04	33
1.82	1.69	33
2.05	2.19	33
2.58	2.82	33
3.57	3.0	33
4.33	4.25	33
5.81	6.19	33
9.15	8.34	33
14.51	14.75	33
27.03	26.09	33
48.47	47.13	33
91.21	89.4	33
174.11	175.49	33
255.32	251.79	33
333.95	336.47	33
419.89	415.85	33
503.52	502.08	33
583.56	581.34	33
650.66	664.35	33
731.47	738.98	33
0.26	0.34	33
0.39	0.42	33
0.47	0.55	33
0.81	0.7	33
1.1	1.28	33
1.35	1.01	33
1.61	2.19	33
2.08	2.1	33
3.74	3.32	33
4.55	4.69	33
6.18	7.1	33
10.89	11.23	33
18.93	18.77	33
36.48	35.92	33
67.41	68.44	33
132.37	129.5	33
252.02	251.33	33
475.61	479.0	33
690.48	699.04	33
914.61	912.48	33
1143.25	1137.75	33
1365.05	1361.66	33
1589.24	1588.72	33
1808.33	1815.3	33
2039.24	2035.25	33
0.29	0.35	33
0.32	0.32	33
0.45	0.55	33
0.8	0.65	33
0.84	0.86	33
1.54	1.25	33
2.03	1.6	33
1.88	2.0	33
2.63	2.75	33
3.28	3.37	33
4.37	4.26	33
5.36	5.84	33
8.63	8.81	33
14.29	13.97	33
26.35	23.63	33
43.54	47.53	33
85.47	87.01	33
163.91	167.5	33
242.83	237.28	33
316.14	304.44	33
390.21	379.78	33
461.27	460.81	33
542.61	535.08	33
607.47	602.1	33
678.35	678.02	33
0.28	0.36	33
0.34	0.38	33
0.49	0.45	33
0.78	0.82	33
1.11	1.2	33
1.49	1.28	33
1.43	1.94	33
2.2	2.28	33
2.79	3.07	33
4.77	4.5	33
6.04	7.07	33
9.31	10.3	33
18.17	17.86	33
32.86	33.63	33
63.21	64.54	33
120.5	121.11	33
230.19	235.02	33
447.47	437.5	33
639.49	639.04	33
831.28	816.26	33
1031.68	1010.38	33
1241.47	1224.65	33
1439.53	1434.72	33
1634.28	1643.34	33
1846.08	1819.69	33
0.37	0.29	34
0.37	0.43	34
0.53	0.5	34
0.69	0.76	34
1.12	0.96	34
1.38	1.39	34
1.54	1.66	34
2.14	1.91	34
3.15	3.04	34
4.63	4.15	34
6.9	6.22	34
10.29	9.89	34
17.24	17.35	34
33.65	32.71	34
64.89	63.71	34
124.05	126.16	34
248.14	248.01	34
479.1	480.46	34
715.74	714.15	34
946.43	940.84	34
1181.74	1173.11	34
1409.4	1406.85	34
1644.09	1643.91	34
1877.99	1873.62	34
2105.81	2105.89	34
0.29	0.33	34
0.32	0.52	34
0.52	0.48	34
0.86	0.78	34
1.13	1.0	34
1.44	1.42	34
1.9	1.65	34
2.06	2.03	34
3.06	2.76	34
3.21	3.61	34
4.2	4.2	34
6.26	6.8	34
9.95	10.01	34
16.95	17.71	34
31.14	30.32	34
58.03	57.11	34
110.83	111.48	34
214.52	213.88	34
316.22	316.23	34
417.93	420.51	34
524.18	521.37	34
651.68	647.84	34
762.46	765.46	34
881.07	869.86	34
984.41	981.52	34
0.25	0.33	34
0.29	0.31	34
0.41	0.41	34
0.67	0.6	34
0.97	1.21	34
1.5	1.29	34
1.47	1.4	34
1.76	1.65	34
2.92	2.8	34
3.53	3.54	34
5.5	5.4	34
9.29	8.71	34
15.97	15.32	34
29.35	29.18	34
56.3	55.05	34
112.08	109.49	34
212.21	209.56	34
415.46	410.29	34
614.66	611.18	34
807.21	812.86	34
1007.46	1014.92	34
1196.77	1237.18	34
1455.55	1441.76	34
1621.48	1643.01	34
1855.31	1864.12	34
0.29	0.28	34
0.35	0.34	34
0.45	0.52	34
0.72	0.64	34
1.09	1.01	34
1.28	1.52	34
1.75	1.36	34
1.88	1.9	34
2.64	2.38	34
3.1	2.99	34
3.92	4.08	34
5.9	5.94	34
8.87	8.97	34
15.76	15.35	34
27.46	27.51	34
51.05	49.32	34
96.57	95.97	34
185.38	184.41	34
271.57	270.76	34
353.95	350.83	34
446.28	439.0	34
539.37	534.57	34
623.23	627.65	34
716.93	717.36	34
811.54	815.48	34
0.3	0.33	35
0.4	0.39	35
0.41	0.52	35
0.71	0.84	35
1.21	1.26	35
1.09	1.42	35
1.9	1.4	35
1.85	2.1	35
3.51	3.62	35
3.56	3.84	35
4.58	4.5	35
7.16	6.68	35
9.97	10.29	35
17.5	16.97	35
32.37	32.3	35
61.14	59.99	35
116.36	116.27	35
223.07	222.31	35
326.03	326.21	35
435.04	434.4	35
546.49	544.29	35
658.19	654.21	35
764.46	762.26	35
876.28	875.96	35
982.13	986.04	35
0.28	0.3	35
0.39	0.35	35
0.56	0.5	35
0.81	0.77	35
0.98	0.89	35
1.21	1.56	35
2.01	1.84	35
2.12	1.94	35
3.34	3.22	35
4.3	4.37	35
6.0	6.1	35
9.86	10.25	35
17.63	16.41	35
31.2	32.42	35
60.25	58.87	35
115.01	115.87	35
227.87	226.6	35
438.63	440.34	35
658.54	654.8	35
869.56	866.36	35
1083.99	1077.04	35
1297.97	1287.73	35
1507.11	1508.15	35
1714.87	1714.22	35
1925.04	1934.23	35
0.28	0.27	35
0.34	0.3	35
0.42	0.42	35
0.71	0.62	35
1.1	0.98	35
1.28	1.37	35
1.47	1.73	35
1.45	1.48	35
2.88	2.45	35
3.06	2.98	35
3.8	3.69	35
5.7	5.64	35
8.41	8.4	35
13.71	13.54	35
25.54	25.25	35
47.92	46.41	35
89.03	90.07	35
171.12	165.88	35
245.33	243.83	35
324.93	325.85	35
406.99	402.15	35
488.14	484.81	35
559.83	571.73	35
645.57	643.02	35
725.74	728.14	35
0.26	0.28	35
0.32	0.31	35
0.46	0.43	35
0.65	0.7	35
0.99	1.11	35
2.06	1.24	35
1.85	1.21	35
2.62	2.02	35
2.7	2.33	35
3.76	3.66	35
5.77	5.84	35
9.08	8.96	35
15.49	14.77	35
28.7	29.74	35
56.24	54.72	35
105.83	102.72	35
209.21	206.07	35
392.81	391.49	35
605.8	581.03	35
771.91	784.04	35
959.79	965.22	35
1150.69	1146.19	35
1346.93	1345.36	35
1519.61	1524.36	35
1718.05	1727.1	35
0.32	0.28	36
0.43	0.34	36
0.47	0.41	36
0.75	0.71	36
1.11	1.1	36
1.45	1.55	36
1.36	1.66	36
1.85	2.1	36
3.22	3.21	36
4.6	4.08	36
6.84	6.49	36
10.24	9.78	36
17.3	18.17	36
32.4	33.06	36
61.63	61.95	36
120.05	118.35	36
237.37	235.31	36
454.42	452.97	36
678.72	674.69	36
901.34	901.05	36
1128.32	1125.64	36
1348.45	1347.59	36
1572.83	1571.03	36
1798.3	1793.98	36
2019.01	2009.1	36
0.31	0.37	36
0.36	0.39	36
0.44	0.57	36
0.73	0.69	36
1.15	1.13	36
1.34	1.15	36
1.83	1.79	36
2.24	1.89	36
2.69	3.12	36
3.7	2.98	36
4.15	4.27	36
5.77	5.53	36
8.9	9.0	36
14.87	14.73	36
25.61	25.94	36
47.68	48.48	36
89.52	90.03	36
173.48	171.65	36
258.09	254.1	36
336.73	339.12	36
421.73	418.3	36
499.0	500.03	36
578.54	584.11	36
663.53	677.71	36
742.22	740.84	36
0.27	0.27	36
0.32	0.33	36
0.42	0.42	36
0.69	0.58	36
1.03	0.93	36
1.34	1.38	36
1.9	1.49	36
1.82	2.15	36
2.5	2.23	36
4.12	3.81	36
5.46	5.31	36
9.13	9.24	36
16.48	16.11	36
29.59	28.51	36
55.85	54.68	36
105.65	106.62	36
209.43	209.46	36
405.8	399.51	36
590.03	574.96	36
785.62	775.9	36
964.35	967.33	36
1163.07	1135.77	36
1330.38	1323.21	36
1523.33	1517.22	36
1695.47	1691.26	36
0.29	0.28	36
0.32	0.28	36
0.49	0.45	36
0.87	0.71	36
0.92	1.13	36
1.5	1.18	36
2.03	1.55	36
2.1	2.07	36
2.67	2.31	36
3.43	3.45	36
3.86	3.82	36
5.55	5.74	36
8.5	8.61	36
15.28	15.1	36
25.25	25.54	36
48.03	44.27	36
94.79	89.83	36
160.1	161.19	36
245.37	239.75	36
303.69	315.4	36
394.26	390.75	36
484.22	461.17	36
529.01	529.7	36
611.81	602.21	36
674.19	680.05	36
0.3	0.33	37
0.37	0.3	37
0.32	0.34	37
0.33	0.34	37
0.39	0.32	37
0.41	0.41	37
0.41	0.39	37
0.46	0.48	37
0.61	0.63	37
0.65	0.63	37
0.77	0.78	37
1.07	0.99	37
1.56	1.56	37
2.34	2.43	37
4.39	4.56	37
7.32	8.05	37
12.23	14.12	37
22.54	25.51	37
41.25	48.06	37
79.71	93.0	37
155.73	177.48	37
227.66	263.75	37
297.27	350.98	37
367.84	434.78	37
441.41	517.64	37
513.3	599.21	37
587.22	687.44	37
658.69	771.46	37
0.34	0.33	37
0.3	0.31	37
0.28	0.34	37
0.36	0.35	37
0.28	0.38	37
0.3	0.4	37
0.4	0.39	37
0.53	0.53	37
0.63	0.56	37
0.89	0.62	37
1.59	1.36	37
3.21	1.8	37
6.32	3.81	37
10.61	7.9	37
21.83	15.26	37
42.68	25.97	37
83.87	58.82	37
167.67	106.65	37
330.39	203.72	37
657.33	402.41	37
1279.51	784.81	37
1897.97	1160.43	37
2516.81	1544.57	37
3137.73	1925.24	37
3758.43	2301.64	37
4377.21	2684.21	37
4995.31	3058.82	37
5620.47	3435.77	37
0.3	0.26	37
0.24	0.24	37
0.27	0.27	37
0.27	0.33	37
0.28	0.27	37
0.35	0.28	37
0.32	0.36	37
0.4	0.42	37
0.45	0.53	37
0.58	0.59	37
0.76	0.79	37
0.97	1.09	37
1.42	1.65	37
2.32	2.84	37
4.09	4.46	37
7.26	8.4	37
12.25	14.03	37
23.05	23.94	37
41.71	54.32	37
79.49	109.99	37
153.13	181.21	37
223.69	248.66	37
299.29	334.53	37
370.9	412.6	37
440.44	481.51	37
543.94	558.73	37
583.8	648.81	37
661.27	733.66	37
0.27	0.31	37
0.28	0.31	37
0.29	0.35	37
0.29	0.32	37
0.27	0.29	37
0.31	0.34	37
0.4	0.35	37
0.47	0.43	37
0.71	0.64	37
1.15	0.84	37
1.64	1.15	37
3.04	2.4	37
5.59	3.6	37
10.9	7.33	37
22.02	14.61	37
42.45	29.78	37
84.1	63.77	37
166.85	107.88	37
331.22	214.32	37
659.09	419.76	37
1276.24	819.32	37
1901.78	1237.02	37
2521.78	1583.92	37
3136.22	2042.73	37
3765.35	2378.94	37
4382.72	2782.21	37
5001.87	3148.66	37
5605.29	3528.08	37
0.26	0.27	38
0.3	0.27	38
0.25	0.27	38
0.32	0.3	38
0.3	0.34	38
0.33	0.34	38
0.37	0.35	38
0.48	0.36	38
0.55	0.52	38
0.66	0.63	38
0.88	0.99	38
1.52	1.65	38
2.44	2.4	38
4.16	4.2	38
8.75	9.36	38
16.6	18.0	38
31.52	33.29	38
62.6	66.86	38
123.19	128.39	38
240.29	253.07	38
466.15	486.98	38
689.08	729.49	38
909.97	953.56	38
1134.54	1189.52	38
1355.61	1437.27	38
1576.99	1676.03	38
1801.32	1910.17	38
2025.16	2146.54	38
0.26	0.26	38
0.26	0.29	38
0.3	0.23	38
0.25	0.32	38
0.22	0.32	38
0.34	0.36	38
0.4	0.35	38
0.45	0.54	38
0.61	0.62	38
1.02	0.87	38
1.36	1.29	38
2.6	1.94	38
4.76	4.32	38
9.55	5.67	38
19.95	11.82	38
40.18	28.99	38
76.69	46.34	38
154.27	92.87	38
302.79	181.75	38
602.16	362.74	38
1177.09	851.18	38
1744.95	1473.88	38
2305.38	1392.59	38
2873.64	1749.17	38
3433.93	2112.37	38
4000.28	2418.01	38
4568.95	2749.46	38
5121.51	3089.27	38
0.24	0.23	38
0.25	0.26	38
0.24	0.27	38
0.23	0.25	38
0.23	0.29	38
0.32	0.33	38
0.35	0.33	38
0.38	0.37	38
0.55	0.49	38
0.6	0.56	38
0.92	0.89	38
1.4	1.47	38
2.19	2.25	38
3.96	4.64	38
7.69	8.66	38
14.5	16.44	38
27.07	30.34	38
52.18	57.7	38
101.8	114.45	38
201.61	212.18	38
390.76	437.61	38
580.92	622.34	38
765.26	816.61	38
955.22	1066.48	38
1142.25	1198.48	38
1327.55	1395.92	38
1508.3	1608.55	38
1704.24	1809.54	38
0.23	0.26	38
0.27	0.27	38
0.25	0.3	38
0.26	0.3	38
0.31	0.36	38
0.32	0.31	38
0.35	0.41	38
0.44	0.54	38
0.61	0.76	38
1.02	0.87	38
1.67	1.45	38
2.63	1.69	38
5.2	3.54	38
9.67	5.22	38
18.69	11.91	38
38.21	24.08	38
74.84	47.33	38
148.74	94.57	38
291.31	234.86	38
582.02	363.73	38
1132.26	1055.71	38
1683.41	1046.09	38
2222.14	1384.24	38
2761.74	1727.11	38
3253.26	2006.67	38
3755.34	2288.63	38
4264.21	2640.04	38
4960.55	3049.5	38
0.25	0.26	39
0.25	0.28	39
0.25	0.32	39
0.28	0.31	39
0.26	0.31	39
0.3	0.33	39
0.41	0.39	39
0.5	0.46	39
0.59	0.58	39
1.06	0.72	39
1.45	1.42	39
2.93	1.73	39
5.03	2.67	39
9.04	5.37	39
17.24	9.98	39
34.92	24.34	39
70.28	40.55	39
137.06	98.05	39
273.01	156.92	39
544.96	312.8	39
1054.21	608.17	39
1561.71	963.79	39
2064.74	1443.37	39
2559.75	1468.99	39
3058.36	1754.86	39
3553.94	2040.71	39
4072.02	2345.16	39
4664.55	2702.87	39
0.25	0.33	39
0.3	0.29	39
0.26	0.33	39
0.31	0.28	39
0.28	0.31	39
0.3	0.34	39
0.37	0.41	39
0.4	0.45	39
0.46	0.53	39
0.64	0.65	39
0.93	0.84	39
1.45	1.44	39
2.24	2.28	39
3.83	4.37	39
7.83	7.79	39
15.09	16.65	39
28.84	31.24	39
56.61	59.7	39
111.13	117.35	39
221.43	230.79	39
426.04	455.87	39
633.72	674.07	39
838.11	891.22	39
1049.25	1112.44	39
1255.34	1332.08	39
1458.26	1549.2	39
1667.35	1766.54	39
1878.12	1991.68	39
0.24	0.27	39
0.28	0.25	39
0.23	0.25	39
0.25	0.25	39
0.26	0.28	39
0.31	0.33	39
0.31	0.32	39
0.41	0.45	39
0.55	0.67	39
0.79	0.76	39
1.42	1.08	39
2.44	1.66	39
3.74	3.61	39
7.66	5.02	39
15.16	11.89	39
30.85	18.4	39
60.3	44.95	39
120.87	91.98	39
240.22	184.84	39
473.35	287.35	39
923.07	525.97	39
1362.77	869.07	39
1806.18	1038.12	39
2243.73	1314.18	39
2680.02	1666.5	39
3126.8	1809.95	39
3586.79	2054.34	39
4055.84	2371.5	39
0.24	0.25	39
0.3	0.26	39
0.28	0.28	39
0.23	0.25	39
0.28	0.24	39
0.32	0.31	39
0.37	0.39	39
0.4	0.47	39
0.54	0.51	39
0.6	0.66	39
0.88	0.89	39
1.43	1.65	39
2.28	2.47	39
4.04	5.05	39
7.85	8.38	39
14.77	15.6	39
28.02	32.24	39
54.35	60.79	39
106.28	120.6	39
210.06	216.62	39
405.54	482.55	39
600.19	633.44	39
794.63	907.57	39
990.17	1050.13	39
1183.38	1264.0	39
1377.71	1457.96	39
1570.54	1673.08	39
1772.35	1899.84	39
0.23	0.25	40
0.27	0.3	40
0.2	0.28	40
0.22	0.25	40
0.28	0.25	40
0.35	0.29	40
0.31	0.38	40
0.47	0.41	40
0.65	0.55	40
0.84	0.68	40
1.44	1.03	40
2.52	1.89	40
5.4	3.14	40
10.85	6.06	40
21.0	11.66	40
40.57	24.37	40
80.79	63.74	40
162.4	97.21	40
324.67	215.75	40
658.56	398.25	40
1291.26	785.04	40
1918.84	1251.9	40
2546.68	1552.55	40
3172.08	1936.38	40
3795.19	2318.38	40
4408.71	2690.66	40
5030.51	3072.4	40
5664.9	3451.49	40
0.2	0.25	40
0.22	0.22	40
0.24	0.26	40
0.26	0.25	40
0.26	0.27	40
0.29	0.26	40
0.28	0.31	40
0.37	0.41	40
0.56	0.57	40
0.77	0.77	40
1.37	1.24	40
2.61	1.87	40
4.36	3.26	40
8.98	5.73	40
18.59	17.53	40
37.32	23.88	40
74.28	56.38	40
147.01	93.91	40
290.79	218.75	40
578.83	365.91	40
1125.07	703.85	40
1674.72	1063.44	40
2226.88	1432.83	40
2765.5	1717.87	40
3306.49	2071.86	40
3855.76	2380.69	40
4396.09	2734.44	40
4943.07	3076.44	40
0.26	0.24	40
0.25	0.26	40
0.23	0.28	40
0.23	0.26	40
0.25	0.23	40
0.32	0.22	40
0.35	0.29	40
0.41	0.44	40
0.46	0.47	40
0.61	0.62	40
0.71	0.76	40
1.0	1.12	40
1.48	1.59	40
2.4	2.72	40
4.03	5.03	40
7.12	8.57	40
12.32	14.66	40
22.17	27.7	40
41.26	51.03	40
80.73	92.51	40
154.33	191.63	40
222.36	260.2	40
296.9	332.38	40
371.25	406.01	40
442.33	484.7	40
510.55	579.53	40
584.7	655.95	40
662.45	724.21	40
