0.56	0.56	1
0.71	0.73	1
1.1	0.78	1
1.06	1.17	1
1.1	1.22	1
1.25	1.55	1
1.52	1.42	1
1.76	1.33	1
1.9	2.29	1
2.64	2.25	1
3.15	3.04	1
5.05	4.43	1
9.34	7.31	1
12.66	12.03	1
23.01	20.89	1
50.29	38.94	1
81.66	73.09	1
224.18	146.02	1
439.87	278.1	1
365.35	412.36	1
730.73	558.73	1
596.47	814.45	1
1270.32	810.86	1
1051.73	950.8	1
1447.91	1091.73	1
1628.35	1227.53	1
0.58	0.6	1
0.93	0.72	1
1.05	1.14	1
1.28	1.27	1
1.34	1.6	1
1.31	1.47	1
1.8	1.94	1
2.27	2.69	1
3.02	3.16	1
4.6	3.85	1
7.01	8.88	1
11.82	14.84	1
21.95	28.13	1
38.31	46.89	1
89.98	91.56	1
116.06	209.8	1
290.32	417.57	1
455.94	833.58	1
1122.79	1632.71	1
2026.43	2056.62	1
1782.45	3254.38	1
3445.28	4114.24	1
3451.44	4982.31	1
4896.5	4963.12	1
4639.73	6700.49	1
4131.33	7537.89	1
0.53	0.58	1
0.67	0.72	1
0.83	0.94	1
1.23	1.01	1
1.29	1.42	1
1.58	1.6	1
1.43	1.43	1
1.56	1.46	1
2.01	2.26	1
2.35	2.39	1
3.79	3.49	1
5.13	6.19	1
10.42	11.14	1
13.8	19.79	1
34.56	39.05	1
45.46	70.22	1
101.83	116.21	1
164.81	285.92	1
369.08	422.49	1
460.8	590.94	1
866.11	767.52	1
755.49	987.23	1
1264.1	1216.03	1
1309.93	1306.92	1
1456.42	1504.46	1
1383.03	1686.75	1
0.55	0.6	1
0.84	0.8	1
1.09	1.02	1
1.2	1.16	1
1.35	1.31	1
1.72	1.13	1
1.99	2.05	1
2.14	2.06	1
3.73	3.72	1
4.85	5.03	1
8.73	9.57	1
12.26	16.28	1
20.65	33.57	1
41.07	60.22	1
75.37	104.34	1
149.08	237.61	1
296.9	472.95	1
467.67	897.31	1
1147.47	1761.96	1
1341.99	2686.27	1
1798.08	3531.35	1
2870.17	4430.35	1
3479.02	5385.18	1
4058.87	5261.84	1
5617.36	7188.39	1
7399.7	8081.69	1
0.6	0.69	2
1.19	0.85	2
1.04	1.29	2
1.47	1.35	2
1.43	1.35	2
1.78	1.43	2
1.98	1.66	2
1.93	1.91	2
2.44	2.18	2
2.97	2.77	2
4.75	4.22	2
7.51	6.58	2
12.61	11.25	2
21.29	20.73	2
47.65	39.19	2
77.97	73.26	2
180.94	144.63	2
359.08	287.11	2
518.27	552.14	2
951.0	815.76	2
1247.86	1182.73	2
1406.84	1337.86	2
1504.81	1602.65	2
1947.97	1860.77	2
2464.58	2102.05	2
2746.7	2363.09	2
0.59	0.51	2
0.9	0.67	2
1.04	0.91	2
1.34	1.52	2
1.55	1.82	2
1.79	1.45	2
1.67	1.55	2
2.38	1.89	2
2.87	2.81	2
4.29	4.63	2
6.18	5.8	2
12.17	13.09	2
20.86	25.13	2
27.27	40.13	2
51.28	94.52	2
152.48	184.43	2
245.71	363.8	2
487.21	725.39	2
730.84	1400.73	2
1399.08	2076.72	2
1856.01	2758.12	2
2301.25	3426.21	2
2120.59	4097.73	2
3201.49	3997.14	2
4478.63	5427.93	2
4094.83	6107.91	2
0.54	0.53	2
0.78	0.76	2
0.94	1.05	2
1.39	1.12	2
1.31	1.29	2
1.37	1.41	2
1.59	1.6	2
2.02	1.58	2
2.15	2.17	2
3.29	3.0	2
5.01	4.61	2
7.24	8.18	2
13.07	13.78	2
24.98	26.84	2
46.96	53.22	2
73.16	83.77	2
141.8	171.34	2
343.83	327.28	2
599.68	637.5	2
816.06	1011.6	2
1182.84	1296.17	2
1759.52	1576.63	2
1429.41	1842.34	2
2053.18	2147.2	2
2339.93	2494.04	2
2760.79	2812.36	2
0.6	0.55	2
0.82	0.84	2
0.94	1.03	2
1.44	1.83	2
1.3	1.47	2
1.41	1.33	2
1.63	1.81	2
2.27	2.07	2
3.23	2.81	2
4.59	4.83	2
4.96	9.53	2
11.1	14.47	2
15.37	28.16	2
35.55	47.36	2
78.83	103.07	2
153.43	204.87	2
198.43	394.44	2
606.15	823.25	2
968.69	1523.78	2
1728.0	2289.08	2
1879.14	3000.39	2
2340.57	3752.24	2
2802.71	4483.82	2
3221.49	5193.19	2
3620.92	5834.06	2
5835.92	6548.46	2
0.68	0.53	3
0.74	0.77	3
0.91	0.86	3
1.15	1.52	3
1.17	1.13	3
1.4	1.57	3
1.6	1.62	3
1.82	1.84	3
2.27	2.82	3
3.71	5.25	3
6.89	6.93	3
11.92	12.13	3
13.21	23.97	3
31.32	45.26	3
59.78	88.98	3
145.45	176.31	3
235.1	349.69	3
355.87	695.13	3
1099.33	1343.07	3
1330.12	1987.03	3
1759.01	2631.69	3
1666.29	2728.23	3
1991.67	3918.6	3
3177.41	4754.65	3
4453.99	5412.19	3
4075.41	6071.16	3
0.59	0.63	3
0.78	0.71	3
1.24	1.19	3
1.47	1.17	3
1.59	1.46	3
1.31	1.46	3
1.87	1.48	3
1.61	1.69	3
2.67	1.87	3
3.05	3.38	3
4.44	3.84	3
6.52	6.67	3
12.46	11.36	3
21.73	20.34	3
43.31	38.84	3
77.42	75.2	3
166.58	143.82	3
359.12	285.96	3
643.05	551.03	3
945.55	819.86	3
1261.58	1087.02	3
1564.83	1355.97	3
1912.17	1671.47	3
2232.22	1928.51	3
2309.47	2204.85	3
2867.14	2702.36	3
0.49	0.57	3
0.7	0.68	3
0.92	0.79	3
0.9	1.06	3
1.42	0.94	3
1.22	1.34	3
2.02	1.64	3
1.86	2.24	3
2.3	2.51	3
4.34	4.26	3
6.88	7.53	3
9.45	11.17	3
16.23	21.83	3
35.63	49.73	3
80.35	98.62	3
108.79	200.55	3
260.7	353.63	3
422.14	703.07	3
1004.66	1120.58	3
1215.35	2030.15	3
1226.95	2642.71	3
1993.1	2796.25	3
2402.86	4047.12	3
2119.55	4608.25	3
3163.89	5376.26	3
5260.54	5970.65	3
0.5	0.5	3
0.68	0.73	3
1.12	0.97	3
1.22	1.18	3
1.34	1.38	3
1.61	1.47	3
1.92	1.43	3
1.72	1.97	3
2.02	2.33	3
3.34	2.99	3
4.67	5.06	3
6.73	8.23	3
13.78	14.74	3
21.74	25.03	3
37.57	47.45	3
66.07	93.75	3
184.68	187.56	3
303.44	333.15	3
599.97	662.09	3
890.87	949.71	3
1181.51	1256.28	3
1472.65	1621.9	3
1776.41	1842.92	3
2060.71	2216.49	3
2620.7	2482.38	3
2620.5	2734.05	3
0.53	0.66	4
0.79	0.9	4
0.97	0.93	4
1.28	1.22	4
1.44	1.33	4
1.3	1.52	4
1.67	1.72	4
2.12	2.34	4
3.07	3.03	4
5.2	4.65	4
6.68	8.39	4
11.6	14.88	4
19.79	25.16	4
47.4	54.32	4
92.0	110.23	4
150.3	215.81	4
233.44	428.34	4
587.01	849.56	4
902.4	1651.01	4
1336.98	2444.74	4
2711.24	3239.77	4
2779.51	4023.38	4
4026.38	4812.34	4
4684.69	5607.83	4
3489.22	6410.91	4
6003.7	7186.82	4
0.6	0.62	4
0.78	0.76	4
1.07	1.07	4
1.24	1.14	4
1.15	1.42	4
1.75	1.19	4
1.48	1.4	4
1.77	1.44	4
2.04	1.85	4
2.58	2.32	4
3.44	3.02	4
4.79	4.29	4
6.74	6.76	4
12.64	11.4	4
27.29	21.06	4
58.46	38.93	4
97.45	73.94	4
191.82	144.49	4
376.18	280.19	4
548.89	410.32	4
853.08	546.15	4
1076.24	677.11	4
1081.99	809.67	4
1280.55	947.53	4
1447.15	1072.45	4
1629.23	1204.73	4
0.54	0.54	4
0.75	0.73	4
1.07	1.03	4
1.2	1.13	4
1.21	1.3	4
1.38	1.37	4
1.66	1.56	4
1.96	2.12	4
2.6	2.97	4
4.24	4.49	4
5.28	8.7	4
11.35	14.92	4
16.04	29.39	4
28.41	57.83	4
67.61	113.45	4
186.9	204.4	4
260.94	446.92	4
729.56	868.2	4
993.03	1603.46	4
1476.46	2376.48	4
2786.45	3083.07	4
2423.33	3217.38	4
2243.26	4573.89	4
3364.76	5349.87	4
4677.67	6145.56	4
4302.58	5742.59	4
0.49	0.5	4
0.62	0.64	4
1.06	0.81	4
1.11	1.28	4
1.19	1.52	4
1.68	1.2	4
1.36	1.59	4
1.53	1.49	4
2.05	2.08	4
2.73	2.62	4
3.73	3.66	4
5.53	5.91	4
8.92	9.83	4
16.46	19.47	4
34.21	33.35	4
61.43	71.95	4
109.33	119.09	4
189.65	223.78	4
383.64	411.29	4
367.64	561.8	4
728.86	767.58	4
752.79	991.78	4
720.81	1217.28	4
1290.61	1298.28	4
1192.25	1478.86	4
1881.27	1704.84	4
0.39	0.42	5
0.58	0.56	5
0.87	0.82	5
1.3	1.37	5
2.25	1.69	5
2.14	3.6	5
3.04	3.99	5
4.32	3.9	5
4.78	5.1	5
6.18	6.12	5
10.92	10.35	5
18.23	18.22	5
32.81	34.62	5
64.47	64.25	5
120.72	121.46	5
215.52	218.48	5
370.86	377.35	5
625.51	625.34	5
874.45	871.46	5
1108.57	1120.54	5
1353.97	1368.57	5
1584.09	1579.18	5
1813.28	1793.83	5
2049.77	1968.19	5
2238.88	2157.57	5
0.42	0.38	5
0.53	0.5	5
0.85	0.82	5
1.25	1.27	5
2.2	2.6	5
3.73	2.81	5
3.58	3.33	5
5.72	5.89	5
8.54	8.86	5
16.22	15.37	5
27.63	27.57	5
52.74	52.99	5
99.99	101.6	5
186.67	185.45	5
326.4	324.71	5
538.69	537.78	5
798.98	801.55	5
1211.06	1203.42	5
1589.8	1592.41	5
1973.7	1976.95	5
2336.51	2352.67	5
2709.47	2757.33	5
3063.0	3134.94	5
3407.59	3546.42	5
3764.17	3909.22	5
0.38	0.39	5
0.5	0.5	5
0.77	0.82	5
1.32	1.34	5
2.1	1.87	5
2.57	2.36	5
2.24	2.86	5
2.84	3.31	5
4.25	4.29	5
6.77	6.17	5
9.26	9.52	5
16.41	16.44	5
29.17	29.05	5
53.37	53.22	5
98.8	99.67	5
179.15	177.14	5
307.43	308.55	5
540.79	540.58	5
775.28	760.69	5
990.12	994.68	5
1235.54	1244.81	5
1450.75	1492.85	5
1682.44	1699.71	5
1891.1	1889.32	5
2116.16	2100.74	5
0.39	0.43	5
0.57	0.61	5
0.86	0.89	5
1.2	1.18	5
2.29	1.83	5
2.93	2.88	5
4.47	3.74	5
5.24	5.02	5
9.38	8.21	5
14.53	16.69	5
28.66	27.62	5
53.21	52.77	5
99.23	100.31	5
180.29	178.81	5
319.26	316.83	5
508.72	508.17	5
748.51	750.19	5
1137.27	1136.56	5
1518.28	1511.31	5
1872.8	1882.61	5
2235.15	2272.5	5
2596.42	2665.08	5
2923.06	3027.33	5
3238.24	3430.37	5
3557.88	3779.6	5
0.38	0.42	6
0.56	0.59	6
0.89	0.86	6
1.36	1.34	6
2.66	1.78	6
2.89	2.45	6
3.75	3.66	6
5.18	5.31	6
9.09	9.91	6
15.74	14.72	6
28.11	28.85	6
53.92	52.71	6
101.32	101.12	6
186.57	188.03	6
335.68	335.98	6
557.03	556.61	6
825.72	827.16	6
1217.57	1213.37	6
1581.17	1579.91	6
1960.33	1969.88	6
2337.37	2349.97	6
2751.19	2716.81	6
3124.02	3112.77	6
3475.52	3460.53	6
3848.03	3786.47	6
0.43	0.41	6
0.56	0.58	6
0.83	0.89	6
1.53	1.47	6
2.28	2.48	6
3.48	1.96	6
3.27	2.67	6
4.83	3.23	6
4.99	5.47	6
6.57	7.95	6
12.29	10.85	6
18.65	18.95	6
35.8	35.13	6
66.84	67.6	6
124.75	126.93	6
224.01	223.82	6
386.78	385.56	6
634.38	643.63	6
886.08	881.94	6
1123.71	1107.32	6
1344.21	1336.45	6
1579.48	1570.75	6
1822.68	1804.6	6
2040.79	2035.95	6
2285.89	2282.18	6
0.37	0.34	6
0.48	0.46	6
0.76	0.73	6
1.09	1.13	6
2.11	2.08	6
2.5	2.8	6
3.93	2.97	6
4.52	4.03	6
6.84	6.45	6
11.39	11.23	6
20.56	20.77	6
38.35	37.91	6
70.59	71.25	6
127.8	131.14	6
236.75	230.02	6
392.55	389.69	6
605.46	604.52	6
947.77	956.16	6
1300.3	1299.7	6
1626.59	1632.67	6
1969.34	1974.36	6
2302.34	2298.24	6
2642.82	2643.84	6
2983.28	2971.62	6
3283.37	3276.73	6
0.42	0.42	6
0.55	0.52	6
0.75	0.9	6
1.46	1.35	6
1.8	2.01	6
2.46	2.5	6
2.5	3.11	6
4.06	3.78	6
3.89	4.96	6
6.67	6.28	6
10.04	9.88	6
17.91	18.45	6
30.99	31.82	6
58.97	57.39	6
108.54	104.5	6
192.67	189.49	6
324.01	331.02	6
564.59	565.97	6
800.51	792.82	6
1020.55	1015.72	6
1247.52	1240.77	6
1487.42	1489.75	6
1705.3	1719.29	6
1922.76	1953.08	6
2134.89	2199.13	6
0.39	0.4	7
0.49	0.52	7
0.73	0.91	7
1.45	1.38	7
1.91	2.58	7
1.94	2.53	7
2.39	3.05	7
3.75	2.85	7
5.57	4.98	7
5.54	6.71	7
11.04	11.05	7
17.49	18.95	7
33.36	34.05	7
62.03	63.98	7
118.78	119.76	7
211.77	217.14	7
372.82	377.34	7
628.62	628.0	7
868.2	870.37	7
1095.32	1087.27	7
1329.62	1316.95	7
1565.21	1534.89	7
1796.15	1790.0	7
2041.47	2024.65	7
2268.96	2271.08	7
0.4	0.39	7
0.53	0.63	7
0.89	0.77	7
1.44	1.33	7
1.84	2.45	7
3.53	2.13	7
3.71	3.3	7
5.09	5.14	7
8.59	7.59	7
15.06	14.06	7
27.92	27.7	7
50.43	49.76	7
97.75	96.01	7
179.24	179.34	7
316.22	316.59	7
532.42	532.28	7
786.72	797.0	7
1176.58	1183.21	7
1553.38	1565.84	7
1915.55	1929.72	7
2289.19	2305.45	7
2652.97	2664.51	7
3030.06	3018.74	7
3394.8	3358.48	7
3714.49	3674.99	7
0.43	0.39	7
0.52	0.51	7
0.75	0.73	7
1.32	1.25	7
1.8	1.91	7
3.38	1.8	7
2.54	3.65	7
4.01	3.59	7
3.98	4.22	7
7.08	6.74	7
10.26	9.57	7
15.14	15.83	7
28.03	28.87	7
51.9	54.18	7
97.24	97.94	7
178.51	177.66	7
308.78	309.55	7
543.59	544.91	7
770.41	778.58	7
999.62	999.09	7
1211.75	1219.35	7
1446.02	1450.84	7
1667.75	1701.46	7
1910.63	1928.01	7
2108.39	2158.22	7
0.39	0.36	7
0.5	0.53	7
0.76	0.71	7
1.15	1.17	7
1.6	1.82	7
2.43	2.39	7
3.17	3.15	7
4.03	4.96	7
7.97	6.72	7
11.99	12.92	7
21.88	21.89	7
42.11	41.9	7
79.28	80.05	7
145.41	144.85	7
255.47	260.75	7
424.02	429.11	7
648.93	652.19	7
1000.76	996.6	7
1347.06	1354.48	7
1700.83	1691.36	7
2036.09	2044.51	7
2389.05	2396.75	7
2721.47	2761.72	7
3079.74	3084.73	7
3410.41	3414.31	7
0.38	0.43	8
0.51	0.52	8
0.78	0.84	8
1.48	1.38	8
1.91	2.27	8
2.85	2.79	8
3.18	3.42	8
4.31	5.13	8
9.02	8.59	8
15.8	15.47	8
28.34	27.89	8
52.95	52.72	8
99.77	100.48	8
183.86	184.21	8
328.31	328.37	8
550.41	549.11	8
816.44	812.94	8
1227.88	1222.28	8
1620.88	1626.64	8
2000.13	2011.42	8
2425.09	2445.49	8
2802.82	2839.18	8
3189.35	3255.75	8
3539.36	3660.68	8
3891.86	4059.09	8
0.43	0.42	8
0.59	0.59	8
0.88	0.82	8
1.45	1.32	8
2.5	2.05	8
2.5	2.45	8
2.92	2.48	8
4.39	4.8	8
5.55	4.41	8
6.42	7.5	8
10.49	10.65	8
19.68	21.0	8
35.88	35.38	8
66.76	69.49	8
124.49	120.55	8
225.69	226.12	8
381.52	383.21	8
633.6	637.07	8
884.3	884.5	8
1120.24	1121.82	8
1363.34	1352.22	8
1592.68	1573.25	8
1851.99	1769.34	8
2059.1	1982.61	8
2267.73	2181.83	8
0.32	0.36	8
0.48	0.45	8
0.69	0.75	8
1.2	1.13	8
1.48	1.81	8
3.23	2.61	8
3.08	2.9	8
4.31	3.96	8
6.77	6.54	8
11.22	11.69	8
19.41	20.89	8
37.82	37.65	8
70.75	73.02	8
131.91	130.56	8
233.79	233.81	8
391.25	396.93	8
603.84	603.15	8
961.15	973.69	8
1319.48	1323.96	8
1664.39	1663.57	8
1990.06	2039.11	8
2331.14	2378.29	8
2670.46	2766.59	8
2987.6	3123.7	8
3320.52	3482.36	8
0.4	0.39	8
0.47	0.53	8
0.79	0.74	8
1.28	1.3	8
1.51	1.91	8
2.15	1.92	8
2.89	2.5	8
2.53	3.31	8
4.32	4.07	8
6.21	6.79	8
9.26	9.66	8
16.99	16.2	8
29.14	28.33	8
54.48	53.67	8
98.75	97.38	8
177.72	173.72	8
310.32	306.53	8
537.52	534.37	8
771.25	768.52	8
1001.67	987.32	8
1233.37	1221.77	8
1451.34	1464.79	8
1687.22	1670.73	8
1895.06	1869.83	8
2107.16	2068.99	8
0.27	0.33	9
0.28	0.29	9
0.29	0.33	9
0.4	0.3	9
0.34	0.32	9
0.32	0.37	9
0.4	0.41	9
0.43	0.45	9
0.45	0.49	9
0.59	0.6	9
0.63	0.61	9
0.96	0.85	9
1.22	1.11	9
1.86	1.81	9
2.83	2.84	9
4.99	4.78	9
8.29	7.93	9
14.92	14.7	9
27.82	27.54	9
55.65	49.37	9
106.38	95.47	9
192.79	187.08	9
295.53	274.35	9
391.49	361.31	9
492.97	445.98	9
580.9	530.98	9
682.95	620.68	9
768.63	710.25	9
875.03	802.65	9
0.31	0.28	9
0.29	0.3	9
0.32	0.33	9
0.38	0.31	9
0.31	0.3	9
0.34	0.32	9
0.32	0.39	9
0.43	0.42	9
0.54	0.6	9
0.73	0.7	9
1.05	1.01	9
1.56	2.03	9
2.2	3.36	9
4.41	6.91	9
8.24	12.87	9
23.13	26.11	9
39.58	52.54	9
79.24	105.94	9
158.64	211.69	9
312.59	417.21	9
621.5	828.18	9
1029.36	1631.37	9
1535.54	2433.96	9
1988.11	3161.77	9
2626.38	3888.23	9
2900.5	4607.8	9
3496.85	5406.85	9
3908.8	6208.37	9
4411.5	7008.09	9
0.25	0.25	9
0.25	0.22	9
0.26	0.24	9
0.31	0.27	9
0.25	0.27	9
0.29	0.28	9
0.3	0.29	9
0.32	0.3	9
0.39	0.4	9
0.53	0.53	9
0.67	0.66	9
0.87	0.97	9
1.36	1.42	9
2.32	2.3	9
2.63	3.3	9
5.59	6.19	9
9.83	9.61	9
17.91	19.48	9
31.72	38.41	9
54.72	67.54	9
117.47	166.81	9
198.09	257.62	9
313.0	370.15	9
381.25	471.95	9
486.93	674.99	9
550.92	703.48	9
643.99	803.06	9
742.58	895.5	9
817.84	1052.44	9
0.29	0.26	9
0.29	0.23	9
0.3	0.32	9
0.32	0.28	9
0.29	0.29	9
0.34	0.35	9
0.31	0.38	9
0.39	0.39	9
0.45	0.55	9
0.68	0.7	9
0.97	1.07	9
1.46	1.97	9
3.65	3.87	9
4.47	6.82	9
12.48	15.09	9
19.83	28.6	9
43.61	58.6	9
118.53	119.31	9
137.52	228.33	9
335.35	470.79	9
542.35	900.78	9
1074.61	1832.28	9
1624.21	2637.09	9
2192.2	3468.79	9
2715.36	4163.38	9
2967.55	4934.45	9
3491.74	5848.05	9
4047.25	6644.27	9
4565.18	7519.9	9
0.22	0.26	10
0.33	0.21	10
0.3	0.32	10
0.35	0.36	10
0.26	0.27	10
0.32	0.33	10
0.44	0.37	10
0.39	0.36	10
0.42	0.4	10
0.62	0.58	10
0.86	0.71	10
1.06	0.93	10
1.55	1.56	10
2.96	2.83	10
4.41	4.37	10
9.34	8.67	10
16.38	15.96	10
31.24	30.83	10
61.65	60.91	10
122.74	119.94	10
243.41	236.21	10
471.97	457.88	10
704.4	678.19	10
930.13	903.2	10
1165.88	1124.05	10
1392.03	1342.16	10
1622.87	1560.72	10
1850.3	1784.49	10
2080.37	2009.07	10
0.28	0.27	10
0.29	0.24	10
0.29	0.28	10
0.24	0.26	10
0.3	0.33	10
0.26	0.29	10
0.37	0.32	10
0.38	0.52	10
0.5	0.53	10
0.79	0.88	10
0.94	1.06	10
1.66	2.12	10
2.84	2.53	10
3.16	4.85	10
8.39	10.02	10
13.25	21.44	10
31.6	42.39	10
62.58	85.35	10
101.5	169.7	10
247.08	335.76	10
491.99	670.27	10
789.68	1300.07	10
1242.66	1911.56	10
1516.91	2519.91	10
1878.4	3132.92	10
2235.69	3727.06	10
3232.81	4322.12	10
3057.61	4933.15	10
3492.46	5533.22	10
0.24	0.24	10
0.24	0.25	10
0.28	0.25	10
0.29	0.23	10
0.24	0.27	10
0.28	0.32	10
0.35	0.32	10
0.36	0.35	10
0.36	0.38	10
0.5	0.52	10
0.6	0.66	10
1.14	1.0	10
1.56	1.74	10
3.08	2.84	10
5.17	4.79	10
10.17	9.71	10
16.86	19.37	10
35.36	39.83	10
62.38	72.23	10
122.2	144.76	10
222.09	263.73	10
434.05	470.17	10
652.8	707.8	10
893.11	961.05	10
1060.5	1141.14	10
1270.88	1404.16	10
1533.3	1584.05	10
1656.63	1820.51	10
1867.36	2071.92	10
0.24	0.25	10
0.26	0.28	10
0.26	0.25	10
0.28	0.27	10
0.28	0.27	10
0.33	0.29	10
0.31	0.34	10
0.33	0.42	10
0.52	0.56	10
0.63	0.8	10
0.91	1.35	10
2.24	2.29	10
2.14	3.12	10
4.45	6.69	10
7.93	10.85	10
13.83	24.3	10
41.24	49.51	10
69.69	97.86	10
131.17	194.04	10
258.41	363.92	10
430.6	741.89	10
825.63	1492.06	10
1204.64	2063.41	10
1616.74	2739.71	10
2019.06	3480.31	10
2447.08	4079.39	10
2704.08	4610.34	10
3123.08	5297.79	10
3286.25	5835.94	10
0.26	0.27	11
0.26	0.28	11
0.26	0.26	11
0.28	0.34	11
0.28	0.25	11
0.28	0.31	11
0.31	0.31	11
0.48	0.43	11
0.54	0.54	11
0.76	0.55	11
0.93	0.93	11
1.14	1.62	11
3.16	3.28	11
4.82	6.08	11
8.37	9.75	11
18.59	19.59	11
26.31	43.44	11
50.22	84.43	11
99.19	165.43	11
240.98	328.22	11
393.51	657.99	11
768.35	1274.52	11
1134.8	1896.02	11
1622.47	2512.77	11
2079.23	3132.58	11
2326.39	3747.35	11
2631.72	4360.21	11
3021.15	4980.69	11
3378.41	5583.05	11
0.25	0.26	11
0.34	0.27	11
0.27	0.29	11
0.29	0.28	11
0.3	0.34	11
0.33	0.36	11
0.4	0.31	11
0.36	0.4	11
0.41	0.45	11
0.46	0.53	11
0.71	0.72	11
0.91	1.07	11
1.65	1.51	11
2.66	2.86	11
4.43	4.19	11
8.51	8.42	11
16.2	16.06	11
31.87	31.17	11
61.44	60.22	11
121.98	116.52	11
237.13	234.3	11
468.61	459.56	11
699.42	674.43	11
915.14	888.76	11
1135.65	1104.4	11
1370.69	1316.61	11
1577.87	1516.28	11
1788.39	1734.59	11
2020.09	1949.73	11
0.23	0.23	11
0.25	0.27	11
0.26	0.22	11
0.26	0.25	11
0.25	0.24	11
0.27	0.27	11
0.33	0.31	11
0.4	0.32	11
0.5	0.52	11
0.6	0.67	11
0.8	0.93	11
1.27	1.78	11
2.06	3.16	11
3.47	4.5	11
5.69	8.14	11
14.48	18.44	11
23.66	41.94	11
46.54	81.91	11
87.67	169.03	11
175.43	336.78	11
471.0	667.17	11
675.58	1244.15	11
1039.21	1830.06	11
1465.74	2474.27	11
1677.31	3000.62	11
2069.64	3660.11	11
2281.28	4186.92	11
2695.45	4828.16	11
2947.91	5424.63	11
0.26	0.23	11
0.28	0.22	11
0.24	0.28	11
0.27	0.29	11
0.28	0.26	11
0.25	0.27	11
0.34	0.35	11
0.39	0.34	11
0.39	0.34	11
0.5	0.57	11
0.65	0.78	11
1.07	1.19	11
1.66	1.71	11
3.31	3.17	11
5.08	5.0	11
9.61	9.59	11
17.5	18.48	11
32.08	35.9	11
71.23	66.0	11
126.83	139.67	11
235.34	251.29	11
462.08	500.84	11
675.81	746.7	11
886.91	957.35	11
1098.91	1236.08	11
1312.27	1434.13	11
1617.2	1666.92	11
1763.27	1885.04	11
1947.64	2125.19	11
0.26	0.23	12
0.3	0.27	12
0.24	0.24	12
0.35	0.28	12
0.29	0.27	12
0.3	0.28	12
0.33	0.31	12
0.36	0.39	12
0.46	0.43	12
0.6	0.7	12
0.89	0.9	12
1.52	1.77	12
2.19	3.42	12
4.35	6.36	12
8.87	11.88	12
18.96	23.92	12
30.51	49.19	12
84.64	97.25	12
145.34	194.34	12
240.8	385.57	12
481.62	770.8	12
940.76	1501.44	12
1389.5	2221.67	12
1850.7	2944.78	12
2301.2	3669.0	12
2757.16	4394.44	12
3208.23	5114.22	12
4038.45	5835.19	12
4132.47	6560.95	12
0.26	0.25	12
0.28	0.27	12
0.28	0.33	12
0.3	0.24	12
0.3	0.25	12
0.29	0.33	12
0.39	0.33	12
0.36	0.4	12
0.37	0.47	12
0.6	0.52	12
0.58	0.62	12
0.89	0.8	12
1.12	1.09	12
1.82	1.71	12
2.76	2.68	12
4.74	4.64	12
8.67	8.13	12
15.24	14.66	12
27.6	26.68	12
51.04	49.77	12
104.59	95.8	12
202.48	185.89	12
290.45	274.21	12
396.13	356.95	12
488.14	444.57	12
569.94	532.47	12
671.09	619.32	12
781.83	710.75	12
829.58	800.87	12
0.24	0.23	12
0.22	0.22	12
0.24	0.27	12
0.21	0.25	12
0.23	0.24	12
0.23	0.25	12
0.29	0.31	12
0.34	0.37	12
0.43	0.39	12
0.57	0.64	12
0.97	0.96	12
1.16	1.58	12
2.48	3.12	12
3.84	5.74	12
7.2	11.99	12
17.35	24.99	12
41.79	49.52	12
88.59	98.61	12
149.49	203.11	12
289.42	390.39	12
696.71	772.28	12
877.55	1529.62	12
1888.28	2231.06	12
2136.46	2914.88	12
2142.27	3702.61	12
2548.61	4300.87	12
3081.25	5006.47	12
3442.98	5767.49	12
3903.66	6439.36	12
0.26	0.26	12
0.29	0.27	12
0.3	0.22	12
0.29	0.25	12
0.32	0.24	12
0.28	0.23	12
0.31	0.41	12
0.33	0.41	12
0.41	0.49	12
0.53	0.61	12
0.58	0.65	12
1.0	0.94	12
1.28	1.47	12
1.95	2.12	12
2.99	3.39	12
5.48	6.02	12
10.12	10.35	12
19.65	19.99	12
33.05	37.45	12
61.43	67.07	12
120.19	121.4	12
243.78	301.29	12
310.03	399.87	12
393.88	489.36	12
487.53	606.91	12
649.33	657.98	12
633.34	782.56	12
759.0	939.22	12
832.59	1064.15	12
0.28	0.28	13
0.29	0.32	13
0.42	0.51	13
0.66	0.68	13
1.16	1.07	13
1.69	1.99	13
2.89	2.96	13
3.33	3.17	13
4.21	4.39	13
6.47	6.72	13
8.84	8.66	13
14.16	15.4	13
25.0	24.57	13
41.59	43.17	13
70.37	68.91	13
108.73	109.92	13
145.69	144.61	13
199.47	195.66	13
307.73	307.98	13
522.74	515.55	13
734.04	733.5	13
942.19	949.36	13
1156.51	1168.5	13
1389.14	1379.42	13
1559.35	1583.97	13
1758.38	1779.48	13
1969.59	1935.16	13
0.27	0.24	13
0.33	0.34	13
0.4	0.41	13
0.64	0.61	13
1.1	1.06	13
1.88	1.98	13
3.22	2.77	13
2.82	4.1	13
5.14	5.51	13
5.34	4.75	13
10.8	9.28	13
15.15	16.2	13
27.83	27.43	13
48.32	47.36	13
79.9	82.54	13
130.03	126.09	13
184.75	186.41	13
279.95	282.04	13
468.69	472.69	13
836.39	879.12	13
1198.36	1277.39	13
1567.46	1642.26	13
1921.12	2022.37	13
2291.84	2370.57	13
2641.7	2721.21	13
2991.49	3049.19	13
3281.21	3379.99	13
0.27	0.27	13
0.31	0.32	13
0.38	0.43	13
0.61	0.62	13
0.94	0.96	13
1.8	1.76	13
2.66	2.62	13
3.52	4.46	13
3.21	3.31	13
4.42	3.39	13
8.19	7.72	13
11.29	11.05	13
20.57	21.34	13
32.97	32.4	13
55.13	55.04	13
84.88	85.47	13
117.39	114.74	13
166.76	168.34	13
265.15	262.91	13
466.51	468.78	13
671.94	649.27	13
859.03	862.1	13
1065.29	1066.45	13
1281.99	1260.0	13
1458.01	1457.48	13
1666.09	1657.88	13
1852.48	1816.29	13
0.3	0.26	13
0.33	0.31	13
0.41	0.39	13
0.65	0.58	13
0.96	1.01	13
1.54	1.42	13
1.96	2.23	13
3.2	3.63	13
3.63	3.66	13
5.43	5.28	13
7.9	7.95	13
13.53	12.57	13
21.25	22.37	13
37.78	37.75	13
61.56	62.73	13
103.53	101.51	13
153.88	152.92	13
246.65	243.79	13
416.98	416.62	13
748.53	801.13	13
1068.39	1170.05	13
1396.48	1491.86	13
1743.08	1806.55	13
2042.28	2150.5	13
2352.49	2446.52	13
2666.26	2780.23	13
2960.91	3051.77	13
0.28	0.3	14
0.37	0.34	14
0.46	0.45	14
0.74	0.7	14
1.33	1.13	14
1.69	2.23	14
2.49	2.59	14
3.1	3.71	14
6.62	4.7	14
7.64	6.76	14
11.15	10.16	14
15.59	15.55	14
27.1	28.25	14
49.88	48.93	14
80.92	80.79	14
127.14	129.53	14
183.73	181.49	14
269.96	274.74	14
445.43	440.53	14
768.2	774.5	14
1104.58	1113.58	14
1441.13	1443.85	14
1775.95	1778.43	14
2109.89	2109.93	14
2485.57	2467.05	14
2771.8	2787.05	14
3086.67	3071.93	14
0.31	0.31	14
0.36	0.37	14
0.46	0.48	14
0.68	0.67	14
1.09	1.16	14
2.08	1.82	14
3.63	2.84	14
3.36	3.87	14
6.2	4.35	14
6.43	6.29	14
9.96	9.54	14
14.62	14.11	14
26.78	25.86	14
43.37	43.55	14
74.69	74.0	14
113.84	112.89	14
151.73	153.66	14
213.63	211.55	14
328.14	324.58	14
555.64	592.86	14
787.22	864.6	14
1010.22	1104.98	14
1228.67	1317.05	14
1421.6	1530.37	14
1679.51	1743.73	14
1842.6	1951.19	14
1980.28	2128.76	14
0.26	0.29	14
0.3	0.28	14
0.39	0.41	14
0.55	0.57	14
1.01	0.94	14
1.67	1.68	14
2.43	2.49	14
2.74	3.1	14
4.77	3.16	14
4.45	5.22	14
7.31	8.22	14
12.12	11.77	14
20.91	21.78	14
35.81	36.57	14
60.1	60.29	14
94.45	96.22	14
138.44	142.99	14
220.88	219.9	14
367.93	367.28	14
657.41	660.1	14
949.91	952.22	14
1256.83	1256.02	14
1555.55	1558.99	14
1864.3	1881.61	14
2144.3	2173.67	14
2423.5	2436.88	14
2726.68	2727.16	14
0.28	0.27	14
0.32	0.29	14
0.45	0.41	14
0.61	0.73	14
1.13	1.11	14
2.01	2.16	14
3.36	3.94	14
2.49	5.06	14
4.17	3.97	14
6.36	6.31	14
9.28	9.5	14
13.94	16.29	14
25.41	23.99	14
42.37	41.67	14
67.28	69.27	14
102.68	103.02	14
142.76	135.78	14
195.78	199.58	14
306.36	313.74	14
531.67	589.67	14
741.22	844.28	14
943.33	1053.93	14
1144.44	1254.09	14
1333.48	1441.66	14
1506.24	1627.44	14
1684.83	1799.18	14
1875.99	1981.09	14
0.31	0.33	15
0.4	0.3	15
0.43	0.41	15
0.65	0.63	15
1.01	1.01	15
1.97	1.92	15
2.66	3.21	15
3.53	4.42	15
4.33	3.73	15
6.36	4.42	15
9.07	7.69	15
12.97	14.18	15
24.42	25.39	15
40.48	41.07	15
68.21	68.34	15
104.87	108.49	15
146.05	145.1	15
204.01	203.23	15
313.88	312.61	15
548.62	568.06	15
766.97	824.97	15
993.2	1036.71	15
1204.32	1260.62	15
1414.48	1470.94	15
1631.13	1699.06	15
1840.03	1869.49	15
2055.4	2059.03	15
0.27	0.26	15
0.35	0.32	15
0.44	0.39	15
0.63	0.65	15
0.96	1.09	15
1.66	1.98	15
3.01	3.66	15
4.53	4.15	15
5.44	4.96	15
5.82	6.46	15
9.17	10.72	15
15.98	14.41	15
28.37	25.35	15
44.63	46.94	15
77.33	76.91	15
122.37	122.9	15
177.09	178.35	15
262.71	260.08	15
430.92	435.25	15
758.69	761.78	15
1095.17	1097.75	15
1423.43	1453.63	15
1760.88	1771.69	15
2090.01	2107.43	15
2457.32	2462.21	15
2767.83	2763.66	15
3040.7	3065.45	15
0.28	0.26	15
0.29	0.27	15
0.37	0.37	15
0.6	0.57	15
0.85	0.92	15
1.76	1.66	15
2.65	2.64	15
3.42	2.34	15
2.82	3.29	15
4.74	3.94	15
7.35	7.48	15
10.3	10.84	15
19.74	18.31	15
31.97	32.24	15
53.9	54.42	15
81.15	83.49	15
113.6	117.16	15
173.12	169.08	15
268.77	273.34	15
474.4	514.14	15
687.34	740.55	15
876.66	938.55	15
1070.34	1143.41	15
1267.25	1357.07	15
1469.51	1504.74	15
1643.67	1697.08	15
1849.5	1865.25	15
0.33	0.28	15
0.31	0.3	15
0.43	0.38	15
0.59	0.57	15
0.83	0.92	15
1.66	1.68	15
2.8	2.04	15
4.19	1.89	15
4.13	2.5	15
5.55	5.31	15
6.87	7.01	15
12.13	13.43	15
21.53	22.58	15
36.91	35.39	15
58.51	61.59	15
94.88	95.11	15
143.28	143.55	15
219.89	216.45	15
374.57	381.95	15
664.33	670.81	15
964.76	966.14	15
1266.0	1266.92	15
1580.72	1574.57	15
1863.22	1878.23	15
2175.6	2177.49	15
2455.88	2447.37	15
2708.96	2725.57	15
0.27	0.28	16
0.3	0.29	16
0.46	0.37	16
0.63	0.67	16
1.11	1.14	16
2.0	1.92	16
2.95	3.3	16
2.86	3.65	16
4.48	4.54	16
6.32	4.71	16
11.27	9.05	16
16.81	15.2	16
28.64	28.04	16
48.09	48.2	16
79.48	79.9	16
125.44	127.07	16
181.92	182.79	16
273.84	275.02	16
452.06	454.71	16
798.25	836.65	16
1132.48	1199.28	16
1487.06	1564.76	16
1836.32	1900.57	16
2164.01	2254.52	16
2514.07	2591.57	16
2805.86	2908.99	16
3120.8	3201.28	16
0.26	0.27	16
0.38	0.29	16
0.44	0.45	16
0.66	0.63	16
1.11	1.09	16
1.96	1.99	16
2.48	3.82	16
3.85	4.46	16
5.16	3.84	16
6.01	6.03	16
8.08	9.16	16
16.13	13.83	16
24.63	25.07	16
42.21	43.89	16
71.56	72.82	16
109.33	109.07	16
147.9	148.52	16
200.2	206.48	16
310.09	310.56	16
519.14	516.93	16
739.66	738.64	16
949.98	947.34	16
1168.41	1173.43	16
1370.47	1376.85	16
1595.46	1602.06	16
1802.58	1780.9	16
1972.55	1983.25	16
0.24	0.26	16
0.29	0.28	16
0.38	0.4	16
0.59	0.58	16
0.92	0.96	16
1.52	1.65	16
1.85	3.19	16
3.29	3.41	16
4.14	4.05	16
4.41	4.7	16
7.35	7.02	16
13.79	12.53	16
20.49	21.57	16
36.19	37.0	16
58.74	59.41	16
96.47	96.58	16
144.03	140.15	16
223.15	224.68	16
387.62	385.07	16
688.79	719.3	16
991.74	1054.06	16
1286.91	1369.56	16
1585.5	1661.73	16
1886.72	1959.73	16
2157.33	2243.2	16
2461.49	2573.89	16
2734.1	2800.13	16
0.26	0.25	16
0.36	0.32	16
0.44	0.49	16
0.66	0.63	16
0.95	1.19	16
1.88	1.78	16
3.1	3.05	16
4.13	2.63	16
4.79	5.62	16
6.38	4.79	16
7.57	8.06	16
14.65	12.95	16
24.27	21.99	16
38.15	37.49	16
62.86	62.86	16
95.59	96.94	16
131.32	132.36	16
182.65	178.74	16
285.56	283.83	16
485.73	474.12	16
676.45	689.58	16
881.3	885.64	16
1086.51	1090.07	16
1288.44	1296.4	16
1496.37	1516.28	16
1696.76	1671.88	16
1864.24	1854.34	16
0.43	0.42	17
0.6	0.59	17
0.97	1.02	17
1.71	2.02	17
2.42	3.44	17
5.0	5.37	17
8.5	9.24	17
14.24	7.73	17
14.45	9.86	17
21.97	12.67	17
24.0	24.92	17
40.77	44.62	17
77.08	78.87	17
146.87	148.2	17
270.59	269.43	17
497.17	493.7	17
870.77	866.18	17
1337.6	1337.05	17
1785.1	1781.01	17
2474.33	2481.4	17
3126.42	3144.14	17
3761.77	3782.44	17
4410.09	4346.62	17
4992.65	4852.23	17
5595.68	5326.71	17
6212.89	5771.09	17
6641.19	6207.41	17
0.36	0.51	17
0.64	0.55	17
0.94	0.98	17
1.84	1.91	17
3.12	3.38	17
5.98	6.54	17
12.43	5.26	17
11.71	11.97	17
16.0	15.51	17
25.5	22.58	17
41.66	40.42	17
68.57	70.16	17
133.72	131.93	17
249.35	255.79	17
462.64	467.37	17
839.37	840.68	17
1427.7	1433.0	17
2144.68	2143.11	17
2728.89	2715.83	17
3647.26	3641.26	17
4431.29	4386.85	17
5235.57	5156.64	17
6031.82	6038.63	17
6848.02	6935.01	17
7644.54	7844.75	17
8419.54	8817.84	17
9110.73	9637.58	17
0.35	0.34	17
0.46	0.51	17
0.81	0.88	17
1.48	1.41	17
2.76	2.46	17
4.95	5.01	17
7.57	8.81	17
4.7	10.26	17
10.89	14.68	17
9.83	13.93	17
24.87	19.05	17
35.21	34.3	17
58.65	58.22	17
116.62	107.28	17
214.37	216.05	17
383.73	383.61	17
670.25	669.58	17
1039.38	1033.47	17
1410.59	1406.34	17
2015.64	2016.94	17
2622.22	2677.52	17
3205.05	3360.97	17
3782.54	3948.97	17
4442.42	4488.11	17
5017.3	5028.98	17
5527.16	5496.28	17
6018.26	5894.22	17
0.38	0.39	17
0.56	0.65	17
0.89	1.07	17
1.74	1.59	17
3.21	3.09	17
4.91	6.16	17
9.46	7.3	17
16.57	11.86	17
15.45	12.48	17
21.31	25.33	17
40.22	37.77	17
67.22	68.56	17
131.47	128.87	17
248.4	235.0	17
442.9	446.98	17
781.45	792.78	17
1335.43	1338.98	17
1975.47	1967.31	17
2471.73	2479.05	17
3411.73	3385.72	17
4163.25	4145.37	17
4875.75	4899.73	17
5635.17	5725.52	17
6416.69	6607.76	17
7188.97	7597.95	17
7888.65	8594.58	17
8498.81	9488.92	17
0.29	0.39	18
0.47	0.5	18
0.74	0.83	18
1.45	1.31	18
2.69	2.48	18
4.16	4.14	18
4.36	9.5	18
7.87	8.19	18
8.0	7.77	18
17.49	15.29	18
27.73	30.49	18
51.71	49.69	18
94.88	94.61	18
175.59	169.13	18
313.65	321.0	18
560.96	563.01	18
947.88	949.75	18
1443.88	1448.71	18
1924.01	1926.1	18
2645.66	2654.45	18
3373.36	3369.39	18
4119.27	4271.23	18
4812.09	5144.3	18
5528.84	5945.29	18
6217.61	6643.87	18
6933.86	7292.31	18
7528.55	7843.11	18
0.46	0.52	18
0.68	0.58	18
0.91	0.97	18
1.72	1.7	18
3.03	2.92	18
6.16	6.19	18
6.82	5.49	18
16.21	7.47	18
11.6	13.07	18
18.6	19.93	18
28.11	25.12	18
46.74	41.41	18
75.76	81.3	18
144.39	146.68	18
258.84	263.37	18
497.27	504.54	18
860.66	870.64	18
1298.64	1315.53	18
1700.08	1700.29	18
2371.73	2345.16	18
2966.71	2915.94	18
3538.05	3477.34	18
4114.56	4064.53	18
4681.29	4664.35	18
5298.6	5315.97	18
5864.15	5951.88	18
6362.57	6665.19	18
