0.56	0.6	1
0.71	0.58	1
1.1	0.92	1
1.06	1.15	1
1.1	1.25	1
1.25	1.47	1
1.52	1.37	1
1.76	1.07	1
1.9	1.72	1
2.64	2.27	1
3.15	2.86	1
5.05	4.07	1
9.34	6.32	1
12.66	11.07	1
23.01	18.64	1
50.29	35.37	1
81.66	65.76	1
224.18	126.91	1
439.87	243.23	1
365.35	361.16	1
730.73	479.37	1
596.47	593.88	1
1270.32	706.73	1
1051.73	857.22	1
1447.91	939.43	1
1628.35	1060.92	1
0.58	0.7	1
0.93	0.83	1
1.05	1.08	1
1.28	1.56	1
1.34	1.72	1
1.31	1.75	1
1.8	1.77	1
2.27	1.86	1
3.02	3.1	1
4.6	4.38	1
7.01	7.97	1
11.82	13.78	1
21.95	27.55	1
38.31	53.37	1
89.98	104.82	1
116.06	205.4	1
290.32	411.91	1
455.94	821.25	1
1122.79	1591.88	1
2026.43	2366.97	1
1782.45	3187.19	1
3445.28	4045.48	1
3451.44	4886.43	1
4896.5	5725.29	1
4639.73	6575.98	1
4131.33	7389.08	1
0.53	0.62	1
0.67	0.73	1
0.83	0.82	1
1.23	1.27	1
1.29	1.24	1
1.58	1.09	1
1.43	1.18	1
1.56	1.55	1
2.01	1.78	1
2.35	2.24	1
3.79	2.87	1
5.13	4.13	1
10.42	6.27	1
13.8	10.13	1
34.56	19.64	1
45.46	35.2	1
101.83	64.94	1
164.81	127.51	1
369.08	245.68	1
460.8	378.43	1
866.11	479.32	1
755.49	615.39	1
1264.1	705.6	1
1309.93	822.82	1
1456.42	938.72	1
1383.03	1072.18	1
0.55	0.73	1
0.84	0.93	1
1.09	1.24	1
1.2	1.3	1
1.35	1.43	1
1.72	1.3	1
1.99	1.59	1
2.14	2.65	1
3.73	3.32	1
4.85	4.23	1
8.73	8.04	1
12.26	14.56	1
20.65	26.5	1
41.07	52.64	1
75.37	104.33	1
149.08	208.42	1
296.9	413.43	1
467.67	816.25	1
1147.47	1592.33	1
1341.99	2370.05	1
1798.08	3191.75	1
2870.17	4045.7	1
3479.02	4883.62	1
4058.87	5751.1	1
5617.36	6577.58	1
7399.7	7383.41	1
0.6	0.72	2
1.19	0.8	2
1.04	1.36	2
1.47	1.3	2
1.43	1.62	2
1.78	1.36	2
1.98	1.81	2
1.93	2.19	2
2.44	2.22	2
2.97	3.07	2
4.75	4.25	2
7.51	6.16	2
12.61	10.73	2
21.29	18.98	2
47.65	35.32	2
77.97	69.08	2
180.94	137.76	2
359.08	266.35	2
518.27	513.34	2
951.0	762.1	2
1247.86	1012.43	2
1406.84	1254.63	2
1504.81	1498.52	2
1947.97	1734.29	2
2464.58	1966.86	2
2746.7	2210.66	2
0.59	0.65	2
0.9	0.76	2
1.04	1.17	2
1.34	0.74	2
1.55	1.17	2
1.79	1.58	2
1.67	1.75	2
2.38	2.24	2
2.87	3.09	2
4.29	3.76	2
6.18	7.92	2
12.17	13.7	2
20.86	25.36	2
27.27	46.09	2
51.28	92.78	2
152.48	181.06	2
245.71	354.26	2
487.21	707.2	2
730.84	1371.71	2
1399.08	2040.38	2
1856.01	2693.28	2
2301.25	3351.89	2
2120.59	3996.18	2
3201.49	4659.69	2
4478.63	5307.52	2
4094.83	5959.1	2
0.54	0.58	2
0.78	0.76	2
0.94	1.08	2
1.39	1.15	2
1.31	1.35	2
1.37	1.37	2
1.59	1.64	2
2.02	1.67	2
2.15	2.36	2
3.29	2.77	2
5.01	3.8	2
7.24	6.22	2
13.07	10.23	2
24.98	18.25	2
46.96	34.16	2
73.16	65.63	2
141.8	126.76	2
343.83	250.19	2
599.68	482.69	2
816.06	709.41	2
1182.84	946.94	2
1759.52	1172.49	2
1429.41	1405.18	2
2053.18	1636.5	2
2339.93	1863.68	2
2760.79	2102.38	2
0.6	0.66	2
0.82	0.73	2
0.94	1.05	2
1.44	1.01	2
1.3	0.96	2
1.41	1.53	2
1.63	1.35	2
2.27	2.6	2
3.23	2.47	2
4.59	3.96	2
4.96	7.57	2
11.1	12.66	2
15.37	24.58	2
35.55	47.33	2
78.83	91.5	2
153.43	179.87	2
198.43	357.53	2
606.15	710.19	2
968.69	1378.22	2
1728.0	2032.46	2
1879.14	2700.55	2
2340.57	3350.97	2
2802.71	3996.45	2
3221.49	4609.09	2
3620.92	5246.21	2
5835.92	5823.03	2
0.68	0.75	3
0.74	0.67	3
0.91	0.97	3
1.15	1.18	3
1.17	1.37	3
1.4	1.47	3
1.6	1.65	3
1.82	1.79	3
2.27	2.79	3
3.71	3.92	3
6.89	7.23	3
11.92	12.63	3
13.21	23.45	3
31.32	45.2	3
59.78	86.91	3
145.45	172.71	3
235.1	341.81	3
355.87	676.99	3
1099.33	1309.16	3
1330.12	1934.98	3
1759.01	2583.45	3
1666.29	3190.13	3
1991.67	3818.25	3
3177.41	4488.69	3
4453.99	5273.74	3
4075.41	5929.71	3
0.59	0.59	3
0.78	0.71	3
1.24	1.16	3
1.47	1.4	3
1.59	1.37	3
1.31	1.42	3
1.87	1.58	3
1.61	1.78	3
2.67	2.3	3
3.05	3.17	3
4.44	3.85	3
6.52	6.64	3
12.46	10.83	3
21.73	19.18	3
43.31	37.86	3
77.42	70.27	3
166.58	135.67	3
359.12	266.24	3
643.05	517.8	3
945.55	767.55	3
1261.58	1017.29	3
1564.83	1270.82	3
1912.17	1553.88	3
2232.22	1812.55	3
2309.47	2065.87	3
2867.14	2326.57	3
0.49	0.55	3
0.7	0.66	3
0.92	0.81	3
0.9	1.17	3
1.42	1.37	3
1.22	1.08	3
2.02	1.77	3
1.86	1.71	3
2.3	2.48	3
4.34	3.84	3
6.88	6.81	3
9.45	11.53	3
16.23	21.01	3
35.63	40.67	3
80.35	80.09	3
108.79	156.15	3
260.7	311.72	3
422.14	615.39	3
1004.66	1199.09	3
1215.35	1779.44	3
1226.95	2359.93	3
1993.1	2935.44	3
2402.86	3508.34	3
2119.55	4093.5	3
3163.89	4678.78	3
5260.54	5242.12	3
0.5	0.61	3
0.68	0.73	3
1.12	0.96	3
1.22	1.18	3
1.34	1.32	3
1.61	1.26	3
1.92	1.41	3
1.72	1.79	3
2.02	1.99	3
3.34	3.0	3
4.67	3.81	3
6.73	6.01	3
13.78	10.14	3
21.74	17.75	3
37.57	34.25	3
66.07	63.54	3
184.68	127.79	3
303.44	249.53	3
599.97	477.41	3
890.87	713.18	3
1181.51	942.9	3
1472.65	1172.84	3
1776.41	1408.51	3
2060.71	1634.54	3
2620.7	1892.68	3
2620.5	2091.8	3
0.53	0.74	4
0.79	0.85	4
0.97	0.99	4
1.28	1.41	4
1.44	1.73	4
1.3	1.38	4
1.67	2.23	4
2.12	2.3	4
3.07	2.78	4
5.2	4.9	4
6.68	7.77	4
11.6	14.85	4
19.79	28.71	4
47.4	54.6	4
92.0	105.83	4
150.3	211.96	4
233.44	419.84	4
587.01	833.17	4
902.4	1621.97	4
1336.98	2401.92	4
2711.24	3168.76	4
2779.51	3942.3	4
4026.38	4726.57	4
4684.69	5521.84	4
3489.22	6282.12	4
6003.7	7038.65	4
0.6	0.62	4
0.78	0.78	4
1.07	0.78	4
1.24	1.34	4
1.15	1.06	4
1.75	1.35	4
1.48	1.62	4
1.77	1.53	4
2.04	1.89	4
2.58	2.75	4
3.44	2.93	4
4.79	4.18	4
6.74	6.78	4
12.64	10.07	4
27.29	18.75	4
58.46	35.77	4
97.45	64.72	4
191.82	127.75	4
376.18	244.07	4
548.89	362.25	4
853.08	479.6	4
1076.24	596.96	4
1081.99	712.72	4
1280.55	825.56	4
1447.15	944.76	4
1629.23	1062.74	4
0.54	0.6	4
0.75	0.79	4
1.07	1.05	4
1.2	1.16	4
1.21	1.29	4
1.38	1.47	4
1.66	1.57	4
1.96	1.99	4
2.6	2.73	4
4.24	4.15	4
5.28	7.09	4
11.35	13.16	4
16.04	24.65	4
28.41	47.77	4
67.61	93.67	4
186.9	185.71	4
260.94	366.85	4
729.56	730.54	4
993.03	1413.53	4
1476.46	2099.57	4
2786.45	2780.18	4
2423.33	3462.13	4
2243.26	4147.82	4
3364.76	4826.02	4
4677.67	5510.61	4
4302.58	6196.11	4
0.49	0.57	4
0.62	0.74	4
1.06	0.88	4
1.11	0.94	4
1.19	1.15	4
1.68	1.3	4
1.36	1.58	4
1.53	1.61	4
2.05	1.53	4
2.73	2.04	4
3.73	2.72	4
5.53	3.87	4
8.92	6.3	4
16.46	10.09	4
34.21	19.72	4
61.43	35.48	4
109.33	66.42	4
189.65	127.74	4
383.64	242.84	4
367.64	358.65	4
728.86	476.65	4
752.79	598.77	4
720.81	708.9	4
1290.61	830.2	4
1192.25	972.72	4
1881.27	1052.95	4
0.39	0.45	5
0.58	0.52	5
0.87	0.9	5
1.3	1.43	5
2.25	2.69	5
2.14	5.35	5
3.04	9.93	5
4.32	19.37	5
4.78	36.86	5
6.18	70.61	5
10.92	134.22	5
18.23	238.48	5
32.81	399.46	5
64.47	609.99	5
120.72	758.36	5
215.52	867.22	5
370.86	1022.22	5
625.51	1308.84	5
874.45	1553.94	5
1108.57	1777.81	5
1353.97	2011.96	5
1584.09	2225.85	5
1813.28	2435.43	5
2049.77	2634.57	5
2238.88	2840.92	5
0.42	0.48	5
0.53	0.52	5
0.85	0.92	5
1.25	1.49	5
2.2	2.7	5
3.73	5.02	5
3.58	9.84	5
5.72	20.14	5
8.54	38.58	5
16.22	76.13	5
27.63	149.19	5
52.74	291.59	5
99.99	550.73	5
186.67	1007.8	5
326.4	1751.35	5
538.69	2541.91	5
798.98	2959.02	5
1211.06	3549.16	5
1589.8	4051.04	5
1973.7	4550.54	5
2336.51	4971.14	5
2709.47	5438.16	5
3063.0	5836.08	5
3407.59	6233.6	5
3764.17	6575.32	5
0.38	0.41	5
0.5	0.5	5
0.77	0.77	5
1.32	1.34	5
2.1	2.5	5
2.57	4.63	5
2.24	8.89	5
2.84	17.19	5
4.25	33.4	5
6.77	62.8	5
9.26	118.92	5
16.41	211.93	5
29.17	360.23	5
53.37	554.88	5
98.8	690.15	5
179.15	809.75	5
307.43	963.9	5
540.79	1211.52	5
775.28	1472.01	5
990.12	1716.96	5
1235.54	1939.5	5
1450.75	2171.49	5
1682.44	2362.06	5
1891.1	2568.11	5
2116.16	2766.58	5
0.39	0.43	5
0.57	0.57	5
0.86	0.91	5
1.2	1.39	5
2.29	2.66	5
2.93	4.82	5
4.47	9.98	5
5.24	19.94	5
9.38	39.41	5
14.53	75.83	5
28.66	149.71	5
53.21	291.73	5
99.23	549.55	5
180.29	1010.32	5
319.26	1741.92	5
508.72	2493.52	5
748.51	2941.46	5
1137.27	3543.67	5
1518.28	4034.86	5
1872.8	4473.13	5
2235.15	4976.9	5
2596.42	5370.95	5
2923.06	5812.27	5
3238.24	6190.67	5
3557.88	6507.68	5
0.38	0.46	6
0.56	0.59	6
0.89	0.81	6
1.36	1.5	6
2.66	2.67	6
2.89	5.23	6
3.75	9.98	6
5.18	19.88	6
9.09	39.34	6
15.74	76.91	6
28.11	151.01	6
53.92	293.2	6
101.32	556.82	6
186.57	1021.85	6
335.68	1764.03	6
557.03	2615.61	6
825.72	3075.6	6
1217.57	3550.02	6
1581.17	4042.74	6
1960.33	4526.08	6
2337.37	4893.58	6
2751.19	5282.66	6
3124.02	5811.14	6
3475.52	6159.14	6
3848.03	6491.61	6
0.43	0.51	6
0.56	0.58	6
0.83	1.01	6
1.53	1.48	6
2.28	3.01	6
3.48	5.37	6
3.27	10.29	6
4.83	20.68	6
4.99	39.26	6
6.57	77.3	6
12.29	141.01	6
18.65	258.96	6
35.8	425.05	6
66.84	658.8	6
124.75	823.06	6
224.01	947.24	6
386.78	1136.6	6
634.38	1439.35	6
886.08	1700.25	6
1123.71	1949.28	6
1344.21	2206.11	6
1579.48	2439.03	6
1822.68	2659.88	6
2040.79	2894.53	6
2285.89	3112.66	6
0.37	0.45	6
0.48	0.47	6
0.76	0.71	6
1.09	1.21	6
2.11	2.3	6
2.5	4.27	6
3.93	8.51	6
4.52	16.57	6
6.84	32.41	6
11.39	63.13	6
20.56	123.54	6
38.35	240.34	6
70.59	464.97	6
127.8	833.24	6
236.75	1471.76	6
392.55	2197.02	6
605.46	2595.71	6
947.77	3027.45	6
1300.3	3473.74	6
1626.59	3875.81	6
1969.34	4285.32	6
2302.34	4632.31	6
2642.82	4940.07	6
2983.28	5270.72	6
3283.37	5588.77	6
0.42	0.45	6
0.55	0.57	6
0.75	0.91	6
1.46	1.41	6
1.8	2.58	6
2.46	4.9	6
2.5	9.17	6
4.06	18.29	6
3.89	35.53	6
6.67	68.1	6
10.04	128.52	6
17.91	228.69	6
30.99	381.24	6
58.97	589.93	6
108.54	763.51	6
192.67	865.51	6
324.01	1046.79	6
564.59	1326.68	6
800.51	1584.15	6
1020.55	1842.12	6
1247.52	2069.09	6
1487.42	2351.36	6
1705.3	2596.05	6
1922.76	2824.61	6
2134.89	3027.39	6
0.39	0.47	7
0.49	0.55	7
0.73	0.81	7
1.45	1.48	7
1.91	2.64	7
1.94	5.01	7
2.39	9.58	7
3.75	18.7	7
5.57	36.14	7
5.54	69.1	7
11.04	130.93	7
17.49	231.58	7
33.36	380.84	7
62.03	597.96	7
118.78	771.6	7
211.77	870.61	7
372.82	1051.78	7
628.62	1318.65	7
868.2	1597.55	7
1095.32	1863.99	7
1329.62	2087.02	7
1565.21	2351.85	7
1796.15	2573.54	7
2041.47	2795.06	7
2268.96	3003.97	7
0.4	0.48	7
0.53	0.49	7
0.89	0.83	7
1.44	1.45	7
1.84	2.6	7
3.53	4.84	7
3.71	9.55	7
5.09	18.69	7
8.59	36.97	7
15.06	73.45	7
27.92	144.56	7
50.43	279.77	7
97.75	529.2	7
179.24	987.85	7
316.22	1682.5	7
532.42	2486.69	7
786.72	2925.97	7
1176.58	3409.93	7
1553.38	3899.21	7
1915.55	4310.31	7
2289.19	4706.0	7
2652.97	5049.61	7
3030.06	5440.49	7
3394.8	5757.51	7
3714.49	6097.6	7
0.43	0.39	7
0.52	0.52	7
0.75	0.73	7
1.32	1.37	7
1.8	2.43	7
3.38	4.62	7
2.54	8.79	7
4.01	17.13	7
3.98	32.77	7
7.08	63.89	7
10.26	116.93	7
15.14	211.29	7
28.03	353.98	7
51.9	539.79	7
97.24	703.34	7
178.51	804.06	7
308.78	996.75	7
543.59	1253.63	7
770.41	1507.73	7
999.62	1788.69	7
1211.75	2022.48	7
1446.02	2255.72	7
1667.75	2496.19	7
1910.63	2700.87	7
2108.39	2908.7	7
0.39	0.44	7
0.5	0.51	7
0.76	0.76	7
1.15	1.31	7
1.6	2.31	7
2.43	4.35	7
3.17	8.78	7
4.03	17.24	7
7.97	34.27	7
11.99	67.81	7
21.88	132.43	7
42.11	253.37	7
79.28	496.37	7
145.41	891.21	7
255.47	1554.79	7
424.02	2255.09	7
648.93	2658.16	7
1000.76	3181.25	7
1347.06	3644.78	7
1700.83	3994.31	7
2036.09	4368.1	7
2389.05	4744.63	7
2721.47	5145.39	7
3079.74	5416.09	7
3410.41	5765.05	7
0.38	0.51	8
0.51	0.5	8
0.78	0.83	8
1.48	1.34	8
1.91	2.5	8
2.85	5.08	8
3.18	9.56	8
4.31	18.77	8
9.02	36.04	8
15.8	75.64	8
28.34	147.93	8
52.95	289.0	8
99.77	545.36	8
183.86	997.66	8
328.31	1737.08	8
550.41	2622.45	8
816.44	3016.62	8
1227.88	3618.02	8
1620.88	4130.61	8
2000.13	4609.36	8
2425.09	5237.35	8
2802.82	5684.49	8
3189.35	6141.04	8
3539.36	6543.42	8
3891.86	6882.17	8
0.43	0.51	8
0.59	0.56	8
0.88	0.76	8
1.45	1.52	8
2.5	2.89	8
2.5	5.23	8
2.92	10.61	8
4.39	20.12	8
5.55	39.41	8
6.42	75.79	8
10.49	142.12	8
19.68	258.37	8
35.88	423.63	8
66.76	633.94	8
124.49	819.6	8
225.69	928.25	8
381.52	1089.92	8
633.6	1383.54	8
884.3	1641.6	8
1120.24	1862.78	8
1363.34	2108.75	8
1592.68	2321.72	8
1851.99	2525.85	8
2059.1	2763.53	8
2267.73	2936.45	8
0.32	0.42	8
0.48	0.48	8
0.69	0.73	8
1.2	1.23	8
1.48	2.32	8
3.23	4.38	8
3.08	8.16	8
4.31	16.54	8
6.77	32.25	8
11.22	63.16	8
19.41	124.92	8
37.82	242.23	8
70.75	457.81	8
131.91	854.93	8
233.79	1496.56	8
391.25	2182.26	8
603.84	2588.98	8
961.15	3111.99	8
1319.48	3557.09	8
1664.39	3969.38	8
1990.06	4427.72	8
2331.14	4787.36	8
2670.46	5227.94	8
2987.6	5608.46	8
3320.52	5978.48	8
0.4	0.44	8
0.47	0.5	8
0.79	0.79	8
1.28	1.31	8
1.51	2.38	8
2.15	4.5	8
2.89	8.76	8
2.53	16.77	8
4.32	33.05	8
6.21	63.93	8
9.26	117.95	8
16.99	213.24	8
29.14	360.17	8
54.48	545.91	8
98.75	700.92	8
177.72	805.47	8
310.32	960.91	8
537.52	1226.0	8
771.25	1492.6	8
1001.67	1731.1	8
1233.37	1954.36	8
1451.34	2162.5	8
1687.22	2400.07	8
1895.06	2567.25	8
2107.16	2799.21	8
0.27	0.29	9
0.28	0.32	9
0.29	0.31	9
0.4	0.34	9
0.34	0.33	9
0.32	0.37	9
0.4	0.45	9
0.43	0.41	9
0.45	0.48	9
0.59	0.61	9
0.63	0.63	9
0.96	0.86	9
1.22	1.08	9
1.86	1.7	9
2.83	2.53	9
4.99	4.67	9
8.29	7.83	9
14.92	14.36	9
27.82	25.0	9
55.65	46.16	9
106.38	89.4	9
192.79	170.77	9
295.53	256.41	9
391.49	334.99	9
492.97	417.79	9
580.9	494.22	9
682.95	576.03	9
768.63	653.63	9
875.03	736.87	9
0.31	0.32	9
0.29	0.32	9
0.32	0.28	9
0.38	0.33	9
0.31	0.35	9
0.34	0.36	9
0.32	0.39	9
0.43	0.39	9
0.54	0.48	9
0.73	0.7	9
1.05	1.06	9
1.56	1.7	9
2.2	3.27	9
4.41	6.56	9
8.24	12.85	9
23.13	26.54	9
39.58	53.9	9
79.24	107.68	9
158.64	216.44	9
312.59	427.13	9
621.5	843.79	9
1029.36	1661.41	9
1535.54	2477.27	9
1988.11	3225.59	9
2626.38	3959.83	9
2900.5	4702.58	9
3496.85	5527.09	9
3908.8	6332.42	9
4411.5	7135.84	9
0.25	0.24	9
0.25	0.25	9
0.26	0.26	9
0.31	0.27	9
0.25	0.3	9
0.29	0.25	9
0.3	0.31	9
0.32	0.33	9
0.39	0.37	9
0.53	0.46	9
0.67	0.63	9
0.87	0.78	9
1.36	1.01	9
2.32	1.65	9
2.63	2.48	9
5.59	4.68	9
9.83	7.41	9
17.91	14.29	9
31.72	24.22	9
54.72	46.82	9
117.47	90.29	9
198.09	171.8	9
313.0	251.72	9
381.25	333.14	9
486.93	417.08	9
550.92	497.32	9
643.99	578.01	9
742.58	654.41	9
817.84	734.95	9
0.29	0.32	9
0.29	0.29	9
0.3	0.32	9
0.32	0.34	9
0.29	0.3	9
0.34	0.31	9
0.31	0.38	9
0.39	0.41	9
0.45	0.52	9
0.68	0.69	9
0.97	1.07	9
1.46	1.69	9
3.65	3.31	9
4.47	6.36	9
12.48	13.14	9
19.83	26.17	9
43.61	54.44	9
118.53	108.24	9
137.52	215.32	9
335.35	425.65	9
542.35	849.64	9
1074.61	1661.27	9
1624.21	2480.28	9
2192.2	3225.68	9
2715.36	3967.61	9
2967.55	4710.45	9
3491.74	5519.08	9
4047.25	6325.78	9
4565.18	7153.38	9
0.22	0.34	10
0.33	0.21	10
0.3	0.33	10
0.35	0.29	10
0.26	0.32	10
0.32	0.35	10
0.44	0.41	10
0.39	0.42	10
0.42	0.44	10
0.62	0.56	10
0.86	0.87	10
1.06	1.06	10
1.55	1.49	10
2.96	2.53	10
4.41	4.46	10
9.34	7.88	10
16.38	15.57	10
31.24	30.25	10
61.65	58.95	10
122.74	116.98	10
243.41	229.15	10
471.97	447.03	10
704.4	659.27	10
930.13	872.34	10
1165.88	1093.87	10
1392.03	1304.16	10
1622.87	1519.61	10
1850.3	1728.58	10
2080.37	1944.77	10
0.28	0.37	10
0.29	0.25	10
0.29	0.28	10
0.24	0.27	10
0.3	0.31	10
0.26	0.28	10
0.37	0.37	10
0.38	0.44	10
0.5	0.68	10
0.79	0.66	10
0.94	1.18	10
1.66	1.79	10
2.84	2.45	10
3.16	5.94	10
8.39	11.15	10
13.25	20.64	10
31.6	43.73	10
62.58	87.42	10
101.5	173.88	10
247.08	344.76	10
491.99	688.94	10
789.68	1333.56	10
1242.66	1958.82	10
1516.91	2590.49	10
1878.4	3222.71	10
2235.69	3823.0	10
3232.81	4439.99	10
3057.61	5054.98	10
3492.46	5665.87	10
0.24	0.26	10
0.24	0.26	10
0.28	0.24	10
0.29	0.26	10
0.24	0.24	10
0.28	0.27	10
0.35	0.32	10
0.36	0.35	10
0.36	0.39	10
0.5	0.5	10
0.6	0.57	10
1.14	0.95	10
1.56	1.39	10
3.08	2.42	10
5.17	4.17	10
10.17	8.2	10
16.86	14.94	10
35.36	28.76	10
62.38	55.25	10
122.2	107.26	10
222.09	211.03	10
434.05	407.8	10
652.8	608.43	10
893.11	804.3	10
1060.5	998.01	10
1270.88	1199.4	10
1533.3	1392.63	10
1656.63	1589.6	10
1867.36	1789.12	10
0.24	0.3	10
0.26	0.23	10
0.26	0.31	10
0.28	0.29	10
0.28	0.27	10
0.33	0.27	10
0.31	0.32	10
0.33	0.45	10
0.52	0.43	10
0.63	0.74	10
0.91	1.07	10
2.24	1.49	10
2.14	2.72	10
4.45	4.93	10
7.93	10.56	10
13.83	21.5	10
41.24	42.89	10
69.69	87.31	10
131.17	172.83	10
258.41	342.2	10
430.6	681.39	10
825.63	1329.17	10
1204.64	1954.9	10
1616.74	2578.1	10
2019.06	3193.4	10
2447.08	3791.89	10
2704.08	4370.58	10
3123.08	4949.92	10
3286.25	5505.88	10
0.26	0.36	11
0.26	0.31	11
0.26	0.27	11
0.28	0.34	11
0.28	0.32	11
0.28	0.32	11
0.31	0.27	11
0.48	0.38	11
0.54	0.53	11
0.76	0.66	11
0.93	1.07	11
1.14	1.49	11
3.16	2.79	11
4.82	5.27	11
8.37	10.91	11
18.59	21.6	11
26.31	44.66	11
50.22	86.25	11
99.19	169.73	11
240.98	337.64	11
393.51	672.55	11
768.35	1316.1	11
1134.8	1941.73	11
1622.47	2579.38	11
2079.23	3213.85	11
2326.39	3839.7	11
2631.72	4469.53	11
3021.15	5101.43	11
3378.41	5721.18	11
0.25	0.33	11
0.34	0.24	11
0.27	0.31	11
0.29	0.33	11
0.3	0.29	11
0.33	0.29	11
0.4	0.36	11
0.36	0.36	11
0.41	0.31	11
0.46	0.46	11
0.71	0.66	11
0.91	1.06	11
1.65	1.69	11
2.66	2.63	11
4.43	4.2	11
8.51	8.44	11
16.2	15.37	11
31.87	30.23	11
61.44	58.82	11
121.98	114.03	11
237.13	227.52	11
468.61	439.46	11
699.42	656.85	11
915.14	865.09	11
1135.65	1069.68	11
1370.69	1270.92	11
1577.87	1476.08	11
1788.39	1688.53	11
2020.09	1887.03	11
0.23	0.28	11
0.25	0.24	11
0.26	0.24	11
0.26	0.23	11
0.25	0.25	11
0.27	0.29	11
0.33	0.31	11
0.4	0.33	11
0.5	0.4	11
0.6	0.62	11
0.8	0.93	11
1.27	1.59	11
2.06	2.56	11
3.47	5.15	11
5.69	8.7	11
14.48	17.71	11
23.66	37.64	11
46.54	76.31	11
87.67	149.41	11
175.43	298.69	11
471.0	591.38	11
675.58	1152.07	11
1039.21	1714.9	11
1465.74	2272.11	11
1677.31	2828.0	11
2069.64	3390.4	11
2281.28	3955.92	11
2695.45	4506.95	11
2947.91	5057.66	11
0.26	0.33	11
0.28	0.28	11
0.24	0.25	11
0.27	0.25	11
0.28	0.3	11
0.25	0.32	11
0.34	0.36	11
0.39	0.38	11
0.39	0.42	11
0.5	0.47	11
0.65	0.6	11
1.07	1.08	11
1.66	1.52	11
3.31	2.73	11
5.08	4.46	11
9.61	8.86	11
17.5	15.64	11
32.08	29.33	11
71.23	56.93	11
126.83	110.05	11
235.34	220.18	11
462.08	431.03	11
675.81	650.48	11
886.91	839.18	11
1098.91	1044.56	11
1312.27	1246.98	11
1617.2	1445.74	11
1763.27	1649.26	11
1947.64	1849.14	11
0.26	0.27	12
0.3	0.32	12
0.24	0.24	12
0.35	0.25	12
0.29	0.3	12
0.3	0.3	12
0.33	0.29	12
0.36	0.38	12
0.46	0.48	12
0.6	0.71	12
0.89	0.98	12
1.52	1.96	12
2.19	2.76	12
4.35	5.89	12
8.87	11.76	12
18.96	24.89	12
30.51	50.79	12
84.64	99.64	12
145.34	198.02	12
240.8	395.68	12
481.62	787.31	12
940.76	1534.68	12
1389.5	2269.39	12
1850.7	3008.48	12
2301.2	3748.16	12
2757.16	4481.38	12
3208.23	5219.91	12
4038.45	5962.59	12
4132.47	6718.55	12
0.26	0.3	12
0.28	0.27	12
0.28	0.24	12
0.3	0.31	12
0.3	0.27	12
0.29	0.39	12
0.39	0.41	12
0.36	0.33	12
0.37	0.46	12
0.6	0.57	12
0.58	0.6	12
0.89	0.75	12
1.12	1.03	12
1.82	1.62	12
2.76	2.48	12
4.74	4.44	12
8.67	7.92	12
15.24	13.6	12
27.6	25.99	12
51.04	46.76	12
104.59	89.05	12
202.48	169.59	12
290.45	251.39	12
396.13	331.52	12
488.14	417.21	12
569.94	496.12	12
671.09	571.27	12
781.83	653.08	12
829.58	733.97	12
0.24	0.23	12
0.22	0.24	12
0.24	0.25	12
0.21	0.25	12
0.23	0.22	12
0.23	0.26	12
0.29	0.27	12
0.34	0.32	12
0.43	0.4	12
0.57	0.6	12
0.97	0.97	12
1.16	1.56	12
2.48	2.47	12
3.84	4.95	12
7.2	10.22	12
17.35	21.41	12
41.79	44.21	12
88.59	87.02	12
149.49	181.18	12
289.42	361.91	12
696.71	720.24	12
877.55	1401.68	12
1888.28	2072.23	12
2136.46	2744.54	12
2142.27	3423.94	12
2548.61	4091.8	12
3081.25	4764.24	12
3442.98	5437.77	12
3903.66	6111.8	12
0.26	0.31	12
0.29	0.3	12
0.3	0.28	12
0.29	0.32	12
0.32	0.31	12
0.28	0.33	12
0.31	0.33	12
0.33	0.36	12
0.41	0.41	12
0.53	0.57	12
0.58	0.54	12
1.0	0.82	12
1.28	1.04	12
1.95	1.68	12
2.99	2.41	12
5.48	4.3	12
10.12	7.5	12
19.65	13.46	12
33.05	24.78	12
61.43	45.85	12
120.19	88.24	12
243.78	177.62	12
310.03	255.04	12
393.88	334.9	12
487.53	411.88	12
649.33	489.86	12
633.34	573.57	12
759.0	652.33	12
832.59	733.42	12
0.28	0.33	13
0.29	0.33	13
0.42	0.49	13
0.66	0.62	13
1.16	1.1	13
1.69	2.09	13
2.89	3.77	13
3.33	7.17	13
4.21	14.21	13
6.47	28.02	13
8.84	53.42	13
14.16	99.78	13
25.0	186.47	13
41.59	308.13	13
70.37	469.09	13
108.73	605.3	13
145.69	663.85	13
199.47	742.4	13
307.73	885.85	13
522.74	1202.28	13
734.04	1520.84	13
942.19	1805.08	13
1156.51	2128.97	13
1389.14	2492.49	13
1559.35	2739.1	13
1758.38	2921.14	13
1969.59	3086.0	13
0.27	0.37	13
0.33	0.32	13
0.4	0.44	13
0.64	0.63	13
1.1	1.09	13
1.88	1.93	13
3.22	3.69	13
2.82	7.12	13
5.14	13.97	13
5.34	27.88	13
10.8	52.95	13
15.15	101.46	13
27.83	187.4	13
48.32	328.56	13
79.9	536.25	13
130.03	723.16	13
184.75	857.23	13
279.95	1004.76	13
468.69	1386.38	13
836.39	2045.06	13
1198.36	2702.61	13
1567.46	3469.11	13
1921.12	4151.81	13
2291.84	4875.11	13
2641.7	5470.98	13
2991.49	6006.65	13
3281.21	6450.99	13
0.27	0.29	13
0.31	0.28	13
0.38	0.39	13
0.61	0.62	13
0.94	1.0	13
1.8	1.7	13
2.66	3.28	13
3.52	6.32	13
3.21	12.37	13
4.42	24.38	13
8.19	46.45	13
11.29	89.51	13
20.57	157.51	13
32.97	274.01	13
55.13	430.25	13
84.88	524.01	13
117.39	595.82	13
166.76	673.32	13
265.15	827.92	13
466.51	1101.98	13
671.94	1389.09	13
859.03	1676.43	13
1065.29	1968.85	13
1281.99	2256.78	13
1458.01	2499.81	13
1666.09	2723.32	13
1852.48	2895.52	13
0.3	0.34	13
0.33	0.3	13
0.41	0.38	13
0.65	0.59	13
0.96	1.01	13
1.54	1.77	13
1.96	3.33	13
3.2	6.24	13
3.63	12.27	13
5.43	24.23	13
7.9	46.22	13
13.53	88.36	13
21.25	164.81	13
37.78	286.85	13
61.56	468.83	13
103.53	640.72	13
153.88	773.29	13
246.65	921.19	13
416.98	1256.43	13
748.53	1842.24	13
1068.39	2483.07	13
1396.48	3136.48	13
1743.08	3772.06	13
2042.28	4416.22	13
2352.49	4951.7	13
2666.26	5502.03	13
2960.91	5892.99	13
0.28	0.4	14
0.37	0.29	14
0.46	0.49	14
0.74	0.7	14
1.33	1.23	14
1.69	2.09	14
2.49	3.96	14
3.1	8.07	14
6.62	15.18	14
7.64	29.77	14
11.15	59.53	14
15.59	111.15	14
27.1	204.04	14
49.88	358.81	14
80.92	554.18	14
127.14	789.87	14
183.73	874.17	14
269.96	1025.93	14
445.43	1328.2	14
768.2	1785.01	14
1104.58	2237.17	14
1441.13	2763.55	14
1775.95	3298.08	14
2109.89	3777.5	14
2485.57	4140.46	14
2771.8	4440.73	14
3086.67	4783.75	14
0.31	0.35	14
0.36	0.32	14
0.46	0.47	14
0.68	0.69	14
1.09	1.21	14
2.08	2.2	14
3.63	4.1	14
3.36	7.73	14
6.2	16.14	14
6.43	31.25	14
9.96	58.99	14
14.62	112.05	14
26.78	202.39	14
43.37	333.95	14
74.69	518.99	14
113.84	676.8	14
151.73	770.53	14
213.63	904.58	14
328.14	1156.91	14
555.64	1619.74	14
787.22	2137.59	14
1010.22	2620.89	14
1228.67	3180.9	14
1421.6	3635.57	14
1679.51	4116.12	14
1842.6	4460.33	14
1980.28	4733.15	14
0.26	0.32	14
0.3	0.32	14
0.39	0.38	14
0.55	0.57	14
1.01	0.98	14
1.67	1.67	14
2.43	3.27	14
2.74	6.31	14
4.77	12.14	14
4.45	23.3	14
7.31	44.71	14
12.12	87.0	14
20.91	156.93	14
35.81	260.89	14
60.1	436.45	14
94.45	617.09	14
138.44	682.56	14
220.88	830.07	14
367.93	1038.5	14
657.41	1467.85	14
949.91	1923.98	14
1256.83	2300.21	14
1555.55	2756.74	14
1864.3	3214.42	14
2144.3	3573.85	14
2423.5	3862.79	14
2726.68	4117.11	14
0.28	0.32	14
0.32	0.33	14
0.45	0.49	14
0.61	0.62	14
1.13	1.13	14
2.01	2.06	14
3.36	4.18	14
2.49	7.82	14
4.17	14.87	14
6.36	29.45	14
9.28	57.16	14
13.94	105.22	14
25.41	187.62	14
42.37	321.22	14
67.28	504.47	14
102.68	656.9	14
142.76	732.97	14
195.78	851.83	14
306.36	1111.35	14
531.67	1564.67	14
741.22	2082.18	14
943.33	2539.73	14
1144.44	3098.4	14
1333.48	3541.14	14
1506.24	3998.02	14
1684.83	4328.36	14
1875.99	4630.25	14
0.31	0.37	15
0.4	0.36	15
0.43	0.45	15
0.65	0.62	15
1.01	1.17	15
1.97	2.0	15
2.66	3.62	15
3.53	7.04	15
4.33	13.87	15
6.36	26.5	15
9.07	52.4	15
12.97	99.94	15
24.42	183.72	15
40.48	298.55	15
68.21	469.19	15
104.87	606.95	15
146.05	696.61	15
204.01	814.86	15
313.88	1044.18	15
548.62	1491.01	15
766.97	1994.24	15
993.2	2433.81	15
1204.32	2870.38	15
1414.48	3336.86	15
1631.13	3742.1	15
1840.03	4107.15	15
2055.4	4394.92	15
0.27	0.37	15
0.35	0.34	15
0.44	0.45	15
0.63	0.69	15
0.96	1.12	15
1.66	1.97	15
3.01	3.69	15
4.53	7.18	15
5.44	13.76	15
5.82	26.67	15
9.17	51.78	15
15.98	99.6	15
28.37	184.03	15
44.63	314.06	15
77.33	504.88	15
122.37	703.81	15
177.09	780.42	15
262.71	897.93	15
430.92	1151.38	15
758.69	1607.77	15
1095.17	2118.75	15
1423.43	2579.03	15
1760.88	3053.38	15
2090.01	3511.15	15
2457.32	3901.36	15
2767.83	4208.95	15
3040.7	4524.13	15
0.28	0.28	15
0.29	0.3	15
0.37	0.42	15
0.6	0.59	15
0.85	1.0	15
1.76	1.69	15
2.65	3.27	15
3.42	6.38	15
2.82	12.0	15
4.74	23.68	15
7.35	46.14	15
10.3	86.43	15
19.74	159.22	15
31.97	265.46	15
53.9	410.48	15
81.15	515.55	15
113.6	629.38	15
173.12	707.55	15
268.77	933.75	15
474.4	1351.17	15
687.34	1812.69	15
876.66	2220.49	15
1070.34	2668.38	15
1267.25	3073.87	15
1469.51	3475.76	15
1643.67	3762.31	15
1849.5	4019.58	15
0.33	0.3	15
0.31	0.3	15
0.43	0.39	15
0.59	0.59	15
0.83	1.01	15
1.66	1.7	15
2.8	3.17	15
4.19	6.2	15
4.13	12.03	15
5.55	23.58	15
6.87	45.58	15
12.13	85.04	15
21.53	155.64	15
36.91	275.19	15
58.51	445.51	15
94.88	607.9	15
143.28	695.93	15
219.89	814.61	15
374.57	1044.75	15
664.33	1492.26	15
964.76	1899.25	15
1266.0	2328.84	15
1580.72	2787.28	15
1863.22	3179.3	15
2175.6	3601.76	15
2455.88	3904.3	15
2708.96	4111.49	15
0.27	0.27	16
0.3	0.3	16
0.46	0.46	16
0.63	0.67	16
1.11	1.07	16
2.0	1.89	16
2.95	3.85	16
2.86	7.34	16
4.48	14.2	16
6.32	27.24	16
11.27	54.62	16
16.81	103.32	16
28.64	187.55	16
48.09	320.86	16
79.48	523.63	16
125.44	726.2	16
181.92	856.13	16
273.84	998.11	16
452.06	1345.08	16
798.25	1967.99	16
1132.48	2584.29	16
1487.06	3207.64	16
1836.32	3828.64	16
2164.01	4460.47	16
2514.07	5004.94	16
2805.86	5497.45	16
3120.8	5935.14	16
0.26	0.34	16
0.38	0.32	16
0.44	0.45	16
0.66	0.64	16
1.11	1.08	16
1.96	2.19	16
2.48	3.83	16
3.85	6.99	16
5.16	14.35	16
6.01	28.21	16
8.08	54.24	16
16.13	101.92	16
24.63	182.1	16
42.21	311.03	16
71.56	480.4	16
109.33	605.38	16
147.9	677.26	16
200.2	746.36	16
310.09	922.89	16
519.14	1238.12	16
739.66	1499.81	16
949.98	1792.23	16
1168.41	2134.31	16
1370.47	2425.88	16
1595.46	2656.13	16
1802.58	2866.05	16
1972.55	2994.3	16
0.24	0.28	16
0.29	0.32	16
0.38	0.4	16
0.59	0.62	16
0.92	0.93	16
1.52	1.69	16
1.85	3.24	16
3.29	6.12	16
4.14	12.01	16
4.41	23.53	16
7.35	45.78	16
13.79	87.48	16
20.49	163.67	16
36.19	275.26	16
58.74	455.38	16
96.47	634.45	16
144.03	728.82	16
223.15	880.01	16
387.62	1162.52	16
688.79	1715.5	16
991.74	2261.6	16
1286.91	2822.58	16
1585.5	3395.2	16
1886.72	3984.79	16
2157.33	4458.59	16
2461.49	4892.37	16
2734.1	5292.8	16
0.26	0.31	16
0.36	0.31	16
0.44	0.36	16
0.66	0.65	16
0.95	1.09	16
1.88	2.03	16
3.1	3.7	16
4.13	7.18	16
4.79	13.38	16
6.38	26.88	16
7.57	51.66	16
14.65	96.69	16
24.27	179.56	16
38.15	300.84	16
62.86	454.32	16
95.59	570.97	16
131.32	637.6	16
182.65	723.15	16
285.56	868.96	16
485.73	1210.68	16
676.45	1490.59	16
881.3	1786.98	16
1086.51	2119.2	16
1288.44	2440.71	16
1496.37	2635.77	16
1696.76	2855.88	16
1864.24	2987.14	16
0.43	0.45	17
0.6	0.68	17
0.97	1.13	17
1.71	1.96	17
2.42	3.34	17
5.0	6.02	17
8.5	11.86	17
14.24	23.87	17
14.45	46.07	17
21.97	93.04	17
24.0	179.19	17
40.77	344.54	17
77.08	649.08	17
146.87	1194.42	17
270.59	2030.53	17
497.17	3036.65	17
870.77	3626.32	17
1337.6	3929.57	17
1785.1	4421.59	17
2474.33	5238.28	17
3126.42	5933.83	17
3761.77	6551.19	17
4410.09	7211.48	17
4992.65	7766.05	17
5595.68	8307.07	17
6212.89	8840.66	17
6641.19	9334.14	17
0.36	0.44	17
0.64	0.59	17
0.94	0.97	17
1.84	1.66	17
3.12	3.36	17
5.98	6.51	17
12.43	12.8	17
11.71	25.4	17
16.0	49.29	17
25.5	97.49	17
41.66	194.08	17
68.57	382.23	17
133.72	745.49	17
249.35	1434.95	17
462.64	2679.81	17
839.37	4816.22	17
1427.7	8000.33	17
2144.68	10640.36	17
2728.89	11575.94	17
3647.26	13155.16	17
4431.29	14350.59	17
5235.57	15552.03	17
6031.82	16593.61	17
6848.02	17680.7	17
7644.54	18594.24	17
8419.54	19513.69	17
9110.73	20206.39	17
0.35	0.43	17
0.46	0.54	17
0.81	0.87	17
1.48	1.38	17
2.76	2.66	17
4.95	5.17	17
7.57	10.24	17
4.7	19.42	17
10.89	38.55	17
9.83	77.36	17
24.87	145.28	17
35.21	284.84	17
58.65	528.69	17
116.62	967.35	17
214.37	1681.09	17
383.73	2520.45	17
670.25	2994.81	17
1039.38	3376.14	17
1410.59	3810.08	17
2015.64	4589.86	17
2622.22	5255.02	17
3205.05	5878.36	17
3782.54	6518.48	17
4442.42	7079.46	17
5017.3	7659.35	17
5527.16	8177.07	17
6018.26	8659.76	17
0.38	0.45	17
0.56	0.62	17
0.89	1.04	17
1.74	1.82	17
3.21	3.29	17
4.91	6.34	17
9.46	12.6	17
16.57	24.31	17
15.45	47.12	17
21.31	93.49	17
40.22	182.79	17
67.22	361.7	17
131.47	709.45	17
248.4	1364.46	17
442.9	2560.38	17
781.45	4560.07	17
1335.43	7583.27	17
1975.47	9973.64	17
2471.73	10924.32	17
3411.73	12684.06	17
4163.25	13930.8	17
4875.75	15030.0	17
5635.17	16114.58	17
6416.69	17089.24	17
7188.97	17939.9	17
7888.65	19130.96	17
8498.81	19970.98	17
0.29	0.42	18
0.47	0.55	18
0.74	0.79	18
1.45	1.4	18
2.69	2.52	18
4.16	4.93	18
4.36	9.76	18
7.87	19.0	18
8.0	38.19	18
17.49	74.37	18
27.73	145.83	18
51.71	287.67	18
94.88	561.75	18
175.59	1075.49	18
313.65	2027.23	18
560.96	3626.08	18
947.88	5931.26	18
1443.88	7866.19	18
1924.01	8735.9	18
2645.66	10001.44	18
3373.36	11043.97	18
4119.27	12072.88	18
4812.09	13044.45	18
5528.84	13855.4	18
6217.61	14617.08	18
6933.86	15454.33	18
7528.55	16041.74	18
0.46	0.51	18
0.68	0.6	18
0.91	0.91	18
1.72	1.85	18
3.03	3.29	18
6.16	6.07	18
6.82	11.65	18
16.21	22.92	18
11.6	46.38	18
18.6	88.4	18
28.11	176.52	18
46.74	334.91	18
75.76	656.44	18
144.39	1203.29	18
258.84	2038.89	18
497.27	3151.18	18
860.66	3774.38	18
1298.64	4149.81	18
1700.08	4650.36	18
2371.73	5520.1	18
2966.71	6285.2	18
3538.05	7019.67	18
4114.56	7655.84	18
4681.29	8322.0	18
5298.6	8840.58	18
5864.15	9575.33	18
6362.57	10069.67	18
