0.56	0.64	1
0.77	0.69	1
0.97	0.9	1
1.37	1.2	1
1.28	1.34	1
1.11	1.35	1
1.57	1.36	1
1.74	1.55	1
1.8	1.92	1
2.3	2.5	1
3.67	3.16	1
4.73	4.04	1
8.51	6.59	1
16.26	10.91	1
30.16	18.72	1
58.12	35.59	1
114.92	67.34	1
227.26	127.31	1
438.06	246.58	1
650.55	362.94	1
870.35	483.17	1
1068.93	600.17	1
1276.84	916.02	1
1487.87	831.56	1
1691.36	1204.79	1
1903.71	1068.11	1
0.63	0.62	1
0.92	0.8	1
1.04	1.25	1
1.67	1.2	1
1.37	1.28	1
1.44	1.6	1
1.82	1.48	1
2.39	2.39	1
2.79	3.14	1
4.67	4.64	1
6.17	8.17	1
11.47	14.72	1
18.0	26.57	1
33.46	53.49	1
60.04	104.85	1
116.66	207.67	1
230.3	409.89	1
459.51	819.68	1
893.64	1590.21	1
1325.93	2024.42	1
1784.27	3185.11	1
2260.92	4039.76	1
2729.73	4904.78	1
3206.26	5742.28	1
3681.54	6583.16	1
4134.82	7386.66	1
0.49	0.58	1
0.62	0.76	1
0.98	0.75	1
1.22	0.91	1
1.64	1.1	1
1.45	1.45	1
1.25	1.49	1
1.86	1.77	1
2.4	1.99	1
2.4	2.36	1
4.02	3.79	1
5.32	4.8	1
10.39	7.08	1
19.26	14.34	1
36.08	20.23	1
70.03	35.96	1
122.93	67.84	1
261.05	129.61	1
445.04	310.02	1
657.76	369.2	1
873.26	616.76	1
1083.99	601.42	1
1304.48	720.87	1
1518.25	829.64	1
1680.84	949.32	1
1938.28	1068.17	1
0.65	0.67	1
0.79	0.87	1
1.0	1.23	1
1.44	1.16	1
1.48	1.45	1
1.8	1.42	1
1.73	1.78	1
2.42	2.2	1
3.22	3.34	1
4.96	4.9	1
7.43	9.05	1
14.13	14.67	1
21.26	29.94	1
35.9	54.33	1
63.27	104.37	1
121.79	206.73	1
239.74	412.08	1
482.14	702.7	1
904.73	1593.82	1
1342.92	2366.64	1
1801.38	3189.84	1
2291.46	4049.53	1
2765.81	4887.45	1
3243.5	5740.2	1
3719.62	6586.35	1
4163.34	7395.59	1
0.63	0.58	2
0.92	0.81	2
1.1	0.98	2
1.33	1.13	2
1.51	1.43	2
1.48	1.55	2
1.52	2.01	2
1.75	1.94	2
2.37	2.42	2
2.92	2.87	2
4.5	4.15	2
7.82	6.76	2
13.84	10.62	2
24.49	21.75	2
48.08	36.46	2
93.44	69.24	2
182.11	136.52	2
356.96	268.77	2
693.1	587.06	2
1029.49	764.31	2
1369.45	1015.67	2
1708.3	1259.5	2
2030.81	1681.9	2
2363.79	1737.65	2
2681.33	2221.64	2
3012.27	2222.23	2
0.5	0.56	2
0.8	0.94	2
0.87	0.93	2
1.11	1.23	2
1.32	1.31	2
1.91	1.38	2
1.41	1.67	2
2.31	2.1	2
2.66	2.45	2
4.15	4.5	2
8.48	6.03	2
8.11	13.61	2
20.83	17.09	2
34.48	46.87	2
51.97	78.11	2
99.35	181.22	2
191.46	356.11	2
382.7	708.43	2
730.77	1369.99	2
1086.22	2036.68	2
1434.27	2694.69	2
1778.1	3353.76	2
2121.14	4005.48	2
2471.0	4654.42	2
2810.7	5323.93	2
3157.68	5960.76	2
0.49	0.54	2
0.77	0.76	2
1.03	0.97	2
1.15	1.18	2
1.23	1.21	2
1.22	1.41	2
1.52	1.42	2
1.68	1.86	2
2.21	2.27	2
2.98	3.18	2
5.17	4.63	2
7.66	6.62	2
14.39	11.24	2
25.92	18.97	2
50.38	34.89	2
93.58	66.47	2
174.26	126.52	2
371.03	251.16	2
666.18	484.95	2
997.92	721.65	2
1321.13	1098.66	2
1634.29	1180.15	2
1941.82	1409.48	2
2294.08	1653.89	2
2607.4	1879.97	2
2897.83	2105.89	2
0.55	0.55	2
0.94	0.95	2
1.44	0.9	2
1.69	1.22	2
1.07	1.43	2
1.37	1.11	2
1.47	1.79	2
1.95	1.97	2
3.2	2.99	2
5.46	4.32	2
7.76	8.03	2
13.07	13.52	2
22.21	24.32	2
37.59	49.13	2
52.67	93.42	2
101.45	179.76	2
201.48	357.94	2
402.45	708.27	2
766.19	1378.59	2
1124.4	2034.65	2
1496.03	2701.08	2
1834.86	3345.36	2
2178.11	4004.09	2
2512.48	4620.5	2
2826.63	4416.21	2
3136.0	5835.44	2
0.58	0.56	3
0.79	0.82	3
1.02	0.86	3
1.15	1.02	3
1.32	1.09	3
1.5	1.57	3
1.51	1.98	3
1.67	1.84	3
2.83	3.41	3
4.0	4.57	3
6.38	6.54	3
7.78	11.88	3
14.04	23.66	3
24.81	44.19	3
49.77	87.9	3
94.33	171.43	3
184.77	341.22	3
358.34	677.75	3
690.18	1311.94	3
1013.92	1941.59	3
1339.9	2570.22	3
1666.58	3193.17	3
1991.29	3823.88	3
2456.56	4631.75	3
2799.63	4461.42	3
3148.61	5948.28	3
0.72	0.55	3
0.83	0.82	3
0.97	1.09	3
1.21	1.09	3
1.44	2.0	3
1.47	1.36	3
1.35	1.69	3
2.31	1.83	3
1.92	2.59	3
3.09	2.55	3
4.39	4.03	3
7.36	6.41	3
13.23	10.31	3
24.68	20.03	3
47.9	37.2	3
94.4	69.45	3
180.81	135.34	3
359.61	268.27	3
698.88	520.75	3
1039.56	774.93	3
1378.21	1021.93	3
1759.45	1283.53	3
2087.83	1739.9	3
2427.42	2297.14	3
2783.97	2075.39	3
3145.96	2356.76	3
0.48	0.52	3
0.68	0.69	3
0.94	0.94	3
0.99	1.05	3
1.44	0.92	3
1.13	1.38	3
1.69	1.55	3
2.08	1.74	3
2.85	2.66	3
3.99	4.25	3
5.74	6.58	3
7.51	12.75	3
16.55	22.52	3
24.84	42.04	3
46.0	81.49	3
85.42	158.06	3
166.31	310.89	3
327.14	520.54	3
627.62	1203.03	3
931.66	1491.85	3
1213.88	1978.34	3
1518.18	2935.01	3
1819.96	3519.43	3
2122.02	4100.75	3
2411.24	4675.08	3
2705.15	5258.44	3
0.52	0.52	3
0.77	0.8	3
1.07	0.93	3
1.24	1.11	3
1.37	1.4	3
1.46	1.32	3
1.51	1.49	3
1.93	1.63	3
2.4	2.13	3
3.38	3.39	3
5.02	4.25	3
7.06	7.05	3
12.78	10.9	3
26.36	19.58	3
50.43	34.41	3
96.3	65.95	3
181.2	127.07	3
345.19	249.92	3
708.34	481.49	3
986.36	711.84	3
1311.97	1072.93	3
1631.65	1179.67	3
1944.11	1421.46	3
2299.53	1645.63	3
2602.79	1882.38	3
2907.97	2379.79	3
0.59	0.69	4
0.95	0.89	4
1.03	1.18	4
1.61	1.44	4
1.53	1.47	4
1.47	1.49	4
1.77	1.99	4
2.05	2.28	4
3.33	3.42	4
4.52	4.92	4
8.32	8.67	4
10.47	15.66	4
20.16	28.26	4
39.45	54.94	4
62.15	107.42	4
121.5	211.12	4
235.66	419.59	4
465.42	833.53	4
903.25	1614.79	4
1338.24	2400.41	4
1770.78	3172.78	4
2205.77	3944.38	4
2635.71	4725.23	4
3060.98	5496.23	4
3490.0	6281.04	4
3923.6	7051.75	4
0.63	0.55	4
0.84	0.72	4
0.93	0.98	4
1.27	1.32	4
1.6	0.84	4
1.65	1.47	4
1.64	1.57	4
1.75	1.46	4
1.79	1.79	4
2.27	2.17	4
3.18	3.25	4
5.48	4.01	4
8.66	6.16	4
15.77	10.69	4
30.88	19.44	4
59.05	35.04	4
112.71	65.86	4
223.69	127.44	4
439.21	374.94	4
649.38	365.87	4
855.13	483.71	4
1063.87	761.3	4
1280.45	908.32	4
1499.72	846.71	4
1699.57	948.34	4
1895.48	1065.43	4
0.5	0.52	4
0.72	0.76	4
0.91	1.02	4
1.2	1.23	4
1.41	1.15	4
1.24	1.29	4
1.6	1.57	4
2.06	2.23	4
3.05	2.96	4
4.35	4.94	4
6.34	8.4	4
9.95	13.65	4
16.85	21.19	4
32.82	48.4	4
58.37	94.42	4
111.97	186.5	4
209.91	369.67	4
411.49	734.81	4
781.08	1415.46	4
1145.69	2098.37	4
1538.96	2785.56	4
1913.23	3465.86	4
2262.19	4156.82	4
2642.44	4840.36	4
2978.7	5513.9	4
3361.04	6208.7	4
0.5	0.6	4
0.7	0.68	4
0.98	0.92	4
1.3	1.05	4
1.1	1.38	4
1.11	1.53	4
1.27	1.6	4
1.62	2.03	4
2.02	1.82	4
2.71	3.15	4
3.82	4.1	4
5.99	4.64	4
10.77	7.75	4
17.99	11.43	4
38.52	20.17	4
65.53	36.07	4
140.27	66.61	4
224.68	170.96	4
468.74	250.15	4
664.34	368.18	4
883.14	483.09	4
1092.8	597.2	4
1261.12	718.49	4
1491.55	833.41	4
1698.86	942.67	4
1935.52	1074.0	4
0.38	0.44	5
0.53	0.57	5
0.84	0.87	5
1.53	1.14	5
2.64	2.29	5
2.18	3.11	5
3.02	4.27	5
3.43	4.36	5
4.69	4.72	5
5.69	6.43	5
11.25	11.4	5
17.97	17.79	5
32.55	35.49	5
64.78	64.29	5
120.03	120.7	5
216.43	217.22	5
372.09	373.72	5
632.06	627.78	5
863.75	870.09	5
1117.59	1119.72	5
1355.26	1355.88	5
1582.43	1582.29	5
1839.56	1793.32	5
2031.71	1980.92	5
2258.71	2191.53	5
0.44	0.36	5
0.61	0.56	5
0.75	0.89	5
1.53	1.36	5
2.38	2.17	5
2.57	1.97	5
3.58	4.33	5
6.12	5.71	5
8.5	9.26	5
15.13	14.73	5
28.03	27.8	5
52.2	53.27	5
100.16	100.26	5
186.17	185.84	5
325.85	329.35	5
535.59	538.78	5
796.49	796.3	5
1206.75	1210.3	5
1598.01	1595.48	5
1972.59	1965.27	5
2335.45	2355.61	5
2701.81	2776.43	5
3060.31	3126.35	5
3409.13	3554.41	5
3748.91	3921.06	5
0.36	0.38	5
0.52	0.48	5
0.76	0.76	5
1.33	1.34	5
1.74	1.87	5
2.21	1.77	5
2.7	3.57	5
3.17	4.05	5
3.85	4.97	5
5.97	5.96	5
8.94	9.99	5
16.53	16.12	5
28.38	29.32	5
53.52	53.39	5
99.92	99.24	5
177.41	180.01	5
308.56	310.65	5
540.41	542.35	5
768.66	775.77	5
1005.26	991.62	5
1219.62	1243.38	5
1453.47	1482.24	5
1667.74	1697.88	5
1903.17	1898.5	5
2111.42	2102.86	5
0.41	0.38	5
0.54	0.51	5
0.82	0.87	5
1.3	1.43	5
2.08	2.68	5
2.77	2.38	5
3.57	4.6	5
6.48	4.9	5
8.15	8.28	5
15.04	16.33	5
29.32	26.77	5
52.15	52.2	5
98.26	98.27	5
180.24	180.52	5
311.83	313.15	5
514.39	506.48	5
743.78	746.12	5
1135.67	1129.78	5
1512.28	1511.44	5
1880.93	1900.17	5
2228.09	2269.58	5
2582.49	2668.53	5
2915.42	3009.48	5
3227.55	3429.63	5
3545.22	3772.68	5
0.39	0.4	6
0.58	0.58	6
0.83	0.88	6
1.42	1.32	6
2.42	1.7	6
2.84	2.98	6
3.23	4.08	6
6.21	5.15	6
8.77	9.26	6
16.33	15.53	6
29.1	28.11	6
53.58	53.16	6
100.87	101.39	6
186.78	188.68	6
339.81	336.66	6
555.66	556.12	6
819.79	820.91	6
1211.12	1207.53	6
1593.62	1592.53	6
1963.21	1961.7	6
2323.05	2343.93	6
2756.78	2761.64	6
3130.02	3120.44	6
3483.09	3459.67	6
3829.49	3794.39	6
0.39	0.45	6
0.53	0.5	6
0.94	0.92	6
1.48	1.21	6
2.59	1.73	6
2.21	2.5	6
3.4	2.77	6
3.69	3.84	6
5.5	4.65	6
7.09	6.48	6
11.76	11.24	6
18.88	19.77	6
35.42	34.8	6
68.55	67.48	6
125.97	127.08	6
227.15	227.92	6
384.36	384.78	6
640.43	647.13	6
879.33	879.59	6
1117.73	1095.63	6
1348.66	1332.57	6
1582.3	1567.54	6
1818.42	1789.17	6
2041.4	2040.15	6
2301.83	2278.08	6
0.39	0.4	6
0.49	0.47	6
0.69	0.68	6
1.06	1.29	6
2.14	2.15	6
2.6	2.29	6
3.0	3.47	6
4.35	4.17	6
7.6	7.1	6
11.72	12.01	6
20.49	20.2	6
38.64	38.84	6
70.93	73.38	6
131.07	128.0	6
232.24	233.16	6
392.0	392.82	6
608.92	607.22	6
945.98	942.93	6
1290.72	1292.17	6
1629.77	1633.65	6
1972.16	1951.49	6
2328.26	2319.86	6
2639.83	2652.67	6
2972.02	2970.73	6
3279.49	3285.16	6
0.4	0.45	6
0.51	0.52	6
0.84	0.93	6
1.36	1.45	6
2.22	2.08	6
2.25	3.45	6
3.53	2.13	6
3.11	3.44	6
4.88	4.18	6
6.45	7.24	6
10.92	9.76	6
17.09	17.69	6
32.16	32.94	6
60.32	57.83	6
108.4	109.54	6
189.76	188.54	6
325.59	330.59	6
566.83	563.14	6
798.66	795.72	6
1025.07	1025.39	6
1256.36	1250.95	6
1484.68	1475.79	6
1717.78	1716.59	6
1926.56	1946.44	6
2135.21	2184.9	6
0.43	0.38	7
0.51	0.54	7
0.82	0.82	7
1.47	1.51	7
2.11	2.23	7
1.9	3.06	7
1.96	2.95	7
3.9	3.44	7
3.37	4.1	7
6.52	5.87	7
10.37	10.26	7
17.83	19.03	7
33.88	34.26	7
62.32	65.68	7
118.05	119.43	7
216.72	219.44	7
373.92	373.7	7
624.04	625.59	7
870.23	866.64	7
1106.62	1083.13	7
1337.34	1315.83	7
1564.88	1543.39	7
1796.7	1787.38	7
2039.91	2016.68	7
2256.54	2273.55	7
0.36	0.42	7
0.5	0.64	7
0.89	0.74	7
1.49	1.26	7
2.56	2.25	7
1.74	1.76	7
2.76	2.83	7
4.8	4.91	7
7.96	7.61	7
15.6	14.68	7
27.33	26.3	7
51.42	49.62	7
95.74	97.84	7
176.74	178.69	7
315.87	316.51	7
533.39	534.79	7
778.34	784.06	7
1179.78	1193.74	7
1561.36	1568.96	7
1928.13	1934.5	7
2289.11	2308.78	7
2677.31	2649.93	7
3019.31	3025.04	7
3371.64	3368.56	7
3709.08	3694.31	7
0.39	0.4	7
0.51	0.46	7
0.77	0.71	7
1.34	1.32	7
2.27	2.22	7
2.4	2.56	7
3.17	3.0	7
3.32	3.21	7
4.7	4.54	7
5.94	6.57	7
9.03	9.75	7
15.84	16.59	7
29.11	29.07	7
52.53	52.78	7
99.19	98.34	7
178.14	178.56	7
309.27	314.19	7
541.69	541.44	7
774.19	777.97	7
1001.05	990.42	7
1225.84	1216.77	7
1443.59	1450.46	7
1662.84	1692.77	7
1887.74	1919.81	7
2101.78	2169.0	7
0.38	0.39	7
0.48	0.49	7
0.72	0.77	7
1.08	1.24	7
2.16	1.97	7
2.87	2.92	7
3.14	2.93	7
4.77	5.21	7
6.91	6.55	7
12.46	12.79	7
22.03	23.01	7
42.86	41.95	7
78.11	79.01	7
145.61	145.87	7
257.71	259.64	7
427.86	432.39	7
650.86	647.91	7
1003.92	1001.91	7
1355.95	1342.56	7
1690.31	1691.21	7
2050.04	2044.06	7
2384.95	2411.91	7
2712.77	2748.49	7
3089.8	3078.98	7
3390.11	3406.91	7
0.4	0.41	8
0.57	0.53	8
0.78	0.88	8
1.21	1.35	8
2.34	1.69	8
2.66	2.72	8
4.1	2.93	8
4.86	4.56	8
9.34	8.31	8
15.6	15.96	8
29.14	28.74	8
53.43	52.1	8
100.79	101.37	8
185.06	184.32	8
329.51	332.04	8
549.25	548.71	8
816.09	821.49	8
1235.23	1231.53	8
1620.33	1624.15	8
2044.48	1996.9	8
2425.47	2444.39	8
2797.47	2851.78	8
3177.39	3255.2	8
3541.09	3658.37	8
3886.95	4053.16	8
0.44	0.44	8
0.54	0.6	8
0.95	0.79	8
1.22	1.31	8
1.72	2.16	8
3.43	2.69	8
3.11	3.93	8
3.91	3.4	8
3.78	4.32	8
6.82	7.57	8
10.59	11.25	8
19.91	19.57	8
35.26	35.07	8
66.14	67.85	8
127.31	126.9	8
222.06	226.72	8
382.21	385.46	8
634.22	639.16	8
880.31	881.57	8
1123.72	1120.71	8
1362.03	1364.45	8
1590.09	1564.56	8
1827.35	1791.08	8
2053.95	1969.3	8
2248.91	2162.65	8
0.34	0.36	8
0.5	0.52	8
0.74	0.66	8
1.13	1.21	8
1.48	2.15	8
2.91	2.86	8
3.37	4.05	8
3.46	4.49	8
7.16	7.08	8
11.1	12.63	8
19.83	19.53	8
37.79	37.63	8
71.11	71.78	8
130.61	128.53	8
232.2	229.78	8
392.9	390.72	8
609.27	609.76	8
973.51	968.85	8
1313.27	1321.95	8
1668.53	1665.9	8
1995.82	2025.05	8
2330.47	2373.02	8
2682.16	2759.66	8
2993.14	3129.55	8
3314.69	3506.13	8
0.36	0.36	8
0.5	0.59	8
0.83	0.76	8
1.31	1.29	8
2.33	1.87	8
3.32	2.5	8
2.62	2.31	8
3.48	2.98	8
4.57	4.53	8
6.27	5.73	8
8.93	9.54	8
15.34	14.94	8
28.3	28.67	8
51.24	53.05	8
95.25	94.43	8
174.67	176.39	8
309.34	313.5	8
537.73	534.1	8
771.74	770.52	8
993.77	998.7	8
1223.06	1230.07	8
1457.55	1471.1	8
1675.83	1666.23	8
1909.17	1883.75	8
2137.44	2080.8	8
0.29	0.34	9
0.35	0.28	9
0.28	0.27	9
0.25	0.36	9
0.34	0.35	9
0.38	0.4	9
0.43	0.43	9
0.46	0.44	9
0.41	0.54	9
0.56	0.61	9
0.62	0.59	9
0.85	0.93	9
1.15	1.19	9
1.97	1.91	9
2.85	2.6	9
5.0	4.69	9
7.81	7.9	9
14.75	14.95	9
28.69	25.76	9
56.09	49.43	9
106.66	94.49	9
199.91	174.57	9
294.42	271.99	9
393.28	359.31	9
483.48	433.73	9
590.38	524.3	9
687.26	619.94	9
773.73	705.12	9
881.32	778.59	9
0.31	0.28	9
0.3	0.39	9
0.32	0.31	9
0.3	0.38	9
0.33	0.29	9
0.36	0.34	9
0.4	0.4	9
0.39	0.45	9
0.5	0.55	9
0.68	0.66	9
0.9	1.06	9
1.37	1.99	9
2.52	3.91	9
5.93	6.17	9
9.45	12.65	9
19.88	26.38	9
40.34	53.01	9
66.23	106.12	9
185.19	212.98	9
312.79	423.11	9
621.29	827.41	9
1030.71	1630.8	9
1565.02	2434.69	9
1991.56	3209.2	9
2620.7	3888.4	9
2899.91	4632.29	9
3601.84	5402.66	9
4104.43	6311.48	9
4423.99	6996.57	9
0.26	0.26	9
0.27	0.26	9
0.27	0.23	9
0.28	0.28	9
0.28	0.28	9
0.3	0.27	9
0.31	0.35	9
0.41	0.34	9
0.42	0.3	9
0.57	0.56	9
0.63	0.74	9
0.87	1.04	9
1.23	1.25	9
1.97	2.32	9
3.37	3.0	9
5.65	5.08	9
7.93	10.44	9
16.34	17.38	9
34.29	32.91	9
49.97	80.75	9
99.93	99.46	9
240.46	237.17	9
323.09	371.11	9
383.09	457.39	9
456.4	558.53	9
584.55	642.68	9
662.37	574.15	9
784.46	897.55	9
825.68	924.82	9
0.32	0.27	9
0.28	0.26	9
0.32	0.3	9
0.3	0.32	9
0.31	0.32	9
0.36	0.39	9
0.31	0.35	9
0.43	0.45	9
0.52	0.5	9
0.79	0.72	9
0.85	1.22	9
1.86	1.88	9
2.7	3.01	9
4.72	6.24	9
11.48	13.36	9
21.1	28.03	9
50.95	55.42	9
84.33	114.81	9
237.22	222.1	9
274.04	431.77	9
541.96	891.52	9
1069.45	1691.18	9
1576.47	2622.58	9
2181.43	3290.92	9
3160.1	4099.59	9
3045.61	4954.68	9
3512.32	5620.54	9
4004.86	6630.73	9
4528.21	7525.4	9
0.3	0.28	10
0.3	0.31	10
0.3	0.34	10
0.25	0.3	10
0.29	0.26	10
0.34	0.35	10
0.39	0.34	10
0.35	0.34	10
0.49	0.37	10
0.54	0.52	10
0.66	0.69	10
1.16	1.09	10
1.88	1.53	10
2.81	2.6	10
4.34	4.69	10
8.39	8.24	10
17.08	16.19	10
32.14	31.02	10
62.6	60.23	10
120.06	117.16	10
242.13	234.07	10
473.89	448.65	10
703.86	672.56	10
933.18	905.84	10
1162.53	1100.54	10
1389.75	1327.7	10
1619.83	1534.81	10
1849.03	1788.28	10
2089.96	1990.34	10
0.27	0.25	10
0.21	0.28	10
0.31	0.33	10
0.34	0.26	10
0.35	0.32	10
0.4	0.29	10
0.35	0.32	10
0.42	0.38	10
0.54	0.54	10
0.78	0.73	10
1.14	1.09	10
1.71	1.34	10
2.53	2.97	10
3.83	5.82	10
8.85	10.38	10
13.15	21.59	10
36.61	42.51	10
51.16	85.35	10
145.73	169.51	10
291.97	335.46	10
491.02	674.8	10
794.75	1311.57	10
1242.27	1916.48	10
1526.77	2520.44	10
1878.0	3175.6	10
2337.18	3720.91	10
2592.6	4365.09	10
3059.88	4926.28	10
3498.25	5531.93	10
0.25	0.25	10
0.3	0.23	10
0.23	0.23	10
0.25	0.26	10
0.26	0.24	10
0.28	0.3	10
0.26	0.29	10
0.37	0.35	10
0.39	0.33	10
0.6	0.53	10
0.63	0.69	10
1.12	1.11	10
1.62	1.75	10
2.87	2.77	10
4.61	4.65	10
8.9	10.73	10
16.48	19.6	10
31.45	33.67	10
66.34	60.54	10
136.45	120.87	10
238.11	223.7	10
438.91	487.24	10
632.52	676.31	10
858.87	968.49	10
1051.63	1091.37	10
1288.89	1331.33	10
1532.93	1461.28	10
1675.7	1746.14	10
1914.65	1873.21	10
0.27	0.25	10
0.27	0.24	10
0.27	0.26	10
0.32	0.26	10
0.28	0.28	10
0.36	0.29	10
0.35	0.34	10
0.36	0.37	10
0.57	0.44	10
0.75	0.75	10
0.88	0.97	10
1.76	2.31	10
2.03	3.19	10
5.84	5.59	10
7.02	12.1	10
17.46	22.18	10
27.4	46.92	10
70.25	87.9	10
107.68	178.21	10
216.38	349.01	10
428.03	705.86	10
821.75	1387.95	10
1412.61	2028.55	10
1631.95	2623.59	10
2047.87	3383.83	10
2366.26	3861.88	10
2638.19	4673.88	10
3082.62	5113.82	10
3551.85	5704.84	10
0.27	0.26	11
0.27	0.26	11
0.26	0.27	11
0.3	0.27	11
0.27	0.31	11
0.32	0.33	11
0.33	0.35	11
0.38	0.38	11
0.46	0.51	11
0.64	0.62	11
0.92	1.08	11
1.41	2.14	11
1.93	2.35	11
3.66	5.58	11
7.92	9.69	11
12.05	20.56	11
37.75	43.85	11
50.26	83.97	11
99.13	166.86	11
197.25	333.52	11
480.67	661.95	11
772.97	1272.27	11
1174.48	1911.79	11
1502.91	2576.23	11
2078.35	3127.78	11
2324.76	3743.58	11
2633.16	4392.01	11
3020.23	5025.01	11
3378.96	5623.49	11
0.27	0.27	11
0.27	0.24	11
0.29	0.28	11
0.33	0.27	11
0.33	0.28	11
0.29	0.28	11
0.34	0.37	11
0.44	0.27	11
0.47	0.43	11
0.55	0.57	11
0.68	0.75	11
1.14	1.03	11
1.57	1.49	11
2.59	2.47	11
4.78	4.4	11
8.54	8.34	11
16.51	16.4	11
31.58	30.68	11
63.2	60.1	11
122.2	115.88	11
240.38	225.42	11
460.63	453.12	11
689.05	665.47	11
918.52	879.55	11
1151.97	1107.06	11
1354.44	1301.4	11
1575.58	1492.1	11
1797.38	1712.72	11
2020.59	1935.93	11
0.24	0.25	11
0.23	0.24	11
0.27	0.25	11
0.23	0.25	11
0.3	0.26	11
0.28	0.29	11
0.32	0.26	11
0.34	0.34	11
0.5	0.47	11
0.57	0.68	11
0.97	0.9	11
1.05	1.83	11
2.04	3.16	11
2.86	4.79	11
5.42	9.6	11
10.92	19.28	11
23.47	39.49	11
46.72	77.97	11
140.63	165.17	11
228.25	326.52	11
467.42	601.63	11
694.84	1227.89	11
1090.55	1822.09	11
1506.82	2499.2	11
1650.85	2972.13	11
2205.74	3610.95	11
2299.1	4307.61	11
2679.16	4770.68	11
3088.74	5268.31	11
0.25	0.24	11
0.27	0.29	11
0.29	0.28	11
0.32	0.26	11
0.22	0.29	11
0.32	0.28	11
0.31	0.35	11
0.42	0.37	11
0.39	0.44	11
0.55	0.66	11
0.8	0.79	11
1.13	1.13	11
1.63	1.78	11
2.86	3.01	11
4.25	4.74	11
9.26	9.49	11
18.53	19.09	11
36.73	33.46	11
64.54	63.11	11
131.38	119.93	11
247.1	240.83	11
490.91	477.9	11
705.62	662.18	11
906.73	885.95	11
1154.82	1178.98	11
1324.49	1386.27	11
1518.75	1647.79	11
1782.26	1815.73	11
2079.28	1932.4	11
0.32	0.27	12
0.24	0.27	12
0.26	0.25	12
0.27	0.29	12
0.33	0.25	12
0.27	0.27	12
0.43	0.32	12
0.33	0.41	12
0.42	0.47	12
0.6	0.65	12
1.14	1.06	12
1.12	1.88	12
2.31	2.99	12
4.86	6.62	12
9.42	11.86	12
14.78	24.3	12
36.91	49.5	12
60.73	98.25	12
144.15	194.53	12
288.34	385.51	12
577.13	772.64	12
939.54	1520.2	12
1669.79	2251.14	12
1849.06	2968.24	12
2757.25	3664.68	12
2754.46	4388.73	12
3394.34	5136.63	12
4217.69	5827.56	12
4145.52	6605.02	12
0.24	0.27	12
0.25	0.27	12
0.25	0.3	12
0.31	0.25	12
0.28	0.28	12
0.34	0.31	12
0.4	0.35	12
0.38	0.35	12
0.46	0.39	12
0.52	0.53	12
0.68	0.58	12
0.84	0.82	12
1.05	1.21	12
1.83	1.78	12
2.72	2.58	12
4.95	4.72	12
8.41	7.72	12
15.49	14.21	12
28.29	26.04	12
53.15	49.2	12
106.3	97.66	12
196.93	174.58	12
290.83	266.82	12
397.35	358.56	12
490.71	443.6	12
556.5	504.96	12
682.56	603.54	12
777.96	707.84	12
862.94	775.39	12
0.23	0.24	12
0.25	0.21	12
0.24	0.22	12
0.27	0.22	12
0.24	0.22	12
0.26	0.27	12
0.29	0.27	12
0.33	0.32	12
0.45	0.43	12
0.57	0.5	12
1.01	1.01	12
1.07	1.64	12
2.23	3.23	12
5.94	5.94	12
8.88	12.4	12
21.24	23.82	12
34.44	47.11	12
59.3	92.35	12
140.71	193.61	12
228.86	367.52	12
548.43	770.68	12
890.12	1426.87	12
1665.63	2151.52	12
1730.45	2926.6	12
2153.08	3479.41	12
2550.77	4226.56	12
3074.57	4846.13	12
3587.36	5762.14	12
3840.93	6439.36	12
0.26	0.27	12
0.26	0.26	12
0.28	0.26	12
0.22	0.28	12
0.32	0.34	12
0.33	0.32	12
0.34	0.34	12
0.36	0.34	12
0.42	0.45	12
0.58	0.58	12
0.66	0.67	12
0.98	1.1	12
1.14	1.27	12
2.03	2.24	12
2.76	2.91	12
6.48	5.89	12
9.02	11.9	12
17.39	18.6	12
32.49	33.39	12
54.07	73.18	12
121.77	101.05	12
225.51	224.91	12
323.49	317.51	12
470.74	417.48	12
534.51	541.54	12
588.66	717.53	12
672.75	801.17	12
787.27	906.91	12
862.5	1022.1	12
0.33	0.27	13
0.32	0.35	13
0.48	0.43	13
0.64	0.59	13
1.08	1.1	13
1.94	1.68	13
2.64	3.3	13
4.7	3.31	13
3.4	4.04	13
6.8	5.48	13
9.19	7.74	13
13.71	15.1	13
23.03	23.21	13
41.44	41.71	13
70.37	70.22	13
104.55	106.86	13
144.29	144.64	13
200.42	203.72	13
307.17	314.72	13
510.71	519.5	13
728.78	735.85	13
945.3	946.72	13
1162.19	1161.24	13
1388.44	1375.65	13
1576.63	1596.63	13
1782.23	1813.2	13
1970.53	1973.51	13
0.27	0.29	13
0.33	0.35	13
0.45	0.47	13
0.62	0.64	13
1.05	1.12	13
1.33	1.86	13
2.05	3.24	13
3.34	4.48	13
4.65	3.61	13
5.54	6.14	13
9.56	10.82	13
15.14	13.32	13
24.73	27.66	13
47.74	46.56	13
79.47	79.03	13
126.95	129.58	13
185.95	182.89	13
278.21	283.24	13
471.31	471.5	13
844.49	880.68	13
1219.23	1272.36	13
1557.31	1660.59	13
1929.64	2020.46	13
2282.43	2394.59	13
2660.89	2717.84	13
2970.6	3056.56	13
3289.48	3377.74	13
0.25	0.24	13
0.31	0.29	13
0.39	0.39	13
0.56	0.6	13
0.89	0.95	13
1.77	1.72	13
2.32	2.28	13
4.61	2.75	13
4.05	3.76	13
4.0	5.24	13
7.42	6.8	13
12.64	11.55	13
18.53	19.03	13
33.78	32.63	13
52.61	56.36	13
84.64	84.6	13
113.45	114.94	13
171.42	162.5	13
270.39	269.18	13
473.06	462.41	13
652.96	663.46	13
859.21	885.55	13
1076.67	1071.41	13
1264.66	1277.65	13
1450.15	1483.17	13
1651.93	1665.38	13
1840.87	1838.93	13
0.27	0.28	13
0.3	0.32	13
0.42	0.39	13
0.62	0.64	13
0.99	0.95	13
1.68	1.21	13
2.81	1.99	13
2.55	3.04	13
4.07	3.77	13
4.75	4.88	13
8.85	8.15	13
12.32	11.75	13
22.02	21.41	13
36.81	37.38	13
63.5	63.76	13
104.1	102.93	13
153.3	155.46	13
239.4	243.65	13
417.57	420.8	13
751.97	795.04	13
1089.25	1167.06	13
1417.36	1487.91	13
1729.17	1821.32	13
2054.26	2134.91	13
2372.63	2459.11	13
2677.96	2782.13	13
2965.33	3022.99	13
0.27	0.31	14
0.38	0.33	14
0.45	0.49	14
0.71	0.73	14
1.16	1.17	14
2.12	2.15	14
4.08	2.57	14
5.11	5.02	14
5.48	4.63	14
6.04	6.46	14
11.48	9.58	14
16.9	15.7	14
27.31	28.27	14
49.05	47.62	14
81.17	81.54	14
132.29	128.76	14
188.43	181.58	14
268.45	268.73	14
442.54	446.37	14
771.38	767.92	14
1101.33	1108.71	14
1447.59	1457.03	14
1791.79	1784.17	14
2128.77	2120.28	14
2437.28	2465.85	14
2759.71	2774.15	14
3069.93	3098.02	14
0.27	0.34	14
0.36	0.38	14
0.47	0.48	14
0.64	0.7	14
1.1	1.28	14
2.09	2.2	14
3.73	3.23	14
4.85	4.51	14
5.21	4.74	14
7.43	6.29	14
9.12	7.66	14
16.78	15.19	14
26.44	25.3	14
43.06	43.63	14
71.73	70.39	14
110.83	112.73	14
150.89	150.57	14
212.21	212.94	14
326.82	331.58	14
554.89	596.56	14
787.07	875.81	14
1000.84	1100.14	14
1226.97	1320.46	14
1445.78	1545.47	14
1635.72	1720.39	14
1852.78	1955.61	14
2024.22	2136.24	14
0.25	0.28	14
0.29	0.29	14
0.38	0.38	14
0.57	0.58	14
0.95	0.95	14
1.41	1.71	14
2.44	1.61	14
4.02	3.02	14
3.47	3.92	14
4.3	4.82	14
7.92	7.98	14
11.79	13.12	14
21.69	22.07	14
36.15	35.8	14
61.37	59.74	14
93.58	96.37	14
138.53	142.35	14
220.16	216.71	14
384.25	373.4	14
679.99	662.17	14
970.99	973.56	14
1277.96	1255.07	14
1570.0	1556.39	14
1860.0	1870.77	14
2162.39	2146.95	14
2441.26	2438.78	14
2733.38	2753.72	14
0.27	0.26	14
0.31	0.37	14
0.46	0.41	14
0.66	0.65	14
1.17	1.09	14
2.16	1.95	14
2.53	2.54	14
5.37	5.61	14
4.65	5.49	14
5.58	6.27	14
9.3	10.22	14
14.28	14.62	14
24.14	23.67	14
40.43	41.41	14
68.59	66.57	14
103.77	103.24	14
140.48	142.94	14
198.45	195.09	14
306.9	318.93	14
524.28	566.2	14
750.78	853.06	14
948.28	1071.52	14
1151.82	1245.78	14
1336.97	1443.5	14
1520.48	1653.58	14
1700.64	1812.06	14
1843.47	1973.75	14
0.26	0.3	15
0.4	0.34	15
0.46	0.45	15
0.67	0.69	15
1.09	0.9	15
1.97	1.69	15
3.08	2.71	15
2.64	3.21	15
3.81	3.61	15
5.67	5.32	15
9.12	8.93	15
13.95	14.17	15
24.83	23.77	15
42.96	41.22	15
67.09	67.21	15
103.84	104.77	15
147.61	145.62	15
201.87	207.08	15
311.72	319.43	15
531.46	575.63	15
757.84	829.98	15
984.47	1033.13	15
1195.3	1263.68	15
1423.15	1494.64	15
1632.75	1695.41	15
1869.03	1874.69	15
2014.77	2090.47	15
0.27	0.27	15
0.32	0.32	15
0.43	0.46	15
0.67	0.61	15
1.05	0.89	15
1.82	1.53	15
2.86	2.26	15
4.02	4.22	15
5.34	5.45	15
7.03	7.64	15
9.56	9.47	15
15.61	15.52	15
24.8	26.08	15
44.68	49.22	15
79.36	75.85	15
122.58	119.44	15
175.09	174.73	15
261.24	261.62	15
433.87	434.19	15
765.65	771.99	15
1097.17	1103.46	15
1423.01	1457.19	15
1782.98	1775.22	15
2102.53	2131.15	15
2447.43	2421.3	15
2750.69	2765.98	15
3056.29	3088.91	15
0.25	0.25	15
0.28	0.29	15
0.43	0.4	15
0.56	0.6	15
0.95	0.92	15
1.51	1.78	15
2.96	2.63	15
3.17	4.14	15
5.16	4.1	15
4.91	5.98	15
6.47	8.32	15
10.85	11.55	15
18.4	19.78	15
31.58	33.46	15
52.56	53.64	15
83.22	82.89	15
115.99	114.88	15
170.83	167.39	15
268.98	282.54	15
479.4	514.05	15
677.33	753.14	15
880.29	950.65	15
1067.6	1152.01	15
1281.85	1340.88	15
1440.21	1536.25	15
1638.85	1708.96	15
1813.15	1888.79	15
0.25	0.28	15
0.3	0.3	15
0.44	0.39	15
0.58	0.59	15
0.79	0.96	15
1.33	1.65	15
2.92	2.09	15
3.34	2.48	15
3.41	4.02	15
4.96	5.95	15
7.31	8.31	15
12.57	11.63	15
21.32	22.48	15
36.19	35.73	15
61.63	61.15	15
96.23	93.44	15
142.97	143.65	15
220.73	221.52	15
371.82	374.17	15
677.09	669.79	15
959.29	967.79	15
1287.05	1277.3	15
1571.23	1581.55	15
1880.66	1866.27	15
2180.34	2198.09	15
2426.86	2465.34	15
2752.33	2735.04	15
0.27	0.28	16
0.37	0.32	16
0.42	0.5	16
0.65	0.67	16
1.17	1.09	16
1.98	1.79	16
2.44	3.6	16
3.02	5.23	16
5.9	4.27	16
6.24	5.47	16
10.12	9.25	16
15.59	15.37	16
27.25	28.18	16
47.71	49.6	16
82.24	81.22	16
126.37	127.87	16
181.77	184.03	16
273.84	276.25	16
448.19	451.09	16
795.34	831.45	16
1136.69	1202.03	16
1490.6	1549.25	16
1827.2	1890.58	16
2165.95	2234.75	16
2520.58	2585.25	16
2837.82	2902.19	16
3150.91	3204.01	16
0.28	0.27	16
0.36	0.33	16
0.52	0.41	16
0.67	0.77	16
1.1	1.15	16
1.57	1.65	16
3.48	3.48	16
4.81	3.9	16
4.82	4.4	16
5.93	7.17	16
9.24	8.84	16
14.56	13.01	16
25.03	25.95	16
43.46	42.67	16
70.35	71.98	16
109.52	109.23	16
148.78	148.63	16
204.43	205.53	16
312.9	315.14	16
515.2	538.92	16
728.91	738.87	16
940.72	956.64	16
1152.11	1176.7	16
1380.57	1400.31	16
1567.36	1607.62	16
1808.05	1823.82	16
1977.28	1964.54	16
0.23	0.23	16
0.31	0.29	16
0.39	0.42	16
0.6	0.61	16
0.94	0.97	16
1.56	1.22	16
2.25	2.92	16
3.87	3.31	16
4.5	3.28	16
4.34	3.72	16
7.39	7.09	16
12.04	12.39	16
21.04	21.19	16
36.5	36.63	16
60.71	61.29	16
97.86	96.03	16
141.23	145.28	16
220.6	225.41	16
382.21	383.69	16
692.86	729.77	16
996.3	1053.48	16
1291.82	1371.49	16
1590.86	1653.23	16
1887.92	1949.29	16
2200.11	2237.03	16
2466.14	2538.18	16
2716.05	2803.62	16
0.27	0.25	16
0.41	0.35	16
0.43	0.42	16
0.6	0.62	16
1.2	1.11	16
1.84	1.95	16
2.51	3.72	16
3.07	2.87	16
4.39	3.54	16
5.06	5.74	16
8.5	9.2	16
13.8	14.25	16
23.14	23.15	16
37.42	38.47	16
63.96	63.79	16
96.78	98.03	16
130.29	132.44	16
181.83	181.23	16
286.97	287.19	16
472.39	477.09	16
676.68	685.91	16
886.28	897.56	16
1081.91	1099.05	16
1293.77	1284.93	16
1503.36	1496.55	16
1686.89	1682.41	16
1859.72	1841.42	16
0.42	0.4	17
0.57	0.54	17
1.04	1.01	17
1.98	1.64	17
3.1	3.28	17
5.6	5.94	17
9.83	9.28	17
10.03	7.06	17
16.87	16.63	17
20.31	17.6	17
26.96	28.53	17
44.5	42.24	17
79.14	78.63	17
143.03	142.4	17
273.27	270.57	17
500.59	500.37	17
868.67	870.73	17
1338.24	1335.93	17
1779.25	1784.72	17
2479.63	2478.7	17
3130.06	3182.48	17
3774.1	3791.34	17
4399.04	4346.62	17
5005.71	4862.32	17
5632.88	5331.38	17
6200.85	5783.05	17
6677.73	6179.65	17
0.36	0.42	17
0.64	0.67	17
1.06	0.97	17
1.6	1.8	17
2.99	3.52	17
4.52	5.67	17
6.88	10.46	17
9.23	6.87	17
16.39	14.05	17
20.81	23.88	17
41.4	47.26	17
76.73	72.91	17
130.35	138.6	17
248.21	253.34	17
465.1	466.89	17
834.91	841.88	17
1436.49	1425.78	17
2149.56	2151.9	17
2722.31	2722.37	17
3658.01	3645.15	17
4436.82	4389.29	17
5217.11	5169.58	17
6025.96	6048.71	17
6860.23	6919.25	17
7662.1	7853.63	17
8402.48	8778.74	17
9109.64	9656.08	17
0.36	0.32	17
0.6	0.54	17
0.87	0.87	17
1.41	1.53	17
2.71	2.79	17
4.17	4.91	17
9.84	8.38	17
9.84	9.42	17
8.47	9.32	17
15.32	15.58	17
21.08	24.08	17
31.8	38.22	17
56.95	60.5	17
115.33	116.89	17
214.93	208.87	17
388.65	382.85	17
672.32	673.13	17
1038.72	1038.86	17
1413.87	1401.93	17
2016.81	2033.35	17
2636.13	2687.76	17
3208.87	3367.61	17
3808.42	3947.96	17
4426.85	4514.34	17
5009.03	5024.82	17
5550.9	5479.56	17
6069.06	5898.39	17
0.36	0.39	17
0.56	0.64	17
1.0	0.96	17
1.67	1.85	17
3.12	3.12	17
6.43	5.04	17
9.83	10.57	17
12.03	14.33	17
16.27	17.7	17
25.29	22.7	17
34.25	38.91	17
72.32	70.15	17
126.25	130.11	17
239.21	241.57	17
444.21	438.96	17
788.73	783.36	17
1338.89	1331.85	17
1973.78	1981.73	17
2543.8	2486.36	17
3396.83	3413.46	17
4155.96	4121.37	17
4891.6	4900.8	17
5633.9	5769.42	17
6377.73	6610.48	17
7192.0	7643.84	17
7888.8	8605.1	17
8539.13	9472.49	17
0.45	0.47	18
0.71	0.66	18
0.96	1.18	18
1.96	2.09	18
3.74	3.61	18
5.6	7.09	18
7.9	10.12	18
11.38	7.61	18
20.47	18.11	18
25.98	21.42	18
45.38	41.01	18
80.24	78.91	18
145.42	147.31	18
266.16	267.88	18
494.23	496.24	18
898.87	896.98	18
1510.89	1516.92	18
2278.7	2271.76	18
2916.5	2918.91	18
3798.14	3790.25	18
4616.82	4594.65	18
5426.65	5644.94	18
6237.1	6707.13	18
7030.99	7622.4	18
7806.64	8354.09	18
8536.67	9027.64	18
9212.8	9615.89	18
0.46	0.51	18
0.63	0.63	18
1.1	1.11	18
1.65	1.78	18
3.04	3.69	18
5.88	4.79	18
10.83	6.59	18
15.61	8.38	18
7.28	12.38	18
23.69	16.36	18
28.19	33.81	18
47.43	39.67	18
86.6	80.2	18
152.18	153.46	18
283.81	286.73	18
517.5	522.61	18
914.27	916.8	18
1403.52	1400.91	18
1852.45	1845.79	18
2568.14	2549.6	18
3151.19	3079.61	18
3745.42	3636.24	18
4352.02	4236.24	18
4977.65	4819.13	18
5592.98	5412.04	18
6246.06	6067.16	18
6802.92	6696.36	18
0.32	0.37	18
0.48	0.5	18
0.74	0.76	18
1.61	1.49	18
2.09	2.55	18
4.52	4.84	18
8.14	9.29	18
9.68	9.26	18
10.51	12.61	18
18.44	15.52	18
30.13	30.52	18
51.82	51.31	18
88.9	95.25	18
171.09	173.29	18
319.35	312.66	18
568.76	566.21	18
949.86	947.56	18
1445.88	1445.47	18
1916.26	1919.81	18
2651.21	2663.8	18
3382.82	3365.13	18
4074.88	4272.13	18
4794.51	5179.07	18
5511.08	5977.55	18
6259.49	6664.66	18
6912.86	7306.11	18
7529.38	7825.34	18
0.45	0.42	18
0.66	0.62	18
0.92	0.94	18
1.93	1.74	18
3.23	2.61	18
5.96	6.26	18
7.53	11.48	18
7.76	9.4	18
13.13	14.66	18
16.34	15.39	18
22.26	26.6	18
47.77	47.48	18
74.24	78.62	18
150.86	143.86	18
267.6	272.49	18
509.36	504.4	18
880.38	878.56	18
1333.12	1330.01	18
1729.24	1729.85	18
2403.71	2396.19	18
2971.42	2930.24	18
3546.2	3499.72	18
4109.67	4073.04	18
4732.65	4695.41	18
5313.0	5309.48	18
5887.28	5975.96	18
6411.54	6696.47	18
0.44	0.42	19
0.67	0.55	19
1.01	0.98	19
1.76	1.88	19
3.27	2.99	19
6.59	3.32	19
8.54	7.34	19
9.57	8.86	19
12.5	11.7	19
16.16	23.14	19
26.67	28.14	19
46.55	44.64	19
82.57	84.95	19
143.77	151.26	19
281.89	278.84	19
514.52	509.47	19
889.44	890.94	19
1364.21	1365.36	19
1808.85	1808.68	19
2530.12	2504.11	19
3136.88	3060.14	19
3695.55	3566.54	19
4294.03	4181.33	19
4915.85	4747.56	19
5519.79	5358.49	19
6130.46	6016.65	19
6732.73	6601.77	19
0.49	0.47	19
0.61	0.68	19
1.09	0.93	19
1.91	1.71	19
3.38	3.41	19
6.76	6.32	19
12.82	10.91	19
14.42	10.78	19
17.69	14.48	19
24.88	28.66	19
42.87	40.5	19
73.4	72.34	19
133.54	141.38	19
260.56	258.16	19
483.76	479.78	19
870.71	868.43	19
1461.21	1460.28	19
2202.81	2193.61	19
2841.13	2844.32	19
3724.6	3738.0	19
4538.86	4551.31	19
5393.44	5579.36	19
6227.66	6683.12	19
7056.83	7638.49	19
7816.13	8418.31	19
8552.17	9034.32	19
9198.96	9608.35	19
0.33	0.37	19
0.5	0.51	19
0.77	0.75	19
1.35	1.59	19
2.43	2.42	19
3.13	3.18	19
7.17	6.76	19
9.37	9.14	19
9.09	13.66	19
14.24	14.07	19
22.5	21.83	19
36.62	37.33	19
65.59	66.4	19
122.11	123.1	19
216.29	221.25	19
399.62	398.52	19
677.14	675.54	19
1041.86	1032.65	19
1444.93	1422.31	19
2089.44	2066.84	19
2650.34	2609.33	19
3205.38	3167.11	19
3756.91	3723.13	19
4329.8	4264.62	19
4904.28	4880.45	19
5453.29	5528.38	19
6013.58	6149.66	19
0.4	0.39	19
0.55	0.53	19
1.08	1.03	19
1.65	1.69	19
3.09	2.99	19
4.49	4.33	19
7.75	7.0	19
17.05	10.8	19
10.26	17.8	19
25.84	23.71	19
36.64	41.54	19
71.11	72.37	19
133.6	123.87	19
243.3	243.36	19
442.42	442.22	19
784.06	785.37	19
1306.83	1307.82	19
1942.48	1933.8	19
2461.92	2463.94	19
3259.55	3250.9	19
3989.32	3993.28	19
4730.4	4989.11	19
5520.01	6033.63	19
6274.26	6933.71	19
6994.99	7691.18	19
7665.21	8314.17	19
8294.6	8902.5	19
0.51	0.4	20
0.67	0.76	20
1.03	1.09	20
2.34	1.99	20
3.83	3.6	20
7.35	6.5	20
10.88	12.99	20
10.92	19.29	20
15.85	15.58	20
28.11	28.42	20
46.9	43.91	20
75.13	77.85	20
144.12	146.87	20
271.92	268.8	20
511.75	504.03	20
905.07	903.43	20
1512.68	1516.22	20
2273.31	2282.85	20
2929.77	2921.54	20
3859.84	3835.94	20
4687.3	4663.79	20
5514.02	5526.89	20
6419.62	6454.81	20
7270.51	7484.98	20
8072.21	8479.46	20
8846.08	9620.26	20
9544.81	10560.76	20
0.42	0.53	20
0.7	0.78	20
1.09	1.12	20
1.72	1.87	20
3.53	3.4	20
7.06	6.61	20
10.93	10.97	20
8.54	14.83	20
13.59	18.03	20
14.63	24.72	20
28.02	28.32	20
46.99	48.98	20
82.15	86.46	20
158.8	154.64	20
291.9	290.36	20
534.11	535.22	20
933.9	930.3	20
1419.83	1427.52	20
1891.16	1894.55	20
2571.11	2593.05	20
3229.76	3261.38	20
3861.46	3898.39	20
4502.46	4454.66	20
5117.44	4948.73	20
5769.7	5440.32	20
6294.61	5870.11	20
6749.23	6285.47	20
0.34	0.36	20
0.57	0.48	20
0.82	0.83	20
1.71	1.57	20
2.62	2.71	20
4.55	4.91	20
8.97	8.85	20
8.78	12.19	20
11.17	10.98	20
20.44	21.1	20
39.28	36.23	20
66.27	65.94	20
117.53	113.56	20
222.42	218.07	20
391.2	392.51	20
693.91	692.99	20
1149.72	1149.53	20
1696.88	1700.78	20
2198.57	2184.24	20
2975.65	2952.14	20
3670.84	3669.08	20
4461.29	4372.06	20
5180.15	5288.24	20
5903.46	6181.61	20
6594.74	7043.15	20
7250.14	8068.55	20
7857.54	8972.65	20
0.44	0.39	20
0.56	0.6	20
1.04	1.03	20
1.62	1.84	20
3.16	3.36	20
6.46	5.44	20
7.67	12.07	20
13.01	14.84	20
12.7	10.51	20
17.84	14.17	20
25.0	26.58	20
47.98	44.3	20
83.49	79.71	20
145.26	146.87	20
264.54	264.13	20
487.03	480.54	20
837.41	831.25	20
1254.34	1251.77	20
1654.46	1649.64	20
2266.53	2264.6	20
2870.8	2900.4	20
3452.27	3547.2	20
4089.35	4154.85	20
4642.53	4719.02	20
5239.46	5233.62	20
5784.52	5683.01	20
6240.52	6064.45	20
0.96	0.67	21
0.96	1.07	21
1.23	1.14	21
1.28	1.55	21
1.22	1.68	21
1.5	1.66	21
1.91	1.8	21
1.93	2.51	21
3.53	2.24	21
3.56	3.19	21
5.93	5.27	21
10.18	7.07	21
17.16	13.92	21
33.8	20.89	21
63.12	38.18	21
120.84	71.81	21
239.51	138.47	21
462.27	336.58	21
687.22	391.92	21
911.98	521.03	21
1132.21	816.61	21
1353.95	972.82	21
1569.05	902.67	21
1796.98	1289.89	21
2029.23	1445.17	21
1.27	1.13	21
1.22	1.51	21
1.82	1.92	21
2.04	1.88	21
2.61	1.48	21
2.33	2.68	21
2.76	2.45	21
2.66	5.14	21
6.71	8.01	21
8.64	11.54	21
12.23	17.8	21
20.61	38.03	21
40.25	63.13	21
77.11	149.78	21
153.05	292.22	21
302.21	582.65	21
601.94	1158.33	21
1171.03	2258.04	21
1734.54	3344.38	21
2299.08	4419.37	21
2866.57	5520.66	21
3434.51	6600.31	21
4000.07	7696.96	21
4560.26	8792.35	21
5126.88	9873.57	21
0.69	0.8	21
0.8	0.92	21
1.29	1.34	21
1.21	1.57	21
1.42	1.31	21
1.88	1.55	21
2.22	1.9	21
2.5	2.27	21
3.02	2.57	21
4.31	4.68	21
5.94	5.42	21
10.41	7.92	21
18.09	15.9	21
34.13	21.66	21
68.33	47.15	21
123.07	73.89	21
273.39	138.83	21
462.47	269.08	21
664.08	393.78	21
875.64	524.55	21
1092.47	648.47	21
1301.79	972.91	21
1530.49	900.4	21
1724.08	1035.32	21
1968.45	1419.68	21
0.86	1.21	21
1.35	1.15	21
1.65	1.76	21
2.19	1.86	21
1.98	2.24	21
2.34	2.14	21
3.02	2.41	21
3.76	4.17	21
5.32	7.03	21
6.93	11.92	21
12.15	17.82	21
20.38	32.4	21
40.86	73.79	21
78.23	145.37	21
149.33	285.12	21
297.75	564.03	21
591.15	1122.17	21
1133.63	2179.37	21
1686.65	3232.19	21
2226.21	4281.06	21
2764.86	5327.82	21
3331.66	6381.42	21
3857.8	7431.69	21
4416.34	8479.62	21
4945.05	9534.35	21
1.01	0.97	22
1.63	1.66	22
1.86	1.63	22
2.1	2.07	22
2.22	2.12	22
2.51	2.56	22
2.65	2.64	22
3.24	3.36	22
4.22	3.75	22
4.71	5.09	22
9.14	7.95	22
14.78	11.53	22
26.93	20.69	22
50.33	39.51	22
96.17	83.39	22
190.25	144.26	22
374.22	280.25	22
726.35	548.38	22
1071.43	803.01	22
1426.15	1187.69	22
1782.06	1636.7	22
2129.29	1586.85	22
2471.76	1848.21	22
2842.51	2102.47	22
3180.26	2366.45	22
0.83	0.79	22
0.96	0.89	22
1.04	1.51	22
1.62	1.71	22
1.64	1.45	22
2.54	2.12	22
2.5	2.71	22
3.49	4.47	22
5.16	5.37	22
5.61	8.74	22
10.03	17.7	22
18.26	34.26	22
33.32	67.09	22
64.26	107.51	22
129.63	254.79	22
252.3	504.87	22
494.87	830.09	22
959.97	1609.49	22
1423.36	2856.93	22
1855.64	2484.82	22
2321.75	3110.31	22
2784.5	5625.09	22
3249.39	6546.07	22
3713.61	7472.23	22
4173.78	8398.33	22
0.73	1.04	22
1.3	1.55	22
1.46	2.03	22
1.71	2.04	22
2.19	2.11	22
2.28	2.75	22
2.3	2.47	22
2.88	3.22	22
3.84	3.71	22
5.66	6.1	22
8.83	8.37	22
14.28	12.6	22
26.06	21.22	22
49.64	40.61	22
99.53	71.25	22
193.33	134.22	22
374.6	265.08	22
698.34	508.57	22
1015.4	842.11	22
1333.4	1003.29	22
1694.52	1241.07	22
1960.82	1479.47	22
2337.47	1926.3	22
2666.99	1969.0	22
3001.57	2217.05	22
0.91	0.64	22
1.02	0.89	22
1.33	1.28	22
1.36	1.39	22
2.01	2.36	22
1.87	2.35	22
2.9	2.18	22
2.61	3.57	22
5.59	5.54	22
6.55	10.72	22
10.01	17.67	22
18.58	32.66	22
32.61	62.63	22
62.81	120.69	22
120.15	196.02	22
236.62	392.37	22
465.14	766.68	22
899.02	1794.41	22
1316.31	2648.53	22
1731.27	2917.6	22
2156.35	4348.44	22
2580.12	4298.66	22
3030.11	6082.37	22
3453.82	6974.55	22
3884.87	7795.91	22
0.84	0.84	23
1.15	0.96	23
1.72	1.33	23
1.43	1.86	23
1.98	1.92	23
2.29	2.32	23
2.65	2.86	23
3.69	3.95	23
4.92	6.01	23
7.12	11.69	23
12.39	20.51	23
20.4	32.07	23
39.26	61.18	23
76.12	142.64	23
147.22	283.68	23
278.55	545.42	23
531.84	871.99	23
1001.47	1979.96	23
1478.7	2950.77	23
1942.81	3871.29	23
2426.04	4840.25	23
2902.02	5771.0	23
3356.2	6697.46	23
3764.62	6284.55	23
4151.12	8350.46	23
1.29	1.11	23
1.46	1.65	23
2.21	2.12	23
2.12	2.34	23
2.69	2.54	23
2.38	2.77	23
3.0	2.61	23
3.34	2.94	23
4.61	4.04	23
5.71	5.04	23
9.05	7.65	23
15.73	13.02	23
26.89	21.38	23
50.84	38.77	23
96.35	73.19	23
189.76	158.25	23
372.11	278.9	23
724.47	545.16	23
1074.19	800.74	23
1424.66	1197.4	23
1769.06	1481.32	23
2121.11	1586.35	23
2472.63	1844.21	23
2846.46	2106.23	23
3183.98	2356.34	23
0.7	0.7	23
0.79	0.8	23
0.89	1.03	23
1.32	1.44	23
1.71	1.48	23
1.83	1.8	23
2.08	2.89	23
2.48	4.05	23
3.99	5.61	23
5.57	8.97	23
8.1	15.28	23
14.42	29.23	23
27.2	55.41	23
52.8	107.38	23
102.07	173.62	23
194.57	407.27	23
385.25	806.79	23
724.57	1277.53	23
1077.58	2281.97	23
1430.57	3032.54	23
1767.32	3098.1	23
2095.55	4491.19	23
2456.61	4303.19	23
2797.96	5967.55	23
3126.15	6717.8	23
1.14	0.84	23
1.7	1.43	23
1.74	1.92	23
2.05	2.54	23
2.02	2.17	23
2.34	2.73	23
2.23	2.79	23
3.46	3.41	23
3.89	4.52	23
6.11	5.72	23
8.9	7.78	23
15.32	13.53	23
28.03	20.86	23
49.73	39.07	23
100.65	70.56	23
177.06	135.91	23
376.56	263.38	23
672.85	507.67	23
998.93	749.36	23
1321.92	995.68	23
1683.38	1441.8	23
1973.7	1482.1	23
2320.14	1725.18	23
2693.06	1968.97	23
2945.56	2208.5	23
0.99	0.84	24
1.12	1.36	24
1.73	1.53	24
1.73	1.77	24
1.91	2.32	24
2.3	2.25	24
3.21	2.48	24
3.2	3.47	24
3.72	6.33	24
6.33	9.83	24
11.24	18.35	24
20.04	34.15	24
37.78	68.42	24
70.47	135.27	24
135.79	222.36	24
277.91	537.42	24
547.47	1065.24	24
1061.39	2075.06	24
1578.0	3079.0	24
2088.99	4088.0	24
2657.79	4348.85	24
3221.08	6290.21	24
3791.91	7374.67	24
4365.26	8483.24	24
4940.73	9577.39	24
0.92	0.79	24
1.05	0.91	24
1.29	1.33	24
1.44	1.23	24
1.51	1.31	24
1.68	2.26	24
2.15	1.77	24
2.35	1.97	24
2.8	2.24	24
3.5	3.41	24
5.58	4.18	24
10.12	8.2	24
18.57	11.71	24
32.59	20.84	24
61.1	38.37	24
121.03	89.16	24
239.01	139.84	24
463.46	264.74	24
693.86	495.79	24
906.43	520.62	24
1124.88	645.71	24
1353.66	773.31	24
1575.62	905.2	24
1838.0	1026.01	24
2020.09	1149.57	24
0.83	0.79	24
1.17	1.13	24
1.44	1.41	24
1.63	1.59	24
1.79	1.76	24
2.0	2.0	24
2.74	2.7	24
3.33	3.71	24
5.29	6.04	24
6.22	10.4	24
10.01	17.43	24
17.92	32.58	24
31.97	60.53	24
60.32	116.81	24
116.17	231.07	24
227.27	454.23	24
447.72	901.49	24
876.39	1754.88	24
1288.02	2604.99	24
1717.09	2869.36	24
2179.28	4385.66	24
2627.78	4444.63	24
3139.58	6290.26	24
3598.43	7267.46	24
4066.7	8230.83	24
0.67	0.69	24
0.9	0.88	24
1.16	1.13	24
1.21	1.5	24
1.98	1.88	24
1.37	1.4	24
2.01	1.97	24
1.89	2.4	24
3.06	2.95	24
3.91	4.3	24
6.09	5.14	24
10.13	7.89	24
17.35	12.65	24
32.37	21.16	24
64.72	39.79	24
135.05	73.71	24
240.13	141.39	24
469.27	267.08	24
678.43	482.51	24
892.86	518.2	24
1090.26	644.57	24
1296.6	1156.42	24
1564.57	901.91	24
1731.77	1019.89	24
1926.09	1151.87	24
0.47	0.47	25
0.7	0.54	25
0.62	0.67	25
0.78	0.64	25
0.95	1.09	25
1.12	1.14	25
1.64	1.62	25
2.15	2.06	25
3.29	3.31	25
5.18	5.5	25
9.32	9.18	25
15.88	15.68	25
29.85	28.99	25
53.16	52.47	25
106.0	106.01	25
201.21	202.26	25
387.16	390.76	25
565.87	568.15	25
746.85	744.79	25
928.92	928.1	25
1108.27	1114.62	25
1289.65	1280.43	25
1474.02	1481.02	25
1647.41	1663.96	25
0.53	0.59	25
0.71	0.68	25
0.94	0.93	25
1.44	1.32	25
2.23	1.94	25
2.52	2.64	25
3.82	3.72	25
6.73	6.32	25
12.55	11.9	25
22.37	22.24	25
44.19	43.93	25
87.19	87.02	25
172.69	175.33	25
343.35	340.5	25
681.65	681.08	25
1349.08	1347.54	25
2618.72	2622.11	25
3902.14	3899.16	25
5163.46	5167.88	25
6440.44	6444.94	25
7651.27	7668.04	25
8903.65	8868.84	25
10057.63	10103.47	25
11299.11	11302.54	25
0.38	0.38	25
0.51	0.52	25
0.54	0.57	25
0.76	0.66	25
0.88	0.88	25
1.24	1.05	25
1.44	1.45	25
1.74	1.91	25
2.88	2.98	25
4.61	4.48	25
7.85	7.84	25
13.84	11.8	25
22.27	24.7	25
41.39	40.65	25
79.18	76.91	25
148.27	149.01	25
278.39	282.19	25
409.19	415.97	25
535.93	550.34	25
664.42	667.89	25
805.04	794.32	25
928.27	931.28	25
1052.56	1049.04	25
1176.85	1173.45	25
0.48	0.5	25
0.69	0.65	25
0.82	0.86	25
1.27	1.21	25
2.0	1.9	25
2.27	2.95	25
3.38	3.39	25
6.64	6.31	25
10.42	10.8	25
19.9	19.18	25
41.63	40.43	25
75.27	79.0	25
155.95	143.98	25
295.66	300.38	25
548.57	612.59	25
1106.73	1137.75	25
2167.56	2122.13	25
3177.97	3175.83	25
4100.99	4230.32	25
5155.83	5057.76	25
6190.2	5930.94	25
6994.3	7002.74	25
7679.75	7709.81	25
8693.25	8801.88	25
0.5	0.54	26
0.71	0.58	26
0.85	1.06	26
1.03	1.11	26
1.41	1.48	26
1.8	1.82	26
2.45	2.68	26
3.37	3.4	26
4.9	4.93	26
8.23	7.81	26
14.87	14.48	26
26.97	25.69	26
47.79	48.31	26
94.71	96.67	26
185.72	191.87	26
363.3	364.16	26
711.19	712.51	26
1048.96	1045.35	26
1393.73	1381.94	26
1742.05	1717.89	26
2076.67	2066.01	26
2400.16	2401.8	26
2747.2	2746.35	26
3090.05	3074.4	26
0.47	0.49	26
0.63	0.66	26
0.75	0.76	26
1.14	1.08	26
1.78	1.56	26
1.85	1.9	26
2.32	2.86	26
4.04	4.55	26
6.94	7.06	26
12.71	12.79	26
23.81	24.15	26
45.52	45.96	26
88.69	89.49	26
175.82	174.91	26
347.77	349.13	26
694.33	693.79	26
1351.16	1353.39	26
2009.64	2008.58	26
2660.4	2656.39	26
3312.63	3310.59	26
3931.98	3926.46	26
4483.85	4501.96	26
5018.42	4985.01	26
5555.03	5557.87	26
0.46	0.44	26
0.48	0.55	26
0.62	0.73	26
0.8	0.92	26
1.44	1.03	26
1.47	1.56	26
2.04	2.19	26
2.69	2.81	26
4.09	4.77	26
7.04	7.25	26
11.98	12.35	26
24.53	22.74	26
42.44	44.91	26
81.33	84.22	26
161.65	160.43	26
302.83	312.95	26
593.62	584.0	26
852.85	856.89	26
1126.87	1124.88	26
1405.23	1413.32	26
1688.75	1687.66	26
1978.85	1957.65	26
2274.18	2242.69	26
2505.21	2543.34	26
0.4	0.44	26
0.6	0.57	26
0.67	0.68	26
0.9	0.97	26
1.65	1.49	26
1.69	2.53	26
2.65	2.38	26
4.08	4.76	26
6.67	8.02	26
12.49	13.22	26
22.89	23.99	26
45.48	46.95	26
88.43	88.87	26
167.06	166.81	26
341.74	334.38	26
660.38	676.61	26
1279.84	1269.54	26
1887.37	1883.49	26
2471.35	2454.88	26
3013.09	3029.58	26
3568.15	3592.37	26
4065.13	4028.55	26
4487.81	4462.61	26
4967.47	4988.53	26
0.41	0.45	27
0.49	0.53	27
0.73	0.63	27
1.14	0.93	27
1.3	1.37	27
1.53	1.8	27
2.54	2.28	27
3.7	3.88	27
6.32	6.36	27
10.9	11.03	27
20.57	21.11	27
38.59	38.58	27
77.91	77.05	27
148.71	154.17	27
302.68	291.33	27
580.45	584.5	27
1205.63	1188.94	27
1795.42	1808.15	27
2388.44	2412.9	27
3026.56	3011.98	27
3637.38	3655.68	27
4345.2	4358.41	27
4990.32	4967.55	27
5615.43	5583.04	27
0.47	0.41	27
0.74	0.64	27
0.65	0.82	27
0.99	1.03	27
1.19	1.49	27
1.55	1.52	27
2.53	2.25	27
2.98	2.96	27
5.26	4.81	27
8.77	8.17	27
15.4	14.56	27
26.31	26.29	27
51.55	51.35	27
96.99	95.74	27
190.71	189.64	27
376.52	382.35	27
737.61	728.88	27
1097.96	1113.41	27
1467.19	1461.05	27
1827.38	1825.13	27
2199.43	2189.32	27
2570.96	2554.19	27
2936.77	2912.72	27
3327.42	3329.82	27
0.39	0.41	27
0.54	0.51	27
0.57	0.68	27
0.86	1.01	27
1.2	1.31	27
1.43	2.25	27
2.34	2.51	27
3.48	4.16	27
5.56	5.55	27
9.44	9.91	27
18.61	18.23	27
33.85	35.53	27
71.45	65.62	27
130.52	131.5	27
256.99	260.32	27
526.05	518.26	27
995.7	1004.2	27
1484.08	1462.07	27
1951.88	1949.39	27
2373.74	2397.92	27
2800.14	2799.91	27
3215.09	3232.23	27
3652.33	3653.6	27
4100.58	4097.64	27
0.48	0.46	27
0.6	0.6	27
0.91	0.75	27
0.93	0.96	27
1.36	1.33	27
1.97	1.56	27
2.21	2.09	27
2.59	3.06	27
4.54	4.73	27
7.17	7.01	27
12.67	13.63	27
23.37	23.95	27
43.56	44.05	27
83.15	84.01	27
166.66	165.32	27
311.87	313.47	27
613.27	588.74	27
891.62	895.53	27
1177.97	1175.43	27
1459.44	1465.36	27
1765.58	1748.87	27
2063.29	2072.24	27
2354.79	2378.11	27
2748.05	2724.25	27
0.53	0.44	28
0.64	0.54	28
0.72	0.81	28
1.1	1.21	28
1.58	1.61	28
1.71	2.16	28
3.25	3.77	28
5.34	5.92	28
10.35	9.72	28
18.13	19.08	28
36.64	36.55	28
71.58	69.18	28
142.57	144.71	28
286.08	277.95	28
579.55	569.41	28
1143.11	1174.61	28
2309.03	2319.59	28
3495.0	3464.13	28
4727.43	4744.12	28
5918.15	5890.45	28
7115.94	7235.11	28
8446.28	8362.17	28
9639.63	9590.88	28
10767.5	10731.44	28
0.54	0.43	28
0.62	0.46	28
0.55	0.69	28
0.78	0.6	28
1.0	0.88	28
1.07	1.05	28
1.52	1.57	28
2.17	1.92	28
3.43	3.31	28
5.08	5.39	28
9.08	8.7	28
15.17	15.11	28
29.56	28.05	28
55.38	53.77	28
100.81	102.11	28
199.68	200.03	28
382.32	380.43	28
560.17	562.41	28
738.66	746.11	28
927.73	921.59	28
1104.75	1109.32	28
1290.46	1287.9	28
1460.86	1458.12	28
1642.12	1645.62	28
0.4	0.41	28
0.47	0.56	28
0.73	0.78	28
0.9	1.0	28
1.4	1.22	28
1.61	1.85	28
2.29	2.95	28
4.6	4.29	28
7.56	7.3	28
14.04	13.98	28
26.71	27.22	28
52.8	52.93	28
104.53	104.18	28
205.51	203.84	28
411.62	407.13	28
808.66	808.5	28
1570.54	1569.16	28
2319.8	2320.27	28
2995.46	3002.91	28
3871.19	3846.62	28
4575.08	4567.32	28
5268.28	5289.53	28
5955.31	5944.36	28
6658.18	6648.84	28
0.43	0.42	28
0.47	0.47	28
0.62	0.55	28
0.74	0.64	28
0.97	1.01	28
1.03	1.15	28
1.51	1.56	28
1.87	1.95	28
3.07	2.79	28
4.47	4.4	28
7.51	7.89	28
12.92	12.48	28
21.72	24.47	28
43.15	41.42	28
77.22	76.4	28
151.04	149.89	28
272.42	273.51	28
413.92	404.65	28
531.89	536.88	28
659.39	672.58	28
794.19	800.73	28
927.68	924.11	28
1058.34	1054.85	28
1184.95	1184.55	28
0.34	0.34	29
0.35	0.39	29
0.5	0.43	29
0.59	0.56	29
1.03	1.06	29
1.6	1.48	29
2.36	2.1	29
2.68	2.61	29
3.22	2.54	29
3.54	2.9	29
3.54	2.73	29
3.24	3.94	29
4.01	4.03	29
4.56	4.85	29
7.56	6.23	29
12.64	8.17	29
20.24	13.53	29
38.73	22.47	29
71.9	42.16	29
138.99	97.65	29
274.1	156.18	29
541.77	378.49	29
796.4	552.1	29
1052.65	726.53	29
1300.84	1110.57	29
1555.01	1084.68	29
1819.73	971.29	29
2089.69	1115.62	29
2347.06	1244.94	29
0.28	0.32	29
0.34	0.37	29
0.47	0.47	29
0.67	0.59	29
0.85	0.8	29
1.55	1.7	29
1.84	2.13	29
3.01	3.31	29
3.16	3.39	29
3.79	3.19	29
3.15	3.93	29
3.95	4.85	29
6.02	7.74	29
8.86	8.15	29
11.91	17.6	29
17.93	37.16	29
39.24	70.2	29
71.01	137.52	29
133.99	227.2	29
269.16	453.86	29
530.46	907.32	29
1035.01	2103.31	29
1573.1	3191.56	29
2153.24	4362.41	29
2727.01	5568.98	29
3313.36	6758.74	29
3893.56	6648.6	29
4474.5	9137.14	29
5053.3	8473.61	29
0.23	0.26	29
0.3	0.28	29
0.37	0.38	29
0.46	0.54	29
0.77	0.82	29
1.15	1.13	29
1.57	1.83	29
2.35	2.21	29
2.46	2.56	29
2.85	3.05	29
2.81	2.96	29
3.26	3.7	29
4.17	4.5	29
5.93	6.37	29
8.46	7.22	29
13.37	9.54	29
20.82	14.3	29
38.51	24.41	29
76.12	51.68	29
144.3	97.09	29
286.12	149.53	29
508.05	289.9	29
757.22	430.75	29
1011.13	563.53	29
1232.87	699.48	29
1484.19	1058.21	29
1719.08	1784.91	29
1982.68	1711.77	29
2205.62	1627.12	29
0.28	0.25	29
0.32	0.34	29
0.42	0.41	29
0.57	0.57	29
0.8	0.97	29
1.35	1.58	29
2.24	2.09	29
2.43	2.76	29
3.4	3.26	29
3.54	3.39	29
3.45	3.49	29
4.56	4.4	29
6.36	7.12	29
8.82	11.52	29
10.97	20.38	29
20.3	35.97	29
38.95	68.94	29
70.57	112.42	29
131.32	264.95	29
258.81	523.18	29
511.12	1045.5	29
983.27	1692.28	29
1496.1	2559.77	29
2065.84	3518.33	29
2628.17	5373.2	29
3172.29	5415.77	29
3742.75	6374.26	29
4282.76	7350.46	29
4850.6	8317.95	29
0.28	0.27	30
0.31	0.35	30
0.4	0.47	30
0.62	0.59	30
0.9	1.11	30
1.39	1.46	30
1.59	2.43	30
3.43	2.33	30
2.12	3.11	30
3.54	2.8	30
4.05	3.41	30
3.46	3.64	30
5.09	4.44	30
6.08	6.33	30
8.86	8.24	30
16.35	13.64	30
28.42	21.99	30
54.76	39.78	30
106.03	76.48	30
206.6	167.51	30
413.73	289.77	30
800.89	559.46	30
1193.79	953.4	30
1579.55	1098.52	30
1965.55	1575.99	30
2364.94	1884.59	30
2733.13	1905.28	30
3134.6	2535.26	30
3542.88	2461.37	30
0.24	0.27	30
0.32	0.34	30
0.41	0.42	30
0.51	0.62	30
0.98	0.92	30
1.5	1.26	30
1.63	2.35	30
2.86	3.34	30
3.1	4.28	30
3.09	3.64	30
3.92	4.37	30
4.07	5.24	30
4.45	7.3	30
8.03	9.91	30
10.2	19.4	30
19.57	30.29	30
34.69	67.55	30
64.39	129.73	30
128.11	211.66	30
242.57	501.01	30
481.82	995.09	30
937.7	1932.78	30
1390.96	2861.34	30
1831.48	3778.66	30
2264.16	3881.57	30
2718.73	5615.47	30
3186.29	6579.67	30
3694.02	6314.11	30
4199.74	7170.7	30
0.24	0.25	30
0.32	0.29	30
0.39	0.36	30
0.48	0.54	30
0.82	0.84	30
1.25	1.21	30
1.76	1.56	30
1.91	2.5	30
2.23	3.12	30
3.17	3.49	30
3.47	3.62	30
3.97	3.99	30
5.06	4.81	30
6.22	6.61	30
10.4	8.77	30
17.36	13.48	30
27.53	21.72	30
56.36	38.65	30
104.36	71.88	30
219.81	140.32	30
399.75	270.85	30
741.05	523.2	30
1134.97	779.21	30
1450.4	1191.78	30
1824.44	1286.58	30
2211.27	1806.1	30
2550.03	1785.38	30
2908.87	2037.48	30
3256.61	2290.94	30
0.25	0.26	30
0.28	0.31	30
0.41	0.42	30
0.59	0.53	30
0.98	0.94	30
1.38	1.03	30
1.97	2.15	30
2.38	1.6	30
2.36	2.73	30
2.76	3.7	30
3.47	3.95	30
5.33	6.2	30
6.28	7.29	30
7.84	13.06	30
18.16	20.15	30
22.78	36.16	30
37.0	43.75	30
64.04	105.61	30
123.8	249.18	30
241.1	489.29	30
472.8	959.29	30
876.62	1801.39	30
1277.73	2211.78	30
1726.08	2906.15	30
2114.4	4417.06	30
2539.7	5297.38	30
2995.49	5225.79	30
3605.3	7392.13	30
4112.92	6929.65	30
0.35	0.33	31
0.32	0.38	31
0.43	0.42	31
0.55	0.56	31
1.03	0.96	31
1.59	1.64	31
2.65	1.95	31
3.27	2.85	31
2.87	3.37	31
3.69	3.24	31
3.17	4.73	31
4.08	4.93	31
5.37	7.43	31
8.04	9.62	31
12.21	16.86	31
19.17	33.44	31
34.63	64.48	31
62.82	106.04	31
127.17	209.35	31
245.45	416.97	31
488.63	827.34	31
951.09	1286.73	31
1411.64	2401.27	31
1872.65	3830.4	31
2330.56	4796.11	31
2779.78	5709.42	31
3205.7	6587.98	31
3635.66	7484.61	31
4082.03	8438.64	31
0.25	0.28	31
0.28	0.34	31
0.41	0.44	31
0.7	0.56	31
1.06	0.78	31
1.59	1.41	31
2.05	1.89	31
2.29	2.71	31
3.55	3.58	31
2.45	3.43	31
3.78	3.13	31
4.5	2.94	31
4.73	5.06	31
6.38	5.21	31
9.25	7.99	31
16.11	13.6	31
28.59	26.3	31
55.32	49.77	31
105.84	75.48	31
207.6	166.33	31
408.57	330.02	31
801.05	556.21	31
1185.44	1119.63	31
1577.86	1281.17	31
1973.69	1379.24	31
2356.81	1644.91	31
2754.13	2205.64	31
3199.91	2189.71	31
3540.37	2833.39	31
0.22	0.22	31
0.28	0.29	31
0.36	0.35	31
0.52	0.55	31
0.77	0.78	31
1.27	1.24	31
1.97	2.0	31
1.8	2.53	31
3.08	3.38	31
3.06	3.56	31
3.67	3.65	31
3.72	4.62	31
4.25	7.39	31
7.3	10.16	31
10.28	16.14	31
16.45	19.63	31
27.26	45.32	31
49.88	105.56	31
95.48	170.0	31
182.55	260.08	31
372.61	659.03	31
718.76	1563.15	31
1064.24	1909.36	31
1404.07	2526.24	31
1853.34	4004.29	31
2328.96	4786.75	31
2686.97	5759.36	31
3070.51	5471.61	31
3474.15	6014.08	31
0.27	0.28	31
0.33	0.34	31
0.44	0.39	31
0.6	0.61	31
0.94	0.94	31
1.62	1.78	31
2.22	1.98	31
2.35	2.36	31
3.09	2.59	31
3.28	3.59	31
4.28	3.36	31
4.78	4.18	31
5.54	4.77	31
7.45	6.96	31
10.26	9.12	31
15.63	13.59	31
29.95	23.55	31
56.31	46.87	31
108.63	77.67	31
215.82	170.19	31
414.65	346.59	31
794.18	630.99	31
1174.46	831.18	31
1527.92	1099.28	31
1913.39	1376.0	31
2363.16	1643.97	31
2717.82	1915.59	31
3056.21	2507.92	31
3482.5	2482.78	31
0.27	0.28	32
0.4	0.35	32
0.4	0.37	32
0.59	0.55	32
0.83	0.99	32
1.14	1.16	32
1.86	2.01	32
3.11	2.62	32
2.87	3.08	32
3.32	3.21	32
2.64	3.19	32
3.95	4.64	32
6.13	5.56	32
8.62	12.39	32
16.21	20.99	32
24.19	24.92	32
36.76	57.06	32
72.07	135.0	32
135.71	220.78	32
262.24	523.09	32
511.87	1035.92	32
984.01	2010.89	32
1456.14	2475.94	32
1937.98	3938.64	32
2401.95	4071.88	32
2878.55	5864.38	32
3342.79	6818.73	32
3814.74	7781.83	32
4284.36	8752.85	32
0.27	0.27	32
0.32	0.38	32
0.42	0.39	32
0.6	0.57	32
0.8	0.83	32
1.5	1.13	32
2.33	2.79	32
3.34	2.44	32
2.02	3.05	32
3.39	3.72	32
3.41	3.24	32
3.7	3.26	32
4.18	3.83	32
4.87	5.14	32
7.67	6.14	32
11.58	8.71	32
20.35	12.99	32
38.52	23.71	32
70.95	40.99	32
139.65	76.59	32
275.46	149.36	32
525.39	374.6	32
781.25	425.54	32
1047.55	745.2	32
1296.54	703.18	32
1576.45	1086.79	32
1813.7	1581.03	32
2098.92	1113.98	32
2330.93	1611.59	32
0.24	0.24	32
0.28	0.27	32
0.35	0.34	32
0.48	0.49	32
0.77	0.77	32
1.13	1.06	32
1.94	1.21	32
2.06	2.36	32
2.94	2.54	32
3.34	2.37	32
3.65	3.56	32
3.95	3.95	32
4.48	7.08	32
7.52	9.25	32
11.21	12.56	32
16.47	33.05	32
30.73	60.77	32
57.0	97.92	32
116.93	231.19	32
221.4	455.19	32
441.3	906.86	32
833.9	1136.2	32
1213.38	2604.19	32
1598.91	3443.53	32
1981.31	4289.86	32
2381.47	4247.48	32
2765.77	5995.44	32
3166.5	6854.83	32
3585.83	7703.28	32
0.24	0.24	32
0.28	0.32	32
0.4	0.38	32
0.5	0.6	32
0.85	0.81	32
1.49	1.17	32
1.74	1.85	32
2.25	2.75	32
3.27	3.33	32
2.2	2.51	32
3.55	3.47	32
3.79	3.47	32
4.59	4.39	32
5.39	6.14	32
8.52	6.98	32
14.22	10.5	32
23.02	17.48	32
38.3	23.96	32
73.48	42.49	32
143.97	79.65	32
287.39	208.29	32
511.27	375.98	32
766.24	547.08	32
1031.39	566.31	32
1242.97	697.09	32
1499.99	859.52	32
1730.53	979.54	32
1983.1	1118.03	32
2213.71	1237.13	32
0.34	0.33	33
0.36	0.37	33
0.55	0.51	33
0.78	0.8	33
1.4	1.15	33
1.04	1.29	33
1.69	1.53	33
2.19	2.68	33
2.82	3.1	33
3.0	3.39	33
4.25	4.61	33
6.19	5.86	33
8.34	8.13	33
14.75	14.24	33
26.09	25.96	33
47.13	48.95	33
89.4	91.51	33
175.49	174.47	33
251.79	250.46	33
336.47	341.78	33
415.85	422.57	33
502.08	501.74	33
581.34	585.73	33
664.35	661.1	33
738.98	740.93	33
0.34	0.37	33
0.42	0.34	33
0.55	0.49	33
0.7	0.91	33
1.28	1.27	33
1.01	1.06	33
2.19	2.09	33
2.1	2.46	33
3.32	3.45	33
4.69	4.27	33
7.1	6.6	33
11.23	10.98	33
18.77	19.11	33
35.92	36.85	33
68.44	67.25	33
129.5	131.74	33
251.33	252.98	33
479.0	477.72	33
699.04	690.74	33
912.48	918.91	33
1137.75	1136.92	33
1361.66	1360.68	33
1588.72	1591.61	33
1815.3	1813.21	33
2035.25	2044.16	33
0.35	0.28	33
0.32	0.33	33
0.55	0.45	33
0.65	0.71	33
0.86	1.06	33
1.25	1.93	33
1.6	1.59	33
2.0	2.08	33
2.75	2.86	33
3.37	3.07	33
4.26	3.99	33
5.84	5.46	33
8.81	8.13	33
13.97	13.95	33
23.63	24.95	33
47.53	46.65	33
87.01	88.84	33
167.5	162.0	33
237.28	240.85	33
304.44	311.13	33
379.78	387.22	33
460.81	454.28	33
535.08	527.97	33
602.1	605.62	33
678.02	671.07	33
0.36	0.35	33
0.38	0.32	33
0.45	0.52	33
0.82	0.71	33
1.2	1.04	33
1.28	1.5	33
1.94	1.59	33
2.28	2.53	33
3.07	2.73	33
4.5	4.04	33
7.07	6.3	33
10.3	9.74	33
17.86	17.59	33
33.63	33.58	33
64.54	62.19	33
121.11	119.27	33
235.02	227.69	33
437.5	435.2	33
639.04	629.09	33
816.26	816.43	33
1010.38	1008.78	33
1224.65	1199.99	33
1434.72	1445.13	33
1643.34	1633.72	33
1819.69	1827.75	33
0.29	0.31	34
0.43	0.36	34
0.5	0.46	34
0.76	0.72	34
0.96	1.13	34
1.39	1.4	34
1.66	1.64	34
1.91	2.83	34
3.04	2.66	34
4.15	4.54	34
6.22	6.51	34
9.89	11.51	34
17.35	18.58	34
32.71	32.72	34
63.71	64.97	34
126.16	126.53	34
248.01	246.26	34
480.46	480.56	34
714.15	713.13	34
940.84	938.99	34
1173.11	1173.75	34
1406.85	1408.68	34
1643.91	1638.93	34
1873.62	1874.6	34
2105.89	2104.76	34
0.33	0.31	34
0.52	0.39	34
0.48	0.51	34
0.78	0.74	34
1.0	0.97	34
1.42	1.35	34
1.65	1.95	34
2.03	2.39	34
2.76	3.14	34
3.61	3.77	34
4.2	4.17	34
6.8	6.64	34
10.01	10.11	34
17.71	17.4	34
30.32	30.74	34
57.11	57.29	34
111.48	110.89	34
213.88	214.54	34
316.23	315.88	34
420.51	419.8	34
521.37	523.53	34
647.84	631.95	34
765.46	760.04	34
869.86	870.5	34
981.52	983.05	34
0.33	0.29	34
0.31	0.32	34
0.41	0.48	34
0.6	0.66	34
1.21	0.92	34
1.29	1.45	34
1.4	1.35	34
1.65	1.86	34
2.8	2.66	34
3.54	4.04	34
5.4	5.28	34
8.71	9.51	34
15.32	15.24	34
29.18	29.03	34
55.05	56.68	34
109.49	110.1	34
209.56	209.3	34
410.29	408.39	34
611.18	618.88	34
812.86	803.5	34
1014.92	1000.99	34
1237.18	1187.03	34
1441.76	1456.06	34
1643.01	1630.39	34
1864.12	1826.38	34
0.28	0.31	34
0.34	0.34	34
0.52	0.49	34
0.64	0.68	34
1.01	1.05	34
1.52	1.45	34
1.36	1.47	34
1.9	1.93	34
2.38	2.2	34
2.99	3.31	34
4.08	3.89	34
5.94	5.75	34
8.97	8.92	34
15.35	14.92	34
27.51	28.35	34
49.32	51.05	34
95.97	97.12	34
184.41	185.31	34
270.76	263.18	34
350.83	357.85	34
439.0	438.77	34
534.57	544.33	34
627.65	635.72	34
717.36	724.8	34
815.48	813.19	34
0.33	0.3	35
0.39	0.43	35
0.52	0.5	35
0.84	0.8	35
1.26	1.33	35
1.42	1.55	35
1.4	1.92	35
2.1	2.0	35
3.62	3.06	35
3.84	3.82	35
4.5	4.38	35
6.68	6.67	35
10.29	10.37	35
16.97	18.07	35
32.3	31.62	35
59.99	60.24	35
116.27	116.47	35
222.31	224.16	35
326.21	327.69	35
434.4	433.95	35
544.29	545.87	35
654.21	654.83	35
762.26	763.99	35
875.96	876.76	35
986.04	981.86	35
0.3	0.33	35
0.35	0.36	35
0.5	0.46	35
0.77	0.71	35
0.89	1.22	35
1.56	1.89	35
1.84	1.95	35
1.94	2.34	35
3.22	3.17	35
4.37	4.34	35
6.1	6.06	35
10.25	10.01	35
16.41	17.33	35
32.42	32.44	35
58.87	60.54	35
115.87	115.39	35
226.6	228.78	35
440.34	440.04	35
654.8	655.2	35
866.36	870.38	35
1077.04	1080.4	35
1287.73	1293.44	35
1508.15	1512.68	35
1714.22	1723.73	35
1934.23	1931.66	35
0.27	0.28	35
0.3	0.33	35
0.42	0.44	35
0.62	0.71	35
0.98	0.99	35
1.37	1.39	35
1.73	1.14	35
1.48	1.67	35
2.45	2.41	35
2.98	3.25	35
3.69	4.26	35
5.64	5.69	35
8.4	8.03	35
13.54	14.42	35
25.25	25.73	35
46.41	47.13	35
90.07	91.39	35
165.88	168.09	35
243.83	251.57	35
325.85	324.62	35
402.15	408.05	35
484.81	489.75	35
571.73	560.42	35
643.02	652.92	35
728.14	732.67	35
0.28	0.33	35
0.31	0.35	35
0.43	0.46	35
0.7	0.71	35
1.11	0.94	35
1.24	1.46	35
1.21	1.8	35
2.02	2.26	35
2.33	2.88	35
3.66	4.24	35
5.84	5.76	35
8.96	9.28	35
14.77	16.13	35
29.74	28.17	35
54.72	55.0	35
102.72	104.71	35
206.07	203.95	35
391.49	399.57	35
581.03	597.91	35
784.04	766.47	35
965.22	967.54	35
1146.19	1147.18	35
1345.36	1333.48	35
1524.36	1528.27	35
1727.1	1714.31	35
0.28	0.28	36
0.34	0.4	36
0.41	0.49	36
0.71	0.67	36
1.1	0.91	36
1.55	1.3	36
1.66	1.81	36
2.1	1.74	36
3.21	2.99	36
4.08	4.04	36
6.49	6.27	36
9.78	10.64	36
18.17	17.89	36
33.06	32.46	36
61.95	61.06	36
118.35	119.09	36
235.31	236.84	36
452.97	453.95	36
674.69	678.49	36
901.05	902.33	36
1125.64	1123.65	36
1347.59	1351.91	36
1571.03	1573.29	36
1793.98	1799.45	36
2009.1	2013.8	36
0.37	0.33	36
0.39	0.42	36
0.57	0.51	36
0.69	0.65	36
1.13	1.09	36
1.15	1.64	36
1.79	1.54	36
1.89	1.82	36
3.12	3.03	36
2.98	3.31	36
4.27	4.1	36
5.53	5.81	36
9.0	8.64	36
14.73	14.86	36
25.94	26.83	36
48.48	48.16	36
90.03	93.3	36
171.65	172.46	36
254.1	259.7	36
339.12	336.75	36
418.3	419.5	36
500.03	504.06	36
584.11	582.09	36
677.71	670.49	36
740.84	737.84	36
0.27	0.28	36
0.33	0.36	36
0.42	0.41	36
0.58	0.65	36
0.93	0.97	36
1.38	1.18	36
1.49	1.57	36
2.15	2.0	36
2.23	2.82	36
3.81	3.44	36
5.31	5.96	36
9.24	8.94	36
16.11	15.52	36
28.51	29.29	36
54.68	56.09	36
106.62	106.19	36
209.46	209.93	36
399.51	402.37	36
574.96	595.04	36
775.9	778.31	36
967.33	946.46	36
1135.77	1147.5	36
1323.21	1339.64	36
1517.22	1497.6	36
1691.26	1694.83	36
0.28	0.29	36
0.28	0.38	36
0.45	0.44	36
0.71	0.68	36
1.13	1.16	36
1.18	1.78	36
1.55	1.62	36
2.07	1.61	36
2.31	2.62	36
3.45	2.97	36
3.82	4.04	36
5.74	5.49	36
8.61	8.49	36
15.1	14.39	36
25.54	25.31	36
44.27	48.71	36
89.83	88.67	36
161.19	158.17	36
239.75	237.71	36
315.4	311.27	36
390.75	390.59	36
461.17	465.9	36
529.7	534.68	36
602.21	614.99	36
680.05	675.16	36
0.33	0.39	37
0.3	0.34	37
0.34	0.32	37
0.34	0.4	37
0.32	0.3	37
0.41	0.34	37
0.39	0.41	37
0.48	0.45	37
0.63	0.58	37
0.63	0.65	37
0.78	0.74	37
0.99	1.06	37
1.56	1.43	37
2.43	2.35	37
4.56	4.21	37
8.05	7.27	37
14.12	13.13	37
25.51	23.92	37
48.06	43.43	37
93.0	85.08	37
177.48	163.11	37
263.75	247.1	37
350.98	323.13	37
434.78	401.07	37
517.64	462.79	37
599.21	552.95	37
687.44	595.87	37
771.46	695.64	37
0.33	0.33	37
0.31	0.3	37
0.34	0.34	37
0.35	0.33	37
0.38	0.32	37
0.4	0.36	37
0.39	0.43	37
0.53	0.5	37
0.56	0.62	37
0.62	0.97	37
1.36	1.58	37
1.8	2.82	37
3.81	5.32	37
7.9	9.86	37
15.26	21.72	37
25.97	41.21	37
58.82	80.3	37
106.65	161.23	37
203.72	321.47	37
402.41	649.85	37
784.81	1254.4	37
1160.43	1859.72	37
1544.57	2466.08	37
1925.24	3075.44	37
2301.64	3634.89	37
2684.21	4328.29	37
3058.82	4839.8	37
3435.77	5494.76	37
0.26	0.27	37
0.24	0.25	37
0.27	0.28	37
0.33	0.26	37
0.27	0.3	37
0.28	0.31	37
0.36	0.36	37
0.42	0.44	37
0.53	0.5	37
0.59	0.63	37
0.79	0.73	37
1.09	1.16	37
1.65	1.86	37
2.84	2.46	37
4.46	5.66	37
8.4	8.96	37
14.03	16.86	37
23.94	25.04	37
54.32	42.36	37
109.99	98.85	37
181.21	188.5	37
248.66	256.04	37
334.53	341.24	37
412.6	398.08	37
481.51	517.38	37
558.73	585.72	37
648.81	636.61	37
733.66	754.99	37
0.31	0.31	37
0.31	0.27	37
0.35	0.29	37
0.32	0.3	37
0.29	0.3	37
0.34	0.32	37
0.35	0.4	37
0.43	0.55	37
0.64	0.68	37
0.84	1.0	37
1.15	1.71	37
2.4	2.35	37
3.6	5.39	37
7.33	11.07	37
14.61	22.53	37
29.78	44.85	37
63.77	84.37	37
107.88	181.84	37
214.32	372.44	37
419.76	678.88	37
819.32	1399.25	37
1237.02	1988.87	37
1583.92	2544.39	37
2042.73	3359.24	37
2378.94	3934.2	37
2782.21	4573.99	37
3148.66	5270.89	37
3528.08	5669.51	37
0.27	0.27	38
0.27	0.26	38
0.27	0.31	38
0.3	0.31	38
0.34	0.3	38
0.34	0.36	38
0.35	0.38	38
0.36	0.4	38
0.52	0.49	38
0.63	0.74	38
0.99	0.73	38
1.65	1.51	38
2.4	2.33	38
4.2	4.67	38
9.36	9.28	38
18.0	17.2	38
33.29	31.72	38
66.86	65.2	38
128.39	123.41	38
253.07	242.36	38
486.98	473.77	38
729.49	698.89	38
953.56	930.31	38
1189.52	1152.55	38
1437.27	1396.86	38
1676.03	1621.22	38
1910.17	1850.0	38
2146.54	2084.45	38
0.26	0.35	38
0.29	0.26	38
0.23	0.27	38
0.32	0.39	38
0.32	0.28	38
0.36	0.37	38
0.35	0.36	38
0.54	0.53	38
0.62	0.66	38
0.87	0.94	38
1.29	1.54	38
1.94	2.68	38
4.32	4.88	38
5.67	8.74	38
11.82	17.81	38
28.99	39.03	38
46.34	75.95	38
92.87	152.71	38
181.75	292.22	38
362.74	589.2	38
851.18	1140.56	38
1473.88	1686.61	38
1392.59	2256.33	38
1749.17	2808.39	38
2112.37	3321.68	38
2418.01	3863.94	38
2749.46	4459.85	38
3089.27	5072.92	38
0.23	0.28	38
0.26	0.27	38
0.27	0.27	38
0.25	0.25	38
0.29	0.25	38
0.33	0.33	38
0.33	0.35	38
0.37	0.35	38
0.49	0.47	38
0.56	0.68	38
0.89	0.92	38
1.47	1.59	38
2.25	2.22	38
4.64	4.52	38
8.66	8.35	38
16.44	15.99	38
30.34	28.57	38
57.7	57.6	38
114.45	103.98	38
212.18	230.85	38
437.61	421.58	38
622.34	588.28	38
816.61	827.3	38
1066.48	1011.89	38
1198.48	1201.99	38
1395.92	1414.54	38
1608.55	1601.47	38
1809.54	1695.75	38
0.26	0.26	38
0.27	0.28	38
0.3	0.3	38
0.3	0.27	38
0.36	0.27	38
0.31	0.29	38
0.41	0.39	38
0.54	0.43	38
0.76	0.62	38
0.87	1.12	38
1.45	1.45	38
1.69	2.82	38
3.54	5.43	38
5.22	8.93	38
11.91	19.61	38
24.08	43.2	38
47.33	75.97	38
94.57	152.1	38
234.86	303.18	38
363.73	617.34	38
1055.71	1176.24	38
1046.09	1755.21	38
1384.24	2274.73	38
1727.11	2951.04	38
2006.67	3420.26	38
2288.63	3955.46	38
2640.04	4423.24	38
3049.5	4956.78	38
0.26	0.25	39
0.28	0.25	39
0.32	0.29	39
0.31	0.28	39
0.31	0.3	39
0.33	0.3	39
0.39	0.32	39
0.46	0.39	39
0.58	0.64	39
0.72	0.83	39
1.42	1.32	39
1.73	2.34	39
2.67	4.16	39
5.37	8.41	39
9.98	16.07	39
24.34	33.96	39
40.55	67.97	39
98.05	132.58	39
156.92	265.89	39
312.8	523.54	39
608.17	1014.58	39
963.79	1505.36	39
1443.37	2011.64	39
1468.99	2467.6	39
1754.86	2951.39	39
2040.71	3521.89	39
2345.16	4023.2	39
2702.87	4464.48	39
0.33	0.3	39
0.29	0.32	39
0.33	0.31	39
0.28	0.3	39
0.31	0.34	39
0.34	0.32	39
0.41	0.36	39
0.45	0.46	39
0.53	0.57	39
0.65	0.72	39
0.84	1.01	39
1.44	1.36	39
2.28	2.29	39
4.37	4.17	39
7.79	8.14	39
16.65	15.94	39
31.24	29.57	39
59.7	57.75	39
117.35	112.66	39
230.79	221.84	39
455.87	433.79	39
674.07	647.84	39
891.22	852.68	39
1112.44	1065.26	39
1332.08	1269.66	39
1549.2	1473.95	39
1766.54	1708.24	39
1991.68	1919.55	39
0.27	0.26	39
0.25	0.26	39
0.25	0.26	39
0.25	0.24	39
0.28	0.3	39
0.33	0.31	39
0.32	0.35	39
0.45	0.44	39
0.67	0.56	39
0.76	0.82	39
1.08	1.48	39
1.66	2.54	39
3.61	4.46	39
5.02	8.72	39
11.89	16.5	39
18.4	32.69	39
44.95	67.55	39
91.98	123.87	39
184.84	243.91	39
287.35	496.18	39
525.97	970.64	39
869.07	1476.63	39
1038.12	1933.66	39
1314.18	2369.33	39
1666.5	2778.59	39
1809.95	3204.93	39
2054.34	3722.92	39
2371.5	4173.6	39
0.25	0.26	39
0.26	0.27	39
0.28	0.24	39
0.25	0.27	39
0.24	0.3	39
0.31	0.32	39
0.39	0.35	39
0.47	0.41	39
0.51	0.57	39
0.66	0.72	39
0.89	0.82	39
1.65	1.52	39
2.47	2.49	39
5.05	4.65	39
8.38	8.61	39
15.6	17.28	39
32.24	32.33	39
60.79	67.83	39
120.6	123.64	39
216.62	227.76	39
482.55	418.7	39
633.44	628.21	39
907.57	853.76	39
1050.13	1068.33	39
1264.0	1260.06	39
1457.96	1473.75	39
1673.08	1729.94	39
1899.84	1770.93	39
0.25	0.23	40
0.3	0.24	40
0.28	0.24	40
0.25	0.24	40
0.25	0.23	40
0.29	0.29	40
0.38	0.36	40
0.41	0.43	40
0.55	0.56	40
0.68	0.88	40
1.03	1.46	40
1.89	2.88	40
3.14	3.83	40
6.06	9.15	40
11.66	19.68	40
24.37	39.09	40
63.74	81.41	40
97.21	159.01	40
215.75	314.6	40
398.25	637.88	40
785.04	1249.09	40
1251.9	1893.25	40
1552.55	2509.02	40
1936.38	3079.84	40
2318.38	3675.12	40
2690.66	4281.06	40
3072.4	4868.4	40
3451.49	5475.36	40
0.25	0.25	40
0.22	0.23	40
0.26	0.23	40
0.25	0.24	40
0.27	0.25	40
0.26	0.3	40
0.31	0.31	40
0.41	0.39	40
0.57	0.51	40
0.77	0.86	40
1.24	1.46	40
1.87	2.66	40
3.26	5.04	40
5.73	9.86	40
17.53	18.8	40
23.88	40.29	40
56.38	78.22	40
93.91	152.78	40
218.75	309.81	40
365.91	614.28	40
703.85	1237.79	40
1063.44	1714.18	40
1432.83	2248.66	40
1717.87	2798.14	40
2071.86	3421.42	40
2380.69	3949.16	40
2734.44	4582.4	40
3076.44	5102.68	40
0.24	0.23	40
0.26	0.25	40
0.28	0.26	40
0.26	0.25	40
0.23	0.28	40
0.22	0.29	40
0.29	0.38	40
0.44	0.36	40
0.47	0.5	40
0.62	0.58	40
0.76	0.81	40
1.12	1.22	40
1.59	1.84	40
2.72	2.94	40
5.03	4.85	40
8.57	9.35	40
14.66	12.98	40
27.7	31.94	40
51.03	49.21	40
92.51	102.62	40
191.63	227.57	40
260.2	242.77	40
332.38	345.69	40
406.01	404.96	40
484.7	485.2	40
579.53	575.38	40
655.95	638.76	40
724.21	730.05	40
