0.64	0.6	1
0.69	0.75	1
0.9	1.13	1
1.2	0.85	1
1.34	1.7	1
1.35	1.71	1
1.36	1.65	1
1.55	1.8	1
1.92	1.76	1
2.5	2.17	1
3.16	2.53	1
4.04	4.05	1
6.59	6.18	1
10.91	10.09	1
18.72	18.88	1
35.59	34.8	1
67.34	65.22	1
127.31	131.14	1
246.58	245.61	1
362.94	496.84	1
483.17	498.73	1
600.17	601.59	1
916.02	716.76	1
831.56	830.14	1
1204.79	945.45	1
1068.11	1066.92	1
0.62	0.52	1
0.8	0.71	1
1.25	1.08	1
1.2	1.26	1
1.28	1.54	1
1.6	1.6	1
1.48	1.76	1
2.39	2.25	1
3.14	2.6	1
4.64	4.48	1
8.17	8.4	1
14.72	14.44	1
26.57	23.11	1
53.49	54.5	1
104.85	90.53	1
207.67	205.33	1
409.89	412.45	1
819.68	817.69	1
1590.21	1604.78	1
2024.42	2394.55	1
3185.11	3218.21	1
4039.76	4048.25	1
4904.78	4913.31	1
5742.28	5742.82	1
6583.16	6585.67	1
7386.66	7426.82	1
0.58	0.52	1
0.76	0.72	1
0.75	0.82	1
0.91	0.88	1
1.1	1.17	1
1.45	1.45	1
1.49	1.41	1
1.77	1.95	1
1.99	1.92	1
2.36	2.01	1
3.79	2.73	1
4.8	3.86	1
7.08	6.64	1
14.34	11.38	1
20.23	19.17	1
35.96	36.23	1
67.84	66.82	1
129.61	163.31	1
310.02	249.15	1
369.2	369.76	1
616.76	484.22	1
601.42	598.42	1
720.87	721.77	1
829.64	858.81	1
949.32	949.5	1
1068.17	1066.96	1
0.67	0.56	1
0.87	0.83	1
1.23	1.23	1
1.16	1.21	1
1.45	1.34	1
1.42	1.63	1
1.78	1.77	1
2.2	2.08	1
3.34	2.81	1
4.9	4.08	1
9.05	7.63	1
14.67	14.3	1
29.94	28.46	1
54.33	54.4	1
104.37	104.81	1
206.73	206.84	1
412.08	412.12	1
702.7	819.17	1
1593.82	1601.51	1
2366.64	2370.78	1
3189.84	3195.78	1
4049.53	3474.82	1
4887.45	4890.24	1
5740.2	5745.53	1
6586.35	6626.4	1
7395.59	7412.06	1
0.58	0.57	2
0.81	0.87	2
0.98	1.23	2
1.13	1.38	2
1.43	1.49	2
1.55	1.44	2
2.01	1.53	2
1.94	1.59	2
2.42	2.34	2
2.87	3.02	2
4.15	4.46	2
6.76	6.12	2
10.62	11.18	2
21.75	19.23	2
36.46	36.09	2
69.24	68.64	2
136.52	135.92	2
268.77	299.11	2
587.06	521.24	2
764.31	765.12	2
1015.67	1014.35	2
1259.5	1413.36	2
1681.9	1507.46	2
1737.65	1739.42	2
2221.64	2030.69	2
2222.23	2223.87	2
0.56	0.51	2
0.94	0.7	2
0.93	0.92	2
1.23	1.02	2
1.31	1.15	2
1.38	1.41	2
1.67	1.81	2
2.1	2.1	2
2.45	2.47	2
4.5	4.04	2
6.03	7.5	2
13.61	12.85	2
17.09	25.29	2
46.87	40.06	2
78.11	91.87	2
181.22	181.01	2
356.11	355.76	2
708.43	708.84	2
1369.99	1371.79	2
2036.68	2033.32	2
2694.69	2699.51	2
3353.76	3350.96	2
4005.48	4002.52	2
4654.42	4656.41	2
5323.93	5314.97	2
5960.76	5957.61	2
0.54	0.53	2
0.76	0.76	2
0.97	0.87	2
1.18	1.33	2
1.21	1.14	2
1.41	1.62	2
1.42	1.49	2
1.86	1.71	2
2.27	1.98	2
3.18	2.63	2
4.63	3.9	2
6.62	6.82	2
11.24	10.05	2
18.97	18.64	2
34.89	34.34	2
66.47	65.83	2
126.52	147.61	2
251.16	252.3	2
484.95	484.2	2
721.65	716.67	2
1098.66	1100.52	2
1180.15	1398.53	2
1409.48	1439.33	2
1653.89	1646.26	2
1879.97	1874.72	2
2105.89	2164.63	2
0.55	0.52	2
0.95	0.76	2
0.9	1.01	2
1.22	1.33	2
1.43	1.19	2
1.11	1.39	2
1.79	2.06	2
1.97	2.42	2
2.99	2.97	2
4.32	3.97	2
8.03	7.13	2
13.52	13.32	2
24.32	25.07	2
49.13	46.18	2
93.42	76.88	2
179.76	179.26	2
357.94	356.12	2
708.27	707.43	2
1378.59	1386.47	2
2034.65	2037.75	2
2701.08	2702.97	2
3345.36	3349.21	2
4004.09	3997.27	2
4620.5	4628.46	2
4416.21	5221.98	2
5835.44	5826.62	2
0.56	0.54	3
0.82	0.69	3
0.86	0.76	3
1.02	0.92	3
1.09	1.38	3
1.57	1.61	3
1.98	1.57	3
1.84	1.57	3
3.41	2.53	3
4.57	3.97	3
6.54	7.01	3
11.88	12.34	3
23.66	23.45	3
44.19	44.81	3
87.9	87.52	3
171.43	173.65	3
341.22	343.73	3
677.75	678.83	3
1311.94	1315.23	3
1941.59	1957.58	3
2570.22	2571.54	3
3193.17	3199.83	3
3823.88	3826.6	3
4631.75	4633.12	3
4461.42	4485.43	3
5948.28	5956.57	3
0.55	0.65	3
0.82	1.05	3
1.09	1.07	3
1.09	1.53	3
2.0	1.28	3
1.36	1.38	3
1.69	1.64	3
1.83	1.83	3
2.59	2.5	3
2.55	2.83	3
4.03	4.48	3
6.41	6.09	3
10.31	10.91	3
20.03	19.01	3
37.2	40.56	3
69.45	71.51	3
135.34	139.5	3
268.27	267.9	3
520.75	583.28	3
774.93	783.64	3
1021.93	1020.79	3
1283.53	1304.53	3
1739.9	1565.13	3
2297.14	1815.34	3
2075.39	2087.0	3
2356.76	2378.13	3
0.52	0.48	3
0.69	0.68	3
0.94	0.98	3
1.05	1.05	3
0.92	1.14	3
1.38	1.56	3
1.55	1.62	3
1.74	1.83	3
2.66	2.3	3
4.25	3.72	3
6.58	6.22	3
12.75	11.22	3
22.52	21.47	3
42.04	41.36	3
81.49	80.0	3
158.06	157.23	3
310.89	310.22	3
520.54	616.01	3
1203.03	1199.86	3
1491.85	1780.42	3
1978.34	2368.14	3
2935.01	2964.85	3
3519.43	3526.22	3
4100.75	4096.28	3
4675.08	4674.74	3
5258.44	5289.89	3
0.52	0.45	3
0.8	0.72	3
0.93	0.9	3
1.11	1.16	3
1.4	1.29	3
1.32	1.38	3
1.49	1.52	3
1.63	1.68	3
2.13	2.13	3
3.39	2.85	3
4.25	3.75	3
7.05	5.81	3
10.9	11.0	3
19.58	18.32	3
34.41	33.84	3
65.95	64.98	3
127.07	148.53	3
249.92	248.82	3
481.49	482.06	3
711.84	712.11	3
1072.93	966.73	3
1179.67	1199.02	3
1421.46	1408.41	3
1645.63	1640.85	3
1882.38	1890.8	3
2379.79	2100.83	3
0.69	0.69	4
0.89	0.81	4
1.18	1.11	4
1.44	1.3	4
1.47	1.18	4
1.49	1.37	4
1.99	1.46	4
2.28	2.11	4
3.42	3.12	4
4.92	4.47	4
8.67	7.56	4
15.66	14.71	4
28.26	27.33	4
54.94	55.09	4
107.42	91.89	4
211.12	149.04	4
419.59	419.27	4
833.53	840.92	4
1614.79	1376.62	4
2400.41	2401.5	4
3172.78	3177.78	4
3944.38	3949.02	4
4725.23	4723.07	4
5496.23	5536.54	4
6281.04	6268.01	4
7051.75	7051.06	4
0.55	0.5	4
0.72	0.78	4
0.98	0.97	4
1.32	1.31	4
0.84	1.19	4
1.47	0.98	4
1.57	1.79	4
1.46	1.54	4
1.79	2.07	4
2.17	2.57	4
3.25	2.73	4
4.01	4.22	4
6.16	6.6	4
10.69	12.91	4
19.44	19.12	4
35.04	33.79	4
65.86	65.53	4
127.44	127.38	4
374.94	251.57	4
365.87	366.18	4
483.71	480.4	4
761.3	756.11	4
908.32	716.78	4
846.71	834.13	4
948.34	991.31	4
1065.43	1066.42	4
0.52	0.56	4
0.76	0.76	4
1.02	0.82	4
1.23	1.17	4
1.15	1.27	4
1.29	1.34	4
1.57	1.63	4
2.23	2.24	4
2.96	2.57	4
4.94	3.91	4
8.4	7.26	4
13.65	13.06	4
21.19	24.25	4
48.4	48.41	4
94.42	93.89	4
186.5	185.59	4
369.67	369.37	4
734.81	734.89	4
1415.46	1414.61	4
2098.37	2105.98	4
2785.56	2378.29	4
3465.86	3481.18	4
4156.82	3557.14	4
4840.36	4102.1	4
5513.9	4680.3	4
6208.7	6209.74	4
0.6	0.48	4
0.68	0.7	4
0.92	0.91	4
1.05	1.02	4
1.38	1.3	4
1.53	1.19	4
1.6	1.54	4
2.03	1.47	4
1.82	1.9	4
3.15	2.22	4
4.1	3.0	4
4.64	4.18	4
7.75	6.66	4
11.43	11.23	4
20.17	18.93	4
36.07	47.06	4
66.61	68.63	4
170.96	128.17	4
250.15	249.28	4
368.18	474.72	4
483.09	484.83	4
597.2	602.05	4
718.49	708.55	4
833.41	832.75	4
942.67	976.59	4
1074.0	1066.42	4
0.44	0.38	5
0.57	0.56	5
0.87	0.85	5
1.14	1.5	5
2.29	2.57	5
3.11	2.28	5
4.27	2.16	5
4.36	4.21	5
4.72	5.03	5
6.43	6.18	5
11.4	10.74	5
17.79	19.11	5
35.49	34.28	5
64.29	64.54	5
120.7	121.23	5
217.22	219.81	5
373.72	374.83	5
627.78	633.06	5
870.09	872.96	5
1119.72	1121.98	5
1355.88	1358.93	5
1582.29	1574.87	5
1793.32	1782.58	5
1980.92	1996.97	5
2191.53	2180.8	5
0.36	0.41	5
0.56	0.55	5
0.89	0.83	5
1.36	1.4	5
2.17	1.69	5
1.97	2.16	5
4.33	3.99	5
5.71	5.26	5
9.26	8.81	5
14.73	15.15	5
27.8	28.62	5
53.27	52.53	5
100.26	100.56	5
185.84	183.42	5
329.35	326.96	5
538.78	541.32	5
796.3	791.32	5
1210.3	1207.93	5
1595.48	1593.54	5
1965.27	1981.02	5
2355.61	2374.15	5
2776.43	2773.33	5
3126.35	3173.29	5
3554.41	3574.47	5
3921.06	3948.8	5
0.38	0.38	5
0.48	0.47	5
0.76	0.85	5
1.34	1.32	5
1.87	2.05	5
1.77	2.97	5
3.57	2.91	5
4.05	3.71	5
4.97	4.49	5
5.96	6.48	5
9.99	9.15	5
16.12	17.71	5
29.32	28.97	5
53.39	54.86	5
99.24	97.84	5
180.01	176.23	5
310.65	306.34	5
542.35	543.18	5
775.77	767.31	5
991.62	1004.49	5
1243.38	1234.97	5
1482.24	1466.31	5
1697.88	1663.01	5
1898.5	1876.81	5
2102.86	2087.5	5
0.38	0.4	5
0.51	0.44	5
0.87	0.83	5
1.43	1.39	5
2.68	2.14	5
2.38	3.79	5
4.6	4.17	5
4.9	5.36	5
8.28	9.24	5
16.33	15.8	5
26.77	28.34	5
52.2	51.82	5
98.27	98.48	5
180.52	181.66	5
313.15	314.28	5
506.48	505.3	5
746.12	749.34	5
1129.78	1142.57	5
1511.44	1525.2	5
1900.17	1888.89	5
2269.58	2278.8	5
2668.53	2670.1	5
3009.48	3022.72	5
3429.63	3425.95	5
3772.68	3745.63	5
0.4	0.42	6
0.58	0.52	6
0.88	0.85	6
1.32	1.56	6
1.7	2.34	6
2.98	3.0	6
4.08	3.53	6
5.15	4.43	6
9.26	8.62	6
15.53	15.19	6
28.11	28.33	6
53.16	53.71	6
101.39	99.82	6
188.68	188.11	6
336.66	333.68	6
556.12	557.24	6
820.91	813.32	6
1207.53	1217.64	6
1592.53	1593.83	6
1961.7	1970.1	6
2343.93	2326.98	6
2761.64	2751.93	6
3120.44	3110.93	6
3459.67	3468.11	6
3794.39	3803.6	6
0.45	0.42	6
0.5	0.54	6
0.92	0.87	6
1.21	1.55	6
1.73	2.81	6
2.5	3.99	6
2.77	2.64	6
3.84	3.93	6
4.65	4.06	6
6.48	7.4	6
11.24	10.39	6
19.77	18.55	6
34.8	36.82	6
67.48	66.87	6
127.08	126.02	6
227.92	223.05	6
384.78	381.53	6
647.13	646.93	6
879.59	884.18	6
1095.63	1112.43	6
1332.57	1334.28	6
1567.54	1574.58	6
1789.17	1792.64	6
2040.15	2036.36	6
2278.08	2278.51	6
0.4	0.34	6
0.47	0.49	6
0.68	0.69	6
1.29	1.17	6
2.15	1.9	6
2.29	2.9	6
3.47	4.03	6
4.17	4.53	6
7.1	6.78	6
12.01	11.38	6
20.2	19.45	6
38.84	38.11	6
73.38	72.39	6
128.0	131.88	6
233.16	234.98	6
392.82	391.21	6
607.22	604.88	6
942.93	947.17	6
1292.17	1288.03	6
1633.65	1648.48	6
1951.49	1966.5	6
2319.86	2308.49	6
2652.67	2643.24	6
2970.73	2964.6	6
3285.16	3279.67	6
0.45	0.4	6
0.52	0.48	6
0.93	0.8	6
1.45	1.14	6
2.08	2.41	6
3.45	2.82	6
2.13	2.85	6
3.44	3.13	6
4.18	3.91	6
7.24	6.74	6
9.76	9.98	6
17.69	18.23	6
32.94	32.41	6
57.83	58.63	6
109.54	106.08	6
188.54	194.4	6
330.59	326.72	6
563.14	570.39	6
795.72	790.62	6
1025.39	1013.36	6
1250.95	1237.73	6
1475.79	1478.27	6
1716.59	1701.51	6
1946.44	1938.85	6
2184.9	2146.84	6
0.38	0.37	7
0.54	0.5	7
0.82	0.9	7
1.51	1.45	7
2.23	2.27	7
3.06	1.42	7
2.95	2.18	7
3.44	3.86	7
4.1	4.47	7
5.87	7.56	7
10.26	11.38	7
19.03	18.27	7
34.26	33.39	7
65.68	64.38	7
119.43	119.68	7
219.44	217.1	7
373.7	375.38	7
625.59	626.36	7
866.64	869.16	7
1083.13	1098.09	7
1315.83	1325.86	7
1543.39	1549.11	7
1787.38	1787.03	7
2016.68	2029.58	7
2273.55	2236.48	7
0.42	0.37	7
0.64	0.5	7
0.74	0.76	7
1.26	1.32	7
2.25	2.03	7
1.76	3.46	7
2.83	3.75	7
4.91	5.9	7
7.61	9.24	7
14.68	14.31	7
26.3	27.11	7
49.62	50.74	7
97.84	96.93	7
178.69	179.03	7
316.51	315.97	7
534.79	527.64	7
784.06	792.83	7
1193.74	1180.65	7
1568.96	1551.71	7
1934.5	1940.58	7
2308.78	2307.15	7
2649.93	2664.51	7
3025.04	3029.54	7
3368.56	3382.45	7
3694.31	3686.87	7
0.4	0.36	7
0.46	0.51	7
0.71	0.8	7
1.32	1.26	7
2.22	2.42	7
2.56	3.26	7
3.0	2.13	7
3.21	3.35	7
4.54	4.1	7
6.57	6.76	7
9.75	9.23	7
16.59	15.25	7
29.07	28.06	7
52.78	52.41	7
98.34	100.56	7
178.56	175.97	7
314.19	305.35	7
541.44	543.4	7
777.97	776.88	7
990.42	1000.01	7
1216.77	1214.7	7
1450.46	1436.25	7
1692.77	1663.24	7
1919.81	1898.93	7
2169.0	2124.15	7
0.39	0.34	7
0.49	0.47	7
0.77	0.75	7
1.24	1.31	7
1.97	2.27	7
2.92	2.55	7
2.93	3.06	7
5.21	4.26	7
6.55	7.23	7
12.79	12.66	7
23.01	22.75	7
41.95	42.51	7
79.01	78.48	7
145.87	145.61	7
259.64	256.04	7
432.39	424.25	7
647.91	644.18	7
1001.91	997.91	7
1342.56	1341.27	7
1691.21	1697.27	7
2044.06	2046.06	7
2411.91	2404.51	7
2748.49	2739.05	7
3078.98	3077.69	7
3406.91	3406.7	7
0.41	0.44	8
0.53	0.5	8
0.88	0.86	8
1.35	1.21	8
1.69	1.72	8
2.72	3.51	8
2.93	3.6	8
4.56	4.44	8
8.31	8.9	8
15.96	15.1	8
28.74	28.11	8
52.1	52.73	8
101.37	100.16	8
184.32	185.26	8
332.04	329.53	8
548.71	550.02	8
821.49	815.06	8
1231.53	1229.25	8
1624.15	1622.07	8
1996.9	2056.19	8
2444.39	2471.94	8
2851.78	2855.66	8
3255.2	3311.8	8
3658.37	3699.41	8
4053.16	4149.53	8
0.44	0.39	8
0.6	0.64	8
0.79	0.89	8
1.31	1.5	8
2.16	2.8	8
2.69	3.63	8
3.93	3.29	8
3.4	4.09	8
4.32	4.7	8
7.57	7.71	8
11.25	11.57	8
19.57	19.39	8
35.07	35.94	8
67.85	67.18	8
126.9	124.03	8
226.72	226.83	8
385.46	384.55	8
639.16	633.92	8
881.57	883.98	8
1120.71	1120.92	8
1364.45	1358.33	8
1564.56	1577.34	8
1791.08	1798.78	8
1969.3	1990.47	8
2162.65	2194.66	8
0.36	0.38	8
0.52	0.45	8
0.66	0.68	8
1.21	1.27	8
2.15	2.25	8
2.86	2.3	8
4.05	3.32	8
4.49	4.19	8
7.08	6.98	8
12.63	11.71	8
19.53	19.82	8
37.63	37.89	8
71.78	70.43	8
128.53	132.65	8
229.78	232.92	8
390.72	394.8	8
609.76	602.69	8
968.85	968.54	8
1321.95	1314.41	8
1665.9	1681.21	8
2025.05	2025.14	8
2373.02	2364.46	8
2759.66	2750.92	8
3129.55	3114.06	8
3506.13	3526.92	8
0.36	0.37	8
0.59	0.47	8
0.76	0.79	8
1.29	1.26	8
1.87	2.1	8
2.5	2.84	8
2.31	3.29	8
2.98	2.59	8
4.53	5.62	8
5.73	5.35	8
9.54	9.25	8
14.94	15.77	8
28.67	29.71	8
53.05	53.21	8
94.43	97.98	8
176.39	176.32	8
313.5	308.7	8
534.1	550.76	8
770.52	767.88	8
998.7	994.9	8
1230.07	1214.45	8
1471.1	1430.37	8
1666.23	1656.7	8
1883.75	1857.18	8
2080.8	2052.12	8
0.34	0.28	9
0.28	0.25	9
0.27	0.27	9
0.36	0.31	9
0.35	0.32	9
0.4	0.36	9
0.43	0.32	9
0.44	0.39	9
0.54	0.45	9
0.61	0.52	9
0.59	0.58	9
0.93	0.93	9
1.19	1.08	9
1.91	1.77	9
2.6	2.5	9
4.69	4.63	9
7.9	7.78	9
14.95	14.18	9
25.76	24.97	9
49.43	48.4	9
94.49	88.96	9
174.57	172.75	9
271.99	252.33	9
359.31	329.7	9
433.73	414.72	9
524.3	493.17	9
619.94	573.3	9
705.12	653.41	9
778.59	731.67	9
0.28	0.29	9
0.39	0.28	9
0.31	0.3	9
0.38	0.3	9
0.29	0.32	9
0.34	0.33	9
0.4	0.37	9
0.45	0.4	9
0.55	0.51	9
0.66	0.77	9
1.06	1.25	9
1.99	1.68	9
3.91	3.46	9
6.17	6.24	9
12.65	12.79	9
26.38	26.94	9
53.01	54.3	9
106.12	108.01	9
212.98	216.58	9
423.11	424.75	9
827.41	842.41	9
1630.8	1665.59	9
2434.69	2485.83	9
3209.2	3234.6	9
3888.4	3966.08	9
4632.29	4697.78	9
5402.66	5514.88	9
6311.48	6331.38	9
6996.57	7137.44	9
0.26	0.22	9
0.26	0.26	9
0.23	0.27	9
0.28	0.29	9
0.28	0.22	9
0.27	0.28	9
0.35	0.31	9
0.34	0.28	9
0.3	0.3	9
0.56	0.54	9
0.74	0.64	9
1.04	0.81	9
1.25	1.15	9
2.32	1.76	9
3.0	2.56	9
5.08	4.52	9
10.44	7.74	9
17.38	13.63	9
32.91	24.63	9
80.75	45.98	9
99.46	91.16	9
237.17	172.06	9
371.11	251.27	9
457.39	332.94	9
558.53	419.74	9
642.68	490.52	9
574.15	571.21	9
897.55	661.6	9
924.82	729.97	9
0.27	0.32	9
0.26	0.32	9
0.3	0.31	9
0.32	0.28	9
0.32	0.26	9
0.39	0.35	9
0.35	0.31	9
0.45	0.33	9
0.5	0.49	9
0.72	0.74	9
1.22	1.18	9
1.88	1.42	9
3.01	3.54	9
6.24	6.56	9
13.36	12.75	9
28.03	27.03	9
55.42	54.31	9
114.81	108.56	9
222.1	215.54	9
431.77	428.54	9
891.52	844.01	9
1691.18	1663.52	9
2622.58	2483.65	9
3290.92	3228.44	9
4099.59	3965.28	9
4954.68	4700.69	9
5620.54	5517.54	9
6630.73	6328.77	9
7525.4	7147.24	9
0.28	0.21	10
0.31	0.23	10
0.34	0.27	10
0.3	0.27	10
0.26	0.28	10
0.35	0.29	10
0.34	0.42	10
0.34	0.4	10
0.37	0.47	10
0.52	0.54	10
0.69	0.71	10
1.09	1.03	10
1.53	1.58	10
2.6	2.69	10
4.69	4.07	10
8.24	8.29	10
16.19	16.14	10
31.02	30.07	10
60.23	58.38	10
117.16	116.99	10
234.07	230.5	10
448.65	445.0	10
672.56	659.42	10
905.84	875.85	10
1100.54	1090.98	10
1327.7	1305.94	10
1534.81	1523.83	10
1788.28	1727.89	10
1990.34	1940.62	10
0.25	0.26	10
0.28	0.22	10
0.33	0.26	10
0.26	0.28	10
0.32	0.28	10
0.29	0.29	10
0.32	0.35	10
0.38	0.36	10
0.54	0.62	10
0.73	0.51	10
1.09	0.96	10
1.34	1.48	10
2.97	3.03	10
5.82	5.71	10
10.38	10.64	10
21.59	21.57	10
42.51	44.02	10
85.35	86.7	10
169.51	173.27	10
335.46	343.34	10
674.8	685.26	10
1311.57	1329.86	10
1916.48	1960.75	10
2520.44	2588.86	10
3175.6	3213.19	10
3720.91	3830.28	10
4365.09	4435.75	10
4926.28	5059.32	10
5531.93	5672.9	10
0.25	0.21	10
0.23	0.22	10
0.23	0.24	10
0.26	0.23	10
0.24	0.25	10
0.3	0.26	10
0.29	0.3	10
0.35	0.33	10
0.33	0.32	10
0.53	0.56	10
0.69	0.62	10
1.11	1.07	10
1.75	1.49	10
2.77	2.55	10
4.65	4.11	10
10.73	8.13	10
19.6	15.05	10
33.67	29.1	10
60.54	55.2	10
120.87	108.41	10
223.7	212.23	10
487.24	411.92	10
676.31	605.58	10
968.49	801.12	10
1091.37	996.43	10
1331.33	1219.41	10
1461.28	1387.62	10
1746.14	1589.25	10
1873.21	1784.3	10
0.25	0.26	10
0.24	0.24	10
0.26	0.29	10
0.26	0.24	10
0.28	0.25	10
0.29	0.36	10
0.34	0.28	10
0.37	0.51	10
0.44	0.58	10
0.75	0.71	10
0.97	1.33	10
2.31	2.15	10
3.19	3.89	10
5.59	5.07	10
12.1	11.22	10
22.18	22.38	10
46.92	43.09	10
87.9	86.61	10
178.21	171.68	10
349.01	342.37	10
705.86	682.92	10
1387.95	1327.96	10
2028.55	1952.36	10
2623.59	2585.03	10
3383.83	3199.47	10
3861.88	3794.15	10
4673.88	4397.43	10
5113.82	4920.88	10
5704.84	5501.64	10
0.26	0.31	11
0.26	0.28	11
0.27	0.23	11
0.27	0.3	11
0.31	0.26	11
0.33	0.25	11
0.35	0.3	11
0.38	0.4	11
0.51	0.52	11
0.62	0.68	11
1.08	1.2	11
2.14	1.8	11
2.35	3.54	11
5.58	4.64	11
9.69	10.81	11
20.56	20.11	11
43.85	44.62	11
83.97	86.4	11
166.86	171.66	11
333.52	336.69	11
661.95	673.55	11
1272.27	1310.16	11
1911.79	1942.48	11
2576.23	2571.86	11
3127.78	3202.18	11
3743.58	3838.09	11
4392.01	4464.74	11
5025.01	5127.39	11
5623.49	5727.46	11
0.27	0.26	11
0.24	0.26	11
0.28	0.24	11
0.27	0.35	11
0.28	0.3	11
0.28	0.27	11
0.37	0.34	11
0.27	0.28	11
0.43	0.39	11
0.57	0.55	11
0.75	0.59	11
1.03	1.08	11
1.49	1.41	11
2.47	2.68	11
4.4	4.2	11
8.34	8.11	11
16.4	15.16	11
30.68	30.17	11
60.1	58.31	11
115.88	113.54	11
225.42	227.96	11
453.12	449.55	11
665.47	657.68	11
879.55	865.7	11
1107.06	1076.65	11
1301.4	1274.17	11
1492.1	1476.7	11
1712.72	1678.37	11
1935.93	1882.56	11
0.25	0.24	11
0.24	0.23	11
0.25	0.28	11
0.25	0.23	11
0.26	0.27	11
0.29	0.27	11
0.26	0.23	11
0.34	0.37	11
0.47	0.41	11
0.68	0.66	11
0.9	1.01	11
1.83	1.49	11
3.16	2.36	11
4.79	5.01	11
9.6	7.84	11
19.28	18.29	11
39.49	37.93	11
77.97	75.19	11
165.17	150.01	11
326.52	297.84	11
601.63	592.24	11
1227.89	1154.22	11
1822.09	1715.36	11
2499.2	2272.84	11
2972.13	2834.31	11
3610.95	3396.39	11
4307.61	3947.33	11
4770.68	4514.49	11
5268.31	5057.24	11
0.24	0.23	11
0.29	0.25	11
0.28	0.22	11
0.26	0.27	11
0.29	0.28	11
0.28	0.28	11
0.35	0.38	11
0.37	0.36	11
0.44	0.36	11
0.66	0.63	11
0.79	0.74	11
1.13	1.15	11
1.78	1.4	11
3.01	2.96	11
4.74	4.36	11
9.49	8.07	11
19.09	15.24	11
33.46	29.91	11
63.11	57.82	11
119.93	112.82	11
240.83	221.62	11
477.9	430.88	11
662.18	641.87	11
885.95	840.89	11
1178.98	1046.13	11
1386.27	1240.4	11
1647.79	1445.61	11
1815.73	1644.05	11
1932.4	1849.5	11
0.27	0.27	12
0.27	0.24	12
0.25	0.26	12
0.29	0.23	12
0.25	0.2	12
0.27	0.31	12
0.32	0.32	12
0.41	0.4	12
0.47	0.45	12
0.65	0.62	12
1.06	0.92	12
1.88	1.82	12
2.99	3.5	12
6.62	5.69	12
11.86	11.9	12
24.3	24.28	12
49.5	50.27	12
98.25	99.97	12
194.53	197.13	12
385.51	393.76	12
772.64	788.26	12
1520.2	1531.62	12
2251.14	2269.57	12
2968.24	3003.63	12
3664.68	3747.34	12
4388.73	4489.68	12
5136.63	5215.42	12
5827.56	5956.89	12
6605.02	6696.68	12
0.27	0.24	12
0.27	0.25	12
0.3	0.24	12
0.25	0.3	12
0.28	0.3	12
0.31	0.22	12
0.35	0.31	12
0.35	0.36	12
0.39	0.33	12
0.53	0.48	12
0.58	0.6	12
0.82	0.74	12
1.21	1.08	12
1.78	1.88	12
2.58	2.4	12
4.72	4.31	12
7.72	7.56	12
14.21	13.43	12
26.04	24.86	12
49.2	46.63	12
97.66	89.24	12
174.58	169.41	12
266.82	254.79	12
358.56	336.58	12
443.6	432.67	12
504.96	512.46	12
603.54	573.99	12
707.84	653.02	12
775.39	725.46	12
0.24	0.26	12
0.21	0.24	12
0.22	0.21	12
0.22	0.22	12
0.22	0.24	12
0.27	0.24	12
0.27	0.28	12
0.32	0.3	12
0.43	0.44	12
0.5	0.58	12
1.01	0.99	12
1.64	1.42	12
3.23	2.76	12
5.94	5.4	12
12.4	10.62	12
23.82	21.73	12
47.11	43.99	12
92.35	91.36	12
193.61	182.22	12
367.52	361.95	12
770.68	721.78	12
1426.87	1402.36	12
2151.52	2079.78	12
2926.6	2746.35	12
3479.41	3422.38	12
4226.56	4094.32	12
4846.13	4760.31	12
5762.14	5443.55	12
6439.36	6119.71	12
0.27	0.21	12
0.26	0.28	12
0.26	0.23	12
0.28	0.28	12
0.34	0.28	12
0.32	0.28	12
0.34	0.34	12
0.34	0.35	12
0.45	0.46	12
0.58	0.51	12
0.67	0.59	12
1.1	0.89	12
1.27	1.09	12
2.24	1.72	12
2.91	2.56	12
5.89	4.39	12
11.9	7.39	12
18.6	13.92	12
33.39	25.1	12
73.18	46.03	12
101.05	91.37	12
224.91	172.62	12
317.51	259.99	12
417.48	334.42	12
541.54	413.73	12
717.53	491.47	12
801.17	575.83	12
906.91	654.64	12
1022.1	759.92	12
0.27	0.27	13
0.35	0.29	13
0.43	0.44	13
0.59	0.73	13
1.1	1.17	13
1.68	1.91	13
3.3	3.61	13
3.31	4.67	13
4.04	4.48	13
5.48	5.65	13
7.74	7.59	13
15.1	14.22	13
23.21	23.0	13
41.71	39.35	13
70.22	69.0	13
106.86	104.32	13
144.64	143.17	13
203.72	202.64	13
314.72	308.67	13
519.5	525.19	13
735.85	731.95	13
946.72	952.71	13
1161.24	1156.25	13
1375.65	1389.72	13
1596.63	1576.76	13
1813.2	1806.33	13
1973.51	1970.1	13
0.29	0.27	13
0.35	0.28	13
0.47	0.43	13
0.64	0.67	13
1.12	1.08	13
1.86	1.59	13
3.24	3.54	13
4.48	2.9	13
3.61	4.99	13
6.14	6.57	13
10.82	9.51	13
13.32	15.2	13
27.66	26.71	13
46.56	47.8	13
79.03	78.65	13
129.58	127.74	13
182.89	185.29	13
283.24	285.34	13
471.5	470.78	13
880.68	877.19	13
1272.36	1270.28	13
1660.59	1649.55	13
2020.46	2011.64	13
2394.59	2383.03	13
2717.84	2730.75	13
3056.56	3056.75	13
3377.74	3401.89	13
0.24	0.23	13
0.29	0.28	13
0.39	0.35	13
0.6	0.56	13
0.95	1.02	13
1.72	1.22	13
2.28	2.35	13
2.75	2.98	13
3.76	3.23	13
5.24	4.64	13
6.8	7.22	13
11.55	11.19	13
19.03	18.47	13
32.63	33.32	13
56.36	53.59	13
84.6	84.74	13
114.94	113.4	13
162.5	167.91	13
269.18	268.99	13
462.41	465.95	13
663.46	664.65	13
885.55	867.89	13
1071.41	1069.63	13
1277.65	1283.77	13
1483.17	1472.34	13
1665.38	1668.9	13
1838.93	1839.76	13
0.28	0.28	13
0.32	0.31	13
0.39	0.39	13
0.64	0.6	13
0.95	0.94	13
1.21	1.77	13
1.99	2.48	13
3.04	2.95	13
3.77	3.83	13
4.88	6.65	13
8.15	8.08	13
11.75	12.38	13
21.41	22.03	13
37.38	38.18	13
63.76	62.39	13
102.93	104.26	13
155.46	151.89	13
243.65	243.24	13
420.8	413.6	13
795.04	789.9	13
1167.06	1144.6	13
1487.91	1485.64	13
1821.32	1800.6	13
2134.91	2108.14	13
2459.11	2422.54	13
2782.13	2736.64	13
3022.99	3009.52	13
0.31	0.29	14
0.33	0.33	14
0.49	0.43	14
0.73	0.67	14
1.17	1.16	14
2.15	1.99	14
2.57	3.15	14
5.02	5.71	14
4.63	3.84	14
6.46	5.46	14
9.58	9.61	14
15.7	15.93	14
28.27	26.41	14
47.62	49.38	14
81.54	84.52	14
128.76	125.37	14
181.58	183.57	14
268.73	271.23	14
446.37	443.39	14
767.92	782.21	14
1108.71	1116.2	14
1457.03	1451.53	14
1784.17	1781.75	14
2120.28	2132.44	14
2465.85	2467.56	14
2774.15	2815.49	14
3098.02	3076.24	14
0.34	0.25	14
0.38	0.35	14
0.48	0.5	14
0.7	0.75	14
1.28	1.28	14
2.2	2.1	14
3.23	3.62	14
4.51	2.59	14
4.74	3.38	14
6.29	6.09	14
7.66	8.59	14
15.19	17.13	14
25.3	25.84	14
43.63	44.89	14
70.39	74.33	14
112.73	110.49	14
150.57	150.35	14
212.94	215.15	14
331.58	330.4	14
596.56	591.68	14
875.81	871.59	14
1100.14	1101.96	14
1320.46	1311.54	14
1545.47	1548.07	14
1720.39	1756.41	14
1955.61	1933.1	14
2136.24	2164.51	14
0.28	0.25	14
0.29	0.29	14
0.38	0.38	14
0.58	0.55	14
0.95	0.91	14
1.71	1.57	14
1.61	2.59	14
3.02	1.92	14
3.92	3.11	14
4.82	4.31	14
7.98	7.93	14
13.12	12.59	14
22.07	21.48	14
35.8	36.22	14
59.74	60.61	14
96.37	91.87	14
142.35	141.66	14
216.71	224.82	14
373.4	380.43	14
662.17	664.77	14
973.56	967.21	14
1255.07	1274.35	14
1556.39	1559.93	14
1870.77	1855.16	14
2146.95	2155.86	14
2438.78	2453.0	14
2753.72	2721.69	14
0.26	0.24	14
0.37	0.3	14
0.41	0.41	14
0.65	0.66	14
1.09	1.18	14
1.95	1.89	14
2.54	3.4	14
5.61	2.88	14
5.49	4.94	14
6.27	6.55	14
10.22	9.14	14
14.62	14.73	14
23.67	24.02	14
41.41	41.55	14
66.57	68.47	14
103.24	107.99	14
142.94	139.8	14
195.09	195.19	14
318.93	312.56	14
566.2	558.72	14
853.06	830.9	14
1071.52	1045.81	14
1245.78	1240.04	14
1443.5	1439.74	14
1653.58	1624.4	14
1812.06	1791.8	14
1973.75	1943.86	14
0.3	0.25	15
0.34	0.36	15
0.45	0.44	15
0.69	0.61	15
0.9	1.07	15
1.69	1.59	15
2.71	3.54	15
3.21	4.17	15
3.61	3.53	15
5.32	6.42	15
8.93	10.3	15
14.17	13.68	15
23.77	25.15	15
41.22	41.82	15
67.21	67.82	15
104.77	105.73	15
145.62	145.78	15
207.08	205.36	15
319.43	315.42	15
575.63	571.56	15
829.98	820.56	15
1033.13	1035.58	15
1263.68	1288.5	15
1494.64	1490.84	15
1695.41	1694.89	15
1874.69	1876.85	15
2090.47	2084.96	15
0.27	0.31	15
0.32	0.29	15
0.46	0.45	15
0.61	0.63	15
0.89	1.04	15
1.53	2.01	15
2.26	3.01	15
4.22	3.26	15
5.45	4.52	15
7.64	5.06	15
9.47	10.2	15
15.52	16.43	15
26.08	27.08	15
49.22	45.07	15
75.85	76.85	15
119.44	122.52	15
174.73	172.79	15
261.62	264.45	15
434.19	429.8	15
771.99	758.9	15
1103.46	1106.46	15
1457.19	1443.04	15
1775.22	1787.63	15
2131.15	2108.82	15
2421.3	2439.94	15
2765.98	2757.76	15
3088.91	3057.5	15
0.25	0.25	15
0.29	0.27	15
0.4	0.36	15
0.6	0.55	15
0.92	0.88	15
1.78	1.63	15
2.63	1.38	15
4.14	3.0	15
4.1	3.54	15
5.98	5.39	15
8.32	7.56	15
11.55	11.24	15
19.78	19.26	15
33.46	33.18	15
53.64	53.29	15
82.89	82.28	15
114.88	116.95	15
167.39	173.55	15
282.54	276.42	15
514.05	504.2	15
753.14	736.62	15
950.65	934.16	15
1152.01	1141.88	15
1340.88	1322.27	15
1536.25	1535.31	15
1708.96	1695.93	15
1888.79	1874.33	15
0.28	0.26	15
0.3	0.32	15
0.39	0.38	15
0.59	0.59	15
0.96	0.92	15
1.65	1.67	15
2.09	1.96	15
2.48	2.69	15
4.02	3.82	15
5.95	4.9	15
8.31	7.07	15
11.63	13.2	15
22.48	20.24	15
35.73	35.64	15
61.15	61.64	15
93.44	96.33	15
143.65	141.65	15
221.52	220.42	15
374.17	377.03	15
669.79	675.97	15
967.79	966.52	15
1277.3	1271.83	15
1581.55	1571.75	15
1866.27	1869.25	15
2198.09	2175.71	15
2465.34	2460.9	15
2735.04	2752.37	15
0.28	0.26	16
0.32	0.3	16
0.5	0.4	16
0.67	0.62	16
1.09	0.89	16
1.79	1.92	16
3.6	2.81	16
5.23	3.64	16
4.27	4.3	16
5.47	6.83	16
9.25	9.7	16
15.37	15.98	16
28.18	28.0	16
49.6	48.61	16
81.22	80.97	16
127.87	126.29	16
184.03	181.16	16
276.25	272.5	16
451.09	453.55	16
831.45	836.32	16
1202.03	1199.08	16
1549.25	1556.06	16
1890.58	1920.7	16
2234.75	2243.71	16
2585.25	2586.8	16
2902.19	2927.77	16
3204.01	3232.38	16
0.27	0.25	16
0.33	0.29	16
0.41	0.42	16
0.77	0.67	16
1.15	1.08	16
1.65	2.03	16
3.48	3.01	16
3.9	5.32	16
4.4	4.63	16
7.17	5.65	16
8.84	8.36	16
13.01	13.84	16
25.95	24.4	16
42.67	42.56	16
71.98	74.64	16
109.23	109.42	16
148.63	145.87	16
205.53	206.38	16
315.14	311.13	16
538.92	516.87	16
738.87	749.33	16
956.64	954.65	16
1176.7	1180.59	16
1400.31	1385.29	16
1607.62	1609.39	16
1823.82	1797.79	16
1964.54	1963.06	16
0.23	0.24	16
0.29	0.28	16
0.42	0.38	16
0.61	0.61	16
0.97	0.93	16
1.22	1.5	16
2.92	2.64	16
3.31	2.27	16
3.28	3.39	16
3.72	4.87	16
7.09	7.86	16
12.39	14.52	16
21.19	21.69	16
36.63	36.73	16
61.29	59.92	16
96.03	96.3	16
145.28	143.24	16
225.41	223.25	16
383.69	380.76	16
729.77	712.13	16
1053.48	1041.03	16
1371.49	1356.15	16
1653.23	1636.1	16
1949.29	1932.43	16
2237.03	2252.97	16
2538.18	2510.3	16
2803.62	2830.91	16
0.25	0.25	16
0.35	0.28	16
0.42	0.41	16
0.62	0.62	16
1.11	1.07	16
1.95	1.58	16
3.72	2.59	16
2.87	2.92	16
3.54	4.14	16
5.74	6.68	16
9.2	7.64	16
14.25	12.65	16
23.15	23.22	16
38.47	40.01	16
63.79	62.23	16
98.03	94.86	16
132.44	132.45	16
181.23	185.42	16
287.19	283.65	16
477.09	481.88	16
685.91	681.39	16
897.56	896.37	16
1099.05	1107.48	16
1284.93	1298.48	16
1496.55	1495.94	16
1682.41	1697.4	16
1841.42	1853.01	16
0.4	0.43	17
0.54	0.75	17
1.01	1.07	17
1.64	1.84	17
3.28	3.31	17
5.94	4.64	17
9.28	11.79	17
7.06	7.35	17
16.63	14.36	17
17.6	16.15	17
28.53	24.93	17
42.24	43.09	17
78.63	76.44	17
142.4	147.08	17
270.57	266.7	17
500.37	497.41	17
870.73	870.69	17
1335.93	1337.26	17
1784.72	1779.05	17
2478.7	2477.73	17
3182.48	3176.68	17
3791.34	3864.45	17
4346.62	4462.39	17
4862.32	5020.75	17
5331.38	5581.37	17
5783.05	6127.53	17
6179.65	6589.83	17
0.42	0.45	17
0.67	0.57	17
0.97	0.96	17
1.8	1.89	17
3.52	2.84	17
5.67	5.07	17
10.46	8.15	17
6.87	10.54	17
14.05	23.69	17
23.88	47.38	17
47.26	115.84	17
72.91	293.13	17
138.6	517.03	17
253.34	1404.12	17
466.89	2599.58	17
841.88	4769.3	17
1425.78	7954.5	17
2151.9	10619.02	17
2722.37	11572.86	17
3645.15	13069.25	17
4389.29	14361.59	17
5169.58	15427.35	17
6048.71	16490.78	17
6919.25	17672.5	17
7853.63	18640.16	17
8778.74	19478.87	17
9656.08	20248.17	17
0.32	0.35	17
0.54	0.49	17
0.87	0.94	17
1.53	1.51	17
2.79	2.45	17
4.91	4.37	17
8.38	9.29	17
9.42	9.81	17
9.32	10.24	17
15.58	17.24	17
24.08	18.98	17
38.22	37.57	17
60.5	61.32	17
116.89	116.41	17
208.87	210.04	17
382.85	388.26	17
673.13	677.86	17
1038.86	1040.92	17
1401.93	1408.58	17
2033.35	2027.82	17
2687.76	2671.95	17
3367.61	3338.55	17
3947.96	3921.84	17
4514.34	4502.19	17
5024.82	5058.92	17
5479.56	5553.27	17
5898.39	6018.98	17
0.39	0.34	17
0.64	0.54	17
0.96	0.96	17
1.85	1.59	17
3.12	3.4	17
5.04	5.6	17
10.57	5.69	17
14.33	8.35	17
17.7	15.46	17
22.7	62.84	17
38.91	162.61	17
70.15	267.97	17
130.11	604.32	17
241.57	1230.78	17
438.96	2354.04	17
783.36	4508.27	17
1331.85	7376.09	17
1981.73	10090.28	17
2486.36	10950.43	17
3413.46	12621.2	17
4121.37	13974.82	17
4900.8	14900.13	17
5769.42	15951.49	17
6610.48	17047.08	17
7643.84	18255.5	17
8605.1	18936.33	17
9472.49	19857.05	17
0.47	0.43	18
0.66	0.72	18
1.18	1.13	18
2.09	1.65	18
3.61	3.67	18
7.09	6.25	18
10.12	11.95	18
7.61	13.0	18
18.11	24.12	18
21.42	36.38	18
41.01	144.46	18
78.91	341.15	18
147.31	617.71	18
267.88	1534.99	18
496.24	2925.21	18
896.98	5312.56	18
1516.92	8775.23	18
2271.76	11641.35	18
2918.91	12655.33	18
3790.25	14296.08	18
4594.65	15537.07	18
5644.94	16926.13	18
6707.13	17902.92	18
7622.4	18897.99	18
8354.09	19825.83	18
9027.64	20571.79	18
9615.89	21071.43	18
0.51	0.47	18
0.63	0.66	18
1.11	1.16	18
1.78	1.44	18
3.69	3.53	18
4.79	6.87	18
6.59	5.74	18
8.38	9.03	18
12.38	11.01	18
16.36	18.61	18
33.81	25.65	18
39.67	49.42	18
80.2	84.87	18
153.46	150.75	18
286.73	279.35	18
522.61	525.55	18
916.8	911.03	18
1400.91	1408.98	18
1845.79	1846.93	18
2549.6	2561.87	18
3079.61	3152.27	18
3636.24	3789.0	18
4236.24	4424.12	18
4819.13	5034.81	18
5412.04	5739.98	18
6067.16	6412.2	18
6696.36	7109.5	18
0.37	0.34	18
0.5	0.44	18
0.76	0.75	18
1.49	1.41	18
2.55	2.62	18
4.84	3.79	18
9.29	5.99	18
9.26	10.32	18
12.61	15.91	18
15.52	16.85	18
30.52	101.68	18
51.31	196.2	18
95.25	523.73	18
173.29	979.2	18
312.66	1986.78	18
566.21	3545.0	18
947.56	5911.51	18
1445.47	7903.06	18
1919.81	8740.5	18
2663.8	9945.54	18
3365.13	11030.61	18
4272.13	12079.2	18
5179.07	12988.72	18
5977.55	13903.2	18
6664.66	14783.24	18
7306.11	15433.94	18
7825.34	16015.65	18
0.42	0.45	18
0.62	0.64	18
0.94	0.85	18
1.74	1.73	18
2.61	3.19	18
6.26	5.68	18
11.48	9.7	18
9.4	10.57	18
14.66	10.37	18
15.39	15.12	18
26.6	25.56	18
47.48	41.93	18
78.62	77.63	18
143.86	142.93	18
272.49	268.49	18
504.4	500.63	18
878.56	881.76	18
1330.01	1333.36	18
1729.85	1728.45	18
2396.19	2387.74	18
2930.24	2968.99	18
3499.72	3570.24	18
4073.04	4205.9	18
4695.41	4847.95	18
5309.48	5491.94	18
5975.96	6116.09	18
6696.47	6808.5	18
0.42	0.45	19
0.55	0.6	19
0.98	1.02	19
1.88	1.83	19
2.99	3.07	19
3.32	5.63	19
7.34	6.0	19
8.86	8.92	19
11.7	13.58	19
23.14	19.29	19
28.14	28.8	19
44.64	46.66	19
84.95	80.18	19
151.26	154.01	19
278.84	280.75	19
509.47	510.71	19
890.94	891.02	19
1365.36	1371.02	19
1808.68	1813.18	19
2504.11	2518.5	19
3060.14	3137.19	19
3566.54	3733.81	19
4181.33	4342.69	19
4747.56	5000.66	19
5358.49	5640.46	19
6016.65	6350.76	19
6601.77	6970.92	19
0.47	0.39	19
0.68	0.64	19
0.93	1.0	19
1.71	1.91	19
3.41	3.35	19
6.32	7.13	19
10.91	6.84	19
10.78	8.33	19
14.48	23.7	19
28.66	36.09	19
40.5	78.76	19
72.34	199.9	19
141.38	576.11	19
258.16	1328.56	19
479.78	2753.42	19
868.43	4916.4	19
1460.28	8262.58	19
2193.61	10843.78	19
2844.32	12098.63	19
3738.0	13669.92	19
4551.31	15075.02	19
5579.36	16241.34	19
6683.12	17552.63	19
7638.49	18551.62	19
8418.31	19247.58	19
9034.32	20054.62	19
9608.35	20673.27	19
0.37	0.32	19
0.51	0.55	19
0.75	0.83	19
1.59	1.45	19
2.42	2.56	19
3.18	4.6	19
6.76	6.24	19
9.14	8.14	19
13.66	13.75	19
14.07	15.27	19
21.83	28.48	19
37.33	37.02	19
66.4	64.67	19
123.1	116.35	19
221.25	220.49	19
398.52	393.59	19
675.54	681.97	19
1032.65	1041.92	19
1422.31	1434.94	19
2066.84	2072.86	19
2609.33	2655.04	19
3167.11	3240.77	19
3723.13	3796.32	19
4264.62	4442.47	19
4880.45	5044.64	19
5528.38	5675.69	19
6149.66	6272.52	19
0.39	0.45	19
0.53	0.54	19
1.03	0.99	19
1.69	1.69	19
2.99	2.96	19
4.33	5.62	19
7.0	7.22	19
10.8	12.72	19
17.8	18.3	19
23.71	41.71	19
41.54	152.39	19
72.37	281.95	19
123.87	590.12	19
243.36	1228.01	19
442.22	2426.08	19
785.37	4518.77	19
1307.82	7437.86	19
1933.8	9753.12	19
2463.94	10677.4	19
3250.9	12122.85	19
3993.28	13331.73	19
4989.11	14368.82	19
6033.63	15623.27	19
6933.71	16629.69	19
7691.18	17331.04	19
8314.17	17988.6	19
8902.5	18608.91	19
0.4	0.4	20
0.76	0.71	20
1.09	1.05	20
1.99	2.11	20
3.6	3.89	20
6.5	6.42	20
12.99	9.35	20
19.29	13.09	20
15.58	26.62	20
28.42	48.83	20
43.91	132.57	20
77.85	373.79	20
146.87	694.99	20
268.8	1582.36	20
504.03	2967.86	20
903.43	5344.15	20
1516.22	8824.75	20
2282.85	11913.37	20
2921.54	13032.52	20
3835.94	14490.3	20
4663.79	16113.4	20
5526.89	17148.58	20
6454.81	18607.2	20
7484.98	19575.03	20
8479.46	20663.15	20
9620.26	21651.81	20
10560.76	22416.8	20
0.53	0.46	20
0.78	0.54	20
1.12	1.2	20
1.87	1.95	20
3.4	3.69	20
6.61	5.27	20
10.97	3.45	20
14.83	8.64	20
18.03	13.11	20
24.72	20.77	20
28.32	30.37	20
48.98	50.53	20
86.46	82.43	20
154.64	158.14	20
290.36	293.68	20
535.22	526.9	20
930.3	925.44	20
1427.52	1427.82	20
1894.55	1885.9	20
2593.05	2575.96	20
3261.38	3291.56	20
3898.39	3954.65	20
4454.66	4590.92	20
4948.73	5206.21	20
5440.32	5748.83	20
5870.11	6274.74	20
6285.47	6767.53	20
0.36	0.33	20
0.48	0.48	20
0.83	0.86	20
1.57	1.47	20
2.71	2.64	20
4.91	5.38	20
8.85	5.25	20
12.19	13.58	20
10.98	17.19	20
21.1	27.06	20
36.23	116.34	20
65.94	279.34	20
113.56	556.22	20
218.07	1115.99	20
392.51	2134.14	20
692.99	4021.27	20
1149.53	6606.76	20
1700.78	8652.03	20
2184.24	9705.98	20
2952.14	10839.77	20
3669.08	12092.66	20
4372.06	13353.36	20
5288.24	14577.66	20
6181.61	15453.36	20
7043.15	16270.33	20
8068.55	17154.89	20
8972.65	17781.15	20
0.39	0.36	20
0.6	0.63	20
1.03	1.13	20
1.84	1.71	20
3.36	2.15	20
5.44	5.31	20
12.07	5.95	20
14.84	6.8	20
10.51	18.43	20
14.17	21.13	20
26.58	26.05	20
44.3	48.25	20
79.71	81.55	20
146.87	148.64	20
264.13	264.52	20
480.54	485.97	20
831.25	834.19	20
1251.77	1256.92	20
1649.64	1642.17	20
2264.6	2268.5	20
2900.4	2908.49	20
3547.2	3538.97	20
4154.85	4189.53	20
4719.02	4766.17	20
5233.62	5303.39	20
5683.01	5800.16	20
6064.45	6284.74	20
0.67	0.86	21
1.07	1.25	21
1.14	1.28	21
1.55	1.51	21
1.68	1.22	21
1.66	2.09	21
1.8	1.85	21
2.51	2.54	21
2.24	2.83	21
3.19	3.0	21
5.27	4.87	21
7.07	7.63	21
13.92	11.94	21
20.89	20.96	21
38.18	45.89	21
71.81	70.73	21
138.47	139.72	21
336.58	345.69	21
391.92	396.21	21
521.03	522.17	21
816.61	813.42	21
972.82	806.05	21
902.67	905.37	21
1289.89	1027.82	21
1445.17	1161.5	21
1.13	0.8	21
1.51	1.52	21
1.92	1.87	21
1.88	1.96	21
1.48	2.21	21
2.68	2.26	21
2.45	3.78	21
5.14	3.4	21
8.01	5.92	21
11.54	10.54	21
17.8	20.89	21
38.03	38.25	21
63.13	75.2	21
149.78	146.51	21
292.22	293.0	21
582.65	583.89	21
1158.33	1158.52	21
2258.04	2265.85	21
3344.38	3341.8	21
4419.37	4433.18	21
5520.66	5515.16	21
6600.31	6623.83	21
7696.96	7719.13	21
8792.35	8783.17	21
9873.57	9878.5	21
0.8	0.77	21
0.92	0.9	21
1.34	1.4	21
1.57	1.35	21
1.31	1.65	21
1.55	1.54	21
1.9	2.13	21
2.27	2.01	21
2.57	2.33	21
4.68	2.85	21
5.42	4.72	21
7.92	7.02	21
15.9	11.77	21
21.66	20.74	21
47.15	38.93	21
73.89	72.5	21
138.83	140.44	21
269.08	267.16	21
393.78	399.64	21
524.55	518.62	21
648.47	646.93	21
972.91	772.08	21
900.4	900.46	21
1035.32	1309.64	21
1419.68	1153.5	21
1.21	0.87	21
1.15	1.2	21
1.76	1.54	21
1.86	1.65	21
2.24	2.47	21
2.14	2.34	21
2.41	2.8	21
4.17	3.2	21
7.03	7.34	21
11.92	11.23	21
17.82	20.44	21
32.4	37.05	21
73.79	74.1	21
145.37	144.57	21
285.12	239.25	21
564.03	564.7	21
1122.17	1119.22	21
2179.37	2180.78	21
3232.19	3234.27	21
4281.06	3584.19	21
5327.82	5327.21	21
6381.42	6414.07	21
7431.69	6206.65	21
8479.62	8477.44	21
9534.35	8105.66	21
0.97	0.84	22
1.66	1.34	22
1.63	1.53	22
2.07	2.33	22
2.12	1.85	22
2.56	2.45	22
2.64	2.06	22
3.36	2.65	22
3.75	3.87	22
5.09	4.81	22
7.95	8.01	22
11.53	12.26	22
20.69	21.68	22
39.51	39.53	22
83.39	73.28	22
144.26	142.23	22
280.25	280.96	22
548.38	548.27	22
803.01	803.55	22
1187.69	1064.63	22
1636.7	1326.44	22
1586.85	1789.39	22
1848.21	2061.8	22
2102.47	2113.47	22
2366.45	2413.2	22
0.79	0.78	22
0.89	1.03	22
1.51	1.26	22
1.71	1.27	22
1.45	2.14	22
2.12	1.93	22
2.71	2.57	22
4.47	3.84	22
5.37	5.66	22
8.74	9.96	22
17.7	17.79	22
34.26	33.66	22
67.09	66.19	22
107.51	129.9	22
254.79	255.22	22
504.87	507.33	22
830.09	996.77	22
1609.49	1925.37	22
2856.93	2856.78	22
2484.82	3761.42	22
3110.31	4682.01	22
5625.09	5633.4	22
6546.07	6551.34	22
7472.23	7486.07	22
8398.33	8417.28	22
1.04	0.84	22
1.55	1.49	22
2.03	1.42	22
2.04	2.03	22
2.11	1.65	22
2.75	2.47	22
2.47	1.74	22
3.22	2.7	22
3.71	3.42	22
6.1	5.01	22
8.37	6.94	22
12.6	11.57	22
21.22	19.92	22
40.61	36.73	22
71.25	68.94	22
134.22	149.57	22
265.08	266.3	22
508.57	567.29	22
842.11	752.16	22
1003.29	994.54	22
1241.07	1261.77	22
1479.47	1482.59	22
1926.3	1728.76	22
1969.0	2198.94	22
2217.05	2213.35	22
0.64	0.71	22
0.89	0.89	22
1.28	1.32	22
1.39	1.28	22
2.36	2.07	22
2.35	1.86	22
2.18	2.05	22
3.57	3.71	22
5.54	4.91	22
10.72	9.78	22
17.67	16.83	22
32.66	27.3	22
62.63	61.27	22
120.69	120.38	22
196.02	195.93	22
392.37	470.87	22
766.68	927.22	22
1794.41	1504.76	22
2648.53	2661.71	22
2917.6	3475.02	22
4348.44	4353.04	22
4298.66	5218.12	22
6082.37	6078.19	22
6974.55	5813.55	22
7795.91	7791.04	22
0.84	0.79	23
0.96	1.15	23
1.33	1.06	23
1.86	1.83	23
1.92	2.18	23
2.32	2.16	23
2.86	3.09	23
3.95	4.3	23
6.01	5.37	23
11.69	10.27	23
20.51	13.58	23
32.07	38.03	23
61.18	73.14	23
142.64	144.8	23
283.68	238.92	23
545.42	462.42	23
871.99	1038.29	23
1979.96	2010.46	23
2950.77	2957.49	23
3871.29	3880.74	23
4840.25	4820.33	23
5771.0	5767.01	23
6697.46	6701.65	23
6284.55	6242.5	23
8350.46	8314.84	23
1.11	0.99	23
1.65	1.34	23
2.12	1.69	23
2.34	2.32	23
2.54	2.34	23
2.77	2.44	23
2.61	3.21	23
2.94	3.79	23
4.04	3.94	23
5.04	4.83	23
7.65	7.61	23
13.02	12.56	23
21.38	23.01	23
38.77	37.99	23
73.19	74.02	23
158.25	161.47	23
278.9	312.73	23
545.16	605.25	23
800.74	802.56	23
1197.4	1060.69	23
1481.32	1324.63	23
1586.35	1612.22	23
1844.21	1844.55	23
2106.23	2132.93	23
2356.34	2368.28	23
0.7	0.7	23
0.8	0.99	23
1.03	1.16	23
1.44	1.37	23
1.48	1.59	23
1.8	2.09	23
2.89	2.39	23
4.05	3.38	23
5.61	4.88	23
8.97	8.61	23
15.28	14.77	23
29.23	29.21	23
55.41	54.67	23
107.38	105.53	23
173.62	211.25	23
407.27	413.05	23
806.79	793.52	23
1277.53	1541.57	23
2281.97	2278.88	23
3032.54	3009.59	23
3098.1	3750.18	23
4491.19	4523.58	23
4303.19	5233.27	23
5967.55	4940.18	23
6717.8	6709.37	23
0.84	1.08	23
1.43	1.23	23
1.92	1.66	23
2.54	2.07	23
2.17	2.04	23
2.73	2.29	23
2.79	2.26	23
3.41	3.75	23
4.52	3.44	23
5.72	5.0	23
7.78	6.98	23
13.53	11.9	23
20.86	21.65	23
39.07	36.78	23
70.56	69.4	23
135.91	132.44	23
263.38	261.21	23
507.67	507.22	23
749.36	752.98	23
995.68	994.32	23
1441.8	1238.36	23
1482.1	1505.35	23
1725.18	1740.3	23
1968.97	2289.04	23
2208.5	2519.74	23
0.84	0.74	24
1.36	1.35	24
1.53	1.51	24
1.77	1.67	24
2.32	2.05	24
2.25	2.32	24
2.48	2.79	24
3.47	2.88	24
6.33	6.22	24
9.83	9.38	24
18.35	18.03	24
34.15	29.8	24
68.42	68.69	24
135.27	134.28	24
222.36	220.13	24
537.42	536.7	24
1065.24	1067.47	24
2075.06	2076.24	24
3079.0	3088.19	24
4088.0	4108.76	24
4348.85	5180.94	24
6290.21	4299.03	24
7374.67	7399.02	24
8483.24	8516.96	24
9577.39	9592.1	24
0.79	0.89	24
0.91	0.89	24
1.33	1.39	24
1.23	1.91	24
1.31	1.27	24
2.26	1.57	24
1.77	2.18	24
1.97	1.9	24
2.24	2.41	24
3.41	3.45	24
4.18	4.1	24
8.2	8.0	24
11.71	14.2	24
20.84	24.79	24
38.37	37.14	24
89.16	72.52	24
139.84	175.0	24
264.74	341.29	24
495.79	395.64	24
520.62	654.0	24
645.71	650.47	24
773.31	779.68	24
905.2	896.62	24
1026.01	1294.95	24
1149.57	1193.53	24
0.79	0.78	24
1.13	1.18	24
1.41	1.41	24
1.59	1.43	24
1.76	1.74	24
2.0	2.08	24
2.7	2.56	24
3.71	3.49	24
6.04	5.65	24
10.4	9.09	24
17.43	16.6	24
32.58	30.53	24
60.53	58.61	24
116.81	115.22	24
231.07	193.08	24
454.23	455.07	24
901.49	902.57	24
1754.88	1753.98	24
2604.99	2606.29	24
2869.36	3475.61	24
4385.66	4381.58	24
4444.63	5330.85	24
6290.26	6284.72	24
7267.46	6038.51	24
8230.83	6864.82	24
0.69	0.72	24
0.88	0.76	24
1.13	1.36	24
1.5	1.43	24
1.88	1.91	24
1.4	1.71	24
1.97	1.91	24
2.4	2.32	24
2.95	2.32	24
4.3	2.88	24
5.14	4.71	24
7.89	6.84	24
12.65	14.78	24
21.16	20.97	24
39.79	40.58	24
73.71	85.85	24
141.39	173.9	24
267.08	265.59	24
482.51	392.97	24
518.2	523.49	24
644.57	646.85	24
1156.42	797.59	24
901.91	902.7	24
1019.89	1024.84	24
1151.87	1191.95	24
0.47	0.39	25
0.54	0.54	25
0.67	0.55	25
0.64	0.74	25
1.09	0.95	25
1.14	1.05	25
1.62	1.62	25
2.06	2.12	25
3.31	3.57	25
5.5	5.27	25
9.18	9.46	25
15.68	15.14	25
28.99	28.07	25
52.47	56.14	25
106.01	104.57	25
202.26	199.79	25
390.76	385.03	25
568.15	564.75	25
744.79	752.64	25
928.1	927.39	25
1114.62	1120.36	25
1280.43	1285.62	25
1481.02	1466.06	25
1663.96	1649.86	25
0.59	0.55	25
0.68	0.75	25
0.93	0.9	25
1.32	1.25	25
1.94	2.19	25
2.64	3.12	25
3.72	3.38	25
6.32	6.94	25
11.9	11.65	25
22.24	22.94	25
43.93	44.73	25
87.02	86.03	25
175.33	171.37	25
340.5	341.85	25
681.08	682.16	25
1347.54	1352.06	25
2622.11	2626.16	25
3899.16	3895.02	25
5167.88	5166.94	25
6444.94	6450.86	25
7668.04	7633.3	25
8868.84	8878.37	25
10103.47	10052.08	25
11302.54	11256.8	25
0.38	0.35	25
0.52	0.51	25
0.57	0.53	25
0.66	0.56	25
0.88	0.83	25
1.05	1.05	25
1.45	1.48	25
1.91	1.83	25
2.98	3.13	25
4.48	4.61	25
7.84	8.14	25
11.8	13.06	25
24.7	22.71	25
40.65	45.27	25
76.91	80.73	25
149.01	142.34	25
282.19	278.34	25
415.97	409.55	25
550.34	530.3	25
667.89	670.59	25
794.32	795.09	25
931.28	945.49	25
1049.04	1057.1	25
1173.45	1183.83	25
0.5	0.51	25
0.65	0.63	25
0.86	0.89	25
1.21	1.37	25
1.9	1.99	25
2.95	2.29	25
3.39	4.1	25
6.31	5.61	25
10.8	11.32	25
19.18	20.02	25
40.43	40.34	25
79.0	82.56	25
143.98	149.66	25
300.38	301.14	25
612.59	571.8	25
1137.75	1155.57	25
2122.13	2188.19	25
3175.83	3118.61	25
4230.32	4120.94	25
5057.76	5069.2	25
5930.94	6251.74	25
7002.74	6953.4	25
7709.81	7872.75	25
8801.88	8673.55	25
0.54	0.47	26
0.58	0.66	26
1.06	0.86	26
1.11	1.05	26
1.48	1.45	26
1.82	1.57	26
2.68	2.41	26
3.4	3.35	26
4.93	4.68	26
7.81	8.1	26
14.48	14.4	26
25.69	26.6	26
48.31	50.22	26
96.67	96.46	26
191.87	186.16	26
364.16	367.74	26
712.51	701.43	26
1045.35	1047.48	26
1381.94	1396.05	26
1717.89	1718.94	26
2066.01	2050.35	26
2401.8	2412.48	26
2746.35	2732.75	26
3074.4	3068.65	26
0.49	0.45	26
0.66	0.54	26
0.76	0.75	26
1.08	1.15	26
1.56	1.53	26
1.9	2.86	26
2.86	2.6	26
4.55	4.41	26
7.06	7.16	26
12.79	12.5	26
24.15	44.77	26
45.96	45.56	26
89.49	89.48	26
174.91	175.4	26
349.13	348.65	26
693.79	1360.91	26
1353.39	1353.78	26
2008.58	2010.86	26
2656.39	2654.42	26
3310.59	3315.4	26
3926.46	3938.0	26
4501.96	4456.47	26
4985.01	9770.8	26
5557.87	5580.91	26
0.44	0.39	26
0.55	0.5	26
0.73	0.68	26
0.92	0.86	26
1.03	1.22	26
1.56	1.59	26
2.19	2.31	26
2.81	2.69	26
4.77	4.42	26
7.25	7.48	26
12.35	12.65	26
22.74	23.46	26
44.91	44.82	26
84.22	82.24	26
160.43	158.31	26
312.95	305.41	26
584.0	581.39	26
856.89	867.72	26
1124.88	1146.13	26
1413.32	1420.53	26
1687.66	1692.57	26
1957.65	1962.17	26
2242.69	2229.81	26
2543.34	2510.35	26
0.44	0.38	26
0.57	0.55	26
0.68	0.84	26
0.97	1.19	26
1.49	1.49	26
2.53	2.25	26
2.38	3.0	26
4.76	4.45	26
8.02	7.35	26
13.22	21.32	26
23.99	25.0	26
46.95	44.69	26
88.87	89.47	26
166.81	172.2	26
334.38	342.04	26
676.61	662.05	26
1269.54	1286.47	26
1883.49	1886.36	26
2454.88	2480.7	26
3029.58	3042.98	26
3592.37	3525.25	26
4028.55	4041.6	26
4462.61	4448.79	26
4988.53	4946.17	26
0.45	0.42	27
0.53	0.47	27
0.63	0.63	27
0.93	1.01	27
1.37	1.49	27
1.8	1.41	27
2.28	2.29	27
3.88	4.48	27
6.36	6.57	27
11.03	19.11	27
21.11	37.97	27
38.58	39.36	27
77.05	77.35	27
154.17	147.0	27
291.33	291.52	27
584.5	583.88	27
1188.94	1175.59	27
1808.15	1787.58	27
2412.9	2399.67	27
3011.98	3025.87	27
3655.68	3661.36	27
4358.41	4363.04	27
4967.55	4987.35	27
5583.04	5598.08	27
0.41	0.45	27
0.64	0.61	27
0.82	0.75	27
1.03	1.03	27
1.49	1.22	27
1.52	1.68	27
2.25	2.22	27
2.96	3.21	27
4.81	4.82	27
8.17	7.77	27
14.56	14.4	27
26.29	26.92	27
51.35	49.6	27
95.74	95.79	27
189.64	193.87	27
382.35	375.81	27
728.88	736.98	27
1113.41	1103.46	27
1461.05	1459.12	27
1825.13	1827.63	27
2189.32	2191.62	27
2554.19	2567.53	27
2912.72	2952.12	27
3329.82	3296.1	27
0.41	0.36	27
0.51	0.48	27
0.68	0.58	27
1.01	1.0	27
1.31	1.38	27
2.25	2.04	27
2.51	2.84	27
4.16	3.91	27
5.55	6.84	27
9.91	10.89	27
18.23	19.09	27
35.53	34.39	27
65.62	68.8	27
131.5	130.1	27
260.32	504.24	27
518.26	518.63	27
1004.2	998.9	27
1462.07	1467.84	27
1949.39	1932.12	27
2397.92	2365.48	27
2799.91	2806.23	27
3232.23	3224.37	27
3653.6	3646.03	27
4097.64	4096.03	27
0.46	0.4	27
0.6	0.53	27
0.75	0.82	27
0.96	0.98	27
1.33	1.26	27
1.56	1.54	27
2.09	2.21	27
3.06	2.77	27
4.73	4.48	27
7.01	6.77	27
13.63	13.87	27
23.95	23.35	27
44.05	42.96	27
84.01	81.34	27
165.32	163.22	27
313.47	315.4	27
588.74	603.35	27
895.53	899.88	27
1175.43	1169.91	27
1465.36	1460.61	27
1748.87	1773.17	27
2072.24	2070.19	27
2378.11	2369.46	27
2724.25	2706.64	27
0.44	0.5	28
0.54	0.58	28
0.81	0.78	28
1.21	1.19	28
1.61	1.48	28
2.16	1.98	28
3.77	3.24	28
5.92	5.78	28
9.72	10.21	28
19.08	18.83	28
36.55	35.84	28
69.18	71.21	28
144.71	138.61	28
277.95	280.28	28
569.41	578.44	28
1174.61	1164.07	28
2319.59	2287.32	28
3464.13	3536.29	28
4744.12	4732.15	28
5890.45	5975.13	28
7235.11	7220.7	28
8362.17	8445.97	28
9590.88	9628.89	28
10731.44	10785.02	28
0.43	0.45	28
0.46	0.52	28
0.69	0.65	28
0.6	0.76	28
0.88	1.03	28
1.05	1.11	28
1.57	1.56	28
1.92	1.88	28
3.31	3.59	28
5.39	5.14	28
8.7	8.82	28
15.11	15.37	28
28.05	28.34	28
53.77	52.15	28
102.11	102.01	28
200.03	198.55	28
380.43	380.28	28
562.41	562.49	28
746.11	748.32	28
921.59	923.0	28
1109.32	1108.38	28
1287.9	1287.18	28
1458.12	1477.28	28
1645.62	1651.44	28
0.41	0.39	28
0.56	0.49	28
0.78	0.68	28
1.0	1.0	28
1.22	1.43	28
1.85	1.75	28
2.95	3.01	28
4.29	4.0	28
7.3	7.95	28
13.98	14.14	28
27.22	26.93	28
52.93	52.78	28
104.18	104.11	28
203.84	204.87	28
407.13	408.68	28
808.5	809.54	28
1569.16	1565.72	28
2320.27	2321.23	28
3002.91	2984.7	28
3846.62	3824.99	28
4567.32	4568.67	28
5289.53	5226.54	28
5944.36	5963.29	28
6648.84	6634.92	28
0.42	0.43	28
0.47	0.41	28
0.55	0.57	28
0.64	0.69	28
1.01	0.89	28
1.15	1.22	28
1.56	1.5	28
1.95	1.88	28
2.79	2.9	28
4.4	4.67	28
7.89	7.84	28
12.48	13.36	28
24.47	21.93	28
41.42	41.94	28
76.4	81.39	28
149.89	152.79	28
273.51	322.72	28
404.65	413.95	28
536.88	545.63	28
672.58	673.75	28
800.73	794.37	28
924.11	917.6	28
1054.85	1173.55	28
1184.55	1180.79	28
0.34	0.34	29
0.39	0.39	29
0.43	0.47	29
0.56	0.53	29
1.06	0.96	29
1.48	1.43	29
2.1	1.96	29
2.61	2.22	29
2.54	3.24	29
2.9	3.56	29
2.73	3.38	29
3.94	4.26	29
4.03	3.57	29
4.85	4.83	29
6.23	6.33	29
8.17	10.08	29
13.53	13.44	29
22.47	23.92	29
42.16	42.88	29
97.65	76.34	29
156.18	241.52	29
378.49	374.43	29
552.1	430.21	29
726.53	729.17	29
1110.57	911.0	29
1084.68	1339.38	29
971.29	976.47	29
1115.62	1452.43	29
1244.94	1244.83	29
0.32	0.28	29
0.37	0.34	29
0.47	0.41	29
0.59	0.62	29
0.8	0.94	29
1.7	1.6	29
2.13	1.39	29
3.31	2.63	29
3.39	3.47	29
3.19	3.59	29
3.93	4.67	29
4.85	5.21	29
7.74	7.6	29
8.15	9.46	29
17.6	20.04	29
37.16	31.26	29
70.2	59.42	29
137.52	115.14	29
227.2	271.85	29
453.86	367.18	29
907.32	1078.19	29
2103.31	2111.22	29
3191.56	3197.98	29
4362.41	3669.34	29
5568.98	4674.83	29
6758.74	5552.88	29
6648.6	7946.25	29
9137.14	9149.98	29
8473.61	10334.02	29
0.26	0.24	29
0.28	0.29	29
0.38	0.37	29
0.54	0.5	29
0.82	0.69	29
1.13	1.38	29
1.83	1.47	29
2.21	1.61	29
2.56	2.8	29
3.05	3.01	29
2.96	2.96	29
3.7	3.22	29
4.5	3.82	29
6.37	4.6	29
7.22	5.57	29
9.54	11.53	29
14.3	12.65	29
24.41	22.64	29
51.68	42.05	29
97.09	105.89	29
149.53	148.38	29
289.9	362.52	29
430.75	533.39	29
563.53	718.6	29
699.48	896.24	29
1058.21	1297.92	29
1784.91	1274.14	29
1711.77	1432.16	29
1627.12	1282.85	29
0.25	0.29	29
0.34	0.34	29
0.41	0.45	29
0.57	0.6	29
0.97	0.98	29
1.58	1.39	29
2.09	2.08	29
2.76	3.17	29
3.26	3.08	29
3.39	3.53	29
3.49	3.16	29
4.4	4.77	29
7.12	6.19	29
11.52	10.62	29
20.38	18.28	29
35.97	28.33	29
68.94	56.29	29
112.42	132.69	29
264.95	218.79	29
523.18	525.21	29
1045.5	694.38	29
1692.28	2028.86	29
2559.77	2564.81	29
3518.33	4223.39	29
5373.2	5402.83	29
5415.77	6528.67	29
6374.26	6406.87	29
7350.46	8843.24	29
8317.95	10055.25	29
0.27	0.25	30
0.35	0.3	30
0.47	0.4	30
0.59	0.65	30
1.11	1.04	30
1.46	0.88	30
2.43	2.15	30
2.33	2.48	30
3.11	2.33	30
2.8	3.2	30
3.41	3.23	30
3.64	4.48	30
4.44	5.15	30
6.33	6.08	30
8.24	8.52	30
13.64	12.23	30
21.99	23.82	30
39.78	44.94	30
76.48	76.47	30
167.51	146.0	30
289.77	288.77	30
559.46	561.89	30
953.4	827.97	30
1098.52	1099.08	30
1575.99	1782.97	30
1884.59	1885.8	30
1905.28	2202.76	30
2535.26	2200.7	30
2461.37	2923.6	30
0.27	0.21	30
0.34	0.31	30
0.42	0.41	30
0.62	0.56	30
0.92	0.8	30
1.26	1.59	30
2.35	1.93	30
3.34	2.28	30
4.28	3.04	30
3.64	3.46	30
4.37	3.72	30
5.24	5.0	30
7.3	7.43	30
9.91	11.29	30
19.4	18.9	30
30.29	36.11	30
67.55	57.3	30
129.73	108.48	30
211.66	213.0	30
501.01	504.96	30
995.09	994.66	30
1932.78	1931.88	30
2861.34	2861.6	30
3778.66	3155.39	30
3881.57	4707.01	30
5615.47	3703.34	30
6579.67	5463.42	30
6314.11	6321.13	30
7170.7	7177.63	30
0.25	0.23	30
0.29	0.26	30
0.36	0.38	30
0.54	0.58	30
0.84	0.9	30
1.21	1.12	30
1.56	1.75	30
2.5	2.27	30
3.12	2.95	30
3.49	2.65	30
3.62	3.63	30
3.99	3.39	30
4.81	4.49	30
6.61	5.37	30
8.77	7.6	30
13.48	13.52	30
21.72	27.56	30
38.65	43.77	30
71.88	81.28	30
140.32	157.04	30
270.85	328.03	30
523.2	602.76	30
779.21	777.08	30
1191.78	1187.08	30
1286.58	1279.12	30
1806.1	1559.53	30
1785.38	1787.95	30
2037.48	2436.35	30
2290.94	2294.39	30
0.26	0.25	30
0.31	0.28	30
0.42	0.33	30
0.53	0.58	30
0.94	0.9	30
1.03	1.42	30
2.15	1.85	30
1.6	3.65	30
2.73	3.15	30
3.7	3.87	30
3.95	3.87	30
6.2	4.67	30
7.29	7.14	30
13.06	9.31	30
20.15	12.47	30
36.16	35.2	30
43.75	65.65	30
105.61	125.8	30
249.18	247.74	30
489.29	488.9	30
959.29	797.03	30
1801.39	1479.45	30
2211.78	2637.71	30
2906.15	3567.25	30
4417.06	4417.59	30
5297.38	4342.71	30
5225.79	5140.68	30
7392.13	7383.97	30
6929.65	5581.1	30
0.33	0.26	31
0.38	0.28	31
0.42	0.35	31
0.56	0.71	31
0.96	0.87	31
1.64	1.36	31
1.95	1.86	31
2.85	2.87	31
3.37	2.91	31
3.24	3.21	31
4.73	3.79	31
4.93	4.45	31
7.43	7.22	31
9.62	8.13	31
16.86	19.54	31
33.44	22.16	31
64.48	54.68	31
106.04	104.83	31
209.35	251.78	31
416.97	501.51	31
827.34	659.74	31
1286.73	1627.27	31
2401.27	2421.8	31
3830.4	3189.4	31
4796.11	4803.19	31
5709.42	4742.51	31
6587.98	6614.89	31
7484.61	7492.67	31
8438.64	8432.83	31
0.28	0.28	31
0.34	0.44	31
0.44	0.4	31
0.56	0.57	31
0.78	1.16	31
1.41	1.42	31
1.89	2.32	31
2.71	2.7	31
3.58	3.12	31
3.43	3.57	31
3.13	3.1	31
2.94	4.19	31
5.06	4.79	31
5.21	6.34	31
7.99	8.76	31
13.6	13.95	31
26.3	21.57	31
49.77	40.41	31
75.48	76.6	31
166.33	188.22	31
330.02	330.56	31
556.21	650.31	31
1119.63	952.54	31
1281.17	1101.9	31
1379.24	1371.81	31
1644.91	1923.81	31
2205.64	2200.53	31
2189.71	2192.26	31
2833.39	2465.12	31
0.22	0.22	31
0.29	0.28	31
0.35	0.32	31
0.55	0.48	31
0.78	0.82	31
1.24	1.16	31
2.0	1.56	31
2.53	2.43	31
3.38	2.9	31
3.56	2.78	31
3.65	2.99	31
4.62	3.55	31
7.39	4.53	31
10.16	8.2	31
16.14	13.8	31
19.63	14.22	31
45.32	54.17	31
105.56	103.9	31
170.0	96.11	31
260.08	403.61	31
659.03	800.62	31
1563.15	1565.47	31
1909.36	2325.67	31
2526.24	3110.82	31
4004.29	3258.83	31
4786.75	4958.64	31
5759.36	5752.61	31
5471.61	6570.42	31
6014.08	4802.44	31
0.28	0.24	31
0.34	0.31	31
0.39	0.39	31
0.61	0.6	31
0.94	1.05	31
1.78	1.56	31
1.98	2.34	31
2.36	2.95	31
2.59	2.91	31
3.59	2.53	31
3.36	3.62	31
4.18	4.12	31
4.77	4.94	31
6.96	5.88	31
9.12	8.86	31
13.59	12.66	31
23.55	21.96	31
46.87	40.62	31
77.67	75.65	31
170.19	144.92	31
346.59	344.16	31
630.99	567.06	31
831.18	827.33	31
1099.28	1123.87	31
1376.0	1620.33	31
1643.97	1649.1	31
1915.59	1920.81	31
2507.92	2189.13	31
2482.78	2515.41	31
0.28	0.28	32
0.35	0.3	32
0.37	0.36	32
0.55	0.58	32
0.99	1.02	32
1.16	1.26	32
2.01	1.34	32
2.62	3.57	32
3.08	2.96	32
3.21	3.41	32
3.19	3.62	32
4.64	5.73	32
5.56	5.67	32
12.39	11.08	32
20.99	20.04	32
24.92	36.87	32
57.06	69.84	32
135.0	134.82	32
220.78	263.44	32
523.09	526.06	32
1035.92	861.52	32
2010.89	2009.79	32
2475.94	2472.49	32
3938.64	3276.04	32
4071.88	4896.04	32
5864.38	4896.53	32
6818.73	6826.92	32
7781.83	7785.35	32
8752.85	8759.32	32
0.27	0.33	32
0.38	0.28	32
0.39	0.32	32
0.57	0.67	32
0.83	0.69	32
1.13	1.42	32
2.79	2.7	32
2.44	2.27	32
3.05	3.03	32
3.72	2.6	32
3.24	4.12	32
3.26	3.41	32
3.83	4.18	32
5.14	4.47	32
6.14	6.37	32
8.71	9.08	32
12.99	13.21	32
23.71	23.68	32
40.99	41.24	32
76.59	76.91	32
149.36	150.2	32
374.6	369.51	32
425.54	425.79	32
745.2	561.37	32
703.18	701.9	32
1086.79	833.4	32
1581.03	1309.31	32
1113.98	1130.45	32
1611.59	1656.63	32
0.24	0.21	32
0.27	0.24	32
0.34	0.33	32
0.49	0.51	32
0.77	0.77	32
1.06	1.18	32
1.21	1.8	32
2.36	2.49	32
2.54	2.56	32
2.37	3.21	32
3.56	3.02	32
3.95	4.52	32
7.08	5.56	32
9.25	10.0	32
12.56	17.1	32
33.05	27.07	32
60.77	60.3	32
97.92	116.4	32
231.19	229.34	32
455.19	375.16	32
906.86	903.25	32
1136.2	1751.2	32
2604.19	2602.24	32
3443.53	3471.47	32
4289.86	4297.02	32
4247.48	4254.23	32
5995.44	6000.45	32
6854.83	6855.71	32
7703.28	5001.36	32
0.24	0.21	32
0.32	0.29	32
0.38	0.4	32
0.6	0.57	32
0.81	0.77	32
1.17	1.05	32
1.85	2.39	32
2.75	2.41	32
3.33	3.04	32
2.51	3.11	32
3.47	3.66	32
3.47	3.15	32
4.39	4.07	32
6.14	5.34	32
6.98	5.47	32
10.5	8.83	32
17.48	15.47	32
23.96	23.88	32
42.49	56.11	32
79.65	76.03	32
208.29	157.49	32
375.98	287.4	32
547.08	421.69	32
566.31	714.88	32
697.09	726.25	32
859.52	861.12	32
979.54	975.19	32
1118.03	1099.68	32
1237.13	1588.57	32
0.33	0.39	33
0.37	0.36	33
0.51	0.59	33
0.8	0.8	33
1.15	1.09	33
1.29	1.62	33
1.53	1.82	33
2.68	2.05	33
3.1	2.58	33
3.39	3.57	33
4.61	4.33	33
5.86	5.81	33
8.13	9.15	33
14.24	14.51	33
25.96	27.03	33
48.95	48.47	33
91.51	91.21	33
174.47	174.11	33
250.46	255.32	33
341.78	333.95	33
422.57	419.89	33
501.74	503.52	33
585.73	583.56	33
661.1	650.66	33
740.93	731.47	33
0.37	0.26	33
0.34	0.39	33
0.49	0.47	33
0.91	0.81	33
1.27	1.1	33
1.06	1.35	33
2.09	1.61	33
2.46	2.08	33
3.45	3.74	33
4.27	4.55	33
6.6	6.18	33
10.98	10.89	33
19.11	18.93	33
36.85	36.48	33
67.25	67.41	33
131.74	132.37	33
252.98	252.02	33
477.72	475.61	33
690.74	690.48	33
918.91	914.61	33
1136.92	1143.25	33
1360.68	1365.05	33
1591.61	1589.24	33
1813.21	1808.33	33
2044.16	2039.24	33
0.28	0.29	33
0.33	0.32	33
0.45	0.45	33
0.71	0.8	33
1.06	0.84	33
1.93	1.54	33
1.59	2.03	33
2.08	1.88	33
2.86	2.63	33
3.07	3.28	33
3.99	4.37	33
5.46	5.36	33
8.13	8.63	33
13.95	14.29	33
24.95	26.35	33
46.65	43.54	33
88.84	85.47	33
162.0	163.91	33
240.85	242.83	33
311.13	316.14	33
387.22	390.21	33
454.28	461.27	33
527.97	542.61	33
605.62	607.47	33
671.07	678.35	33
0.35	0.28	33
0.32	0.34	33
0.52	0.49	33
0.71	0.78	33
1.04	1.11	33
1.5	1.49	33
1.59	1.43	33
2.53	2.2	33
2.73	2.79	33
4.04	4.77	33
6.3	6.04	33
9.74	9.31	33
17.59	18.17	33
33.58	32.86	33
62.19	63.21	33
119.27	120.5	33
227.69	230.19	33
435.2	447.47	33
629.09	639.49	33
816.43	831.28	33
1008.78	1031.68	33
1199.99	1241.47	33
1445.13	1439.53	33
1633.72	1634.28	33
1827.75	1846.08	33
0.31	0.37	34
0.36	0.37	34
0.46	0.53	34
0.72	0.69	34
1.13	1.12	34
1.4	1.38	34
1.64	1.54	34
2.83	2.14	34
2.66	3.15	34
4.54	4.63	34
6.51	6.9	34
11.51	10.29	34
18.58	17.24	34
32.72	33.65	34
64.97	64.89	34
126.53	124.05	34
246.26	248.14	34
480.56	479.1	34
713.13	715.74	34
938.99	946.43	34
1173.75	1181.74	34
1408.68	1409.4	34
1638.93	1644.09	34
1874.6	1877.99	34
2104.76	2105.81	34
0.31	0.29	34
0.39	0.32	34
0.51	0.52	34
0.74	0.86	34
0.97	1.13	34
1.35	1.44	34
1.95	1.9	34
2.39	2.06	34
3.14	3.06	34
3.77	3.21	34
4.17	4.2	34
6.64	6.26	34
10.11	9.95	34
17.4	16.95	34
30.74	31.14	34
57.29	58.03	34
110.89	110.83	34
214.54	214.52	34
315.88	316.22	34
419.8	417.93	34
523.53	524.18	34
631.95	651.68	34
760.04	762.46	34
870.5	881.07	34
983.05	984.41	34
0.29	0.25	34
0.32	0.29	34
0.48	0.41	34
0.66	0.67	34
0.92	0.97	34
1.45	1.5	34
1.35	1.47	34
1.86	1.76	34
2.66	2.92	34
4.04	3.53	34
5.28	5.5	34
9.51	9.29	34
15.24	15.97	34
29.03	29.35	34
56.68	56.3	34
110.1	112.08	34
209.3	212.21	34
408.39	415.46	34
618.88	614.66	34
803.5	807.21	34
1000.99	1007.46	34
1187.03	1196.77	34
1456.06	1455.55	34
1630.39	1621.48	34
1826.38	1855.31	34
0.31	0.29	34
0.34	0.35	34
0.49	0.45	34
0.68	0.72	34
1.05	1.09	34
1.45	1.28	34
1.47	1.75	34
1.93	1.88	34
2.2	2.64	34
3.31	3.1	34
3.89	3.92	34
5.75	5.9	34
8.92	8.87	34
14.92	15.76	34
28.35	27.46	34
51.05	51.05	34
97.12	96.57	34
185.31	185.38	34
263.18	271.57	34
357.85	353.95	34
438.77	446.28	34
544.33	539.37	34
635.72	623.23	34
724.8	716.93	34
813.19	811.54	34
0.3	0.3	35
0.43	0.4	35
0.5	0.41	35
0.8	0.71	35
1.33	1.21	35
1.55	1.09	35
1.92	1.9	35
2.0	1.85	35
3.06	3.51	35
3.82	3.56	35
4.38	4.58	35
6.67	7.16	35
10.37	9.97	35
18.07	17.5	35
31.62	32.37	35
60.24	61.14	35
116.47	116.36	35
224.16	223.07	35
327.69	326.03	35
433.95	435.04	35
545.87	546.49	35
654.83	658.19	35
763.99	764.46	35
876.76	876.28	35
981.86	982.13	35
0.33	0.28	35
0.36	0.39	35
0.46	0.56	35
0.71	0.81	35
1.22	0.98	35
1.89	1.21	35
1.95	2.01	35
2.34	2.12	35
3.17	3.34	35
4.34	4.3	35
6.06	6.0	35
10.01	9.86	35
17.33	17.63	35
32.44	31.2	35
60.54	60.25	35
115.39	115.01	35
228.78	227.87	35
440.04	438.63	35
655.2	658.54	35
870.38	869.56	35
1080.4	1083.99	35
1293.44	1297.97	35
1512.68	1507.11	35
1723.73	1714.87	35
1931.66	1925.04	35
0.28	0.28	35
0.33	0.34	35
0.44	0.42	35
0.71	0.71	35
0.99	1.1	35
1.39	1.28	35
1.14	1.47	35
1.67	1.45	35
2.41	2.88	35
3.25	3.06	35
4.26	3.8	35
5.69	5.7	35
8.03	8.41	35
14.42	13.71	35
25.73	25.54	35
47.13	47.92	35
91.39	89.03	35
168.09	171.12	35
251.57	245.33	35
324.62	324.93	35
408.05	406.99	35
489.75	488.14	35
560.42	559.83	35
652.92	645.57	35
732.67	725.74	35
0.33	0.26	35
0.35	0.32	35
0.46	0.46	35
0.71	0.65	35
0.94	0.99	35
1.46	2.06	35
1.8	1.85	35
2.26	2.62	35
2.88	2.7	35
4.24	3.76	35
5.76	5.77	35
9.28	9.08	35
16.13	15.49	35
28.17	28.7	35
55.0	56.24	35
104.71	105.83	35
203.95	209.21	35
399.57	392.81	35
597.91	605.8	35
766.47	771.91	35
967.54	959.79	35
1147.18	1150.69	35
1333.48	1346.93	35
1528.27	1519.61	35
1714.31	1718.05	35
0.28	0.32	36
0.4	0.43	36
0.49	0.47	36
0.67	0.75	36
0.91	1.11	36
1.3	1.45	36
1.81	1.36	36
1.74	1.85	36
2.99	3.22	36
4.04	4.6	36
6.27	6.84	36
10.64	10.24	36
17.89	17.3	36
32.46	32.4	36
61.06	61.63	36
119.09	120.05	36
236.84	237.37	36
453.95	454.42	36
678.49	678.72	36
902.33	901.34	36
1123.65	1128.32	36
1351.91	1348.45	36
1573.29	1572.83	36
1799.45	1798.3	36
2013.8	2019.01	36
0.33	0.31	36
0.42	0.36	36
0.51	0.44	36
0.65	0.73	36
1.09	1.15	36
1.64	1.34	36
1.54	1.83	36
1.82	2.24	36
3.03	2.69	36
3.31	3.7	36
4.1	4.15	36
5.81	5.77	36
8.64	8.9	36
14.86	14.87	36
26.83	25.61	36
48.16	47.68	36
93.3	89.52	36
172.46	173.48	36
259.7	258.09	36
336.75	336.73	36
419.5	421.73	36
504.06	499.0	36
582.09	578.54	36
670.49	663.53	36
737.84	742.22	36
0.28	0.27	36
0.36	0.32	36
0.41	0.42	36
0.65	0.69	36
0.97	1.03	36
1.18	1.34	36
1.57	1.9	36
2.0	1.82	36
2.82	2.5	36
3.44	4.12	36
5.96	5.46	36
8.94	9.13	36
15.52	16.48	36
29.29	29.59	36
56.09	55.85	36
106.19	105.65	36
209.93	209.43	36
402.37	405.8	36
595.04	590.03	36
778.31	785.62	36
946.46	964.35	36
1147.5	1163.07	36
1339.64	1330.38	36
1497.6	1523.33	36
1694.83	1695.47	36
0.29	0.29	36
0.38	0.32	36
0.44	0.49	36
0.68	0.87	36
1.16	0.92	36
1.78	1.5	36
1.62	2.03	36
1.61	2.1	36
2.62	2.67	36
2.97	3.43	36
4.04	3.86	36
5.49	5.55	36
8.49	8.5	36
14.39	15.28	36
25.31	25.25	36
48.71	48.03	36
88.67	94.79	36
158.17	160.1	36
237.71	245.37	36
311.27	303.69	36
390.59	394.26	36
465.9	484.22	36
534.68	529.01	36
614.99	611.81	36
675.16	674.19	36
0.39	0.3	37
0.34	0.37	37
0.32	0.32	37
0.4	0.33	37
0.3	0.39	37
0.34	0.41	37
0.41	0.41	37
0.45	0.46	37
0.58	0.61	37
0.65	0.65	37
0.74	0.77	37
1.06	1.07	37
1.43	1.56	37
2.35	2.34	37
4.21	4.39	37
7.27	7.32	37
13.13	12.23	37
23.92	22.54	37
43.43	41.25	37
85.08	79.71	37
163.11	155.73	37
247.1	227.66	37
323.13	297.27	37
401.07	367.84	37
462.79	441.41	37
552.95	513.3	37
595.87	587.22	37
695.64	658.69	37
0.33	0.34	37
0.3	0.3	37
0.34	0.28	37
0.33	0.36	37
0.32	0.28	37
0.36	0.3	37
0.43	0.4	37
0.5	0.53	37
0.62	0.63	37
0.97	0.89	37
1.58	1.59	37
2.82	3.21	37
5.32	6.32	37
9.86	10.61	37
21.72	21.83	37
41.21	42.68	37
80.3	83.87	37
161.23	167.67	37
321.47	330.39	37
649.85	657.33	37
1254.4	1279.51	37
1859.72	1897.97	37
2466.08	2516.81	37
3075.44	3137.73	37
3634.89	3758.43	37
4328.29	4377.21	37
4839.8	4995.31	37
5494.76	5620.47	37
0.27	0.3	37
0.25	0.24	37
0.28	0.27	37
0.26	0.27	37
0.3	0.28	37
0.31	0.35	37
0.36	0.32	37
0.44	0.4	37
0.5	0.45	37
0.63	0.58	37
0.73	0.76	37
1.16	0.97	37
1.86	1.42	37
2.46	2.32	37
5.66	4.09	37
8.96	7.26	37
16.86	12.25	37
25.04	23.05	37
42.36	41.71	37
98.85	79.49	37
188.5	153.13	37
256.04	223.69	37
341.24	299.29	37
398.08	370.9	37
517.38	440.44	37
585.72	543.94	37
636.61	583.8	37
754.99	661.27	37
0.31	0.27	37
0.27	0.28	37
0.29	0.29	37
0.3	0.29	37
0.3	0.27	37
0.32	0.31	37
0.4	0.4	37
0.55	0.47	37
0.68	0.71	37
1.0	1.15	37
1.71	1.64	37
2.35	3.04	37
5.39	5.59	37
11.07	10.9	37
22.53	22.02	37
44.85	42.45	37
84.37	84.1	37
181.84	166.85	37
372.44	331.22	37
678.88	659.09	37
1399.25	1276.24	37
1988.87	1901.78	37
2544.39	2521.78	37
3359.24	3136.22	37
3934.2	3765.35	37
4573.99	4382.72	37
5270.89	5001.87	37
5669.51	5605.29	37
0.27	0.26	38
0.26	0.3	38
0.31	0.25	38
0.31	0.32	38
0.3	0.3	38
0.36	0.33	38
0.38	0.37	38
0.4	0.48	38
0.49	0.55	38
0.74	0.66	38
0.73	0.88	38
1.51	1.52	38
2.33	2.44	38
4.67	4.16	38
9.28	8.75	38
17.2	16.6	38
31.72	31.52	38
65.2	62.6	38
123.41	123.19	38
242.36	240.29	38
473.77	466.15	38
698.89	689.08	38
930.31	909.97	38
1152.55	1134.54	38
1396.86	1355.61	38
1621.22	1576.99	38
1850.0	1801.32	38
2084.45	2025.16	38
0.35	0.26	38
0.26	0.26	38
0.27	0.3	38
0.39	0.25	38
0.28	0.22	38
0.37	0.34	38
0.36	0.4	38
0.53	0.45	38
0.66	0.61	38
0.94	1.02	38
1.54	1.36	38
2.68	2.6	38
4.88	4.76	38
8.74	9.55	38
17.81	19.95	38
39.03	40.18	38
75.95	76.69	38
152.71	154.27	38
292.22	302.79	38
589.2	602.16	38
1140.56	1177.09	38
1686.61	1744.95	38
2256.33	2305.38	38
2808.39	2873.64	38
3321.68	3433.93	38
3863.94	4000.28	38
4459.85	4568.95	38
5072.92	5121.51	38
0.28	0.24	38
0.27	0.25	38
0.27	0.24	38
0.25	0.23	38
0.25	0.23	38
0.33	0.32	38
0.35	0.35	38
0.35	0.38	38
0.47	0.55	38
0.68	0.6	38
0.92	0.92	38
1.59	1.4	38
2.22	2.19	38
4.52	3.96	38
8.35	7.69	38
15.99	14.5	38
28.57	27.07	38
57.6	52.18	38
103.98	101.8	38
230.85	201.61	38
421.58	390.76	38
588.28	580.92	38
827.3	765.26	38
1011.89	955.22	38
1201.99	1142.25	38
1414.54	1327.55	38
1601.47	1508.3	38
1695.75	1704.24	38
0.26	0.23	38
0.28	0.27	38
0.3	0.25	38
0.27	0.26	38
0.27	0.31	38
0.29	0.32	38
0.39	0.35	38
0.43	0.44	38
0.62	0.61	38
1.12	1.02	38
1.45	1.67	38
2.82	2.63	38
5.43	5.2	38
8.93	9.67	38
19.61	18.69	38
43.2	38.21	38
75.97	74.84	38
152.1	148.74	38
303.18	291.31	38
617.34	582.02	38
1176.24	1132.26	38
1755.21	1683.41	38
2274.73	2222.14	38
2951.04	2761.74	38
3420.26	3253.26	38
3955.46	3755.34	38
4423.24	4264.21	38
4956.78	4960.55	38
0.25	0.25	39
0.25	0.25	39
0.29	0.25	39
0.28	0.28	39
0.3	0.26	39
0.3	0.3	39
0.32	0.41	39
0.39	0.5	39
0.64	0.59	39
0.83	1.06	39
1.32	1.45	39
2.34	2.93	39
4.16	5.03	39
8.41	9.04	39
16.07	17.24	39
33.96	34.92	39
67.97	70.28	39
132.58	137.06	39
265.89	273.01	39
523.54	544.96	39
1014.58	1054.21	39
1505.36	1561.71	39
2011.64	2064.74	39
2467.6	2559.75	39
2951.39	3058.36	39
3521.89	3553.94	39
4023.2	4072.02	39
4464.48	4664.55	39
0.3	0.25	39
0.32	0.3	39
0.31	0.26	39
0.3	0.31	39
0.34	0.28	39
0.32	0.3	39
0.36	0.37	39
0.46	0.4	39
0.57	0.46	39
0.72	0.64	39
1.01	0.93	39
1.36	1.45	39
2.29	2.24	39
4.17	3.83	39
8.14	7.83	39
15.94	15.09	39
29.57	28.84	39
57.75	56.61	39
112.66	111.13	39
221.84	221.43	39
433.79	426.04	39
647.84	633.72	39
852.68	838.11	39
1065.26	1049.25	39
1269.66	1255.34	39
1473.95	1458.26	39
1708.24	1667.35	39
1919.55	1878.12	39
0.26	0.24	39
0.26	0.28	39
0.26	0.23	39
0.24	0.25	39
0.3	0.26	39
0.31	0.31	39
0.35	0.31	39
0.44	0.41	39
0.56	0.55	39
0.82	0.79	39
1.48	1.42	39
2.54	2.44	39
4.46	3.74	39
8.72	7.66	39
16.5	15.16	39
32.69	30.85	39
67.55	60.3	39
123.87	120.87	39
243.91	240.22	39
496.18	473.35	39
970.64	923.07	39
1476.63	1362.77	39
1933.66	1806.18	39
2369.33	2243.73	39
2778.59	2680.02	39
3204.93	3126.8	39
3722.92	3586.79	39
4173.6	4055.84	39
0.26	0.24	39
0.27	0.3	39
0.24	0.28	39
0.27	0.23	39
0.3	0.28	39
0.32	0.32	39
0.35	0.37	39
0.41	0.4	39
0.57	0.54	39
0.72	0.6	39
0.82	0.88	39
1.52	1.43	39
2.49	2.28	39
4.65	4.04	39
8.61	7.85	39
17.28	14.77	39
32.33	28.02	39
67.83	54.35	39
123.64	106.28	39
227.76	210.06	39
418.7	405.54	39
628.21	600.19	39
853.76	794.63	39
1068.33	990.17	39
1260.06	1183.38	39
1473.75	1377.71	39
1729.94	1570.54	39
1770.93	1772.35	39
0.23	0.23	40
0.24	0.27	40
0.24	0.2	40
0.24	0.22	40
0.23	0.28	40
0.29	0.35	40
0.36	0.31	40
0.43	0.47	40
0.56	0.65	40
0.88	0.84	40
1.46	1.44	40
2.88	2.52	40
3.83	5.4	40
9.15	10.85	40
19.68	21.0	40
39.09	40.57	40
81.41	80.79	40
159.01	162.4	40
314.6	324.67	40
637.88	658.56	40
1249.09	1291.26	40
1893.25	1918.84	40
2509.02	2546.68	40
3079.84	3172.08	40
3675.12	3795.19	40
4281.06	4408.71	40
4868.4	5030.51	40
5475.36	5664.9	40
0.25	0.2	40
0.23	0.22	40
0.23	0.24	40
0.24	0.26	40
0.25	0.26	40
0.3	0.29	40
0.31	0.28	40
0.39	0.37	40
0.51	0.56	40
0.86	0.77	40
1.46	1.37	40
2.66	2.61	40
5.04	4.36	40
9.86	8.98	40
18.8	18.59	40
40.29	37.32	40
78.22	74.28	40
152.78	147.01	40
309.81	290.79	40
614.28	578.83	40
1237.79	1125.07	40
1714.18	1674.72	40
2248.66	2226.88	40
2798.14	2765.5	40
3421.42	3306.49	40
3949.16	3855.76	40
4582.4	4396.09	40
5102.68	4943.07	40
0.23	0.26	40
0.25	0.25	40
0.26	0.23	40
0.25	0.23	40
0.28	0.25	40
0.29	0.32	40
0.38	0.35	40
0.36	0.41	40
0.5	0.46	40
0.58	0.61	40
0.81	0.71	40
1.22	1.0	40
1.84	1.48	40
2.94	2.4	40
4.85	4.03	40
9.35	7.12	40
12.98	12.32	40
31.94	22.17	40
49.21	41.26	40
102.62	80.73	40
227.57	154.33	40
242.77	222.36	40
345.69	296.9	40
404.96	371.25	40
485.2	442.33	40
575.38	510.55	40
638.76	584.7	40
730.05	662.45	40
