0.56	0.6	1
0.73	0.75	1
0.78	1.13	1
1.17	0.85	1
1.22	1.7	1
1.55	1.71	1
1.42	1.65	1
1.33	1.8	1
2.29	1.76	1
2.25	2.17	1
3.04	2.53	1
4.43	4.05	1
7.31	6.18	1
12.03	10.09	1
20.89	18.88	1
38.94	34.8	1
73.09	65.22	1
146.02	131.14	1
278.1	245.61	1
412.36	496.84	1
558.73	498.73	1
814.45	601.59	1
810.86	716.76	1
950.8	830.14	1
1091.73	945.45	1
1227.53	1066.92	1
0.6	0.52	1
0.72	0.71	1
1.14	1.08	1
1.27	1.26	1
1.6	1.54	1
1.47	1.6	1
1.94	1.76	1
2.69	2.25	1
3.16	2.6	1
3.85	4.48	1
8.88	8.4	1
14.84	14.44	1
28.13	23.11	1
46.89	54.5	1
91.56	90.53	1
209.8	205.33	1
417.57	412.45	1
833.58	817.69	1
1632.71	1604.78	1
2056.62	2394.55	1
3254.38	3218.21	1
4114.24	4048.25	1
4982.31	4913.31	1
4963.12	5742.82	1
6700.49	6585.67	1
7537.89	7426.82	1
0.58	0.52	1
0.72	0.72	1
0.94	0.82	1
1.01	0.88	1
1.42	1.17	1
1.6	1.45	1
1.43	1.41	1
1.46	1.95	1
2.26	1.92	1
2.39	2.01	1
3.49	2.73	1
6.19	3.86	1
11.14	6.64	1
19.79	11.38	1
39.05	19.17	1
70.22	36.23	1
116.21	66.82	1
285.92	163.31	1
422.49	249.15	1
590.94	369.76	1
767.52	484.22	1
987.23	598.42	1
1216.03	721.77	1
1306.92	858.81	1
1504.46	949.5	1
1686.75	1066.96	1
0.6	0.56	1
0.8	0.83	1
1.02	1.23	1
1.16	1.21	1
1.31	1.34	1
1.13	1.63	1
2.05	1.77	1
2.06	2.08	1
3.72	2.81	1
5.03	4.08	1
9.57	7.63	1
16.28	14.3	1
33.57	28.46	1
60.22	54.4	1
104.34	104.81	1
237.61	206.84	1
472.95	412.12	1
897.31	819.17	1
1761.96	1601.51	1
2686.27	2370.78	1
3531.35	3195.78	1
4430.35	3474.82	1
5385.18	4890.24	1
5261.84	5745.53	1
7188.39	6626.4	1
8081.69	7412.06	1
0.69	0.57	2
0.85	0.87	2
1.29	1.23	2
1.35	1.38	2
1.35	1.49	2
1.43	1.44	2
1.66	1.53	2
1.91	1.59	2
2.18	2.34	2
2.77	3.02	2
4.22	4.46	2
6.58	6.12	2
11.25	11.18	2
20.73	19.23	2
39.19	36.09	2
73.26	68.64	2
144.63	135.92	2
287.11	299.11	2
552.14	521.24	2
815.76	765.12	2
1182.73	1014.35	2
1337.86	1413.36	2
1602.65	1507.46	2
1860.77	1739.42	2
2102.05	2030.69	2
2363.09	2223.87	2
0.51	0.51	2
0.67	0.7	2
0.91	0.92	2
1.52	1.02	2
1.82	1.15	2
1.45	1.41	2
1.55	1.81	2
1.89	2.1	2
2.81	2.47	2
4.63	4.04	2
5.8	7.5	2
13.09	12.85	2
25.13	25.29	2
40.13	40.06	2
94.52	91.87	2
184.43	181.01	2
363.8	355.76	2
725.39	708.84	2
1400.73	1371.79	2
2076.72	2033.32	2
2758.12	2699.51	2
3426.21	3350.96	2
4097.73	4002.52	2
3997.14	4656.41	2
5427.93	5314.97	2
6107.91	5957.61	2
0.53	0.53	2
0.76	0.76	2
1.05	0.87	2
1.12	1.33	2
1.29	1.14	2
1.41	1.62	2
1.6	1.49	2
1.58	1.71	2
2.17	1.98	2
3.0	2.63	2
4.61	3.9	2
8.18	6.82	2
13.78	10.05	2
26.84	18.64	2
53.22	34.34	2
83.77	65.83	2
171.34	147.61	2
327.28	252.3	2
637.5	484.2	2
1011.6	716.67	2
1296.17	1100.52	2
1576.63	1398.53	2
1842.34	1439.33	2
2147.2	1646.26	2
2494.04	1874.72	2
2812.36	2164.63	2
0.55	0.52	2
0.84	0.76	2
1.03	1.01	2
1.83	1.33	2
1.47	1.19	2
1.33	1.39	2
1.81	2.06	2
2.07	2.42	2
2.81	2.97	2
4.83	3.97	2
9.53	7.13	2
14.47	13.32	2
28.16	25.07	2
47.36	46.18	2
103.07	76.88	2
204.87	179.26	2
394.44	356.12	2
823.25	707.43	2
1523.78	1386.47	2
2289.08	2037.75	2
3000.39	2702.97	2
3752.24	3349.21	2
4483.82	3997.27	2
5193.19	4628.46	2
5834.06	5221.98	2
6548.46	5826.62	2
0.53	0.54	3
0.77	0.69	3
0.86	0.76	3
1.52	0.92	3
1.13	1.38	3
1.57	1.61	3
1.62	1.57	3
1.84	1.57	3
2.82	2.53	3
5.25	3.97	3
6.93	7.01	3
12.13	12.34	3
23.97	23.45	3
45.26	44.81	3
88.98	87.52	3
176.31	173.65	3
349.69	343.73	3
695.13	678.83	3
1343.07	1315.23	3
1987.03	1957.58	3
2631.69	2571.54	3
2728.23	3199.83	3
3918.6	3826.6	3
4754.65	4633.12	3
5412.19	4485.43	3
6071.16	5956.57	3
0.63	0.65	3
0.71	1.05	3
1.19	1.07	3
1.17	1.53	3
1.46	1.28	3
1.46	1.38	3
1.48	1.64	3
1.69	1.83	3
1.87	2.5	3
3.38	2.83	3
3.84	4.48	3
6.67	6.09	3
11.36	10.91	3
20.34	19.01	3
38.84	40.56	3
75.2	71.51	3
143.82	139.5	3
285.96	267.9	3
551.03	583.28	3
819.86	783.64	3
1087.02	1020.79	3
1355.97	1304.53	3
1671.47	1565.13	3
1928.51	1815.34	3
2204.85	2087.0	3
2702.36	2378.13	3
0.57	0.48	3
0.68	0.68	3
0.79	0.98	3
1.06	1.05	3
0.94	1.14	3
1.34	1.56	3
1.64	1.62	3
2.24	1.83	3
2.51	2.3	3
4.26	3.72	3
7.53	6.22	3
11.17	11.22	3
21.83	21.47	3
49.73	41.36	3
98.62	80.0	3
200.55	157.23	3
353.63	310.22	3
703.07	616.01	3
1120.58	1199.86	3
2030.15	1780.42	3
2642.71	2368.14	3
2796.25	2964.85	3
4047.12	3526.22	3
4608.25	4096.28	3
5376.26	4674.74	3
5970.65	5289.89	3
0.5	0.45	3
0.73	0.72	3
0.97	0.9	3
1.18	1.16	3
1.38	1.29	3
1.47	1.38	3
1.43	1.52	3
1.97	1.68	3
2.33	2.13	3
2.99	2.85	3
5.06	3.75	3
8.23	5.81	3
14.74	11.0	3
25.03	18.32	3
47.45	33.84	3
93.75	64.98	3
187.56	148.53	3
333.15	248.82	3
662.09	482.06	3
949.71	712.11	3
1256.28	966.73	3
1621.9	1199.02	3
1842.92	1408.41	3
2216.49	1640.85	3
2482.38	1890.8	3
2734.05	2100.83	3
0.66	0.69	4
0.9	0.81	4
0.93	1.11	4
1.22	1.3	4
1.33	1.18	4
1.52	1.37	4
1.72	1.46	4
2.34	2.11	4
3.03	3.12	4
4.65	4.47	4
8.39	7.56	4
14.88	14.71	4
25.16	27.33	4
54.32	55.09	4
110.23	91.89	4
215.81	149.04	4
428.34	419.27	4
849.56	840.92	4
1651.01	1376.62	4
2444.74	2401.5	4
3239.77	3177.78	4
4023.38	3949.02	4
4812.34	4723.07	4
5607.83	5536.54	4
6410.91	6268.01	4
7186.82	7051.06	4
0.62	0.5	4
0.76	0.78	4
1.07	0.97	4
1.14	1.31	4
1.42	1.19	4
1.19	0.98	4
1.4	1.79	4
1.44	1.54	4
1.85	2.07	4
2.32	2.57	4
3.02	2.73	4
4.29	4.22	4
6.76	6.6	4
11.4	12.91	4
21.06	19.12	4
38.93	33.79	4
73.94	65.53	4
144.49	127.38	4
280.19	251.57	4
410.32	366.18	4
546.15	480.4	4
677.11	756.11	4
809.67	716.78	4
947.53	834.13	4
1072.45	991.31	4
1204.73	1066.42	4
0.54	0.56	4
0.73	0.76	4
1.03	0.82	4
1.13	1.17	4
1.3	1.27	4
1.37	1.34	4
1.56	1.63	4
2.12	2.24	4
2.97	2.57	4
4.49	3.91	4
8.7	7.26	4
14.92	13.06	4
29.39	24.25	4
57.83	48.41	4
113.45	93.89	4
204.4	185.59	4
446.92	369.37	4
868.2	734.89	4
1603.46	1414.61	4
2376.48	2105.98	4
3083.07	2378.29	4
3217.38	3481.18	4
4573.89	3557.14	4
5349.87	4102.1	4
6145.56	4680.3	4
5742.59	6209.74	4
0.5	0.48	4
0.64	0.7	4
0.81	0.91	4
1.28	1.02	4
1.52	1.3	4
1.2	1.19	4
1.59	1.54	4
1.49	1.47	4
2.08	1.9	4
2.62	2.22	4
3.66	3.0	4
5.91	4.18	4
9.83	6.66	4
19.47	11.23	4
33.35	18.93	4
71.95	47.06	4
119.09	68.63	4
223.78	128.17	4
411.29	249.28	4
561.8	474.72	4
767.58	484.83	4
991.78	602.05	4
1217.28	708.55	4
1298.28	832.75	4
1478.86	976.59	4
1704.84	1066.42	4
0.42	0.38	5
0.56	0.56	5
0.82	0.85	5
1.37	1.5	5
1.69	2.57	5
3.6	2.28	5
3.99	2.16	5
3.9	4.21	5
5.1	5.03	5
6.12	6.18	5
10.35	10.74	5
18.22	19.11	5
34.62	34.28	5
64.25	64.54	5
121.46	121.23	5
218.48	219.81	5
377.35	374.83	5
625.34	633.06	5
871.46	872.96	5
1120.54	1121.98	5
1368.57	1358.93	5
1579.18	1574.87	5
1793.83	1782.58	5
1968.19	1996.97	5
2157.57	2180.8	5
0.38	0.41	5
0.5	0.55	5
0.82	0.83	5
1.27	1.4	5
2.6	1.69	5
2.81	2.16	5
3.33	3.99	5
5.89	5.26	5
8.86	8.81	5
15.37	15.15	5
27.57	28.62	5
52.99	52.53	5
101.6	100.56	5
185.45	183.42	5
324.71	326.96	5
537.78	541.32	5
801.55	791.32	5
1203.42	1207.93	5
1592.41	1593.54	5
1976.95	1981.02	5
2352.67	2374.15	5
2757.33	2773.33	5
3134.94	3173.29	5
3546.42	3574.47	5
3909.22	3948.8	5
0.39	0.38	5
0.5	0.47	5
0.82	0.85	5
1.34	1.32	5
1.87	2.05	5
2.36	2.97	5
2.86	2.91	5
3.31	3.71	5
4.29	4.49	5
6.17	6.48	5
9.52	9.15	5
16.44	17.71	5
29.05	28.97	5
53.22	54.86	5
99.67	97.84	5
177.14	176.23	5
308.55	306.34	5
540.58	543.18	5
760.69	767.31	5
994.68	1004.49	5
1244.81	1234.97	5
1492.85	1466.31	5
1699.71	1663.01	5
1889.32	1876.81	5
2100.74	2087.5	5
0.43	0.4	5
0.61	0.44	5
0.89	0.83	5
1.18	1.39	5
1.83	2.14	5
2.88	3.79	5
3.74	4.17	5
5.02	5.36	5
8.21	9.24	5
16.69	15.8	5
27.62	28.34	5
52.77	51.82	5
100.31	98.48	5
178.81	181.66	5
316.83	314.28	5
508.17	505.3	5
750.19	749.34	5
1136.56	1142.57	5
1511.31	1525.2	5
1882.61	1888.89	5
2272.5	2278.8	5
2665.08	2670.1	5
3027.33	3022.72	5
3430.37	3425.95	5
3779.6	3745.63	5
0.42	0.42	6
0.59	0.52	6
0.86	0.85	6
1.34	1.56	6
1.78	2.34	6
2.45	3.0	6
3.66	3.53	6
5.31	4.43	6
9.91	8.62	6
14.72	15.19	6
28.85	28.33	6
52.71	53.71	6
101.12	99.82	6
188.03	188.11	6
335.98	333.68	6
556.61	557.24	6
827.16	813.32	6
1213.37	1217.64	6
1579.91	1593.83	6
1969.88	1970.1	6
2349.97	2326.98	6
2716.81	2751.93	6
3112.77	3110.93	6
3460.53	3468.11	6
3786.47	3803.6	6
0.41	0.42	6
0.58	0.54	6
0.89	0.87	6
1.47	1.55	6
2.48	2.81	6
1.96	3.99	6
2.67	2.64	6
3.23	3.93	6
5.47	4.06	6
7.95	7.4	6
10.85	10.39	6
18.95	18.55	6
35.13	36.82	6
67.6	66.87	6
126.93	126.02	6
223.82	223.05	6
385.56	381.53	6
643.63	646.93	6
881.94	884.18	6
1107.32	1112.43	6
1336.45	1334.28	6
1570.75	1574.58	6
1804.6	1792.64	6
2035.95	2036.36	6
2282.18	2278.51	6
0.34	0.34	6
0.46	0.49	6
0.73	0.69	6
1.13	1.17	6
2.08	1.9	6
2.8	2.9	6
2.97	4.03	6
4.03	4.53	6
6.45	6.78	6
11.23	11.38	6
20.77	19.45	6
37.91	38.11	6
71.25	72.39	6
131.14	131.88	6
230.02	234.98	6
389.69	391.21	6
604.52	604.88	6
956.16	947.17	6
1299.7	1288.03	6
1632.67	1648.48	6
1974.36	1966.5	6
2298.24	2308.49	6
2643.84	2643.24	6
2971.62	2964.6	6
3276.73	3279.67	6
0.42	0.4	6
0.52	0.48	6
0.9	0.8	6
1.35	1.14	6
2.01	2.41	6
2.5	2.82	6
3.11	2.85	6
3.78	3.13	6
4.96	3.91	6
6.28	6.74	6
9.88	9.98	6
18.45	18.23	6
31.82	32.41	6
57.39	58.63	6
104.5	106.08	6
189.49	194.4	6
331.02	326.72	6
565.97	570.39	6
792.82	790.62	6
1015.72	1013.36	6
1240.77	1237.73	6
1489.75	1478.27	6
1719.29	1701.51	6
1953.08	1938.85	6
2199.13	2146.84	6
0.4	0.37	7
0.52	0.5	7
0.91	0.9	7
1.38	1.45	7
2.58	2.27	7
2.53	1.42	7
3.05	2.18	7
2.85	3.86	7
4.98	4.47	7
6.71	7.56	7
11.05	11.38	7
18.95	18.27	7
34.05	33.39	7
63.98	64.38	7
119.76	119.68	7
217.14	217.1	7
377.34	375.38	7
628.0	626.36	7
870.37	869.16	7
1087.27	1098.09	7
1316.95	1325.86	7
1534.89	1549.11	7
1790.0	1787.03	7
2024.65	2029.58	7
2271.08	2236.48	7
0.39	0.37	7
0.63	0.5	7
0.77	0.76	7
1.33	1.32	7
2.45	2.03	7
2.13	3.46	7
3.3	3.75	7
5.14	5.9	7
7.59	9.24	7
14.06	14.31	7
27.7	27.11	7
49.76	50.74	7
96.01	96.93	7
179.34	179.03	7
316.59	315.97	7
532.28	527.64	7
797.0	792.83	7
1183.21	1180.65	7
1565.84	1551.71	7
1929.72	1940.58	7
2305.45	2307.15	7
2664.51	2664.51	7
3018.74	3029.54	7
3358.48	3382.45	7
3674.99	3686.87	7
0.39	0.36	7
0.51	0.51	7
0.73	0.8	7
1.25	1.26	7
1.91	2.42	7
1.8	3.26	7
3.65	2.13	7
3.59	3.35	7
4.22	4.1	7
6.74	6.76	7
9.57	9.23	7
15.83	15.25	7
28.87	28.06	7
54.18	52.41	7
97.94	100.56	7
177.66	175.97	7
309.55	305.35	7
544.91	543.4	7
778.58	776.88	7
999.09	1000.01	7
1219.35	1214.7	7
1450.84	1436.25	7
1701.46	1663.24	7
1928.01	1898.93	7
2158.22	2124.15	7
0.36	0.34	7
0.53	0.47	7
0.71	0.75	7
1.17	1.31	7
1.82	2.27	7
2.39	2.55	7
3.15	3.06	7
4.96	4.26	7
6.72	7.23	7
12.92	12.66	7
21.89	22.75	7
41.9	42.51	7
80.05	78.48	7
144.85	145.61	7
260.75	256.04	7
429.11	424.25	7
652.19	644.18	7
996.6	997.91	7
1354.48	1341.27	7
1691.36	1697.27	7
2044.51	2046.06	7
2396.75	2404.51	7
2761.72	2739.05	7
3084.73	3077.69	7
3414.31	3406.7	7
0.43	0.44	8
0.52	0.5	8
0.84	0.86	8
1.38	1.21	8
2.27	1.72	8
2.79	3.51	8
3.42	3.6	8
5.13	4.44	8
8.59	8.9	8
15.47	15.1	8
27.89	28.11	8
52.72	52.73	8
100.48	100.16	8
184.21	185.26	8
328.37	329.53	8
549.11	550.02	8
812.94	815.06	8
1222.28	1229.25	8
1626.64	1622.07	8
2011.42	2056.19	8
2445.49	2471.94	8
2839.18	2855.66	8
3255.75	3311.8	8
3660.68	3699.41	8
4059.09	4149.53	8
0.42	0.39	8
0.59	0.64	8
0.82	0.89	8
1.32	1.5	8
2.05	2.8	8
2.45	3.63	8
2.48	3.29	8
4.8	4.09	8
4.41	4.7	8
7.5	7.71	8
10.65	11.57	8
21.0	19.39	8
35.38	35.94	8
69.49	67.18	8
120.55	124.03	8
226.12	226.83	8
383.21	384.55	8
637.07	633.92	8
884.5	883.98	8
1121.82	1120.92	8
1352.22	1358.33	8
1573.25	1577.34	8
1769.34	1798.78	8
1982.61	1990.47	8
2181.83	2194.66	8
0.36	0.38	8
0.45	0.45	8
0.75	0.68	8
1.13	1.27	8
1.81	2.25	8
2.61	2.3	8
2.9	3.32	8
3.96	4.19	8
6.54	6.98	8
11.69	11.71	8
20.89	19.82	8
37.65	37.89	8
73.02	70.43	8
130.56	132.65	8
233.81	232.92	8
396.93	394.8	8
603.15	602.69	8
973.69	968.54	8
1323.96	1314.41	8
1663.57	1681.21	8
2039.11	2025.14	8
2378.29	2364.46	8
2766.59	2750.92	8
3123.7	3114.06	8
3482.36	3526.92	8
0.39	0.37	8
0.53	0.47	8
0.74	0.79	8
1.3	1.26	8
1.91	2.1	8
1.92	2.84	8
2.5	3.29	8
3.31	2.59	8
4.07	5.62	8
6.79	5.35	8
9.66	9.25	8
16.2	15.77	8
28.33	29.71	8
53.67	53.21	8
97.38	97.98	8
173.72	176.32	8
306.53	308.7	8
534.37	550.76	8
768.52	767.88	8
987.32	994.9	8
1221.77	1214.45	8
1464.79	1430.37	8
1670.73	1656.7	8
1869.83	1857.18	8
2068.99	2052.12	8
0.33	0.28	9
0.29	0.25	9
0.33	0.27	9
0.3	0.31	9
0.32	0.32	9
0.37	0.36	9
0.41	0.32	9
0.45	0.39	9
0.49	0.45	9
0.6	0.52	9
0.61	0.58	9
0.85	0.93	9
1.11	1.08	9
1.81	1.77	9
2.84	2.5	9
4.78	4.63	9
7.93	7.78	9
14.7	14.18	9
27.54	24.97	9
49.37	48.4	9
95.47	88.96	9
187.08	172.75	9
274.35	252.33	9
361.31	329.7	9
445.98	414.72	9
530.98	493.17	9
620.68	573.3	9
710.25	653.41	9
802.65	731.67	9
0.28	0.29	9
0.3	0.28	9
0.33	0.3	9
0.31	0.3	9
0.3	0.32	9
0.32	0.33	9
0.39	0.37	9
0.42	0.4	9
0.6	0.51	9
0.7	0.77	9
1.01	1.25	9
2.03	1.68	9
3.36	3.46	9
6.91	6.24	9
12.87	12.79	9
26.11	26.94	9
52.54	54.3	9
105.94	108.01	9
211.69	216.58	9
417.21	424.75	9
828.18	842.41	9
1631.37	1665.59	9
2433.96	2485.83	9
3161.77	3234.6	9
3888.23	3966.08	9
4607.8	4697.78	9
5406.85	5514.88	9
6208.37	6331.38	9
7008.09	7137.44	9
0.25	0.22	9
0.22	0.26	9
0.24	0.27	9
0.27	0.29	9
0.27	0.22	9
0.28	0.28	9
0.29	0.31	9
0.3	0.28	9
0.4	0.3	9
0.53	0.54	9
0.66	0.64	9
0.97	0.81	9
1.42	1.15	9
2.3	1.76	9
3.3	2.56	9
6.19	4.52	9
9.61	7.74	9
19.48	13.63	9
38.41	24.63	9
67.54	45.98	9
166.81	91.16	9
257.62	172.06	9
370.15	251.27	9
471.95	332.94	9
674.99	419.74	9
703.48	490.52	9
803.06	571.21	9
895.5	661.6	9
1052.44	729.97	9
0.26	0.32	9
0.23	0.32	9
0.32	0.31	9
0.28	0.28	9
0.29	0.26	9
0.35	0.35	9
0.38	0.31	9
0.39	0.33	9
0.55	0.49	9
0.7	0.74	9
1.07	1.18	9
1.97	1.42	9
3.87	3.54	9
6.82	6.56	9
15.09	12.75	9
28.6	27.03	9
58.6	54.31	9
119.31	108.56	9
228.33	215.54	9
470.79	428.54	9
900.78	844.01	9
1832.28	1663.52	9
2637.09	2483.65	9
3468.79	3228.44	9
4163.38	3965.28	9
4934.45	4700.69	9
5848.05	5517.54	9
6644.27	6328.77	9
7519.9	7147.24	9
0.26	0.21	10
0.21	0.23	10
0.32	0.27	10
0.36	0.27	10
0.27	0.28	10
0.33	0.29	10
0.37	0.42	10
0.36	0.4	10
0.4	0.47	10
0.58	0.54	10
0.71	0.71	10
0.93	1.03	10
1.56	1.58	10
2.83	2.69	10
4.37	4.07	10
8.67	8.29	10
15.96	16.14	10
30.83	30.07	10
60.91	58.38	10
119.94	116.99	10
236.21	230.5	10
457.88	445.0	10
678.19	659.42	10
903.2	875.85	10
1124.05	1090.98	10
1342.16	1305.94	10
1560.72	1523.83	10
1784.49	1727.89	10
2009.07	1940.62	10
0.27	0.26	10
0.24	0.22	10
0.28	0.26	10
0.26	0.28	10
0.33	0.28	10
0.29	0.29	10
0.32	0.35	10
0.52	0.36	10
0.53	0.62	10
0.88	0.51	10
1.06	0.96	10
2.12	1.48	10
2.53	3.03	10
4.85	5.71	10
10.02	10.64	10
21.44	21.57	10
42.39	44.02	10
85.35	86.7	10
169.7	173.27	10
335.76	343.34	10
670.27	685.26	10
1300.07	1329.86	10
1911.56	1960.75	10
2519.91	2588.86	10
3132.92	3213.19	10
3727.06	3830.28	10
4322.12	4435.75	10
4933.15	5059.32	10
5533.22	5672.9	10
0.24	0.21	10
0.25	0.22	10
0.25	0.24	10
0.23	0.23	10
0.27	0.25	10
0.32	0.26	10
0.32	0.3	10
0.35	0.33	10
0.38	0.32	10
0.52	0.56	10
0.66	0.62	10
1.0	1.07	10
1.74	1.49	10
2.84	2.55	10
4.79	4.11	10
9.71	8.13	10
19.37	15.05	10
39.83	29.1	10
72.23	55.2	10
144.76	108.41	10
263.73	212.23	10
470.17	411.92	10
707.8	605.58	10
961.05	801.12	10
1141.14	996.43	10
1404.16	1219.41	10
1584.05	1387.62	10
1820.51	1589.25	10
2071.92	1784.3	10
0.25	0.26	10
0.28	0.24	10
0.25	0.29	10
0.27	0.24	10
0.27	0.25	10
0.29	0.36	10
0.34	0.28	10
0.42	0.51	10
0.56	0.58	10
0.8	0.71	10
1.35	1.33	10
2.29	2.15	10
3.12	3.89	10
6.69	5.07	10
10.85	11.22	10
24.3	22.38	10
49.51	43.09	10
97.86	86.61	10
194.04	171.68	10
363.92	342.37	10
741.89	682.92	10
1492.06	1327.96	10
2063.41	1952.36	10
2739.71	2585.03	10
3480.31	3199.47	10
4079.39	3794.15	10
4610.34	4397.43	10
5297.79	4920.88	10
5835.94	5501.64	10
0.27	0.31	11
0.28	0.28	11
0.26	0.23	11
0.34	0.3	11
0.25	0.26	11
0.31	0.25	11
0.31	0.3	11
0.43	0.4	11
0.54	0.52	11
0.55	0.68	11
0.93	1.2	11
1.62	1.8	11
3.28	3.54	11
6.08	4.64	11
9.75	10.81	11
19.59	20.11	11
43.44	44.62	11
84.43	86.4	11
165.43	171.66	11
328.22	336.69	11
657.99	673.55	11
1274.52	1310.16	11
1896.02	1942.48	11
2512.77	2571.86	11
3132.58	3202.18	11
3747.35	3838.09	11
4360.21	4464.74	11
4980.69	5127.39	11
5583.05	5727.46	11
0.26	0.26	11
0.27	0.26	11
0.29	0.24	11
0.28	0.35	11
0.34	0.3	11
0.36	0.27	11
0.31	0.34	11
0.4	0.28	11
0.45	0.39	11
0.53	0.55	11
0.72	0.59	11
1.07	1.08	11
1.51	1.41	11
2.86	2.68	11
4.19	4.2	11
8.42	8.11	11
16.06	15.16	11
31.17	30.17	11
60.22	58.31	11
116.52	113.54	11
234.3	227.96	11
459.56	449.55	11
674.43	657.68	11
888.76	865.7	11
1104.4	1076.65	11
1316.61	1274.17	11
1516.28	1476.7	11
1734.59	1678.37	11
1949.73	1882.56	11
0.23	0.24	11
0.27	0.23	11
0.22	0.28	11
0.25	0.23	11
0.24	0.27	11
0.27	0.27	11
0.31	0.23	11
0.32	0.37	11
0.52	0.41	11
0.67	0.66	11
0.93	1.01	11
1.78	1.49	11
3.16	2.36	11
4.5	5.01	11
8.14	7.84	11
18.44	18.29	11
41.94	37.93	11
81.91	75.19	11
169.03	150.01	11
336.78	297.84	11
667.17	592.24	11
1244.15	1154.22	11
1830.06	1715.36	11
2474.27	2272.84	11
3000.62	2834.31	11
3660.11	3396.39	11
4186.92	3947.33	11
4828.16	4514.49	11
5424.63	5057.24	11
0.23	0.23	11
0.22	0.25	11
0.28	0.22	11
0.29	0.27	11
0.26	0.28	11
0.27	0.28	11
0.35	0.38	11
0.34	0.36	11
0.34	0.36	11
0.57	0.63	11
0.78	0.74	11
1.19	1.15	11
1.71	1.4	11
3.17	2.96	11
5.0	4.36	11
9.59	8.07	11
18.48	15.24	11
35.9	29.91	11
66.0	57.82	11
139.67	112.82	11
251.29	221.62	11
500.84	430.88	11
746.7	641.87	11
957.35	840.89	11
1236.08	1046.13	11
1434.13	1240.4	11
1666.92	1445.61	11
1885.04	1644.05	11
2125.19	1849.5	11
0.23	0.27	12
0.27	0.24	12
0.24	0.26	12
0.28	0.23	12
0.27	0.2	12
0.28	0.31	12
0.31	0.32	12
0.39	0.4	12
0.43	0.45	12
0.7	0.62	12
0.9	0.92	12
1.77	1.82	12
3.42	3.5	12
6.36	5.69	12
11.88	11.9	12
23.92	24.28	12
49.19	50.27	12
97.25	99.97	12
194.34	197.13	12
385.57	393.76	12
770.8	788.26	12
1501.44	1531.62	12
2221.67	2269.57	12
2944.78	3003.63	12
3669.0	3747.34	12
4394.44	4489.68	12
5114.22	5215.42	12
5835.19	5956.89	12
6560.95	6696.68	12
0.25	0.24	12
0.27	0.25	12
0.33	0.24	12
0.24	0.3	12
0.25	0.3	12
0.33	0.22	12
0.33	0.31	12
0.4	0.36	12
0.47	0.33	12
0.52	0.48	12
0.62	0.6	12
0.8	0.74	12
1.09	1.08	12
1.71	1.88	12
2.68	2.4	12
4.64	4.31	12
8.13	7.56	12
14.66	13.43	12
26.68	24.86	12
49.77	46.63	12
95.8	89.24	12
185.89	169.41	12
274.21	254.79	12
356.95	336.58	12
444.57	432.67	12
532.47	512.46	12
619.32	573.99	12
710.75	653.02	12
800.87	725.46	12
0.23	0.26	12
0.22	0.24	12
0.27	0.21	12
0.25	0.22	12
0.24	0.24	12
0.25	0.24	12
0.31	0.28	12
0.37	0.3	12
0.39	0.44	12
0.64	0.58	12
0.96	0.99	12
1.58	1.42	12
3.12	2.76	12
5.74	5.4	12
11.99	10.62	12
24.99	21.73	12
49.52	43.99	12
98.61	91.36	12
203.11	182.22	12
390.39	361.95	12
772.28	721.78	12
1529.62	1402.36	12
2231.06	2079.78	12
2914.88	2746.35	12
3702.61	3422.38	12
4300.87	4094.32	12
5006.47	4760.31	12
5767.49	5443.55	12
6439.36	6119.71	12
0.26	0.21	12
0.27	0.28	12
0.22	0.23	12
0.25	0.28	12
0.24	0.28	12
0.23	0.28	12
0.41	0.34	12
0.41	0.35	12
0.49	0.46	12
0.61	0.51	12
0.65	0.59	12
0.94	0.89	12
1.47	1.09	12
2.12	1.72	12
3.39	2.56	12
6.02	4.39	12
10.35	7.39	12
19.99	13.92	12
37.45	25.1	12
67.07	46.03	12
121.4	91.37	12
301.29	172.62	12
399.87	259.99	12
489.36	334.42	12
606.91	413.73	12
657.98	491.47	12
782.56	575.83	12
939.22	654.64	12
1064.15	759.92	12
0.28	0.27	13
0.32	0.29	13
0.51	0.44	13
0.68	0.73	13
1.07	1.17	13
1.99	1.91	13
2.96	3.61	13
3.17	4.67	13
4.39	4.48	13
6.72	5.65	13
8.66	7.59	13
15.4	14.22	13
24.57	23.0	13
43.17	39.35	13
68.91	69.0	13
109.92	104.32	13
144.61	143.17	13
195.66	202.64	13
307.98	308.67	13
515.55	525.19	13
733.5	731.95	13
949.36	952.71	13
1168.5	1156.25	13
1379.42	1389.72	13
1583.97	1576.76	13
1779.48	1806.33	13
1935.16	1970.1	13
0.24	0.27	13
0.34	0.28	13
0.41	0.43	13
0.61	0.67	13
1.06	1.08	13
1.98	1.59	13
2.77	3.54	13
4.1	2.9	13
5.51	4.99	13
4.75	6.57	13
9.28	9.51	13
16.2	15.2	13
27.43	26.71	13
47.36	47.8	13
82.54	78.65	13
126.09	127.74	13
186.41	185.29	13
282.04	285.34	13
472.69	470.78	13
879.12	877.19	13
1277.39	1270.28	13
1642.26	1649.55	13
2022.37	2011.64	13
2370.57	2383.03	13
2721.21	2730.75	13
3049.19	3056.75	13
3379.99	3401.89	13
0.27	0.23	13
0.32	0.28	13
0.43	0.35	13
0.62	0.56	13
0.96	1.02	13
1.76	1.22	13
2.62	2.35	13
4.46	2.98	13
3.31	3.23	13
3.39	4.64	13
7.72	7.22	13
11.05	11.19	13
21.34	18.47	13
32.4	33.32	13
55.04	53.59	13
85.47	84.74	13
114.74	113.4	13
168.34	167.91	13
262.91	268.99	13
468.78	465.95	13
649.27	664.65	13
862.1	867.89	13
1066.45	1069.63	13
1260.0	1283.77	13
1457.48	1472.34	13
1657.88	1668.9	13
1816.29	1839.76	13
0.26	0.28	13
0.31	0.31	13
0.39	0.39	13
0.58	0.6	13
1.01	0.94	13
1.42	1.77	13
2.23	2.48	13
3.63	2.95	13
3.66	3.83	13
5.28	6.65	13
7.95	8.08	13
12.57	12.38	13
22.37	22.03	13
37.75	38.18	13
62.73	62.39	13
101.51	104.26	13
152.92	151.89	13
243.79	243.24	13
416.62	413.6	13
801.13	789.9	13
1170.05	1144.6	13
1491.86	1485.64	13
1806.55	1800.6	13
2150.5	2108.14	13
2446.52	2422.54	13
2780.23	2736.64	13
3051.77	3009.52	13
0.3	0.29	14
0.34	0.33	14
0.45	0.43	14
0.7	0.67	14
1.13	1.16	14
2.23	1.99	14
2.59	3.15	14
3.71	5.71	14
4.7	3.84	14
6.76	5.46	14
10.16	9.61	14
15.55	15.93	14
28.25	26.41	14
48.93	49.38	14
80.79	84.52	14
129.53	125.37	14
181.49	183.57	14
274.74	271.23	14
440.53	443.39	14
774.5	782.21	14
1113.58	1116.2	14
1443.85	1451.53	14
1778.43	1781.75	14
2109.93	2132.44	14
2467.05	2467.56	14
2787.05	2815.49	14
3071.93	3076.24	14
0.31	0.25	14
0.37	0.35	14
0.48	0.5	14
0.67	0.75	14
1.16	1.28	14
1.82	2.1	14
2.84	3.62	14
3.87	2.59	14
4.35	3.38	14
6.29	6.09	14
9.54	8.59	14
14.11	17.13	14
25.86	25.84	14
43.55	44.89	14
74.0	74.33	14
112.89	110.49	14
153.66	150.35	14
211.55	215.15	14
324.58	330.4	14
592.86	591.68	14
864.6	871.59	14
1104.98	1101.96	14
1317.05	1311.54	14
1530.37	1548.07	14
1743.73	1756.41	14
1951.19	1933.1	14
2128.76	2164.51	14
0.29	0.25	14
0.28	0.29	14
0.41	0.38	14
0.57	0.55	14
0.94	0.91	14
1.68	1.57	14
2.49	2.59	14
3.1	1.92	14
3.16	3.11	14
5.22	4.31	14
8.22	7.93	14
11.77	12.59	14
21.78	21.48	14
36.57	36.22	14
60.29	60.61	14
96.22	91.87	14
142.99	141.66	14
219.9	224.82	14
367.28	380.43	14
660.1	664.77	14
952.22	967.21	14
1256.02	1274.35	14
1558.99	1559.93	14
1881.61	1855.16	14
2173.67	2155.86	14
2436.88	2453.0	14
2727.16	2721.69	14
0.27	0.24	14
0.29	0.3	14
0.41	0.41	14
0.73	0.66	14
1.11	1.18	14
2.16	1.89	14
3.94	3.4	14
5.06	2.88	14
3.97	4.94	14
6.31	6.55	14
9.5	9.14	14
16.29	14.73	14
23.99	24.02	14
41.67	41.55	14
69.27	68.47	14
103.02	107.99	14
135.78	139.8	14
199.58	195.19	14
313.74	312.56	14
589.67	558.72	14
844.28	830.9	14
1053.93	1045.81	14
1254.09	1240.04	14
1441.66	1439.74	14
1627.44	1624.4	14
1799.18	1791.8	14
1981.09	1943.86	14
0.33	0.25	15
0.3	0.36	15
0.41	0.44	15
0.63	0.61	15
1.01	1.07	15
1.92	1.59	15
3.21	3.54	15
4.42	4.17	15
3.73	3.53	15
4.42	6.42	15
7.69	10.3	15
14.18	13.68	15
25.39	25.15	15
41.07	41.82	15
68.34	67.82	15
108.49	105.73	15
145.1	145.78	15
203.23	205.36	15
312.61	315.42	15
568.06	571.56	15
824.97	820.56	15
1036.71	1035.58	15
1260.62	1288.5	15
1470.94	1490.84	15
1699.06	1694.89	15
1869.49	1876.85	15
2059.03	2084.96	15
0.26	0.31	15
0.32	0.29	15
0.39	0.45	15
0.65	0.63	15
1.09	1.04	15
1.98	2.01	15
3.66	3.01	15
4.15	3.26	15
4.96	4.52	15
6.46	5.06	15
10.72	10.2	15
14.41	16.43	15
25.35	27.08	15
46.94	45.07	15
76.91	76.85	15
122.9	122.52	15
178.35	172.79	15
260.08	264.45	15
435.25	429.8	15
761.78	758.9	15
1097.75	1106.46	15
1453.63	1443.04	15
1771.69	1787.63	15
2107.43	2108.82	15
2462.21	2439.94	15
2763.66	2757.76	15
3065.45	3057.5	15
0.26	0.25	15
0.27	0.27	15
0.37	0.36	15
0.57	0.55	15
0.92	0.88	15
1.66	1.63	15
2.64	1.38	15
2.34	3.0	15
3.29	3.54	15
3.94	5.39	15
7.48	7.56	15
10.84	11.24	15
18.31	19.26	15
32.24	33.18	15
54.42	53.29	15
83.49	82.28	15
117.16	116.95	15
169.08	173.55	15
273.34	276.42	15
514.14	504.2	15
740.55	736.62	15
938.55	934.16	15
1143.41	1141.88	15
1357.07	1322.27	15
1504.74	1535.31	15
1697.08	1695.93	15
1865.25	1874.33	15
0.28	0.26	15
0.3	0.32	15
0.38	0.38	15
0.57	0.59	15
0.92	0.92	15
1.68	1.67	15
2.04	1.96	15
1.89	2.69	15
2.5	3.82	15
5.31	4.9	15
7.01	7.07	15
13.43	13.2	15
22.58	20.24	15
35.39	35.64	15
61.59	61.64	15
95.11	96.33	15
143.55	141.65	15
216.45	220.42	15
381.95	377.03	15
670.81	675.97	15
966.14	966.52	15
1266.92	1271.83	15
1574.57	1571.75	15
1878.23	1869.25	15
2177.49	2175.71	15
2447.37	2460.9	15
2725.57	2752.37	15
0.28	0.26	16
0.29	0.3	16
0.37	0.4	16
0.67	0.62	16
1.14	0.89	16
1.92	1.92	16
3.3	2.81	16
3.65	3.64	16
4.54	4.3	16
4.71	6.83	16
9.05	9.7	16
15.2	15.98	16
28.04	28.0	16
48.2	48.61	16
79.9	80.97	16
127.07	126.29	16
182.79	181.16	16
275.02	272.5	16
454.71	453.55	16
836.65	836.32	16
1199.28	1199.08	16
1564.76	1556.06	16
1900.57	1920.7	16
2254.52	2243.71	16
2591.57	2586.8	16
2908.99	2927.77	16
3201.28	3232.38	16
0.27	0.25	16
0.29	0.29	16
0.45	0.42	16
0.63	0.67	16
1.09	1.08	16
1.99	2.03	16
3.82	3.01	16
4.46	5.32	16
3.84	4.63	16
6.03	5.65	16
9.16	8.36	16
13.83	13.84	16
25.07	24.4	16
43.89	42.56	16
72.82	74.64	16
109.07	109.42	16
148.52	145.87	16
206.48	206.38	16
310.56	311.13	16
516.93	516.87	16
738.64	749.33	16
947.34	954.65	16
1173.43	1180.59	16
1376.85	1385.29	16
1602.06	1609.39	16
1780.9	1797.79	16
1983.25	1963.06	16
0.26	0.24	16
0.28	0.28	16
0.4	0.38	16
0.58	0.61	16
0.96	0.93	16
1.65	1.5	16
3.19	2.64	16
3.41	2.27	16
4.05	3.39	16
4.7	4.87	16
7.02	7.86	16
12.53	14.52	16
21.57	21.69	16
37.0	36.73	16
59.41	59.92	16
96.58	96.3	16
140.15	143.24	16
224.68	223.25	16
385.07	380.76	16
719.3	712.13	16
1054.06	1041.03	16
1369.56	1356.15	16
1661.73	1636.1	16
1959.73	1932.43	16
2243.2	2252.97	16
2573.89	2510.3	16
2800.13	2830.91	16
0.25	0.25	16
0.32	0.28	16
0.49	0.41	16
0.63	0.62	16
1.19	1.07	16
1.78	1.58	16
3.05	2.59	16
2.63	2.92	16
5.62	4.14	16
4.79	6.68	16
8.06	7.64	16
12.95	12.65	16
21.99	23.22	16
37.49	40.01	16
62.86	62.23	16
96.94	94.86	16
132.36	132.45	16
178.74	185.42	16
283.83	283.65	16
474.12	481.88	16
689.58	681.39	16
885.64	896.37	16
1090.07	1107.48	16
1296.4	1298.48	16
1516.28	1495.94	16
1671.88	1697.4	16
1854.34	1853.01	16
0.42	0.43	17
0.59	0.75	17
1.02	1.07	17
2.02	1.84	17
3.44	3.31	17
5.37	4.64	17
9.24	11.79	17
7.73	7.35	17
9.86	14.36	17
12.67	16.15	17
24.92	24.93	17
44.62	43.09	17
78.87	76.44	17
148.2	147.08	17
269.43	266.7	17
493.7	497.41	17
866.18	870.69	17
1337.05	1337.26	17
1781.01	1779.05	17
2481.4	2477.73	17
3144.14	3176.68	17
3782.44	3864.45	17
4346.62	4462.39	17
4852.23	5020.75	17
5326.71	5581.37	17
5771.09	6127.53	17
6207.41	6589.83	17
0.51	0.45	17
0.55	0.57	17
0.98	0.96	17
1.91	1.89	17
3.38	2.84	17
6.54	5.07	17
5.26	8.15	17
11.97	10.54	17
15.51	23.69	17
22.58	47.38	17
40.42	115.84	17
70.16	293.13	17
131.93	517.03	17
255.79	1404.12	17
467.37	2599.58	17
840.68	4769.3	17
1433.0	7954.5	17
2143.11	10619.02	17
2715.83	11572.86	17
3641.26	13069.25	17
4386.85	14361.59	17
5156.64	15427.35	17
6038.63	16490.78	17
6935.01	17672.5	17
7844.75	18640.16	17
8817.84	19478.87	17
9637.58	20248.17	17
0.34	0.35	17
0.51	0.49	17
0.88	0.94	17
1.41	1.51	17
2.46	2.45	17
5.01	4.37	17
8.81	9.29	17
10.26	9.81	17
14.68	10.24	17
13.93	17.24	17
19.05	18.98	17
34.3	37.57	17
58.22	61.32	17
107.28	116.41	17
216.05	210.04	17
383.61	388.26	17
669.58	677.86	17
1033.47	1040.92	17
1406.34	1408.58	17
2016.94	2027.82	17
2677.52	2671.95	17
3360.97	3338.55	17
3948.97	3921.84	17
4488.11	4502.19	17
5028.98	5058.92	17
5496.28	5553.27	17
5894.22	6018.98	17
0.39	0.34	17
0.65	0.54	17
1.07	0.96	17
1.59	1.59	17
3.09	3.4	17
6.16	5.6	17
7.3	5.69	17
11.86	8.35	17
12.48	15.46	17
25.33	62.84	17
37.77	162.61	17
68.56	267.97	17
128.87	604.32	17
235.0	1230.78	17
446.98	2354.04	17
792.78	4508.27	17
1338.98	7376.09	17
1967.31	10090.28	17
2479.05	10950.43	17
3385.72	12621.2	17
4145.37	13974.82	17
4899.73	14900.13	17
5725.52	15951.49	17
6607.76	17047.08	17
7597.95	18255.5	17
8594.58	18936.33	17
9488.92	19857.05	17
0.38	0.43	18
0.69	0.72	18
0.97	1.13	18
2.08	1.65	18
2.87	3.67	18
5.08	6.25	18
11.19	11.95	18
13.72	13.0	18
20.81	24.12	18
19.15	36.38	18
42.71	144.46	18
76.15	341.15	18
146.21	617.71	18
267.03	1534.99	18
499.64	2925.21	18
899.95	5312.56	18
1517.17	8775.23	18
2268.65	11641.35	18
2924.22	12655.33	18
3793.15	14296.08	18
4606.71	15537.07	18
5654.82	16926.13	18
6704.43	17902.92	18
7616.77	18897.99	18
8344.29	19825.83	18
9007.68	20571.79	18
9616.85	21071.43	18
0.43	0.47	18
0.55	0.66	18
1.03	1.16	18
1.74	1.44	18
3.47	3.53	18
4.57	6.87	18
11.9	5.74	18
10.03	9.03	18
17.14	11.01	18
19.41	18.61	18
29.27	25.65	18
45.85	49.42	18
83.77	84.87	18
156.91	150.75	18
284.9	279.35	18
524.89	525.55	18
915.7	911.03	18
1402.86	1408.98	18
1848.61	1846.93	18
2553.2	2561.87	18
3076.09	3152.27	18
3640.09	3789.0	18
4215.18	4424.12	18
4826.41	5034.81	18
5430.57	5739.98	18
6078.03	6412.2	18
6705.64	7109.5	18
0.39	0.34	18
0.5	0.44	18
0.83	0.75	18
1.31	1.41	18
2.48	2.62	18
4.14	3.79	18
9.5	5.99	18
8.19	10.32	18
7.77	15.91	18
15.29	16.85	18
30.49	101.68	18
49.69	196.2	18
94.61	523.73	18
169.13	979.2	18
321.0	1986.78	18
563.01	3545.0	18
949.75	5911.51	18
1448.71	7903.06	18
1926.1	8740.5	18
2654.45	9945.54	18
3369.39	11030.61	18
4271.23	12079.2	18
5144.3	12988.72	18
5945.29	13903.2	18
6643.87	14783.24	18
7292.31	15433.94	18
7843.11	16015.65	18
0.47	0.45	18
0.57	0.64	18
1.0	0.85	18
1.77	1.73	18
3.24	3.19	18
6.25	5.68	18
7.95	9.7	18
6.24	10.57	18
12.41	10.37	18
21.5	15.12	18
28.26	25.56	18
44.06	41.93	18
79.76	77.63	18
148.91	142.93	18
267.61	268.49	18
504.91	500.63	18
880.14	881.76	18
1339.77	1333.36	18
1729.1	1728.45	18
2383.9	2387.74	18
2944.53	2968.99	18
3504.47	3570.24	18
4087.69	4205.9	18
4663.96	4847.95	18
5333.58	5491.94	18
5952.37	6116.09	18
6677.86	6808.5	18
0.46	0.45	19
0.63	0.6	19
1.04	1.02	19
1.74	1.83	19
3.26	3.07	19
6.41	5.63	19
7.02	6.0	19
7.89	8.92	19
13.48	13.58	19
14.49	19.29	19
29.25	28.8	19
39.8	46.66	19
85.84	80.18	19
152.76	154.01	19
276.52	280.75	19
508.6	510.71	19
898.39	891.02	19
1363.1	1371.02	19
1804.62	1813.18	19
2510.47	2518.5	19
3042.53	3137.19	19
3584.26	3733.81	19
4167.15	4342.69	19
4772.45	5000.66	19
5362.99	5640.46	19
5993.77	6350.76	19
6619.97	6970.92	19
0.42	0.39	19
0.67	0.64	19
0.9	1.0	19
1.94	1.91	19
2.96	3.35	19
5.82	7.13	19
13.08	6.84	19
12.79	8.33	19
17.19	23.7	19
26.28	36.09	19
39.76	78.76	19
79.16	199.9	19
139.49	576.11	19
268.04	1328.56	19
481.34	2753.42	19
860.33	4916.4	19
1464.01	8262.58	19
2198.75	10843.78	19
2834.9	12098.63	19
3725.5	13669.92	19
4545.45	15075.02	19
5608.07	16241.34	19
6706.21	17552.63	19
7628.31	18551.62	19
8383.29	19247.58	19
9050.29	20054.62	19
9633.79	20673.27	19
0.36	0.32	19
0.55	0.55	19
0.77	0.83	19
1.45	1.45	19
2.76	2.56	19
4.26	4.6	19
8.55	6.24	19
10.67	8.14	19
12.65	13.75	19
19.89	15.27	19
22.16	28.48	19
36.27	37.02	19
66.8	64.67	19
123.58	116.35	19
220.36	220.49	19
395.7	393.59	19
674.21	681.97	19
1033.55	1041.92	19
1424.43	1434.94	19
2070.84	2072.86	19
2613.17	2655.04	19
3158.37	3240.77	19
3692.34	3796.32	19
4276.98	4442.47	19
4862.43	5044.64	19
5514.31	5675.69	19
6122.56	6272.52	19
0.44	0.45	19
0.58	0.54	19
0.86	0.99	19
1.8	1.69	19
2.8	2.96	19
6.15	5.62	19
8.89	7.22	19
13.27	12.72	19
14.75	18.3	19
26.33	41.71	19
43.67	152.39	19
71.36	281.95	19
125.65	590.12	19
241.11	1228.01	19
436.89	2426.08	19
783.18	4518.77	19
1306.97	7437.86	19
1934.47	9753.12	19
2471.21	10677.4	19
3245.89	12122.85	19
3993.57	13331.73	19
4971.7	14368.82	19
6056.72	15623.27	19
6926.45	16629.69	19
7675.72	17331.04	19
8315.1	17988.6	19
8889.04	18608.91	19
0.45	0.4	20
0.68	0.71	20
1.13	1.05	20
2.04	2.11	20
3.81	3.89	20
6.12	6.42	20
10.88	9.35	20
10.81	13.09	20
19.97	26.62	20
25.58	48.83	20
43.01	132.57	20
75.58	373.79	20
144.55	694.99	20
272.41	1582.36	20
503.71	2967.86	20
896.33	5344.15	20
1525.31	8824.75	20
2292.27	11913.37	20
2911.93	13032.52	20
3846.57	14490.3	20
4672.44	16113.4	20
5517.21	17148.58	20
6453.09	18607.2	20
7476.23	19575.03	20
8517.72	20663.15	20
9585.24	21651.81	20
10631.86	22416.8	20
0.51	0.46	20
0.63	0.54	20
1.0	1.2	20
2.17	1.95	20
2.82	3.69	20
7.29	5.27	20
10.55	3.45	20
12.97	8.64	20
11.28	13.11	20
20.15	20.77	20
31.38	30.37	20
50.11	50.53	20
82.1	82.43	20
161.37	158.14	20
293.8	293.68	20
536.37	526.9	20
928.49	925.44	20
1427.15	1427.82	20
1889.32	1885.9	20
2571.14	2575.96	20
3287.64	3291.56	20
3870.66	3954.65	20
4455.48	4590.92	20
4974.58	5206.21	20
5467.91	5748.83	20
5876.43	6274.74	20
6289.22	6767.53	20
0.37	0.33	20
0.53	0.48	20
0.91	0.86	20
1.65	1.47	20
2.42	2.64	20
4.31	5.38	20
6.47	5.25	20
13.04	13.58	20
14.17	17.19	20
24.97	27.06	20
36.33	116.34	20
62.49	279.34	20
114.02	556.22	20
210.25	1115.99	20
388.59	2134.14	20
693.46	4021.27	20
1147.88	6606.76	20
1708.78	8652.03	20
2175.64	9705.98	20
2947.15	10839.77	20
3647.06	12092.66	20
4355.09	13353.36	20
5305.7	14577.66	20
6185.25	15453.36	20
7085.21	16270.33	20
8059.76	17154.89	20
8985.54	17781.15	20
0.4	0.36	20
0.65	0.63	20
1.01	1.13	20
1.8	1.71	20
3.38	2.15	20
5.5	5.31	20
8.96	5.95	20
8.47	6.8	20
13.99	18.43	20
18.31	21.13	20
24.13	26.05	20
40.59	48.25	20
81.28	81.55	20
145.14	148.64	20
266.72	264.52	20
482.97	485.97	20
827.31	834.19	20
1257.91	1256.92	20
1648.56	1642.17	20
2270.06	2268.5	20
2908.17	2908.49	20
3536.06	3538.97	20
4120.59	4189.53	20
4740.17	4766.17	20
5246.98	5303.39	20
5665.45	5800.16	20
6104.11	6284.74	20
0.79	0.86	21
0.99	1.25	21
1.63	1.28	21
1.31	1.51	21
1.47	1.22	21
2.09	2.09	21
2.13	1.85	21
2.55	2.54	21
2.53	2.83	21
3.19	3.0	21
4.9	4.87	21
7.31	7.63	21
14.8	11.94	21
22.96	20.96	21
42.28	45.89	21
80.39	70.73	21
155.38	139.72	21
304.43	345.69	21
446.05	396.21	21
588.55	522.17	21
733.43	813.42	21
880.6	806.05	21
1019.81	905.37	21
1168.52	1027.82	21
1301.56	1161.5	21
1.23	0.8	21
1.51	1.52	21
1.86	1.87	21
2.04	1.96	21
2.47	2.21	21
2.76	2.26	21
3.24	3.78	21
4.88	3.4	21
5.68	5.92	21
10.37	10.54	21
18.33	20.89	21
40.08	38.25	21
75.66	75.2	21
150.14	146.51	21
296.6	293.0	21
493.86	583.89	21
1176.26	1158.52	21
1912.89	2265.85	21
3391.38	3341.8	21
4494.47	4433.18	21
4689.16	5515.16	21
6706.28	6623.83	21
7816.7	7719.13	21
7459.42	8783.17	21
10012.44	9878.5	21
0.72	0.77	21
0.77	0.9	21
1.24	1.4	21
1.41	1.35	21
1.96	1.65	21
1.47	1.54	21
1.94	2.13	21
2.4	2.01	21
2.84	2.33	21
4.3	2.85	21
6.36	4.72	21
9.99	7.02	21
19.4	11.77	21
37.23	20.74	21
68.49	38.93	21
114.94	72.5	21
229.97	140.44	21
443.29	267.16	21
681.5	399.64	21
885.37	518.62	21
1097.89	646.93	21
1291.37	772.08	21
1541.79	900.46	21
1693.6	1309.64	21
1880.67	1153.5	21
0.79	0.87	21
1.28	1.2	21
1.79	1.54	21
2.28	1.65	21
2.19	2.47	21
2.29	2.34	21
3.14	2.8	21
4.33	3.2	21
7.46	7.34	21
11.18	11.23	21
21.59	20.44	21
41.33	37.05	21
81.32	74.1	21
166.55	144.57	21
256.05	239.25	21
509.23	564.7	21
1261.43	1119.22	21
2402.47	2180.78	21
3586.51	3234.27	21
4694.92	3584.19	21
5812.6	5327.21	21
6923.64	6414.07	21
8072.84	6206.65	21
9230.96	8477.44	21
10391.79	8105.66	21
0.98	0.84	22
1.46	1.34	22
1.93	1.53	22
1.65	2.33	22
1.94	1.85	22
2.38	2.45	22
2.63	2.06	22
2.82	2.65	22
3.59	3.87	22
4.75	4.81	22
7.4	8.01	22
12.68	12.26	22
22.96	21.68	22
41.13	39.53	22
83.9	73.28	22
163.84	142.23	22
298.89	280.96	22
576.09	548.27	22
853.45	803.55	22
1232.7	1064.63	22
1419.74	1326.44	22
1687.15	1789.39	22
1960.23	2061.8	22
2458.88	2113.47	22
2741.77	2413.2	22
0.66	0.78	22
0.93	1.03	22
1.09	1.26	22
1.6	1.27	22
1.92	2.14	22
2.12	1.93	22
2.42	2.57	22
3.67	3.84	22
5.43	5.66	22
10.27	9.96	22
15.5	17.79	22
34.91	33.66	22
68.73	66.19	22
132.22	129.9	22
217.34	255.22	22
511.85	507.33	22
1011.52	996.77	22
1961.42	1925.37	22
2900.05	2856.78	22
3157.89	3761.42	22
4758.4	4682.01	22
4752.34	5633.4	22
5521.29	6551.34	22
7607.2	7486.07	22
7070.19	8417.28	22
0.87	0.84	22
1.29	1.49	22
1.56	1.42	22
2.06	2.03	22
2.2	1.65	22
1.75	2.47	22
2.19	1.74	22
3.11	2.7	22
4.11	3.42	22
5.9	5.01	22
10.02	6.94	22
17.06	11.57	22
30.71	19.92	22
53.14	36.73	22
110.67	68.94	22
183.16	149.57	22
401.7	266.3	22
678.63	567.29	22
1025.93	752.16	22
1332.93	994.54	22
1659.84	1261.77	22
2004.17	1482.59	22
2327.3	1728.76	22
2652.55	2198.94	22
2983.8	2213.35	22
0.75	0.71	22
0.79	0.89	22
1.55	1.32	22
1.33	1.28	22
1.62	2.07	22
1.93	1.86	22
2.83	2.05	22
3.74	3.71	22
6.09	4.91	22
8.87	9.78	22
18.41	16.83	22
37.7	27.3	22
73.18	61.27	22
132.31	120.38	22
229.24	195.93	22
532.05	470.87	22
1038.78	927.22	22
2007.22	1504.76	22
2922.42	2661.71	22
3149.56	3475.02	22
4824.44	4353.04	22
5776.85	5218.12	22
6735.24	6078.19	22
6303.82	5813.55	22
8620.35	7791.04	22
0.77	0.79	23
0.83	1.15	23
1.29	1.06	23
1.9	1.83	23
1.86	2.18	23
2.52	2.16	23
2.86	3.09	23
4.31	4.3	23
5.94	5.37	23
11.09	10.27	23
19.87	13.58	23
37.85	38.03	23
74.78	73.14	23
145.86	144.8	23
288.86	238.92	23
553.93	462.42	23
1063.08	1038.29	23
1696.25	2010.46	23
2979.09	2957.49	23
3941.36	3880.74	23
4922.87	4820.33	23
5875.21	5767.01	23
6850.28	6701.65	23
6349.11	6242.5	23
8511.38	8314.84	23
1.1	0.99	23
1.76	1.34	23
2.28	1.69	23
1.77	2.32	23
2.63	2.34	23
2.84	2.44	23
2.85	3.21	23
3.16	3.79	23
4.01	3.94	23
4.73	4.83	23
8.25	7.61	23
13.6	12.56	23
22.71	23.01	23
40.19	37.99	23
83.54	74.02	23
150.83	161.47	23
297.84	312.73	23
573.58	605.25	23
852.04	802.56	23
1130.96	1060.69	23
1536.19	1324.63	23
1682.18	1612.22	23
1958.08	1844.55	23
2240.31	2132.93	23
2512.54	2368.28	23
0.73	0.7	23
0.92	0.99	23
1.31	1.16	23
1.35	1.37	23
1.86	1.59	23
1.88	2.09	23
2.31	2.39	23
3.4	3.38	23
5.41	4.88	23
8.6	8.61	23
14.41	14.77	23
33.14	29.21	23
65.0	54.67	23
121.78	105.53	23
255.74	211.25	23
403.11	413.05	23
895.42	793.52	23
1758.95	1541.57	23
2582.67	2278.88	23
3470.58	3009.59	23
4211.78	3750.18	23
5058.38	4523.58	23
4700.19	5233.27	23
6750.82	4940.18	23
7485.25	6709.37	23
1.19	1.08	23
1.41	1.23	23
1.89	1.66	23
2.15	2.07	23
2.33	2.04	23
1.97	2.29	23
3.01	2.26	23
3.79	3.75	23
4.07	3.44	23
6.39	5.0	23
9.87	6.98	23
16.57	11.9	23
26.09	21.65	23
50.91	36.78	23
104.01	69.4	23
223.63	132.44	23
364.34	261.21	23
691.62	507.22	23
1019.2	752.98	23
1367.62	994.32	23
1676.12	1238.36	23
2024.3	1505.35	23
2327.98	1740.3	23
2637.51	2289.04	23
2971.24	2519.74	23
0.83	0.74	24
1.31	1.35	24
1.55	1.51	24
2.0	1.67	24
1.88	2.05	24
2.0	2.32	24
2.85	2.79	24
3.41	2.88	24
5.86	6.22	24
9.63	9.38	24
18.34	18.03	24
34.8	29.8	24
69.41	68.69	24
137.64	134.28	24
269.07	220.13	24
551.02	536.7	24
1088.72	1067.47	24
2111.84	2076.24	24
3132.17	3088.19	24
3483.55	4108.76	24
5247.12	5180.94	24
6381.07	4299.03	24
7491.15	7399.02	24
8619.32	8516.96	24
9716.33	9592.1	24
0.76	0.89	24
1.26	0.89	24
1.27	1.39	24
1.12	1.91	24
1.23	1.27	24
1.94	1.57	24
2.04	2.18	24
2.47	1.9	24
2.73	2.41	24
3.38	3.45	24
4.61	4.1	24
7.7	8.0	24
15.34	14.2	24
22.61	24.79	24
49.08	37.14	24
80.97	72.52	24
157.31	175.0	24
302.26	341.29	24
533.59	395.64	24
591.97	654.0	24
729.77	650.47	24
875.67	779.68	24
1025.73	896.62	24
1387.85	1294.95	24
1306.54	1193.53	24
0.9	0.78	24
1.17	1.18	24
1.46	1.41	24
1.53	1.43	24
1.81	1.74	24
2.19	2.08	24
2.86	2.56	24
3.55	3.49	24
5.81	5.65	24
10.18	9.09	24
18.24	16.6	24
33.45	30.53	24
56.39	58.61	24
87.12	115.22	24
259.14	193.08	24
557.51	455.07	24
1026.0	902.57	24
1989.17	1753.98	24
2876.26	2606.29	24
2417.53	3475.61	24
4921.46	4381.58	24
5873.79	5330.85	24
5645.03	6284.72	24
7984.01	6038.51	24
9027.86	6864.82	24
0.83	0.72	24
0.87	0.76	24
1.39	1.36	24
1.3	1.43	24
1.63	1.91	24
1.58	1.71	24
1.94	1.91	24
2.24	2.32	24
2.79	2.32	24
3.78	2.88	24
6.53	4.71	24
11.89	6.84	24
23.93	14.78	24
42.7	20.97	24
78.2	40.58	24
136.43	85.85	24
234.92	173.9	24
478.35	265.59	24
673.48	392.97	24
877.56	523.49	24
1122.05	646.85	24
1278.51	797.59	24
1513.58	902.7	24
1680.61	1024.84	24
1909.09	1191.95	24
0.46	0.39	25
0.58	0.54	25
0.62	0.55	25
0.73	0.74	25
0.89	0.95	25
1.11	1.05	25
1.57	1.62	25
2.04	2.12	25
3.55	3.57	25
5.39	5.27	25
9.22	9.46	25
15.97	15.14	25
29.43	28.07	25
54.01	56.14	25
103.45	104.57	25
199.43	199.79	25
384.93	385.03	25
566.65	564.75	25
749.68	752.64	25
926.3	927.39	25
1107.87	1120.36	25
1284.79	1285.62	25
1478.87	1466.06	25
1646.78	1649.86	25
0.59	0.55	25
0.86	0.75	25
1.02	0.9	25
1.44	1.25	25
2.08	2.19	25
2.61	3.12	25
3.79	3.38	25
6.79	6.94	25
12.3	11.65	25
24.69	22.94	25
44.36	44.73	25
87.54	86.03	25
172.66	171.37	25
341.66	341.85	25
675.91	682.16	25
1350.64	1352.06	25
2617.73	2626.16	25
3905.31	3895.02	25
5172.45	5166.94	25
6411.21	6450.86	25
7644.73	7633.3	25
8886.68	8878.37	25
10049.55	10052.08	25
11263.76	11256.8	25
0.36	0.35	25
0.48	0.51	25
0.5	0.53	25
0.56	0.56	25
0.84	0.83	25
1.05	1.05	25
1.54	1.48	25
1.83	1.83	25
3.06	3.13	25
4.99	4.61	25
8.0	8.14	25
12.99	13.06	25
24.52	22.71	25
42.18	45.27	25
73.57	80.73	25
157.07	142.34	25
284.51	278.34	25
415.3	409.55	25
554.23	530.3	25
669.57	670.59	25
809.98	795.09	25
941.6	945.49	25
1061.4	1057.1	25
1208.93	1183.83	25
0.51	0.51	25
0.78	0.63	25
0.79	0.89	25
1.38	1.37	25
1.95	1.99	25
2.59	2.29	25
3.38	4.1	25
6.24	5.61	25
11.38	11.32	25
19.35	20.02	25
38.39	40.34	25
78.95	82.56	25
155.87	149.66	25
291.89	301.14	25
605.64	571.8	25
1102.31	1155.57	25
2105.86	2188.19	25
3161.36	3118.61	25
4212.77	4120.94	25
5096.5	5069.2	25
5854.35	6251.74	25
6982.27	6953.4	25
7905.84	7872.75	25
8651.63	8673.55	25
0.51	0.47	26
0.61	0.66	26
1.01	0.86	26
1.06	1.05	26
1.26	1.45	26
1.52	1.57	26
2.57	2.41	26
3.53	3.35	26
4.74	4.68	26
8.29	8.1	26
14.98	14.4	26
25.62	26.6	26
50.12	50.22	26
94.51	96.46	26
185.98	186.16	26
364.52	367.74	26
702.12	701.43	26
1050.35	1047.48	26
1396.68	1396.05	26
1737.88	1718.94	26
2067.61	2050.35	26
2401.73	2412.48	26
2756.63	2732.75	26
3081.74	3068.65	26
0.47	0.45	26
0.55	0.54	26
0.74	0.75	26
1.11	1.15	26
1.51	1.53	26
2.44	2.86	26
2.92	2.6	26
4.42	4.41	26
6.95	7.16	26
12.93	12.5	26
24.36	44.77	26
45.57	45.56	26
89.09	89.48	26
176.46	175.4	26
349.19	348.65	26
694.96	1360.91	26
1352.69	1353.78	26
2009.63	2010.86	26
2654.78	2654.42	26
3313.83	3315.4	26
3889.28	3938.0	26
4478.11	4456.47	26
5010.63	9770.8	26
5556.96	5580.91	26
0.45	0.39	26
0.62	0.5	26
0.65	0.68	26
0.93	0.86	26
1.19	1.22	26
1.62	1.59	26
1.85	2.31	26
2.76	2.69	26
4.6	4.42	26
6.98	7.48	26
12.8	12.65	26
22.95	23.46	26
41.49	44.82	26
79.53	82.24	26
162.15	158.31	26
302.01	305.41	26
594.91	581.39	26
856.81	867.72	26
1151.86	1146.13	26
1406.32	1420.53	26
1676.07	1692.57	26
1974.55	1962.17	26
2251.62	2229.81	26
2516.39	2510.35	26
0.42	0.38	26
0.63	0.55	26
0.7	0.84	26
1.1	1.19	26
1.64	1.49	26
2.58	2.25	26
2.96	3.0	26
4.57	4.45	26
7.86	7.35	26
12.61	21.32	26
24.48	25.0	26
46.18	44.69	26
85.78	89.47	26
173.58	172.2	26
330.83	342.04	26
661.06	662.05	26
1290.28	1286.47	26
1887.07	1886.36	26
2469.26	2480.7	26
3041.62	3042.98	26
3539.48	3525.25	26
4062.72	4041.6	26
4421.76	4448.79	26
4915.25	4946.17	26
0.39	0.42	27
0.57	0.47	27
0.68	0.63	27
1.07	1.01	27
1.64	1.49	27
1.64	1.41	27
2.79	2.29	27
3.8	4.48	27
6.31	6.57	27
10.85	19.11	27
20.93	37.97	27
39.67	39.36	27
75.07	77.35	27
153.26	147.0	27
297.11	291.52	27
585.13	583.88	27
1193.29	1175.59	27
1791.25	1787.58	27
2433.5	2399.67	27
3027.03	3025.87	27
3658.93	3661.36	27
4349.98	4363.04	27
4970.07	4987.35	27
5578.56	5598.08	27
0.52	0.45	27
0.61	0.61	27
0.73	0.75	27
0.9	1.03	27
1.08	1.22	27
1.77	1.68	27
2.25	2.22	27
3.27	3.21	27
5.14	4.82	27
8.27	7.77	27
14.59	14.4	27
26.06	26.92	27
50.78	49.6	27
101.45	95.79	27
190.25	193.87	27
380.77	375.81	27
737.52	736.98	27
1100.09	1103.46	27
1456.43	1459.12	27
1828.85	1827.63	27
2182.08	2191.62	27
2553.74	2567.53	27
2966.47	2952.12	27
3334.59	3296.1	27
0.39	0.36	27
0.39	0.48	27
0.63	0.58	27
0.82	1.0	27
1.24	1.38	27
2.14	2.04	27
2.88	2.84	27
3.37	3.91	27
5.9	6.84	27
10.39	10.89	27
18.69	19.09	27
35.79	34.39	27
66.85	68.8	27
131.18	130.1	27
258.7	504.24	27
518.25	518.63	27
996.59	998.9	27
1469.93	1467.84	27
1929.04	1932.12	27
2384.45	2365.48	27
2808.88	2806.23	27
3216.62	3224.37	27
3656.48	3646.03	27
4103.84	4096.03	27
0.45	0.4	27
0.6	0.53	27
0.78	0.82	27
0.97	0.98	27
1.22	1.26	27
1.64	1.54	27
2.22	2.21	27
3.08	2.77	27
4.17	4.48	27
7.3	6.77	27
12.67	13.87	27
23.23	23.35	27
42.9	42.96	27
85.11	81.34	27
161.12	163.22	27
316.79	315.4	27
595.53	603.35	27
883.67	899.88	27
1173.9	1169.91	27
1462.0	1460.61	27
1756.83	1773.17	27
2061.6	2070.19	27
2378.47	2369.46	27
2712.94	2706.64	27
0.54	0.5	28
0.56	0.58	28
0.82	0.78	28
1.33	1.19	28
2.0	1.48	28
2.46	1.98	28
2.98	3.24	28
5.63	5.78	28
10.27	10.21	28
18.97	18.83	28
35.62	35.84	28
73.24	71.21	28
139.79	138.61	28
278.71	280.28	28
571.19	578.44	28
1150.98	1164.07	28
2282.54	2287.32	28
3497.1	3536.29	28
4738.89	4732.15	28
5922.28	5975.13	28
7181.99	7220.7	28
8422.17	8445.97	28
9640.79	9628.89	28
10770.52	10785.02	28
0.45	0.45	28
0.55	0.52	28
0.69	0.65	28
0.65	0.76	28
0.96	1.03	28
0.96	1.11	28
1.56	1.56	28
2.07	1.88	28
3.35	3.59	28
5.38	5.14	28
8.75	8.82	28
15.82	15.37	28
28.35	28.34	28
55.99	52.15	28
100.58	102.01	28
202.52	198.55	28
383.04	380.28	28
562.56	562.49	28
745.89	748.32	28
926.58	923.0	28
1105.33	1108.38	28
1286.43	1287.18	28
1461.02	1477.28	28
1643.03	1651.44	28
0.45	0.39	28
0.54	0.49	28
0.67	0.68	28
0.89	1.0	28
1.6	1.43	28
1.84	1.75	28
2.69	3.01	28
4.3	4.0	28
7.42	7.95	28
13.94	14.14	28
26.84	26.93	28
52.96	52.78	28
103.73	104.11	28
205.17	204.87	28
408.63	408.68	28
807.7	809.54	28
1572.89	1565.72	28
2333.41	2321.23	28
3025.31	2984.7	28
3827.26	3824.99	28
4554.07	4568.67	28
5240.58	5226.54	28
5945.97	5963.29	28
6655.34	6634.92	28
0.49	0.43	28
0.6	0.41	28
0.63	0.57	28
0.67	0.69	28
0.92	0.89	28
1.16	1.22	28
1.54	1.5	28
1.91	1.88	28
3.06	2.9	28
4.57	4.67	28
7.69	7.84	28
14.02	13.36	28
23.3	21.93	28
43.92	41.94	28
73.21	81.39	28
144.7	152.79	28
282.53	322.72	28
420.42	413.95	28
534.93	545.63	28
656.52	673.75	28
793.71	794.37	28
931.92	917.6	28
1048.62	1173.55	28
1185.16	1180.79	28
0.32	0.34	29
0.36	0.39	29
0.43	0.47	29
0.59	0.53	29
0.79	0.96	29
1.31	1.43	29
2.18	1.96	29
1.97	2.22	29
2.88	3.24	29
3.21	3.56	29
2.84	3.38	29
3.75	4.26	29
3.74	3.57	29
4.96	4.83	29
6.73	6.33	29
9.24	10.08	29
14.45	13.44	29
30.1	23.92	29
54.56	42.88	29
86.45	76.34	29
166.14	241.52	29
326.08	374.43	29
591.28	430.21	29
628.71	729.17	29
1135.83	911.0	29
1368.18	1339.38	29
1356.56	976.47	29
1242.06	1452.43	29
1395.09	1244.83	29
0.3	0.28	29
0.38	0.34	29
0.48	0.41	29
0.55	0.62	29
0.9	0.94	29
1.56	1.6	29
2.24	1.39	29
2.61	2.63	29
3.34	3.47	29
3.34	3.59	29
4.27	4.67	29
5.45	5.21	29
7.18	7.6	29
12.31	9.46	29
20.16	20.04	29
35.94	31.26	29
71.23	59.42	29
114.32	115.14	29
226.54	271.85	29
458.5	367.18	29
1097.04	1078.19	29
2137.29	2111.22	29
3243.42	3197.98	29
2899.4	3669.34	29
5649.0	4674.83	29
6855.37	5552.88	29
8066.74	7946.25	29
7728.65	9149.98	29
10480.42	10334.02	29
0.25	0.24	29
0.29	0.29	29
0.37	0.37	29
0.49	0.5	29
0.87	0.69	29
1.14	1.38	29
1.79	1.47	29
1.78	1.61	29
2.49	2.8	29
2.97	3.01	29
3.15	2.96	29
3.4	3.22	29
3.91	3.82	29
5.08	4.6	29
8.32	5.57	29
11.39	11.53	29
21.04	12.65	29
41.07	22.64	29
79.73	42.05	29
127.92	105.89	29
230.6	148.38	29
516.87	362.52	29
719.47	533.39	29
945.39	718.6	29
1115.9	896.24	29
1398.27	1297.92	29
1642.39	1274.14	29
1833.46	1432.16	29
2163.99	1282.85	29
0.28	0.29	29
0.33	0.34	29
0.43	0.45	29
0.62	0.6	29
0.85	0.98	29
1.28	1.39	29
2.24	2.08	29
2.03	3.17	29
2.41	3.08	29
3.57	3.53	29
3.44	3.16	29
5.36	4.77	29
4.33	6.19	29
12.23	10.62	29
21.23	18.28	29
38.62	28.33	29
73.2	56.29	29
144.74	132.69	29
233.61	218.79	29
369.52	525.21	29
933.6	694.38	29
1879.31	2028.86	29
3351.74	2564.81	29
4610.49	4223.39	29
4786.83	5402.83	29
5805.97	6528.67	29
8375.92	6406.87	29
7872.52	8843.24	29
10855.01	10055.25	29
0.27	0.25	30
0.38	0.3	30
0.42	0.4	30
0.62	0.65	30
1.1	1.04	30
1.47	0.88	30
2.43	2.15	30
2.92	2.48	30
3.24	2.33	30
3.08	3.2	30
3.62	3.23	30
3.71	4.48	30
4.41	5.15	30
5.53	6.08	30
8.32	8.52	30
14.67	12.23	30
23.74	23.82	30
40.77	44.94	30
80.3	76.47	30
155.33	146.0	30
309.74	288.77	30
610.3	561.89	30
880.16	827.97	30
1167.42	1099.08	30
1456.02	1782.97	30
1738.83	1885.8	30
2281.73	2202.76	30
2317.04	2200.7	30
2621.89	2923.6	30
0.28	0.21	30
0.33	0.31	30
0.47	0.41	30
0.61	0.56	30
0.8	0.8	30
1.35	1.59	30
2.09	1.93	30
2.5	2.28	30
3.32	3.04	30
3.55	3.46	30
3.83	3.72	30
4.34	5.0	30
7.6	7.43	30
10.52	11.29	30
19.75	18.9	30
36.35	36.11	30
69.04	57.3	30
132.5	108.48	30
215.4	213.0	30
510.24	504.96	30
1011.25	994.66	30
1630.53	1931.88	30
2913.63	2861.6	30
3179.59	3155.39	30
3115.72	4707.01	30
4725.68	3703.34	30
4422.38	5463.42	30
6401.63	6321.13	30
8783.54	7177.63	30
0.25	0.23	30
0.29	0.26	30
0.38	0.38	30
0.55	0.58	30
0.84	0.9	30
1.26	1.12	30
1.78	1.75	30
2.66	2.27	30
2.41	2.95	30
3.45	2.65	30
3.56	3.63	30
4.25	3.39	30
5.12	4.49	30
6.6	5.37	30
9.23	7.6	30
15.84	13.52	30
31.58	27.56	30
47.95	43.77	30
104.55	81.28	30
186.36	157.04	30
436.05	328.03	30
693.83	602.76	30
1033.48	777.08	30
1391.52	1187.08	30
1789.25	1279.12	30
2067.73	1559.53	30
2389.24	1787.95	30
2740.79	2436.35	30
3064.12	2294.39	30
0.26	0.25	30
0.3	0.28	30
0.34	0.33	30
0.48	0.58	30
0.92	0.9	30
1.38	1.42	30
1.87	1.85	30
2.44	3.65	30
3.41	3.15	30
3.37	3.87	30
5.4	3.87	30
4.11	4.67	30
7.11	7.14	30
12.76	9.31	30
20.52	12.47	30
41.84	35.2	30
59.79	65.65	30
149.37	125.8	30
281.81	247.74	30
446.67	488.9	30
1072.95	797.03	30
1604.08	1479.45	30
2360.85	2637.71	30
3810.97	3567.25	30
3935.47	4417.59	30
5870.62	4342.71	30
5768.08	5140.68	30
8084.48	7383.97	30
7492.72	5581.1	30
0.26	0.26	31
0.38	0.28	31
0.43	0.35	31
0.56	0.71	31
0.87	0.87	31
1.52	1.36	31
2.02	1.86	31
2.6	2.87	31
3.69	2.91	31
2.79	3.21	31
4.46	3.79	31
5.18	4.45	31
5.9	7.22	31
11.19	8.13	31
15.72	19.54	31
34.11	22.16	31
55.22	54.68	31
107.96	104.83	31
255.82	251.78	31
509.27	501.51	31
840.49	659.74	31
1981.6	1627.27	31
2949.16	2421.8	31
3902.6	3189.4	31
4859.88	4803.19	31
4808.25	4742.51	31
6731.01	6614.89	31
6298.98	7492.67	31
8587.33	8432.83	31
0.26	0.28	31
0.29	0.44	31
0.41	0.4	31
0.6	0.57	31
1.0	1.16	31
1.72	1.42	31
2.49	2.32	31
2.26	2.7	31
2.62	3.12	31
3.69	3.57	31
4.21	3.1	31
3.0	4.19	31
4.97	4.79	31
5.88	6.34	31
8.12	8.76	31
14.02	13.95	31
23.35	21.57	31
51.8	40.41	31
78.88	76.6	31
154.09	188.22	31
342.77	330.56	31
661.48	650.31	31
986.44	952.54	31
1315.84	1101.9	31
1650.03	1371.81	31
1750.75	1923.81	31
2047.09	2200.53	31
2335.51	2192.26	31
2617.32	2465.12	31
0.25	0.22	31
0.28	0.28	31
0.38	0.32	31
0.52	0.48	31
0.85	0.82	31
1.36	1.16	31
1.95	1.56	31
2.39	2.43	31
3.06	2.9	31
2.41	2.78	31
4.0	2.99	31
4.02	3.55	31
6.74	4.53	31
6.02	8.2	31
15.01	13.8	31
35.22	14.22	31
62.12	54.17	31
126.37	103.9	31
193.78	96.11	31
495.38	403.61	31
919.98	800.62	31
1761.58	1565.47	31
2621.35	2325.67	31
2801.51	3110.82	31
4297.35	3258.83	31
5303.17	4958.64	31
6370.24	5752.61	31
7235.47	6570.42	31
8318.17	4802.44	31
0.25	0.24	31
0.31	0.31	31
0.41	0.39	31
0.69	0.6	31
0.92	1.05	31
1.46	1.56	31
1.57	2.34	31
2.04	2.95	31
3.27	2.91	31
3.53	2.53	31
3.55	3.62	31
4.15	4.12	31
5.57	4.94	31
6.87	5.88	31
11.18	8.86	31
16.14	12.66	31
29.98	21.96	31
55.33	40.62	31
114.35	75.65	31
208.65	144.92	31
390.07	344.16	31
724.56	567.06	31
1150.74	827.33	31
1474.96	1123.87	31
1837.54	1620.33	31
2268.24	1649.1	31
2516.9	1920.81	31
3009.04	2189.13	31
3248.45	2515.41	31
0.25	0.28	32
0.33	0.3	32
0.44	0.36	32
0.56	0.58	32
0.71	1.02	32
1.7	1.26	32
1.96	1.34	32
2.02	3.57	32
2.97	2.96	32
3.3	3.41	32
4.08	3.62	32
4.99	5.73	32
6.28	5.67	32
10.28	11.08	32
21.05	20.04	32
31.48	36.87	32
70.02	69.84	32
136.23	134.82	32
222.93	263.44	32
529.53	526.06	32
1056.95	861.52	32
1689.48	2009.79	32
3022.96	2472.49	32
2648.33	3276.04	32
4984.02	4896.04	32
4945.06	4896.53	32
6952.12	6826.92	32
7919.85	7785.35	32
7377.11	8759.32	32
0.24	0.33	32
0.29	0.28	32
0.39	0.32	32
0.54	0.67	32
0.88	0.69	32
1.14	1.42	32
2.02	2.7	32
2.38	2.27	32
2.58	3.03	32
2.31	2.6	32
2.8	4.12	32
3.62	3.41	32
4.18	4.18	32
4.75	4.47	32
6.24	6.37	32
9.57	9.08	32
15.07	13.21	32
25.34	23.68	32
46.8	41.24	32
87.2	76.91	32
169.14	150.2	32
397.11	369.51	32
589.76	425.79	32
627.51	561.37	32
1184.53	701.9	32
938.38	833.4	32
1092.76	1309.31	32
1242.94	1130.45	32
1406.6	1656.63	32
0.2	0.21	32
0.27	0.24	32
0.34	0.33	32
0.51	0.51	32
0.68	0.77	32
1.24	1.18	32
1.64	1.8	32
2.44	2.49	32
2.48	2.56	32
3.48	3.21	32
3.51	3.02	32
4.63	4.52	32
5.86	5.56	32
7.62	10.0	32
16.12	17.1	32
29.31	27.07	32
54.81	60.3	32
110.76	116.4	32
203.69	229.34	32
406.88	375.16	32
1009.49	903.25	32
1599.3	1751.2	32
2319.07	2602.24	32
3100.88	3471.47	32
4789.7	4297.02	32
5647.81	4254.23	32
5363.22	6000.45	32
4694.92	6855.71	32
8473.64	5001.36	32
0.24	0.21	32
0.29	0.29	32
0.38	0.4	32
0.63	0.57	32
0.8	0.77	32
1.24	1.05	32
1.43	2.39	32
2.48	2.41	32
3.28	3.04	32
3.34	3.11	32
3.25	3.66	32
3.29	3.15	32
4.94	4.07	32
5.53	5.34	32
7.57	5.47	32
15.87	8.83	32
24.5	15.47	32
34.58	23.88	32
75.23	56.11	32
139.39	76.03	32
271.32	157.49	32
482.89	287.4	32
716.15	421.69	32
892.88	714.88	32
1124.14	726.25	32
1322.18	861.12	32
1607.54	975.19	32
1754.03	1099.68	32
1928.11	1588.57	32
0.3	0.39	33
0.36	0.36	33
0.51	0.59	33
0.77	0.8	33
0.97	1.09	33
1.04	1.62	33
1.83	1.82	33
1.91	2.05	33
2.93	2.58	33
3.68	3.57	33
4.81	4.33	33
5.43	5.81	33
8.98	9.15	33
15.63	14.51	33
27.01	27.03	33
47.86	48.47	33
90.78	91.21	33
171.73	174.11	33
254.87	255.32	33
336.72	333.95	33
423.77	419.89	33
512.05	503.52	33
577.72	583.56	33
663.58	650.66	33
744.33	731.47	33
0.33	0.26	33
0.38	0.39	33
0.47	0.47	33
0.79	0.81	33
1.02	1.1	33
1.34	1.35	33
1.81	1.61	33
2.44	2.08	33
3.36	3.74	33
4.82	4.55	33
6.6	6.18	33
11.4	10.89	33
19.61	18.93	33
36.38	36.48	33
66.05	67.41	33
130.52	132.37	33
246.36	252.02	33
473.64	475.61	33
693.55	690.48	33
914.74	914.61	33
1133.4	1143.25	33
1364.74	1365.05	33
1587.38	1589.24	33
1813.78	1808.33	33
2038.08	2039.24	33
0.27	0.29	33
0.34	0.32	33
0.46	0.45	33
0.75	0.8	33
1.03	0.84	33
1.49	1.54	33
1.65	2.03	33
2.4	1.88	33
2.87	2.63	33
3.37	3.28	33
4.43	4.37	33
5.74	5.36	33
8.26	8.63	33
15.69	14.29	33
24.71	26.35	33
46.4	43.54	33
83.37	85.47	33
162.41	163.91	33
232.4	242.83	33
305.62	316.14	33
397.81	390.21	33
453.28	461.27	33
546.48	542.61	33
617.66	607.47	33
680.04	678.35	33
0.33	0.28	33
0.41	0.34	33
0.51	0.49	33
0.78	0.78	33
1.2	1.11	33
1.32	1.49	33
1.98	1.43	33
2.45	2.2	33
3.19	2.79	33
4.82	4.77	33
6.47	6.04	33
10.25	9.31	33
17.97	18.17	33
32.73	32.86	33
63.21	63.21	33
121.29	120.5	33
232.48	230.19	33
450.98	447.47	33
630.99	639.49	33
823.07	831.28	33
1013.4	1031.68	33
1208.27	1241.47	33
1442.92	1439.53	33
1645.72	1634.28	33
1837.36	1846.08	33
0.32	0.37	34
0.41	0.37	34
0.48	0.53	34
0.69	0.69	34
0.99	1.12	34
1.37	1.38	34
1.72	1.54	34
2.17	2.14	34
3.17	3.15	34
4.13	4.63	34
6.55	6.9	34
10.1	10.29	34
19.37	17.24	34
33.6	33.65	34
65.59	64.89	34
127.13	124.05	34
246.58	248.14	34
484.47	479.1	34
715.01	715.74	34
945.49	946.43	34
1174.84	1181.74	34
1406.47	1409.4	34
1643.55	1644.09	34
1873.26	1877.99	34
2102.94	2105.81	34
0.3	0.29	34
0.39	0.32	34
0.56	0.52	34
0.9	0.86	34
0.93	1.13	34
1.69	1.44	34
1.32	1.9	34
1.9	2.06	34
2.55	3.06	34
3.59	3.21	34
4.8	4.2	34
6.54	6.26	34
9.85	9.95	34
16.9	16.95	34
30.94	31.14	34
57.99	58.03	34
111.3	110.83	34
214.59	214.52	34
315.31	316.22	34
416.41	417.93	34
524.48	524.18	34
631.54	651.68	34
759.61	762.46	34
872.58	881.07	34
982.05	984.41	34
0.32	0.25	34
0.31	0.29	34
0.42	0.41	34
0.63	0.67	34
0.91	0.97	34
1.13	1.5	34
1.51	1.47	34
1.82	1.76	34
3.1	2.92	34
3.8	3.53	34
5.58	5.5	34
8.59	9.29	34
16.27	15.97	34
29.52	29.35	34
56.82	56.3	34
111.05	112.08	34
213.64	212.21	34
415.96	415.46	34
615.34	614.66	34
802.3	807.21	34
997.06	1007.46	34
1201.84	1196.77	34
1438.54	1455.55	34
1637.22	1621.48	34
1838.37	1855.31	34
0.28	0.29	34
0.32	0.35	34
0.44	0.45	34
0.72	0.72	34
0.98	1.09	34
1.23	1.28	34
1.36	1.75	34
2.56	1.88	34
2.9	2.64	34
2.9	3.1	34
4.17	3.92	34
6.06	5.9	34
8.7	8.87	34
15.56	15.76	34
27.64	27.46	34
49.7	51.05	34
97.4	96.57	34
184.97	185.38	34
274.91	271.57	34
362.55	353.95	34
441.96	446.28	34
531.08	539.37	34
629.06	623.23	34
716.37	716.93	34
816.68	811.54	34
0.3	0.3	35
0.36	0.4	35
0.5	0.41	35
0.68	0.71	35
1.07	1.21	35
1.75	1.09	35
2.16	1.9	35
2.18	1.85	35
2.59	3.51	35
3.8	3.56	35
4.58	4.58	35
6.58	7.16	35
10.56	9.97	35
17.65	17.5	35
31.99	32.37	35
61.08	61.14	35
116.24	116.36	35
223.26	223.07	35
325.72	326.03	35
434.05	435.04	35
545.95	546.49	35
653.38	658.19	35
764.59	764.46	35
875.85	876.28	35
984.3	982.13	35
0.3	0.28	35
0.32	0.39	35
0.5	0.56	35
0.71	0.81	35
1.06	0.98	35
1.27	1.21	35
1.64	2.01	35
2.75	2.12	35
3.38	3.34	35
4.22	4.3	35
6.39	6.0	35
9.7	9.86	35
17.4	17.63	35
31.07	31.2	35
61.14	60.25	35
116.56	115.01	35
228.52	227.87	35
441.88	438.63	35
661.57	658.54	35
868.09	869.56	35
1077.32	1083.99	35
1292.54	1297.97	35
1508.24	1507.11	35
1721.51	1714.87	35
1923.17	1925.04	35
0.26	0.28	35
0.29	0.34	35
0.44	0.42	35
0.68	0.71	35
0.98	1.1	35
1.64	1.28	35
1.85	1.47	35
1.78	1.45	35
2.97	2.88	35
3.18	3.06	35
4.07	3.8	35
5.29	5.7	35
8.35	8.41	35
14.67	13.71	35
24.76	25.54	35
45.98	47.92	35
89.93	89.03	35
171.55	171.12	35
249.38	245.33	35
321.63	324.93	35
414.32	406.99	35
490.14	488.14	35
562.11	559.83	35
646.24	645.57	35
723.32	725.74	35
0.3	0.26	35
0.34	0.32	35
0.5	0.46	35
0.66	0.65	35
1.09	0.99	35
1.01	2.06	35
1.6	1.85	35
2.11	2.62	35
3.09	2.7	35
4.23	3.76	35
5.78	5.77	35
8.77	9.08	35
15.46	15.49	35
28.19	28.7	35
54.79	56.24	35
107.11	105.83	35
207.4	209.21	35
405.32	392.81	35
588.56	605.8	35
764.97	771.91	35
961.01	959.79	35
1146.81	1150.69	35
1340.66	1346.93	35
1526.72	1519.61	35
1702.38	1718.05	35
0.31	0.32	36
0.37	0.43	36
0.46	0.47	36
0.71	0.75	36
1.02	1.11	36
1.25	1.45	36
1.69	1.36	36
2.01	1.85	36
2.71	3.22	36
4.29	4.6	36
5.67	6.84	36
9.31	10.24	36
18.21	17.3	36
32.46	32.4	36
61.74	61.63	36
119.8	120.05	36
235.26	237.37	36
453.89	454.42	36
676.19	678.72	36
899.16	901.34	36
1124.98	1128.32	36
1347.93	1348.45	36
1568.46	1572.83	36
1790.88	1798.3	36
2015.64	2019.01	36
0.31	0.31	36
0.39	0.36	36
0.57	0.44	36
0.77	0.73	36
1.16	1.15	36
1.32	1.34	36
1.46	1.83	36
1.92	2.24	36
2.72	2.69	36
3.77	3.7	36
4.63	4.15	36
5.64	5.77	36
8.4	8.9	36
14.13	14.87	36
27.14	25.61	36
47.97	47.68	36
89.56	89.52	36
172.78	173.48	36
258.64	258.09	36
341.75	336.73	36
418.2	421.73	36
505.15	499.0	36
588.61	578.54	36
668.32	663.53	36
742.25	742.22	36
0.29	0.27	36
0.3	0.32	36
0.47	0.42	36
0.65	0.69	36
1.04	1.03	36
1.29	1.34	36
1.48	1.9	36
1.87	1.82	36
2.5	2.5	36
3.8	4.12	36
5.81	5.46	36
8.94	9.13	36
15.5	16.48	36
29.47	29.59	36
55.03	55.85	36
106.34	105.65	36
207.56	209.43	36
396.37	405.8	36
592.12	590.03	36
772.22	785.62	36
961.6	964.35	36
1138.26	1163.07	36
1334.66	1330.38	36
1521.92	1523.33	36
1700.14	1695.47	36
0.34	0.29	36
0.32	0.32	36
0.47	0.49	36
0.73	0.87	36
1.01	0.92	36
1.7	1.5	36
1.7	2.03	36
1.85	2.1	36
2.54	2.67	36
2.95	3.43	36
4.13	3.86	36
5.87	5.55	36
8.13	8.5	36
13.37	15.28	36
27.13	25.25	36
49.94	48.03	36
85.64	94.79	36
169.1	160.1	36
235.82	245.37	36
309.06	303.69	36
386.53	394.26	36
458.46	484.22	36
527.52	529.01	36
616.23	611.81	36
677.58	674.19	36
0.32	0.3	37
0.32	0.37	37
0.34	0.32	37
0.36	0.33	37
0.34	0.39	37
0.4	0.41	37
0.42	0.41	37
0.46	0.46	37
0.58	0.61	37
0.57	0.65	37
0.73	0.77	37
1.09	1.07	37
1.52	1.56	37
2.42	2.34	37
4.21	4.39	37
7.39	7.32	37
12.89	12.23	37
24.52	22.54	37
45.41	41.25	37
87.44	79.71	37
165.88	155.73	37
242.66	227.66	37
322.13	297.27	37
403.9	367.84	37
481.65	441.41	37
551.03	513.3	37
633.27	587.22	37
716.86	658.69	37
0.3	0.34	37
0.3	0.3	37
0.35	0.28	37
0.35	0.36	37
0.38	0.28	37
0.34	0.3	37
0.4	0.4	37
0.46	0.53	37
0.62	0.63	37
0.96	0.89	37
1.8	1.59	37
2.78	3.21	37
4.74	6.32	37
9.43	10.61	37
20.25	21.83	37
40.12	42.68	37
80.37	83.87	37
162.4	167.67	37
320.76	330.39	37
636.44	657.33	37
1234.96	1279.51	37
1839.24	1897.97	37
2439.08	2516.81	37
3038.81	3137.73	37
3640.22	3758.43	37
4245.22	4377.21	37
4843.42	4995.31	37
5439.63	5620.47	37
0.25	0.3	37
0.26	0.24	37
0.27	0.27	37
0.26	0.27	37
0.28	0.28	37
0.32	0.35	37
0.41	0.32	37
0.35	0.4	37
0.53	0.45	37
0.57	0.58	37
0.71	0.76	37
1.08	0.97	37
1.73	1.42	37
2.74	2.32	37
5.42	4.09	37
7.68	7.26	37
15.48	12.25	37
28.07	23.05	37
58.75	41.71	37
101.66	79.49	37
213.68	153.13	37
270.42	223.69	37
388.28	299.29	37
419.37	370.9	37
481.56	440.44	37
573.12	543.94	37
668.62	583.8	37
856.09	661.27	37
0.28	0.27	37
0.27	0.28	37
0.3	0.29	37
0.29	0.29	37
0.33	0.27	37
0.31	0.31	37
0.4	0.4	37
0.44	0.47	37
0.62	0.71	37
0.97	1.15	37
1.76	1.64	37
3.47	3.04	37
5.8	5.59	37
11.92	10.9	37
22.24	22.02	37
44.79	42.45	37
88.32	84.1	37
172.83	166.85	37
354.33	331.22	37
692.9	659.09	37
1358.14	1276.24	37
1983.33	1901.78	37
2619.25	2521.78	37
3258.85	3136.22	37
3966.01	3765.35	37
4528.59	4382.72	37
5202.98	5001.87	37
5898.89	5605.29	37
0.29	0.26	38
0.26	0.3	38
0.26	0.25	38
0.25	0.32	38
0.34	0.3	38
0.34	0.33	38
0.35	0.37	38
0.48	0.48	38
0.54	0.55	38
0.55	0.66	38
0.94	0.88	38
1.52	1.52	38
2.27	2.44	38
4.53	4.16	38
7.73	8.75	38
18.07	16.6	38
33.0	31.52	38
64.43	62.6	38
124.52	123.19	38
245.88	240.29	38
476.22	466.15	38
707.7	689.08	38
934.03	909.97	38
1161.61	1134.54	38
1391.05	1355.61	38
1624.46	1576.99	38
1851.38	1801.32	38
2080.85	2025.16	38
0.26	0.26	38
0.26	0.26	38
0.28	0.3	38
0.24	0.25	38
0.25	0.22	38
0.29	0.34	38
0.38	0.4	38
0.53	0.45	38
0.65	0.61	38
1.03	1.02	38
1.34	1.36	38
2.73	2.6	38
5.51	4.76	38
8.92	9.55	38
16.83	19.95	38
39.11	40.18	38
74.95	76.69	38
148.75	154.27	38
292.59	302.79	38
586.21	602.16	38
1137.46	1177.09	38
1685.73	1744.95	38
2232.67	2305.38	38
2775.75	2873.64	38
3325.44	3433.93	38
3867.93	4000.28	38
4417.47	4568.95	38
4960.43	5121.51	38
0.26	0.24	38
0.25	0.25	38
0.29	0.24	38
0.22	0.23	38
0.29	0.23	38
0.31	0.32	38
0.35	0.35	38
0.34	0.38	38
0.48	0.55	38
0.67	0.6	38
0.94	0.92	38
1.59	1.4	38
2.3	2.19	38
4.93	3.96	38
9.3	7.69	38
16.05	14.5	38
34.45	27.07	38
62.76	52.18	38
109.42	101.8	38
228.32	201.61	38
438.07	390.76	38
624.11	580.92	38
847.19	765.26	38
1119.31	955.22	38
1234.7	1142.25	38
1438.35	1327.55	38
1608.73	1508.3	38
1814.36	1704.24	38
0.26	0.23	38
0.28	0.27	38
0.26	0.25	38
0.28	0.26	38
0.26	0.31	38
0.34	0.32	38
0.33	0.35	38
0.49	0.44	38
0.57	0.61	38
0.97	1.02	38
1.55	1.67	38
2.44	2.63	38
5.02	5.2	38
9.95	9.67	38
21.35	18.69	38
41.15	38.21	38
78.0	74.84	38
161.8	148.74	38
302.71	291.31	38
603.35	582.02	38
1256.2	1132.26	38
1769.08	1683.41	38
2356.35	2222.14	38
2904.23	2761.74	38
3406.73	3253.26	38
3917.75	3755.34	38
4461.89	4264.21	38
4969.24	4960.55	38
0.26	0.25	39
0.26	0.25	39
0.29	0.25	39
0.31	0.28	39
0.31	0.26	39
0.29	0.3	39
0.35	0.41	39
0.52	0.5	39
0.68	0.59	39
0.86	1.06	39
1.17	1.45	39
2.6	2.93	39
5.01	5.03	39
8.9	9.04	39
16.8	17.24	39
34.53	34.92	39
67.68	70.28	39
131.74	137.06	39
263.59	273.01	39
522.22	544.96	39
1016.64	1054.21	39
1507.56	1561.71	39
1990.16	2064.74	39
2471.28	2559.75	39
2949.02	3058.36	39
3426.57	3553.94	39
3925.16	4072.02	39
4467.64	4664.55	39
0.25	0.25	39
0.25	0.3	39
0.31	0.26	39
0.27	0.31	39
0.33	0.28	39
0.33	0.3	39
0.33	0.37	39
0.43	0.4	39
0.54	0.46	39
0.63	0.64	39
0.89	0.93	39
1.43	1.45	39
2.26	2.24	39
4.13	3.83	39
8.19	7.83	39
15.36	15.09	39
29.42	28.84	39
58.33	56.61	39
114.47	111.13	39
225.16	221.43	39
436.34	426.04	39
650.62	633.72	39
860.79	838.11	39
1074.96	1049.25	39
1282.97	1255.34	39
1503.7	1458.26	39
1707.96	1667.35	39
1921.56	1878.12	39
0.25	0.24	39
0.23	0.28	39
0.3	0.23	39
0.24	0.25	39
0.27	0.26	39
0.25	0.31	39
0.34	0.31	39
0.4	0.41	39
0.65	0.55	39
0.84	0.79	39
1.43	1.42	39
2.15	2.44	39
4.55	3.74	39
9.05	7.66	39
17.1	15.16	39
34.52	30.85	39
66.82	60.3	39
129.72	120.87	39
246.31	240.22	39
520.04	473.35	39
996.16	923.07	39
1478.34	1362.77	39
1920.77	1806.18	39
2385.52	2243.73	39
2918.42	2680.02	39
3272.66	3126.8	39
3808.35	3586.79	39
4258.94	4055.84	39
0.26	0.24	39
0.27	0.3	39
0.26	0.28	39
0.28	0.23	39
0.28	0.28	39
0.33	0.32	39
0.33	0.37	39
0.4	0.4	39
0.58	0.54	39
0.68	0.6	39
0.98	0.88	39
1.62	1.43	39
2.67	2.28	39
4.77	4.04	39
9.25	7.85	39
15.35	14.77	39
34.83	28.02	39
62.43	54.35	39
118.02	106.28	39
233.4	210.06	39
444.11	405.54	39
631.17	600.19	39
843.55	794.63	39
1044.04	990.17	39
1274.07	1183.38	39
1532.28	1377.71	39
1682.95	1570.54	39
1876.96	1772.35	39
0.26	0.23	40
0.25	0.27	40
0.23	0.2	40
0.38	0.22	40
0.32	0.28	40
0.34	0.35	40
0.38	0.31	40
0.46	0.47	40
0.65	0.65	40
0.9	0.84	40
1.33	1.44	40
2.83	2.52	40
4.23	5.4	40
10.5	10.85	40
19.44	21.0	40
39.6	40.57	40
77.29	80.79	40
157.06	162.4	40
315.87	324.67	40
638.05	658.56	40
1249.34	1291.26	40
1868.14	1918.84	40
2479.1	2546.68	40
3076.49	3172.08	40
3669.48	3795.19	40
4272.1	4408.71	40
4888.02	5030.51	40
5476.52	5664.9	40
0.23	0.2	40
0.24	0.22	40
0.23	0.24	40
0.24	0.26	40
0.27	0.26	40
0.27	0.29	40
0.34	0.28	40
0.37	0.37	40
0.54	0.56	40
0.83	0.77	40
1.53	1.37	40
2.64	2.61	40
4.85	4.36	40
9.5	8.98	40
19.81	18.59	40
38.53	37.32	40
81.85	74.28	40
153.71	147.01	40
311.49	290.79	40
634.07	578.83	40
1170.04	1125.07	40
1743.13	1674.72	40
2303.22	2226.88	40
2919.46	2765.5	40
3514.46	3306.49	40
4008.13	3855.76	40
4603.3	4396.09	40
5143.23	4943.07	40
0.23	0.26	40
0.26	0.25	40
0.24	0.23	40
0.26	0.23	40
0.27	0.25	40
0.3	0.32	40
0.31	0.35	40
0.38	0.41	40
0.5	0.46	40
0.61	0.61	40
0.79	0.71	40
1.21	1.0	40
1.6	1.48	40
2.82	2.4	40
4.82	4.03	40
9.36	7.12	40
16.64	12.32	40
29.7	22.17	40
52.76	41.26	40
98.85	80.73	40
178.27	154.33	40
290.75	222.36	40
352.26	296.9	40
415.35	371.25	40
501.88	442.33	40
615.67	510.55	40
659.97	584.7	40
808.48	662.45	40
