0.9	0.85	1
1.26	1.27	1
1.73	2.04	1
3.38	3.02	1
5.43	4.19	1
11.2	7.15	1
21.54	6.38	1
41.71	8.31	1
79.66	10.3	1
160.25	15.97	1
306.64	26.16	1
604.29	43.24	1
1156.04	86.38	1
2100.05	165.05	1
3583.51	313.01	1
5566.42	625.39	1
6286.96	1219.53	1
6869.56	1947.13	1
7402.37	2255.35	1
7843.99	2541.14	1
8167.67	2741.59	1
8433.43	2888.33	1
8685.86	3229.1	1
9007.03	3398.09	1
9032.89	3478.55	1
0.89	0.89	1
1.04	1.08	1
1.58	1.66	1
2.42	2.56	1
4.32	2.73	1
8.1	5.28	1
15.33	5.35	1
30.49	8.87	1
59.32	9.53	1
115.79	18.89	1
230.52	32.43	1
457.31	61.72	1
903.22	121.04	1
1732.82	240.23	1
3274.33	465.68	1
5899.88	902.25	1
9384.14	1718.39	1
11455.0	2776.87	1
12734.31	3303.68	1
13620.84	3911.38	1
14537.22	4494.73	1
15438.47	4979.48	1
16487.97	5540.99	1
17086.22	6087.78	1
17685.5	6556.27	1
0.92	0.84	1
1.11	1.22	1
1.61	1.74	1
2.98	2.82	1
5.43	3.63	1
10.3	6.5	1
19.53	6.08	1
39.38	9.82	1
78.26	10.99	1
153.94	17.8	1
298.77	28.96	1
592.05	47.66	1
1123.67	89.3	1
2108.22	172.45	1
3622.84	323.78	1
5357.34	633.35	1
6084.27	1217.63	1
6795.09	1945.37	1
7434.59	2239.28	1
7643.93	2472.67	1
7962.55	2670.72	1
8204.0	2880.01	1
8449.92	3040.64	1
8691.04	3203.97	1
8804.89	3354.86	1
0.83	0.93	1
0.97	1.27	1
1.6	1.6	1
2.56	2.48	1
4.46	4.17	1
8.21	5.07	1
15.21	5.34	1
29.46	6.98	1
57.94	9.99	1
116.08	18.18	1
227.48	32.47	1
453.29	62.59	1
896.73	114.24	1
1691.94	234.83	1
3259.57	458.62	1
5854.16	891.56	1
9534.4	1693.5	1
11389.42	2628.26	1
12740.48	3265.9	1
13459.98	3782.07	1
14371.87	4341.0	1
15361.68	4841.14	1
16311.93	5364.43	1
17000.52	6025.22	1
17582.03	6291.24	1
1.01	0.88	2
1.37	1.22	2
1.83	1.87	2
3.19	2.71	2
5.26	3.9	2
9.44	6.75	2
17.52	7.0	2
30.78	8.68	2
60.35	13.43	2
118.07	21.02	2
230.59	34.14	2
458.72	63.71	2
893.62	124.05	2
1730.39	240.52	2
3302.94	486.67	2
5903.83	884.76	2
9345.02	1754.38	2
11381.51	2689.95	2
12586.36	3271.37	2
13651.11	3848.04	2
14457.2	4404.2	2
15311.32	4925.01	2
16067.46	5573.39	2
16524.92	6077.48	2
16987.01	6463.88	2
0.98	0.89	2
1.45	1.43	2
2.36	2.12	2
3.89	4.04	2
6.59	5.52	2
12.21	7.17	2
22.2	8.23	2
42.84	9.73	2
83.22	13.33	2
161.38	17.12	2
312.6	27.16	2
609.73	49.88	2
1161.35	87.39	2
2115.76	173.11	2
3679.91	325.66	2
5637.88	628.76	2
6368.44	1238.42	2
7012.42	1930.39	2
7655.43	2284.13	2
8061.47	2615.03	2
8596.27	2805.85	2
8937.95	2984.13	2
9334.09	3212.01	2
9591.19	3365.84	2
9876.43	3529.86	2
0.87	1.31	2
1.22	1.14	2
1.82	1.67	2
3.05	2.69	2
4.91	5.11	2
8.69	3.52	2
16.09	5.91	2
30.49	8.13	2
59.0	11.1	2
115.97	18.36	2
229.88	34.22	2
452.64	63.05	2
895.23	120.74	2
1718.89	238.67	2
3195.38	461.73	2
5626.76	875.8	2
9233.99	1664.53	2
11409.09	2611.02	2
12433.46	3187.95	2
13635.02	3727.9	2
14266.84	4348.2	2
15095.71	4702.03	2
15756.65	5263.27	2
16285.33	5769.81	2
16824.62	6392.63	2
0.98	1.13	2
1.44	1.37	2
2.21	2.16	2
3.84	3.91	2
7.34	6.08	2
11.96	7.38	2
22.92	7.74	2
42.68	8.63	2
82.7	8.95	2
156.59	18.3	2
308.41	26.0	2
598.07	44.58	2
1133.87	89.83	2
2107.7	167.42	2
3656.73	328.21	2
5415.25	622.31	2
6178.26	1230.9	2
6818.67	1919.23	2
7487.88	2237.84	2
7952.39	2479.66	2
8350.74	2710.96	2
8721.52	2934.85	2
9222.89	3203.13	2
9469.97	3311.34	2
9718.11	3514.65	2
0.93	1.04	3
1.59	1.45	3
2.07	2.19	3
3.8	3.74	3
6.53	5.59	3
11.98	6.42	3
21.43	9.67	3
41.59	9.64	3
79.16	12.35	3
160.33	18.91	3
310.26	27.85	3
612.57	48.61	3
1155.49	84.37	3
2092.46	160.79	3
3634.73	330.65	3
5505.44	613.45	3
6229.95	1220.39	3
6933.71	1914.44	3
7548.69	2217.35	3
7996.69	2524.22	3
8474.36	2757.14	3
8853.9	2985.7	3
9306.77	3268.6	3
9748.09	3346.12	3
9735.45	3528.53	3
1.01	0.89	3
1.12	1.18	3
1.88	1.81	3
3.23	2.94	3
5.13	4.12	3
9.53	4.96	3
16.98	7.58	3
31.37	9.54	3
60.38	14.01	3
119.24	20.25	3
233.14	32.8	3
465.78	64.98	3
915.23	119.84	3
1752.76	246.66	3
3346.55	489.76	3
5885.57	910.98	3
9315.53	1731.11	3
11363.82	2708.09	3
12531.15	3299.81	3
13619.41	3894.98	3
14463.64	4510.59	3
15123.85	4917.41	3
15893.49	5441.65	3
16470.45	5975.39	3
16949.83	6466.91	3
0.91	1.68	3
1.27	1.17	3
1.99	2.29	3
3.29	3.46	3
6.1	5.1	3
10.83	5.61	3
20.87	8.19	3
40.39	9.34	3
78.52	13.18	3
154.96	18.26	3
303.24	26.97	3
587.55	47.64	3
1132.16	88.95	3
2039.44	170.37	3
3528.52	320.99	3
5356.5	611.98	3
6024.6	1208.42	3
6828.61	1978.27	3
7300.47	2168.77	3
7926.04	2425.97	3
8368.4	2738.39	3
8607.28	2905.22	3
8993.74	3114.28	3
9351.49	3298.57	3
9476.71	3429.14	3
0.89	0.82	3
1.21	1.23	3
1.92	1.83	3
3.15	2.95	3
5.34	4.61	3
9.69	6.85	3
16.92	5.62	3
31.23	8.92	3
60.68	12.91	3
115.82	18.64	3
231.39	35.34	3
455.77	63.74	3
897.15	123.5	3
1685.91	242.83	3
3297.39	470.07	3
5743.92	909.26	3
9152.38	1687.45	3
11391.62	2730.66	3
12467.56	3181.37	3
13430.61	3739.58	3
14250.23	4243.1	3
14935.77	4773.75	3
15646.45	5271.45	3
16264.3	5760.48	3
16788.25	6275.32	3
0.93	0.92	4
1.28	1.81	4
1.96	1.83	4
3.18	3.14	4
5.32	4.76	4
9.5	6.49	4
17.19	5.41	4
32.01	9.09	4
60.03	11.82	4
117.89	19.44	4
235.47	34.35	4
459.33	62.55	4
907.27	122.74	4
1756.01	238.52	4
3298.28	470.59	4
5884.6	955.06	4
9349.22	1743.68	4
11446.54	2649.97	4
12581.38	3276.16	4
13568.03	3991.43	4
14496.83	4429.95	4
15551.85	4971.54	4
16315.28	5492.65	4
16895.63	6025.2	4
17511.5	6518.22	4
1.08	0.91	4
1.45	1.33	4
2.06	2.47	4
3.81	3.8	4
7.14	5.75	4
12.29	5.94	4
22.16	10.29	4
43.04	10.45	4
88.61	11.35	4
162.42	17.33	4
317.39	29.69	4
623.86	50.22	4
1186.07	86.28	4
2132.5	164.04	4
3646.19	325.74	4
5569.08	608.61	4
6399.98	1177.86	4
6911.97	1928.63	4
7394.29	2320.73	4
7822.12	2502.98	4
8235.73	2725.79	4
8487.78	2936.92	4
8657.23	3164.99	4
8845.69	3337.8	4
8993.3	3505.95	4
0.85	0.82	4
1.16	1.24	4
1.56	1.7	4
2.92	3.09	4
4.96	4.23	4
8.75	3.95	4
15.8	6.56	4
30.86	7.52	4
58.7	11.17	4
116.11	19.51	4
227.65	34.09	4
452.34	63.63	4
880.14	120.4	4
1726.08	229.42	4
3256.71	447.07	4
5831.01	907.29	4
9158.99	1650.72	4
11410.52	2594.35	4
12436.99	3197.56	4
13372.61	3726.59	4
14474.54	4369.56	4
15502.03	4818.05	4
16077.54	5321.03	4
16832.99	5804.47	4
17462.54	6263.66	4
0.96	0.86	4
1.49	1.37	4
2.2	2.23	4
3.79	3.99	4
6.18	5.23	4
12.06	5.63	4
21.07	8.57	4
42.96	9.39	4
81.11	11.68	4
154.21	18.83	4
307.89	29.42	4
595.47	49.12	4
1121.54	84.59	4
2042.24	167.72	4
3533.56	310.63	4
5448.47	651.6	4
6319.87	1168.93	4
6811.48	1902.48	4
7278.24	2197.43	4
7652.9	2437.91	4
8030.27	2689.62	4
8464.59	3103.35	4
8523.18	3047.02	4
8729.77	3323.23	4
8884.43	3394.92	4
0.99	1.18	5
1.16	1.15	5
1.13	1.18	5
1.28	1.26	5
1.5	1.41	5
2.19	1.81	5
2.44	1.92	5
2.73	2.99	5
2.96	2.76	5
4.61	4.34	5
5.41	5.75	5
8.67	8.65	5
12.01	12.19	5
19.41	19.04	5
32.6	32.72	5
59.95	61.63	5
115.51	112.27	5
218.6	216.57	5
315.28	320.29	5
413.16	411.14	5
524.81	515.96	5
621.01	620.63	5
715.64	723.46	5
818.6	839.48	5
930.12	932.3	5
1.11	1.08	5
1.11	1.15	5
1.21	1.25	5
1.33	1.2	5
1.67	1.69	5
2.21	2.15	5
3.28	3.43	5
5.65	5.77	5
10.17	10.37	5
19.34	19.18	5
37.86	37.79	5
74.21	73.99	5
146.77	148.07	5
294.03	294.89	5
588.28	583.48	5
1161.55	1168.06	5
2327.06	2337.3	5
4616.81	4620.52	5
6754.43	6743.41	5
8962.59	8986.4	5
11404.23	11503.34	5
13515.38	13390.14	5
15521.92	15557.32	5
17724.8	17735.8	5
19941.63	19913.77	5
0.99	1.03	5
0.98	0.97	5
1.01	1.0	5
1.07	1.23	5
1.57	1.62	5
1.84	1.84	5
2.19	1.7	5
2.62	2.48	5
2.67	3.44	5
3.84	4.35	5
5.69	6.14	5
8.12	9.29	5
11.96	14.87	5
20.31	19.25	5
33.55	47.99	5
59.15	71.92	5
111.48	111.56	5
209.03	256.37	5
314.41	388.97	5
429.3	417.67	5
506.01	654.38	5
620.36	876.62	5
711.29	889.0	5
821.55	824.63	5
916.19	919.28	5
1.05	1.15	5
1.21	1.17	5
1.16	1.14	5
1.27	1.37	5
1.69	1.66	5
2.33	2.19	5
3.48	3.66	5
5.72	6.21	5
10.19	11.42	5
21.67	21.26	5
42.81	38.45	5
74.22	76.94	5
146.82	149.37	5
294.42	308.95	5
587.48	604.82	5
1167.4	1160.18	5
2316.2	2317.77	5
4541.57	4592.6	5
6706.14	6832.44	5
9017.4	9258.51	5
11077.98	11383.45	5
13246.09	13473.7	5
15433.79	15432.2	5
17608.8	18055.68	5
19787.36	20374.25	5
1.14	1.09	6
1.07	1.09	6
1.34	1.09	6
1.23	1.44	6
1.4	1.52	6
2.09	2.3	6
2.32	2.55	6
3.18	3.44	6
4.63	4.62	6
7.32	7.67	6
14.18	12.69	6
23.33	23.83	6
40.37	38.94	6
76.36	74.26	6
144.4	142.51	6
281.05	272.54	6
548.17	549.28	6
1043.75	1042.74	6
1528.25	1537.5	6
2020.76	2025.14	6
2521.84	2537.07	6
3013.42	3042.69	6
3498.0	3514.3	6
4021.12	4030.09	6
4494.34	4536.88	6
1.01	1.3	6
0.96	1.35	6
1.29	1.3	6
1.68	1.53	6
1.72	1.72	6
2.59	2.4	6
3.72	3.38	6
6.32	5.77	6
9.71	10.16	6
17.51	17.54	6
33.86	34.45	6
66.37	65.81	6
129.01	130.17	6
258.12	255.18	6
511.92	506.16	6
998.37	1005.2	6
2002.01	2002.93	6
3910.31	3928.92	6
5823.01	5808.89	6
7705.35	7802.35	6
9614.93	9623.02	6
11494.16	11491.57	6
13381.43	13362.52	6
15340.03	15403.35	6
17231.56	17130.75	6
0.9	0.94	6
1.08	1.04	6
1.19	1.11	6
1.28	1.22	6
1.29	1.39	6
2.02	1.81	6
2.31	2.88	6
3.53	4.01	6
4.68	4.66	6
7.79	8.29	6
13.66	15.46	6
23.08	26.44	6
40.6	41.05	6
73.72	77.57	6
139.6	142.35	6
275.57	279.89	6
549.01	578.69	6
1049.14	1226.89	6
1521.55	1618.4	6
2041.28	2037.61	6
2542.12	2655.52	6
3081.22	3333.98	6
3501.46	3505.98	6
4037.38	4010.58	6
4475.11	4484.86	6
1.1	1.13	6
1.24	1.15	6
1.17	1.34	6
1.43	1.54	6
1.96	1.81	6
2.57	2.7	6
3.4	3.52	6
6.11	6.2	6
10.21	11.25	6
19.08	19.72	6
34.13	35.84	6
67.47	71.63	6
127.98	133.57	6
257.84	270.09	6
506.8	538.94	6
995.66	1004.76	6
1989.08	1993.8	6
3882.02	3963.26	6
5778.24	5770.68	6
7678.15	7661.92	6
9596.78	9504.84	6
11535.29	11850.82	6
13301.05	13586.08	6
15220.91	15153.46	6
17157.92	17338.55	6
1.03	1.21	7
1.09	1.28	7
1.4	1.31	7
1.37	1.55	7
2.14	1.73	7
2.36	2.73	7
3.28	3.48	7
5.47	6.2	7
9.96	10.24	7
18.79	18.1	7
34.46	34.52	7
67.63	67.34	7
130.5	131.23	7
258.17	258.99	7
511.03	507.72	7
1018.95	1011.13	7
2011.29	2010.64	7
3937.23	3920.58	7
5843.97	5826.27	7
7744.0	7743.88	7
9647.66	9613.73	7
11501.03	11504.59	7
13375.72	13377.14	7
15523.97	15306.32	7
17178.61	17188.48	7
0.99	1.11	7
1.05	1.04	7
1.11	1.02	7
1.22	1.15	7
1.62	1.51	7
1.76	2.04	7
2.28	2.35	7
3.43	3.59	7
4.23	4.08	7
7.52	7.62	7
14.13	13.81	7
23.78	24.12	7
40.56	40.2	7
74.16	73.46	7
141.63	142.01	7
273.43	278.12	7
536.95	542.06	7
1039.78	1040.97	7
1539.37	1537.84	7
2034.43	2044.76	7
2534.47	2553.37	7
3024.0	3053.53	7
3567.57	3546.35	7
4059.67	4065.66	7
4516.71	4521.58	7
0.94	1.11	7
1.0	1.01	7
1.46	1.3	7
1.26	1.16	7
2.0	1.78	7
2.46	2.61	7
3.5	3.99	7
5.41	6.66	7
9.75	11.71	7
18.98	20.31	7
35.0	37.68	7
66.12	69.31	7
129.68	132.55	7
254.51	262.66	7
508.07	531.21	7
1008.77	1070.05	7
2016.7	2049.39	7
3904.04	3971.65	7
5775.84	5878.01	7
7685.67	7653.9	7
9545.04	9584.59	7
11431.14	12029.67	7
13307.44	13326.94	7
15330.59	15528.62	7
17125.26	17421.36	7
1.03	0.97	7
1.09	1.05	7
1.54	1.21	7
1.08	1.43	7
1.39	1.26	7
1.85	1.69	7
2.28	2.71	7
3.21	4.04	7
4.52	5.24	7
7.49	9.08	7
13.54	15.4	7
23.65	24.78	7
40.25	41.52	7
73.79	75.53	7
141.97	141.97	7
273.07	274.62	7
533.97	538.98	7
1029.3	1092.48	7
1531.47	1622.68	7
2022.62	2139.05	7
2525.84	2522.52	7
3024.32	3019.85	7
3510.37	3697.02	7
4001.05	4217.19	7
4494.03	4732.08	7
1.04	1.01	8
1.31	1.04	8
1.07	1.26	8
1.16	1.32	8
1.59	1.58	8
2.18	2.05	8
3.31	3.2	8
5.65	5.5	8
10.23	10.26	8
19.31	19.63	8
38.08	37.8	8
74.05	74.15	8
145.83	146.03	8
293.7	293.11	8
584.62	585.66	8
1163.75	1161.65	8
2316.07	2329.91	8
4514.25	4532.5	8
6745.99	6736.2	8
8982.2	8952.95	8
11289.04	11136.05	8
13381.42	13355.75	8
15669.38	15557.35	8
17682.52	17806.78	8
19919.72	19930.47	8
0.97	1.1	8
1.03	1.0	8
1.04	1.24	8
0.91	1.0	8
1.56	1.56	8
1.76	1.61	8
1.47	1.78	8
2.6	2.49	8
3.05	2.96	8
3.85	4.33	8
5.88	5.58	8
8.6	8.66	8
12.54	11.46	8
19.19	19.59	8
33.25	32.57	8
58.91	58.76	8
111.32	118.3	8
210.0	220.74	8
321.22	332.32	8
431.29	436.56	8
527.9	542.55	8
628.14	615.25	8
721.63	736.14	8
813.36	850.49	8
912.06	931.28	8
0.98	0.99	8
1.12	1.05	8
0.99	0.89	8
1.38	1.26	8
1.5	1.47	8
2.06	1.94	8
3.28	3.26	8
5.55	6.06	8
10.11	11.06	8
20.15	20.17	8
37.16	39.01	8
73.91	75.55	8
145.11	153.86	8
291.95	295.33	8
576.9	608.27	8
1164.49	1164.62	8
2312.37	2366.68	8
4491.11	4492.5	8
6666.97	6702.3	8
8848.12	9003.08	8
11216.79	11059.78	8
13222.67	13289.76	8
15427.51	15829.95	8
17582.54	17587.97	8
19769.64	20077.32	8
1.13	1.05	8
1.06	0.98	8
1.34	1.1	8
1.06	1.1	8
1.48	1.54	8
1.57	1.64	8
1.61	2.15	8
2.68	2.7	8
2.57	3.45	8
3.99	4.72	8
5.33	6.15	8
8.51	8.66	8
11.98	11.55	8
18.85	19.45	8
32.63	32.91	8
59.95	60.67	8
113.17	136.26	8
210.07	283.29	8
318.98	317.56	8
415.49	517.32	8
525.72	526.33	8
612.07	624.83	8
719.15	869.33	8
820.12	1156.57	8
929.5	1133.04	8
0.98	1.11	9
1.09	1.01	9
0.96	1.16	9
1.43	1.5	9
1.63	1.7	9
2.31	2.21	9
2.41	2.39	9
3.91	3.36	9
3.96	3.82	9
6.49	5.73	9
8.67	7.66	9
13.5	12.79	9
21.78	22.02	9
39.56	38.07	9
69.74	70.95	9
130.0	133.34	9
263.66	262.8	9
500.1	503.41	9
744.66	728.33	9
1005.8	985.71	9
1224.39	1225.33	9
1460.83	1452.1	9
1709.23	1672.97	9
1939.77	1916.44	9
2182.23	2162.59	9
0.97	0.97	9
1.08	1.17	9
1.29	1.32	9
1.65	1.6	9
2.41	2.09	9
3.95	2.74	9
7.01	3.55	9
13.05	4.05	9
25.3	6.73	9
49.91	11.46	9
99.09	19.82	9
202.22	37.56	9
404.23	77.08	9
791.38	149.0	9
1604.84	301.85	9
3160.24	583.0	9
6321.01	1205.24	9
12329.58	2276.75	9
18140.68	3392.42	9
24269.05	4525.69	9
30028.17	5624.69	9
35848.05	6752.39	9
42025.14	7936.69	9
47742.12	8980.37	9
53683.28	10171.16	9
0.74	0.83	9
1.07	1.0	9
0.98	1.06	9
1.54	1.49	9
1.61	1.96	9
2.15	2.62	9
2.42	2.41	9
3.49	3.43	9
4.26	3.92	9
5.92	5.43	9
8.27	8.53	9
11.74	12.14	9
20.89	21.13	9
38.89	38.11	9
70.03	68.56	9
129.24	129.34	9
254.29	251.44	9
504.83	492.38	9
744.78	732.96	9
974.43	1010.46	9
1244.78	1232.56	9
1475.08	1455.03	9
1690.02	1680.49	9
1938.89	1934.22	9
2239.78	2189.58	9
0.89	0.81	9
1.07	0.91	9
1.23	0.99	9
1.54	1.64	9
2.37	2.14	9
3.86	2.6	9
6.71	3.08	9
13.03	4.68	9
25.65	6.11	9
49.89	11.47	9
98.55	20.06	9
195.35	38.22	9
389.24	73.08	9
777.14	146.06	9
1546.35	289.0	9
3112.37	576.61	9
6200.72	1147.51	9
12150.66	2251.45	9
18166.74	3324.45	9
23906.95	4529.01	9
30024.58	5541.6	9
35546.81	6605.41	9
41729.37	7733.19	9
47350.52	8892.19	9
53471.26	9882.53	9
1.01	0.83	10
1.09	0.98	10
1.14	1.04	10
1.67	1.57	10
1.54	1.62	10
2.23	2.5	10
2.88	2.52	10
4.36	4.51	10
6.35	6.72	10
12.24	12.14	10
19.16	19.51	10
29.66	31.23	10
54.9	55.71	10
101.18	107.2	10
197.01	198.83	10
385.48	396.13	10
760.48	773.18	10
1482.05	1506.55	10
2195.65	2235.96	10
2910.54	3002.98	10
3632.45	3679.18	10
4327.82	4414.79	10
5075.51	5185.78	10
5747.15	5811.33	10
6463.63	6623.18	10
1.05	1.08	10
1.15	1.22	10
1.21	1.37	10
1.66	1.82	10
2.54	2.43	10
4.14	3.95	10
7.06	4.81	10
13.53	6.68	10
25.22	9.6	10
49.16	15.21	10
94.79	26.39	10
191.24	48.85	10
373.79	94.73	10
750.2	182.58	10
1504.92	361.42	10
2987.02	719.92	10
5953.97	1433.09	10
11591.56	2826.36	10
17614.53	4260.59	10
22984.56	5563.77	10
28518.94	7035.19	10
34220.29	8283.34	10
39887.24	9796.37	10
45317.42	11093.23	10
50947.9	12317.73	10
0.81	0.92	10
1.02	0.98	10
0.95	1.08	10
1.49	1.5	10
1.87	1.6	10
2.35	2.37	10
2.78	3.33	10
5.09	4.68	10
6.42	6.8	10
11.85	11.43	10
19.52	17.98	10
30.26	30.25	10
53.52	52.84	10
101.31	100.26	10
196.24	194.09	10
387.47	371.34	10
781.83	731.83	10
1487.97	1389.54	10
2195.65	2065.7	10
2898.69	2733.05	10
3611.39	3377.44	10
4298.53	4019.95	10
5013.69	4686.65	10
5729.28	5351.56	10
6456.15	6015.19	10
1.05	0.95	10
1.15	1.02	10
1.33	1.29	10
1.57	1.99	10
2.62	2.6	10
4.25	3.86	10
6.9	5.69	10
13.24	6.4	10
24.81	8.96	10
49.52	15.92	10
96.3	26.59	10
192.6	50.66	10
381.19	97.72	10
757.24	189.76	10
1510.85	371.95	10
3018.9	723.79	10
5916.06	1434.33	10
11511.0	2809.8	10
17186.45	4194.69	10
22755.79	5604.83	10
28308.04	6870.57	10
33967.38	8219.97	10
39541.62	9554.59	10
45209.9	10892.65	10
50923.25	12242.27	10
0.92	0.92	11
1.05	1.02	11
1.28	1.15	11
1.46	1.73	11
2.56	2.49	11
4.08	4.07	11
7.02	5.05	11
13.43	7.39	11
25.08	9.52	11
48.62	15.87	11
94.53	25.74	11
188.94	50.44	11
373.69	92.53	11
744.63	181.94	11
1479.51	363.1	11
2989.19	720.68	11
5930.08	1427.05	11
11552.13	2793.04	11
17209.25	4176.54	11
23024.62	5583.78	11
28496.97	6888.63	11
34028.1	8238.52	11
39889.86	9573.49	11
45213.51	10892.05	11
50926.45	12473.85	11
0.92	0.99	11
1.04	1.1	11
1.14	1.07	11
1.53	1.43	11
1.84	1.6	11
2.54	2.46	11
2.92	2.69	11
4.86	4.67	11
6.54	6.65	11
11.94	11.62	11
19.36	19.37	11
30.13	30.27	11
53.85	54.8	11
102.67	105.78	11
194.73	202.25	11
383.65	396.26	11
767.8	778.15	11
1505.54	1534.19	11
2246.35	2268.47	11
2922.87	2985.3	11
3620.01	3717.54	11
4345.0	4450.73	11
5085.53	5221.17	11
5778.5	5893.06	11
6478.06	6615.9	11
0.89	0.92	11
0.97	0.88	11
1.06	1.06	11
1.56	1.68	11
2.41	2.14	11
3.89	4.06	11
7.06	5.11	11
13.48	6.35	11
24.92	9.31	11
48.24	15.57	11
94.93	27.57	11
188.58	50.8	11
373.66	93.96	11
740.92	185.5	11
1480.95	355.34	11
2936.71	718.64	11
5871.08	1430.51	11
11486.64	2754.81	11
17049.8	4074.2	11
22606.31	5433.57	11
28652.44	6765.57	11
33730.22	8079.79	11
39549.3	9426.2	11
45103.53	10788.82	11
50740.07	12630.82	11
0.89	0.85	11
1.07	1.08	11
1.1	1.09	11
1.46	1.53	11
1.68	1.79	11
2.34	2.32	11
3.16	3.22	11
4.8	4.3	11
6.99	7.54	11
11.92	12.08	11
19.04	18.09	11
30.9	29.9	11
54.03	52.42	11
105.72	100.76	11
194.13	191.33	11
384.04	371.09	11
783.9	721.34	11
1489.57	1424.38	11
2193.75	2056.4	11
2918.85	2754.55	11
3605.87	3393.92	11
4327.5	4051.69	11
5040.79	4736.02	11
5751.72	5432.32	11
6478.24	6050.15	11
0.86	0.73	12
0.99	1.09	12
1.1	1.24	12
1.5	1.56	12
2.34	2.32	12
4.13	2.62	12
6.65	3.17	12
13.17	4.37	12
25.32	6.64	12
49.96	10.99	12
100.58	20.75	12
200.37	38.62	12
396.62	77.45	12
803.44	150.07	12
1594.47	297.17	12
3121.22	582.75	12
6334.71	1201.21	12
12238.59	2266.41	12
18068.15	3365.87	12
24062.88	4493.46	12
30021.82	5758.34	12
35828.46	6764.72	12
41709.55	7826.9	12
48282.46	8961.15	12
53721.71	10040.59	12
1.05	0.98	12
0.96	0.95	12
0.94	1.13	12
1.46	1.51	12
1.75	1.7	12
2.2	2.44	12
2.29	2.57	12
3.71	3.77	12
4.03	4.07	12
5.98	5.53	12
9.65	8.35	12
13.75	13.01	12
21.57	20.78	12
38.8	37.71	12
71.58	68.21	12
131.21	130.55	12
261.1	253.78	12
506.1	501.88	12
736.71	738.1	12
1013.93	996.89	12
1267.12	1218.52	12
1462.11	1464.3	12
1713.13	1697.62	12
1966.13	1924.48	12
2193.86	2155.06	12
0.78	0.91	12
0.8	1.0	12
1.19	1.07	12
1.44	1.46	12
2.13	2.22	12
3.92	2.28	12
6.83	2.76	12
12.69	4.44	12
25.6	6.34	12
49.6	11.15	12
98.66	19.29	12
194.03	36.84	12
391.54	72.5	12
783.03	144.69	12
1541.77	285.92	12
3155.12	586.93	12
6289.13	1163.31	12
12230.45	2227.25	12
17925.03	3323.55	12
23810.95	4395.34	12
29632.68	5513.42	12
35873.25	6730.78	12
41395.49	7632.85	12
47273.14	8882.87	12
53242.85	10008.13	12
1.0	1.05	12
1.08	0.98	12
1.06	1.14	12
1.33	1.64	12
1.9	1.94	12
2.6	2.54	12
2.35	2.42	12
3.44	3.62	12
3.77	3.77	12
5.93	5.83	12
8.31	8.7	12
13.41	13.2	12
21.4	21.33	12
39.39	36.88	12
70.14	70.34	12
134.62	135.89	12
259.28	255.75	12
504.07	500.55	12
741.24	720.17	12
980.64	980.1	12
1233.94	1216.32	12
1530.85	1477.81	12
1755.97	1687.39	12
2008.12	1996.31	12
2214.11	2172.32	12
0.57	0.7	13
0.69	0.72	13
1.02	0.91	13
1.35	1.72	13
2.71	2.93	13
5.02	4.59	13
6.79	6.13	13
10.43	10.99	13
11.3	11.83	13
11.83	10.58	13
11.17	10.22	13
11.25	13.85	13
14.97	16.01	13
14.8	13.38	13
15.66	20.38	13
22.32	25.57	13
32.65	42.57	13
47.86	67.29	13
81.35	104.92	13
144.17	179.07	13
268.62	336.56	13
392.34	667.54	13
516.11	626.28	13
625.39	952.47	13
739.87	1113.61	13
873.38	1536.02	13
995.18	1733.32	13
1108.14	1916.11	13
0.65	0.62	13
0.8	0.75	13
1.13	0.98	13
1.5	1.65	13
2.43	2.47	13
4.23	4.65	13
7.59	6.49	13
9.62	6.61	13
16.23	16.06	13
16.41	12.46	13
20.07	13.07	13
23.45	21.19	13
34.31	15.81	13
50.46	23.54	13
82.17	70.87	13
156.41	89.62	13
295.97	164.62	13
571.85	188.57	13
1136.52	876.14	13
2256.94	1730.01	13
4368.65	3387.14	13
6474.07	2075.23	13
8618.06	4674.81	13
10792.56	5910.68	13
12807.4	4068.89	13
14946.53	8115.73	13
17016.76	9251.44	13
19123.44	10400.48	13
0.67	0.48	13
0.78	0.73	13
1.01	0.85	13
1.48	1.48	13
2.71	2.87	13
4.62	4.57	13
8.48	6.38	13
10.37	7.76	13
13.85	10.38	13
13.21	9.26	13
12.52	10.33	13
13.12	12.43	13
13.92	13.36	13
17.02	13.74	13
18.28	19.05	13
21.26	25.6	13
30.67	40.21	13
48.34	76.45	13
78.57	131.24	13
149.0	173.4	13
264.07	379.42	13
382.81	558.18	13
509.47	739.92	13
618.18	928.37	13
752.28	1216.87	13
896.69	1234.8	13
1015.36	1212.68	13
1117.25	1869.53	13
0.66	0.57	13
0.76	0.71	13
1.0	1.02	13
1.66	1.43	13
2.67	2.56	13
4.48	4.25	13
7.74	5.69	13
10.98	6.15	13
13.34	13.15	13
16.88	13.33	13
19.5	16.13	13
23.36	17.32	13
31.58	28.92	13
48.38	43.01	13
85.96	50.53	13
153.73	54.06	13
295.42	98.49	13
575.66	454.66	13
1139.2	871.76	13
2289.43	702.75	13
4325.35	2326.24	13
6431.61	1962.07	13
8524.01	4644.57	13
10614.57	3224.15	13
12730.31	6792.73	13
14787.28	7937.81	13
16889.37	9049.59	13
19205.4	5877.67	13
0.67	0.73	14
0.79	0.8	14
1.25	1.07	14
1.67	1.66	14
2.91	2.44	14
4.32	4.6	14
7.16	6.87	14
12.85	9.78	14
11.53	12.81	14
13.79	13.7	14
14.84	11.9	14
17.39	15.71	14
18.82	16.48	14
23.67	24.1	14
33.08	31.79	14
49.87	51.44	14
85.38	87.23	14
152.97	161.24	14
296.49	319.04	14
570.55	630.45	14
1115.07	1271.51	14
1654.57	1795.67	14
2136.06	2371.99	14
2677.81	3061.16	14
3175.12	3527.51	14
3695.78	4265.56	14
4216.1	4665.47	14
4754.88	5486.02	14
0.61	0.75	14
1.01	0.77	14
1.21	1.27	14
1.64	1.86	14
2.84	3.41	14
5.28	4.54	14
9.32	7.58	14
11.45	10.52	14
12.49	14.03	14
15.49	14.71	14
15.38	13.3	14
18.46	16.37	14
26.57	17.18	14
42.41	20.23	14
73.42	32.22	14
133.9	50.12	14
249.72	136.43	14
481.27	377.12	14
958.49	733.96	14
1879.77	1006.79	14
3634.58	1109.14	14
5337.69	4085.7	14
7186.51	3794.97	14
8794.8	6745.92	14
10594.27	3134.27	14
12214.26	9413.71	14
13945.87	4166.19	14
15613.62	4673.83	14
0.64	0.7	14
0.7	0.74	14
1.11	1.1	14
1.76	1.69	14
2.61	2.58	14
4.43	4.16	14
7.47	5.0	14
10.85	11.32	14
15.0	12.09	14
14.55	11.44	14
16.0	15.72	14
15.34	12.78	14
17.15	19.44	14
23.76	22.04	14
30.79	29.41	14
49.26	50.96	14
83.68	93.83	14
157.01	178.77	14
296.39	337.99	14
573.7	625.23	14
1109.55	1275.74	14
1650.05	1716.49	14
2141.61	2415.79	14
2659.01	3037.92	14
3169.61	3464.68	14
3686.99	4178.19	14
4258.01	4592.72	14
4716.12	5129.8	14
0.69	0.8	14
0.81	0.9	14
1.2	1.58	14
1.73	1.88	14
2.72	3.37	14
4.65	4.85	14
7.62	5.81	14
9.27	8.05	14
14.6	12.1	14
14.83	14.42	14
16.72	15.33	14
21.06	16.29	14
25.55	19.68	14
41.72	29.3	14
71.62	27.5	14
130.15	75.69	14
243.28	189.05	14
468.87	152.71	14
930.12	289.15	14
1836.24	982.8	14
3585.46	1074.73	14
5289.0	2842.0	14
7019.45	2088.08	14
9036.63	2621.06	14
10437.2	5546.49	14
12112.09	9329.79	14
13882.23	4092.32	14
15531.03	8246.41	14
0.67	0.72	15
0.86	1.19	15
1.36	1.04	15
1.69	1.84	15
2.98	2.81	15
4.57	4.64	15
7.19	6.68	15
11.62	10.98	15
12.38	12.51	15
13.68	13.86	15
16.45	15.26	15
17.75	16.52	15
26.85	16.75	15
42.54	27.48	15
73.09	44.58	15
131.52	72.27	15
247.13	138.19	15
484.13	148.07	15
945.93	719.02	15
1845.38	548.51	15
3578.55	1064.14	15
5323.37	1578.62	15
7037.27	5391.27	15
8770.41	4653.82	15
10516.12	3122.78	15
12222.74	6512.9	15
14360.67	10811.43	15
15674.72	8448.52	15
0.7	0.73	15
0.76	0.91	15
1.05	1.03	15
1.84	1.56	15
2.67	2.95	15
4.65	4.56	15
8.36	7.47	15
11.55	8.91	15
14.57	11.64	15
16.39	14.79	15
14.89	12.16	15
18.91	13.46	15
19.3	19.47	15
23.11	24.06	15
31.94	33.78	15
51.86	52.27	15
87.08	87.15	15
151.94	172.37	15
300.42	327.98	15
576.75	666.24	15
1116.04	1242.75	15
1628.87	1710.37	15
2144.96	2373.32	15
2675.53	3094.54	15
3206.81	3685.04	15
3710.21	4096.61	15
4254.68	4458.85	15
4801.82	5032.96	15
0.62	0.63	15
0.89	0.88	15
1.05	1.28	15
1.5	1.65	15
2.82	2.84	15
4.74	4.73	15
7.4	7.77	15
9.41	10.28	15
12.74	10.27	15
16.45	13.31	15
16.45	14.12	15
20.71	19.95	15
29.21	20.57	15
42.21	20.4	15
70.96	57.74	15
131.21	73.4	15
245.66	244.87	15
471.69	370.51	15
935.36	286.59	15
1825.98	559.78	15
3544.13	2775.31	15
5334.5	2803.53	15
7058.22	5405.14	15
8661.52	2596.81	15
10415.43	5530.37	15
12117.27	6413.62	15
13819.0	7353.22	15
15546.9	8245.71	15
0.73	0.81	15
0.8	0.8	15
1.29	1.22	15
1.75	1.67	15
2.7	3.07	15
4.67	4.23	15
7.6	7.39	15
11.64	9.12	15
14.26	9.67	15
15.93	14.68	15
16.43	17.94	15
17.63	17.96	15
18.18	16.13	15
23.97	22.15	15
33.11	33.2	15
51.66	53.91	15
86.76	98.24	15
156.98	164.48	15
295.17	319.12	15
573.26	626.02	15
1103.42	1290.4	15
1621.84	1838.53	15
2148.05	2444.8	15
2663.84	3003.78	15
3224.68	3512.94	15
3711.53	4328.54	15
4214.06	4798.47	15
4770.99	5380.88	15
0.59	0.63	16
0.68	0.71	16
1.07	0.94	16
1.62	1.53	16
2.73	2.57	16
4.61	4.67	16
7.74	7.11	16
11.09	4.88	16
14.83	11.64	16
14.87	12.32	16
18.05	18.23	16
23.1	14.04	16
32.51	27.15	16
51.49	32.65	16
86.97	33.53	16
157.76	92.06	16
301.44	170.92	16
591.73	321.33	16
1160.57	635.07	16
2257.59	719.29	16
4367.11	2376.28	16
6496.03	2073.31	16
8605.79	4683.57	16
10740.47	8468.71	16
12834.21	9906.56	16
15042.59	4763.12	16
17037.59	9274.92	16
19328.43	6083.95	16
0.58	0.58	16
0.77	0.81	16
0.93	1.22	16
1.83	1.77	16
3.0	2.77	16
4.96	4.73	16
7.28	6.66	16
10.14	8.41	16
10.64	9.29	16
12.09	12.35	16
11.05	10.84	16
13.69	11.88	16
14.36	14.99	16
18.74	15.82	16
19.39	20.89	16
21.57	24.96	16
30.55	43.03	16
50.68	61.95	16
78.13	113.4	16
144.23	177.14	16
272.95	457.49	16
398.35	565.83	16
525.62	893.24	16
674.96	788.64	16
763.66	949.7	16
895.06	901.99	16
1017.1	1494.76	16
1112.13	1426.77	16
0.57	0.56	16
0.65	0.69	16
0.91	0.95	16
1.93	1.62	16
2.54	2.8	16
3.76	4.37	16
6.66	4.43	16
10.7	9.75	16
14.62	8.37	16
17.03	13.04	16
18.62	16.22	16
23.64	22.29	16
32.19	15.23	16
51.81	30.68	16
84.17	50.92	16
157.41	91.17	16
302.45	168.35	16
574.39	185.69	16
1130.21	613.73	16
2263.97	699.54	16
4393.75	1311.49	16
6425.28	3439.27	16
8510.87	4564.88	16
10758.4	5768.22	16
12711.31	6822.79	16
14807.76	7953.3	16
16900.84	5157.27	16
19053.64	5803.17	16
0.58	0.58	16
0.73	0.75	16
0.97	0.92	16
1.74	1.54	16
2.51	3.0	16
5.11	4.88	16
6.77	6.96	16
9.32	9.9	16
12.02	7.78	16
12.04	11.77	16
12.86	10.84	16
13.76	12.29	16
14.83	14.89	16
15.07	16.52	16
17.97	18.18	16
23.55	26.89	16
30.82	39.18	16
45.98	67.95	16
79.88	120.12	16
146.82	215.78	16
277.54	373.37	16
389.15	577.63	16
530.24	711.75	16
641.47	759.4	16
758.62	1058.8	16
876.78	1056.52	16
1023.44	1655.18	16
1121.41	1594.18	16
0.73	0.65	17
1.02	0.97	17
1.74	1.46	17
2.39	2.17	17
3.97	2.77	17
6.01	6.61	17
8.56	8.43	17
12.63	12.25	17
12.9	12.27	17
11.62	14.04	17
13.41	13.74	17
13.15	14.1	17
15.47	15.12	17
17.37	19.68	17
22.5	20.88	17
31.16	33.32	17
49.09	49.94	17
86.2	104.8	17
154.03	157.78	17
302.54	325.94	17
578.89	616.47	17
838.68	929.17	17
1110.48	1225.98	17
1382.29	1677.55	17
1681.49	2145.35	17
1912.04	2103.73	17
2176.24	2211.35	17
2457.05	2442.1	17
0.71	0.71	17
0.93	0.86	17
1.36	1.38	17
2.41	2.37	17
4.08	3.39	17
6.99	5.16	17
8.71	10.03	17
14.96	12.68	17
16.27	15.97	17
18.18	18.64	17
25.51	18.15	17
37.01	31.05	17
57.51	47.77	17
104.76	104.29	17
197.04	150.61	17
382.37	291.46	17
743.74	562.81	17
1467.7	1471.91	17
2898.41	2196.01	17
5780.33	4374.61	17
11446.63	11406.19	17
16914.7	12736.15	17
22219.45	11524.52	17
27716.13	27780.56	17
33420.39	25012.77	17
38648.34	29088.97	17
44119.98	44074.63	17
49571.38	12967.91	17
0.65	0.63	17
0.9	0.92	17
1.27	1.29	17
2.16	2.22	17
4.04	4.02	17
6.34	5.91	17
9.07	8.34	17
13.16	9.11	17
12.44	9.06	17
13.5	12.11	17
12.66	13.69	17
13.63	15.82	17
15.31	14.51	17
18.08	19.88	17
21.94	26.08	17
29.96	33.78	17
50.46	53.49	17
83.04	104.63	17
155.47	163.6	17
286.07	321.82	17
552.21	628.53	17
834.61	838.25	17
1088.16	1234.09	17
1386.97	1396.75	17
1642.96	1744.38	17
1894.4	2017.76	17
2220.11	2223.1	17
2431.35	2589.31	17
0.69	0.69	17
0.92	0.88	17
1.42	1.43	17
2.23	2.35	17
3.86	3.57	17
6.19	6.04	17
8.97	7.55	17
12.1	11.74	17
18.43	14.59	17
19.38	20.85	17
25.94	22.36	17
36.88	29.07	17
57.7	49.48	17
103.78	107.83	17
195.19	106.17	17
383.31	196.13	17
735.38	379.27	17
1467.73	749.37	17
2947.94	1517.65	17
5750.21	2911.21	17
11215.97	5663.73	17
16659.44	8424.8	17
22102.81	11155.34	17
27507.74	20722.01	17
33164.99	24819.5	17
38709.94	19905.79	17
43826.92	11262.64	17
49293.13	12653.93	17
0.78	0.79	18
0.93	1.06	18
1.39	1.57	18
2.48	1.99	18
3.91	3.55	18
6.67	6.17	18
9.3	10.08	18
13.61	10.22	18
13.17	10.57	18
14.21	15.47	18
13.73	15.63	18
17.82	17.29	18
19.85	19.68	18
26.91	27.97	18
40.58	41.1	18
67.61	66.55	18
119.62	118.63	18
219.41	238.04	18
421.19	424.39	18
833.36	951.94	18
1597.39	1679.29	18
2349.62	2591.58	18
3126.79	3419.04	18
3880.71	4084.12	18
4648.7	4881.65	18
5418.32	5681.05	18
6190.75	6206.47	18
6953.78	6990.63	18
0.84	0.91	18
1.04	1.02	18
1.42	1.51	18
2.36	2.28	18
3.84	3.95	18
6.31	6.24	18
8.15	9.84	18
11.91	12.38	18
15.19	15.05	18
17.85	13.65	18
23.47	22.45	18
32.47	26.9	18
54.69	32.9	18
95.62	74.56	18
175.79	95.91	18
345.38	263.2	18
664.89	347.63	18
1328.93	1336.02	18
2663.49	1993.83	18
5300.85	3995.73	18
10343.59	10363.65	18
15287.82	15335.81	18
20291.84	10268.8	18
25751.59	19005.78	18
30715.35	15267.48	18
35207.83	17954.91	18
40385.41	30234.34	18
45076.33	33927.63	18
0.74	0.82	18
1.01	1.0	18
1.42	1.43	18
2.26	2.27	18
3.73	4.09	18
6.45	5.53	18
10.21	8.56	18
12.31	11.33	18
13.3	13.09	18
13.76	12.24	18
16.04	13.88	18
16.9	17.25	18
21.28	22.55	18
25.96	29.35	18
39.8	41.6	18
66.23	68.28	18
114.17	130.49	18
219.93	235.98	18
427.98	462.43	18
830.17	834.42	18
1613.4	1650.38	18
2378.49	2527.17	18
3158.02	3237.83	18
3874.17	4147.74	18
4656.74	4676.97	18
5389.63	5758.96	18
6171.86	6587.42	18
6931.73	7656.38	18
0.77	0.83	18
1.07	0.94	18
1.39	1.46	18
2.39	2.57	18
3.99	3.83	18
6.27	6.36	18
8.8	10.36	18
11.42	12.29	18
15.48	15.79	18
18.49	12.43	18
21.96	20.93	18
34.83	36.28	18
53.9	45.52	18
95.37	99.05	18
183.03	54.76	18
344.52	270.38	18
682.41	519.04	18
1345.42	1358.64	18
2645.5	1339.82	18
5324.1	3969.63	18
10312.74	7834.6	18
15121.72	7610.11	18
20375.2	15145.65	18
25046.35	12622.49	18
30051.1	15245.61	18
35182.87	34978.44	18
39879.98	20100.35	18
44838.89	33721.9	18
0.8	0.88	19
0.99	1.05	19
1.6	1.41	19
2.52	2.61	19
4.09	3.45	19
6.66	6.83	19
8.84	7.46	19
13.2	10.85	19
15.27	14.35	19
18.07	17.15	19
23.98	19.07	19
33.65	33.93	19
54.07	54.86	19
97.54	54.32	19
181.72	138.98	19
350.43	350.62	19
680.57	681.98	19
1336.65	1004.59	19
2642.56	1338.27	19
5248.97	3979.43	19
10225.45	5148.84	19
15233.49	15258.74	19
20191.07	15203.56	19
25156.97	12715.93	19
30165.01	22688.04	19
35078.96	26415.31	19
40054.04	30787.49	19
45994.3	23007.88	19
0.81	0.76	19
1.07	1.01	19
1.62	1.53	19
2.29	2.27	19
3.66	3.79	19
6.18	6.32	19
9.24	7.43	19
12.69	12.95	19
12.98	11.99	19
14.53	13.43	19
15.03	15.71	19
16.95	16.84	19
20.96	21.1	19
24.48	25.82	19
40.66	39.08	19
67.65	71.2	19
118.89	121.14	19
219.47	235.0	19
421.06	439.33	19
826.07	866.36	19
1593.25	1603.94	19
2362.13	2499.75	19
3162.65	3147.14	19
3913.68	3921.31	19
4675.21	4677.03	19
5436.46	5752.05	19
6266.02	6840.24	19
6976.94	7654.64	19
0.76	0.7	19
1.01	1.06	19
1.45	1.48	19
2.34	2.27	19
4.22	4.06	19
6.42	6.3	19
9.95	9.16	19
13.45	11.67	19
14.86	14.11	19
16.93	11.42	19
24.2	19.12	19
32.85	36.88	19
52.96	47.89	19
95.52	98.79	19
179.88	141.55	19
345.79	263.39	19
681.76	179.61	19
1323.59	343.98	19
2629.22	1325.42	19
5192.16	3914.81	19
10084.61	10122.6	19
15043.13	3826.94	19
19965.75	15049.36	19
24899.78	12510.01	19
29841.63	15111.31	19
35131.96	17509.31	19
40489.9	30443.92	19
45102.19	44695.44	19
0.79	0.76	19
0.99	1.05	19
1.46	1.52	19
2.15	2.25	19
3.97	3.94	19
6.2	6.52	19
9.74	7.66	19
13.64	11.57	19
12.57	11.1	19
19.51	15.82	19
14.21	12.52	19
17.07	16.73	19
19.25	21.39	19
26.24	28.45	19
41.1	42.34	19
65.69	71.5	19
115.08	120.75	19
217.51	234.28	19
419.61	465.3	19
833.1	859.92	19
1590.54	1605.64	19
2366.35	2390.04	19
3133.99	3228.77	19
3889.57	4063.47	19
4653.38	4977.2	19
5412.38	5781.09	19
6175.79	6409.01	19
6957.13	7224.87	19
0.69	0.67	20
0.86	0.84	20
1.33	1.28	20
2.17	2.22	20
3.64	3.98	20
6.61	6.08	20
9.27	7.79	20
11.77	10.58	20
15.28	14.38	20
18.29	16.29	20
24.13	20.57	20
35.62	34.36	20
60.41	32.63	20
102.99	56.73	20
190.79	102.16	20
373.16	282.34	20
729.23	561.61	20
1450.02	740.97	20
2873.48	1464.43	20
5790.53	5877.8	20
11226.98	8695.58	20
16712.17	8690.24	20
22091.46	21943.75	20
27446.76	14246.81	20
32704.18	24665.38	20
38047.25	19413.14	20
43472.28	32775.59	20
48789.24	36885.09	20
0.66	0.65	20
0.89	0.98	20
1.42	1.64	20
2.32	2.29	20
3.71	3.43	20
6.22	6.53	20
9.46	10.31	20
11.35	10.05	20
16.04	10.2	20
12.67	12.18	20
12.1	11.92	20
14.59	15.65	20
15.26	15.83	20
18.73	17.42	20
24.18	22.42	20
31.48	32.96	20
48.67	55.04	20
90.87	93.29	20
159.48	172.05	20
298.83	300.52	20
556.06	634.99	20
823.74	1006.69	20
1100.19	1228.43	20
1389.26	1525.3	20
1651.4	1824.15	20
1914.84	1950.83	20
2172.59	2183.63	20
2464.14	2720.05	20
0.62	0.64	20
0.83	0.82	20
1.36	1.36	20
2.12	2.16	20
3.72	3.6	20
5.92	5.84	20
8.87	8.87	20
12.67	8.65	20
15.35	14.99	20
18.41	15.69	20
21.75	25.1	20
36.91	24.82	20
58.04	49.36	20
100.47	82.45	20
191.43	105.92	20
368.5	283.03	20
719.92	727.51	20
1431.49	1079.73	20
2841.02	2833.36	20
5663.86	5662.79	20
10980.91	5584.35	20
16321.72	8274.8	20
21684.08	16330.47	20
27035.56	20399.69	20
32422.42	16429.82	20
37804.85	19058.74	20
43426.04	22028.24	20
48811.37	49338.56	20
0.76	0.66	20
0.99	0.97	20
1.34	1.42	20
2.32	2.35	20
4.01	3.66	20
6.18	5.88	20
8.29	8.79	20
10.13	9.68	20
11.18	9.98	20
13.45	11.18	20
13.24	11.87	20
14.42	15.57	20
16.68	17.52	20
18.08	21.15	20
24.27	24.84	20
31.74	33.22	20
50.88	53.3	20
89.79	102.15	20
157.54	190.27	20
298.62	350.96	20
561.04	588.95	20
839.09	903.93	20
1101.04	1172.53	20
1357.73	1443.7	20
1655.69	1828.48	20
1916.91	2016.19	20
2183.6	2310.8	20
2453.88	2736.78	20
0.68	0.77	21
