0.9	1.0	1
1.26	1.23	1
1.73	1.56	1
3.38	3.29	1
5.43	4.66	1
11.2	4.83	1
21.54	6.1	1
41.71	8.05	1
79.66	12.74	1
160.25	17.37	1
306.64	25.19	1
604.29	45.08	1
1156.04	83.0	1
2100.05	158.31	1
3583.51	320.3	1
5566.42	609.15	1
6286.96	1174.25	1
6869.56	1932.87	1
7402.37	2208.37	1
7843.99	2516.37	1
8167.67	2752.28	1
8433.43	2920.49	1
8685.86	3207.82	1
9007.03	3314.73	1
9032.89	3461.46	1
0.89	0.84	1
1.04	1.2	1
1.58	1.74	1
2.42	2.57	1
4.32	3.8	1
8.1	4.81	1
15.33	4.74	1
30.49	7.6	1
59.32	8.81	1
115.79	17.47	1
230.52	33.39	1
457.31	59.7	1
903.22	118.34	1
1732.82	240.31	1
3274.33	466.76	1
5899.88	895.76	1
9384.14	1738.02	1
11455.0	2738.78	1
12734.31	3309.6	1
13620.84	3879.24	1
14537.22	4551.13	1
15438.47	5031.56	1
16487.97	5588.81	1
17086.22	6073.8	1
17685.5	6498.95	1
0.92	0.89	1
1.11	1.23	1
1.61	1.88	1
2.98	2.8	1
5.43	4.26	1
10.3	6.1	1
19.53	5.28	1
39.38	9.0	1
78.26	11.27	1
153.94	15.97	1
298.77	25.1	1
592.05	50.0	1
1123.67	89.36	1
2108.22	182.13	1
3622.84	347.57	1
5357.34	641.37	1
6084.27	1232.32	1
6795.09	1923.52	1
7434.59	2236.67	1
7643.93	2462.8	1
7962.55	2679.11	1
8204.0	2836.99	1
8449.92	3029.35	1
8691.04	3223.08	1
8804.89	3364.27	1
0.83	0.81	1
0.97	1.05	1
1.6	1.63	1
2.56	2.49	1
4.46	3.96	1
8.21	5.22	1
15.21	4.2	1
29.46	7.5	1
57.94	10.15	1
116.08	18.06	1
227.48	34.34	1
453.29	61.33	1
896.73	120.75	1
1691.94	237.21	1
3259.57	477.9	1
5854.16	908.03	1
9534.4	1676.82	1
11389.42	2617.28	1
12740.48	3313.84	1
13459.98	3788.82	1
14371.87	4348.25	1
15361.68	4896.24	1
16311.93	5367.59	1
17000.52	5899.37	1
17582.03	6330.56	1
1.01	0.96	2
1.37	1.42	2
1.83	1.76	2
3.19	2.52	2
5.26	4.91	2
9.44	5.25	2
17.52	5.95	2
30.78	9.12	2
60.35	12.04	2
118.07	21.56	2
230.59	35.5	2
458.72	62.95	2
893.62	118.95	2
1730.39	241.41	2
3302.94	480.95	2
5903.83	883.99	2
9345.02	1729.98	2
11381.51	2657.31	2
12586.36	3339.33	2
13651.11	3822.64	2
14457.2	4501.86	2
15311.32	4917.07	2
16067.46	5472.48	2
16524.92	6079.31	2
16987.01	6419.43	2
0.98	0.93	2
1.45	1.41	2
2.36	2.41	2
3.89	3.98	2
6.59	6.61	2
12.21	8.12	2
22.2	7.86	2
42.84	10.21	2
83.22	12.46	2
161.38	20.29	2
312.6	28.1	2
609.73	46.98	2
1161.35	88.0	2
2115.76	166.84	2
3679.91	326.98	2
5637.88	621.12	2
6368.44	1204.07	2
7012.42	1937.55	2
7655.43	2208.06	2
8061.47	2573.24	2
8596.27	2738.44	2
8937.95	3007.89	2
9334.09	3219.79	2
9591.19	3358.79	2
9876.43	3556.83	2
0.87	0.86	2
1.22	1.2	2
1.82	1.63	2
3.05	2.67	2
4.91	3.77	2
8.69	4.72	2
16.09	7.55	2
30.49	7.44	2
59.0	13.07	2
115.97	19.73	2
229.88	32.25	2
452.64	61.16	2
895.23	121.36	2
1718.89	234.9	2
3195.38	456.69	2
5626.76	897.01	2
9233.99	1678.15	2
11409.09	2611.05	2
12433.46	3172.45	2
13635.02	3682.31	2
14266.84	4339.67	2
15095.71	4707.93	2
15756.65	5233.21	2
16285.33	5713.59	2
16824.62	6281.85	2
0.98	1.07	2
1.44	1.4	2
2.21	2.38	2
3.84	3.49	2
7.34	6.51	2
11.96	6.08	2
22.92	7.76	2
42.68	10.38	2
82.7	11.29	2
156.59	19.29	2
308.41	28.32	2
598.07	49.59	2
1133.87	89.46	2
2107.7	174.41	2
3656.73	337.26	2
5415.25	619.64	2
6178.26	1227.56	2
6818.67	1924.41	2
7487.88	2178.15	2
7952.39	2496.88	2
8350.74	2761.09	2
8721.52	2921.8	2
9222.89	3207.5	2
9469.97	3277.7	2
9718.11	3552.62	2
0.93	1.04	3
1.59	1.35	3
2.07	2.09	3
3.8	3.38	3
6.53	4.71	3
11.98	6.5	3
21.43	5.59	3
41.59	10.61	3
79.16	12.52	3
160.33	20.33	3
310.26	26.25	3
612.57	48.3	3
1155.49	87.42	3
2092.46	169.52	3
3634.73	316.89	3
5505.44	614.36	3
6229.95	1191.62	3
6933.71	1927.15	3
7548.69	2216.24	3
7996.69	2559.74	3
8474.36	2751.55	3
8853.9	2961.78	3
9306.77	3224.45	3
9748.09	3374.86	3
9735.45	3597.69	3
1.01	1.02	3
1.12	1.22	3
1.88	1.93	3
3.23	3.29	3
5.13	4.78	3
9.53	5.21	3
16.98	6.17	3
31.37	8.33	3
60.38	10.77	3
119.24	19.42	3
233.14	35.03	3
465.78	63.14	3
915.23	121.87	3
1752.76	247.59	3
3346.55	482.25	3
5885.57	908.92	3
9315.53	1718.66	3
11363.82	2743.48	3
12531.15	3303.6	3
13619.41	3827.61	3
14463.64	4464.53	3
15123.85	4923.27	3
15893.49	5463.23	3
16470.45	5986.53	3
16949.83	6479.81	3
0.91	1.06	3
1.27	1.34	3
1.99	2.17	3
3.29	3.82	3
6.1	4.41	3
10.83	5.29	3
20.87	8.93	3
40.39	9.39	3
78.52	11.58	3
154.96	16.95	3
303.24	28.08	3
587.55	50.58	3
1132.16	86.51	3
2039.44	168.65	3
3528.52	326.0	3
5356.5	625.25	3
6024.6	1217.71	3
6828.61	1961.48	3
7300.47	2174.9	3
7926.04	2433.04	3
8368.4	2686.3	3
8607.28	2906.71	3
8993.74	3084.52	3
9351.49	3248.41	3
9476.71	3408.11	3
0.89	0.91	3
1.21	1.26	3
1.92	1.86	3
3.15	2.81	3
5.34	4.75	3
9.69	5.26	3
16.92	6.25	3
31.23	8.12	3
60.68	10.36	3
115.82	18.95	3
231.39	35.05	3
455.77	64.26	3
897.15	124.02	3
1685.91	246.03	3
3297.39	468.07	3
5743.92	907.32	3
9152.38	1677.08	3
11391.62	2629.81	3
12467.56	3188.56	3
13430.61	3687.65	3
14250.23	4237.75	3
14935.77	4735.3	3
15646.45	5273.69	3
16264.3	5902.45	3
16788.25	6350.95	3
0.93	0.92	4
1.28	1.26	4
1.96	2.09	4
3.18	2.93	4
5.32	4.9	4
9.5	5.01	4
17.19	7.08	4
32.01	6.65	4
60.03	12.3	4
117.89	19.17	4
235.47	33.29	4
459.33	62.65	4
907.27	124.38	4
1756.01	239.67	4
3298.28	463.0	4
5884.6	937.79	4
9349.22	1731.58	4
11446.54	2697.63	4
12581.38	3286.36	4
13568.03	3970.03	4
14496.83	4462.99	4
15551.85	5022.08	4
16315.28	5498.13	4
16895.63	6031.12	4
17511.5	6502.78	4
1.08	1.0	4
1.45	1.44	4
2.06	2.14	4
3.81	3.51	4
7.14	5.43	4
12.29	5.94	4
22.16	10.53	4
43.04	9.18	4
88.61	13.19	4
162.42	19.89	4
317.39	29.13	4
623.86	47.37	4
1186.07	86.47	4
2132.5	163.62	4
3646.19	320.09	4
5569.08	624.36	4
6399.98	1205.2	4
6911.97	1922.19	4
7394.29	2359.92	4
7822.12	2508.48	4
8235.73	2762.78	4
8487.78	2956.77	4
8657.23	3154.87	4
8845.69	3467.53	4
8993.3	3441.71	4
0.85	0.77	4
1.16	1.1	4
1.56	1.63	4
2.92	2.91	4
4.96	3.98	4
8.75	5.09	4
15.8	6.85	4
30.86	7.85	4
58.7	10.6	4
116.11	20.51	4
227.65	32.9	4
452.34	62.91	4
880.14	117.55	4
1726.08	229.62	4
3256.71	458.11	4
5831.01	905.28	4
9158.99	1687.26	4
11410.52	2580.7	4
12436.99	3209.54	4
13372.61	3775.18	4
14474.54	4300.74	4
15502.03	4809.32	4
16077.54	5292.38	4
16832.99	5835.08	4
17462.54	6280.64	4
0.96	1.03	4
1.49	1.34	4
2.2	2.26	4
3.79	3.74	4
6.18	5.46	4
12.06	7.65	4
21.07	7.04	4
42.96	8.41	4
81.11	12.28	4
154.21	20.22	4
307.89	27.3	4
595.47	48.64	4
1121.54	84.67	4
2042.24	164.05	4
3533.56	321.54	4
5448.47	653.19	4
6319.87	1156.15	4
6811.48	1905.0	4
7278.24	2214.04	4
7652.9	2457.47	4
8030.27	2675.56	4
8464.59	3024.7	4
8523.18	3046.06	4
8729.77	3304.36	4
8884.43	3342.48	4
0.99	1.07	5
1.16	1.17	5
1.13	1.16	5
1.28	1.21	5
1.5	1.7	5
2.19	1.78	5
2.44	1.86	5
2.73	2.66	5
2.96	3.15	5
4.61	4.51	5
5.41	5.22	5
8.67	7.87	5
12.01	12.0	5
19.41	19.07	5
32.6	34.26	5
59.95	60.0	5
115.51	113.65	5
218.6	218.82	5
315.28	316.86	5
413.16	432.68	5
524.81	517.55	5
621.01	626.25	5
715.64	712.5	5
818.6	850.73	5
930.12	936.29	5
1.11	0.74	5
1.11	1.13	5
1.21	1.1	5
1.33	1.29	5
1.67	1.8	5
2.21	2.2	5
3.28	3.43	5
5.65	5.64	5
10.17	10.13	5
19.34	19.32	5
37.86	37.47	5
74.21	73.9	5
146.77	148.82	5
294.03	296.01	5
588.28	584.35	5
1161.55	1164.06	5
2327.06	2346.3	5
4616.81	4586.76	5
6754.43	6788.99	5
8962.59	8952.44	5
11404.23	11193.83	5
13515.38	13380.06	5
15521.92	15513.17	5
17724.8	17783.98	5
19941.63	19976.2	5
0.99	1.08	5
0.98	1.0	5
1.01	1.09	5
1.07	1.06	5
1.57	1.51	5
1.84	1.79	5
2.19	1.66	5
2.62	2.8	5
2.67	3.12	5
3.84	5.0	5
5.69	6.57	5
8.12	9.02	5
11.96	12.27	5
20.31	19.33	5
33.55	41.9	5
59.15	59.2	5
111.48	112.54	5
209.03	342.67	5
314.41	313.11	5
429.3	408.45	5
506.01	515.15	5
620.36	731.54	5
711.29	716.74	5
821.55	1045.89	5
916.19	1506.23	5
1.05	1.08	5
1.21	1.17	5
1.16	1.28	5
1.27	1.86	5
1.69	1.6	5
2.33	2.3	5
3.48	3.51	5
5.72	6.38	5
10.19	11.11	5
21.67	20.53	5
42.81	40.84	5
74.22	75.92	5
146.82	159.61	5
294.42	295.5	5
587.48	582.98	5
1167.4	1215.34	5
2316.2	2360.25	5
4541.57	4660.23	5
6706.14	6715.59	5
9017.4	9115.68	5
11077.98	11531.4	5
13246.09	13556.16	5
15433.79	15443.01	5
17608.8	17937.2	5
19787.36	19799.84	5
1.14	1.07	6
1.07	1.1	6
1.34	1.32	6
1.23	1.27	6
1.4	1.53	6
2.09	2.14	6
2.32	2.56	6
3.18	3.74	6
4.63	4.96	6
7.32	7.32	6
14.18	14.11	6
23.33	23.84	6
40.37	41.52	6
76.36	73.08	6
144.4	140.97	6
281.05	274.19	6
548.17	545.89	6
1043.75	1024.32	6
1528.25	1530.29	6
2020.76	2037.42	6
2521.84	2548.63	6
3013.42	3035.5	6
3498.0	3505.54	6
4021.12	4007.3	6
4494.34	4587.66	6
1.01	1.14	6
0.96	1.38	6
1.29	1.32	6
1.68	1.67	6
1.72	1.94	6
2.59	2.69	6
3.72	3.52	6
6.32	5.65	6
9.71	9.71	6
17.51	18.52	6
33.86	34.97	6
66.37	65.52	6
129.01	129.27	6
258.12	256.47	6
511.92	507.06	6
998.37	1005.92	6
2002.01	2006.53	6
3910.31	3926.14	6
5823.01	5846.02	6
7705.35	7783.05	6
9614.93	9599.24	6
11494.16	11498.02	6
13381.43	13387.85	6
15340.03	15418.59	6
17231.56	17126.05	6
0.9	0.91	6
1.08	1.02	6
1.19	1.2	6
1.28	1.07	6
1.29	1.51	6
2.02	1.98	6
2.31	2.31	6
3.53	3.95	6
4.68	5.21	6
7.79	8.85	6
13.66	15.0	6
23.08	24.51	6
40.6	42.14	6
73.72	86.71	6
139.6	147.01	6
275.57	307.7	6
549.01	570.36	6
1049.14	1102.23	6
1521.55	1541.2	6
2041.28	2027.55	6
2542.12	2793.14	6
3081.22	3049.21	6
3501.46	3662.48	6
4037.38	3981.99	6
4475.11	4472.34	6
1.1	1.06	6
1.24	1.32	6
1.17	1.21	6
1.43	1.33	6
1.96	1.87	6
2.57	2.54	6
3.4	3.49	6
6.11	6.17	6
10.21	10.53	6
19.08	19.75	6
34.13	35.38	6
67.47	68.07	6
127.98	138.71	6
257.84	268.24	6
506.8	504.7	6
995.66	1035.7	6
1989.08	1993.35	6
3882.02	3958.4	6
5778.24	6176.81	6
7678.15	7853.04	6
9596.78	9753.13	6
11535.29	11697.32	6
13301.05	13288.83	6
15220.91	15529.68	6
17157.92	17198.57	6
1.03	1.06	7
1.09	1.03	7
1.4	1.52	7
1.37	1.35	7
2.14	2.04	7
2.36	2.35	7
3.28	3.7	7
5.47	6.02	7
9.96	10.2	7
18.79	18.9	7
34.46	34.45	7
67.63	67.27	7
130.5	129.09	7
258.17	257.25	7
511.03	511.22	7
1018.95	1013.69	7
2011.29	2030.39	7
3937.23	3938.62	7
5843.97	5849.72	7
7744.0	7703.65	7
9647.66	9598.98	7
11501.03	11911.36	7
13375.72	13386.9	7
15523.97	15303.31	7
17178.61	17176.34	7
0.99	1.02	7
1.05	1.09	7
1.11	1.31	7
1.22	1.42	7
1.62	1.32	7
1.76	2.18	7
2.28	2.7	7
3.43	3.3	7
4.23	4.31	7
7.52	7.86	7
14.13	13.45	7
23.78	23.9	7
40.56	40.32	7
74.16	73.6	7
141.63	143.46	7
273.43	273.77	7
536.95	540.75	7
1039.78	1042.09	7
1539.37	1543.9	7
2034.43	2041.06	7
2534.47	2553.06	7
3024.0	3060.85	7
3567.57	3547.46	7
4059.67	4030.38	7
4516.71	4514.97	7
0.94	1.16	7
1.0	1.18	7
1.46	1.58	7
1.26	1.39	7
2.0	2.1	7
2.46	2.45	7
3.5	3.83	7
5.41	5.96	7
9.75	11.3	7
18.98	19.33	7
35.0	35.62	7
66.12	70.55	7
129.68	132.21	7
254.51	274.82	7
508.07	530.69	7
1008.77	1063.16	7
2016.7	2005.72	7
3904.04	4016.01	7
5775.84	5875.94	7
7685.67	7688.59	7
9545.04	9530.63	7
11431.14	11628.24	7
13307.44	13311.08	7
15330.59	15501.79	7
17125.26	17438.18	7
1.03	0.99	7
1.09	1.23	7
1.54	1.15	7
1.08	1.33	7
1.39	1.41	7
1.85	1.77	7
2.28	2.98	7
3.21	4.02	7
4.52	5.55	7
7.49	9.0	7
13.54	14.72	7
23.65	24.86	7
40.25	42.27	7
73.79	78.36	7
141.97	141.62	7
273.07	285.11	7
533.97	568.03	7
1029.3	1034.4	7
1531.47	1533.94	7
2022.62	2130.32	7
2525.84	2638.09	7
3024.32	3022.19	7
3510.37	3513.13	7
4001.05	4006.76	7
4494.03	4509.05	7
1.04	0.97	8
1.31	0.93	8
1.07	1.16	8
1.16	1.19	8
1.59	1.28	8
2.18	2.11	8
3.31	3.46	8
5.65	5.89	8
10.23	10.3	8
19.31	19.41	8
38.08	37.15	8
74.05	73.67	8
145.83	145.88	8
293.7	292.21	8
584.62	582.09	8
1163.75	1162.59	8
2316.07	2316.29	8
4514.25	4536.63	8
6745.99	6736.8	8
8982.2	8998.46	8
11289.04	11233.14	8
13381.42	13331.22	8
15669.38	15544.18	8
17682.52	17719.69	8
19919.72	20165.31	8
0.97	1.03	8
1.03	1.08	8
1.04	1.1	8
0.91	1.0	8
1.56	1.86	8
1.76	1.72	8
1.47	1.92	8
2.6	2.83	8
3.05	2.51	8
3.85	4.32	8
5.88	6.08	8
8.6	7.46	8
12.54	11.74	8
19.19	19.19	8
33.25	34.93	8
58.91	58.86	8
111.32	114.66	8
210.0	215.69	8
321.22	315.19	8
431.29	429.34	8
527.9	534.91	8
628.14	622.83	8
721.63	712.95	8
813.36	827.57	8
912.06	925.35	8
0.98	0.9	8
1.12	0.96	8
0.99	1.19	8
1.38	1.3	8
1.5	1.59	8
2.06	2.21	8
3.28	3.3	8
5.55	6.12	8
10.11	10.85	8
20.15	22.04	8
37.16	40.31	8
73.91	76.99	8
145.11	154.88	8
291.95	292.43	8
576.9	581.45	8
1164.49	1178.14	8
2312.37	2300.98	8
4491.11	4497.67	8
6666.97	6671.4	8
8848.12	8986.01	8
11216.79	11257.47	8
13222.67	13259.43	8
15427.51	15781.35	8
17582.54	17601.27	8
19769.64	19783.91	8
1.13	1.04	8
1.06	0.99	8
1.34	1.2	8
1.06	1.02	8
1.48	1.71	8
1.57	1.61	8
1.61	1.98	8
2.68	2.73	8
2.57	3.19	8
3.99	4.46	8
5.33	6.05	8
8.51	9.25	8
11.98	15.37	8
18.85	19.39	8
32.63	33.18	8
59.95	77.22	8
113.17	113.17	8
210.07	323.6	8
318.98	315.48	8
415.49	512.82	8
525.72	526.77	8
612.07	875.71	8
719.15	714.17	8
820.12	989.58	8
929.5	1125.34	8
0.98	1.07	9
1.09	1.19	9
0.96	1.1	9
1.43	1.43	9
1.63	1.87	9
2.31	2.38	9
2.41	2.69	9
3.91	3.3	9
3.96	4.06	9
6.49	5.53	9
8.67	8.35	9
13.5	12.88	9
21.78	21.61	9
39.56	38.11	9
69.74	72.12	9
130.0	132.5	9
263.66	256.71	9
500.1	498.19	9
744.66	736.1	9
1005.8	1005.43	9
1224.39	1239.06	9
1460.83	1455.03	9
1709.23	1678.29	9
1939.77	1919.94	9
2182.23	2153.12	9
0.97	0.88	9
1.08	1.09	9
1.29	1.24	9
1.65	1.6	9
2.41	2.15	9
3.95	2.63	9
7.01	3.51	9
13.05	4.62	9
25.3	6.97	9
49.91	11.17	9
99.09	20.38	9
202.22	40.48	9
404.23	74.96	9
791.38	148.33	9
1604.84	301.55	9
3160.24	582.54	9
6321.01	1207.96	9
12329.58	2267.98	9
18140.68	3393.03	9
24269.05	4510.25	9
30028.17	5753.7	9
35848.05	6759.82	9
42025.14	8019.91	9
47742.12	9196.25	9
53683.28	10050.73	9
0.74	0.92	9
1.07	0.9	9
0.98	1.04	9
1.54	1.37	9
1.61	1.51	9
2.15	2.35	9
2.42	2.59	9
3.49	3.45	9
4.26	3.76	9
5.92	5.7	9
8.27	9.58	9
11.74	12.7	9
20.89	21.26	9
38.89	37.93	9
70.03	67.15	9
129.24	130.31	9
254.29	248.64	9
504.83	495.96	9
744.78	739.81	9
974.43	977.39	9
1244.78	1229.08	9
1475.08	1429.55	9
1690.02	1704.02	9
1938.89	1956.78	9
2239.78	2151.44	9
0.89	0.93	9
1.07	1.09	9
1.23	1.01	9
1.54	1.71	9
2.37	2.26	9
3.86	2.54	9
6.71	4.06	9
13.03	5.43	9
25.65	7.58	9
49.89	11.48	9
98.55	19.21	9
195.35	38.72	9
389.24	75.08	9
777.14	143.8	9
1546.35	288.47	9
3112.37	582.05	9
6200.72	1157.72	9
12150.66	2255.86	9
18166.74	3366.5	9
23906.95	4533.39	9
30024.58	5520.26	9
35546.81	6619.81	9
41729.37	7714.64	9
47350.52	9028.0	9
53471.26	9911.78	9
1.01	0.94	10
1.09	1.27	10
1.14	1.15	10
1.67	1.47	10
1.54	1.73	10
2.23	2.42	10
2.88	3.15	10
4.36	4.74	10
6.35	7.15	10
12.24	12.38	10
19.16	19.2	10
29.66	30.46	10
54.9	53.71	10
101.18	102.8	10
197.01	199.03	10
385.48	392.44	10
760.48	787.9	10
1482.05	1510.06	10
2195.65	2226.43	10
2910.54	2968.94	10
3632.45	3696.77	10
4327.82	4413.49	10
5075.51	5091.4	10
5747.15	5817.75	10
6463.63	6592.02	10
1.05	0.94	10
1.15	1.24	10
1.21	1.41	10
1.66	1.66	10
2.54	2.51	10
4.14	4.09	10
7.06	4.82	10
13.53	6.09	10
25.22	8.15	10
49.16	16.3	10
94.79	25.87	10
191.24	49.91	10
373.79	93.8	10
750.2	186.11	10
1504.92	364.5	10
2987.02	724.09	10
5953.97	1475.49	10
11591.56	2807.52	10
17614.53	4372.03	10
22984.56	5578.3	10
28518.94	7080.7	10
34220.29	8254.82	10
39887.24	9610.84	10
45317.42	11639.09	10
50947.9	12356.63	10
0.81	0.73	10
1.02	1.03	10
0.95	0.94	10
1.49	1.5	10
1.87	1.49	10
2.35	2.36	10
2.78	2.78	10
5.09	4.41	10
6.42	7.3	10
11.85	12.23	10
19.52	18.81	10
30.26	29.8	10
53.52	52.22	10
101.31	98.87	10
196.24	188.62	10
387.47	376.73	10
781.83	740.62	10
1487.97	1393.77	10
2195.65	2065.83	10
2898.69	2717.28	10
3611.39	3389.85	10
4298.53	4028.28	10
5013.69	4670.04	10
5729.28	5369.74	10
6456.15	6062.25	10
1.05	1.01	10
1.15	1.06	10
1.33	1.36	10
1.57	1.8	10
2.62	2.37	10
4.25	3.9	10
6.9	5.7	10
13.24	6.59	10
24.81	8.69	10
49.52	15.46	10
96.3	27.2	10
192.6	50.66	10
381.19	96.96	10
757.24	192.22	10
1510.85	372.98	10
3018.9	724.75	10
5916.06	1440.29	10
11511.0	2778.22	10
17186.45	4310.59	10
22755.79	5595.45	10
28308.04	6874.24	10
33967.38	8232.73	10
39541.62	9544.36	10
45209.9	10876.41	10
50923.25	12175.61	10
0.92	0.97	11
1.05	1.01	11
1.28	1.29	11
1.46	1.81	11
2.56	2.51	11
4.08	3.66	11
7.02	5.63	11
13.43	6.4	11
25.08	10.0	11
48.62	14.78	11
94.53	27.0	11
188.94	50.11	11
373.69	92.42	11
744.63	184.98	11
1479.51	361.72	11
2989.19	721.25	11
5930.08	1420.17	11
11552.13	2800.67	11
17209.25	4132.08	11
23024.62	5480.47	11
28496.97	7043.85	11
34028.1	8275.75	11
39889.86	9542.19	11
45213.51	10931.02	11
50926.45	12283.97	11
0.92	0.93	11
1.04	1.02	11
1.14	1.21	11
1.53	1.67	11
1.84	2.3	11
2.54	2.07	11
2.92	3.01	11
4.86	4.2	11
6.54	6.6	11
11.94	12.2	11
19.36	19.56	11
30.13	31.5	11
53.85	55.18	11
102.67	102.86	11
194.73	200.35	11
383.65	391.88	11
767.8	781.47	11
1505.54	1542.39	11
2246.35	2235.11	11
2922.87	2962.43	11
3620.01	3674.92	11
4345.0	4436.92	11
5085.53	5206.67	11
5778.5	5896.19	11
6478.06	6597.07	11
0.89	1.23	11
0.97	0.97	11
1.06	1.19	11
1.56	1.66	11
2.41	2.5	11
3.89	3.51	11
7.06	4.75	11
13.48	6.76	11
24.92	9.69	11
48.24	15.06	11
94.93	26.19	11
188.58	48.68	11
373.66	94.72	11
740.92	182.7	11
1480.95	352.83	11
2936.71	718.29	11
5871.08	1410.7	11
11486.64	2773.51	11
17049.8	4111.01	11
22606.31	5425.81	11
28652.44	6749.12	11
33730.22	8090.91	11
39549.3	9448.6	11
45103.53	10755.97	11
50740.07	12129.84	11
0.89	0.84	11
1.07	1.14	11
1.1	1.11	11
1.46	1.49	11
1.68	1.62	11
2.34	2.6	11
3.16	3.12	11
4.8	4.27	11
6.99	7.16	11
11.92	10.8	11
19.04	18.03	11
30.9	29.14	11
54.03	53.92	11
105.72	103.32	11
194.13	189.69	11
384.04	381.76	11
783.9	732.39	11
1489.57	1391.44	11
2193.75	2053.24	11
2918.85	2741.36	11
3605.87	3389.66	11
4327.5	4057.69	11
5040.79	4724.87	11
5751.72	5395.34	11
6478.24	6061.21	11
0.86	0.84	12
0.99	1.08	12
1.1	1.14	12
1.5	1.59	12
2.34	2.1	12
4.13	3.19	12
6.65	3.68	12
13.17	4.21	12
25.32	6.53	12
49.96	11.75	12
100.58	20.2	12
200.37	37.59	12
396.62	77.48	12
803.44	151.03	12
1594.47	297.77	12
3121.22	592.13	12
6334.71	1182.73	12
12238.59	2291.16	12
18068.15	3367.91	12
24062.88	4493.18	12
30021.82	5600.64	12
35828.46	6849.52	12
41709.55	7836.41	12
48282.46	8940.94	12
53721.71	10134.5	12
1.05	0.9	12
0.96	0.97	12
0.94	1.03	12
1.46	1.62	12
1.75	1.64	12
2.2	2.08	12
2.29	2.55	12
3.71	3.59	12
4.03	3.47	12
5.98	5.71	12
9.65	9.12	12
13.75	12.91	12
21.57	21.45	12
38.8	38.55	12
71.58	71.05	12
131.21	131.81	12
261.1	257.94	12
506.1	492.34	12
736.71	752.89	12
1013.93	1016.62	12
1267.12	1223.29	12
1462.11	1453.33	12
1713.13	1701.72	12
1966.13	1922.47	12
2193.86	2186.51	12
0.78	0.83	12
0.8	0.89	12
1.19	1.05	12
1.44	1.51	12
2.13	2.1	12
3.92	2.53	12
6.83	3.33	12
12.69	4.79	12
25.6	6.97	12
49.6	10.62	12
98.66	21.29	12
194.03	38.36	12
391.54	73.78	12
783.03	144.16	12
1541.77	285.9	12
3155.12	590.19	12
6289.13	1164.03	12
12230.45	2226.1	12
17925.03	3326.5	12
23810.95	4510.51	12
29632.68	5496.62	12
35873.25	6693.35	12
41395.49	7641.35	12
47273.14	8928.5	12
53242.85	9826.94	12
1.0	1.03	12
1.08	1.14	12
1.06	0.92	12
1.33	1.52	12
1.9	1.61	12
2.6	2.5	12
2.35	2.52	12
3.44	3.29	12
3.77	3.66	12
5.93	6.05	12
8.31	8.4	12
13.41	12.87	12
21.4	20.98	12
39.39	37.86	12
70.14	69.73	12
134.62	131.08	12
259.28	258.82	12
504.07	489.89	12
741.24	742.0	12
980.64	969.36	12
1233.94	1221.04	12
1530.85	1483.29	12
1755.97	1694.81	12
2008.12	1975.38	12
2214.11	2177.3	12
0.57	0.58	13
0.69	1.08	13
1.02	0.99	13
1.35	1.67	13
2.71	3.16	13
5.02	4.29	13
6.79	6.89	13
10.43	8.01	13
11.3	11.87	13
11.83	11.08	13
11.17	13.21	13
11.25	9.98	13
14.97	13.47	13
14.8	14.29	13
15.66	16.44	13
22.32	26.14	13
32.65	35.33	13
47.86	66.94	13
81.35	92.39	13
144.17	174.49	13
268.62	392.14	13
392.34	581.33	13
516.11	895.71	13
625.39	792.56	13
739.87	942.57	13
873.38	1537.09	13
995.18	1213.47	13
1108.14	2028.38	13
0.65	0.58	13
0.8	0.77	13
1.13	0.96	13
1.5	1.73	13
2.43	2.33	13
4.23	4.07	13
7.59	7.17	13
9.62	11.09	13
16.23	15.18	13
16.41	15.35	13
20.07	12.95	13
23.45	19.17	13
34.31	21.58	13
50.46	40.23	13
82.17	34.7	13
156.41	58.22	13
295.97	100.01	13
571.85	189.46	13
1136.52	622.6	13
2256.94	1233.51	13
4368.65	2378.09	13
6474.07	2041.85	13
8618.06	2738.75	13
10792.56	5913.92	13
12807.4	7084.04	13
14946.53	4746.61	13
17016.76	9302.9	13
19123.44	19145.31	13
0.67	0.59	13
0.78	0.79	13
1.01	1.02	13
1.48	1.43	13
2.71	2.93	13
4.62	3.69	13
8.48	6.38	13
10.37	10.98	13
13.85	10.25	13
13.21	10.65	13
12.52	12.44	13
13.12	12.85	13
13.92	16.09	13
17.02	15.91	13
18.28	18.54	13
21.26	27.0	13
30.67	37.14	13
48.34	74.85	13
78.57	106.64	13
149.0	184.81	13
264.07	366.96	13
382.81	547.55	13
509.47	725.7	13
618.18	894.78	13
752.28	913.99	13
896.69	1200.98	13
1015.36	1408.22	13
1117.25	1349.29	13
0.66	0.57	13
0.76	0.71	13
1.0	1.04	13
1.66	1.68	13
2.67	2.47	13
4.48	4.61	13
7.74	6.58	13
10.98	7.94	13
13.34	13.73	13
16.88	13.61	13
19.5	11.43	13
23.36	11.02	13
31.58	16.73	13
48.38	23.44	13
85.96	32.5	13
153.73	91.12	13
295.42	100.55	13
575.66	318.78	13
1139.2	627.84	13
2289.43	704.88	13
4325.35	2323.86	13
6431.61	1954.27	13
8524.01	4642.04	13
10614.57	8138.14	13
12730.31	12749.36	13
14787.28	7964.26	13
16889.37	5100.36	13
19205.4	5885.96	13
0.67	0.62	14
0.79	0.92	14
1.25	1.18	14
1.67	1.73	14
2.91	2.66	14
4.32	4.42	14
7.16	7.58	14
12.85	8.67	14
11.53	14.08	14
13.79	11.87	14
14.84	12.66	14
17.39	13.58	14
18.82	17.77	14
23.67	20.87	14
33.08	30.75	14
49.87	53.3	14
85.38	91.61	14
152.97	168.34	14
296.49	308.87	14
570.55	627.49	14
1115.07	1228.99	14
1654.57	1866.26	14
2136.06	2257.44	14
2677.81	2951.53	14
3175.12	3685.21	14
3695.78	4073.48	14
4216.1	4916.45	14
4754.88	5241.16	14
0.61	0.88	14
1.01	0.84	14
1.21	1.14	14
1.64	1.68	14
2.84	2.42	14
5.28	3.82	14
9.32	6.22	14
11.45	10.44	14
12.49	11.99	14
15.49	12.71	14
15.38	11.14	14
18.46	16.74	14
26.57	21.7	14
42.41	32.79	14
73.42	42.64	14
133.9	81.48	14
249.72	138.26	14
481.27	262.34	14
958.49	299.17	14
1879.77	572.55	14
3634.58	1088.09	14
5337.69	1587.25	14
7186.51	5415.84	14
8794.8	4704.86	14
10594.27	5619.65	14
12214.26	9374.19	14
13945.87	7427.11	14
15613.62	4682.36	14
0.64	0.62	14
0.7	0.86	14
1.11	1.0	14
1.76	1.57	14
2.61	2.62	14
4.43	4.58	14
7.47	7.47	14
10.85	8.77	14
15.0	9.05	14
14.55	9.23	14
16.0	15.91	14
15.34	16.72	14
17.15	13.19	14
23.76	24.57	14
30.79	32.75	14
49.26	54.97	14
83.68	89.47	14
157.01	167.82	14
296.39	334.82	14
573.7	599.07	14
1109.55	1261.89	14
1650.05	1710.64	14
2141.61	2410.83	14
2659.01	2793.18	14
3169.61	3305.53	14
3686.99	3885.99	14
4258.01	4787.3	14
4716.12	5154.72	14
0.69	0.71	14
0.81	0.96	14
1.2	1.37	14
1.73	1.68	14
2.72	2.5	14
4.65	4.75	14
7.62	7.1	14
9.27	10.44	14
14.6	13.86	14
14.83	9.55	14
16.72	12.62	14
21.06	17.72	14
25.55	17.67	14
41.72	27.81	14
71.62	26.34	14
130.15	46.07	14
243.28	82.09	14
468.87	151.84	14
930.12	293.86	14
1836.24	981.41	14
3585.46	1072.12	14
5289.0	1595.86	14
7019.45	2128.02	14
9036.63	4665.04	14
10437.2	8014.12	14
12112.09	6656.97	14
13882.23	7363.24	14
15531.03	8247.2	14
0.67	0.74	15
0.86	0.94	15
1.36	1.13	15
1.69	1.74	15
2.98	2.82	15
4.57	4.43	15
7.19	6.78	15
11.62	11.44	15
12.38	8.9	15
13.68	14.3	15
16.45	13.53	15
17.75	19.35	15
26.85	16.89	15
42.54	29.8	15
73.09	43.83	15
131.52	76.6	15
247.13	194.04	15
484.13	370.94	15
945.93	943.27	15
1845.38	552.54	15
3578.55	1063.52	15
5323.37	1577.6	15
7037.27	2083.58	15
8770.41	4671.19	15
10516.12	8072.19	15
12222.74	3618.31	15
14360.67	7621.57	15
15674.72	12120.56	15
0.7	0.71	15
0.76	0.86	15
1.05	1.03	15
1.84	1.75	15
2.67	2.81	15
4.65	4.83	15
8.36	6.17	15
11.55	11.49	15
14.57	10.28	15
16.39	15.49	15
14.89	11.85	15
18.91	15.48	15
19.3	14.99	15
23.11	23.41	15
31.94	35.06	15
51.86	52.66	15
87.08	89.49	15
151.94	169.66	15
300.42	330.77	15
576.75	655.61	15
1116.04	1281.34	15
1628.87	1893.76	15
2144.96	2367.46	15
2675.53	3096.84	15
3206.81	3368.42	15
3710.21	4291.0	15
4254.68	4685.44	15
4801.82	5026.94	15
0.62	0.71	15
0.89	0.94	15
1.05	0.99	15
1.5	1.56	15
2.82	2.57	15
4.74	3.87	15
7.4	6.56	15
9.41	10.2	15
12.74	7.52	15
16.45	14.53	15
16.45	9.42	15
20.71	13.76	15
29.21	20.71	15
42.21	21.23	15
70.96	43.86	15
131.21	75.48	15
245.66	81.4	15
471.69	258.84	15
935.36	711.6	15
1825.98	984.96	15
3544.13	1908.21	15
5334.5	4019.01	15
7058.22	2153.27	15
8661.52	4612.55	15
10415.43	3062.05	15
12117.27	3608.93	15
13819.0	4106.3	15
15546.9	8246.3	15
0.73	0.71	15
0.8	0.87	15
1.29	1.17	15
1.75	1.74	15
2.7	2.78	15
4.67	4.81	15
7.6	7.62	15
11.64	7.54	15
14.26	9.8	15
15.93	11.78	15
16.43	14.65	15
17.63	14.83	15
18.18	19.54	15
23.97	22.48	15
33.11	31.87	15
51.66	55.74	15
86.76	93.8	15
156.98	173.67	15
295.17	336.89	15
573.26	641.58	15
1103.42	1251.54	15
1621.84	1784.45	15
2148.05	2338.1	15
2663.84	2885.94	15
3224.68	3730.5	15
3711.53	4224.67	15
4214.06	4663.61	15
4770.99	5151.51	15
0.59	0.6	16
0.68	0.79	16
1.07	1.24	16
1.62	1.42	16
2.73	2.37	16
4.61	4.12	16
7.74	7.7	16
11.09	7.15	16
14.83	12.86	16
14.87	11.17	16
18.05	12.64	16
23.1	20.37	16
32.51	22.44	16
51.49	42.13	16
86.97	35.29	16
157.76	125.11	16
301.44	170.8	16
591.73	453.71	16
1160.57	626.8	16
2257.59	1223.38	16
4367.11	1396.72	16
6496.03	3541.83	16
8605.79	4694.11	16
10740.47	5942.75	16
12834.21	4075.19	16
15042.59	4730.14	16
17037.59	9305.59	16
19328.43	6108.26	16
0.58	0.56	16
0.77	0.65	16
0.93	1.05	16
1.83	1.87	16
3.0	2.82	16
4.96	4.98	16
7.28	7.93	16
10.14	10.44	16
10.64	10.04	16
12.09	11.34	16
11.05	12.91	16
13.69	13.04	16
14.36	12.86	16
18.74	16.92	16
19.39	16.89	16
21.57	24.73	16
30.55	43.6	16
50.68	63.89	16
78.13	111.51	16
144.23	240.12	16
272.95	451.02	16
398.35	384.35	16
525.62	632.33	16
674.96	974.14	16
763.66	1326.09	16
895.06	1351.92	16
1017.1	1244.02	16
1112.13	1708.8	16
0.57	0.71	16
0.65	0.63	16
0.91	0.97	16
1.93	1.86	16
2.54	2.07	16
3.76	4.53	16
6.66	7.58	16
10.7	8.08	16
14.62	12.28	16
17.03	13.78	16
18.62	14.59	16
23.64	19.25	16
32.19	28.43	16
51.81	30.73	16
84.17	39.05	16
157.41	59.8	16
302.45	102.97	16
574.39	185.93	16
1130.21	611.42	16
2263.97	1745.15	16
4393.75	2341.91	16
6425.28	3482.45	16
8510.87	6538.57	16
10758.4	8144.9	16
12711.31	6925.67	16
14807.76	7969.16	16
16900.84	5108.98	16
19053.64	5855.98	16
0.58	0.58	16
0.73	0.83	16
0.97	1.16	16
1.74	1.72	16
2.51	2.69	16
5.11	4.39	16
6.77	6.54	16
9.32	6.33	16
12.02	12.58	16
12.04	12.51	16
12.86	10.91	16
13.76	13.11	16
14.83	11.35	16
15.07	17.38	16
17.97	16.53	16
23.55	26.4	16
30.82	35.08	16
45.98	81.38	16
79.88	82.99	16
146.82	238.96	16
277.54	329.74	16
389.15	619.34	16
530.24	813.31	16
641.47	888.86	16
758.62	770.92	16
876.78	1433.05	16
1023.44	1208.56	16
1121.41	1570.99	16
0.73	0.7	17
1.02	1.01	17
1.74	1.38	17
2.39	2.52	17
3.97	3.97	17
6.01	6.36	17
8.56	8.27	17
12.63	12.0	17
12.9	10.13	17
11.62	11.31	17
13.41	14.14	17
13.15	13.6	17
15.47	16.76	17
17.37	19.48	17
22.5	22.86	17
31.16	34.19	17
49.09	51.47	17
86.2	104.78	17
154.03	171.52	17
302.54	294.19	17
578.89	740.05	17
838.68	850.34	17
1110.48	1220.53	17
1382.29	1683.43	17
1681.49	1653.77	17
1912.04	2531.78	17
2176.24	2603.46	17
2457.05	2712.28	17
0.71	0.76	17
0.93	0.94	17
1.36	1.29	17
2.41	2.45	17
4.08	3.45	17
6.99	6.66	17
8.71	7.28	17
14.96	11.74	17
16.27	16.68	17
18.18	18.74	17
25.51	22.49	17
37.01	31.6	17
57.51	47.97	17
104.76	103.25	17
197.04	58.25	17
382.37	197.8	17
743.74	380.23	17
1467.7	1482.05	17
2898.41	1494.11	17
5780.33	2948.93	17
11446.63	5739.57	17
16914.7	8558.89	17
22219.45	22248.29	17
27716.13	14240.23	17
33420.39	33413.01	17
38648.34	29121.06	17
44119.98	33243.97	17
49571.38	38035.99	17
0.65	0.59	17
0.9	0.88	17
1.27	1.36	17
2.16	2.36	17
4.04	3.77	17
6.34	6.0	17
9.07	7.84	17
13.16	8.19	17
12.44	10.63	17
13.5	14.65	17
12.66	12.37	17
13.63	11.35	17
15.31	12.27	17
18.08	20.01	17
21.94	25.26	17
29.96	32.44	17
50.46	53.54	17
83.04	88.09	17
155.47	154.34	17
286.07	327.74	17
552.21	587.98	17
834.61	946.35	17
1088.16	1249.57	17
1386.97	1482.23	17
1642.96	1617.36	17
1894.4	2029.84	17
2220.11	2188.91	17
2431.35	2564.62	17
0.69	0.75	17
0.92	0.98	17
1.42	1.27	17
2.23	2.35	17
3.86	3.86	17
6.19	4.65	17
8.97	9.01	17
12.1	8.57	17
18.43	14.84	17
19.38	18.69	17
25.94	15.92	17
36.88	31.55	17
57.7	48.65	17
103.78	81.81	17
195.19	104.92	17
383.31	383.43	17
735.38	383.08	17
1467.73	1134.51	17
2947.94	2193.16	17
5750.21	5802.44	17
11215.97	5671.73	17
16659.44	12536.18	17
22102.81	16694.58	17
27507.74	14055.64	17
33164.99	16656.52	17
38709.94	28893.25	17
43826.92	44254.19	17
49293.13	37101.17	17
0.78	0.85	18
0.93	1.06	18
1.39	1.52	18
2.48	2.38	18
3.91	4.08	18
6.67	6.43	18
9.3	9.1	18
13.61	13.1	18
13.17	13.76	18
14.21	14.85	18
13.73	14.01	18
17.82	17.16	18
19.85	18.43	18
26.91	28.6	18
40.58	40.25	18
67.61	69.87	18
119.62	119.89	18
219.41	220.19	18
421.19	442.9	18
833.36	870.23	18
1597.39	1667.8	18
2349.62	2475.41	18
3126.79	3136.08	18
3880.71	4095.85	18
4648.7	4684.39	18
5418.32	5947.96	18
6190.75	6548.78	18
6953.78	7686.67	18
0.84	0.79	18
1.04	1.08	18
1.42	1.45	18
2.36	2.3	18
3.84	4.08	18
6.31	7.23	18
8.15	9.2	18
11.91	12.45	18
15.19	14.88	18
17.85	18.36	18
23.47	19.89	18
32.47	31.94	18
54.69	43.66	18
95.62	94.4	18
175.79	94.97	18
345.38	179.61	18
664.89	675.81	18
1328.93	1336.46	18
2663.49	2650.41	18
5300.85	3990.6	18
10343.59	7729.62	18
15287.82	15290.52	18
20291.84	15525.53	18
25751.59	13038.32	18
30715.35	30571.49	18
35207.83	35345.47	18
40385.41	30240.49	18
45076.33	33919.19	18
0.74	0.65	18
1.01	0.97	18
1.42	1.43	18
2.26	2.38	18
3.73	3.17	18
6.45	5.22	18
10.21	9.75	18
12.31	10.92	18
13.3	14.06	18
13.76	14.28	18
16.04	14.27	18
16.9	17.06	18
21.28	20.49	18
25.96	27.1	18
39.8	43.57	18
66.23	69.08	18
114.17	122.4	18
219.93	220.41	18
427.98	436.84	18
830.17	904.91	18
1613.4	1785.5	18
2378.49	2534.48	18
3158.02	3153.01	18
3874.17	4052.49	18
4656.74	5104.81	18
5389.63	5584.96	18
6171.86	6390.56	18
6931.73	7237.16	18
0.77	0.85	18
1.07	1.04	18
1.39	1.56	18
2.39	2.41	18
3.99	3.95	18
6.27	6.79	18
8.8	6.41	18
11.42	11.18	18
15.48	15.92	18
18.49	14.65	18
21.96	25.65	18
34.83	28.24	18
53.9	33.41	18
95.37	54.44	18
183.03	143.59	18
344.52	263.94	18
682.41	515.92	18
1345.42	676.7	18
2645.5	2667.21	18
5324.1	5347.41	18
10312.74	10517.32	18
15121.72	7639.23	18
20375.2	5157.23	18
25046.35	12618.49	18
30051.1	15381.04	18
35182.87	26281.03	18
39879.98	39924.68	18
44838.89	33716.65	18
0.8	0.8	19
0.99	1.08	19
1.6	1.61	19
2.52	2.57	19
4.09	4.02	19
6.66	6.26	19
8.84	9.57	19
13.2	10.0	19
15.27	10.63	19
18.07	16.48	19
23.98	23.2	19
33.65	27.77	19
54.07	42.02	19
97.54	53.01	19
181.72	138.54	19
350.43	262.57	19
680.57	517.36	19
1336.65	677.59	19
2642.56	680.02	19
5248.97	3947.72	19
10225.45	10259.79	19
15233.49	11447.95	19
20191.07	10166.35	19
25156.97	25118.52	19
30165.01	22706.64	19
35078.96	35059.39	19
40054.04	20619.71	19
45994.3	23241.36	19
0.81	0.81	19
1.07	1.04	19
1.62	1.56	19
2.29	2.4	19
3.66	3.89	19
6.18	6.66	19
9.24	10.13	19
12.69	13.34	19
12.98	10.33	19
14.53	13.95	19
15.03	16.08	19
16.95	15.89	19
20.96	22.46	19
24.48	28.57	19
40.66	40.83	19
67.65	68.35	19
118.89	121.57	19
219.47	226.02	19
421.06	461.64	19
826.07	863.06	19
1593.25	1687.17	19
2362.13	2399.44	19
3162.65	3290.01	19
3913.68	4113.38	19
4675.21	4912.07	19
5436.46	5510.0	19
6266.02	6517.7	19
6976.94	6995.01	19
0.76	0.72	19
1.01	0.86	19
1.45	1.54	19
2.34	2.43	19
4.22	3.74	19
6.42	6.25	19
9.95	9.25	19
13.45	10.04	19
14.86	16.16	19
16.93	18.86	19
24.2	16.07	19
32.85	35.21	19
52.96	58.84	19
95.52	77.85	19
179.88	139.18	19
345.79	262.54	19
681.76	675.03	19
1323.59	1333.26	19
2629.22	1976.09	19
5192.16	5202.65	19
10084.61	5096.83	19
15043.13	11295.32	19
19965.75	5115.72	19
24899.78	18721.21	19
29841.63	22565.44	19
35131.96	26344.65	19
40489.9	20190.92	19
45102.19	44670.68	19
0.79	0.81	19
0.99	0.98	19
1.46	1.49	19
2.15	2.29	19
3.97	3.81	19
6.2	5.6	19
9.74	9.38	19
13.64	11.87	19
12.57	10.13	19
19.51	13.44	19
14.21	14.28	19
17.07	17.29	19
19.25	21.5	19
26.24	29.49	19
41.1	43.07	19
65.69	67.51	19
115.08	126.19	19
217.51	226.06	19
419.61	441.29	19
833.1	856.86	19
1590.54	1698.58	19
2366.35	2544.08	19
3133.99	3138.2	19
3889.57	4176.68	19
4653.38	4845.74	19
5412.38	5435.4	19
6175.79	6403.92	19
6957.13	7191.92	19
0.69	0.67	20
0.86	0.91	20
1.33	1.34	20
2.17	2.19	20
3.64	4.0	20
6.61	6.19	20
9.27	8.24	20
11.77	11.38	20
15.28	12.04	20
18.29	18.21	20
24.13	15.59	20
35.62	23.53	20
60.41	34.71	20
102.99	102.99	20
190.79	145.39	20
373.16	375.69	20
729.23	733.36	20
1450.02	1091.91	20
2873.48	2867.09	20
5790.53	2990.02	20
11226.98	8877.88	20
16712.17	4418.1	20
22091.46	11311.17	20
27446.76	20760.56	20
32704.18	24680.26	20
38047.25	38103.58	20
43472.28	32812.47	20
48789.24	24875.94	20
0.66	0.76	20
0.89	1.01	20
1.42	1.45	20
2.32	2.68	20
3.71	3.66	20
6.22	6.15	20
9.46	7.64	20
11.35	10.54	20
16.04	10.96	20
12.67	12.58	20
12.1	11.79	20
14.59	14.4	20
15.26	15.89	20
18.73	17.46	20
24.18	23.65	20
31.48	28.74	20
48.67	51.09	20
90.87	89.54	20
159.48	157.13	20
298.83	325.59	20
556.06	683.15	20
823.74	848.54	20
1100.19	1119.23	20
1389.26	1515.06	20
1651.4	2005.47	20
1914.84	2295.66	20
2172.59	2654.33	20
2464.14	2961.88	20
0.62	0.59	20
0.83	0.84	20
1.36	1.31	20
2.12	2.18	20
3.72	3.76	20
5.92	6.15	20
8.87	7.62	20
12.67	11.62	20
15.35	15.55	20
18.41	16.33	20
21.75	17.57	20
36.91	29.87	20
58.04	32.0	20
100.47	81.2	20
191.43	103.83	20
368.5	103.94	20
719.92	546.72	20
1431.49	1084.75	20
2841.02	2138.92	20
5663.86	4297.5	20
10980.91	11002.49	20
16321.72	16381.07	20
21684.08	16319.93	20
27035.56	20386.25	20
32422.42	32487.63	20
37804.85	19125.71	20
43426.04	22181.34	20
48811.37	36455.4	20
0.76	0.63	20
0.99	0.85	20
1.34	1.37	20
2.32	2.35	20
4.01	3.71	20
6.18	6.58	20
8.29	9.08	20
10.13	10.23	20
11.18	11.83	20
13.45	11.9	20
13.24	13.76	20
14.42	14.75	20
16.68	15.76	20
18.08	18.02	20
24.27	26.42	20
31.74	32.26	20
50.88	52.38	20
89.79	88.11	20
157.54	180.69	20
298.62	302.38	20
561.04	564.8	20
839.09	899.8	20
1101.04	1240.27	20
1357.73	1451.69	20
1655.69	1754.31	20
1916.91	2212.11	20
2183.6	2325.24	20
2453.88	2752.62	20
0.68	0.74	21
