0.9	0.7	1
1.26	1.44	1
1.73	1.87	1
3.38	3.13	1
5.43	4.46	1
11.2	6.98	1
21.54	5.97	1
41.71	10.54	1
79.66	8.83	1
160.25	14.83	1
306.64	24.62	1
604.29	44.44	1
1156.04	80.3	1
2100.05	161.09	1
3583.51	320.34	1
5566.42	626.89	1
6286.96	1196.35	1
6869.56	1906.14	1
7402.37	2328.37	1
7843.99	2497.92	1
8167.67	2717.49	1
8433.43	2946.71	1
8685.86	3134.0	1
9007.03	3392.8	1
9032.89	3544.9	1
0.89	1.0	1
1.04	1.14	1
1.58	1.59	1
2.42	2.36	1
4.32	2.64	1
8.1	5.48	1
15.33	4.89	1
30.49	6.32	1
59.32	10.76	1
115.79	19.9	1
230.52	32.99	1
457.31	61.32	1
903.22	122.07	1
1732.82	234.96	1
3274.33	465.94	1
5899.88	905.21	1
9384.14	1699.7	1
11455.0	2779.88	1
12734.31	3318.49	1
13620.84	3903.37	1
14537.22	4574.61	1
15438.47	5110.82	1
16487.97	5688.88	1
17086.22	6044.2	1
17685.5	6493.69	1
0.92	0.75	1
1.11	0.91	1
1.61	1.64	1
2.98	2.63	1
5.43	4.16	1
10.3	4.63	1
19.53	6.38	1
39.38	8.23	1
78.26	11.28	1
153.94	13.65	1
298.77	23.85	1
592.05	47.18	1
1123.67	87.65	1
2108.22	185.09	1
3622.84	324.97	1
5357.34	620.02	1
6084.27	1244.44	1
6795.09	1952.69	1
7434.59	2209.38	1
7643.93	2475.44	1
7962.55	2677.74	1
8204.0	2860.35	1
8449.92	3033.17	1
8691.04	3227.1	1
8804.89	3390.21	1
0.83	0.85	1
0.97	0.89	1
1.6	1.62	1
2.56	2.19	1
4.46	3.09	1
8.21	4.9	1
15.21	4.54	1
29.46	5.97	1
57.94	12.13	1
116.08	17.87	1
227.48	35.04	1
453.29	63.46	1
896.73	121.56	1
1691.94	236.07	1
3259.57	462.33	1
5854.16	896.33	1
9534.4	1663.91	1
11389.42	2623.83	1
12740.48	3321.16	1
13459.98	3795.94	1
14371.87	4365.58	1
15361.68	4882.93	1
16311.93	5364.89	1
17000.52	5824.49	1
17582.03	6287.51	1
1.01	0.99	2
1.37	1.46	2
1.83	1.86	2
3.19	2.7	2
5.26	4.51	2
9.44	4.38	2
17.52	6.27	2
30.78	8.06	2
60.35	12.32	2
118.07	20.46	2
230.59	33.88	2
458.72	62.35	2
893.62	123.32	2
1730.39	248.14	2
3302.94	481.15	2
5903.83	900.79	2
9345.02	1766.59	2
11381.51	2665.09	2
12586.36	3359.65	2
13651.11	3846.9	2
14457.2	4475.0	2
15311.32	4917.1	2
16067.46	5431.36	2
16524.92	5938.88	2
16987.01	6455.41	2
0.98	1.12	2
1.45	1.94	2
2.36	2.22	2
3.89	3.86	2
6.59	6.27	2
12.21	6.79	2
22.2	6.74	2
42.84	9.62	2
83.22	9.85	2
161.38	16.01	2
312.6	27.8	2
609.73	47.49	2
1161.35	86.2	2
2115.76	168.2	2
3679.91	323.72	2
5637.88	623.36	2
6368.44	1237.7	2
7012.42	1958.8	2
7655.43	2279.82	2
8061.47	2577.85	2
8596.27	2749.46	2
8937.95	2980.05	2
9334.09	3180.73	2
9591.19	3375.73	2
9876.43	3530.4	2
0.87	0.85	2
1.22	1.12	2
1.82	1.72	2
3.05	2.81	2
4.91	4.04	2
8.69	5.92	2
16.09	6.22	2
30.49	9.03	2
59.0	11.18	2
115.97	19.35	2
229.88	31.68	2
452.64	65.35	2
895.23	125.83	2
1718.89	240.57	2
3195.38	456.61	2
5626.76	881.6	2
9233.99	1718.05	2
11409.09	2609.64	2
12433.46	3199.32	2
13635.02	3726.4	2
14266.84	4206.6	2
15095.71	4733.9	2
15756.65	5229.67	2
16285.33	5741.07	2
16824.62	6230.97	2
0.98	0.89	2
1.44	1.5	2
2.21	2.3	2
3.84	3.44	2
7.34	5.6	2
11.96	8.39	2
22.92	5.91	2
42.68	9.5	2
82.7	12.8	2
156.59	18.84	2
308.41	26.06	2
598.07	48.86	2
1133.87	92.14	2
2107.7	168.54	2
3656.73	321.21	2
5415.25	621.53	2
6178.26	1227.7	2
6818.67	1906.8	2
7487.88	2192.33	2
7952.39	2498.97	2
8350.74	2692.8	2
8721.52	2939.91	2
9222.89	3176.81	2
9469.97	3328.48	2
9718.11	3555.9	2
0.93	1.02	3
1.59	1.3	3
2.07	2.06	3
3.8	3.2	3
6.53	4.31	3
11.98	6.69	3
21.43	5.71	3
41.59	10.61	3
79.16	12.67	3
160.33	16.53	3
310.26	26.51	3
612.57	47.82	3
1155.49	84.4	3
2092.46	164.41	3
3634.73	316.86	3
5505.44	608.6	3
6229.95	1193.56	3
6933.71	1908.01	3
7548.69	2216.87	3
7996.69	2558.87	3
8474.36	2781.0	3
8853.9	2947.27	3
9306.77	3173.7	3
9748.09	3338.11	3
9735.45	3611.49	3
1.01	0.82	3
1.12	1.18	3
1.88	1.94	3
3.23	2.86	3
5.13	3.56	3
9.53	6.41	3
16.98	6.2	3
31.37	8.55	3
60.38	10.46	3
119.24	18.94	3
233.14	33.27	3
465.78	64.24	3
915.23	122.95	3
1752.76	245.15	3
3346.55	480.07	3
5885.57	918.59	3
9315.53	1727.35	3
11363.82	2764.12	3
12531.15	3304.33	3
13619.41	3840.5	3
14463.64	4409.67	3
15123.85	4940.0	3
15893.49	5460.46	3
16470.45	5991.26	3
16949.83	6463.52	3
0.91	0.95	3
1.27	1.44	3
1.99	2.02	3
3.29	2.78	3
6.1	4.8	3
10.83	7.36	3
20.87	7.43	3
40.39	10.62	3
78.52	13.23	3
154.96	17.53	3
303.24	25.97	3
587.55	47.32	3
1132.16	84.99	3
2039.44	162.27	3
3528.52	318.95	3
5356.5	624.61	3
6024.6	1231.72	3
6828.61	1967.96	3
7300.47	2158.59	3
7926.04	2453.38	3
8368.4	2699.67	3
8607.28	2895.75	3
8993.74	3101.22	3
9351.49	3268.79	3
9476.71	3410.37	3
0.89	0.88	3
1.21	1.23	3
1.92	1.88	3
3.15	2.92	3
5.34	3.95	3
9.69	5.55	3
16.92	7.13	3
31.23	6.45	3
60.68	12.24	3
115.82	19.2	3
231.39	34.32	3
455.77	62.74	3
897.15	120.07	3
1685.91	238.5	3
3297.39	454.92	3
5743.92	881.92	3
9152.38	1697.37	3
11391.62	2604.83	3
12467.56	3177.94	3
13430.61	3732.16	3
14250.23	4219.61	3
14935.77	4848.25	3
15646.45	5247.66	3
16264.3	5882.24	3
16788.25	6424.75	3
0.93	0.92	4
1.28	1.22	4
1.96	1.76	4
3.18	2.77	4
5.32	4.36	4
9.5	6.42	4
17.19	5.53	4
32.01	9.61	4
60.03	12.43	4
117.89	19.56	4
235.47	32.81	4
459.33	62.72	4
907.27	123.07	4
1756.01	239.64	4
3298.28	466.91	4
5884.6	941.46	4
9349.22	1710.47	4
11446.54	2666.1	4
12581.38	3277.46	4
13568.03	3910.67	4
14496.83	4436.91	4
15551.85	4993.85	4
16315.28	5506.35	4
16895.63	5987.07	4
17511.5	6564.27	4
1.08	1.08	4
1.45	1.57	4
2.06	2.31	4
3.81	3.4	4
7.14	5.84	4
12.29	7.45	4
22.16	7.36	4
43.04	10.24	4
88.61	14.15	4
162.42	19.31	4
317.39	27.3	4
623.86	55.68	4
1186.07	90.7	4
2132.5	167.85	4
3646.19	318.44	4
5569.08	615.11	4
6399.98	1161.75	4
6911.97	1935.36	4
7394.29	2252.88	4
7822.12	2561.7	4
8235.73	2755.68	4
8487.78	2951.33	4
8657.23	3142.69	4
8845.69	3494.83	4
8993.3	3473.59	4
0.85	0.83	4
1.16	1.1	4
1.56	1.64	4
2.92	2.14	4
4.96	2.96	4
8.75	4.97	4
15.8	4.85	4
30.86	8.51	4
58.7	10.3	4
116.11	19.19	4
227.65	34.46	4
452.34	62.34	4
880.14	119.85	4
1726.08	234.68	4
3256.71	458.63	4
5831.01	915.12	4
9158.99	1662.14	4
11410.52	2576.19	4
12436.99	3200.36	4
13372.61	3769.26	4
14474.54	4298.58	4
15502.03	4809.62	4
16077.54	5369.75	4
16832.99	5798.08	4
17462.54	6221.1	4
0.96	0.91	4
1.49	1.42	4
2.2	2.34	4
3.79	3.88	4
6.18	4.88	4
12.06	7.39	4
21.07	7.11	4
42.96	9.26	4
81.11	11.4	4
154.21	17.0	4
307.89	28.01	4
595.47	49.14	4
1121.54	87.46	4
2042.24	166.06	4
3533.56	322.12	4
5448.47	647.49	4
6319.87	1174.14	4
6811.48	1906.9	4
7278.24	2213.9	4
7652.9	2485.48	4
8030.27	2658.43	4
8464.59	2910.91	4
8523.18	3014.59	4
8729.77	3276.51	4
8884.43	3366.49	4
0.99	1.21	5
1.16	1.13	5
1.13	1.04	5
1.28	1.43	5
1.5	1.65	5
2.19	2.91	5
2.44	1.78	5
2.73	2.76	5
2.96	3.14	5
4.61	3.91	5
5.41	5.6	5
8.67	8.55	5
12.01	11.99	5
19.41	19.75	5
32.6	35.3	5
59.95	61.62	5
115.51	119.03	5
218.6	223.91	5
315.28	314.37	5
413.16	433.09	5
524.81	562.13	5
621.01	628.91	5
715.64	714.19	5
818.6	830.4	5
930.12	995.59	5
1.11	1.09	5
1.11	1.15	5
1.21	1.09	5
1.33	1.43	5
1.67	1.59	5
2.21	1.85	5
3.28	3.29	5
5.65	4.35	5
10.17	8.3	5
19.34	19.47	5
37.86	38.66	5
74.21	74.16	5
146.77	100.46	5
294.03	244.3	5
588.28	489.08	5
1161.55	978.84	5
2327.06	1596.81	5
4616.81	4552.31	5
6754.43	5739.41	5
8962.59	9004.22	5
11404.23	11179.82	5
13515.38	11109.42	5
15521.92	15549.8	5
17724.8	17815.4	5
19941.63	19904.14	5
0.99	1.11	5
0.98	1.01	5
1.01	1.07	5
1.07	1.03	5
1.57	1.48	5
1.84	1.5	5
2.19	2.01	5
2.62	2.4	5
2.67	2.87	5
3.84	4.79	5
5.69	5.74	5
8.12	8.98	5
11.96	13.45	5
20.31	24.61	5
33.55	33.84	5
59.15	60.7	5
111.48	143.84	5
209.03	297.78	5
314.41	342.75	5
429.3	424.67	5
506.01	507.79	5
620.36	609.57	5
711.29	738.99	5
821.55	989.98	5
916.19	1116.81	5
1.05	1.18	5
1.21	1.14	5
1.16	1.09	5
1.27	1.28	5
1.69	1.68	5
2.33	2.35	5
3.48	4.13	5
5.72	5.48	5
10.19	10.8	5
21.67	21.16	5
42.81	39.95	5
74.22	53.89	5
146.82	124.45	5
294.42	245.83	5
587.48	393.87	5
1167.4	1016.76	5
2316.2	1929.66	5
4541.57	3065.33	5
6706.14	6715.66	5
9017.4	7453.41	5
11077.98	7610.74	5
13246.09	11022.27	5
15433.79	13088.64	5
17608.8	17699.13	5
19787.36	20158.2	5
1.14	1.11	6
1.07	1.14	6
1.34	1.14	6
1.23	1.15	6
1.4	1.47	6
2.09	2.12	6
2.32	2.76	6
3.18	3.68	6
4.63	4.62	6
7.32	7.12	6
14.18	14.1	6
23.33	23.63	6
40.37	41.27	6
76.36	75.89	6
144.4	144.62	6
281.05	273.75	6
548.17	556.99	6
1043.75	1053.07	6
1528.25	1565.62	6
2020.76	2074.64	6
2521.84	2535.89	6
3013.42	3012.66	6
3498.0	3604.82	6
4021.12	4022.72	6
4494.34	4561.37	6
1.01	0.99	6
0.96	1.22	6
1.29	1.23	6
1.68	1.35	6
1.72	1.82	6
2.59	2.38	6
3.72	3.55	6
6.32	5.76	6
9.71	9.48	6
17.51	15.94	6
33.86	33.62	6
66.37	65.84	6
129.01	84.56	6
258.12	255.14	6
511.92	328.85	6
998.37	643.91	6
2002.01	1652.26	6
3910.31	2514.99	6
5823.01	4787.13	6
7705.35	7702.02	6
9614.93	9620.76	6
11494.16	11494.88	6
13381.43	13449.38	6
15340.03	12619.45	6
17231.56	11017.29	6
0.9	1.0	6
1.08	1.03	6
1.19	1.19	6
1.28	1.42	6
1.29	1.41	6
2.02	1.81	6
2.31	2.3	6
3.53	3.75	6
4.68	4.8	6
7.79	8.36	6
13.66	15.67	6
23.08	23.61	6
40.6	42.76	6
73.72	74.7	6
139.6	154.73	6
275.57	279.86	6
549.01	544.37	6
1049.14	1039.42	6
1521.55	1607.36	6
2041.28	2033.52	6
2542.12	2518.36	6
3081.22	3030.81	6
3501.46	3583.05	6
4037.38	3988.73	6
4475.11	4677.46	6
1.1	0.98	6
1.24	1.45	6
1.17	1.34	6
1.43	1.47	6
1.96	1.93	6
2.57	2.48	6
3.4	3.6	6
6.11	6.2	6
10.21	10.8	6
19.08	19.36	6
34.13	22.62	6
67.47	67.88	6
127.98	87.71	6
257.84	212.47	6
506.8	334.16	6
995.66	832.75	6
1989.08	1393.05	6
3882.02	3301.29	6
5778.24	4804.17	6
7678.15	7669.59	6
9596.78	9867.27	6
11535.29	11464.51	6
13301.05	13783.08	6
15220.91	15587.2	6
17157.92	17153.99	6
1.03	1.21	7
1.09	1.09	7
1.4	1.3	7
1.37	1.7	7
2.14	1.87	7
2.36	2.49	7
3.28	3.62	7
5.47	5.46	7
9.96	8.04	7
18.79	19.09	7
34.46	28.17	7
67.63	55.8	7
130.5	128.92	7
258.17	256.23	7
511.03	513.37	7
1018.95	650.77	7
2011.29	2018.66	7
3937.23	3239.42	7
5843.97	4765.2	7
7744.0	6315.53	7
9647.66	7877.2	7
11501.03	11925.42	7
13375.72	11011.58	7
15523.97	15294.58	7
17178.61	14072.39	7
0.99	1.0	7
1.05	1.02	7
1.11	1.12	7
1.22	1.29	7
1.62	1.28	7
1.76	1.96	7
2.28	2.33	7
3.43	3.21	7
4.23	4.65	7
7.52	6.76	7
14.13	14.0	7
23.78	23.67	7
40.56	40.74	7
74.16	75.04	7
141.63	145.51	7
273.43	271.26	7
536.95	536.77	7
1039.78	1064.06	7
1539.37	1537.49	7
2034.43	2038.18	7
2534.47	2529.41	7
3024.0	3156.92	7
3567.57	3620.85	7
4059.67	4008.84	7
4516.71	4509.08	7
0.94	1.05	7
1.0	0.88	7
1.46	1.26	7
1.26	1.49	7
2.0	1.94	7
2.46	2.4	7
3.5	3.28	7
5.41	4.13	7
9.75	10.6	7
18.98	19.82	7
35.0	36.1	7
66.12	56.61	7
129.68	110.14	7
254.51	260.11	7
508.07	522.51	7
1008.77	923.3	7
2016.7	2004.55	7
3904.04	3331.84	7
5775.84	5866.54	7
7685.67	6473.72	7
9545.04	9723.05	7
11431.14	9421.88	7
13307.44	13691.38	7
15330.59	12696.91	7
17125.26	17444.89	7
1.03	0.97	7
1.09	1.03	7
1.54	1.2	7
1.08	1.37	7
1.39	1.41	7
1.85	1.8	7
2.28	2.63	7
3.21	3.63	7
4.52	4.85	7
7.49	8.41	7
13.54	14.81	7
23.65	23.97	7
40.25	41.51	7
73.79	75.27	7
141.97	145.56	7
273.07	287.95	7
533.97	541.22	7
1029.3	1036.34	7
1531.47	1739.41	7
2022.62	2125.13	7
2525.84	2527.9	7
3024.32	3333.98	7
3510.37	3503.53	7
4001.05	4055.7	7
4494.03	4523.19	7
1.04	1.09	8
1.31	1.07	8
1.07	1.04	8
1.16	1.23	8
1.59	1.53	8
2.18	2.01	8
3.31	3.17	8
5.65	5.64	8
10.23	8.64	8
19.31	19.77	8
38.08	38.74	8
74.05	73.44	8
145.83	148.26	8
293.7	291.37	8
584.62	485.2	8
1163.75	1165.62	8
2316.07	2338.55	8
4514.25	3793.85	8
6745.99	6792.77	8
8982.2	9080.56	8
11289.04	11125.09	8
13381.42	13328.63	8
15669.38	10334.96	8
17682.52	17713.81	8
19919.72	16570.11	8
0.97	1.06	8
1.03	0.99	8
1.04	0.95	8
0.91	1.26	8
1.56	1.69	8
1.76	1.51	8
1.47	1.63	8
2.6	2.67	8
3.05	3.26	8
3.85	3.93	8
5.88	5.18	8
8.6	8.4	8
12.54	12.96	8
19.19	19.95	8
33.25	34.96	8
58.91	61.45	8
111.32	121.03	8
210.0	226.28	8
321.22	359.53	8
431.29	438.09	8
527.9	571.11	8
628.14	616.02	8
721.63	712.77	8
813.36	884.99	8
912.06	933.25	8
0.98	0.98	8
1.12	0.93	8
0.99	1.08	8
1.38	1.17	8
1.5	1.48	8
2.06	2.16	8
3.28	4.15	8
5.55	5.12	8
10.11	10.9	8
20.15	18.13	8
37.16	32.79	8
73.91	76.99	8
145.11	148.71	8
291.95	295.22	8
576.9	583.24	8
1164.49	1160.03	8
2312.37	1550.72	8
4491.11	3843.07	8
6666.97	5709.53	8
8848.12	7525.06	8
11216.79	11242.84	8
13222.67	11238.98	8
15427.51	13101.83	8
17582.54	14726.01	8
19769.64	19813.82	8
1.13	1.03	8
1.06	1.17	8
1.34	1.07	8
1.06	1.18	8
1.48	1.69	8
1.57	2.16	8
1.61	1.58	8
2.68	2.82	8
2.57	3.05	8
3.99	4.74	8
5.33	6.65	8
8.51	8.44	8
11.98	16.12	8
18.85	21.5	8
32.63	32.57	8
59.95	59.71	8
113.17	111.79	8
210.07	354.33	8
318.98	327.72	8
415.49	427.47	8
525.72	517.8	8
612.07	734.03	8
719.15	867.61	8
820.12	847.13	8
929.5	1297.43	8
0.98	0.93	9
1.09	1.09	9
0.96	1.12	9
1.43	1.51	9
1.63	1.48	9
2.31	2.55	9
2.41	2.58	9
3.91	3.51	9
3.96	3.93	9
6.49	5.78	9
8.67	8.45	9
13.5	13.45	9
21.78	21.3	9
39.56	38.15	9
69.74	70.15	9
130.0	131.69	9
263.66	253.65	9
500.1	507.41	9
744.66	743.04	9
1005.8	954.27	9
1224.39	1224.13	9
1460.83	1470.17	9
1709.23	1688.42	9
1939.77	1927.57	9
2182.23	2183.18	9
0.97	0.91	9
1.08	1.09	9
1.29	1.25	9
1.65	1.63	9
2.41	2.17	9
3.95	2.61	9
7.01	3.91	9
13.05	4.49	9
25.3	6.51	9
49.91	10.96	9
99.09	21.41	9
202.22	38.14	9
404.23	75.6	9
791.38	151.45	9
1604.84	303.35	9
3160.24	586.48	9
6321.01	1195.16	9
12329.58	2281.45	9
18140.68	3392.69	9
24269.05	4518.88	9
30028.17	5760.79	9
35848.05	6722.87	9
42025.14	7933.23	9
47742.12	9044.44	9
53683.28	10060.68	9
0.74	0.91	9
1.07	1.0	9
0.98	0.97	9
1.54	1.49	9
1.61	1.79	9
2.15	2.24	9
2.42	2.53	9
3.49	3.94	9
4.26	4.17	9
5.92	5.68	9
8.27	8.4	9
11.74	12.53	9
20.89	21.63	9
38.89	37.6	9
70.03	67.85	9
129.24	128.52	9
254.29	260.34	9
504.83	493.17	9
744.78	730.19	9
974.43	1008.34	9
1244.78	1230.94	9
1475.08	1441.74	9
1690.02	1690.28	9
1938.89	1961.17	9
2239.78	2133.29	9
0.89	0.97	9
1.07	1.03	9
1.23	1.28	9
1.54	1.64	9
2.37	2.27	9
3.86	2.6	9
6.71	3.01	9
13.03	3.93	9
25.65	6.2	9
49.89	10.93	9
98.55	19.71	9
195.35	37.69	9
389.24	74.0	9
777.14	144.05	9
1546.35	290.6	9
3112.37	580.5	9
6200.72	1146.97	9
12150.66	2242.52	9
18166.74	3329.63	9
23906.95	4427.92	9
30024.58	5537.55	9
35546.81	6819.57	9
41729.37	7708.85	9
47350.52	8814.31	9
53471.26	9886.54	9
1.01	0.89	10
1.09	1.1	10
1.14	1.28	10
1.67	1.53	10
1.54	1.86	10
2.23	2.27	10
2.88	2.95	10
4.36	4.55	10
6.35	7.52	10
12.24	12.52	10
19.16	18.43	10
29.66	31.14	10
54.9	55.56	10
101.18	106.03	10
197.01	198.69	10
385.48	394.44	10
760.48	783.29	10
1482.05	1506.27	10
2195.65	2223.25	10
2910.54	2955.29	10
3632.45	3671.37	10
4327.82	4447.7	10
5075.51	5144.78	10
5747.15	5880.03	10
6463.63	6639.35	10
1.05	1.05	10
1.15	1.11	10
1.21	1.31	10
1.66	1.59	10
2.54	2.48	10
4.14	2.8	10
7.06	3.84	10
13.53	5.25	10
25.22	8.6	10
49.16	14.61	10
94.79	26.33	10
191.24	48.6	10
373.79	92.92	10
750.2	182.99	10
1504.92	366.93	10
2987.02	719.24	10
5953.97	1445.51	10
11591.56	2837.88	10
17614.53	4292.32	10
22984.56	5541.56	10
28518.94	6884.98	10
34220.29	8246.49	10
39887.24	9647.91	10
45317.42	10983.8	10
50947.9	12327.06	10
0.81	0.77	10
1.02	1.01	10
0.95	1.16	10
1.49	1.34	10
1.87	1.7	10
2.35	2.53	10
2.78	3.06	10
5.09	4.34	10
6.42	7.23	10
11.85	12.11	10
19.52	17.65	10
30.26	29.91	10
53.52	51.38	10
101.31	96.63	10
196.24	192.4	10
387.47	367.83	10
781.83	723.41	10
1487.97	1386.92	10
2195.65	2055.13	10
2898.69	2750.04	10
3611.39	3385.49	10
4298.53	4036.68	10
5013.69	4697.61	10
5729.28	5338.69	10
6456.15	6037.01	10
1.05	1.04	10
1.15	0.96	10
1.33	1.23	10
1.57	1.65	10
2.62	2.1	10
4.25	3.36	10
6.9	4.26	10
13.24	4.75	10
24.81	8.58	10
49.52	15.56	10
96.3	25.98	10
192.6	50.87	10
381.19	97.0	10
757.24	188.05	10
1510.85	369.03	10
3018.9	720.66	10
5916.06	1445.97	10
11511.0	2808.38	10
17186.45	4330.44	10
22755.79	5602.34	10
28308.04	6825.67	10
33967.38	8196.84	10
39541.62	9538.74	10
45209.9	11135.91	10
50923.25	12185.36	10
0.92	1.0	11
1.05	1.07	11
1.28	1.39	11
1.46	1.76	11
2.56	2.19	11
4.08	3.02	11
7.02	3.98	11
13.43	5.53	11
25.08	8.25	11
48.62	14.46	11
94.53	24.96	11
188.94	48.09	11
373.69	91.48	11
744.63	181.54	11
1479.51	358.5	11
2989.19	723.05	11
5930.08	1452.86	11
11552.13	2779.41	11
17209.25	4168.82	11
23024.62	5527.56	11
28496.97	6963.7	11
34028.1	8454.93	11
39889.86	9581.05	11
45213.51	11064.93	11
50926.45	12301.76	11
0.92	0.89	11
1.04	1.11	11
1.14	1.14	11
1.53	1.55	11
1.84	1.91	11
2.54	2.46	11
2.92	3.17	11
4.86	4.54	11
6.54	7.01	11
11.94	11.69	11
19.36	19.44	11
30.13	30.41	11
53.85	55.05	11
102.67	104.7	11
194.73	196.66	11
383.65	392.2	11
767.8	769.65	11
1505.54	1548.78	11
2246.35	2235.57	11
2922.87	2962.27	11
3620.01	3664.89	11
4345.0	4435.97	11
5085.53	5139.95	11
5778.5	5859.98	11
6478.06	6605.36	11
0.89	0.95	11
0.97	0.98	11
1.06	1.3	11
1.56	1.63	11
2.41	2.44	11
3.89	2.68	11
7.06	3.66	11
13.48	5.88	11
24.92	8.5	11
48.24	14.4	11
94.93	25.64	11
188.58	48.52	11
373.66	92.12	11
740.92	185.04	11
1480.95	361.35	11
2936.71	711.58	11
5871.08	1424.71	11
11486.64	2726.14	11
17049.8	4100.84	11
22606.31	5570.03	11
28652.44	6753.85	11
33730.22	8112.31	11
39549.3	9434.4	11
45103.53	10770.25	11
50740.07	12112.99	11
0.89	0.75	11
1.07	1.15	11
1.1	1.16	11
1.46	1.51	11
1.68	2.21	11
2.34	2.47	11
3.16	2.95	11
4.8	4.28	11
6.99	6.75	11
11.92	11.57	11
19.04	17.1	11
30.9	29.83	11
54.03	53.51	11
105.72	100.96	11
194.13	189.3	11
384.04	374.83	11
783.9	731.45	11
1489.57	1408.38	11
2193.75	2078.77	11
2918.85	2736.53	11
3605.87	3427.98	11
4327.5	4066.3	11
5040.79	4727.1	11
5751.72	5463.54	11
6478.24	6044.61	11
0.86	0.8	12
0.99	0.83	12
1.1	1.21	12
1.5	1.36	12
2.34	2.06	12
4.13	2.7	12
6.65	3.47	12
13.17	4.07	12
25.32	6.97	12
49.96	12.47	12
100.58	19.71	12
200.37	38.04	12
396.62	73.53	12
803.44	146.23	12
1594.47	300.54	12
3121.22	584.46	12
6334.71	1191.3	12
12238.59	2261.92	12
18068.15	3411.64	12
24062.88	4498.77	12
30021.82	5571.26	12
35828.46	6825.01	12
41709.55	7790.77	12
48282.46	8927.79	12
53721.71	10282.21	12
1.05	1.1	12
0.96	0.93	12
0.94	1.02	12
1.46	1.59	12
1.75	2.16	12
2.2	2.2	12
2.29	2.46	12
3.71	3.85	12
4.03	3.67	12
5.98	5.13	12
9.65	7.74	12
13.75	12.88	12
21.57	21.35	12
38.8	37.66	12
71.58	70.31	12
131.21	132.21	12
261.1	253.08	12
506.1	504.79	12
736.71	768.23	12
1013.93	1000.14	12
1267.12	1230.79	12
1462.11	1476.96	12
1713.13	1702.34	12
1966.13	1948.73	12
2193.86	2175.29	12
0.78	0.86	12
0.8	0.92	12
1.19	1.17	12
1.44	1.38	12
2.13	2.33	12
3.92	2.64	12
6.83	3.12	12
12.69	3.66	12
25.6	6.35	12
49.6	11.25	12
98.66	19.56	12
194.03	38.27	12
391.54	71.98	12
783.03	143.15	12
1541.77	286.09	12
3155.12	578.31	12
6289.13	1178.15	12
12230.45	2239.89	12
17925.03	3321.21	12
23810.95	4485.31	12
29632.68	5455.04	12
35873.25	6529.49	12
41395.49	7672.1	12
47273.14	8766.85	12
53242.85	9798.75	12
1.0	0.96	12
1.08	0.96	12
1.06	1.05	12
1.33	1.53	12
1.9	2.15	12
2.6	2.59	12
2.35	2.47	12
3.44	3.39	12
3.77	3.46	12
5.93	6.0	12
8.31	8.63	12
13.41	13.25	12
21.4	20.31	12
39.39	37.54	12
70.14	68.79	12
134.62	130.67	12
259.28	259.17	12
504.07	481.99	12
741.24	736.25	12
980.64	962.09	12
1233.94	1197.89	12
1530.85	1465.76	12
1755.97	1674.07	12
2008.12	1935.78	12
2214.11	2142.68	12
0.57	0.94	13
0.69	0.81	13
1.02	1.07	13
1.35	1.84	13
2.71	2.54	13
5.02	4.87	13
6.79	6.41	13
10.43	10.47	13
11.3	11.52	13
11.83	9.89	13
11.17	12.89	13
11.25	12.91	13
14.97	14.15	13
14.8	16.66	13
15.66	18.4	13
22.32	25.37	13
32.65	39.87	13
47.86	70.54	13
81.35	120.69	13
144.17	234.51	13
268.62	448.85	13
392.34	668.83	13
516.11	838.23	13
625.39	1091.1	13
739.87	1297.51	13
873.38	1558.49	13
995.18	1748.46	13
1108.14	1968.57	13
0.65	0.77	13
0.8	0.7	13
1.13	2.03	13
1.5	1.56	13
2.43	2.66	13
4.23	4.66	13
7.59	6.89	13
9.62	7.23	13
16.23	12.66	13
16.41	14.08	13
20.07	13.04	13
23.45	15.79	13
34.31	16.52	13
50.46	22.73	13
82.17	36.76	13
156.41	60.56	13
295.97	95.68	13
571.85	189.9	13
1136.52	367.17	13
2256.94	715.22	13
4368.65	1376.06	13
6474.07	2055.35	13
8618.06	2714.21	13
10792.56	3399.46	13
12807.4	4128.63	13
14946.53	4684.94	13
17016.76	5358.09	13
19123.44	6327.27	13
0.67	0.59	13
0.78	0.74	13
1.01	1.02	13
1.48	1.66	13
2.71	2.74	13
4.62	3.91	13
8.48	6.56	13
10.37	8.49	13
13.85	9.85	13
13.21	10.37	13
12.52	12.94	13
13.12	11.15	13
13.92	10.26	13
17.02	15.7	13
18.28	21.66	13
21.26	25.67	13
30.67	45.19	13
48.34	72.32	13
78.57	123.5	13
149.0	224.49	13
264.07	458.69	13
382.81	617.31	13
509.47	813.99	13
618.18	1020.03	13
752.28	1182.23	13
896.69	1533.41	13
1015.36	1602.59	13
1117.25	1770.06	13
0.66	0.67	13
0.76	0.73	13
1.0	1.15	13
1.66	1.72	13
2.67	2.63	13
4.48	4.01	13
7.74	7.64	13
10.98	7.54	13
13.34	15.37	13
16.88	14.15	13
19.5	15.02	13
23.36	16.53	13
31.58	17.94	13
48.38	21.57	13
85.96	34.13	13
153.73	54.96	13
295.42	95.79	13
575.66	186.41	13
1139.2	362.09	13
2289.43	700.12	13
4325.35	1320.4	13
6431.61	1941.35	13
8524.01	2654.28	13
10614.57	3185.52	13
12730.31	3916.08	13
14787.28	4430.02	13
16889.37	5080.41	13
19205.4	5694.29	13
0.67	0.64	14
0.79	0.85	14
1.25	1.26	14
1.67	1.86	14
2.91	2.69	14
4.32	4.33	14
7.16	5.36	14
12.85	7.76	14
11.53	10.82	14
13.79	10.32	14
14.84	16.38	14
17.39	14.49	14
18.82	17.65	14
23.67	23.76	14
33.08	31.36	14
49.87	56.22	14
85.38	93.84	14
152.97	174.93	14
296.49	333.71	14
570.55	663.7	14
1115.07	1264.22	14
1654.57	1875.15	14
2136.06	2464.7	14
2677.81	3055.36	14
3175.12	3678.21	14
3695.78	4275.15	14
4216.1	5059.03	14
4754.88	5469.68	14
0.61	0.68	14
1.01	0.96	14
1.21	1.29	14
1.64	1.61	14
2.84	2.87	14
5.28	5.12	14
9.32	7.14	14
11.45	9.13	14
12.49	12.63	14
15.49	10.16	14
15.38	13.71	14
18.46	13.78	14
26.57	13.48	14
42.41	17.66	14
73.42	30.38	14
133.9	48.44	14
249.72	83.62	14
481.27	147.99	14
958.49	288.27	14
1879.77	571.67	14
3634.58	1072.15	14
5337.69	1608.21	14
7186.51	2090.33	14
8794.8	2665.16	14
10594.27	3088.43	14
12214.26	3620.47	14
13945.87	4148.62	14
15613.62	4578.24	14
0.64	0.68	14
0.7	0.77	14
1.11	1.09	14
1.76	1.49	14
2.61	2.64	14
4.43	3.96	14
7.47	6.85	14
10.85	6.49	14
15.0	12.2	14
14.55	13.88	14
16.0	15.75	14
15.34	15.11	14
17.15	18.18	14
23.76	18.88	14
30.79	34.49	14
49.26	51.59	14
83.68	95.01	14
157.01	172.0	14
296.39	344.82	14
573.7	636.82	14
1109.55	1265.51	14
1650.05	1856.36	14
2141.61	2440.33	14
2659.01	2994.17	14
3169.61	3567.71	14
3686.99	4143.92	14
4258.01	4898.76	14
4716.12	5299.11	14
0.69	0.72	14
0.81	1.02	14
1.2	1.34	14
1.73	1.7	14
2.72	2.97	14
4.65	4.28	14
7.62	7.68	14
9.27	9.33	14
14.6	10.21	14
14.83	12.44	14
16.72	14.37	14
21.06	15.14	14
25.55	16.93	14
41.72	20.26	14
71.62	30.52	14
130.15	47.73	14
243.28	80.86	14
468.87	148.91	14
930.12	284.72	14
1836.24	550.81	14
3585.46	1059.42	14
5289.0	1564.95	14
7019.45	2107.28	14
9036.63	2558.37	14
10437.2	3066.17	14
12112.09	3734.75	14
13882.23	4059.84	14
15531.03	4596.99	14
0.67	0.62	15
0.86	0.79	15
1.36	1.05	15
1.69	1.67	15
2.98	2.83	15
4.57	4.98	15
7.19	7.13	15
11.62	7.25	15
12.38	12.09	15
13.68	10.06	15
16.45	10.12	15
17.75	21.6	15
26.85	17.67	15
42.54	21.48	15
73.09	29.0	15
131.52	46.88	15
247.13	79.97	15
484.13	150.22	15
945.93	279.91	15
1845.38	549.27	15
3578.55	1057.71	15
5323.37	1565.59	15
7037.27	2065.5	15
8770.41	2587.97	15
10516.12	3067.17	15
12222.74	3569.19	15
14360.67	4117.87	15
15674.72	4611.81	15
0.7	0.64	15
0.76	0.83	15
1.05	1.13	15
1.84	1.72	15
2.67	2.72	15
4.65	4.6	15
8.36	5.22	15
11.55	9.69	15
14.57	11.14	15
16.39	14.36	15
14.89	13.88	15
18.91	14.96	15
19.3	17.74	15
23.11	18.59	15
31.94	35.28	15
51.86	52.46	15
87.08	94.8	15
151.94	179.47	15
300.42	339.34	15
576.75	667.14	15
1116.04	1257.93	15
1628.87	1875.15	15
2144.96	2473.68	15
2675.53	3081.93	15
3206.81	3684.16	15
3710.21	4307.16	15
4254.68	4952.67	15
4801.82	5471.95	15
0.62	0.67	15
0.89	0.82	15
1.05	1.1	15
1.5	1.82	15
2.82	2.79	15
4.74	4.94	15
7.4	6.21	15
9.41	10.15	15
12.74	14.61	15
16.45	11.46	15
16.45	11.6	15
20.71	15.28	15
29.21	17.24	15
42.21	21.92	15
70.96	28.69	15
131.21	48.63	15
245.66	83.47	15
471.69	149.97	15
935.36	288.25	15
1825.98	557.93	15
3544.13	1077.27	15
5334.5	1544.6	15
7058.22	2054.11	15
8661.52	2541.49	15
10415.43	3074.51	15
12117.27	3551.06	15
13819.0	4055.9	15
15546.9	4540.72	15
0.73	0.74	15
0.8	1.01	15
1.29	1.07	15
1.75	1.53	15
2.7	2.67	15
4.67	4.48	15
7.6	7.97	15
11.64	10.5	15
14.26	10.75	15
15.93	11.69	15
16.43	14.02	15
17.63	13.99	15
18.18	17.54	15
23.97	24.08	15
33.11	35.17	15
51.66	53.78	15
86.76	99.3	15
156.98	176.17	15
295.17	336.65	15
573.26	645.85	15
1103.42	1238.51	15
1621.84	1822.24	15
2148.05	2405.14	15
2663.84	3021.72	15
3224.68	3577.72	15
3711.53	4162.23	15
4214.06	4793.45	15
4770.99	5334.21	15
0.59	0.59	16
0.68	0.72	16
1.07	1.03	16
1.62	1.53	16
2.73	2.9	16
4.61	4.65	16
7.74	7.32	16
11.09	4.56	16
14.83	11.09	16
14.87	13.43	16
18.05	14.63	16
23.1	14.9	16
32.51	20.85	16
51.49	26.28	16
86.97	34.2	16
157.76	60.66	16
301.44	106.45	16
591.73	195.46	16
1160.57	366.39	16
2257.59	723.55	16
4367.11	1382.64	16
6496.03	2047.37	16
8605.79	2723.4	16
10740.47	3469.66	16
12834.21	4122.44	16
15042.59	4740.49	16
17037.59	5386.35	16
19328.43	6024.8	16
0.58	0.59	16
0.77	0.71	16
0.93	1.22	16
1.83	1.81	16
3.0	2.7	16
4.96	5.17	16
7.28	5.84	16
10.14	10.17	16
10.64	7.52	16
12.09	10.84	16
11.05	13.22	16
13.69	9.71	16
14.36	10.34	16
18.74	17.16	16
19.39	19.89	16
21.57	28.24	16
30.55	42.94	16
50.68	67.62	16
78.13	127.21	16
144.23	237.78	16
272.95	438.84	16
398.35	656.3	16
525.62	870.5	16
674.96	1081.8	16
763.66	1303.0	16
895.06	1527.59	16
1017.1	1758.73	16
1112.13	1984.91	16
0.57	0.65	16
0.65	0.66	16
0.91	0.97	16
1.93	1.49	16
2.54	2.63	16
3.76	4.44	16
6.66	6.37	16
10.7	10.84	16
14.62	11.42	16
17.03	14.19	16
18.62	13.24	16
23.64	14.64	16
32.19	19.66	16
51.81	23.82	16
84.17	36.35	16
157.41	59.9	16
302.45	106.53	16
574.39	182.73	16
1130.21	354.26	16
2263.97	696.7	16
4393.75	1304.53	16
6425.28	1932.65	16
8510.87	2577.38	16
10758.4	3208.98	16
12711.31	3913.04	16
14807.76	4448.98	16
16900.84	5146.18	16
19053.64	5869.04	16
0.58	0.58	16
0.73	0.72	16
0.97	1.06	16
1.74	1.55	16
2.51	2.52	16
5.11	4.17	16
6.77	5.54	16
9.32	8.58	16
12.02	11.19	16
12.04	11.56	16
12.86	13.32	16
13.76	11.06	16
14.83	12.47	16
15.07	13.69	16
17.97	19.6	16
23.55	29.61	16
30.82	44.18	16
45.98	74.19	16
79.88	133.24	16
146.82	239.92	16
277.54	421.32	16
389.15	611.16	16
530.24	838.73	16
641.47	1021.15	16
758.62	1214.32	16
876.78	1394.16	16
1023.44	1578.18	16
1121.41	1779.57	16
0.73	0.77	17
1.02	1.0	17
1.74	1.46	17
2.39	2.36	17
3.97	4.02	17
6.01	6.41	17
8.56	8.06	17
12.63	11.78	17
12.9	10.53	17
11.62	14.47	17
13.41	14.22	17
13.15	13.15	17
15.47	17.51	17
17.37	18.49	17
22.5	24.92	17
31.16	35.77	17
49.09	60.69	17
86.2	106.52	17
154.03	200.69	17
302.54	383.04	17
578.89	728.34	17
838.68	1083.6	17
1110.48	1431.34	17
1382.29	1812.11	17
1681.49	2134.89	17
1912.04	2501.36	17
2176.24	2837.08	17
2457.05	3202.89	17
0.71	0.73	17
0.93	0.98	17
1.36	1.46	17
2.41	2.33	17
4.08	3.25	17
6.99	6.29	17
8.71	7.19	17
14.96	7.94	17
16.27	11.72	17
18.18	13.54	17
25.51	16.06	17
37.01	20.65	17
57.51	24.8	17
104.76	36.68	17
197.04	60.23	17
382.37	107.74	17
743.74	204.1	17
1467.7	391.82	17
2898.41	772.8	17
5780.33	1515.92	17
11446.63	2968.98	17
16914.7	4398.59	17
22219.45	5796.94	17
27716.13	7332.64	17
33420.39	8666.75	17
38648.34	10109.32	17
44119.98	11557.4	17
49571.38	13287.12	17
0.65	0.65	17
0.9	0.83	17
1.27	1.49	17
2.16	2.15	17
4.04	3.17	17
6.34	6.25	17
9.07	8.5	17
13.16	12.39	17
12.44	10.23	17
13.5	13.09	17
12.66	11.67	17
13.63	13.21	17
15.31	10.85	17
18.08	17.96	17
21.94	25.55	17
29.96	34.13	17
50.46	60.23	17
83.04	103.39	17
155.47	198.66	17
286.07	347.72	17
552.21	663.43	17
834.61	982.41	17
1088.16	1317.73	17
1386.97	1616.41	17
1642.96	1909.77	17
1894.4	2255.4	17
2220.11	2603.65	17
2431.35	2856.54	17
0.69	0.69	17
0.92	0.99	17
1.42	1.38	17
2.23	2.07	17
3.86	3.97	17
6.19	7.89	17
8.97	9.41	17
12.1	9.18	17
18.43	13.37	17
19.38	12.88	17
25.94	15.92	17
36.88	14.72	17
57.7	25.99	17
103.78	37.21	17
195.19	59.59	17
383.31	104.96	17
735.38	200.72	17
1467.73	394.26	17
2947.94	774.64	17
5750.21	1501.44	17
11215.97	2884.98	17
16659.44	4321.95	17
22102.81	5659.9	17
27507.74	7220.31	17
33164.99	8423.2	17
38709.94	9968.84	17
43826.92	11486.8	17
49293.13	12636.74	17
0.78	0.71	18
0.93	1.0	18
1.39	1.47	18
2.48	2.55	18
3.91	4.17	18
6.67	5.61	18
9.3	8.99	18
13.61	10.37	18
13.17	11.25	18
14.21	13.79	18
13.73	14.43	18
17.82	18.5	18
19.85	19.82	18
26.91	27.88	18
40.58	43.01	18
67.61	72.63	18
119.62	129.26	18
219.41	246.14	18
421.19	482.41	18
833.36	941.67	18
1597.39	1822.93	18
2349.62	2680.17	18
3126.79	3584.03	18
3880.71	4438.07	18
4648.7	5328.28	18
5418.32	6203.22	18
6190.75	7148.19	18
6953.78	7970.02	18
0.84	0.85	18
1.04	1.01	18
1.42	1.51	18
2.36	2.34	18
3.84	3.62	18
6.31	4.57	18
8.15	8.01	18
11.91	12.62	18
15.19	14.4	18
17.85	13.72	18
23.47	14.86	18
32.47	18.87	18
54.69	24.85	18
95.62	33.37	18
175.79	56.99	18
345.38	96.4	18
664.89	183.22	18
1328.93	347.22	18
2663.49	687.47	18
5300.85	1360.27	18
10343.59	2654.62	18
15287.82	3941.55	18
20291.84	5216.67	18
25751.59	6811.35	18
30715.35	7972.62	18
35207.83	9271.8	18
40385.41	10341.57	18
45076.33	11593.36	18
0.74	0.78	18
1.01	0.91	18
1.42	1.41	18
2.26	2.29	18
3.73	3.7	18
6.45	4.77	18
10.21	9.21	18
12.31	13.51	18
13.3	13.34	18
13.76	11.94	18
16.04	13.7	18
16.9	16.88	18
21.28	16.74	18
25.96	28.46	18
39.8	42.09	18
66.23	71.82	18
114.17	131.12	18
219.93	240.01	18
427.98	466.74	18
830.17	915.26	18
1613.4	1749.37	18
2378.49	2578.75	18
3158.02	3476.49	18
3874.17	4279.76	18
4656.74	5068.17	18
5389.63	5887.56	18
6171.86	6695.69	18
6931.73	7497.91	18
0.77	0.73	18
1.07	1.08	18
1.39	1.73	18
2.39	2.31	18
3.99	3.31	18
6.27	5.81	18
8.8	8.28	18
11.42	8.94	18
15.48	13.26	18
18.49	12.54	18
21.96	17.08	18
34.83	18.39	18
53.9	21.21	18
95.37	35.78	18
183.03	55.01	18
344.52	102.0	18
682.41	185.49	18
1345.42	349.73	18
2645.5	699.34	18
5324.1	1377.88	18
10312.74	2626.24	18
15121.72	3915.99	18
20375.2	5100.25	18
25046.35	6396.32	18
30051.1	7661.97	18
35182.87	8898.66	18
39879.98	10193.31	18
44838.89	11466.17	18
0.8	0.72	19
0.99	1.0	19
1.6	1.47	19
2.52	2.31	19
4.09	3.99	19
6.66	6.42	19
8.84	7.35	19
13.2	10.69	19
15.27	13.35	19
18.07	14.95	19
23.98	14.6	19
33.65	19.54	19
54.07	26.31	19
97.54	37.44	19
181.72	55.03	19
350.43	98.98	19
680.57	183.35	19
1336.65	353.01	19
2642.56	682.58	19
5248.97	1349.01	19
10225.45	2617.27	19
15233.49	3920.56	19
20191.07	5198.72	19
25156.97	6471.44	19
30165.01	7767.43	19
35078.96	9057.25	19
40054.04	10313.55	19
45994.3	11569.9	19
0.81	0.7	19
1.07	0.98	19
1.62	1.52	19
2.29	2.4	19
3.66	3.66	19
6.18	6.82	19
9.24	6.07	19
12.69	12.65	19
12.98	14.54	19
14.53	14.49	19
15.03	15.31	19
16.95	14.28	19
20.96	20.84	19
24.48	26.57	19
40.66	44.38	19
67.65	70.48	19
118.89	128.98	19
219.47	249.61	19
421.06	473.78	19
826.07	943.85	19
1593.25	1807.39	19
2362.13	2723.84	19
3162.65	3561.47	19
3913.68	4491.94	19
4675.21	5326.79	19
5436.46	6250.09	19
6266.02	7073.97	19
6976.94	7933.72	19
0.76	0.68	19
1.01	0.95	19
1.45	1.44	19
2.34	2.21	19
4.22	4.08	19
6.42	6.55	19
9.95	8.74	19
13.45	14.1	19
14.86	12.42	19
16.93	12.11	19
24.2	12.86	19
32.85	17.12	19
52.96	23.69	19
95.52	31.9	19
179.88	53.73	19
345.79	96.78	19
681.76	178.81	19
1323.59	341.78	19
2629.22	673.64	19
5192.16	1331.33	19
10084.61	2580.94	19
15043.13	3836.19	19
19965.75	5094.63	19
24899.78	6339.65	19
29841.63	7619.17	19
35131.96	8882.68	19
40489.9	10130.52	19
45102.19	11323.51	19
0.79	0.77	19
0.99	1.19	19
1.46	1.64	19
2.15	2.25	19
3.97	3.48	19
6.2	6.78	19
9.74	10.13	19
13.64	10.08	19
12.57	11.31	19
19.51	15.71	19
14.21	13.14	19
17.07	13.82	19
19.25	20.71	19
26.24	28.2	19
41.1	43.76	19
65.69	70.95	19
115.08	129.56	19
217.51	245.59	19
419.61	493.77	19
833.1	909.92	19
1590.54	1735.64	19
2366.35	2598.54	19
3133.99	3416.31	19
3889.57	4317.98	19
4653.38	5108.86	19
5412.38	5929.29	19
6175.79	6871.76	19
6957.13	7611.62	19
0.69	0.71	20
0.86	0.87	20
1.33	1.3	20
2.17	2.22	20
3.64	3.88	20
6.61	5.39	20
9.27	7.67	20
11.77	11.89	20
15.28	15.39	20
18.29	14.22	20
24.13	16.6	20
35.62	20.04	20
60.41	26.04	20
102.99	34.11	20
190.79	60.79	20
373.16	108.55	20
729.23	200.08	20
1450.02	393.27	20
2873.48	765.68	20
5790.53	1572.28	20
11226.98	3098.47	20
16712.17	4396.07	20
22091.46	5956.6	20
27446.76	7214.11	20
32704.18	8623.54	20
38047.25	10038.78	20
43472.28	11483.93	20
48789.24	12909.73	20
0.66	0.7	20
0.89	0.86	20
1.42	1.49	20
2.32	2.27	20
3.71	3.78	20
6.22	6.49	20
9.46	8.31	20
11.35	10.72	20
16.04	11.42	20
12.67	9.33	20
12.1	9.81	20
14.59	13.67	20
15.26	15.65	20
18.73	18.73	20
24.18	27.17	20
31.48	36.49	20
48.67	61.28	20
90.87	107.7	20
159.48	198.91	20
298.83	383.66	20
556.06	742.92	20
823.74	1085.51	20
1100.19	1465.18	20
1389.26	1782.64	20
1651.4	2139.9	20
1914.84	2475.31	20
2172.59	2886.05	20
2464.14	3171.81	20
0.62	0.63	20
0.83	0.84	20
1.36	1.36	20
2.12	2.03	20
3.72	3.38	20
5.92	5.65	20
8.87	7.29	20
12.67	13.06	20
15.35	13.69	20
18.41	12.74	20
21.75	15.97	20
36.91	17.95	20
58.04	25.17	20
100.47	33.14	20
191.43	55.73	20
368.5	103.42	20
719.92	194.49	20
1431.49	381.09	20
2841.02	748.84	20
5663.86	1475.56	20
10980.91	2839.42	20
16321.72	4195.29	20
21684.08	5583.7	20
27035.56	6976.44	20
32422.42	8338.57	20
37804.85	9705.66	20
43426.04	11352.85	20
48811.37	12460.56	20
0.76	0.69	20
0.99	0.9	20
1.34	1.39	20
2.32	2.14	20
4.01	3.72	20
6.18	5.66	20
8.29	7.76	20
10.13	8.18	20
11.18	10.12	20
13.45	10.19	20
13.24	12.74	20
14.42	9.46	20
16.68	14.8	20
18.08	17.29	20
24.27	24.83	20
31.74	40.87	20
50.88	59.61	20
89.79	106.57	20
157.54	187.55	20
298.62	343.76	20
561.04	660.04	20
839.09	983.25	20
1101.04	1352.12	20
1357.73	1626.86	20
1655.69	1936.44	20
1916.91	2260.63	20
2183.6	2551.55	20
2453.88	2871.54	20
