0.96	0.9	1
1.35	1.26	1
1.64	1.73	1
2.6	3.38	1
4.25	5.43	1
6.33	11.2	1
6.29	21.54	1
8.5	41.71	1
9.87	79.66	1
14.56	160.25	1
25.47	306.64	1
46.49	604.29	1
82.75	1156.04	1
165.38	2100.05	1
323.12	3583.51	1
629.35	5566.42	1
1221.53	6286.96	1
1925.99	6869.56	1
2276.55	7402.37	1
2515.97	7843.99	1
2738.57	8167.67	1
2968.84	8433.43	1
3125.26	8685.86	1
3399.03	9007.03	1
3560.52	9032.89	1
0.76	0.89	1
1.15	1.04	1
1.47	1.58	1
2.32	2.42	1
4.14	4.32	1
4.88	8.1	1
5.77	15.33	1
8.78	30.49	1
10.96	59.32	1
19.12	115.79	1
32.94	230.52	1
61.58	457.31	1
118.59	903.22	1
235.02	1732.82	1
444.61	3274.33	1
895.71	5899.88	1
1723.32	9384.14	1
2710.56	11455.0	1
3341.83	12734.31	1
3948.77	13620.84	1
4461.74	14537.22	1
5135.59	15438.47	1
5635.45	16487.97	1
6028.19	17086.22	1
6499.57	17685.5	1
0.76	0.92	1
1.17	1.11	1
1.87	1.61	1
2.9	2.98	1
5.47	5.43	1
4.38	10.3	1
4.77	19.53	1
7.84	39.38	1
9.98	78.26	1
14.84	153.94	1
25.38	298.77	1
47.35	592.05	1
90.34	1123.67	1
175.44	2108.22	1
316.54	3622.84	1
633.65	5357.34	1
1233.2	6084.27	1
2000.13	6795.09	1
2213.24	7434.59	1
2468.43	7643.93	1
2709.48	7962.55	1
2895.17	8204.0	1
3042.62	8449.92	1
3210.93	8691.04	1
3377.87	8804.89	1
0.85	0.83	1
1.0	0.97	1
1.34	1.6	1
2.41	2.56	1
4.11	4.46	1
5.19	8.21	1
6.03	15.21	1
6.84	29.46	1
12.11	57.94	1
18.72	116.08	1
33.76	227.48	1
63.81	453.29	1
120.95	896.73	1
235.71	1691.94	1
445.36	3259.57	1
868.11	5854.16	1
1700.66	9534.4	1
2722.24	11389.42	1
3301.41	12740.48	1
3781.33	13459.98	1
4329.81	14371.87	1
4867.13	15361.68	1
5380.85	16311.93	1
5846.01	17000.52	1
6296.6	17582.03	1
1.04	1.01	2
1.31	1.37	2
1.97	1.83	2
3.28	3.19	2
4.99	5.26	2
5.85	9.44	2
6.13	17.52	2
7.16	30.78	2
12.03	60.35	2
18.48	118.07	2
34.36	230.59	2
65.56	458.72	2
122.72	893.62	2
247.75	1730.39	2
487.59	3302.94	2
894.27	5903.83	2
1737.87	9345.02	2
2703.1	11381.51	2
3381.84	12586.36	2
3854.78	13651.11	2
4429.66	14457.2	2
4915.59	15311.32	2
5457.57	16067.46	2
5953.44	16524.92	2
6480.69	16987.01	2
1.07	0.98	2
1.32	1.45	2
2.3	2.36	2
3.79	3.89	2
6.85	6.59	2
6.24	12.21	2
7.61	22.2	2
9.07	42.84	2
10.81	83.22	2
20.28	161.38	2
26.97	312.6	2
48.32	609.73	2
84.21	1161.35	2
168.09	2115.76	2
309.9	3679.91	2
622.14	5637.88	2
1213.45	6368.44	2
1916.52	7012.42	2
2215.81	7655.43	2
2579.28	8061.47	2
2757.29	8596.27	2
2968.16	8937.95	2
3162.06	9334.09	2
3367.63	9591.19	2
3515.97	9876.43	2
0.81	0.87	2
1.27	1.22	2
1.75	1.82	2
2.98	3.05	2
4.0	4.91	2
4.13	8.69	2
5.6	16.09	2
6.76	30.49	2
11.09	59.0	2
19.16	115.97	2
34.17	229.88	2
62.03	452.64	2
120.31	895.23	2
241.34	1718.89	2
453.1	3195.38	2
880.88	5626.76	2
1697.98	9233.99	2
2597.92	11409.09	2
3273.12	12433.46	2
3695.96	13635.02	2
4238.29	14266.84	2
4704.62	15095.71	2
5252.05	15756.65	2
5706.22	16285.33	2
6250.17	16824.62	2
1.08	0.98	2
1.4	1.44	2
2.05	2.21	2
3.99	3.84	2
6.05	7.34	2
3.93	11.96	2
8.79	22.92	2
8.26	42.68	2
11.47	82.7	2
18.5	156.59	2
25.6	308.41	2
48.35	598.07	2
84.61	1133.87	2
170.16	2107.7	2
321.75	3656.73	2
621.13	5415.25	2
1182.28	6178.26	2
1889.01	6818.67	2
2196.37	7487.88	2
2463.12	7952.39	2
2695.4	8350.74	2
2922.83	8721.52	2
3112.19	9222.89	2
3290.3	9469.97	2
3526.02	9718.11	2
0.99	0.93	3
1.43	1.59	3
2.24	2.07	3
3.55	3.8	3
5.38	6.53	3
5.6	11.98	3
9.69	21.43	3
10.23	41.59	3
10.43	79.16	3
16.37	160.33	3
27.15	310.26	3
47.9	612.57	3
87.87	1155.49	3
170.18	2092.46	3
313.55	3634.73	3
636.43	5505.44	3
1159.99	6229.95	3
1922.61	6933.71	3
2216.4	7548.69	3
2536.69	7996.69	3
2737.14	8474.36	3
2987.28	8853.9	3
3223.62	9306.77	3
3335.45	9748.09	3
3490.67	9735.45	3
1.0	1.01	3
1.15	1.12	3
1.82	1.88	3
3.06	3.23	3
4.69	5.13	3
5.24	9.53	3
7.92	16.98	3
9.4	31.37	3
12.25	60.38	3
19.11	119.24	3
32.74	233.14	3
62.98	465.78	3
121.77	915.23	3
244.25	1752.76	3
482.63	3346.55	3
909.12	5885.57	3
1728.49	9315.53	3
2774.34	11363.82	3
3313.26	12531.15	3
3876.22	13619.41	3
4400.17	14463.64	3
4935.19	15123.85	3
5468.88	15893.49	3
6089.31	16470.45	3
6469.98	16949.83	3
1.37	0.91	3
1.26	1.27	3
2.18	1.99	3
3.34	3.29	3
3.87	6.1	3
5.39	10.83	3
5.8	20.87	3
8.85	40.39	3
10.06	78.52	3
17.52	154.96	3
27.43	303.24	3
46.39	587.55	3
81.19	1132.16	3
166.64	2039.44	3
333.65	3528.52	3
610.21	5356.5	3
1218.88	6024.6	3
1912.22	6828.61	3
2198.97	7300.47	3
2499.09	7926.04	3
2684.95	8368.4	3
2916.12	8607.28	3
3112.09	8993.74	3
3273.32	9351.49	3
3394.44	9476.71	3
0.98	0.89	3
1.25	1.21	3
1.92	1.92	3
3.04	3.15	3
5.08	5.34	3
5.24	9.69	3
6.07	16.92	3
8.89	31.23	3
13.9	60.68	3
20.64	115.82	3
35.62	231.39	3
63.33	455.77	3
120.28	897.15	3
238.99	1685.91	3
454.61	3297.39	3
881.06	5743.92	3
1694.17	9152.38	3
2637.89	11391.62	3
3156.04	12467.56	3
3730.01	13430.61	3
4273.03	14250.23	3
4871.01	14935.77	3
5269.52	15646.45	3
5788.77	16264.3	3
6267.19	16788.25	3
0.86	0.93	4
1.22	1.28	4
1.78	1.96	4
2.79	3.18	4
3.99	5.32	4
5.81	9.5	4
6.86	17.19	4
8.1	32.01	4
13.47	60.03	4
20.62	117.89	4
33.48	235.47	4
61.7	459.33	4
121.98	907.27	4
237.28	1756.01	4
460.42	3298.28	4
937.45	5884.6	4
1737.06	9349.22	4
2711.82	11446.54	4
3304.35	12581.38	4
3851.72	13568.03	4
4451.5	14496.83	4
4984.85	15551.85	4
5474.86	16315.28	4
6013.2	16895.63	4
6585.59	17511.5	4
1.0	1.08	4
1.38	1.45	4
2.19	2.06	4
4.18	3.81	4
5.59	7.14	4
7.78	12.29	4
8.48	22.16	4
8.68	43.04	4
11.35	88.61	4
19.71	162.42	4
30.68	317.39	4
49.53	623.86	4
93.47	1186.07	4
165.23	2132.5	4
314.12	3646.19	4
625.34	5569.08	4
1208.42	6399.98	4
1941.74	6911.97	4
2280.77	7394.29	4
2531.64	7822.12	4
2737.0	8235.73	4
3011.7	8487.78	4
3143.22	8657.23	4
3461.18	8845.69	4
3478.65	8993.3	4
0.92	0.85	4
1.47	1.16	4
1.75	1.56	4
2.92	2.92	4
3.86	4.96	4
4.4	8.75	4
6.19	15.8	4
6.69	30.86	4
11.9	58.7	4
19.45	116.11	4
33.1	227.65	4
62.96	452.34	4
116.72	880.14	4
235.88	1726.08	4
447.99	3256.71	4
925.29	5831.01	4
1639.32	9158.99	4
2588.93	11410.52	4
3200.34	12436.99	4
3752.62	13372.61	4
4321.94	14474.54	4
4844.61	15502.03	4
5447.35	16077.54	4
5803.62	16832.99	4
6219.31	17462.54	4
0.86	0.96	4
1.5	1.49	4
2.13	2.2	4
2.07	3.79	4
5.3	6.18	4
8.32	12.06	4
7.39	21.07	4
6.99	42.96	4
12.64	81.11	4
16.17	154.21	4
25.26	307.89	4
49.97	595.47	4
90.83	1121.54	4
166.21	2042.24	4
321.69	3533.56	4
649.71	5448.47	4
1179.43	6319.87	4
1922.52	6811.48	4
2233.52	7278.24	4
2474.41	7652.9	4
2689.26	8030.27	4
2883.01	8464.59	4
3081.06	8523.18	4
3240.73	8729.77	4
3378.3	8884.43	4
1.15	0.99	5
1.13	1.16	5
1.15	1.13	5
1.16	1.28	5
1.79	1.5	5
1.87	2.19	5
1.64	2.44	5
2.75	2.73	5
3.15	2.96	5
4.33	4.61	5
5.84	5.41	5
8.41	8.67	5
11.72	12.01	5
21.05	19.41	5
35.29	32.6	5
61.64	59.95	5
122.72	115.51	5
224.84	218.6	5
314.81	315.28	5
428.86	413.16	5
527.28	524.81	5
618.98	621.01	5
735.58	715.64	5
848.85	818.6	5
993.94	930.12	5
1.11	1.11	5
1.11	1.11	5
1.19	1.21	5
1.37	1.33	5
1.64	1.67	5
2.26	2.21	5
2.94	3.28	5
5.64	5.65	5
10.18	10.17	5
19.38	19.34	5
31.54	37.86	5
73.95	74.21	5
122.85	146.77	5
296.01	294.03	5
484.32	588.28	5
973.1	1161.55	5
1607.38	2327.06	5
4545.9	4616.81	5
6831.51	6754.43	5
7448.25	8962.59	5
9351.95	11404.23	5
13337.69	13515.38	5
10317.01	15521.92	5
14791.86	17724.8	5
16594.17	19941.63	5
0.97	0.99	5
0.97	0.98	5
0.93	1.01	5
1.11	1.07	5
1.38	1.57	5
2.06	1.84	5
1.81	2.19	5
2.83	2.62	5
3.75	2.67	5
4.76	3.84	5
6.89	5.69	5
8.61	8.12	5
12.53	11.96	5
20.22	20.31	5
40.38	33.55	5
67.49	59.15	5
146.0	111.48	5
316.54	209.03	5
340.86	314.41	5
432.5	429.3	5
511.4	506.01	5
608.4	620.36	5
724.27	711.29	5
865.02	821.55	5
1135.53	916.19	5
1.11	1.05	5
1.2	1.21	5
1.26	1.16	5
1.47	1.27	5
1.75	1.69	5
2.07	2.33	5
3.51	3.48	5
4.69	5.72	5
9.21	10.19	5
18.48	21.67	5
32.81	42.81	5
63.6	74.22	5
125.31	146.82	5
250.91	294.42	5
486.71	587.48	5
1016.1	1167.4	5
1926.36	2316.2	5
4512.8	4541.57	5
7058.85	6706.14	5
9208.5	9017.4	5
9293.15	11077.98	5
13465.05	13246.09	5
10277.71	15433.79	5
11727.45	17608.8	5
20480.36	19787.36	5
1.01	1.14	6
1.35	1.07	6
1.19	1.34	6
1.24	1.23	6
1.42	1.4	6
2.03	2.09	6
2.4	2.32	6
3.54	3.18	6
4.55	4.63	6
8.28	7.32	6
13.13	14.18	6
23.87	23.33	6
41.73	40.37	6
75.03	76.36	6
141.38	144.4	6
275.06	281.05	6
551.75	548.17	6
1060.1	1043.75	6
1545.9	1528.25	6
2041.59	2020.76	6
2556.93	2521.84	6
3008.05	3013.42	6
3510.33	3498.0	6
4004.81	4021.12	6
4619.42	4494.34	6
1.01	1.01	6
1.02	0.96	6
1.62	1.29	6
1.49	1.68	6
2.0	1.72	6
2.31	2.59	6
3.44	3.72	6
4.26	6.32	6
8.19	9.71	6
18.89	17.51	6
32.79	33.86	6
65.83	66.37	6
105.98	129.01	6
167.4	258.12	6
506.78	511.92	6
1003.96	998.37	6
2006.32	2002.01	6
3218.24	3910.31	6
3720.85	5823.01	6
7726.54	7705.35	6
9642.57	9614.93	6
11537.84	11494.16	6
13597.0	13381.43	6
12678.29	15340.03	6
10996.58	17231.56	6
1.05	0.9	6
1.03	1.08	6
0.99	1.19	6
1.36	1.28	6
1.41	1.29	6
1.86	2.02	6
2.57	2.31	6
3.57	3.53	6
4.42	4.68	6
8.73	7.79	6
15.96	13.66	6
26.17	23.08	6
42.38	40.6	6
84.32	73.72	6
142.42	139.6	6
281.28	275.57	6
563.32	549.01	6
1100.4	1049.14	6
1561.06	1521.55	6
2199.52	2041.28	6
2706.57	2542.12	6
3162.65	3081.22	6
3551.6	3501.46	6
4190.62	4037.38	6
4490.89	4475.11	6
1.05	1.1	6
1.08	1.24	6
1.35	1.17	6
1.46	1.43	6
2.11	1.96	6
2.83	2.57	6
3.66	3.4	6
5.96	6.11	6
9.16	10.21	6
17.42	19.08	6
34.2	34.13	6
68.08	67.47	6
108.81	127.98	6
270.52	257.84	6
505.14	506.8	6
999.24	995.66	6
1306.52	1989.08	6
3992.78	3882.02	6
5767.97	5778.24	6
6305.02	7678.15	6
7862.32	9596.78	6
9611.76	11535.29	6
13333.35	13301.05	6
15337.79	15220.91	6
14056.95	17157.92	6
0.96	1.03	7
1.03	1.09	7
1.22	1.4	7
1.58	1.37	7
2.0	2.14	7
2.57	2.36	7
3.55	3.28	7
6.03	5.47	7
6.89	9.96	7
15.93	18.79	7
35.42	34.46	7
44.62	67.63	7
107.7	130.5	7
213.31	258.17	7
510.26	511.03	7
832.47	1018.95	7
1658.52	2011.29	7
3220.89	3937.23	7
3755.14	5843.97	7
7717.53	7744.0	7
7889.87	9647.66	7
5308.16	11501.03	7
13404.07	13375.72	7
15319.49	15523.97	7
14137.93	17178.61	7
1.13	0.99	7
1.22	1.05	7
1.08	1.11	7
1.32	1.22	7
1.53	1.62	7
2.21	1.76	7
2.48	2.28	7
3.38	3.43	7
4.86	4.23	7
7.51	7.52	7
13.6	14.13	7
23.1	23.78	7
41.12	40.56	7
75.77	74.16	7
140.27	141.63	7
273.76	273.43	7
537.42	536.95	7
1066.48	1039.78	7
1546.83	1539.37	7
2059.61	2034.43	7
2604.87	2534.47	7
3078.86	3024.0	7
3598.34	3567.57	7
4119.93	4059.67	7
4638.52	4516.71	7
0.97	0.94	7
0.93	1.0	7
1.18	1.46	7
1.43	1.26	7
1.99	2.0	7
2.53	2.46	7
3.6	3.5	7
5.58	5.41	7
9.55	9.75	7
16.75	18.98	7
39.14	35.0	7
67.76	66.12	7
93.21	129.68	7
214.37	254.51	7
512.1	508.07	7
875.52	1008.77	7
1652.2	2016.7	7
3909.38	3904.04	7
4857.84	5775.84	7
7993.18	7685.67	7
7837.27	9545.04	7
11453.63	11431.14	7
11586.94	13307.44	7
12892.25	15330.59	7
11048.69	17125.26	7
1.08	1.03	7
1.13	1.09	7
1.25	1.54	7
1.25	1.08	7
1.34	1.39	7
1.83	1.85	7
2.6	2.28	7
3.34	3.21	7
5.22	4.52	7
8.17	7.49	7
14.3	13.54	7
23.43	23.65	7
41.15	40.25	7
83.64	73.79	7
142.56	141.97	7
279.73	273.07	7
563.81	533.97	7
1048.17	1029.3	7
1530.66	1531.47	7
2141.26	2022.62	7
2662.04	2525.84	7
3031.56	3024.32	7
3526.92	3510.37	7
4012.44	4001.05	7
4572.26	4494.03	7
1.11	1.04	8
0.95	1.31	8
1.12	1.07	8
1.32	1.16	8
1.41	1.59	8
2.07	2.18	8
3.1	3.31	8
4.78	5.65	8
8.73	10.23	8
19.37	19.31	8
38.09	38.08	8
61.5	74.05	8
120.65	145.83	8
242.5	293.7	8
487.63	584.62	8
1166.4	1163.75	8
1929.06	2316.07	8
3769.34	4514.25	8
6863.76	6745.99	8
9073.14	8982.2	8
11150.18	11289.04	8
13488.78	13381.42	8
12940.73	15669.38	8
14707.57	17682.52	8
16535.06	19919.72	8
1.02	0.97	8
1.03	1.03	8
1.08	1.04	8
1.23	0.91	8
1.6	1.56	8
1.76	1.76	8
1.89	1.47	8
2.48	2.6	8
2.68	3.05	8
4.57	3.85	8
5.5	5.88	8
8.93	8.6	8
14.02	12.54	8
19.2	19.19	8
33.46	33.25	8
60.24	58.91	8
122.35	111.32	8
228.69	210.0	8
321.4	321.22	8
430.97	431.29	8
537.85	527.9	8
648.32	628.14	8
723.53	721.63	8
837.24	813.36	8
931.72	912.06	8
0.99	0.98	8
0.92	1.12	8
1.02	0.99	8
1.28	1.38	8
1.46	1.5	8
2.07	2.06	8
3.55	3.28	8
5.34	5.55	8
9.38	10.11	8
23.12	20.15	8
39.16	37.16	8
77.49	73.91	8
123.93	145.11	8
296.31	291.95	8
491.28	576.9	8
777.02	1164.49	8
2301.64	2312.37	8
2247.86	4491.11	8
6780.02	6666.97	8
8969.31	8848.12	8
11060.31	11216.79	8
13247.75	13222.67	8
12813.86	15427.51	8
11946.41	17582.54	8
16771.27	19769.64	8
0.98	1.13	8
0.94	1.06	8
1.07	1.34	8
1.22	1.06	8
1.62	1.48	8
1.39	1.57	8
2.0	1.61	8
2.7	2.68	8
3.09	2.57	8
4.17	3.99	8
6.31	5.33	8
8.49	8.51	8
12.69	11.98	8
26.05	18.85	8
36.99	32.63	8
77.57	59.95	8
120.1	113.17	8
278.18	210.07	8
458.58	318.98	8
551.02	415.49	8
636.19	525.72	8
622.15	612.07	8
1165.95	719.15	8
831.61	820.12	8
945.41	929.5	8
0.87	0.98	9
1.15	1.09	9
1.24	0.96	9
1.57	1.43	9
1.65	1.63	9
2.3	2.31	9
2.61	2.41	9
3.55	3.91	9
3.72	3.96	9
5.45	6.49	9
8.45	8.67	9
12.98	13.5	9
21.91	21.78	9
37.41	39.56	9
70.37	69.74	9
127.33	130.0	9
260.08	263.66	9
505.68	500.1	9
751.21	744.66	9
995.2	1005.8	9
1223.67	1224.39	9
1461.73	1460.83	9
1706.78	1709.23	9
1928.77	1939.77	9
2182.33	2182.23	9
1.02	0.97	9
1.13	1.08	9
1.07	1.29	9
1.58	1.65	9
1.88	2.41	9
3.05	3.95	9
3.03	7.01	9
4.26	13.05	9
6.36	25.3	9
11.3	49.91	9
19.79	99.09	9
36.76	202.22	9
75.06	404.23	9
150.1	791.38	9
298.93	1604.84	9
581.57	3160.24	9
1199.06	6321.01	9
2277.03	12329.58	9
3395.09	18140.68	9
4528.06	24269.05	9
5629.85	30028.17	9
6729.81	35848.05	9
7832.19	42025.14	9
8965.16	47742.12	9
10078.75	53683.28	9
0.91	0.74	9
0.98	1.07	9
0.92	0.98	9
1.53	1.54	9
1.74	1.61	9
2.33	2.15	9
2.26	2.42	9
3.33	3.49	9
3.68	4.26	9
6.41	5.92	9
8.3	8.27	9
13.1	11.74	9
22.59	20.89	9
37.47	38.89	9
67.98	70.03	9
131.85	129.24	9
254.92	254.29	9
482.58	504.83	9
730.16	744.78	9
1003.34	974.43	9
1217.57	1244.78	9
1453.87	1475.08	9
1655.56	1690.02	9
1976.65	1938.89	9
2144.11	2239.78	9
0.98	0.89	9
1.01	1.07	9
1.11	1.23	9
1.56	1.54	9
2.25	2.37	9
3.0	3.86	9
3.47	6.71	9
4.05	13.03	9
7.04	25.65	9
10.86	49.89	9
19.85	98.55	9
38.73	195.35	9
74.07	389.24	9
145.4	777.14	9
291.07	1546.35	9
577.0	3112.37	9
1159.25	6200.72	9
2319.27	12150.66	9
3389.81	18166.74	9
4480.62	23906.95	9
5542.72	30024.58	9
6772.02	35546.81	9
7752.5	41729.37	9
8809.97	47350.52	9
10002.5	53471.26	9
0.86	1.01	10
1.25	1.09	10
1.08	1.14	10
1.66	1.67	10
1.99	1.54	10
2.54	2.23	10
3.11	2.88	10
4.35	4.36	10
6.18	6.35	10
11.76	12.24	10
19.14	19.16	10
30.57	29.66	10
54.34	54.9	10
103.7	101.18	10
200.71	197.01	10
397.77	385.48	10
776.76	760.48	10
1523.56	1482.05	10
2234.79	2195.65	10
2958.31	2910.54	10
3651.05	3632.45	10
4450.27	4327.82	10
5178.02	5075.51	10
5845.11	5747.15	10
6637.38	6463.63	10
0.99	1.05	10
1.09	1.15	10
1.24	1.21	10
1.7	1.66	10
2.4	2.54	10
2.81	4.14	10
3.68	7.06	10
5.76	13.53	10
7.94	25.22	10
15.03	49.16	10
25.94	94.79	10
49.57	191.24	10
90.89	373.79	10
183.71	750.2	10
365.67	1504.92	10
721.53	2987.02	10
1440.31	5953.97	10
2819.74	11591.56	10
4258.55	17614.53	10
5521.24	22984.56	10
6929.72	28518.94	10
8249.83	34220.29	10
9638.73	39887.24	10
10973.48	45317.42	10
12355.35	50947.9	10
0.86	0.81	10
0.88	1.02	10
1.0	0.95	10
1.54	1.49	10
1.47	1.87	10
2.39	2.35	10
2.97	2.78	10
4.24	5.09	10
6.97	6.42	10
10.44	11.85	10
18.11	19.52	10
29.08	30.26	10
54.45	53.52	10
99.63	101.31	10
193.83	196.24	10
370.7	387.47	10
731.99	781.83	10
1389.53	1487.97	10
2055.79	2195.65	10
2719.15	2898.69	10
3392.49	3611.39	10
4051.35	4298.53	10
4706.07	5013.69	10
5346.76	5729.28	10
6015.01	6456.15	10
1.09	1.05	10
1.21	1.15	10
1.26	1.33	10
1.72	1.57	10
2.39	2.62	10
2.9	4.25	10
3.61	6.9	10
5.02	13.24	10
8.66	24.81	10
13.08	49.52	10
25.66	96.3	10
49.96	192.6	10
96.66	381.19	10
186.73	757.24	10
371.77	1510.85	10
717.23	3018.9	10
1432.62	5916.06	10
2779.67	11511.0	10
4293.08	17186.45	10
5503.65	22755.79	10
6848.49	28308.04	10
8217.61	33967.38	10
9732.04	39541.62	10
11277.14	45209.9	10
12159.94	50923.25	10
1.04	0.92	11
1.16	1.05	11
1.28	1.28	11
1.82	1.46	11
2.32	2.56	11
2.69	4.08	11
3.36	7.02	11
5.33	13.43	11
8.33	25.08	11
13.89	48.62	11
25.75	94.53	11
47.01	188.94	11
92.63	373.69	11
182.55	744.63	11
363.01	1479.51	11
722.5	2989.19	11
1432.64	5930.08	11
2798.69	11552.13	11
4146.0	17209.25	11
5486.33	23024.62	11
6848.5	28496.97	11
8432.09	34028.1	11
9555.25	39889.86	11
11256.47	45213.51	11
12278.15	50926.45	11
0.87	0.92	11
1.08	1.04	11
1.06	1.14	11
1.57	1.53	11
1.81	1.84	11
2.54	2.54	11
3.03	2.92	11
4.76	4.86	11
7.66	6.54	11
12.42	11.94	11
19.27	19.36	11
30.6	30.13	11
54.36	53.85	11
104.95	102.67	11
202.04	194.73	11
395.97	383.65	11
794.44	767.8	11
1557.24	1505.54	11
2227.26	2246.35	11
2991.19	2922.87	11
3729.69	3620.01	11
4451.86	4345.0	11
5137.28	5085.53	11
5870.87	5778.5	11
6616.59	6478.06	11
0.92	0.89	11
0.98	0.97	11
1.25	1.06	11
1.47	1.56	11
2.24	2.41	11
2.86	3.89	11
3.29	7.06	11
6.49	13.48	11
7.55	24.92	11
14.0	48.24	11
24.82	94.93	11
48.13	188.58	11
92.84	373.66	11
182.87	740.92	11
363.43	1480.95	11
706.82	2936.71	11
1430.44	5871.08	11
2752.24	11486.64	11
4061.4	17049.8	11
5534.53	22606.31	11
6769.54	28652.44	11
8237.35	33730.22	11
9421.41	39549.3	11
10773.66	45103.53	11
12135.54	50740.07	11
0.95	0.89	11
1.0	1.07	11
1.21	1.1	11
1.71	1.46	11
1.59	1.68	11
2.67	2.34	11
2.98	3.16	11
4.52	4.8	11
6.88	6.99	11
10.88	11.92	11
17.79	19.04	11
30.25	30.9	11
53.09	54.03	11
101.72	105.72	11
186.99	194.13	11
367.92	384.04	11
725.9	783.9	11
1385.4	1489.57	11
2074.54	2193.75	11
2717.34	2918.85	11
3384.23	3605.87	11
4078.3	4327.5	11
4735.93	5040.79	11
5432.34	5751.72	11
6036.24	6478.24	11
0.86	0.86	12
1.01	0.99	12
1.22	1.1	12
1.55	1.5	12
2.03	2.34	12
2.59	4.13	12
3.15	6.65	12
4.44	13.17	12
6.08	25.32	12
11.39	49.96	12
19.95	100.58	12
38.61	200.37	12
73.86	396.62	12
148.35	803.44	12
290.8	1594.47	12
579.62	3121.22	12
1194.96	6334.71	12
2246.38	12238.59	12
3357.26	18068.15	12
4450.56	24062.88	12
5577.18	30021.82	12
6691.11	35828.46	12
7815.63	41709.55	12
8947.02	48282.46	12
10053.64	53721.71	12
0.89	1.05	12
1.2	0.96	12
0.98	0.94	12
1.81	1.46	12
1.78	1.75	12
2.43	2.2	12
2.34	2.29	12
3.42	3.71	12
3.57	4.03	12
5.64	5.98	12
8.59	9.65	12
13.54	13.75	12
21.87	21.57	12
37.9	38.8	12
69.8	71.58	12
132.21	131.21	12
258.7	261.1	12
491.1	506.1	12
753.28	736.71	12
1003.22	1013.93	12
1214.8	1267.12	12
1473.29	1462.11	12
1701.91	1713.13	12
1946.26	1966.13	12
2170.96	2193.86	12
0.83	0.78	12
0.92	0.8	12
1.11	1.19	12
1.49	1.44	12
1.51	2.13	12
2.38	3.92	12
2.48	6.83	12
4.32	12.69	12
6.62	25.6	12
10.63	49.6	12
19.59	98.66	12
37.17	194.03	12
72.57	391.54	12
142.47	783.03	12
293.46	1541.77	12
581.48	3155.12	12
1166.84	6289.13	12
2227.89	12230.45	12
3312.36	17925.03	12
4523.37	23810.95	12
5481.99	29632.68	12
6566.53	35873.25	12
7686.17	41395.49	12
8719.75	47273.14	12
9869.32	53242.85	12
0.96	1.0	12
1.0	1.08	12
1.01	1.06	12
1.64	1.33	12
1.64	1.9	12
2.42	2.6	12
2.47	2.35	12
3.71	3.44	12
4.08	3.77	12
6.03	5.93	12
9.2	8.31	12
13.25	13.41	12
20.9	21.4	12
37.45	39.39	12
68.45	70.14	12
129.78	134.62	12
250.16	259.28	12
490.79	504.07	12
734.8	741.24	12
964.17	980.64	12
1226.06	1233.94	12
1491.75	1530.85	12
1717.01	1755.97	12
1959.09	2008.12	12
2152.77	2214.11	12
0.68	0.57	13
0.72	0.69	13
1.15	1.02	13
1.57	1.35	13
2.8	2.71	13
3.67	5.02	13
5.5	6.79	13
7.65	10.43	13
12.77	11.3	13
12.88	11.83	13
13.17	11.17	13
9.4	11.25	13
12.39	14.97	13
16.59	14.8	13
20.66	15.66	13
26.55	22.32	13
41.1	32.65	13
67.58	47.86	13
121.75	81.35	13
232.54	144.17	13
440.67	268.62	13
664.96	392.34	13
885.16	516.11	13
1066.79	625.39	13
1293.69	739.87	13
1480.08	873.38	13
1741.4	995.18	13
1888.61	1108.14	13
0.6	0.65	13
0.76	0.8	13
0.99	1.13	13
1.61	1.5	13
2.67	2.43	13
3.26	4.23	13
9.24	7.59	13
7.45	9.62	13
8.48	16.23	13
14.14	16.41	13
12.99	20.07	13
17.97	23.45	13
18.15	34.31	13
25.75	50.46	13
34.83	82.17	13
56.77	156.41	13
97.48	295.97	13
184.01	571.85	13
367.3	1136.52	13
712.52	2256.94	13
1382.63	4368.65	13
2040.21	6474.07	13
2720.92	8618.06	13
3364.09	10792.56	13
4135.97	12807.4	13
4713.92	14946.53	13
5365.9	17016.76	13
6258.47	19123.44	13
0.56	0.67	13
0.97	0.78	13
1.01	1.01	13
1.67	1.48	13
2.52	2.71	13
4.49	4.62	13
7.15	8.48	13
6.28	10.37	13
7.46	13.85	13
10.12	13.21	13
12.62	12.52	13
10.81	13.12	13
15.63	13.92	13
15.53	17.02	13
18.38	18.28	13
25.46	21.26	13
44.46	30.67	13
74.4	48.34	13
136.2	78.57	13
243.79	149.0	13
468.16	264.07	13
657.87	382.81	13
800.1	509.47	13
984.53	618.18	13
1205.97	752.28	13
1380.89	896.69	13
1566.98	1015.36	13
1796.33	1117.25	13
0.65	0.66	13
0.72	0.76	13
1.07	1.0	13
1.53	1.66	13
2.93	2.67	13
3.53	4.48	13
7.65	7.74	13
9.05	10.98	13
7.52	13.34	13
11.73	16.88	13
9.78	19.5	13
16.25	23.36	13
17.1	31.58	13
25.46	48.38	13
33.94	85.96	13
53.83	153.73	13
95.08	295.42	13
184.87	575.66	13
359.15	1139.2	13
689.62	2289.43	13
1320.75	4325.35	13
1963.38	6431.61	13
2586.7	8524.01	13
3200.09	10614.57	13
3911.7	12730.31	13
4433.96	14787.28	13
5093.84	16889.37	13
5645.48	19205.4	13
0.67	0.67	14
0.78	0.79	14
1.06	1.25	14
1.53	1.67	14
3.08	2.91	14
4.63	4.32	14
7.89	7.16	14
10.28	12.85	14
12.15	11.53	14
11.1	13.79	14
12.97	14.84	14
13.1	17.39	14
18.81	18.82	14
23.54	23.67	14
34.44	33.08	14
51.32	49.87	14
95.25	85.38	14
171.51	152.97	14
338.59	296.49	14
655.21	570.55	14
1282.65	1115.07	14
1880.07	1654.57	14
2457.54	2136.06	14
3076.0	2677.81	14
3655.53	3175.12	14
4271.4	3695.78	14
5050.31	4216.1	14
5452.22	4754.88	14
0.65	0.61	14
0.81	1.01	14
1.27	1.21	14
1.77	1.64	14
2.69	2.84	14
4.27	5.28	14
5.49	9.32	14
12.59	11.45	14
11.11	12.49	14
13.77	15.49	14
13.35	15.38	14
15.04	18.46	14
20.64	26.57	14
24.43	42.41	14
29.3	73.42	14
46.25	133.9	14
80.96	249.72	14
150.04	481.27	14
290.29	958.49	14
560.83	1879.77	14
1062.68	3634.58	14
1605.12	5337.69	14
2082.98	7186.51	14
2648.04	8794.8	14
3110.1	10594.27	14
3585.7	12214.26	14
4090.96	13945.87	14
4621.94	15613.62	14
0.56	0.64	14
0.87	0.7	14
1.03	1.11	14
1.56	1.76	14
2.32	2.61	14
4.08	4.43	14
7.04	7.47	14
10.57	10.85	14
12.77	15.0	14
10.66	14.55	14
12.43	16.0	14
13.04	15.34	14
18.5	17.15	14
21.0	23.76	14
34.79	30.79	14
54.39	49.26	14
93.82	83.68	14
178.99	157.01	14
335.84	296.39	14
680.58	573.7	14
1296.08	1109.55	14
1824.96	1650.05	14
2422.28	2141.61	14
2969.55	2659.01	14
3564.4	3169.61	14
4164.96	3686.99	14
4706.25	4258.01	14
5294.16	4716.12	14
0.77	0.69	14
0.79	0.81	14
1.38	1.2	14
1.67	1.73	14
2.99	2.72	14
4.62	4.65	14
5.1	7.62	14
11.02	9.27	14
10.74	14.6	14
11.04	14.83	14
12.85	16.72	14
13.86	21.06	14
17.5	25.55	14
21.76	41.72	14
29.71	71.62	14
46.81	130.15	14
78.73	243.28	14
148.57	468.87	14
288.52	930.12	14
554.46	1836.24	14
1071.83	3585.46	14
1562.79	5289.0	14
2163.9	7019.45	14
2591.23	9036.63	14
3065.34	10437.2	14
3651.34	12112.09	14
4077.17	13882.23	14
4542.19	15531.03	14
0.75	0.67	15
0.89	0.86	15
1.24	1.36	15
2.03	1.69	15
2.84	2.98	15
4.37	4.57	15
7.55	7.19	15
7.67	11.62	15
7.89	12.38	15
11.65	13.68	15
10.92	16.45	15
15.78	17.75	15
16.82	26.85	15
22.38	42.54	15
26.26	73.09	15
47.87	131.52	15
79.46	247.13	15
148.08	484.13	15
284.63	945.93	15
548.75	1845.38	15
1062.06	3578.55	15
1572.92	5323.37	15
2075.36	7037.27	15
2583.08	8770.41	15
3104.89	10516.12	15
3612.34	12222.74	15
4095.69	14360.67	15
4613.12	15674.72	15
0.69	0.7	15
0.99	0.76	15
1.17	1.05	15
1.8	1.84	15
2.68	2.67	15
4.57	4.65	15
6.97	8.36	15
7.01	11.55	15
8.5	14.57	15
13.09	16.39	15
12.97	14.89	15
11.72	18.91	15
15.19	19.3	15
22.49	23.11	15
32.59	31.94	15
53.13	51.86	15
93.33	87.08	15
175.0	151.94	15
336.67	300.42	15
654.93	576.75	15
1270.83	1116.04	15
1864.11	1628.87	15
2475.85	2144.96	15
3082.13	2675.53	15
3668.38	3206.81	15
4261.51	3710.21	15
4948.78	4254.68	15
5469.38	4801.82	15
0.66	0.62	15
0.77	0.89	15
1.01	1.05	15
1.59	1.5	15
3.21	2.82	15
4.26	4.74	15
6.93	7.4	15
10.11	9.41	15
11.47	12.74	15
13.78	16.45	15
15.3	16.45	15
12.49	20.71	15
17.36	29.21	15
20.58	42.21	15
28.61	70.96	15
45.95	131.21	15
80.77	245.66	15
147.7	471.69	15
287.75	935.36	15
548.41	1825.98	15
1078.91	3544.13	15
1550.32	5334.5	15
2053.0	7058.22	15
2550.01	8661.52	15
3054.93	10415.43	15
3536.69	12117.27	15
4027.52	13819.0	15
4566.92	15546.9	15
0.66	0.73	15
0.91	0.8	15
1.05	1.29	15
1.74	1.75	15
2.81	2.7	15
4.41	4.67	15
5.57	7.6	15
9.74	11.64	15
11.75	14.26	15
8.68	15.93	15
15.37	16.43	15
14.96	17.63	15
17.13	18.18	15
22.75	23.97	15
30.15	33.11	15
57.01	51.66	15
93.57	86.76	15
183.14	156.98	15
345.96	295.17	15
664.36	573.26	15
1255.85	1103.42	15
1830.85	1621.84	15
2418.43	2148.05	15
3014.33	2663.84	15
3561.25	3224.68	15
4136.34	3711.53	15
4719.34	4214.06	15
5337.35	4770.99	15
0.6	0.59	16
0.73	0.68	16
0.93	1.07	16
1.63	1.62	16
2.65	2.73	16
3.97	4.61	16
6.27	7.74	16
8.97	11.09	16
10.74	14.83	16
12.97	14.87	16
14.66	18.05	16
16.67	23.1	16
16.73	32.51	16
25.46	51.49	16
35.66	86.97	16
60.95	157.76	16
103.7	301.44	16
197.43	591.73	16
362.68	1160.57	16
718.8	2257.59	16
1382.89	4367.11	16
2046.83	6496.03	16
2692.45	8605.79	16
3445.11	10740.47	16
4146.96	12834.21	16
4695.47	15042.59	16
5362.49	17037.59	16
6031.21	19328.43	16
0.6	0.58	16
0.78	0.77	16
0.95	0.93	16
1.79	1.83	16
2.88	3.0	16
4.66	4.96	16
7.06	7.28	16
10.53	10.14	16
13.13	10.64	16
10.11	12.09	16
12.14	11.05	16
12.71	13.69	16
15.58	14.36	16
17.22	18.74	16
21.54	19.39	16
26.37	21.57	16
42.79	30.55	16
67.49	50.68	16
118.99	78.13	16
233.18	144.23	16
438.83	272.95	16
662.16	398.35	16
853.22	525.62	16
1081.34	674.96	16
1284.28	763.66	16
1545.36	895.06	16
1679.01	1017.1	16
1933.85	1112.13	16
0.55	0.57	16
0.6	0.65	16
0.95	0.91	16
1.54	1.93	16
2.59	2.54	16
4.61	3.76	16
7.31	6.66	16
10.35	10.7	16
11.43	14.62	16
14.37	17.03	16
12.73	18.62	16
14.32	23.64	16
19.72	32.19	16
24.01	51.81	16
32.07	84.17	16
58.25	157.41	16
98.61	302.45	16
184.76	574.39	16
364.89	1130.21	16
709.61	2263.97	16
1297.55	4393.75	16
1939.3	6425.28	16
2555.5	8510.87	16
3156.88	10758.4	16
3906.16	12711.31	16
4434.45	14807.76	16
5067.23	16900.84	16
5767.85	19053.64	16
0.58	0.58	16
0.74	0.73	16
0.95	0.97	16
1.85	1.74	16
3.05	2.51	16
4.78	5.11	16
6.98	6.77	16
9.28	9.32	16
9.63	12.02	16
11.96	12.04	16
12.75	12.86	16
14.2	13.76	16
13.61	14.83	16
16.36	15.07	16
19.67	17.97	16
26.21	23.55	16
45.53	30.82	16
71.85	45.98	16
126.1	79.88	16
246.19	146.82	16
448.06	277.54	16
660.92	389.15	16
804.14	530.24	16
997.81	641.47	16
1211.79	758.62	16
1425.75	876.78	16
1550.05	1023.44	16
1740.71	1121.41	16
0.71	0.73	17
0.91	1.02	17
1.75	1.74	17
2.36	2.39	17
3.73	3.97	17
5.62	6.01	17
8.62	8.56	17
11.48	12.63	17
12.46	12.9	17
13.35	11.62	17
13.1	13.41	17
14.43	13.15	17
16.91	15.47	17
17.72	17.37	17
27.33	22.5	17
38.04	31.16	17
60.02	49.09	17
104.88	86.2	17
193.41	154.03	17
385.84	302.54	17
740.2	578.89	17
1080.87	838.68	17
1419.24	1110.48	17
1785.75	1382.29	17
2164.71	1681.49	17
2471.22	1912.04	17
2823.45	2176.24	17
3168.16	2457.05	17
0.7	0.71	17
0.98	0.93	17
1.33	1.36	17
2.34	2.41	17
3.37	4.08	17
6.47	6.99	17
7.21	8.71	17
13.86	14.96	17
12.96	16.27	17
16.06	18.18	17
15.24	25.51	17
20.5	37.01	17
27.44	57.51	17
38.29	104.76	17
63.16	197.04	17
104.21	382.37	17
200.97	743.74	17
390.96	1467.7	17
772.7	2898.41	17
1520.27	5780.33	17
2968.96	11446.63	17
4372.89	16914.7	17
5837.29	22219.45	17
7227.26	27716.13	17
8710.53	33420.39	17
10091.03	38648.34	17
11552.55	44119.98	17
13208.72	49571.38	17
0.68	0.65	17
0.92	0.9	17
1.34	1.27	17
2.49	2.16	17
3.95	4.04	17
5.86	6.34	17
8.68	9.07	17
7.89	13.16	17
12.24	12.44	17
13.18	13.5	17
13.43	12.66	17
14.32	13.63	17
14.56	15.31	17
15.16	18.08	17
26.24	21.94	17
37.43	29.96	17
61.98	50.46	17
108.21	83.04	17
187.94	155.47	17
374.55	286.07	17
651.02	552.21	17
978.67	834.61	17
1307.56	1088.16	17
1610.15	1386.97	17
1913.01	1642.96	17
2219.57	1894.4	17
2544.21	2220.11	17
2849.11	2431.35	17
0.7	0.69	17
0.93	0.92	17
1.41	1.42	17
2.15	2.23	17
3.8	3.86	17
6.44	6.19	17
7.37	8.97	17
11.22	12.1	17
16.34	18.43	17
14.96	19.38	17
13.79	25.94	17
20.4	36.88	17
24.25	57.7	17
36.22	103.78	17
57.53	195.19	17
109.73	383.31	17
201.32	735.38	17
399.47	1467.73	17
776.04	2947.94	17
1483.99	5750.21	17
2901.23	11215.97	17
4309.81	16659.44	17
5705.1	22102.81	17
7110.15	27507.74	17
8649.72	33164.99	17
10044.41	38709.94	17
11475.48	43826.92	17
12632.27	49293.13	17
0.84	0.78	18
1.03	0.93	18
1.47	1.39	18
2.17	2.48	18
3.77	3.91	18
6.21	6.67	18
9.46	9.3	18
11.93	13.61	18
10.01	13.17	18
12.93	14.21	18
15.04	13.73	18
16.01	17.82	18
20.42	19.85	18
26.17	26.91	18
38.12	40.58	18
73.0	67.61	18
135.81	119.62	18
249.04	219.41	18
482.27	421.19	18
933.53	833.36	18
1825.24	1597.39	18
2696.93	2349.62	18
3578.57	3126.79	18
4450.92	3880.71	18
5317.37	4648.7	18
6169.74	5418.32	18
7134.44	6190.75	18
7933.81	6953.78	18
0.83	0.84	18
1.0	1.04	18
1.43	1.42	18
2.3	2.36	18
3.79	3.84	18
6.03	6.31	18
8.05	8.15	18
12.86	11.91	18
12.87	15.19	18
15.94	17.85	18
14.61	23.47	18
18.82	32.47	18
25.22	54.69	18
34.23	95.62	18
57.2	175.79	18
95.21	345.38	18
180.88	664.89	18
352.78	1328.93	18
681.61	2663.49	18
1375.49	5300.85	18
2658.56	10343.59	18
3929.72	15287.82	18
5280.75	20291.84	18
6598.56	25751.59	18
7791.32	30715.35	18
9173.78	35207.83	18
10315.04	40385.41	18
11571.48	45076.33	18
0.72	0.74	18
0.94	1.01	18
1.44	1.42	18
2.29	2.26	18
3.6	3.73	18
6.15	6.45	18
7.66	10.21	18
10.73	12.31	18
12.99	13.3	18
11.67	13.76	18
15.94	16.04	18
13.7	16.9	18
20.88	21.28	18
28.11	25.96	18
43.02	39.8	18
73.56	66.23	18
128.95	114.17	18
244.39	219.93	18
474.02	427.98	18
906.81	830.17	18
1761.4	1613.4	18
2588.71	2378.49	18
3409.53	3158.02	18
4238.55	3874.17	18
5069.02	4656.74	18
5870.33	5389.63	18
6736.29	6171.86	18
7546.14	6931.73	18
0.76	0.77	18
1.04	1.07	18
1.54	1.39	18
2.46	2.39	18
3.84	3.99	18
6.37	6.27	18
8.96	8.8	18
13.34	11.42	18
13.25	15.48	18
13.56	18.49	18
17.3	21.96	18
18.07	34.83	18
23.25	53.9	18
36.52	95.37	18
56.27	183.03	18
100.46	344.52	18
183.62	682.41	18
345.95	1345.42	18
695.8	2645.5	18
1377.28	5324.1	18
2614.53	10312.74	18
4037.59	15121.72	18
5130.53	20375.2	18
6395.8	25046.35	18
7656.01	30051.1	18
8923.6	35182.87	18
10216.86	39879.98	18
11415.51	44838.89	18
0.82	0.8	19
0.92	0.99	19
1.45	1.6	19
2.35	2.52	19
3.12	4.09	19
6.04	6.66	19
9.19	8.84	19
13.7	13.2	19
12.5	15.27	19
15.56	18.07	19
15.56	23.98	19
16.9	33.65	19
24.4	54.07	19
36.7	97.54	19
55.32	181.72	19
100.15	350.43	19
180.63	680.57	19
349.79	1336.65	19
680.21	2642.56	19
1357.04	5248.97	19
2634.01	10225.45	19
3910.23	15233.49	19
5166.24	20191.07	19
6479.16	25156.97	19
7756.22	30165.01	19
9227.69	35078.96	19
10335.81	40054.04	19
11548.75	45994.3	19
0.73	0.81	19
1.03	1.07	19
1.52	1.62	19
2.47	2.29	19
4.06	3.66	19
5.95	6.18	19
8.05	9.24	19
10.62	12.69	19
14.94	12.98	19
14.87	14.53	19
13.51	15.03	19
14.08	16.95	19
20.68	20.96	19
27.1	24.48	19
44.8	40.66	19
72.99	67.65	19
129.51	118.89	19
247.2	219.47	19
473.79	421.06	19
937.24	826.07	19
1824.03	1593.25	19
2727.33	2362.13	19
3555.33	3162.65	19
4473.7	3913.68	19
5320.31	4675.21	19
6243.33	5436.46	19
7062.5	6266.02	19
7958.59	6976.94	19
0.74	0.76	19
0.95	1.01	19
1.46	1.45	19
2.55	2.34	19
3.92	4.22	19
6.37	6.42	19
8.84	9.95	19
11.18	13.45	19
14.07	14.86	19
15.99	16.93	19
17.72	24.2	19
17.58	32.85	19
23.67	52.96	19
33.44	95.52	19
54.86	179.88	19
98.86	345.79	19
177.39	681.76	19
345.52	1323.59	19
670.95	2629.22	19
1341.83	5192.16	19
2590.38	10084.61	19
3832.43	15043.13	19
5085.17	19965.75	19
6329.09	24899.78	19
7767.73	29841.63	19
8877.79	35131.96	19
10086.75	40489.9	19
11353.23	45102.19	19
0.82	0.79	19
0.97	0.99	19
2.07	1.46	19
2.17	2.15	19
3.61	3.97	19
6.71	6.2	19
8.54	9.74	19
10.56	13.64	19
12.78	12.57	19
13.59	19.51	19
14.43	14.21	19
16.29	17.07	19
20.51	19.25	19
27.12	26.24	19
42.42	41.1	19
71.1	65.69	19
129.76	115.08	19
247.24	217.51	19
468.73	419.61	19
927.51	833.1	19
1737.98	1590.54	19
2582.06	2366.35	19
3419.77	3133.99	19
4239.88	3889.57	19
5065.4	4653.38	19
5927.24	5412.38	19
6837.33	6175.79	19
7688.23	6957.13	19
0.61	0.69	20
0.92	0.86	20
1.39	1.33	20
2.22	2.17	20
3.93	3.64	20
6.07	6.61	20
9.39	9.27	20
12.02	11.77	20
10.98	15.28	20
15.01	18.29	20
16.81	24.13	20
17.89	35.62	20
26.69	60.41	20
37.41	102.99	20
60.84	190.79	20
106.57	373.16	20
199.51	729.23	20
390.32	1450.02	20
768.39	2873.48	20
1559.95	5790.53	20
3026.53	11226.98	20
4474.93	16712.17	20
5772.38	22091.46	20
7189.38	27446.76	20
8621.12	32704.18	20
10058.23	38047.25	20
11435.52	43472.28	20
13203.89	48789.24	20
0.67	0.66	20
1.08	0.89	20
1.34	1.42	20
2.24	2.32	20
4.12	3.71	20
5.6	6.22	20
7.41	9.46	20
9.95	11.35	20
12.42	16.04	20
12.45	12.67	20
13.43	12.1	20
13.2	14.59	20
14.69	15.26	20
18.33	18.73	20
25.25	24.18	20
40.53	31.48	20
61.74	48.67	20
115.08	90.87	20
202.08	159.48	20
376.05	298.83	20
730.39	556.06	20
1091.06	823.74	20
1429.95	1100.19	20
1758.95	1389.26	20
2116.45	1651.4	20
2473.94	1914.84	20
2878.18	2172.59	20
3188.95	2464.14	20
0.65	0.62	20
0.86	0.83	20
1.21	1.36	20
2.15	2.12	20
3.83	3.72	20
6.05	5.92	20
6.53	8.87	20
8.15	12.67	20
15.18	15.35	20
14.06	18.41	20
17.9	21.75	20
19.75	36.91	20
22.88	58.04	20
33.27	100.47	20
58.53	191.43	20
104.97	368.5	20
198.87	719.92	20
378.45	1431.49	20
747.2	2841.02	20
1460.61	5663.86	20
2860.85	10980.91	20
4217.25	16321.72	20
5630.34	21684.08	20
6963.42	27035.56	20
8365.45	32422.42	20
9724.47	37804.85	20
11163.07	43426.04	20
12469.61	48811.37	20
0.69	0.76	20
0.89	0.99	20
1.38	1.34	20
2.21	2.32	20
3.98	4.01	20
5.32	6.18	20
9.16	8.29	20
8.52	10.13	20
8.32	11.18	20
9.22	13.45	20
13.4	13.24	20
12.62	14.42	20
12.55	16.68	20
16.35	18.08	20
25.53	24.27	20
37.16	31.74	20
57.89	50.88	20
98.38	89.79	20
183.02	157.54	20
340.18	298.62	20
673.37	561.04	20
987.14	839.09	20
1268.42	1101.04	20
1601.09	1357.73	20
1904.56	1655.69	20
2234.46	1916.91	20
2543.56	2183.6	20
2839.25	2453.88	20
