0.96	0.85	1
1.35	1.27	1
1.64	2.04	1
2.6	3.02	1
4.25	4.19	1
6.33	7.15	1
6.29	6.38	1
8.5	8.31	1
9.87	10.3	1
14.56	15.97	1
25.47	26.16	1
46.49	43.24	1
82.75	86.38	1
165.38	165.05	1
323.12	313.01	1
629.35	625.39	1
1221.53	1219.53	1
1925.99	1947.13	1
2276.55	2255.35	1
2515.97	2541.14	1
2738.57	2741.59	1
2968.84	2888.33	1
3125.26	3229.1	1
3399.03	3398.09	1
3560.52	3478.55	1
0.76	0.89	1
1.15	1.08	1
1.47	1.66	1
2.32	2.56	1
4.14	2.73	1
4.88	5.28	1
5.77	5.35	1
8.78	8.87	1
10.96	9.53	1
19.12	18.89	1
32.94	32.43	1
61.58	61.72	1
118.59	121.04	1
235.02	240.23	1
444.61	465.68	1
895.71	902.25	1
1723.32	1718.39	1
2710.56	2776.87	1
3341.83	3303.68	1
3948.77	3911.38	1
4461.74	4494.73	1
5135.59	4979.48	1
5635.45	5540.99	1
6028.19	6087.78	1
6499.57	6556.27	1
0.76	0.84	1
1.17	1.22	1
1.87	1.74	1
2.9	2.82	1
5.47	3.63	1
4.38	6.5	1
4.77	6.08	1
7.84	9.82	1
9.98	10.99	1
14.84	17.8	1
25.38	28.96	1
47.35	47.66	1
90.34	89.3	1
175.44	172.45	1
316.54	323.78	1
633.65	633.35	1
1233.2	1217.63	1
2000.13	1945.37	1
2213.24	2239.28	1
2468.43	2472.67	1
2709.48	2670.72	1
2895.17	2880.01	1
3042.62	3040.64	1
3210.93	3203.97	1
3377.87	3354.86	1
0.85	0.93	1
1.0	1.27	1
1.34	1.6	1
2.41	2.48	1
4.11	4.17	1
5.19	5.07	1
6.03	5.34	1
6.84	6.98	1
12.11	9.99	1
18.72	18.18	1
33.76	32.47	1
63.81	62.59	1
120.95	114.24	1
235.71	234.83	1
445.36	458.62	1
868.11	891.56	1
1700.66	1693.5	1
2722.24	2628.26	1
3301.41	3265.9	1
3781.33	3782.07	1
4329.81	4341.0	1
4867.13	4841.14	1
5380.85	5364.43	1
5846.01	6025.22	1
6296.6	6291.24	1
1.04	0.88	2
1.31	1.22	2
1.97	1.87	2
3.28	2.71	2
4.99	3.9	2
5.85	6.75	2
6.13	7.0	2
7.16	8.68	2
12.03	13.43	2
18.48	21.02	2
34.36	34.14	2
65.56	63.71	2
122.72	124.05	2
247.75	240.52	2
487.59	486.67	2
894.27	884.76	2
1737.87	1754.38	2
2703.1	2689.95	2
3381.84	3271.37	2
3854.78	3848.04	2
4429.66	4404.2	2
4915.59	4925.01	2
5457.57	5573.39	2
5953.44	6077.48	2
6480.69	6463.88	2
1.07	0.89	2
1.32	1.43	2
2.3	2.12	2
3.79	4.04	2
6.85	5.52	2
6.24	7.17	2
7.61	8.23	2
9.07	9.73	2
10.81	13.33	2
20.28	17.12	2
26.97	27.16	2
48.32	49.88	2
84.21	87.39	2
168.09	173.11	2
309.9	325.66	2
622.14	628.76	2
1213.45	1238.42	2
1916.52	1930.39	2
2215.81	2284.13	2
2579.28	2615.03	2
2757.29	2805.85	2
2968.16	2984.13	2
3162.06	3212.01	2
3367.63	3365.84	2
3515.97	3529.86	2
0.81	1.31	2
1.27	1.14	2
1.75	1.67	2
2.98	2.69	2
4.0	5.11	2
4.13	3.52	2
5.6	5.91	2
6.76	8.13	2
11.09	11.1	2
19.16	18.36	2
34.17	34.22	2
62.03	63.05	2
120.31	120.74	2
241.34	238.67	2
453.1	461.73	2
880.88	875.8	2
1697.98	1664.53	2
2597.92	2611.02	2
3273.12	3187.95	2
3695.96	3727.9	2
4238.29	4348.2	2
4704.62	4702.03	2
5252.05	5263.27	2
5706.22	5769.81	2
6250.17	6392.63	2
1.08	1.13	2
1.4	1.37	2
2.05	2.16	2
3.99	3.91	2
6.05	6.08	2
3.93	7.38	2
8.79	7.74	2
8.26	8.63	2
11.47	8.95	2
18.5	18.3	2
25.6	26.0	2
48.35	44.58	2
84.61	89.83	2
170.16	167.42	2
321.75	328.21	2
621.13	622.31	2
1182.28	1230.9	2
1889.01	1919.23	2
2196.37	2237.84	2
2463.12	2479.66	2
2695.4	2710.96	2
2922.83	2934.85	2
3112.19	3203.13	2
3290.3	3311.34	2
3526.02	3514.65	2
0.99	1.04	3
1.43	1.45	3
2.24	2.19	3
3.55	3.74	3
5.38	5.59	3
5.6	6.42	3
9.69	9.67	3
10.23	9.64	3
10.43	12.35	3
16.37	18.91	3
27.15	27.85	3
47.9	48.61	3
87.87	84.37	3
170.18	160.79	3
313.55	330.65	3
636.43	613.45	3
1159.99	1220.39	3
1922.61	1914.44	3
2216.4	2217.35	3
2536.69	2524.22	3
2737.14	2757.14	3
2987.28	2985.7	3
3223.62	3268.6	3
3335.45	3346.12	3
3490.67	3528.53	3
1.0	0.89	3
1.15	1.18	3
1.82	1.81	3
3.06	2.94	3
4.69	4.12	3
5.24	4.96	3
7.92	7.58	3
9.4	9.54	3
12.25	14.01	3
19.11	20.25	3
32.74	32.8	3
62.98	64.98	3
121.77	119.84	3
244.25	246.66	3
482.63	489.76	3
909.12	910.98	3
1728.49	1731.11	3
2774.34	2708.09	3
3313.26	3299.81	3
3876.22	3894.98	3
4400.17	4510.59	3
4935.19	4917.41	3
5468.88	5441.65	3
6089.31	5975.39	3
6469.98	6466.91	3
1.37	1.68	3
1.26	1.17	3
2.18	2.29	3
3.34	3.46	3
3.87	5.1	3
5.39	5.61	3
5.8	8.19	3
8.85	9.34	3
10.06	13.18	3
17.52	18.26	3
27.43	26.97	3
46.39	47.64	3
81.19	88.95	3
166.64	170.37	3
333.65	320.99	3
610.21	611.98	3
1218.88	1208.42	3
1912.22	1978.27	3
2198.97	2168.77	3
2499.09	2425.97	3
2684.95	2738.39	3
2916.12	2905.22	3
3112.09	3114.28	3
3273.32	3298.57	3
3394.44	3429.14	3
0.98	0.82	3
1.25	1.23	3
1.92	1.83	3
3.04	2.95	3
5.08	4.61	3
5.24	6.85	3
6.07	5.62	3
8.89	8.92	3
13.9	12.91	3
20.64	18.64	3
35.62	35.34	3
63.33	63.74	3
120.28	123.5	3
238.99	242.83	3
454.61	470.07	3
881.06	909.26	3
1694.17	1687.45	3
2637.89	2730.66	3
3156.04	3181.37	3
3730.01	3739.58	3
4273.03	4243.1	3
4871.01	4773.75	3
5269.52	5271.45	3
5788.77	5760.48	3
6267.19	6275.32	3
0.86	0.92	4
1.22	1.81	4
1.78	1.83	4
2.79	3.14	4
3.99	4.76	4
5.81	6.49	4
6.86	5.41	4
8.1	9.09	4
13.47	11.82	4
20.62	19.44	4
33.48	34.35	4
61.7	62.55	4
121.98	122.74	4
237.28	238.52	4
460.42	470.59	4
937.45	955.06	4
1737.06	1743.68	4
2711.82	2649.97	4
3304.35	3276.16	4
3851.72	3991.43	4
4451.5	4429.95	4
4984.85	4971.54	4
5474.86	5492.65	4
6013.2	6025.2	4
6585.59	6518.22	4
1.0	0.91	4
1.38	1.33	4
2.19	2.47	4
4.18	3.8	4
5.59	5.75	4
7.78	5.94	4
8.48	10.29	4
8.68	10.45	4
11.35	11.35	4
19.71	17.33	4
30.68	29.69	4
49.53	50.22	4
93.47	86.28	4
165.23	164.04	4
314.12	325.74	4
625.34	608.61	4
1208.42	1177.86	4
1941.74	1928.63	4
2280.77	2320.73	4
2531.64	2502.98	4
2737.0	2725.79	4
3011.7	2936.92	4
3143.22	3164.99	4
3461.18	3337.8	4
3478.65	3505.95	4
0.92	0.82	4
1.47	1.24	4
1.75	1.7	4
2.92	3.09	4
3.86	4.23	4
4.4	3.95	4
6.19	6.56	4
6.69	7.52	4
11.9	11.17	4
19.45	19.51	4
33.1	34.09	4
62.96	63.63	4
116.72	120.4	4
235.88	229.42	4
447.99	447.07	4
925.29	907.29	4
1639.32	1650.72	4
2588.93	2594.35	4
3200.34	3197.56	4
3752.62	3726.59	4
4321.94	4369.56	4
4844.61	4818.05	4
5447.35	5321.03	4
5803.62	5804.47	4
6219.31	6263.66	4
0.86	0.86	4
1.5	1.37	4
2.13	2.23	4
2.07	3.99	4
5.3	5.23	4
8.32	5.63	4
7.39	8.57	4
6.99	9.39	4
12.64	11.68	4
16.17	18.83	4
25.26	29.42	4
49.97	49.12	4
90.83	84.59	4
166.21	167.72	4
321.69	310.63	4
649.71	651.6	4
1179.43	1168.93	4
1922.52	1902.48	4
2233.52	2197.43	4
2474.41	2437.91	4
2689.26	2689.62	4
2883.01	3103.35	4
3081.06	3047.02	4
3240.73	3323.23	4
3378.3	3394.92	4
1.15	1.18	5
1.13	1.15	5
1.15	1.18	5
1.16	1.26	5
1.79	1.41	5
1.87	1.81	5
1.64	1.92	5
2.75	2.99	5
3.15	2.76	5
4.33	4.34	5
5.84	5.75	5
8.41	8.65	5
11.72	12.19	5
21.05	19.04	5
35.29	32.72	5
61.64	61.63	5
122.72	112.27	5
224.84	216.57	5
314.81	320.29	5
428.86	411.14	5
527.28	515.96	5
618.98	620.63	5
735.58	723.46	5
848.85	839.48	5
993.94	932.3	5
1.11	1.08	5
1.11	1.15	5
1.19	1.25	5
1.37	1.2	5
1.64	1.69	5
2.26	2.15	5
2.94	3.43	5
5.64	5.77	5
10.18	10.37	5
19.38	19.18	5
31.54	37.79	5
73.95	73.99	5
122.85	148.07	5
296.01	294.89	5
484.32	583.48	5
973.1	1168.06	5
1607.38	2337.3	5
4545.9	4620.52	5
6831.51	6743.41	5
7448.25	8986.4	5
9351.95	11503.34	5
13337.69	13390.14	5
10317.01	15557.32	5
14791.86	17735.8	5
16594.17	19913.77	5
0.97	1.03	5
0.97	0.97	5
0.93	1.0	5
1.11	1.23	5
1.38	1.62	5
2.06	1.84	5
1.81	1.7	5
2.83	2.48	5
3.75	3.44	5
4.76	4.35	5
6.89	6.14	5
8.61	9.29	5
12.53	14.87	5
20.22	19.25	5
40.38	47.99	5
67.49	71.92	5
146.0	111.56	5
316.54	256.37	5
340.86	388.97	5
432.5	417.67	5
511.4	654.38	5
608.4	876.62	5
724.27	889.0	5
865.02	824.63	5
1135.53	919.28	5
1.11	1.15	5
1.2	1.17	5
1.26	1.14	5
1.47	1.37	5
1.75	1.66	5
2.07	2.19	5
3.51	3.66	5
4.69	6.21	5
9.21	11.42	5
18.48	21.26	5
32.81	38.45	5
63.6	76.94	5
125.31	149.37	5
250.91	308.95	5
486.71	604.82	5
1016.1	1160.18	5
1926.36	2317.77	5
4512.8	4592.6	5
7058.85	6832.44	5
9208.5	9258.51	5
9293.15	11383.45	5
13465.05	13473.7	5
10277.71	15432.2	5
11727.45	18055.68	5
20480.36	20374.25	5
1.01	1.09	6
1.35	1.09	6
1.19	1.09	6
1.24	1.44	6
1.42	1.52	6
2.03	2.3	6
2.4	2.55	6
3.54	3.44	6
4.55	4.62	6
8.28	7.67	6
13.13	12.69	6
23.87	23.83	6
41.73	38.94	6
75.03	74.26	6
141.38	142.51	6
275.06	272.54	6
551.75	549.28	6
1060.1	1042.74	6
1545.9	1537.5	6
2041.59	2025.14	6
2556.93	2537.07	6
3008.05	3042.69	6
3510.33	3514.3	6
4004.81	4030.09	6
4619.42	4536.88	6
1.01	1.3	6
1.02	1.35	6
1.62	1.3	6
1.49	1.53	6
2.0	1.72	6
2.31	2.4	6
3.44	3.38	6
4.26	5.77	6
8.19	10.16	6
18.89	17.54	6
32.79	34.45	6
65.83	65.81	6
105.98	130.17	6
167.4	255.18	6
506.78	506.16	6
1003.96	1005.2	6
2006.32	2002.93	6
3218.24	3928.92	6
3720.85	5808.89	6
7726.54	7802.35	6
9642.57	9623.02	6
11537.84	11491.57	6
13597.0	13362.52	6
12678.29	15403.35	6
10996.58	17130.75	6
1.05	0.94	6
1.03	1.04	6
0.99	1.11	6
1.36	1.22	6
1.41	1.39	6
1.86	1.81	6
2.57	2.88	6
3.57	4.01	6
4.42	4.66	6
8.73	8.29	6
15.96	15.46	6
26.17	26.44	6
42.38	41.05	6
84.32	77.57	6
142.42	142.35	6
281.28	279.89	6
563.32	578.69	6
1100.4	1226.89	6
1561.06	1618.4	6
2199.52	2037.61	6
2706.57	2655.52	6
3162.65	3333.98	6
3551.6	3505.98	6
4190.62	4010.58	6
4490.89	4484.86	6
1.05	1.13	6
1.08	1.15	6
1.35	1.34	6
1.46	1.54	6
2.11	1.81	6
2.83	2.7	6
3.66	3.52	6
5.96	6.2	6
9.16	11.25	6
17.42	19.72	6
34.2	35.84	6
68.08	71.63	6
108.81	133.57	6
270.52	270.09	6
505.14	538.94	6
999.24	1004.76	6
1306.52	1993.8	6
3992.78	3963.26	6
5767.97	5770.68	6
6305.02	7661.92	6
7862.32	9504.84	6
9611.76	11850.82	6
13333.35	13586.08	6
15337.79	15153.46	6
14056.95	17338.55	6
0.96	1.21	7
1.03	1.28	7
1.22	1.31	7
1.58	1.55	7
2.0	1.73	7
2.57	2.73	7
3.55	3.48	7
6.03	6.2	7
6.89	10.24	7
15.93	18.1	7
35.42	34.52	7
44.62	67.34	7
107.7	131.23	7
213.31	258.99	7
510.26	507.72	7
832.47	1011.13	7
1658.52	2010.64	7
3220.89	3920.58	7
3755.14	5826.27	7
7717.53	7743.88	7
7889.87	9613.73	7
5308.16	11504.59	7
13404.07	13377.14	7
15319.49	15306.32	7
14137.93	17188.48	7
1.13	1.11	7
1.22	1.04	7
1.08	1.02	7
1.32	1.15	7
1.53	1.51	7
2.21	2.04	7
2.48	2.35	7
3.38	3.59	7
4.86	4.08	7
7.51	7.62	7
13.6	13.81	7
23.1	24.12	7
41.12	40.2	7
75.77	73.46	7
140.27	142.01	7
273.76	278.12	7
537.42	542.06	7
1066.48	1040.97	7
1546.83	1537.84	7
2059.61	2044.76	7
2604.87	2553.37	7
3078.86	3053.53	7
3598.34	3546.35	7
4119.93	4065.66	7
4638.52	4521.58	7
0.97	1.11	7
0.93	1.01	7
1.18	1.3	7
1.43	1.16	7
1.99	1.78	7
2.53	2.61	7
3.6	3.99	7
5.58	6.66	7
9.55	11.71	7
16.75	20.31	7
39.14	37.68	7
67.76	69.31	7
93.21	132.55	7
214.37	262.66	7
512.1	531.21	7
875.52	1070.05	7
1652.2	2049.39	7
3909.38	3971.65	7
4857.84	5878.01	7
7993.18	7653.9	7
7837.27	9584.59	7
11453.63	12029.67	7
11586.94	13326.94	7
12892.25	15528.62	7
11048.69	17421.36	7
1.08	0.97	7
1.13	1.05	7
1.25	1.21	7
1.25	1.43	7
1.34	1.26	7
1.83	1.69	7
2.6	2.71	7
3.34	4.04	7
5.22	5.24	7
8.17	9.08	7
14.3	15.4	7
23.43	24.78	7
41.15	41.52	7
83.64	75.53	7
142.56	141.97	7
279.73	274.62	7
563.81	538.98	7
1048.17	1092.48	7
1530.66	1622.68	7
2141.26	2139.05	7
2662.04	2522.52	7
3031.56	3019.85	7
3526.92	3697.02	7
4012.44	4217.19	7
4572.26	4732.08	7
1.11	1.01	8
0.95	1.04	8
1.12	1.26	8
1.32	1.32	8
1.41	1.58	8
2.07	2.05	8
3.1	3.2	8
4.78	5.5	8
8.73	10.26	8
19.37	19.63	8
38.09	37.8	8
61.5	74.15	8
120.65	146.03	8
242.5	293.11	8
487.63	585.66	8
1166.4	1161.65	8
1929.06	2329.91	8
3769.34	4532.5	8
6863.76	6736.2	8
9073.14	8952.95	8
11150.18	11136.05	8
13488.78	13355.75	8
12940.73	15557.35	8
14707.57	17806.78	8
16535.06	19930.47	8
1.02	1.1	8
1.03	1.0	8
1.08	1.24	8
1.23	1.0	8
1.6	1.56	8
1.76	1.61	8
1.89	1.78	8
2.48	2.49	8
2.68	2.96	8
4.57	4.33	8
5.5	5.58	8
8.93	8.66	8
14.02	11.46	8
19.2	19.59	8
33.46	32.57	8
60.24	58.76	8
122.35	118.3	8
228.69	220.74	8
321.4	332.32	8
430.97	436.56	8
537.85	542.55	8
648.32	615.25	8
723.53	736.14	8
837.24	850.49	8
931.72	931.28	8
0.99	0.99	8
0.92	1.05	8
1.02	0.89	8
1.28	1.26	8
1.46	1.47	8
2.07	1.94	8
3.55	3.26	8
5.34	6.06	8
9.38	11.06	8
23.12	20.17	8
39.16	39.01	8
77.49	75.55	8
123.93	153.86	8
296.31	295.33	8
491.28	608.27	8
777.02	1164.62	8
2301.64	2366.68	8
2247.86	4492.5	8
6780.02	6702.3	8
8969.31	9003.08	8
11060.31	11059.78	8
13247.75	13289.76	8
12813.86	15829.95	8
11946.41	17587.97	8
16771.27	20077.32	8
0.98	1.05	8
0.94	0.98	8
1.07	1.1	8
1.22	1.1	8
1.62	1.54	8
1.39	1.64	8
2.0	2.15	8
2.7	2.7	8
3.09	3.45	8
4.17	4.72	8
6.31	6.15	8
8.49	8.66	8
12.69	11.55	8
26.05	19.45	8
36.99	32.91	8
77.57	60.67	8
120.1	136.26	8
278.18	283.29	8
458.58	317.56	8
551.02	517.32	8
636.19	526.33	8
622.15	624.83	8
1165.95	869.33	8
831.61	1156.57	8
945.41	1133.04	8
0.87	1.11	9
1.15	1.01	9
1.24	1.16	9
1.57	1.5	9
1.65	1.7	9
2.3	2.21	9
2.61	2.39	9
3.55	3.36	9
3.72	3.82	9
5.45	5.73	9
8.45	7.66	9
12.98	12.79	9
21.91	22.02	9
37.41	38.07	9
70.37	70.95	9
127.33	133.34	9
260.08	262.8	9
505.68	503.41	9
751.21	728.33	9
995.2	985.71	9
1223.67	1225.33	9
1461.73	1452.1	9
1706.78	1672.97	9
1928.77	1916.44	9
2182.33	2162.59	9
1.02	0.97	9
1.13	1.17	9
1.07	1.32	9
1.58	1.6	9
1.88	2.09	9
3.05	2.74	9
3.03	3.55	9
4.26	4.05	9
6.36	6.73	9
11.3	11.46	9
19.79	19.82	9
36.76	37.56	9
75.06	77.08	9
150.1	149.0	9
298.93	301.85	9
581.57	583.0	9
1199.06	1205.24	9
2277.03	2276.75	9
3395.09	3392.42	9
4528.06	4525.69	9
5629.85	5624.69	9
6729.81	6752.39	9
7832.19	7936.69	9
8965.16	8980.37	9
10078.75	10171.16	9
0.91	0.83	9
0.98	1.0	9
0.92	1.06	9
1.53	1.49	9
1.74	1.96	9
2.33	2.62	9
2.26	2.41	9
3.33	3.43	9
3.68	3.92	9
6.41	5.43	9
8.3	8.53	9
13.1	12.14	9
22.59	21.13	9
37.47	38.11	9
67.98	68.56	9
131.85	129.34	9
254.92	251.44	9
482.58	492.38	9
730.16	732.96	9
1003.34	1010.46	9
1217.57	1232.56	9
1453.87	1455.03	9
1655.56	1680.49	9
1976.65	1934.22	9
2144.11	2189.58	9
0.98	0.81	9
1.01	0.91	9
1.11	0.99	9
1.56	1.64	9
2.25	2.14	9
3.0	2.6	9
3.47	3.08	9
4.05	4.68	9
7.04	6.11	9
10.86	11.47	9
19.85	20.06	9
38.73	38.22	9
74.07	73.08	9
145.4	146.06	9
291.07	289.0	9
577.0	576.61	9
1159.25	1147.51	9
2319.27	2251.45	9
3389.81	3324.45	9
4480.62	4529.01	9
5542.72	5541.6	9
6772.02	6605.41	9
7752.5	7733.19	9
8809.97	8892.19	9
10002.5	9882.53	9
0.86	0.83	10
1.25	0.98	10
1.08	1.04	10
1.66	1.57	10
1.99	1.62	10
2.54	2.5	10
3.11	2.52	10
4.35	4.51	10
6.18	6.72	10
11.76	12.14	10
19.14	19.51	10
30.57	31.23	10
54.34	55.71	10
103.7	107.2	10
200.71	198.83	10
397.77	396.13	10
776.76	773.18	10
1523.56	1506.55	10
2234.79	2235.96	10
2958.31	3002.98	10
3651.05	3679.18	10
4450.27	4414.79	10
5178.02	5185.78	10
5845.11	5811.33	10
6637.38	6623.18	10
0.99	1.08	10
1.09	1.22	10
1.24	1.37	10
1.7	1.82	10
2.4	2.43	10
2.81	3.95	10
3.68	4.81	10
5.76	6.68	10
7.94	9.6	10
15.03	15.21	10
25.94	26.39	10
49.57	48.85	10
90.89	94.73	10
183.71	182.58	10
365.67	361.42	10
721.53	719.92	10
1440.31	1433.09	10
2819.74	2826.36	10
4258.55	4260.59	10
5521.24	5563.77	10
6929.72	7035.19	10
8249.83	8283.34	10
9638.73	9796.37	10
10973.48	11093.23	10
12355.35	12317.73	10
0.86	0.92	10
0.88	0.98	10
1.0	1.08	10
1.54	1.5	10
1.47	1.6	10
2.39	2.37	10
2.97	3.33	10
4.24	4.68	10
6.97	6.8	10
10.44	11.43	10
18.11	17.98	10
29.08	30.25	10
54.45	52.84	10
99.63	100.26	10
193.83	194.09	10
370.7	371.34	10
731.99	731.83	10
1389.53	1389.54	10
2055.79	2065.7	10
2719.15	2733.05	10
3392.49	3377.44	10
4051.35	4019.95	10
4706.07	4686.65	10
5346.76	5351.56	10
6015.01	6015.19	10
1.09	0.95	10
1.21	1.02	10
1.26	1.29	10
1.72	1.99	10
2.39	2.6	10
2.9	3.86	10
3.61	5.69	10
5.02	6.4	10
8.66	8.96	10
13.08	15.92	10
25.66	26.59	10
49.96	50.66	10
96.66	97.72	10
186.73	189.76	10
371.77	371.95	10
717.23	723.79	10
1432.62	1434.33	10
2779.67	2809.8	10
4293.08	4194.69	10
5503.65	5604.83	10
6848.49	6870.57	10
8217.61	8219.97	10
9732.04	9554.59	10
11277.14	10892.65	10
12159.94	12242.27	10
1.04	0.92	11
1.16	1.02	11
1.28	1.15	11
1.82	1.73	11
2.32	2.49	11
2.69	4.07	11
3.36	5.05	11
5.33	7.39	11
8.33	9.52	11
13.89	15.87	11
25.75	25.74	11
47.01	50.44	11
92.63	92.53	11
182.55	181.94	11
363.01	363.1	11
722.5	720.68	11
1432.64	1427.05	11
2798.69	2793.04	11
4146.0	4176.54	11
5486.33	5583.78	11
6848.5	6888.63	11
8432.09	8238.52	11
9555.25	9573.49	11
11256.47	10892.05	11
12278.15	12473.85	11
0.87	0.99	11
1.08	1.1	11
1.06	1.07	11
1.57	1.43	11
1.81	1.6	11
2.54	2.46	11
3.03	2.69	11
4.76	4.67	11
7.66	6.65	11
12.42	11.62	11
19.27	19.37	11
30.6	30.27	11
54.36	54.8	11
104.95	105.78	11
202.04	202.25	11
395.97	396.26	11
794.44	778.15	11
1557.24	1534.19	11
2227.26	2268.47	11
2991.19	2985.3	11
3729.69	3717.54	11
4451.86	4450.73	11
5137.28	5221.17	11
5870.87	5893.06	11
6616.59	6615.9	11
0.92	0.92	11
0.98	0.88	11
1.25	1.06	11
1.47	1.68	11
2.24	2.14	11
2.86	4.06	11
3.29	5.11	11
6.49	6.35	11
7.55	9.31	11
14.0	15.57	11
24.82	27.57	11
48.13	50.8	11
92.84	93.96	11
182.87	185.5	11
363.43	355.34	11
706.82	718.64	11
1430.44	1430.51	11
2752.24	2754.81	11
4061.4	4074.2	11
5534.53	5433.57	11
6769.54	6765.57	11
8237.35	8079.79	11
9421.41	9426.2	11
10773.66	10788.82	11
12135.54	12630.82	11
0.95	0.85	11
1.0	1.08	11
1.21	1.09	11
1.71	1.53	11
1.59	1.79	11
2.67	2.32	11
2.98	3.22	11
4.52	4.3	11
6.88	7.54	11
10.88	12.08	11
17.79	18.09	11
30.25	29.9	11
53.09	52.42	11
101.72	100.76	11
186.99	191.33	11
367.92	371.09	11
725.9	721.34	11
1385.4	1424.38	11
2074.54	2056.4	11
2717.34	2754.55	11
3384.23	3393.92	11
4078.3	4051.69	11
4735.93	4736.02	11
5432.34	5432.32	11
6036.24	6050.15	11
0.86	0.73	12
1.01	1.09	12
1.22	1.24	12
1.55	1.56	12
2.03	2.32	12
2.59	2.62	12
3.15	3.17	12
4.44	4.37	12
6.08	6.64	12
11.39	10.99	12
19.95	20.75	12
38.61	38.62	12
73.86	77.45	12
148.35	150.07	12
290.8	297.17	12
579.62	582.75	12
1194.96	1201.21	12
2246.38	2266.41	12
3357.26	3365.87	12
4450.56	4493.46	12
5577.18	5758.34	12
6691.11	6764.72	12
7815.63	7826.9	12
8947.02	8961.15	12
10053.64	10040.59	12
0.89	0.98	12
1.2	0.95	12
0.98	1.13	12
1.81	1.51	12
1.78	1.7	12
2.43	2.44	12
2.34	2.57	12
3.42	3.77	12
3.57	4.07	12
5.64	5.53	12
8.59	8.35	12
13.54	13.01	12
21.87	20.78	12
37.9	37.71	12
69.8	68.21	12
132.21	130.55	12
258.7	253.78	12
491.1	501.88	12
753.28	738.1	12
1003.22	996.89	12
1214.8	1218.52	12
1473.29	1464.3	12
1701.91	1697.62	12
1946.26	1924.48	12
2170.96	2155.06	12
0.83	0.91	12
0.92	1.0	12
1.11	1.07	12
1.49	1.46	12
1.51	2.22	12
2.38	2.28	12
2.48	2.76	12
4.32	4.44	12
6.62	6.34	12
10.63	11.15	12
19.59	19.29	12
37.17	36.84	12
72.57	72.5	12
142.47	144.69	12
293.46	285.92	12
581.48	586.93	12
1166.84	1163.31	12
2227.89	2227.25	12
3312.36	3323.55	12
4523.37	4395.34	12
5481.99	5513.42	12
6566.53	6730.78	12
7686.17	7632.85	12
8719.75	8882.87	12
9869.32	10008.13	12
0.96	1.05	12
1.0	0.98	12
1.01	1.14	12
1.64	1.64	12
1.64	1.94	12
2.42	2.54	12
2.47	2.42	12
3.71	3.62	12
4.08	3.77	12
6.03	5.83	12
9.2	8.7	12
13.25	13.2	12
20.9	21.33	12
37.45	36.88	12
68.45	70.34	12
129.78	135.89	12
250.16	255.75	12
490.79	500.55	12
734.8	720.17	12
964.17	980.1	12
1226.06	1216.32	12
1491.75	1477.81	12
1717.01	1687.39	12
1959.09	1996.31	12
2152.77	2172.32	12
0.68	0.7	13
0.72	0.72	13
1.15	0.91	13
1.57	1.72	13
2.8	2.93	13
3.67	4.59	13
5.5	6.13	13
7.65	10.99	13
12.77	11.83	13
12.88	10.58	13
13.17	10.22	13
9.4	13.85	13
12.39	16.01	13
16.59	13.38	13
20.66	20.38	13
26.55	25.57	13
41.1	42.57	13
67.58	67.29	13
121.75	104.92	13
232.54	179.07	13
440.67	336.56	13
664.96	667.54	13
885.16	626.28	13
1066.79	952.47	13
1293.69	1113.61	13
1480.08	1536.02	13
1741.4	1733.32	13
1888.61	1916.11	13
0.6	0.62	13
0.76	0.75	13
0.99	0.98	13
1.61	1.65	13
2.67	2.47	13
3.26	4.65	13
9.24	6.49	13
7.45	6.61	13
8.48	16.06	13
14.14	12.46	13
12.99	13.07	13
17.97	21.19	13
18.15	15.81	13
25.75	23.54	13
34.83	70.87	13
56.77	89.62	13
97.48	164.62	13
184.01	188.57	13
367.3	876.14	13
712.52	1730.01	13
1382.63	3387.14	13
2040.21	2075.23	13
2720.92	4674.81	13
3364.09	5910.68	13
4135.97	4068.89	13
4713.92	8115.73	13
5365.9	9251.44	13
6258.47	10400.48	13
0.56	0.48	13
0.97	0.73	13
1.01	0.85	13
1.67	1.48	13
2.52	2.87	13
4.49	4.57	13
7.15	6.38	13
6.28	7.76	13
7.46	10.38	13
10.12	9.26	13
12.62	10.33	13
10.81	12.43	13
15.63	13.36	13
15.53	13.74	13
18.38	19.05	13
25.46	25.6	13
44.46	40.21	13
74.4	76.45	13
136.2	131.24	13
243.79	173.4	13
468.16	379.42	13
657.87	558.18	13
800.1	739.92	13
984.53	928.37	13
1205.97	1216.87	13
1380.89	1234.8	13
1566.98	1212.68	13
1796.33	1869.53	13
0.65	0.57	13
0.72	0.71	13
1.07	1.02	13
1.53	1.43	13
2.93	2.56	13
3.53	4.25	13
7.65	5.69	13
9.05	6.15	13
7.52	13.15	13
11.73	13.33	13
9.78	16.13	13
16.25	17.32	13
17.1	28.92	13
25.46	43.01	13
33.94	50.53	13
53.83	54.06	13
95.08	98.49	13
184.87	454.66	13
359.15	871.76	13
689.62	702.75	13
1320.75	2326.24	13
1963.38	1962.07	13
2586.7	4644.57	13
3200.09	3224.15	13
3911.7	6792.73	13
4433.96	7937.81	13
5093.84	9049.59	13
5645.48	5877.67	13
0.67	0.73	14
0.78	0.8	14
1.06	1.07	14
1.53	1.66	14
3.08	2.44	14
4.63	4.6	14
7.89	6.87	14
10.28	9.78	14
12.15	12.81	14
11.1	13.7	14
12.97	11.9	14
13.1	15.71	14
18.81	16.48	14
23.54	24.1	14
34.44	31.79	14
51.32	51.44	14
95.25	87.23	14
171.51	161.24	14
338.59	319.04	14
655.21	630.45	14
1282.65	1271.51	14
1880.07	1795.67	14
2457.54	2371.99	14
3076.0	3061.16	14
3655.53	3527.51	14
4271.4	4265.56	14
5050.31	4665.47	14
5452.22	5486.02	14
0.65	0.75	14
0.81	0.77	14
1.27	1.27	14
1.77	1.86	14
2.69	3.41	14
4.27	4.54	14
5.49	7.58	14
12.59	10.52	14
11.11	14.03	14
13.77	14.71	14
13.35	13.3	14
15.04	16.37	14
20.64	17.18	14
24.43	20.23	14
29.3	32.22	14
46.25	50.12	14
80.96	136.43	14
150.04	377.12	14
290.29	733.96	14
560.83	1006.79	14
1062.68	1109.14	14
1605.12	4085.7	14
2082.98	3794.97	14
2648.04	6745.92	14
3110.1	3134.27	14
3585.7	9413.71	14
4090.96	4166.19	14
4621.94	4673.83	14
0.56	0.7	14
0.87	0.74	14
1.03	1.1	14
1.56	1.69	14
2.32	2.58	14
4.08	4.16	14
7.04	5.0	14
10.57	11.32	14
12.77	12.09	14
10.66	11.44	14
12.43	15.72	14
13.04	12.78	14
18.5	19.44	14
21.0	22.04	14
34.79	29.41	14
54.39	50.96	14
93.82	93.83	14
178.99	178.77	14
335.84	337.99	14
680.58	625.23	14
1296.08	1275.74	14
1824.96	1716.49	14
2422.28	2415.79	14
2969.55	3037.92	14
3564.4	3464.68	14
4164.96	4178.19	14
4706.25	4592.72	14
5294.16	5129.8	14
0.77	0.8	14
0.79	0.9	14
1.38	1.58	14
1.67	1.88	14
2.99	3.37	14
4.62	4.85	14
5.1	5.81	14
11.02	8.05	14
10.74	12.1	14
11.04	14.42	14
12.85	15.33	14
13.86	16.29	14
17.5	19.68	14
21.76	29.3	14
29.71	27.5	14
46.81	75.69	14
78.73	189.05	14
148.57	152.71	14
288.52	289.15	14
554.46	982.8	14
1071.83	1074.73	14
1562.79	2842.0	14
2163.9	2088.08	14
2591.23	2621.06	14
3065.34	5546.49	14
3651.34	9329.79	14
4077.17	4092.32	14
4542.19	8246.41	14
0.75	0.72	15
0.89	1.19	15
1.24	1.04	15
2.03	1.84	15
2.84	2.81	15
4.37	4.64	15
7.55	6.68	15
7.67	10.98	15
7.89	12.51	15
11.65	13.86	15
10.92	15.26	15
15.78	16.52	15
16.82	16.75	15
22.38	27.48	15
26.26	44.58	15
47.87	72.27	15
79.46	138.19	15
148.08	148.07	15
284.63	719.02	15
548.75	548.51	15
1062.06	1064.14	15
1572.92	1578.62	15
2075.36	5391.27	15
2583.08	4653.82	15
3104.89	3122.78	15
3612.34	6512.9	15
4095.69	10811.43	15
4613.12	8448.52	15
0.69	0.73	15
0.99	0.91	15
1.17	1.03	15
1.8	1.56	15
2.68	2.95	15
4.57	4.56	15
6.97	7.47	15
7.01	8.91	15
8.5	11.64	15
13.09	14.79	15
12.97	12.16	15
11.72	13.46	15
15.19	19.47	15
22.49	24.06	15
32.59	33.78	15
53.13	52.27	15
93.33	87.15	15
175.0	172.37	15
336.67	327.98	15
654.93	666.24	15
1270.83	1242.75	15
1864.11	1710.37	15
2475.85	2373.32	15
3082.13	3094.54	15
3668.38	3685.04	15
4261.51	4096.61	15
4948.78	4458.85	15
5469.38	5032.96	15
0.66	0.63	15
0.77	0.88	15
1.01	1.28	15
1.59	1.65	15
3.21	2.84	15
4.26	4.73	15
6.93	7.77	15
10.11	10.28	15
11.47	10.27	15
13.78	13.31	15
15.3	14.12	15
12.49	19.95	15
17.36	20.57	15
20.58	20.4	15
28.61	57.74	15
45.95	73.4	15
80.77	244.87	15
147.7	370.51	15
287.75	286.59	15
548.41	559.78	15
1078.91	2775.31	15
1550.32	2803.53	15
2053.0	5405.14	15
2550.01	2596.81	15
3054.93	5530.37	15
3536.69	6413.62	15
4027.52	7353.22	15
4566.92	8245.71	15
0.66	0.81	15
0.91	0.8	15
1.05	1.22	15
1.74	1.67	15
2.81	3.07	15
4.41	4.23	15
5.57	7.39	15
9.74	9.12	15
11.75	9.67	15
8.68	14.68	15
15.37	17.94	15
14.96	17.96	15
17.13	16.13	15
22.75	22.15	15
30.15	33.2	15
57.01	53.91	15
93.57	98.24	15
183.14	164.48	15
345.96	319.12	15
664.36	626.02	15
1255.85	1290.4	15
1830.85	1838.53	15
2418.43	2444.8	15
3014.33	3003.78	15
3561.25	3512.94	15
4136.34	4328.54	15
4719.34	4798.47	15
5337.35	5380.88	15
0.6	0.63	16
0.73	0.71	16
0.93	0.94	16
1.63	1.53	16
2.65	2.57	16
3.97	4.67	16
6.27	7.11	16
8.97	4.88	16
10.74	11.64	16
12.97	12.32	16
14.66	18.23	16
16.67	14.04	16
16.73	27.15	16
25.46	32.65	16
35.66	33.53	16
60.95	92.06	16
103.7	170.92	16
197.43	321.33	16
362.68	635.07	16
718.8	719.29	16
1382.89	2376.28	16
2046.83	2073.31	16
2692.45	4683.57	16
3445.11	8468.71	16
4146.96	9906.56	16
4695.47	4763.12	16
5362.49	9274.92	16
6031.21	6083.95	16
0.6	0.58	16
0.78	0.81	16
0.95	1.22	16
1.79	1.77	16
2.88	2.77	16
4.66	4.73	16
7.06	6.66	16
10.53	8.41	16
13.13	9.29	16
10.11	12.35	16
12.14	10.84	16
12.71	11.88	16
15.58	14.99	16
17.22	15.82	16
21.54	20.89	16
26.37	24.96	16
42.79	43.03	16
67.49	61.95	16
118.99	113.4	16
233.18	177.14	16
438.83	457.49	16
662.16	565.83	16
853.22	893.24	16
1081.34	788.64	16
1284.28	949.7	16
1545.36	901.99	16
1679.01	1494.76	16
1933.85	1426.77	16
0.55	0.56	16
0.6	0.69	16
0.95	0.95	16
1.54	1.62	16
2.59	2.8	16
4.61	4.37	16
7.31	4.43	16
10.35	9.75	16
11.43	8.37	16
14.37	13.04	16
12.73	16.22	16
14.32	22.29	16
19.72	15.23	16
24.01	30.68	16
32.07	50.92	16
58.25	91.17	16
98.61	168.35	16
184.76	185.69	16
364.89	613.73	16
709.61	699.54	16
1297.55	1311.49	16
1939.3	3439.27	16
2555.5	4564.88	16
3156.88	5768.22	16
3906.16	6822.79	16
4434.45	7953.3	16
5067.23	5157.27	16
5767.85	5803.17	16
0.58	0.58	16
0.74	0.75	16
0.95	0.92	16
1.85	1.54	16
3.05	3.0	16
4.78	4.88	16
6.98	6.96	16
9.28	9.9	16
9.63	7.78	16
11.96	11.77	16
12.75	10.84	16
14.2	12.29	16
13.61	14.89	16
16.36	16.52	16
19.67	18.18	16
26.21	26.89	16
45.53	39.18	16
71.85	67.95	16
126.1	120.12	16
246.19	215.78	16
448.06	373.37	16
660.92	577.63	16
804.14	711.75	16
997.81	759.4	16
1211.79	1058.8	16
1425.75	1056.52	16
1550.05	1655.18	16
1740.71	1594.18	16
0.71	0.65	17
0.91	0.97	17
1.75	1.46	17
2.36	2.17	17
3.73	2.77	17
5.62	6.61	17
8.62	8.43	17
11.48	12.25	17
12.46	12.27	17
13.35	14.04	17
13.1	13.74	17
14.43	14.1	17
16.91	15.12	17
17.72	19.68	17
27.33	20.88	17
38.04	33.32	17
60.02	49.94	17
104.88	104.8	17
193.41	157.78	17
385.84	325.94	17
740.2	616.47	17
1080.87	929.17	17
1419.24	1225.98	17
1785.75	1677.55	17
2164.71	2145.35	17
2471.22	2103.73	17
2823.45	2211.35	17
3168.16	2442.1	17
0.7	0.71	17
0.98	0.86	17
1.33	1.38	17
2.34	2.37	17
3.37	3.39	17
6.47	5.16	17
7.21	10.03	17
13.86	12.68	17
12.96	15.97	17
16.06	18.64	17
15.24	18.15	17
20.5	31.05	17
27.44	47.77	17
38.29	104.29	17
63.16	150.61	17
104.21	291.46	17
200.97	562.81	17
390.96	1471.91	17
772.7	2196.01	17
1520.27	4374.61	17
2968.96	11406.19	17
4372.89	12736.15	17
5837.29	11524.52	17
7227.26	27780.56	17
8710.53	25012.77	17
10091.03	29088.97	17
11552.55	44074.63	17
13208.72	12967.91	17
0.68	0.63	17
0.92	0.92	17
1.34	1.29	17
2.49	2.22	17
3.95	4.02	17
5.86	5.91	17
8.68	8.34	17
7.89	9.11	17
12.24	9.06	17
13.18	12.11	17
13.43	13.69	17
14.32	15.82	17
14.56	14.51	17
15.16	19.88	17
26.24	26.08	17
37.43	33.78	17
61.98	53.49	17
108.21	104.63	17
187.94	163.6	17
374.55	321.82	17
651.02	628.53	17
978.67	838.25	17
1307.56	1234.09	17
1610.15	1396.75	17
1913.01	1744.38	17
2219.57	2017.76	17
2544.21	2223.1	17
2849.11	2589.31	17
0.7	0.69	17
0.93	0.88	17
1.41	1.43	17
2.15	2.35	17
3.8	3.57	17
6.44	6.04	17
7.37	7.55	17
11.22	11.74	17
16.34	14.59	17
14.96	20.85	17
13.79	22.36	17
20.4	29.07	17
24.25	49.48	17
36.22	107.83	17
57.53	106.17	17
109.73	196.13	17
201.32	379.27	17
399.47	749.37	17
776.04	1517.65	17
1483.99	2911.21	17
2901.23	5663.73	17
4309.81	8424.8	17
5705.1	11155.34	17
7110.15	20722.01	17
8649.72	24819.5	17
10044.41	19905.79	17
11475.48	11262.64	17
12632.27	12653.93	17
0.84	0.79	18
1.03	1.06	18
1.47	1.57	18
2.17	1.99	18
3.77	3.55	18
6.21	6.17	18
9.46	10.08	18
11.93	10.22	18
10.01	10.57	18
12.93	15.47	18
15.04	15.63	18
16.01	17.29	18
20.42	19.68	18
26.17	27.97	18
38.12	41.1	18
73.0	66.55	18
135.81	118.63	18
249.04	238.04	18
482.27	424.39	18
933.53	951.94	18
1825.24	1679.29	18
2696.93	2591.58	18
3578.57	3419.04	18
4450.92	4084.12	18
5317.37	4881.65	18
6169.74	5681.05	18
7134.44	6206.47	18
7933.81	6990.63	18
0.83	0.91	18
1.0	1.02	18
1.43	1.51	18
2.3	2.28	18
3.79	3.95	18
6.03	6.24	18
8.05	9.84	18
12.86	12.38	18
12.87	15.05	18
15.94	13.65	18
14.61	22.45	18
18.82	26.9	18
25.22	32.9	18
34.23	74.56	18
57.2	95.91	18
95.21	263.2	18
180.88	347.63	18
352.78	1336.02	18
681.61	1993.83	18
1375.49	3995.73	18
2658.56	10363.65	18
3929.72	15335.81	18
5280.75	10268.8	18
6598.56	19005.78	18
7791.32	15267.48	18
9173.78	17954.91	18
10315.04	30234.34	18
11571.48	33927.63	18
0.72	0.82	18
0.94	1.0	18
1.44	1.43	18
2.29	2.27	18
3.6	4.09	18
6.15	5.53	18
7.66	8.56	18
10.73	11.33	18
12.99	13.09	18
11.67	12.24	18
15.94	13.88	18
13.7	17.25	18
20.88	22.55	18
28.11	29.35	18
43.02	41.6	18
73.56	68.28	18
128.95	130.49	18
244.39	235.98	18
474.02	462.43	18
906.81	834.42	18
1761.4	1650.38	18
2588.71	2527.17	18
3409.53	3237.83	18
4238.55	4147.74	18
5069.02	4676.97	18
5870.33	5758.96	18
6736.29	6587.42	18
7546.14	7656.38	18
0.76	0.83	18
1.04	0.94	18
1.54	1.46	18
2.46	2.57	18
3.84	3.83	18
6.37	6.36	18
8.96	10.36	18
13.34	12.29	18
13.25	15.79	18
13.56	12.43	18
17.3	20.93	18
18.07	36.28	18
23.25	45.52	18
36.52	99.05	18
56.27	54.76	18
100.46	270.38	18
183.62	519.04	18
345.95	1358.64	18
695.8	1339.82	18
1377.28	3969.63	18
2614.53	7834.6	18
4037.59	7610.11	18
5130.53	15145.65	18
6395.8	12622.49	18
7656.01	15245.61	18
8923.6	34978.44	18
10216.86	20100.35	18
11415.51	33721.9	18
0.82	0.88	19
0.92	1.05	19
1.45	1.41	19
2.35	2.61	19
3.12	3.45	19
6.04	6.83	19
9.19	7.46	19
13.7	10.85	19
12.5	14.35	19
15.56	17.15	19
15.56	19.07	19
16.9	33.93	19
24.4	54.86	19
36.7	54.32	19
55.32	138.98	19
100.15	350.62	19
180.63	681.98	19
349.79	1004.59	19
680.21	1338.27	19
1357.04	3979.43	19
2634.01	5148.84	19
3910.23	15258.74	19
5166.24	15203.56	19
6479.16	12715.93	19
7756.22	22688.04	19
9227.69	26415.31	19
10335.81	30787.49	19
11548.75	23007.88	19
0.73	0.76	19
1.03	1.01	19
1.52	1.53	19
2.47	2.27	19
4.06	3.79	19
5.95	6.32	19
8.05	7.43	19
10.62	12.95	19
14.94	11.99	19
14.87	13.43	19
13.51	15.71	19
14.08	16.84	19
20.68	21.1	19
27.1	25.82	19
44.8	39.08	19
72.99	71.2	19
129.51	121.14	19
247.2	235.0	19
473.79	439.33	19
937.24	866.36	19
1824.03	1603.94	19
2727.33	2499.75	19
3555.33	3147.14	19
4473.7	3921.31	19
5320.31	4677.03	19
6243.33	5752.05	19
7062.5	6840.24	19
7958.59	7654.64	19
0.74	0.7	19
0.95	1.06	19
1.46	1.48	19
2.55	2.27	19
3.92	4.06	19
6.37	6.3	19
8.84	9.16	19
11.18	11.67	19
14.07	14.11	19
15.99	11.42	19
17.72	19.12	19
17.58	36.88	19
23.67	47.89	19
33.44	98.79	19
54.86	141.55	19
98.86	263.39	19
177.39	179.61	19
345.52	343.98	19
670.95	1325.42	19
1341.83	3914.81	19
2590.38	10122.6	19
3832.43	3826.94	19
5085.17	15049.36	19
6329.09	12510.01	19
7767.73	15111.31	19
8877.79	17509.31	19
10086.75	30443.92	19
11353.23	44695.44	19
0.82	0.76	19
0.97	1.05	19
2.07	1.52	19
2.17	2.25	19
3.61	3.94	19
6.71	6.52	19
8.54	7.66	19
10.56	11.57	19
12.78	11.1	19
13.59	15.82	19
14.43	12.52	19
16.29	16.73	19
20.51	21.39	19
27.12	28.45	19
42.42	42.34	19
71.1	71.5	19
129.76	120.75	19
247.24	234.28	19
468.73	465.3	19
927.51	859.92	19
1737.98	1605.64	19
2582.06	2390.04	19
3419.77	3228.77	19
4239.88	4063.47	19
5065.4	4977.2	19
5927.24	5781.09	19
6837.33	6409.01	19
7688.23	7224.87	19
0.61	0.67	20
0.92	0.84	20
1.39	1.28	20
2.22	2.22	20
3.93	3.98	20
6.07	6.08	20
9.39	7.79	20
12.02	10.58	20
10.98	14.38	20
15.01	16.29	20
16.81	20.57	20
17.89	34.36	20
26.69	32.63	20
37.41	56.73	20
60.84	102.16	20
106.57	282.34	20
199.51	561.61	20
390.32	740.97	20
768.39	1464.43	20
1559.95	5877.8	20
3026.53	8695.58	20
4474.93	8690.24	20
5772.38	21943.75	20
7189.38	14246.81	20
8621.12	24665.38	20
10058.23	19413.14	20
11435.52	32775.59	20
13203.89	36885.09	20
0.67	0.65	20
1.08	0.98	20
1.34	1.64	20
2.24	2.29	20
4.12	3.43	20
5.6	6.53	20
7.41	10.31	20
9.95	10.05	20
12.42	10.2	20
12.45	12.18	20
13.43	11.92	20
13.2	15.65	20
14.69	15.83	20
18.33	17.42	20
25.25	22.42	20
40.53	32.96	20
61.74	55.04	20
115.08	93.29	20
202.08	172.05	20
376.05	300.52	20
730.39	634.99	20
1091.06	1006.69	20
1429.95	1228.43	20
1758.95	1525.3	20
2116.45	1824.15	20
2473.94	1950.83	20
2878.18	2183.63	20
3188.95	2720.05	20
0.65	0.64	20
0.86	0.82	20
1.21	1.36	20
2.15	2.16	20
3.83	3.6	20
6.05	5.84	20
6.53	8.87	20
8.15	8.65	20
15.18	14.99	20
14.06	15.69	20
17.9	25.1	20
19.75	24.82	20
22.88	49.36	20
33.27	82.45	20
58.53	105.92	20
104.97	283.03	20
198.87	727.51	20
378.45	1079.73	20
747.2	2833.36	20
1460.61	5662.79	20
2860.85	5584.35	20
4217.25	8274.8	20
5630.34	16330.47	20
6963.42	20399.69	20
8365.45	16429.82	20
9724.47	19058.74	20
11163.07	22028.24	20
12469.61	49338.56	20
0.69	0.66	20
0.89	0.97	20
1.38	1.42	20
2.21	2.35	20
3.98	3.66	20
5.32	5.88	20
9.16	8.79	20
8.52	9.68	20
8.32	9.98	20
9.22	11.18	20
13.4	11.87	20
12.62	15.57	20
12.55	17.52	20
16.35	21.15	20
25.53	24.84	20
37.16	33.22	20
57.89	53.3	20
98.38	102.15	20
183.02	190.27	20
340.18	350.96	20
673.37	588.95	20
987.14	903.93	20
1268.42	1172.53	20
1601.09	1443.7	20
1904.56	1828.48	20
2234.46	2016.19	20
2543.56	2310.8	20
2839.25	2736.78	20
