0.7	1.0	1
1.44	1.23	1
1.87	1.56	1
3.13	3.29	1
4.46	4.66	1
6.98	4.83	1
5.97	6.1	1
10.54	8.05	1
8.83	12.74	1
14.83	17.37	1
24.62	25.19	1
44.44	45.08	1
80.3	83.0	1
161.09	158.31	1
320.34	320.3	1
626.89	609.15	1
1196.35	1174.25	1
1906.14	1932.87	1
2328.37	2208.37	1
2497.92	2516.37	1
2717.49	2752.28	1
2946.71	2920.49	1
3134.0	3207.82	1
3392.8	3314.73	1
3544.9	3461.46	1
1.0	0.84	1
1.14	1.2	1
1.59	1.74	1
2.36	2.57	1
2.64	3.8	1
5.48	4.81	1
4.89	4.74	1
6.32	7.6	1
10.76	8.81	1
19.9	17.47	1
32.99	33.39	1
61.32	59.7	1
122.07	118.34	1
234.96	240.31	1
465.94	466.76	1
905.21	895.76	1
1699.7	1738.02	1
2779.88	2738.78	1
3318.49	3309.6	1
3903.37	3879.24	1
4574.61	4551.13	1
5110.82	5031.56	1
5688.88	5588.81	1
6044.2	6073.8	1
6493.69	6498.95	1
0.75	0.89	1
0.91	1.23	1
1.64	1.88	1
2.63	2.8	1
4.16	4.26	1
4.63	6.1	1
6.38	5.28	1
8.23	9.0	1
11.28	11.27	1
13.65	15.97	1
23.85	25.1	1
47.18	50.0	1
87.65	89.36	1
185.09	182.13	1
324.97	347.57	1
620.02	641.37	1
1244.44	1232.32	1
1952.69	1923.52	1
2209.38	2236.67	1
2475.44	2462.8	1
2677.74	2679.11	1
2860.35	2836.99	1
3033.17	3029.35	1
3227.1	3223.08	1
3390.21	3364.27	1
0.85	0.81	1
0.89	1.05	1
1.62	1.63	1
2.19	2.49	1
3.09	3.96	1
4.9	5.22	1
4.54	4.2	1
5.97	7.5	1
12.13	10.15	1
17.87	18.06	1
35.04	34.34	1
63.46	61.33	1
121.56	120.75	1
236.07	237.21	1
462.33	477.9	1
896.33	908.03	1
1663.91	1676.82	1
2623.83	2617.28	1
3321.16	3313.84	1
3795.94	3788.82	1
4365.58	4348.25	1
4882.93	4896.24	1
5364.89	5367.59	1
5824.49	5899.37	1
6287.51	6330.56	1
0.99	0.96	2
1.46	1.42	2
1.86	1.76	2
2.7	2.52	2
4.51	4.91	2
4.38	5.25	2
6.27	5.95	2
8.06	9.12	2
12.32	12.04	2
20.46	21.56	2
33.88	35.5	2
62.35	62.95	2
123.32	118.95	2
248.14	241.41	2
481.15	480.95	2
900.79	883.99	2
1766.59	1729.98	2
2665.09	2657.31	2
3359.65	3339.33	2
3846.9	3822.64	2
4475.0	4501.86	2
4917.1	4917.07	2
5431.36	5472.48	2
5938.88	6079.31	2
6455.41	6419.43	2
1.12	0.93	2
1.94	1.41	2
2.22	2.41	2
3.86	3.98	2
6.27	6.61	2
6.79	8.12	2
6.74	7.86	2
9.62	10.21	2
9.85	12.46	2
16.01	20.29	2
27.8	28.1	2
47.49	46.98	2
86.2	88.0	2
168.2	166.84	2
323.72	326.98	2
623.36	621.12	2
1237.7	1204.07	2
1958.8	1937.55	2
2279.82	2208.06	2
2577.85	2573.24	2
2749.46	2738.44	2
2980.05	3007.89	2
3180.73	3219.79	2
3375.73	3358.79	2
3530.4	3556.83	2
0.85	0.86	2
1.12	1.2	2
1.72	1.63	2
2.81	2.67	2
4.04	3.77	2
5.92	4.72	2
6.22	7.55	2
9.03	7.44	2
11.18	13.07	2
19.35	19.73	2
31.68	32.25	2
65.35	61.16	2
125.83	121.36	2
240.57	234.9	2
456.61	456.69	2
881.6	897.01	2
1718.05	1678.15	2
2609.64	2611.05	2
3199.32	3172.45	2
3726.4	3682.31	2
4206.6	4339.67	2
4733.9	4707.93	2
5229.67	5233.21	2
5741.07	5713.59	2
6230.97	6281.85	2
0.89	1.07	2
1.5	1.4	2
2.3	2.38	2
3.44	3.49	2
5.6	6.51	2
8.39	6.08	2
5.91	7.76	2
9.5	10.38	2
12.8	11.29	2
18.84	19.29	2
26.06	28.32	2
48.86	49.59	2
92.14	89.46	2
168.54	174.41	2
321.21	337.26	2
621.53	619.64	2
1227.7	1227.56	2
1906.8	1924.41	2
2192.33	2178.15	2
2498.97	2496.88	2
2692.8	2761.09	2
2939.91	2921.8	2
3176.81	3207.5	2
3328.48	3277.7	2
3555.9	3552.62	2
1.02	1.04	3
1.3	1.35	3
2.06	2.09	3
3.2	3.38	3
4.31	4.71	3
6.69	6.5	3
5.71	5.59	3
10.61	10.61	3
12.67	12.52	3
16.53	20.33	3
26.51	26.25	3
47.82	48.3	3
84.4	87.42	3
164.41	169.52	3
316.86	316.89	3
608.6	614.36	3
1193.56	1191.62	3
1908.01	1927.15	3
2216.87	2216.24	3
2558.87	2559.74	3
2781.0	2751.55	3
2947.27	2961.78	3
3173.7	3224.45	3
3338.11	3374.86	3
3611.49	3597.69	3
0.82	1.02	3
1.18	1.22	3
1.94	1.93	3
2.86	3.29	3
3.56	4.78	3
6.41	5.21	3
6.2	6.17	3
8.55	8.33	3
10.46	10.77	3
18.94	19.42	3
33.27	35.03	3
64.24	63.14	3
122.95	121.87	3
245.15	247.59	3
480.07	482.25	3
918.59	908.92	3
1727.35	1718.66	3
2764.12	2743.48	3
3304.33	3303.6	3
3840.5	3827.61	3
4409.67	4464.53	3
4940.0	4923.27	3
5460.46	5463.23	3
5991.26	5986.53	3
6463.52	6479.81	3
0.95	1.06	3
1.44	1.34	3
2.02	2.17	3
2.78	3.82	3
4.8	4.41	3
7.36	5.29	3
7.43	8.93	3
10.62	9.39	3
13.23	11.58	3
17.53	16.95	3
25.97	28.08	3
47.32	50.58	3
84.99	86.51	3
162.27	168.65	3
318.95	326.0	3
624.61	625.25	3
1231.72	1217.71	3
1967.96	1961.48	3
2158.59	2174.9	3
2453.38	2433.04	3
2699.67	2686.3	3
2895.75	2906.71	3
3101.22	3084.52	3
3268.79	3248.41	3
3410.37	3408.11	3
0.88	0.91	3
1.23	1.26	3
1.88	1.86	3
2.92	2.81	3
3.95	4.75	3
5.55	5.26	3
7.13	6.25	3
6.45	8.12	3
12.24	10.36	3
19.2	18.95	3
34.32	35.05	3
62.74	64.26	3
120.07	124.02	3
238.5	246.03	3
454.92	468.07	3
881.92	907.32	3
1697.37	1677.08	3
2604.83	2629.81	3
3177.94	3188.56	3
3732.16	3687.65	3
4219.61	4237.75	3
4848.25	4735.3	3
5247.66	5273.69	3
5882.24	5902.45	3
6424.75	6350.95	3
0.92	0.92	4
1.22	1.26	4
1.76	2.09	4
2.77	2.93	4
4.36	4.9	4
6.42	5.01	4
5.53	7.08	4
9.61	6.65	4
12.43	12.3	4
19.56	19.17	4
32.81	33.29	4
62.72	62.65	4
123.07	124.38	4
239.64	239.67	4
466.91	463.0	4
941.46	937.79	4
1710.47	1731.58	4
2666.1	2697.63	4
3277.46	3286.36	4
3910.67	3970.03	4
4436.91	4462.99	4
4993.85	5022.08	4
5506.35	5498.13	4
5987.07	6031.12	4
6564.27	6502.78	4
1.08	1.0	4
1.57	1.44	4
2.31	2.14	4
3.4	3.51	4
5.84	5.43	4
7.45	5.94	4
7.36	10.53	4
10.24	9.18	4
14.15	13.19	4
19.31	19.89	4
27.3	29.13	4
55.68	47.37	4
90.7	86.47	4
167.85	163.62	4
318.44	320.09	4
615.11	624.36	4
1161.75	1205.2	4
1935.36	1922.19	4
2252.88	2359.92	4
2561.7	2508.48	4
2755.68	2762.78	4
2951.33	2956.77	4
3142.69	3154.87	4
3494.83	3467.53	4
3473.59	3441.71	4
0.83	0.77	4
1.1	1.1	4
1.64	1.63	4
2.14	2.91	4
2.96	3.98	4
4.97	5.09	4
4.85	6.85	4
8.51	7.85	4
10.3	10.6	4
19.19	20.51	4
34.46	32.9	4
62.34	62.91	4
119.85	117.55	4
234.68	229.62	4
458.63	458.11	4
915.12	905.28	4
1662.14	1687.26	4
2576.19	2580.7	4
3200.36	3209.54	4
3769.26	3775.18	4
4298.58	4300.74	4
4809.62	4809.32	4
5369.75	5292.38	4
5798.08	5835.08	4
6221.1	6280.64	4
0.91	1.03	4
1.42	1.34	4
2.34	2.26	4
3.88	3.74	4
4.88	5.46	4
7.39	7.65	4
7.11	7.04	4
9.26	8.41	4
11.4	12.28	4
17.0	20.22	4
28.01	27.3	4
49.14	48.64	4
87.46	84.67	4
166.06	164.05	4
322.12	321.54	4
647.49	653.19	4
1174.14	1156.15	4
1906.9	1905.0	4
2213.9	2214.04	4
2485.48	2457.47	4
2658.43	2675.56	4
2910.91	3024.7	4
3014.59	3046.06	4
3276.51	3304.36	4
3366.49	3342.48	4
1.21	1.07	5
1.13	1.17	5
1.04	1.16	5
1.43	1.21	5
1.65	1.7	5
2.91	1.78	5
1.78	1.86	5
2.76	2.66	5
3.14	3.15	5
3.91	4.51	5
5.6	5.22	5
8.55	7.87	5
11.99	12.0	5
19.75	19.07	5
35.3	34.26	5
61.62	60.0	5
119.03	113.65	5
223.91	218.82	5
314.37	316.86	5
433.09	432.68	5
562.13	517.55	5
628.91	626.25	5
714.19	712.5	5
830.4	850.73	5
995.59	936.29	5
1.09	0.74	5
1.15	1.13	5
1.09	1.1	5
1.43	1.29	5
1.59	1.8	5
1.85	2.2	5
3.29	3.43	5
4.35	5.64	5
8.3	10.13	5
19.47	19.32	5
38.66	37.47	5
74.16	73.9	5
100.46	148.82	5
244.3	296.01	5
489.08	584.35	5
978.84	1164.06	5
1596.81	2346.3	5
4552.31	4586.76	5
5739.41	6788.99	5
9004.22	8952.44	5
11179.82	11193.83	5
11109.42	13380.06	5
15549.8	15513.17	5
17815.4	17783.98	5
19904.14	19976.2	5
1.11	1.08	5
1.01	1.0	5
1.07	1.09	5
1.03	1.06	5
1.48	1.51	5
1.5	1.79	5
2.01	1.66	5
2.4	2.8	5
2.87	3.12	5
4.79	5.0	5
5.74	6.57	5
8.98	9.02	5
13.45	12.27	5
24.61	19.33	5
33.84	41.9	5
60.7	59.2	5
143.84	112.54	5
297.78	342.67	5
342.75	313.11	5
424.67	408.45	5
507.79	515.15	5
609.57	731.54	5
738.99	716.74	5
989.98	1045.89	5
1116.81	1506.23	5
1.18	1.08	5
1.14	1.17	5
1.09	1.28	5
1.28	1.86	5
1.68	1.6	5
2.35	2.3	5
4.13	3.51	5
5.48	6.38	5
10.8	11.11	5
21.16	20.53	5
39.95	40.84	5
53.89	75.92	5
124.45	159.61	5
245.83	295.5	5
393.87	582.98	5
1016.76	1215.34	5
1929.66	2360.25	5
3065.33	4660.23	5
6715.66	6715.59	5
7453.41	9115.68	5
7610.74	11531.4	5
11022.27	13556.16	5
13088.64	15443.01	5
17699.13	17937.2	5
20158.2	19799.84	5
1.11	1.07	6
1.14	1.1	6
1.14	1.32	6
1.15	1.27	6
1.47	1.53	6
2.12	2.14	6
2.76	2.56	6
3.68	3.74	6
4.62	4.96	6
7.12	7.32	6
14.1	14.11	6
23.63	23.84	6
41.27	41.52	6
75.89	73.08	6
144.62	140.97	6
273.75	274.19	6
556.99	545.89	6
1053.07	1024.32	6
1565.62	1530.29	6
2074.64	2037.42	6
2535.89	2548.63	6
3012.66	3035.5	6
3604.82	3505.54	6
4022.72	4007.3	6
4561.37	4587.66	6
0.99	1.14	6
1.22	1.38	6
1.23	1.32	6
1.35	1.67	6
1.82	1.94	6
2.38	2.69	6
3.55	3.52	6
5.76	5.65	6
9.48	9.71	6
15.94	18.52	6
33.62	34.97	6
65.84	65.52	6
84.56	129.27	6
255.14	256.47	6
328.85	507.06	6
643.91	1005.92	6
1652.26	2006.53	6
2514.99	3926.14	6
4787.13	5846.02	6
7702.02	7783.05	6
9620.76	9599.24	6
11494.88	11498.02	6
13449.38	13387.85	6
12619.45	15418.59	6
11017.29	17126.05	6
1.0	0.91	6
1.03	1.02	6
1.19	1.2	6
1.42	1.07	6
1.41	1.51	6
1.81	1.98	6
2.3	2.31	6
3.75	3.95	6
4.8	5.21	6
8.36	8.85	6
15.67	15.0	6
23.61	24.51	6
42.76	42.14	6
74.7	86.71	6
154.73	147.01	6
279.86	307.7	6
544.37	570.36	6
1039.42	1102.23	6
1607.36	1541.2	6
2033.52	2027.55	6
2518.36	2793.14	6
3030.81	3049.21	6
3583.05	3662.48	6
3988.73	3981.99	6
4677.46	4472.34	6
0.98	1.06	6
1.45	1.32	6
1.34	1.21	6
1.47	1.33	6
1.93	1.87	6
2.48	2.54	6
3.6	3.49	6
6.2	6.17	6
10.8	10.53	6
19.36	19.75	6
22.62	35.38	6
67.88	68.07	6
87.71	138.71	6
212.47	268.24	6
334.16	504.7	6
832.75	1035.7	6
1393.05	1993.35	6
3301.29	3958.4	6
4804.17	6176.81	6
7669.59	7853.04	6
9867.27	9753.13	6
11464.51	11697.32	6
13783.08	13288.83	6
15587.2	15529.68	6
17153.99	17198.57	6
1.21	1.06	7
1.09	1.03	7
1.3	1.52	7
1.7	1.35	7
1.87	2.04	7
2.49	2.35	7
3.62	3.7	7
5.46	6.02	7
8.04	10.2	7
19.09	18.9	7
28.17	34.45	7
55.8	67.27	7
128.92	129.09	7
256.23	257.25	7
513.37	511.22	7
650.77	1013.69	7
2018.66	2030.39	7
3239.42	3938.62	7
4765.2	5849.72	7
6315.53	7703.65	7
7877.2	9598.98	7
11925.42	11911.36	7
11011.58	13386.9	7
15294.58	15303.31	7
14072.39	17176.34	7
1.0	1.02	7
1.02	1.09	7
1.12	1.31	7
1.29	1.42	7
1.28	1.32	7
1.96	2.18	7
2.33	2.7	7
3.21	3.3	7
4.65	4.31	7
6.76	7.86	7
14.0	13.45	7
23.67	23.9	7
40.74	40.32	7
75.04	73.6	7
145.51	143.46	7
271.26	273.77	7
536.77	540.75	7
1064.06	1042.09	7
1537.49	1543.9	7
2038.18	2041.06	7
2529.41	2553.06	7
3156.92	3060.85	7
3620.85	3547.46	7
4008.84	4030.38	7
4509.08	4514.97	7
1.05	1.16	7
0.88	1.18	7
1.26	1.58	7
1.49	1.39	7
1.94	2.1	7
2.4	2.45	7
3.28	3.83	7
4.13	5.96	7
10.6	11.3	7
19.82	19.33	7
36.1	35.62	7
56.61	70.55	7
110.14	132.21	7
260.11	274.82	7
522.51	530.69	7
923.3	1063.16	7
2004.55	2005.72	7
3331.84	4016.01	7
5866.54	5875.94	7
6473.72	7688.59	7
9723.05	9530.63	7
9421.88	11628.24	7
13691.38	13311.08	7
12696.91	15501.79	7
17444.89	17438.18	7
0.97	0.99	7
1.03	1.23	7
1.2	1.15	7
1.37	1.33	7
1.41	1.41	7
1.8	1.77	7
2.63	2.98	7
3.63	4.02	7
4.85	5.55	7
8.41	9.0	7
14.81	14.72	7
23.97	24.86	7
41.51	42.27	7
75.27	78.36	7
145.56	141.62	7
287.95	285.11	7
541.22	568.03	7
1036.34	1034.4	7
1739.41	1533.94	7
2125.13	2130.32	7
2527.9	2638.09	7
3333.98	3022.19	7
3503.53	3513.13	7
4055.7	4006.76	7
4523.19	4509.05	7
1.09	0.97	8
1.07	0.93	8
1.04	1.16	8
1.23	1.19	8
1.53	1.28	8
2.01	2.11	8
3.17	3.46	8
5.64	5.89	8
8.64	10.3	8
19.77	19.41	8
38.74	37.15	8
73.44	73.67	8
148.26	145.88	8
291.37	292.21	8
485.2	582.09	8
1165.62	1162.59	8
2338.55	2316.29	8
3793.85	4536.63	8
6792.77	6736.8	8
9080.56	8998.46	8
11125.09	11233.14	8
13328.63	13331.22	8
10334.96	15544.18	8
17713.81	17719.69	8
16570.11	20165.31	8
1.06	1.03	8
0.99	1.08	8
0.95	1.1	8
1.26	1.0	8
1.69	1.86	8
1.51	1.72	8
1.63	1.92	8
2.67	2.83	8
3.26	2.51	8
3.93	4.32	8
5.18	6.08	8
8.4	7.46	8
12.96	11.74	8
19.95	19.19	8
34.96	34.93	8
61.45	58.86	8
121.03	114.66	8
226.28	215.69	8
359.53	315.19	8
438.09	429.34	8
571.11	534.91	8
616.02	622.83	8
712.77	712.95	8
884.99	827.57	8
933.25	925.35	8
0.98	0.9	8
0.93	0.96	8
1.08	1.19	8
1.17	1.3	8
1.48	1.59	8
2.16	2.21	8
4.15	3.3	8
5.12	6.12	8
10.9	10.85	8
18.13	22.04	8
32.79	40.31	8
76.99	76.99	8
148.71	154.88	8
295.22	292.43	8
583.24	581.45	8
1160.03	1178.14	8
1550.72	2300.98	8
3843.07	4497.67	8
5709.53	6671.4	8
7525.06	8986.01	8
11242.84	11257.47	8
11238.98	13259.43	8
13101.83	15781.35	8
14726.01	17601.27	8
19813.82	19783.91	8
1.03	1.04	8
1.17	0.99	8
1.07	1.2	8
1.18	1.02	8
1.69	1.71	8
2.16	1.61	8
1.58	1.98	8
2.82	2.73	8
3.05	3.19	8
4.74	4.46	8
6.65	6.05	8
8.44	9.25	8
16.12	15.37	8
21.5	19.39	8
32.57	33.18	8
59.71	77.22	8
111.79	113.17	8
354.33	323.6	8
327.72	315.48	8
427.47	512.82	8
517.8	526.77	8
734.03	875.71	8
867.61	714.17	8
847.13	989.58	8
1297.43	1125.34	8
0.93	1.07	9
1.09	1.19	9
1.12	1.1	9
1.51	1.43	9
1.48	1.87	9
2.55	2.38	9
2.58	2.69	9
3.51	3.3	9
3.93	4.06	9
5.78	5.53	9
8.45	8.35	9
13.45	12.88	9
21.3	21.61	9
38.15	38.11	9
70.15	72.12	9
131.69	132.5	9
253.65	256.71	9
507.41	498.19	9
743.04	736.1	9
954.27	1005.43	9
1224.13	1239.06	9
1470.17	1455.03	9
1688.42	1678.29	9
1927.57	1919.94	9
2183.18	2153.12	9
0.91	0.88	9
1.09	1.09	9
1.25	1.24	9
1.63	1.6	9
2.17	2.15	9
2.61	2.63	9
3.91	3.51	9
4.49	4.62	9
6.51	6.97	9
10.96	11.17	9
21.41	20.38	9
38.14	40.48	9
75.6	74.96	9
151.45	148.33	9
303.35	301.55	9
586.48	582.54	9
1195.16	1207.96	9
2281.45	2267.98	9
3392.69	3393.03	9
4518.88	4510.25	9
5760.79	5753.7	9
6722.87	6759.82	9
7933.23	8019.91	9
9044.44	9196.25	9
10060.68	10050.73	9
0.91	0.92	9
1.0	0.9	9
0.97	1.04	9
1.49	1.37	9
1.79	1.51	9
2.24	2.35	9
2.53	2.59	9
3.94	3.45	9
4.17	3.76	9
5.68	5.7	9
8.4	9.58	9
12.53	12.7	9
21.63	21.26	9
37.6	37.93	9
67.85	67.15	9
128.52	130.31	9
260.34	248.64	9
493.17	495.96	9
730.19	739.81	9
1008.34	977.39	9
1230.94	1229.08	9
1441.74	1429.55	9
1690.28	1704.02	9
1961.17	1956.78	9
2133.29	2151.44	9
0.97	0.93	9
1.03	1.09	9
1.28	1.01	9
1.64	1.71	9
2.27	2.26	9
2.6	2.54	9
3.01	4.06	9
3.93	5.43	9
6.2	7.58	9
10.93	11.48	9
19.71	19.21	9
37.69	38.72	9
74.0	75.08	9
144.05	143.8	9
290.6	288.47	9
580.5	582.05	9
1146.97	1157.72	9
2242.52	2255.86	9
3329.63	3366.5	9
4427.92	4533.39	9
5537.55	5520.26	9
6819.57	6619.81	9
7708.85	7714.64	9
8814.31	9028.0	9
9886.54	9911.78	9
0.89	0.94	10
1.1	1.27	10
1.28	1.15	10
1.53	1.47	10
1.86	1.73	10
2.27	2.42	10
2.95	3.15	10
4.55	4.74	10
7.52	7.15	10
12.52	12.38	10
18.43	19.2	10
31.14	30.46	10
55.56	53.71	10
106.03	102.8	10
198.69	199.03	10
394.44	392.44	10
783.29	787.9	10
1506.27	1510.06	10
2223.25	2226.43	10
2955.29	2968.94	10
3671.37	3696.77	10
4447.7	4413.49	10
5144.78	5091.4	10
5880.03	5817.75	10
6639.35	6592.02	10
1.05	0.94	10
1.11	1.24	10
1.31	1.41	10
1.59	1.66	10
2.48	2.51	10
2.8	4.09	10
3.84	4.82	10
5.25	6.09	10
8.6	8.15	10
14.61	16.3	10
26.33	25.87	10
48.6	49.91	10
92.92	93.8	10
182.99	186.11	10
366.93	364.5	10
719.24	724.09	10
1445.51	1475.49	10
2837.88	2807.52	10
4292.32	4372.03	10
5541.56	5578.3	10
6884.98	7080.7	10
8246.49	8254.82	10
9647.91	9610.84	10
10983.8	11639.09	10
12327.06	12356.63	10
0.77	0.73	10
1.01	1.03	10
1.16	0.94	10
1.34	1.5	10
1.7	1.49	10
2.53	2.36	10
3.06	2.78	10
4.34	4.41	10
7.23	7.3	10
12.11	12.23	10
17.65	18.81	10
29.91	29.8	10
51.38	52.22	10
96.63	98.87	10
192.4	188.62	10
367.83	376.73	10
723.41	740.62	10
1386.92	1393.77	10
2055.13	2065.83	10
2750.04	2717.28	10
3385.49	3389.85	10
4036.68	4028.28	10
4697.61	4670.04	10
5338.69	5369.74	10
6037.01	6062.25	10
1.04	1.01	10
0.96	1.06	10
1.23	1.36	10
1.65	1.8	10
2.1	2.37	10
3.36	3.9	10
4.26	5.7	10
4.75	6.59	10
8.58	8.69	10
15.56	15.46	10
25.98	27.2	10
50.87	50.66	10
97.0	96.96	10
188.05	192.22	10
369.03	372.98	10
720.66	724.75	10
1445.97	1440.29	10
2808.38	2778.22	10
4330.44	4310.59	10
5602.34	5595.45	10
6825.67	6874.24	10
8196.84	8232.73	10
9538.74	9544.36	10
11135.91	10876.41	10
12185.36	12175.61	10
1.0	0.97	11
1.07	1.01	11
1.39	1.29	11
1.76	1.81	11
2.19	2.51	11
3.02	3.66	11
3.98	5.63	11
5.53	6.4	11
8.25	10.0	11
14.46	14.78	11
24.96	27.0	11
48.09	50.11	11
91.48	92.42	11
181.54	184.98	11
358.5	361.72	11
723.05	721.25	11
1452.86	1420.17	11
2779.41	2800.67	11
4168.82	4132.08	11
5527.56	5480.47	11
6963.7	7043.85	11
8454.93	8275.75	11
9581.05	9542.19	11
11064.93	10931.02	11
12301.76	12283.97	11
0.89	0.93	11
1.11	1.02	11
1.14	1.21	11
1.55	1.67	11
1.91	2.3	11
2.46	2.07	11
3.17	3.01	11
4.54	4.2	11
7.01	6.6	11
11.69	12.2	11
19.44	19.56	11
30.41	31.5	11
55.05	55.18	11
104.7	102.86	11
196.66	200.35	11
392.2	391.88	11
769.65	781.47	11
1548.78	1542.39	11
2235.57	2235.11	11
2962.27	2962.43	11
3664.89	3674.92	11
4435.97	4436.92	11
5139.95	5206.67	11
5859.98	5896.19	11
6605.36	6597.07	11
0.95	1.23	11
0.98	0.97	11
1.3	1.19	11
1.63	1.66	11
2.44	2.5	11
2.68	3.51	11
3.66	4.75	11
5.88	6.76	11
8.5	9.69	11
14.4	15.06	11
25.64	26.19	11
48.52	48.68	11
92.12	94.72	11
185.04	182.7	11
361.35	352.83	11
711.58	718.29	11
1424.71	1410.7	11
2726.14	2773.51	11
4100.84	4111.01	11
5570.03	5425.81	11
6753.85	6749.12	11
8112.31	8090.91	11
9434.4	9448.6	11
10770.25	10755.97	11
12112.99	12129.84	11
0.75	0.84	11
1.15	1.14	11
1.16	1.11	11
1.51	1.49	11
2.21	1.62	11
2.47	2.6	11
2.95	3.12	11
4.28	4.27	11
6.75	7.16	11
11.57	10.8	11
17.1	18.03	11
29.83	29.14	11
53.51	53.92	11
100.96	103.32	11
189.3	189.69	11
374.83	381.76	11
731.45	732.39	11
1408.38	1391.44	11
2078.77	2053.24	11
2736.53	2741.36	11
3427.98	3389.66	11
4066.3	4057.69	11
4727.1	4724.87	11
5463.54	5395.34	11
6044.61	6061.21	11
0.8	0.84	12
0.83	1.08	12
1.21	1.14	12
1.36	1.59	12
2.06	2.1	12
2.7	3.19	12
3.47	3.68	12
4.07	4.21	12
6.97	6.53	12
12.47	11.75	12
19.71	20.2	12
38.04	37.59	12
73.53	77.48	12
146.23	151.03	12
300.54	297.77	12
584.46	592.13	12
1191.3	1182.73	12
2261.92	2291.16	12
3411.64	3367.91	12
4498.77	4493.18	12
5571.26	5600.64	12
6825.01	6849.52	12
7790.77	7836.41	12
8927.79	8940.94	12
10282.21	10134.5	12
1.1	0.9	12
0.93	0.97	12
1.02	1.03	12
1.59	1.62	12
2.16	1.64	12
2.2	2.08	12
2.46	2.55	12
3.85	3.59	12
3.67	3.47	12
5.13	5.71	12
7.74	9.12	12
12.88	12.91	12
21.35	21.45	12
37.66	38.55	12
70.31	71.05	12
132.21	131.81	12
253.08	257.94	12
504.79	492.34	12
768.23	752.89	12
1000.14	1016.62	12
1230.79	1223.29	12
1476.96	1453.33	12
1702.34	1701.72	12
1948.73	1922.47	12
2175.29	2186.51	12
0.86	0.83	12
0.92	0.89	12
1.17	1.05	12
1.38	1.51	12
2.33	2.1	12
2.64	2.53	12
3.12	3.33	12
3.66	4.79	12
6.35	6.97	12
11.25	10.62	12
19.56	21.29	12
38.27	38.36	12
71.98	73.78	12
143.15	144.16	12
286.09	285.9	12
578.31	590.19	12
1178.15	1164.03	12
2239.89	2226.1	12
3321.21	3326.5	12
4485.31	4510.51	12
5455.04	5496.62	12
6529.49	6693.35	12
7672.1	7641.35	12
8766.85	8928.5	12
9798.75	9826.94	12
0.96	1.03	12
0.96	1.14	12
1.05	0.92	12
1.53	1.52	12
2.15	1.61	12
2.59	2.5	12
2.47	2.52	12
3.39	3.29	12
3.46	3.66	12
6.0	6.05	12
8.63	8.4	12
13.25	12.87	12
20.31	20.98	12
37.54	37.86	12
68.79	69.73	12
130.67	131.08	12
259.17	258.82	12
481.99	489.89	12
736.25	742.0	12
962.09	969.36	12
1197.89	1221.04	12
1465.76	1483.29	12
1674.07	1694.81	12
1935.78	1975.38	12
2142.68	2177.3	12
0.94	0.58	13
0.81	1.08	13
1.07	0.99	13
1.84	1.67	13
2.54	3.16	13
4.87	4.29	13
6.41	6.89	13
10.47	8.01	13
11.52	11.87	13
9.89	11.08	13
12.89	13.21	13
12.91	9.98	13
14.15	13.47	13
16.66	14.29	13
18.4	16.44	13
25.37	26.14	13
39.87	35.33	13
70.54	66.94	13
120.69	92.39	13
234.51	174.49	13
448.85	392.14	13
668.83	581.33	13
838.23	895.71	13
1091.1	792.56	13
1297.51	942.57	13
1558.49	1537.09	13
1748.46	1213.47	13
1968.57	2028.38	13
0.77	0.58	13
0.7	0.77	13
2.03	0.96	13
1.56	1.73	13
2.66	2.33	13
4.66	4.07	13
6.89	7.17	13
7.23	11.09	13
12.66	15.18	13
14.08	15.35	13
13.04	12.95	13
15.79	19.17	13
16.52	21.58	13
22.73	40.23	13
36.76	34.7	13
60.56	58.22	13
95.68	100.01	13
189.9	189.46	13
367.17	622.6	13
715.22	1233.51	13
1376.06	2378.09	13
2055.35	2041.85	13
2714.21	2738.75	13
3399.46	5913.92	13
4128.63	7084.04	13
4684.94	4746.61	13
5358.09	9302.9	13
6327.27	19145.31	13
0.59	0.59	13
0.74	0.79	13
1.02	1.02	13
1.66	1.43	13
2.74	2.93	13
3.91	3.69	13
6.56	6.38	13
8.49	10.98	13
9.85	10.25	13
10.37	10.65	13
12.94	12.44	13
11.15	12.85	13
10.26	16.09	13
15.7	15.91	13
21.66	18.54	13
25.67	27.0	13
45.19	37.14	13
72.32	74.85	13
123.5	106.64	13
224.49	184.81	13
458.69	366.96	13
617.31	547.55	13
813.99	725.7	13
1020.03	894.78	13
1182.23	913.99	13
1533.41	1200.98	13
1602.59	1408.22	13
1770.06	1349.29	13
0.67	0.57	13
0.73	0.71	13
1.15	1.04	13
1.72	1.68	13
2.63	2.47	13
4.01	4.61	13
7.64	6.58	13
7.54	7.94	13
15.37	13.73	13
14.15	13.61	13
15.02	11.43	13
16.53	11.02	13
17.94	16.73	13
21.57	23.44	13
34.13	32.5	13
54.96	91.12	13
95.79	100.55	13
186.41	318.78	13
362.09	627.84	13
700.12	704.88	13
1320.4	2323.86	13
1941.35	1954.27	13
2654.28	4642.04	13
3185.52	8138.14	13
3916.08	12749.36	13
4430.02	7964.26	13
5080.41	5100.36	13
5694.29	5885.96	13
0.64	0.62	14
0.85	0.92	14
1.26	1.18	14
1.86	1.73	14
2.69	2.66	14
4.33	4.42	14
5.36	7.58	14
7.76	8.67	14
10.82	14.08	14
10.32	11.87	14
16.38	12.66	14
14.49	13.58	14
17.65	17.77	14
23.76	20.87	14
31.36	30.75	14
56.22	53.3	14
93.84	91.61	14
174.93	168.34	14
333.71	308.87	14
663.7	627.49	14
1264.22	1228.99	14
1875.15	1866.26	14
2464.7	2257.44	14
3055.36	2951.53	14
3678.21	3685.21	14
4275.15	4073.48	14
5059.03	4916.45	14
5469.68	5241.16	14
0.68	0.88	14
0.96	0.84	14
1.29	1.14	14
1.61	1.68	14
2.87	2.42	14
5.12	3.82	14
7.14	6.22	14
9.13	10.44	14
12.63	11.99	14
10.16	12.71	14
13.71	11.14	14
13.78	16.74	14
13.48	21.7	14
17.66	32.79	14
30.38	42.64	14
48.44	81.48	14
83.62	138.26	14
147.99	262.34	14
288.27	299.17	14
571.67	572.55	14
1072.15	1088.09	14
1608.21	1587.25	14
2090.33	5415.84	14
2665.16	4704.86	14
3088.43	5619.65	14
3620.47	9374.19	14
4148.62	7427.11	14
4578.24	4682.36	14
0.68	0.62	14
0.77	0.86	14
1.09	1.0	14
1.49	1.57	14
2.64	2.62	14
3.96	4.58	14
6.85	7.47	14
6.49	8.77	14
12.2	9.05	14
13.88	9.23	14
15.75	15.91	14
15.11	16.72	14
18.18	13.19	14
18.88	24.57	14
34.49	32.75	14
51.59	54.97	14
95.01	89.47	14
172.0	167.82	14
344.82	334.82	14
636.82	599.07	14
1265.51	1261.89	14
1856.36	1710.64	14
2440.33	2410.83	14
2994.17	2793.18	14
3567.71	3305.53	14
4143.92	3885.99	14
4898.76	4787.3	14
5299.11	5154.72	14
0.72	0.71	14
1.02	0.96	14
1.34	1.37	14
1.7	1.68	14
2.97	2.5	14
4.28	4.75	14
7.68	7.1	14
9.33	10.44	14
10.21	13.86	14
12.44	9.55	14
14.37	12.62	14
15.14	17.72	14
16.93	17.67	14
20.26	27.81	14
30.52	26.34	14
47.73	46.07	14
80.86	82.09	14
148.91	151.84	14
284.72	293.86	14
550.81	981.41	14
1059.42	1072.12	14
1564.95	1595.86	14
2107.28	2128.02	14
2558.37	4665.04	14
3066.17	8014.12	14
3734.75	6656.97	14
4059.84	7363.24	14
4596.99	8247.2	14
0.62	0.74	15
0.79	0.94	15
1.05	1.13	15
1.67	1.74	15
2.83	2.82	15
4.98	4.43	15
7.13	6.78	15
7.25	11.44	15
12.09	8.9	15
10.06	14.3	15
10.12	13.53	15
21.6	19.35	15
17.67	16.89	15
21.48	29.8	15
29.0	43.83	15
46.88	76.6	15
79.97	194.04	15
150.22	370.94	15
279.91	943.27	15
549.27	552.54	15
1057.71	1063.52	15
1565.59	1577.6	15
2065.5	2083.58	15
2587.97	4671.19	15
3067.17	8072.19	15
3569.19	3618.31	15
4117.87	7621.57	15
4611.81	12120.56	15
0.64	0.71	15
0.83	0.86	15
1.13	1.03	15
1.72	1.75	15
2.72	2.81	15
4.6	4.83	15
5.22	6.17	15
9.69	11.49	15
11.14	10.28	15
14.36	15.49	15
13.88	11.85	15
14.96	15.48	15
17.74	14.99	15
18.59	23.41	15
35.28	35.06	15
52.46	52.66	15
94.8	89.49	15
179.47	169.66	15
339.34	330.77	15
667.14	655.61	15
1257.93	1281.34	15
1875.15	1893.76	15
2473.68	2367.46	15
3081.93	3096.84	15
3684.16	3368.42	15
4307.16	4291.0	15
4952.67	4685.44	15
5471.95	5026.94	15
0.67	0.71	15
0.82	0.94	15
1.1	0.99	15
1.82	1.56	15
2.79	2.57	15
4.94	3.87	15
6.21	6.56	15
10.15	10.2	15
14.61	7.52	15
11.46	14.53	15
11.6	9.42	15
15.28	13.76	15
17.24	20.71	15
21.92	21.23	15
28.69	43.86	15
48.63	75.48	15
83.47	81.4	15
149.97	258.84	15
288.25	711.6	15
557.93	984.96	15
1077.27	1908.21	15
1544.6	4019.01	15
2054.11	2153.27	15
2541.49	4612.55	15
3074.51	3062.05	15
3551.06	3608.93	15
4055.9	4106.3	15
4540.72	8246.3	15
0.74	0.71	15
1.01	0.87	15
1.07	1.17	15
1.53	1.74	15
2.67	2.78	15
4.48	4.81	15
7.97	7.62	15
10.5	7.54	15
10.75	9.8	15
11.69	11.78	15
14.02	14.65	15
13.99	14.83	15
17.54	19.54	15
24.08	22.48	15
35.17	31.87	15
53.78	55.74	15
99.3	93.8	15
176.17	173.67	15
336.65	336.89	15
645.85	641.58	15
1238.51	1251.54	15
1822.24	1784.45	15
2405.14	2338.1	15
3021.72	2885.94	15
3577.72	3730.5	15
4162.23	4224.67	15
4793.45	4663.61	15
5334.21	5151.51	15
0.59	0.6	16
0.72	0.79	16
1.03	1.24	16
1.53	1.42	16
2.9	2.37	16
4.65	4.12	16
7.32	7.7	16
4.56	7.15	16
11.09	12.86	16
13.43	11.17	16
14.63	12.64	16
14.9	20.37	16
20.85	22.44	16
26.28	42.13	16
34.2	35.29	16
60.66	125.11	16
106.45	170.8	16
195.46	453.71	16
366.39	626.8	16
723.55	1223.38	16
1382.64	1396.72	16
2047.37	3541.83	16
2723.4	4694.11	16
3469.66	5942.75	16
4122.44	4075.19	16
4740.49	4730.14	16
5386.35	9305.59	16
6024.8	6108.26	16
0.59	0.56	16
0.71	0.65	16
1.22	1.05	16
1.81	1.87	16
2.7	2.82	16
5.17	4.98	16
5.84	7.93	16
10.17	10.44	16
7.52	10.04	16
10.84	11.34	16
13.22	12.91	16
9.71	13.04	16
10.34	12.86	16
17.16	16.92	16
19.89	16.89	16
28.24	24.73	16
42.94	43.6	16
67.62	63.89	16
127.21	111.51	16
237.78	240.12	16
438.84	451.02	16
656.3	384.35	16
870.5	632.33	16
1081.8	974.14	16
1303.0	1326.09	16
1527.59	1351.92	16
1758.73	1244.02	16
1984.91	1708.8	16
0.65	0.71	16
0.66	0.63	16
0.97	0.97	16
1.49	1.86	16
2.63	2.07	16
4.44	4.53	16
6.37	7.58	16
10.84	8.08	16
11.42	12.28	16
14.19	13.78	16
13.24	14.59	16
14.64	19.25	16
19.66	28.43	16
23.82	30.73	16
36.35	39.05	16
59.9	59.8	16
106.53	102.97	16
182.73	185.93	16
354.26	611.42	16
696.7	1745.15	16
1304.53	2341.91	16
1932.65	3482.45	16
2577.38	6538.57	16
3208.98	8144.9	16
3913.04	6925.67	16
4448.98	7969.16	16
5146.18	5108.98	16
5869.04	5855.98	16
0.58	0.58	16
0.72	0.83	16
1.06	1.16	16
1.55	1.72	16
2.52	2.69	16
4.17	4.39	16
5.54	6.54	16
8.58	6.33	16
11.19	12.58	16
11.56	12.51	16
13.32	10.91	16
11.06	13.11	16
12.47	11.35	16
13.69	17.38	16
19.6	16.53	16
29.61	26.4	16
44.18	35.08	16
74.19	81.38	16
133.24	82.99	16
239.92	238.96	16
421.32	329.74	16
611.16	619.34	16
838.73	813.31	16
1021.15	888.86	16
1214.32	770.92	16
1394.16	1433.05	16
1578.18	1208.56	16
1779.57	1570.99	16
0.77	0.7	17
1.0	1.01	17
1.46	1.38	17
2.36	2.52	17
4.02	3.97	17
6.41	6.36	17
8.06	8.27	17
11.78	12.0	17
10.53	10.13	17
14.47	11.31	17
14.22	14.14	17
13.15	13.6	17
17.51	16.76	17
18.49	19.48	17
24.92	22.86	17
35.77	34.19	17
60.69	51.47	17
106.52	104.78	17
200.69	171.52	17
383.04	294.19	17
728.34	740.05	17
1083.6	850.34	17
1431.34	1220.53	17
1812.11	1683.43	17
2134.89	1653.77	17
2501.36	2531.78	17
2837.08	2603.46	17
3202.89	2712.28	17
0.73	0.76	17
0.98	0.94	17
1.46	1.29	17
2.33	2.45	17
3.25	3.45	17
6.29	6.66	17
7.19	7.28	17
7.94	11.74	17
11.72	16.68	17
13.54	18.74	17
16.06	22.49	17
20.65	31.6	17
24.8	47.97	17
36.68	103.25	17
60.23	58.25	17
107.74	197.8	17
204.1	380.23	17
391.82	1482.05	17
772.8	1494.11	17
1515.92	2948.93	17
2968.98	5739.57	17
4398.59	8558.89	17
5796.94	22248.29	17
7332.64	14240.23	17
8666.75	33413.01	17
10109.32	29121.06	17
11557.4	33243.97	17
13287.12	38035.99	17
0.65	0.59	17
0.83	0.88	17
1.49	1.36	17
2.15	2.36	17
3.17	3.77	17
6.25	6.0	17
8.5	7.84	17
12.39	8.19	17
10.23	10.63	17
13.09	14.65	17
11.67	12.37	17
13.21	11.35	17
10.85	12.27	17
17.96	20.01	17
25.55	25.26	17
34.13	32.44	17
60.23	53.54	17
103.39	88.09	17
198.66	154.34	17
347.72	327.74	17
663.43	587.98	17
982.41	946.35	17
1317.73	1249.57	17
1616.41	1482.23	17
1909.77	1617.36	17
2255.4	2029.84	17
2603.65	2188.91	17
2856.54	2564.62	17
0.69	0.75	17
0.99	0.98	17
1.38	1.27	17
2.07	2.35	17
3.97	3.86	17
7.89	4.65	17
9.41	9.01	17
9.18	8.57	17
13.37	14.84	17
12.88	18.69	17
15.92	15.92	17
14.72	31.55	17
25.99	48.65	17
37.21	81.81	17
59.59	104.92	17
104.96	383.43	17
200.72	383.08	17
394.26	1134.51	17
774.64	2193.16	17
1501.44	5802.44	17
2884.98	5671.73	17
4321.95	12536.18	17
5659.9	16694.58	17
7220.31	14055.64	17
8423.2	16656.52	17
9968.84	28893.25	17
11486.8	44254.19	17
12636.74	37101.17	17
0.71	0.85	18
1.0	1.06	18
1.47	1.52	18
2.55	2.38	18
4.17	4.08	18
5.61	6.43	18
8.99	9.1	18
10.37	13.1	18
11.25	13.76	18
13.79	14.85	18
14.43	14.01	18
18.5	17.16	18
19.82	18.43	18
27.88	28.6	18
43.01	40.25	18
72.63	69.87	18
129.26	119.89	18
246.14	220.19	18
482.41	442.9	18
941.67	870.23	18
1822.93	1667.8	18
2680.17	2475.41	18
3584.03	3136.08	18
4438.07	4095.85	18
5328.28	4684.39	18
6203.22	5947.96	18
7148.19	6548.78	18
7970.02	7686.67	18
0.85	0.79	18
1.01	1.08	18
1.51	1.45	18
2.34	2.3	18
3.62	4.08	18
4.57	7.23	18
8.01	9.2	18
12.62	12.45	18
14.4	14.88	18
13.72	18.36	18
14.86	19.89	18
18.87	31.94	18
24.85	43.66	18
33.37	94.4	18
56.99	94.97	18
96.4	179.61	18
183.22	675.81	18
347.22	1336.46	18
687.47	2650.41	18
1360.27	3990.6	18
2654.62	7729.62	18
3941.55	15290.52	18
5216.67	15525.53	18
6811.35	13038.32	18
7972.62	30571.49	18
9271.8	35345.47	18
10341.57	30240.49	18
11593.36	33919.19	18
0.78	0.65	18
0.91	0.97	18
1.41	1.43	18
2.29	2.38	18
3.7	3.17	18
4.77	5.22	18
9.21	9.75	18
13.51	10.92	18
13.34	14.06	18
11.94	14.28	18
13.7	14.27	18
16.88	17.06	18
16.74	20.49	18
28.46	27.1	18
42.09	43.57	18
71.82	69.08	18
131.12	122.4	18
240.01	220.41	18
466.74	436.84	18
915.26	904.91	18
1749.37	1785.5	18
2578.75	2534.48	18
3476.49	3153.01	18
4279.76	4052.49	18
5068.17	5104.81	18
5887.56	5584.96	18
6695.69	6390.56	18
7497.91	7237.16	18
0.73	0.85	18
1.08	1.04	18
1.73	1.56	18
2.31	2.41	18
3.31	3.95	18
5.81	6.79	18
8.28	6.41	18
8.94	11.18	18
13.26	15.92	18
12.54	14.65	18
17.08	25.65	18
18.39	28.24	18
21.21	33.41	18
35.78	54.44	18
55.01	143.59	18
102.0	263.94	18
185.49	515.92	18
349.73	676.7	18
699.34	2667.21	18
1377.88	5347.41	18
2626.24	10517.32	18
3915.99	7639.23	18
5100.25	5157.23	18
6396.32	12618.49	18
7661.97	15381.04	18
8898.66	26281.03	18
10193.31	39924.68	18
11466.17	33716.65	18
0.72	0.8	19
1.0	1.08	19
1.47	1.61	19
2.31	2.57	19
3.99	4.02	19
6.42	6.26	19
7.35	9.57	19
10.69	10.0	19
13.35	10.63	19
14.95	16.48	19
14.6	23.2	19
19.54	27.77	19
26.31	42.02	19
37.44	53.01	19
55.03	138.54	19
98.98	262.57	19
183.35	517.36	19
353.01	677.59	19
682.58	680.02	19
1349.01	3947.72	19
2617.27	10259.79	19
3920.56	11447.95	19
5198.72	10166.35	19
6471.44	25118.52	19
7767.43	22706.64	19
9057.25	35059.39	19
10313.55	20619.71	19
11569.9	23241.36	19
0.7	0.81	19
0.98	1.04	19
1.52	1.56	19
2.4	2.4	19
3.66	3.89	19
6.82	6.66	19
6.07	10.13	19
12.65	13.34	19
14.54	10.33	19
14.49	13.95	19
15.31	16.08	19
14.28	15.89	19
20.84	22.46	19
26.57	28.57	19
44.38	40.83	19
70.48	68.35	19
128.98	121.57	19
249.61	226.02	19
473.78	461.64	19
943.85	863.06	19
1807.39	1687.17	19
2723.84	2399.44	19
3561.47	3290.01	19
4491.94	4113.38	19
5326.79	4912.07	19
6250.09	5510.0	19
7073.97	6517.7	19
7933.72	6995.01	19
0.68	0.72	19
0.95	0.86	19
1.44	1.54	19
2.21	2.43	19
4.08	3.74	19
6.55	6.25	19
8.74	9.25	19
14.1	10.04	19
12.42	16.16	19
12.11	18.86	19
12.86	16.07	19
17.12	35.21	19
23.69	58.84	19
31.9	77.85	19
53.73	139.18	19
96.78	262.54	19
178.81	675.03	19
341.78	1333.26	19
673.64	1976.09	19
1331.33	5202.65	19
2580.94	5096.83	19
3836.19	11295.32	19
5094.63	5115.72	19
6339.65	18721.21	19
7619.17	22565.44	19
8882.68	26344.65	19
10130.52	20190.92	19
11323.51	44670.68	19
0.77	0.81	19
1.19	0.98	19
1.64	1.49	19
2.25	2.29	19
3.48	3.81	19
6.78	5.6	19
10.13	9.38	19
10.08	11.87	19
11.31	10.13	19
15.71	13.44	19
13.14	14.28	19
13.82	17.29	19
20.71	21.5	19
28.2	29.49	19
43.76	43.07	19
70.95	67.51	19
129.56	126.19	19
245.59	226.06	19
493.77	441.29	19
909.92	856.86	19
1735.64	1698.58	19
2598.54	2544.08	19
3416.31	3138.2	19
4317.98	4176.68	19
5108.86	4845.74	19
5929.29	5435.4	19
6871.76	6403.92	19
7611.62	7191.92	19
0.71	0.67	20
0.87	0.91	20
1.3	1.34	20
2.22	2.19	20
3.88	4.0	20
5.39	6.19	20
7.67	8.24	20
11.89	11.38	20
15.39	12.04	20
14.22	18.21	20
16.6	15.59	20
20.04	23.53	20
26.04	34.71	20
34.11	102.99	20
60.79	145.39	20
108.55	375.69	20
200.08	733.36	20
393.27	1091.91	20
765.68	2867.09	20
1572.28	2990.02	20
3098.47	8877.88	20
4396.07	4418.1	20
5956.6	11311.17	20
7214.11	20760.56	20
8623.54	24680.26	20
10038.78	38103.58	20
11483.93	32812.47	20
12909.73	24875.94	20
0.7	0.76	20
0.86	1.01	20
1.49	1.45	20
2.27	2.68	20
3.78	3.66	20
6.49	6.15	20
8.31	7.64	20
10.72	10.54	20
11.42	10.96	20
9.33	12.58	20
9.81	11.79	20
13.67	14.4	20
15.65	15.89	20
18.73	17.46	20
27.17	23.65	20
36.49	28.74	20
61.28	51.09	20
107.7	89.54	20
198.91	157.13	20
383.66	325.59	20
742.92	683.15	20
1085.51	848.54	20
1465.18	1119.23	20
1782.64	1515.06	20
2139.9	2005.47	20
2475.31	2295.66	20
2886.05	2654.33	20
3171.81	2961.88	20
0.63	0.59	20
0.84	0.84	20
1.36	1.31	20
2.03	2.18	20
3.38	3.76	20
5.65	6.15	20
7.29	7.62	20
13.06	11.62	20
13.69	15.55	20
12.74	16.33	20
15.97	17.57	20
17.95	29.87	20
25.17	32.0	20
33.14	81.2	20
55.73	103.83	20
103.42	103.94	20
194.49	546.72	20
381.09	1084.75	20
748.84	2138.92	20
1475.56	4297.5	20
2839.42	11002.49	20
4195.29	16381.07	20
5583.7	16319.93	20
6976.44	20386.25	20
8338.57	32487.63	20
9705.66	19125.71	20
11352.85	22181.34	20
12460.56	36455.4	20
0.69	0.63	20
0.9	0.85	20
1.39	1.37	20
2.14	2.35	20
3.72	3.71	20
5.66	6.58	20
7.76	9.08	20
8.18	10.23	20
10.12	11.83	20
10.19	11.9	20
12.74	13.76	20
9.46	14.75	20
14.8	15.76	20
17.29	18.02	20
24.83	26.42	20
40.87	32.26	20
59.61	52.38	20
106.57	88.11	20
187.55	180.69	20
343.76	302.38	20
660.04	564.8	20
983.25	899.8	20
1352.12	1240.27	20
1626.86	1451.69	20
1936.44	1754.31	20
2260.63	2212.11	20
2551.55	2325.24	20
2871.54	2752.62	20
