0.7	0.85	1
1.44	1.27	1
1.87	2.04	1
3.13	3.02	1
4.46	4.19	1
6.98	7.15	1
5.97	6.38	1
10.54	8.31	1
8.83	10.3	1
14.83	15.97	1
24.62	26.16	1
44.44	43.24	1
80.3	86.38	1
161.09	165.05	1
320.34	313.01	1
626.89	625.39	1
1196.35	1219.53	1
1906.14	1947.13	1
2328.37	2255.35	1
2497.92	2541.14	1
2717.49	2741.59	1
2946.71	2888.33	1
3134.0	3229.1	1
3392.8	3398.09	1
3544.9	3478.55	1
1.0	0.89	1
1.14	1.08	1
1.59	1.66	1
2.36	2.56	1
2.64	2.73	1
5.48	5.28	1
4.89	5.35	1
6.32	8.87	1
10.76	9.53	1
19.9	18.89	1
32.99	32.43	1
61.32	61.72	1
122.07	121.04	1
234.96	240.23	1
465.94	465.68	1
905.21	902.25	1
1699.7	1718.39	1
2779.88	2776.87	1
3318.49	3303.68	1
3903.37	3911.38	1
4574.61	4494.73	1
5110.82	4979.48	1
5688.88	5540.99	1
6044.2	6087.78	1
6493.69	6556.27	1
0.75	0.84	1
0.91	1.22	1
1.64	1.74	1
2.63	2.82	1
4.16	3.63	1
4.63	6.5	1
6.38	6.08	1
8.23	9.82	1
11.28	10.99	1
13.65	17.8	1
23.85	28.96	1
47.18	47.66	1
87.65	89.3	1
185.09	172.45	1
324.97	323.78	1
620.02	633.35	1
1244.44	1217.63	1
1952.69	1945.37	1
2209.38	2239.28	1
2475.44	2472.67	1
2677.74	2670.72	1
2860.35	2880.01	1
3033.17	3040.64	1
3227.1	3203.97	1
3390.21	3354.86	1
0.85	0.93	1
0.89	1.27	1
1.62	1.6	1
2.19	2.48	1
3.09	4.17	1
4.9	5.07	1
4.54	5.34	1
5.97	6.98	1
12.13	9.99	1
17.87	18.18	1
35.04	32.47	1
63.46	62.59	1
121.56	114.24	1
236.07	234.83	1
462.33	458.62	1
896.33	891.56	1
1663.91	1693.5	1
2623.83	2628.26	1
3321.16	3265.9	1
3795.94	3782.07	1
4365.58	4341.0	1
4882.93	4841.14	1
5364.89	5364.43	1
5824.49	6025.22	1
6287.51	6291.24	1
0.99	0.88	2
1.46	1.22	2
1.86	1.87	2
2.7	2.71	2
4.51	3.9	2
4.38	6.75	2
6.27	7.0	2
8.06	8.68	2
12.32	13.43	2
20.46	21.02	2
33.88	34.14	2
62.35	63.71	2
123.32	124.05	2
248.14	240.52	2
481.15	486.67	2
900.79	884.76	2
1766.59	1754.38	2
2665.09	2689.95	2
3359.65	3271.37	2
3846.9	3848.04	2
4475.0	4404.2	2
4917.1	4925.01	2
5431.36	5573.39	2
5938.88	6077.48	2
6455.41	6463.88	2
1.12	0.89	2
1.94	1.43	2
2.22	2.12	2
3.86	4.04	2
6.27	5.52	2
6.79	7.17	2
6.74	8.23	2
9.62	9.73	2
9.85	13.33	2
16.01	17.12	2
27.8	27.16	2
47.49	49.88	2
86.2	87.39	2
168.2	173.11	2
323.72	325.66	2
623.36	628.76	2
1237.7	1238.42	2
1958.8	1930.39	2
2279.82	2284.13	2
2577.85	2615.03	2
2749.46	2805.85	2
2980.05	2984.13	2
3180.73	3212.01	2
3375.73	3365.84	2
3530.4	3529.86	2
0.85	1.31	2
1.12	1.14	2
1.72	1.67	2
2.81	2.69	2
4.04	5.11	2
5.92	3.52	2
6.22	5.91	2
9.03	8.13	2
11.18	11.1	2
19.35	18.36	2
31.68	34.22	2
65.35	63.05	2
125.83	120.74	2
240.57	238.67	2
456.61	461.73	2
881.6	875.8	2
1718.05	1664.53	2
2609.64	2611.02	2
3199.32	3187.95	2
3726.4	3727.9	2
4206.6	4348.2	2
4733.9	4702.03	2
5229.67	5263.27	2
5741.07	5769.81	2
6230.97	6392.63	2
0.89	1.13	2
1.5	1.37	2
2.3	2.16	2
3.44	3.91	2
5.6	6.08	2
8.39	7.38	2
5.91	7.74	2
9.5	8.63	2
12.8	8.95	2
18.84	18.3	2
26.06	26.0	2
48.86	44.58	2
92.14	89.83	2
168.54	167.42	2
321.21	328.21	2
621.53	622.31	2
1227.7	1230.9	2
1906.8	1919.23	2
2192.33	2237.84	2
2498.97	2479.66	2
2692.8	2710.96	2
2939.91	2934.85	2
3176.81	3203.13	2
3328.48	3311.34	2
3555.9	3514.65	2
1.02	1.04	3
1.3	1.45	3
2.06	2.19	3
3.2	3.74	3
4.31	5.59	3
6.69	6.42	3
5.71	9.67	3
10.61	9.64	3
12.67	12.35	3
16.53	18.91	3
26.51	27.85	3
47.82	48.61	3
84.4	84.37	3
164.41	160.79	3
316.86	330.65	3
608.6	613.45	3
1193.56	1220.39	3
1908.01	1914.44	3
2216.87	2217.35	3
2558.87	2524.22	3
2781.0	2757.14	3
2947.27	2985.7	3
3173.7	3268.6	3
3338.11	3346.12	3
3611.49	3528.53	3
0.82	0.89	3
1.18	1.18	3
1.94	1.81	3
2.86	2.94	3
3.56	4.12	3
6.41	4.96	3
6.2	7.58	3
8.55	9.54	3
10.46	14.01	3
18.94	20.25	3
33.27	32.8	3
64.24	64.98	3
122.95	119.84	3
245.15	246.66	3
480.07	489.76	3
918.59	910.98	3
1727.35	1731.11	3
2764.12	2708.09	3
3304.33	3299.81	3
3840.5	3894.98	3
4409.67	4510.59	3
4940.0	4917.41	3
5460.46	5441.65	3
5991.26	5975.39	3
6463.52	6466.91	3
0.95	1.68	3
1.44	1.17	3
2.02	2.29	3
2.78	3.46	3
4.8	5.1	3
7.36	5.61	3
7.43	8.19	3
10.62	9.34	3
13.23	13.18	3
17.53	18.26	3
25.97	26.97	3
47.32	47.64	3
84.99	88.95	3
162.27	170.37	3
318.95	320.99	3
624.61	611.98	3
1231.72	1208.42	3
1967.96	1978.27	3
2158.59	2168.77	3
2453.38	2425.97	3
2699.67	2738.39	3
2895.75	2905.22	3
3101.22	3114.28	3
3268.79	3298.57	3
3410.37	3429.14	3
0.88	0.82	3
1.23	1.23	3
1.88	1.83	3
2.92	2.95	3
3.95	4.61	3
5.55	6.85	3
7.13	5.62	3
6.45	8.92	3
12.24	12.91	3
19.2	18.64	3
34.32	35.34	3
62.74	63.74	3
120.07	123.5	3
238.5	242.83	3
454.92	470.07	3
881.92	909.26	3
1697.37	1687.45	3
2604.83	2730.66	3
3177.94	3181.37	3
3732.16	3739.58	3
4219.61	4243.1	3
4848.25	4773.75	3
5247.66	5271.45	3
5882.24	5760.48	3
6424.75	6275.32	3
0.92	0.92	4
1.22	1.81	4
1.76	1.83	4
2.77	3.14	4
4.36	4.76	4
6.42	6.49	4
5.53	5.41	4
9.61	9.09	4
12.43	11.82	4
19.56	19.44	4
32.81	34.35	4
62.72	62.55	4
123.07	122.74	4
239.64	238.52	4
466.91	470.59	4
941.46	955.06	4
1710.47	1743.68	4
2666.1	2649.97	4
3277.46	3276.16	4
3910.67	3991.43	4
4436.91	4429.95	4
4993.85	4971.54	4
5506.35	5492.65	4
5987.07	6025.2	4
6564.27	6518.22	4
1.08	0.91	4
1.57	1.33	4
2.31	2.47	4
3.4	3.8	4
5.84	5.75	4
7.45	5.94	4
7.36	10.29	4
10.24	10.45	4
14.15	11.35	4
19.31	17.33	4
27.3	29.69	4
55.68	50.22	4
90.7	86.28	4
167.85	164.04	4
318.44	325.74	4
615.11	608.61	4
1161.75	1177.86	4
1935.36	1928.63	4
2252.88	2320.73	4
2561.7	2502.98	4
2755.68	2725.79	4
2951.33	2936.92	4
3142.69	3164.99	4
3494.83	3337.8	4
3473.59	3505.95	4
0.83	0.82	4
1.1	1.24	4
1.64	1.7	4
2.14	3.09	4
2.96	4.23	4
4.97	3.95	4
4.85	6.56	4
8.51	7.52	4
10.3	11.17	4
19.19	19.51	4
34.46	34.09	4
62.34	63.63	4
119.85	120.4	4
234.68	229.42	4
458.63	447.07	4
915.12	907.29	4
1662.14	1650.72	4
2576.19	2594.35	4
3200.36	3197.56	4
3769.26	3726.59	4
4298.58	4369.56	4
4809.62	4818.05	4
5369.75	5321.03	4
5798.08	5804.47	4
6221.1	6263.66	4
0.91	0.86	4
1.42	1.37	4
2.34	2.23	4
3.88	3.99	4
4.88	5.23	4
7.39	5.63	4
7.11	8.57	4
9.26	9.39	4
11.4	11.68	4
17.0	18.83	4
28.01	29.42	4
49.14	49.12	4
87.46	84.59	4
166.06	167.72	4
322.12	310.63	4
647.49	651.6	4
1174.14	1168.93	4
1906.9	1902.48	4
2213.9	2197.43	4
2485.48	2437.91	4
2658.43	2689.62	4
2910.91	3103.35	4
3014.59	3047.02	4
3276.51	3323.23	4
3366.49	3394.92	4
1.21	1.18	5
1.13	1.15	5
1.04	1.18	5
1.43	1.26	5
1.65	1.41	5
2.91	1.81	5
1.78	1.92	5
2.76	2.99	5
3.14	2.76	5
3.91	4.34	5
5.6	5.75	5
8.55	8.65	5
11.99	12.19	5
19.75	19.04	5
35.3	32.72	5
61.62	61.63	5
119.03	112.27	5
223.91	216.57	5
314.37	320.29	5
433.09	411.14	5
562.13	515.96	5
628.91	620.63	5
714.19	723.46	5
830.4	839.48	5
995.59	932.3	5
1.09	1.08	5
1.15	1.15	5
1.09	1.25	5
1.43	1.2	5
1.59	1.69	5
1.85	2.15	5
3.29	3.43	5
4.35	5.77	5
8.3	10.37	5
19.47	19.18	5
38.66	37.79	5
74.16	73.99	5
100.46	148.07	5
244.3	294.89	5
489.08	583.48	5
978.84	1168.06	5
1596.81	2337.3	5
4552.31	4620.52	5
5739.41	6743.41	5
9004.22	8986.4	5
11179.82	11503.34	5
11109.42	13390.14	5
15549.8	15557.32	5
17815.4	17735.8	5
19904.14	19913.77	5
1.11	1.03	5
1.01	0.97	5
1.07	1.0	5
1.03	1.23	5
1.48	1.62	5
1.5	1.84	5
2.01	1.7	5
2.4	2.48	5
2.87	3.44	5
4.79	4.35	5
5.74	6.14	5
8.98	9.29	5
13.45	14.87	5
24.61	19.25	5
33.84	47.99	5
60.7	71.92	5
143.84	111.56	5
297.78	256.37	5
342.75	388.97	5
424.67	417.67	5
507.79	654.38	5
609.57	876.62	5
738.99	889.0	5
989.98	824.63	5
1116.81	919.28	5
1.18	1.15	5
1.14	1.17	5
1.09	1.14	5
1.28	1.37	5
1.68	1.66	5
2.35	2.19	5
4.13	3.66	5
5.48	6.21	5
10.8	11.42	5
21.16	21.26	5
39.95	38.45	5
53.89	76.94	5
124.45	149.37	5
245.83	308.95	5
393.87	604.82	5
1016.76	1160.18	5
1929.66	2317.77	5
3065.33	4592.6	5
6715.66	6832.44	5
7453.41	9258.51	5
7610.74	11383.45	5
11022.27	13473.7	5
13088.64	15432.2	5
17699.13	18055.68	5
20158.2	20374.25	5
1.11	1.09	6
1.14	1.09	6
1.14	1.09	6
1.15	1.44	6
1.47	1.52	6
2.12	2.3	6
2.76	2.55	6
3.68	3.44	6
4.62	4.62	6
7.12	7.67	6
14.1	12.69	6
23.63	23.83	6
41.27	38.94	6
75.89	74.26	6
144.62	142.51	6
273.75	272.54	6
556.99	549.28	6
1053.07	1042.74	6
1565.62	1537.5	6
2074.64	2025.14	6
2535.89	2537.07	6
3012.66	3042.69	6
3604.82	3514.3	6
4022.72	4030.09	6
4561.37	4536.88	6
0.99	1.3	6
1.22	1.35	6
1.23	1.3	6
1.35	1.53	6
1.82	1.72	6
2.38	2.4	6
3.55	3.38	6
5.76	5.77	6
9.48	10.16	6
15.94	17.54	6
33.62	34.45	6
65.84	65.81	6
84.56	130.17	6
255.14	255.18	6
328.85	506.16	6
643.91	1005.2	6
1652.26	2002.93	6
2514.99	3928.92	6
4787.13	5808.89	6
7702.02	7802.35	6
9620.76	9623.02	6
11494.88	11491.57	6
13449.38	13362.52	6
12619.45	15403.35	6
11017.29	17130.75	6
1.0	0.94	6
1.03	1.04	6
1.19	1.11	6
1.42	1.22	6
1.41	1.39	6
1.81	1.81	6
2.3	2.88	6
3.75	4.01	6
4.8	4.66	6
8.36	8.29	6
15.67	15.46	6
23.61	26.44	6
42.76	41.05	6
74.7	77.57	6
154.73	142.35	6
279.86	279.89	6
544.37	578.69	6
1039.42	1226.89	6
1607.36	1618.4	6
2033.52	2037.61	6
2518.36	2655.52	6
3030.81	3333.98	6
3583.05	3505.98	6
3988.73	4010.58	6
4677.46	4484.86	6
0.98	1.13	6
1.45	1.15	6
1.34	1.34	6
1.47	1.54	6
1.93	1.81	6
2.48	2.7	6
3.6	3.52	6
6.2	6.2	6
10.8	11.25	6
19.36	19.72	6
22.62	35.84	6
67.88	71.63	6
87.71	133.57	6
212.47	270.09	6
334.16	538.94	6
832.75	1004.76	6
1393.05	1993.8	6
3301.29	3963.26	6
4804.17	5770.68	6
7669.59	7661.92	6
9867.27	9504.84	6
11464.51	11850.82	6
13783.08	13586.08	6
15587.2	15153.46	6
17153.99	17338.55	6
1.21	1.21	7
1.09	1.28	7
1.3	1.31	7
1.7	1.55	7
1.87	1.73	7
2.49	2.73	7
3.62	3.48	7
5.46	6.2	7
8.04	10.24	7
19.09	18.1	7
28.17	34.52	7
55.8	67.34	7
128.92	131.23	7
256.23	258.99	7
513.37	507.72	7
650.77	1011.13	7
2018.66	2010.64	7
3239.42	3920.58	7
4765.2	5826.27	7
6315.53	7743.88	7
7877.2	9613.73	7
11925.42	11504.59	7
11011.58	13377.14	7
15294.58	15306.32	7
14072.39	17188.48	7
1.0	1.11	7
1.02	1.04	7
1.12	1.02	7
1.29	1.15	7
1.28	1.51	7
1.96	2.04	7
2.33	2.35	7
3.21	3.59	7
4.65	4.08	7
6.76	7.62	7
14.0	13.81	7
23.67	24.12	7
40.74	40.2	7
75.04	73.46	7
145.51	142.01	7
271.26	278.12	7
536.77	542.06	7
1064.06	1040.97	7
1537.49	1537.84	7
2038.18	2044.76	7
2529.41	2553.37	7
3156.92	3053.53	7
3620.85	3546.35	7
4008.84	4065.66	7
4509.08	4521.58	7
1.05	1.11	7
0.88	1.01	7
1.26	1.3	7
1.49	1.16	7
1.94	1.78	7
2.4	2.61	7
3.28	3.99	7
4.13	6.66	7
10.6	11.71	7
19.82	20.31	7
36.1	37.68	7
56.61	69.31	7
110.14	132.55	7
260.11	262.66	7
522.51	531.21	7
923.3	1070.05	7
2004.55	2049.39	7
3331.84	3971.65	7
5866.54	5878.01	7
6473.72	7653.9	7
9723.05	9584.59	7
9421.88	12029.67	7
13691.38	13326.94	7
12696.91	15528.62	7
17444.89	17421.36	7
0.97	0.97	7
1.03	1.05	7
1.2	1.21	7
1.37	1.43	7
1.41	1.26	7
1.8	1.69	7
2.63	2.71	7
3.63	4.04	7
4.85	5.24	7
8.41	9.08	7
14.81	15.4	7
23.97	24.78	7
41.51	41.52	7
75.27	75.53	7
145.56	141.97	7
287.95	274.62	7
541.22	538.98	7
1036.34	1092.48	7
1739.41	1622.68	7
2125.13	2139.05	7
2527.9	2522.52	7
3333.98	3019.85	7
3503.53	3697.02	7
4055.7	4217.19	7
4523.19	4732.08	7
1.09	1.01	8
1.07	1.04	8
1.04	1.26	8
1.23	1.32	8
1.53	1.58	8
2.01	2.05	8
3.17	3.2	8
5.64	5.5	8
8.64	10.26	8
19.77	19.63	8
38.74	37.8	8
73.44	74.15	8
148.26	146.03	8
291.37	293.11	8
485.2	585.66	8
1165.62	1161.65	8
2338.55	2329.91	8
3793.85	4532.5	8
6792.77	6736.2	8
9080.56	8952.95	8
11125.09	11136.05	8
13328.63	13355.75	8
10334.96	15557.35	8
17713.81	17806.78	8
16570.11	19930.47	8
1.06	1.1	8
0.99	1.0	8
0.95	1.24	8
1.26	1.0	8
1.69	1.56	8
1.51	1.61	8
1.63	1.78	8
2.67	2.49	8
3.26	2.96	8
3.93	4.33	8
5.18	5.58	8
8.4	8.66	8
12.96	11.46	8
19.95	19.59	8
34.96	32.57	8
61.45	58.76	8
121.03	118.3	8
226.28	220.74	8
359.53	332.32	8
438.09	436.56	8
571.11	542.55	8
616.02	615.25	8
712.77	736.14	8
884.99	850.49	8
933.25	931.28	8
0.98	0.99	8
0.93	1.05	8
1.08	0.89	8
1.17	1.26	8
1.48	1.47	8
2.16	1.94	8
4.15	3.26	8
5.12	6.06	8
10.9	11.06	8
18.13	20.17	8
32.79	39.01	8
76.99	75.55	8
148.71	153.86	8
295.22	295.33	8
583.24	608.27	8
1160.03	1164.62	8
1550.72	2366.68	8
3843.07	4492.5	8
5709.53	6702.3	8
7525.06	9003.08	8
11242.84	11059.78	8
11238.98	13289.76	8
13101.83	15829.95	8
14726.01	17587.97	8
19813.82	20077.32	8
1.03	1.05	8
1.17	0.98	8
1.07	1.1	8
1.18	1.1	8
1.69	1.54	8
2.16	1.64	8
1.58	2.15	8
2.82	2.7	8
3.05	3.45	8
4.74	4.72	8
6.65	6.15	8
8.44	8.66	8
16.12	11.55	8
21.5	19.45	8
32.57	32.91	8
59.71	60.67	8
111.79	136.26	8
354.33	283.29	8
327.72	317.56	8
427.47	517.32	8
517.8	526.33	8
734.03	624.83	8
867.61	869.33	8
847.13	1156.57	8
1297.43	1133.04	8
0.93	1.11	9
1.09	1.01	9
1.12	1.16	9
1.51	1.5	9
1.48	1.7	9
2.55	2.21	9
2.58	2.39	9
3.51	3.36	9
3.93	3.82	9
5.78	5.73	9
8.45	7.66	9
13.45	12.79	9
21.3	22.02	9
38.15	38.07	9
70.15	70.95	9
131.69	133.34	9
253.65	262.8	9
507.41	503.41	9
743.04	728.33	9
954.27	985.71	9
1224.13	1225.33	9
1470.17	1452.1	9
1688.42	1672.97	9
1927.57	1916.44	9
2183.18	2162.59	9
0.91	0.97	9
1.09	1.17	9
1.25	1.32	9
1.63	1.6	9
2.17	2.09	9
2.61	2.74	9
3.91	3.55	9
4.49	4.05	9
6.51	6.73	9
10.96	11.46	9
21.41	19.82	9
38.14	37.56	9
75.6	77.08	9
151.45	149.0	9
303.35	301.85	9
586.48	583.0	9
1195.16	1205.24	9
2281.45	2276.75	9
3392.69	3392.42	9
4518.88	4525.69	9
5760.79	5624.69	9
6722.87	6752.39	9
7933.23	7936.69	9
9044.44	8980.37	9
10060.68	10171.16	9
0.91	0.83	9
1.0	1.0	9
0.97	1.06	9
1.49	1.49	9
1.79	1.96	9
2.24	2.62	9
2.53	2.41	9
3.94	3.43	9
4.17	3.92	9
5.68	5.43	9
8.4	8.53	9
12.53	12.14	9
21.63	21.13	9
37.6	38.11	9
67.85	68.56	9
128.52	129.34	9
260.34	251.44	9
493.17	492.38	9
730.19	732.96	9
1008.34	1010.46	9
1230.94	1232.56	9
1441.74	1455.03	9
1690.28	1680.49	9
1961.17	1934.22	9
2133.29	2189.58	9
0.97	0.81	9
1.03	0.91	9
1.28	0.99	9
1.64	1.64	9
2.27	2.14	9
2.6	2.6	9
3.01	3.08	9
3.93	4.68	9
6.2	6.11	9
10.93	11.47	9
19.71	20.06	9
37.69	38.22	9
74.0	73.08	9
144.05	146.06	9
290.6	289.0	9
580.5	576.61	9
1146.97	1147.51	9
2242.52	2251.45	9
3329.63	3324.45	9
4427.92	4529.01	9
5537.55	5541.6	9
6819.57	6605.41	9
7708.85	7733.19	9
8814.31	8892.19	9
9886.54	9882.53	9
0.89	0.83	10
1.1	0.98	10
1.28	1.04	10
1.53	1.57	10
1.86	1.62	10
2.27	2.5	10
2.95	2.52	10
4.55	4.51	10
7.52	6.72	10
12.52	12.14	10
18.43	19.51	10
31.14	31.23	10
55.56	55.71	10
106.03	107.2	10
198.69	198.83	10
394.44	396.13	10
783.29	773.18	10
1506.27	1506.55	10
2223.25	2235.96	10
2955.29	3002.98	10
3671.37	3679.18	10
4447.7	4414.79	10
5144.78	5185.78	10
5880.03	5811.33	10
6639.35	6623.18	10
1.05	1.08	10
1.11	1.22	10
1.31	1.37	10
1.59	1.82	10
2.48	2.43	10
2.8	3.95	10
3.84	4.81	10
5.25	6.68	10
8.6	9.6	10
14.61	15.21	10
26.33	26.39	10
48.6	48.85	10
92.92	94.73	10
182.99	182.58	10
366.93	361.42	10
719.24	719.92	10
1445.51	1433.09	10
2837.88	2826.36	10
4292.32	4260.59	10
5541.56	5563.77	10
6884.98	7035.19	10
8246.49	8283.34	10
9647.91	9796.37	10
10983.8	11093.23	10
12327.06	12317.73	10
0.77	0.92	10
1.01	0.98	10
1.16	1.08	10
1.34	1.5	10
1.7	1.6	10
2.53	2.37	10
3.06	3.33	10
4.34	4.68	10
7.23	6.8	10
12.11	11.43	10
17.65	17.98	10
29.91	30.25	10
51.38	52.84	10
96.63	100.26	10
192.4	194.09	10
367.83	371.34	10
723.41	731.83	10
1386.92	1389.54	10
2055.13	2065.7	10
2750.04	2733.05	10
3385.49	3377.44	10
4036.68	4019.95	10
4697.61	4686.65	10
5338.69	5351.56	10
6037.01	6015.19	10
1.04	0.95	10
0.96	1.02	10
1.23	1.29	10
1.65	1.99	10
2.1	2.6	10
3.36	3.86	10
4.26	5.69	10
4.75	6.4	10
8.58	8.96	10
15.56	15.92	10
25.98	26.59	10
50.87	50.66	10
97.0	97.72	10
188.05	189.76	10
369.03	371.95	10
720.66	723.79	10
1445.97	1434.33	10
2808.38	2809.8	10
4330.44	4194.69	10
5602.34	5604.83	10
6825.67	6870.57	10
8196.84	8219.97	10
9538.74	9554.59	10
11135.91	10892.65	10
12185.36	12242.27	10
1.0	0.92	11
1.07	1.02	11
1.39	1.15	11
1.76	1.73	11
2.19	2.49	11
3.02	4.07	11
3.98	5.05	11
5.53	7.39	11
8.25	9.52	11
14.46	15.87	11
24.96	25.74	11
48.09	50.44	11
91.48	92.53	11
181.54	181.94	11
358.5	363.1	11
723.05	720.68	11
1452.86	1427.05	11
2779.41	2793.04	11
4168.82	4176.54	11
5527.56	5583.78	11
6963.7	6888.63	11
8454.93	8238.52	11
9581.05	9573.49	11
11064.93	10892.05	11
12301.76	12473.85	11
0.89	0.99	11
1.11	1.1	11
1.14	1.07	11
1.55	1.43	11
1.91	1.6	11
2.46	2.46	11
3.17	2.69	11
4.54	4.67	11
7.01	6.65	11
11.69	11.62	11
19.44	19.37	11
30.41	30.27	11
55.05	54.8	11
104.7	105.78	11
196.66	202.25	11
392.2	396.26	11
769.65	778.15	11
1548.78	1534.19	11
2235.57	2268.47	11
2962.27	2985.3	11
3664.89	3717.54	11
4435.97	4450.73	11
5139.95	5221.17	11
5859.98	5893.06	11
6605.36	6615.9	11
0.95	0.92	11
0.98	0.88	11
1.3	1.06	11
1.63	1.68	11
2.44	2.14	11
2.68	4.06	11
3.66	5.11	11
5.88	6.35	11
8.5	9.31	11
14.4	15.57	11
25.64	27.57	11
48.52	50.8	11
92.12	93.96	11
185.04	185.5	11
361.35	355.34	11
711.58	718.64	11
1424.71	1430.51	11
2726.14	2754.81	11
4100.84	4074.2	11
5570.03	5433.57	11
6753.85	6765.57	11
8112.31	8079.79	11
9434.4	9426.2	11
10770.25	10788.82	11
12112.99	12630.82	11
0.75	0.85	11
1.15	1.08	11
1.16	1.09	11
1.51	1.53	11
2.21	1.79	11
2.47	2.32	11
2.95	3.22	11
4.28	4.3	11
6.75	7.54	11
11.57	12.08	11
17.1	18.09	11
29.83	29.9	11
53.51	52.42	11
100.96	100.76	11
189.3	191.33	11
374.83	371.09	11
731.45	721.34	11
1408.38	1424.38	11
2078.77	2056.4	11
2736.53	2754.55	11
3427.98	3393.92	11
4066.3	4051.69	11
4727.1	4736.02	11
5463.54	5432.32	11
6044.61	6050.15	11
0.8	0.73	12
0.83	1.09	12
1.21	1.24	12
1.36	1.56	12
2.06	2.32	12
2.7	2.62	12
3.47	3.17	12
4.07	4.37	12
6.97	6.64	12
12.47	10.99	12
19.71	20.75	12
38.04	38.62	12
73.53	77.45	12
146.23	150.07	12
300.54	297.17	12
584.46	582.75	12
1191.3	1201.21	12
2261.92	2266.41	12
3411.64	3365.87	12
4498.77	4493.46	12
5571.26	5758.34	12
6825.01	6764.72	12
7790.77	7826.9	12
8927.79	8961.15	12
10282.21	10040.59	12
1.1	0.98	12
0.93	0.95	12
1.02	1.13	12
1.59	1.51	12
2.16	1.7	12
2.2	2.44	12
2.46	2.57	12
3.85	3.77	12
3.67	4.07	12
5.13	5.53	12
7.74	8.35	12
12.88	13.01	12
21.35	20.78	12
37.66	37.71	12
70.31	68.21	12
132.21	130.55	12
253.08	253.78	12
504.79	501.88	12
768.23	738.1	12
1000.14	996.89	12
1230.79	1218.52	12
1476.96	1464.3	12
1702.34	1697.62	12
1948.73	1924.48	12
2175.29	2155.06	12
0.86	0.91	12
0.92	1.0	12
1.17	1.07	12
1.38	1.46	12
2.33	2.22	12
2.64	2.28	12
3.12	2.76	12
3.66	4.44	12
6.35	6.34	12
11.25	11.15	12
19.56	19.29	12
38.27	36.84	12
71.98	72.5	12
143.15	144.69	12
286.09	285.92	12
578.31	586.93	12
1178.15	1163.31	12
2239.89	2227.25	12
3321.21	3323.55	12
4485.31	4395.34	12
5455.04	5513.42	12
6529.49	6730.78	12
7672.1	7632.85	12
8766.85	8882.87	12
9798.75	10008.13	12
0.96	1.05	12
0.96	0.98	12
1.05	1.14	12
1.53	1.64	12
2.15	1.94	12
2.59	2.54	12
2.47	2.42	12
3.39	3.62	12
3.46	3.77	12
6.0	5.83	12
8.63	8.7	12
13.25	13.2	12
20.31	21.33	12
37.54	36.88	12
68.79	70.34	12
130.67	135.89	12
259.17	255.75	12
481.99	500.55	12
736.25	720.17	12
962.09	980.1	12
1197.89	1216.32	12
1465.76	1477.81	12
1674.07	1687.39	12
1935.78	1996.31	12
2142.68	2172.32	12
0.94	0.7	13
0.81	0.72	13
1.07	0.91	13
1.84	1.72	13
2.54	2.93	13
4.87	4.59	13
6.41	6.13	13
10.47	10.99	13
11.52	11.83	13
9.89	10.58	13
12.89	10.22	13
12.91	13.85	13
14.15	16.01	13
16.66	13.38	13
18.4	20.38	13
25.37	25.57	13
39.87	42.57	13
70.54	67.29	13
120.69	104.92	13
234.51	179.07	13
448.85	336.56	13
668.83	667.54	13
838.23	626.28	13
1091.1	952.47	13
1297.51	1113.61	13
1558.49	1536.02	13
1748.46	1733.32	13
1968.57	1916.11	13
0.77	0.62	13
0.7	0.75	13
2.03	0.98	13
1.56	1.65	13
2.66	2.47	13
4.66	4.65	13
6.89	6.49	13
7.23	6.61	13
12.66	16.06	13
14.08	12.46	13
13.04	13.07	13
15.79	21.19	13
16.52	15.81	13
22.73	23.54	13
36.76	70.87	13
60.56	89.62	13
95.68	164.62	13
189.9	188.57	13
367.17	876.14	13
715.22	1730.01	13
1376.06	3387.14	13
2055.35	2075.23	13
2714.21	4674.81	13
3399.46	5910.68	13
4128.63	4068.89	13
4684.94	8115.73	13
5358.09	9251.44	13
6327.27	10400.48	13
0.59	0.48	13
0.74	0.73	13
1.02	0.85	13
1.66	1.48	13
2.74	2.87	13
3.91	4.57	13
6.56	6.38	13
8.49	7.76	13
9.85	10.38	13
10.37	9.26	13
12.94	10.33	13
11.15	12.43	13
10.26	13.36	13
15.7	13.74	13
21.66	19.05	13
25.67	25.6	13
45.19	40.21	13
72.32	76.45	13
123.5	131.24	13
224.49	173.4	13
458.69	379.42	13
617.31	558.18	13
813.99	739.92	13
1020.03	928.37	13
1182.23	1216.87	13
1533.41	1234.8	13
1602.59	1212.68	13
1770.06	1869.53	13
0.67	0.57	13
0.73	0.71	13
1.15	1.02	13
1.72	1.43	13
2.63	2.56	13
4.01	4.25	13
7.64	5.69	13
7.54	6.15	13
15.37	13.15	13
14.15	13.33	13
15.02	16.13	13
16.53	17.32	13
17.94	28.92	13
21.57	43.01	13
34.13	50.53	13
54.96	54.06	13
95.79	98.49	13
186.41	454.66	13
362.09	871.76	13
700.12	702.75	13
1320.4	2326.24	13
1941.35	1962.07	13
2654.28	4644.57	13
3185.52	3224.15	13
3916.08	6792.73	13
4430.02	7937.81	13
5080.41	9049.59	13
5694.29	5877.67	13
0.64	0.73	14
0.85	0.8	14
1.26	1.07	14
1.86	1.66	14
2.69	2.44	14
4.33	4.6	14
5.36	6.87	14
7.76	9.78	14
10.82	12.81	14
10.32	13.7	14
16.38	11.9	14
14.49	15.71	14
17.65	16.48	14
23.76	24.1	14
31.36	31.79	14
56.22	51.44	14
93.84	87.23	14
174.93	161.24	14
333.71	319.04	14
663.7	630.45	14
1264.22	1271.51	14
1875.15	1795.67	14
2464.7	2371.99	14
3055.36	3061.16	14
3678.21	3527.51	14
4275.15	4265.56	14
5059.03	4665.47	14
5469.68	5486.02	14
0.68	0.75	14
0.96	0.77	14
1.29	1.27	14
1.61	1.86	14
2.87	3.41	14
5.12	4.54	14
7.14	7.58	14
9.13	10.52	14
12.63	14.03	14
10.16	14.71	14
13.71	13.3	14
13.78	16.37	14
13.48	17.18	14
17.66	20.23	14
30.38	32.22	14
48.44	50.12	14
83.62	136.43	14
147.99	377.12	14
288.27	733.96	14
571.67	1006.79	14
1072.15	1109.14	14
1608.21	4085.7	14
2090.33	3794.97	14
2665.16	6745.92	14
3088.43	3134.27	14
3620.47	9413.71	14
4148.62	4166.19	14
4578.24	4673.83	14
0.68	0.7	14
0.77	0.74	14
1.09	1.1	14
1.49	1.69	14
2.64	2.58	14
3.96	4.16	14
6.85	5.0	14
6.49	11.32	14
12.2	12.09	14
13.88	11.44	14
15.75	15.72	14
15.11	12.78	14
18.18	19.44	14
18.88	22.04	14
34.49	29.41	14
51.59	50.96	14
95.01	93.83	14
172.0	178.77	14
344.82	337.99	14
636.82	625.23	14
1265.51	1275.74	14
1856.36	1716.49	14
2440.33	2415.79	14
2994.17	3037.92	14
3567.71	3464.68	14
4143.92	4178.19	14
4898.76	4592.72	14
5299.11	5129.8	14
0.72	0.8	14
1.02	0.9	14
1.34	1.58	14
1.7	1.88	14
2.97	3.37	14
4.28	4.85	14
7.68	5.81	14
9.33	8.05	14
10.21	12.1	14
12.44	14.42	14
14.37	15.33	14
15.14	16.29	14
16.93	19.68	14
20.26	29.3	14
30.52	27.5	14
47.73	75.69	14
80.86	189.05	14
148.91	152.71	14
284.72	289.15	14
550.81	982.8	14
1059.42	1074.73	14
1564.95	2842.0	14
2107.28	2088.08	14
2558.37	2621.06	14
3066.17	5546.49	14
3734.75	9329.79	14
4059.84	4092.32	14
4596.99	8246.41	14
0.62	0.72	15
0.79	1.19	15
1.05	1.04	15
1.67	1.84	15
2.83	2.81	15
4.98	4.64	15
7.13	6.68	15
7.25	10.98	15
12.09	12.51	15
10.06	13.86	15
10.12	15.26	15
21.6	16.52	15
17.67	16.75	15
21.48	27.48	15
29.0	44.58	15
46.88	72.27	15
79.97	138.19	15
150.22	148.07	15
279.91	719.02	15
549.27	548.51	15
1057.71	1064.14	15
1565.59	1578.62	15
2065.5	5391.27	15
2587.97	4653.82	15
3067.17	3122.78	15
3569.19	6512.9	15
4117.87	10811.43	15
4611.81	8448.52	15
0.64	0.73	15
0.83	0.91	15
1.13	1.03	15
1.72	1.56	15
2.72	2.95	15
4.6	4.56	15
5.22	7.47	15
9.69	8.91	15
11.14	11.64	15
14.36	14.79	15
13.88	12.16	15
14.96	13.46	15
17.74	19.47	15
18.59	24.06	15
35.28	33.78	15
52.46	52.27	15
94.8	87.15	15
179.47	172.37	15
339.34	327.98	15
667.14	666.24	15
1257.93	1242.75	15
1875.15	1710.37	15
2473.68	2373.32	15
3081.93	3094.54	15
3684.16	3685.04	15
4307.16	4096.61	15
4952.67	4458.85	15
5471.95	5032.96	15
0.67	0.63	15
0.82	0.88	15
1.1	1.28	15
1.82	1.65	15
2.79	2.84	15
4.94	4.73	15
6.21	7.77	15
10.15	10.28	15
14.61	10.27	15
11.46	13.31	15
11.6	14.12	15
15.28	19.95	15
17.24	20.57	15
21.92	20.4	15
28.69	57.74	15
48.63	73.4	15
83.47	244.87	15
149.97	370.51	15
288.25	286.59	15
557.93	559.78	15
1077.27	2775.31	15
1544.6	2803.53	15
2054.11	5405.14	15
2541.49	2596.81	15
3074.51	5530.37	15
3551.06	6413.62	15
4055.9	7353.22	15
4540.72	8245.71	15
0.74	0.81	15
1.01	0.8	15
1.07	1.22	15
1.53	1.67	15
2.67	3.07	15
4.48	4.23	15
7.97	7.39	15
10.5	9.12	15
10.75	9.67	15
11.69	14.68	15
14.02	17.94	15
13.99	17.96	15
17.54	16.13	15
24.08	22.15	15
35.17	33.2	15
53.78	53.91	15
99.3	98.24	15
176.17	164.48	15
336.65	319.12	15
645.85	626.02	15
1238.51	1290.4	15
1822.24	1838.53	15
2405.14	2444.8	15
3021.72	3003.78	15
3577.72	3512.94	15
4162.23	4328.54	15
4793.45	4798.47	15
5334.21	5380.88	15
0.59	0.63	16
0.72	0.71	16
1.03	0.94	16
1.53	1.53	16
2.9	2.57	16
4.65	4.67	16
7.32	7.11	16
4.56	4.88	16
11.09	11.64	16
13.43	12.32	16
14.63	18.23	16
14.9	14.04	16
20.85	27.15	16
26.28	32.65	16
34.2	33.53	16
60.66	92.06	16
106.45	170.92	16
195.46	321.33	16
366.39	635.07	16
723.55	719.29	16
1382.64	2376.28	16
2047.37	2073.31	16
2723.4	4683.57	16
3469.66	8468.71	16
4122.44	9906.56	16
4740.49	4763.12	16
5386.35	9274.92	16
6024.8	6083.95	16
0.59	0.58	16
0.71	0.81	16
1.22	1.22	16
1.81	1.77	16
2.7	2.77	16
5.17	4.73	16
5.84	6.66	16
10.17	8.41	16
7.52	9.29	16
10.84	12.35	16
13.22	10.84	16
9.71	11.88	16
10.34	14.99	16
17.16	15.82	16
19.89	20.89	16
28.24	24.96	16
42.94	43.03	16
67.62	61.95	16
127.21	113.4	16
237.78	177.14	16
438.84	457.49	16
656.3	565.83	16
870.5	893.24	16
1081.8	788.64	16
1303.0	949.7	16
1527.59	901.99	16
1758.73	1494.76	16
1984.91	1426.77	16
0.65	0.56	16
0.66	0.69	16
0.97	0.95	16
1.49	1.62	16
2.63	2.8	16
4.44	4.37	16
6.37	4.43	16
10.84	9.75	16
11.42	8.37	16
14.19	13.04	16
13.24	16.22	16
14.64	22.29	16
19.66	15.23	16
23.82	30.68	16
36.35	50.92	16
59.9	91.17	16
106.53	168.35	16
182.73	185.69	16
354.26	613.73	16
696.7	699.54	16
1304.53	1311.49	16
1932.65	3439.27	16
2577.38	4564.88	16
3208.98	5768.22	16
3913.04	6822.79	16
4448.98	7953.3	16
5146.18	5157.27	16
5869.04	5803.17	16
0.58	0.58	16
0.72	0.75	16
1.06	0.92	16
1.55	1.54	16
2.52	3.0	16
4.17	4.88	16
5.54	6.96	16
8.58	9.9	16
11.19	7.78	16
11.56	11.77	16
13.32	10.84	16
11.06	12.29	16
12.47	14.89	16
13.69	16.52	16
19.6	18.18	16
29.61	26.89	16
44.18	39.18	16
74.19	67.95	16
133.24	120.12	16
239.92	215.78	16
421.32	373.37	16
611.16	577.63	16
838.73	711.75	16
1021.15	759.4	16
1214.32	1058.8	16
1394.16	1056.52	16
1578.18	1655.18	16
1779.57	1594.18	16
0.77	0.65	17
1.0	0.97	17
1.46	1.46	17
2.36	2.17	17
4.02	2.77	17
6.41	6.61	17
8.06	8.43	17
11.78	12.25	17
10.53	12.27	17
14.47	14.04	17
14.22	13.74	17
13.15	14.1	17
17.51	15.12	17
18.49	19.68	17
24.92	20.88	17
35.77	33.32	17
60.69	49.94	17
106.52	104.8	17
200.69	157.78	17
383.04	325.94	17
728.34	616.47	17
1083.6	929.17	17
1431.34	1225.98	17
1812.11	1677.55	17
2134.89	2145.35	17
2501.36	2103.73	17
2837.08	2211.35	17
3202.89	2442.1	17
0.73	0.71	17
0.98	0.86	17
1.46	1.38	17
2.33	2.37	17
3.25	3.39	17
6.29	5.16	17
7.19	10.03	17
7.94	12.68	17
11.72	15.97	17
13.54	18.64	17
16.06	18.15	17
20.65	31.05	17
24.8	47.77	17
36.68	104.29	17
60.23	150.61	17
107.74	291.46	17
204.1	562.81	17
391.82	1471.91	17
772.8	2196.01	17
1515.92	4374.61	17
2968.98	11406.19	17
4398.59	12736.15	17
5796.94	11524.52	17
7332.64	27780.56	17
8666.75	25012.77	17
10109.32	29088.97	17
11557.4	44074.63	17
13287.12	12967.91	17
0.65	0.63	17
0.83	0.92	17
1.49	1.29	17
2.15	2.22	17
3.17	4.02	17
6.25	5.91	17
8.5	8.34	17
12.39	9.11	17
10.23	9.06	17
13.09	12.11	17
11.67	13.69	17
13.21	15.82	17
10.85	14.51	17
17.96	19.88	17
25.55	26.08	17
34.13	33.78	17
60.23	53.49	17
103.39	104.63	17
198.66	163.6	17
347.72	321.82	17
663.43	628.53	17
982.41	838.25	17
1317.73	1234.09	17
1616.41	1396.75	17
1909.77	1744.38	17
2255.4	2017.76	17
2603.65	2223.1	17
2856.54	2589.31	17
0.69	0.69	17
0.99	0.88	17
1.38	1.43	17
2.07	2.35	17
3.97	3.57	17
7.89	6.04	17
9.41	7.55	17
9.18	11.74	17
13.37	14.59	17
12.88	20.85	17
15.92	22.36	17
14.72	29.07	17
25.99	49.48	17
37.21	107.83	17
59.59	106.17	17
104.96	196.13	17
200.72	379.27	17
394.26	749.37	17
774.64	1517.65	17
1501.44	2911.21	17
2884.98	5663.73	17
4321.95	8424.8	17
5659.9	11155.34	17
7220.31	20722.01	17
8423.2	24819.5	17
9968.84	19905.79	17
11486.8	11262.64	17
12636.74	12653.93	17
0.71	0.79	18
1.0	1.06	18
1.47	1.57	18
2.55	1.99	18
4.17	3.55	18
5.61	6.17	18
8.99	10.08	18
10.37	10.22	18
11.25	10.57	18
13.79	15.47	18
14.43	15.63	18
18.5	17.29	18
19.82	19.68	18
27.88	27.97	18
43.01	41.1	18
72.63	66.55	18
129.26	118.63	18
246.14	238.04	18
482.41	424.39	18
941.67	951.94	18
1822.93	1679.29	18
2680.17	2591.58	18
3584.03	3419.04	18
4438.07	4084.12	18
5328.28	4881.65	18
6203.22	5681.05	18
7148.19	6206.47	18
7970.02	6990.63	18
0.85	0.91	18
1.01	1.02	18
1.51	1.51	18
2.34	2.28	18
3.62	3.95	18
4.57	6.24	18
8.01	9.84	18
12.62	12.38	18
14.4	15.05	18
13.72	13.65	18
14.86	22.45	18
18.87	26.9	18
24.85	32.9	18
33.37	74.56	18
56.99	95.91	18
96.4	263.2	18
183.22	347.63	18
347.22	1336.02	18
687.47	1993.83	18
1360.27	3995.73	18
2654.62	10363.65	18
3941.55	15335.81	18
5216.67	10268.8	18
6811.35	19005.78	18
7972.62	15267.48	18
9271.8	17954.91	18
10341.57	30234.34	18
11593.36	33927.63	18
0.78	0.82	18
0.91	1.0	18
1.41	1.43	18
2.29	2.27	18
3.7	4.09	18
4.77	5.53	18
9.21	8.56	18
13.51	11.33	18
13.34	13.09	18
11.94	12.24	18
13.7	13.88	18
16.88	17.25	18
16.74	22.55	18
28.46	29.35	18
42.09	41.6	18
71.82	68.28	18
131.12	130.49	18
240.01	235.98	18
466.74	462.43	18
915.26	834.42	18
1749.37	1650.38	18
2578.75	2527.17	18
3476.49	3237.83	18
4279.76	4147.74	18
5068.17	4676.97	18
5887.56	5758.96	18
6695.69	6587.42	18
7497.91	7656.38	18
0.73	0.83	18
1.08	0.94	18
1.73	1.46	18
2.31	2.57	18
3.31	3.83	18
5.81	6.36	18
8.28	10.36	18
8.94	12.29	18
13.26	15.79	18
12.54	12.43	18
17.08	20.93	18
18.39	36.28	18
21.21	45.52	18
35.78	99.05	18
55.01	54.76	18
102.0	270.38	18
185.49	519.04	18
349.73	1358.64	18
699.34	1339.82	18
1377.88	3969.63	18
2626.24	7834.6	18
3915.99	7610.11	18
5100.25	15145.65	18
6396.32	12622.49	18
7661.97	15245.61	18
8898.66	34978.44	18
10193.31	20100.35	18
11466.17	33721.9	18
0.72	0.88	19
1.0	1.05	19
1.47	1.41	19
2.31	2.61	19
3.99	3.45	19
6.42	6.83	19
7.35	7.46	19
10.69	10.85	19
13.35	14.35	19
14.95	17.15	19
14.6	19.07	19
19.54	33.93	19
26.31	54.86	19
37.44	54.32	19
55.03	138.98	19
98.98	350.62	19
183.35	681.98	19
353.01	1004.59	19
682.58	1338.27	19
1349.01	3979.43	19
2617.27	5148.84	19
3920.56	15258.74	19
5198.72	15203.56	19
6471.44	12715.93	19
7767.43	22688.04	19
9057.25	26415.31	19
10313.55	30787.49	19
11569.9	23007.88	19
0.7	0.76	19
0.98	1.01	19
1.52	1.53	19
2.4	2.27	19
3.66	3.79	19
6.82	6.32	19
6.07	7.43	19
12.65	12.95	19
14.54	11.99	19
14.49	13.43	19
15.31	15.71	19
14.28	16.84	19
20.84	21.1	19
26.57	25.82	19
44.38	39.08	19
70.48	71.2	19
128.98	121.14	19
249.61	235.0	19
473.78	439.33	19
943.85	866.36	19
1807.39	1603.94	19
2723.84	2499.75	19
3561.47	3147.14	19
4491.94	3921.31	19
5326.79	4677.03	19
6250.09	5752.05	19
7073.97	6840.24	19
7933.72	7654.64	19
0.68	0.7	19
0.95	1.06	19
1.44	1.48	19
2.21	2.27	19
4.08	4.06	19
6.55	6.3	19
8.74	9.16	19
14.1	11.67	19
12.42	14.11	19
12.11	11.42	19
12.86	19.12	19
17.12	36.88	19
23.69	47.89	19
31.9	98.79	19
53.73	141.55	19
96.78	263.39	19
178.81	179.61	19
341.78	343.98	19
673.64	1325.42	19
1331.33	3914.81	19
2580.94	10122.6	19
3836.19	3826.94	19
5094.63	15049.36	19
6339.65	12510.01	19
7619.17	15111.31	19
8882.68	17509.31	19
10130.52	30443.92	19
11323.51	44695.44	19
0.77	0.76	19
1.19	1.05	19
1.64	1.52	19
2.25	2.25	19
3.48	3.94	19
6.78	6.52	19
10.13	7.66	19
10.08	11.57	19
11.31	11.1	19
15.71	15.82	19
13.14	12.52	19
13.82	16.73	19
20.71	21.39	19
28.2	28.45	19
43.76	42.34	19
70.95	71.5	19
129.56	120.75	19
245.59	234.28	19
493.77	465.3	19
909.92	859.92	19
1735.64	1605.64	19
2598.54	2390.04	19
3416.31	3228.77	19
4317.98	4063.47	19
5108.86	4977.2	19
5929.29	5781.09	19
6871.76	6409.01	19
7611.62	7224.87	19
0.71	0.67	20
0.87	0.84	20
1.3	1.28	20
2.22	2.22	20
3.88	3.98	20
5.39	6.08	20
7.67	7.79	20
11.89	10.58	20
15.39	14.38	20
14.22	16.29	20
16.6	20.57	20
20.04	34.36	20
26.04	32.63	20
34.11	56.73	20
60.79	102.16	20
108.55	282.34	20
200.08	561.61	20
393.27	740.97	20
765.68	1464.43	20
1572.28	5877.8	20
3098.47	8695.58	20
4396.07	8690.24	20
5956.6	21943.75	20
7214.11	14246.81	20
8623.54	24665.38	20
10038.78	19413.14	20
11483.93	32775.59	20
12909.73	36885.09	20
0.7	0.65	20
0.86	0.98	20
1.49	1.64	20
2.27	2.29	20
3.78	3.43	20
6.49	6.53	20
8.31	10.31	20
10.72	10.05	20
11.42	10.2	20
9.33	12.18	20
9.81	11.92	20
13.67	15.65	20
15.65	15.83	20
18.73	17.42	20
27.17	22.42	20
36.49	32.96	20
61.28	55.04	20
107.7	93.29	20
198.91	172.05	20
383.66	300.52	20
742.92	634.99	20
1085.51	1006.69	20
1465.18	1228.43	20
1782.64	1525.3	20
2139.9	1824.15	20
2475.31	1950.83	20
2886.05	2183.63	20
3171.81	2720.05	20
0.63	0.64	20
0.84	0.82	20
1.36	1.36	20
2.03	2.16	20
3.38	3.6	20
5.65	5.84	20
7.29	8.87	20
13.06	8.65	20
13.69	14.99	20
12.74	15.69	20
15.97	25.1	20
17.95	24.82	20
25.17	49.36	20
33.14	82.45	20
55.73	105.92	20
103.42	283.03	20
194.49	727.51	20
381.09	1079.73	20
748.84	2833.36	20
1475.56	5662.79	20
2839.42	5584.35	20
4195.29	8274.8	20
5583.7	16330.47	20
6976.44	20399.69	20
8338.57	16429.82	20
9705.66	19058.74	20
11352.85	22028.24	20
12460.56	49338.56	20
0.69	0.66	20
0.9	0.97	20
1.39	1.42	20
2.14	2.35	20
3.72	3.66	20
5.66	5.88	20
7.76	8.79	20
8.18	9.68	20
10.12	9.98	20
10.19	11.18	20
12.74	11.87	20
9.46	15.57	20
14.8	17.52	20
17.29	21.15	20
24.83	24.84	20
40.87	33.22	20
59.61	53.3	20
106.57	102.15	20
187.55	190.27	20
343.76	350.96	20
660.04	588.95	20
983.25	903.93	20
1352.12	1172.53	20
1626.86	1443.7	20
1936.44	1828.48	20
2260.63	2016.19	20
2551.55	2310.8	20
2871.54	2736.78	20
