0.85	0.96	1
1.27	1.35	1
2.04	1.64	1
3.02	2.6	1
4.19	4.25	1
7.15	6.33	1
6.38	6.29	1
8.31	8.5	1
10.3	9.87	1
15.97	14.56	1
26.16	25.47	1
43.24	46.49	1
86.38	82.75	1
165.05	165.38	1
313.01	323.12	1
625.39	629.35	1
1219.53	1221.53	1
1947.13	1925.99	1
2255.35	2276.55	1
2541.14	2515.97	1
2741.59	2738.57	1
2888.33	2968.84	1
3229.1	3125.26	1
3398.09	3399.03	1
3478.55	3560.52	1
0.89	0.76	1
1.08	1.15	1
1.66	1.47	1
2.56	2.32	1
2.73	4.14	1
5.28	4.88	1
5.35	5.77	1
8.87	8.78	1
9.53	10.96	1
18.89	19.12	1
32.43	32.94	1
61.72	61.58	1
121.04	118.59	1
240.23	235.02	1
465.68	444.61	1
902.25	895.71	1
1718.39	1723.32	1
2776.87	2710.56	1
3303.68	3341.83	1
3911.38	3948.77	1
4494.73	4461.74	1
4979.48	5135.59	1
5540.99	5635.45	1
6087.78	6028.19	1
6556.27	6499.57	1
0.84	0.76	1
1.22	1.17	1
1.74	1.87	1
2.82	2.9	1
3.63	5.47	1
6.5	4.38	1
6.08	4.77	1
9.82	7.84	1
10.99	9.98	1
17.8	14.84	1
28.96	25.38	1
47.66	47.35	1
89.3	90.34	1
172.45	175.44	1
323.78	316.54	1
633.35	633.65	1
1217.63	1233.2	1
1945.37	2000.13	1
2239.28	2213.24	1
2472.67	2468.43	1
2670.72	2709.48	1
2880.01	2895.17	1
3040.64	3042.62	1
3203.97	3210.93	1
3354.86	3377.87	1
0.93	0.85	1
1.27	1.0	1
1.6	1.34	1
2.48	2.41	1
4.17	4.11	1
5.07	5.19	1
5.34	6.03	1
6.98	6.84	1
9.99	12.11	1
18.18	18.72	1
32.47	33.76	1
62.59	63.81	1
114.24	120.95	1
234.83	235.71	1
458.62	445.36	1
891.56	868.11	1
1693.5	1700.66	1
2628.26	2722.24	1
3265.9	3301.41	1
3782.07	3781.33	1
4341.0	4329.81	1
4841.14	4867.13	1
5364.43	5380.85	1
6025.22	5846.01	1
6291.24	6296.6	1
0.88	1.04	2
1.22	1.31	2
1.87	1.97	2
2.71	3.28	2
3.9	4.99	2
6.75	5.85	2
7.0	6.13	2
8.68	7.16	2
13.43	12.03	2
21.02	18.48	2
34.14	34.36	2
63.71	65.56	2
124.05	122.72	2
240.52	247.75	2
486.67	487.59	2
884.76	894.27	2
1754.38	1737.87	2
2689.95	2703.1	2
3271.37	3381.84	2
3848.04	3854.78	2
4404.2	4429.66	2
4925.01	4915.59	2
5573.39	5457.57	2
6077.48	5953.44	2
6463.88	6480.69	2
0.89	1.07	2
1.43	1.32	2
2.12	2.3	2
4.04	3.79	2
5.52	6.85	2
7.17	6.24	2
8.23	7.61	2
9.73	9.07	2
13.33	10.81	2
17.12	20.28	2
27.16	26.97	2
49.88	48.32	2
87.39	84.21	2
173.11	168.09	2
325.66	309.9	2
628.76	622.14	2
1238.42	1213.45	2
1930.39	1916.52	2
2284.13	2215.81	2
2615.03	2579.28	2
2805.85	2757.29	2
2984.13	2968.16	2
3212.01	3162.06	2
3365.84	3367.63	2
3529.86	3515.97	2
1.31	0.81	2
1.14	1.27	2
1.67	1.75	2
2.69	2.98	2
5.11	4.0	2
3.52	4.13	2
5.91	5.6	2
8.13	6.76	2
11.1	11.09	2
18.36	19.16	2
34.22	34.17	2
63.05	62.03	2
120.74	120.31	2
238.67	241.34	2
461.73	453.1	2
875.8	880.88	2
1664.53	1697.98	2
2611.02	2597.92	2
3187.95	3273.12	2
3727.9	3695.96	2
4348.2	4238.29	2
4702.03	4704.62	2
5263.27	5252.05	2
5769.81	5706.22	2
6392.63	6250.17	2
1.13	1.08	2
1.37	1.4	2
2.16	2.05	2
3.91	3.99	2
6.08	6.05	2
7.38	3.93	2
7.74	8.79	2
8.63	8.26	2
8.95	11.47	2
18.3	18.5	2
26.0	25.6	2
44.58	48.35	2
89.83	84.61	2
167.42	170.16	2
328.21	321.75	2
622.31	621.13	2
1230.9	1182.28	2
1919.23	1889.01	2
2237.84	2196.37	2
2479.66	2463.12	2
2710.96	2695.4	2
2934.85	2922.83	2
3203.13	3112.19	2
3311.34	3290.3	2
3514.65	3526.02	2
1.04	0.99	3
1.45	1.43	3
2.19	2.24	3
3.74	3.55	3
5.59	5.38	3
6.42	5.6	3
9.67	9.69	3
9.64	10.23	3
12.35	10.43	3
18.91	16.37	3
27.85	27.15	3
48.61	47.9	3
84.37	87.87	3
160.79	170.18	3
330.65	313.55	3
613.45	636.43	3
1220.39	1159.99	3
1914.44	1922.61	3
2217.35	2216.4	3
2524.22	2536.69	3
2757.14	2737.14	3
2985.7	2987.28	3
3268.6	3223.62	3
3346.12	3335.45	3
3528.53	3490.67	3
0.89	1.0	3
1.18	1.15	3
1.81	1.82	3
2.94	3.06	3
4.12	4.69	3
4.96	5.24	3
7.58	7.92	3
9.54	9.4	3
14.01	12.25	3
20.25	19.11	3
32.8	32.74	3
64.98	62.98	3
119.84	121.77	3
246.66	244.25	3
489.76	482.63	3
910.98	909.12	3
1731.11	1728.49	3
2708.09	2774.34	3
3299.81	3313.26	3
3894.98	3876.22	3
4510.59	4400.17	3
4917.41	4935.19	3
5441.65	5468.88	3
5975.39	6089.31	3
6466.91	6469.98	3
1.68	1.37	3
1.17	1.26	3
2.29	2.18	3
3.46	3.34	3
5.1	3.87	3
5.61	5.39	3
8.19	5.8	3
9.34	8.85	3
13.18	10.06	3
18.26	17.52	3
26.97	27.43	3
47.64	46.39	3
88.95	81.19	3
170.37	166.64	3
320.99	333.65	3
611.98	610.21	3
1208.42	1218.88	3
1978.27	1912.22	3
2168.77	2198.97	3
2425.97	2499.09	3
2738.39	2684.95	3
2905.22	2916.12	3
3114.28	3112.09	3
3298.57	3273.32	3
3429.14	3394.44	3
0.82	0.98	3
1.23	1.25	3
1.83	1.92	3
2.95	3.04	3
4.61	5.08	3
6.85	5.24	3
5.62	6.07	3
8.92	8.89	3
12.91	13.9	3
18.64	20.64	3
35.34	35.62	3
63.74	63.33	3
123.5	120.28	3
242.83	238.99	3
470.07	454.61	3
909.26	881.06	3
1687.45	1694.17	3
2730.66	2637.89	3
3181.37	3156.04	3
3739.58	3730.01	3
4243.1	4273.03	3
4773.75	4871.01	3
5271.45	5269.52	3
5760.48	5788.77	3
6275.32	6267.19	3
0.92	0.86	4
1.81	1.22	4
1.83	1.78	4
3.14	2.79	4
4.76	3.99	4
6.49	5.81	4
5.41	6.86	4
9.09	8.1	4
11.82	13.47	4
19.44	20.62	4
34.35	33.48	4
62.55	61.7	4
122.74	121.98	4
238.52	237.28	4
470.59	460.42	4
955.06	937.45	4
1743.68	1737.06	4
2649.97	2711.82	4
3276.16	3304.35	4
3991.43	3851.72	4
4429.95	4451.5	4
4971.54	4984.85	4
5492.65	5474.86	4
6025.2	6013.2	4
6518.22	6585.59	4
0.91	1.0	4
1.33	1.38	4
2.47	2.19	4
3.8	4.18	4
5.75	5.59	4
5.94	7.78	4
10.29	8.48	4
10.45	8.68	4
11.35	11.35	4
17.33	19.71	4
29.69	30.68	4
50.22	49.53	4
86.28	93.47	4
164.04	165.23	4
325.74	314.12	4
608.61	625.34	4
1177.86	1208.42	4
1928.63	1941.74	4
2320.73	2280.77	4
2502.98	2531.64	4
2725.79	2737.0	4
2936.92	3011.7	4
3164.99	3143.22	4
3337.8	3461.18	4
3505.95	3478.65	4
0.82	0.92	4
1.24	1.47	4
1.7	1.75	4
3.09	2.92	4
4.23	3.86	4
3.95	4.4	4
6.56	6.19	4
7.52	6.69	4
11.17	11.9	4
19.51	19.45	4
34.09	33.1	4
63.63	62.96	4
120.4	116.72	4
229.42	235.88	4
447.07	447.99	4
907.29	925.29	4
1650.72	1639.32	4
2594.35	2588.93	4
3197.56	3200.34	4
3726.59	3752.62	4
4369.56	4321.94	4
4818.05	4844.61	4
5321.03	5447.35	4
5804.47	5803.62	4
6263.66	6219.31	4
0.86	0.86	4
1.37	1.5	4
2.23	2.13	4
3.99	2.07	4
5.23	5.3	4
5.63	8.32	4
8.57	7.39	4
9.39	6.99	4
11.68	12.64	4
18.83	16.17	4
29.42	25.26	4
49.12	49.97	4
84.59	90.83	4
167.72	166.21	4
310.63	321.69	4
651.6	649.71	4
1168.93	1179.43	4
1902.48	1922.52	4
2197.43	2233.52	4
2437.91	2474.41	4
2689.62	2689.26	4
3103.35	2883.01	4
3047.02	3081.06	4
3323.23	3240.73	4
3394.92	3378.3	4
1.18	1.15	5
1.15	1.13	5
1.18	1.15	5
1.26	1.16	5
1.41	1.79	5
1.81	1.87	5
1.92	1.64	5
2.99	2.75	5
2.76	3.15	5
4.34	4.33	5
5.75	5.84	5
8.65	8.41	5
12.19	11.72	5
19.04	21.05	5
32.72	35.29	5
61.63	61.64	5
112.27	122.72	5
216.57	224.84	5
320.29	314.81	5
411.14	428.86	5
515.96	527.28	5
620.63	618.98	5
723.46	735.58	5
839.48	848.85	5
932.3	993.94	5
1.08	1.11	5
1.15	1.11	5
1.25	1.19	5
1.2	1.37	5
1.69	1.64	5
2.15	2.26	5
3.43	2.94	5
5.77	5.64	5
10.37	10.18	5
19.18	19.38	5
37.79	31.54	5
73.99	73.95	5
148.07	122.85	5
294.89	296.01	5
583.48	484.32	5
1168.06	973.1	5
2337.3	1607.38	5
4620.52	4545.9	5
6743.41	6831.51	5
8986.4	7448.25	5
11503.34	9351.95	5
13390.14	13337.69	5
15557.32	10317.01	5
17735.8	14791.86	5
19913.77	16594.17	5
1.03	0.97	5
0.97	0.97	5
1.0	0.93	5
1.23	1.11	5
1.62	1.38	5
1.84	2.06	5
1.7	1.81	5
2.48	2.83	5
3.44	3.75	5
4.35	4.76	5
6.14	6.89	5
9.29	8.61	5
14.87	12.53	5
19.25	20.22	5
47.99	40.38	5
71.92	67.49	5
111.56	146.0	5
256.37	316.54	5
388.97	340.86	5
417.67	432.5	5
654.38	511.4	5
876.62	608.4	5
889.0	724.27	5
824.63	865.02	5
919.28	1135.53	5
1.15	1.11	5
1.17	1.2	5
1.14	1.26	5
1.37	1.47	5
1.66	1.75	5
2.19	2.07	5
3.66	3.51	5
6.21	4.69	5
11.42	9.21	5
21.26	18.48	5
38.45	32.81	5
76.94	63.6	5
149.37	125.31	5
308.95	250.91	5
604.82	486.71	5
1160.18	1016.1	5
2317.77	1926.36	5
4592.6	4512.8	5
6832.44	7058.85	5
9258.51	9208.5	5
11383.45	9293.15	5
13473.7	13465.05	5
15432.2	10277.71	5
18055.68	11727.45	5
20374.25	20480.36	5
1.09	1.01	6
1.09	1.35	6
1.09	1.19	6
1.44	1.24	6
1.52	1.42	6
2.3	2.03	6
2.55	2.4	6
3.44	3.54	6
4.62	4.55	6
7.67	8.28	6
12.69	13.13	6
23.83	23.87	6
38.94	41.73	6
74.26	75.03	6
142.51	141.38	6
272.54	275.06	6
549.28	551.75	6
1042.74	1060.1	6
1537.5	1545.9	6
2025.14	2041.59	6
2537.07	2556.93	6
3042.69	3008.05	6
3514.3	3510.33	6
4030.09	4004.81	6
4536.88	4619.42	6
1.3	1.01	6
1.35	1.02	6
1.3	1.62	6
1.53	1.49	6
1.72	2.0	6
2.4	2.31	6
3.38	3.44	6
5.77	4.26	6
10.16	8.19	6
17.54	18.89	6
34.45	32.79	6
65.81	65.83	6
130.17	105.98	6
255.18	167.4	6
506.16	506.78	6
1005.2	1003.96	6
2002.93	2006.32	6
3928.92	3218.24	6
5808.89	3720.85	6
7802.35	7726.54	6
9623.02	9642.57	6
11491.57	11537.84	6
13362.52	13597.0	6
15403.35	12678.29	6
17130.75	10996.58	6
0.94	1.05	6
1.04	1.03	6
1.11	0.99	6
1.22	1.36	6
1.39	1.41	6
1.81	1.86	6
2.88	2.57	6
4.01	3.57	6
4.66	4.42	6
8.29	8.73	6
15.46	15.96	6
26.44	26.17	6
41.05	42.38	6
77.57	84.32	6
142.35	142.42	6
279.89	281.28	6
578.69	563.32	6
1226.89	1100.4	6
1618.4	1561.06	6
2037.61	2199.52	6
2655.52	2706.57	6
3333.98	3162.65	6
3505.98	3551.6	6
4010.58	4190.62	6
4484.86	4490.89	6
1.13	1.05	6
1.15	1.08	6
1.34	1.35	6
1.54	1.46	6
1.81	2.11	6
2.7	2.83	6
3.52	3.66	6
6.2	5.96	6
11.25	9.16	6
19.72	17.42	6
35.84	34.2	6
71.63	68.08	6
133.57	108.81	6
270.09	270.52	6
538.94	505.14	6
1004.76	999.24	6
1993.8	1306.52	6
3963.26	3992.78	6
5770.68	5767.97	6
7661.92	6305.02	6
9504.84	7862.32	6
11850.82	9611.76	6
13586.08	13333.35	6
15153.46	15337.79	6
17338.55	14056.95	6
1.21	0.96	7
1.28	1.03	7
1.31	1.22	7
1.55	1.58	7
1.73	2.0	7
2.73	2.57	7
3.48	3.55	7
6.2	6.03	7
10.24	6.89	7
18.1	15.93	7
34.52	35.42	7
67.34	44.62	7
131.23	107.7	7
258.99	213.31	7
507.72	510.26	7
1011.13	832.47	7
2010.64	1658.52	7
3920.58	3220.89	7
5826.27	3755.14	7
7743.88	7717.53	7
9613.73	7889.87	7
11504.59	5308.16	7
13377.14	13404.07	7
15306.32	15319.49	7
17188.48	14137.93	7
1.11	1.13	7
1.04	1.22	7
1.02	1.08	7
1.15	1.32	7
1.51	1.53	7
2.04	2.21	7
2.35	2.48	7
3.59	3.38	7
4.08	4.86	7
7.62	7.51	7
13.81	13.6	7
24.12	23.1	7
40.2	41.12	7
73.46	75.77	7
142.01	140.27	7
278.12	273.76	7
542.06	537.42	7
1040.97	1066.48	7
1537.84	1546.83	7
2044.76	2059.61	7
2553.37	2604.87	7
3053.53	3078.86	7
3546.35	3598.34	7
4065.66	4119.93	7
4521.58	4638.52	7
1.11	0.97	7
1.01	0.93	7
1.3	1.18	7
1.16	1.43	7
1.78	1.99	7
2.61	2.53	7
3.99	3.6	7
6.66	5.58	7
11.71	9.55	7
20.31	16.75	7
37.68	39.14	7
69.31	67.76	7
132.55	93.21	7
262.66	214.37	7
531.21	512.1	7
1070.05	875.52	7
2049.39	1652.2	7
3971.65	3909.38	7
5878.01	4857.84	7
7653.9	7993.18	7
9584.59	7837.27	7
12029.67	11453.63	7
13326.94	11586.94	7
15528.62	12892.25	7
17421.36	11048.69	7
0.97	1.08	7
1.05	1.13	7
1.21	1.25	7
1.43	1.25	7
1.26	1.34	7
1.69	1.83	7
2.71	2.6	7
4.04	3.34	7
5.24	5.22	7
9.08	8.17	7
15.4	14.3	7
24.78	23.43	7
41.52	41.15	7
75.53	83.64	7
141.97	142.56	7
274.62	279.73	7
538.98	563.81	7
1092.48	1048.17	7
1622.68	1530.66	7
2139.05	2141.26	7
2522.52	2662.04	7
3019.85	3031.56	7
3697.02	3526.92	7
4217.19	4012.44	7
4732.08	4572.26	7
1.01	1.11	8
1.04	0.95	8
1.26	1.12	8
1.32	1.32	8
1.58	1.41	8
2.05	2.07	8
3.2	3.1	8
5.5	4.78	8
10.26	8.73	8
19.63	19.37	8
37.8	38.09	8
74.15	61.5	8
146.03	120.65	8
293.11	242.5	8
585.66	487.63	8
1161.65	1166.4	8
2329.91	1929.06	8
4532.5	3769.34	8
6736.2	6863.76	8
8952.95	9073.14	8
11136.05	11150.18	8
13355.75	13488.78	8
15557.35	12940.73	8
17806.78	14707.57	8
19930.47	16535.06	8
1.1	1.02	8
1.0	1.03	8
1.24	1.08	8
1.0	1.23	8
1.56	1.6	8
1.61	1.76	8
1.78	1.89	8
2.49	2.48	8
2.96	2.68	8
4.33	4.57	8
5.58	5.5	8
8.66	8.93	8
11.46	14.02	8
19.59	19.2	8
32.57	33.46	8
58.76	60.24	8
118.3	122.35	8
220.74	228.69	8
332.32	321.4	8
436.56	430.97	8
542.55	537.85	8
615.25	648.32	8
736.14	723.53	8
850.49	837.24	8
931.28	931.72	8
0.99	0.99	8
1.05	0.92	8
0.89	1.02	8
1.26	1.28	8
1.47	1.46	8
1.94	2.07	8
3.26	3.55	8
6.06	5.34	8
11.06	9.38	8
20.17	23.12	8
39.01	39.16	8
75.55	77.49	8
153.86	123.93	8
295.33	296.31	8
608.27	491.28	8
1164.62	777.02	8
2366.68	2301.64	8
4492.5	2247.86	8
6702.3	6780.02	8
9003.08	8969.31	8
11059.78	11060.31	8
13289.76	13247.75	8
15829.95	12813.86	8
17587.97	11946.41	8
20077.32	16771.27	8
1.05	0.98	8
0.98	0.94	8
1.1	1.07	8
1.1	1.22	8
1.54	1.62	8
1.64	1.39	8
2.15	2.0	8
2.7	2.7	8
3.45	3.09	8
4.72	4.17	8
6.15	6.31	8
8.66	8.49	8
11.55	12.69	8
19.45	26.05	8
32.91	36.99	8
60.67	77.57	8
136.26	120.1	8
283.29	278.18	8
317.56	458.58	8
517.32	551.02	8
526.33	636.19	8
624.83	622.15	8
869.33	1165.95	8
1156.57	831.61	8
1133.04	945.41	8
1.11	0.87	9
1.01	1.15	9
1.16	1.24	9
1.5	1.57	9
1.7	1.65	9
2.21	2.3	9
2.39	2.61	9
3.36	3.55	9
3.82	3.72	9
5.73	5.45	9
7.66	8.45	9
12.79	12.98	9
22.02	21.91	9
38.07	37.41	9
70.95	70.37	9
133.34	127.33	9
262.8	260.08	9
503.41	505.68	9
728.33	751.21	9
985.71	995.2	9
1225.33	1223.67	9
1452.1	1461.73	9
1672.97	1706.78	9
1916.44	1928.77	9
2162.59	2182.33	9
0.97	1.02	9
1.17	1.13	9
1.32	1.07	9
1.6	1.58	9
2.09	1.88	9
2.74	3.05	9
3.55	3.03	9
4.05	4.26	9
6.73	6.36	9
11.46	11.3	9
19.82	19.79	9
37.56	36.76	9
77.08	75.06	9
149.0	150.1	9
301.85	298.93	9
583.0	581.57	9
1205.24	1199.06	9
2276.75	2277.03	9
3392.42	3395.09	9
4525.69	4528.06	9
5624.69	5629.85	9
6752.39	6729.81	9
7936.69	7832.19	9
8980.37	8965.16	9
10171.16	10078.75	9
0.83	0.91	9
1.0	0.98	9
1.06	0.92	9
1.49	1.53	9
1.96	1.74	9
2.62	2.33	9
2.41	2.26	9
3.43	3.33	9
3.92	3.68	9
5.43	6.41	9
8.53	8.3	9
12.14	13.1	9
21.13	22.59	9
38.11	37.47	9
68.56	67.98	9
129.34	131.85	9
251.44	254.92	9
492.38	482.58	9
732.96	730.16	9
1010.46	1003.34	9
1232.56	1217.57	9
1455.03	1453.87	9
1680.49	1655.56	9
1934.22	1976.65	9
2189.58	2144.11	9
0.81	0.98	9
0.91	1.01	9
0.99	1.11	9
1.64	1.56	9
2.14	2.25	9
2.6	3.0	9
3.08	3.47	9
4.68	4.05	9
6.11	7.04	9
11.47	10.86	9
20.06	19.85	9
38.22	38.73	9
73.08	74.07	9
146.06	145.4	9
289.0	291.07	9
576.61	577.0	9
1147.51	1159.25	9
2251.45	2319.27	9
3324.45	3389.81	9
4529.01	4480.62	9
5541.6	5542.72	9
6605.41	6772.02	9
7733.19	7752.5	9
8892.19	8809.97	9
9882.53	10002.5	9
0.83	0.86	10
0.98	1.25	10
1.04	1.08	10
1.57	1.66	10
1.62	1.99	10
2.5	2.54	10
2.52	3.11	10
4.51	4.35	10
6.72	6.18	10
12.14	11.76	10
19.51	19.14	10
31.23	30.57	10
55.71	54.34	10
107.2	103.7	10
198.83	200.71	10
396.13	397.77	10
773.18	776.76	10
1506.55	1523.56	10
2235.96	2234.79	10
3002.98	2958.31	10
3679.18	3651.05	10
4414.79	4450.27	10
5185.78	5178.02	10
5811.33	5845.11	10
6623.18	6637.38	10
1.08	0.99	10
1.22	1.09	10
1.37	1.24	10
1.82	1.7	10
2.43	2.4	10
3.95	2.81	10
4.81	3.68	10
6.68	5.76	10
9.6	7.94	10
15.21	15.03	10
26.39	25.94	10
48.85	49.57	10
94.73	90.89	10
182.58	183.71	10
361.42	365.67	10
719.92	721.53	10
1433.09	1440.31	10
2826.36	2819.74	10
4260.59	4258.55	10
5563.77	5521.24	10
7035.19	6929.72	10
8283.34	8249.83	10
9796.37	9638.73	10
11093.23	10973.48	10
12317.73	12355.35	10
0.92	0.86	10
0.98	0.88	10
1.08	1.0	10
1.5	1.54	10
1.6	1.47	10
2.37	2.39	10
3.33	2.97	10
4.68	4.24	10
6.8	6.97	10
11.43	10.44	10
17.98	18.11	10
30.25	29.08	10
52.84	54.45	10
100.26	99.63	10
194.09	193.83	10
371.34	370.7	10
731.83	731.99	10
1389.54	1389.53	10
2065.7	2055.79	10
2733.05	2719.15	10
3377.44	3392.49	10
4019.95	4051.35	10
4686.65	4706.07	10
5351.56	5346.76	10
6015.19	6015.01	10
0.95	1.09	10
1.02	1.21	10
1.29	1.26	10
1.99	1.72	10
2.6	2.39	10
3.86	2.9	10
5.69	3.61	10
6.4	5.02	10
8.96	8.66	10
15.92	13.08	10
26.59	25.66	10
50.66	49.96	10
97.72	96.66	10
189.76	186.73	10
371.95	371.77	10
723.79	717.23	10
1434.33	1432.62	10
2809.8	2779.67	10
4194.69	4293.08	10
5604.83	5503.65	10
6870.57	6848.49	10
8219.97	8217.61	10
9554.59	9732.04	10
10892.65	11277.14	10
12242.27	12159.94	10
0.92	1.04	11
1.02	1.16	11
1.15	1.28	11
1.73	1.82	11
2.49	2.32	11
4.07	2.69	11
5.05	3.36	11
7.39	5.33	11
9.52	8.33	11
15.87	13.89	11
25.74	25.75	11
50.44	47.01	11
92.53	92.63	11
181.94	182.55	11
363.1	363.01	11
720.68	722.5	11
1427.05	1432.64	11
2793.04	2798.69	11
4176.54	4146.0	11
5583.78	5486.33	11
6888.63	6848.5	11
8238.52	8432.09	11
9573.49	9555.25	11
10892.05	11256.47	11
12473.85	12278.15	11
0.99	0.87	11
1.1	1.08	11
1.07	1.06	11
1.43	1.57	11
1.6	1.81	11
2.46	2.54	11
2.69	3.03	11
4.67	4.76	11
6.65	7.66	11
11.62	12.42	11
19.37	19.27	11
30.27	30.6	11
54.8	54.36	11
105.78	104.95	11
202.25	202.04	11
396.26	395.97	11
778.15	794.44	11
1534.19	1557.24	11
2268.47	2227.26	11
2985.3	2991.19	11
3717.54	3729.69	11
4450.73	4451.86	11
5221.17	5137.28	11
5893.06	5870.87	11
6615.9	6616.59	11
0.92	0.92	11
0.88	0.98	11
1.06	1.25	11
1.68	1.47	11
2.14	2.24	11
4.06	2.86	11
5.11	3.29	11
6.35	6.49	11
9.31	7.55	11
15.57	14.0	11
27.57	24.82	11
50.8	48.13	11
93.96	92.84	11
185.5	182.87	11
355.34	363.43	11
718.64	706.82	11
1430.51	1430.44	11
2754.81	2752.24	11
4074.2	4061.4	11
5433.57	5534.53	11
6765.57	6769.54	11
8079.79	8237.35	11
9426.2	9421.41	11
10788.82	10773.66	11
12630.82	12135.54	11
0.85	0.95	11
1.08	1.0	11
1.09	1.21	11
1.53	1.71	11
1.79	1.59	11
2.32	2.67	11
3.22	2.98	11
4.3	4.52	11
7.54	6.88	11
12.08	10.88	11
18.09	17.79	11
29.9	30.25	11
52.42	53.09	11
100.76	101.72	11
191.33	186.99	11
371.09	367.92	11
721.34	725.9	11
1424.38	1385.4	11
2056.4	2074.54	11
2754.55	2717.34	11
3393.92	3384.23	11
4051.69	4078.3	11
4736.02	4735.93	11
5432.32	5432.34	11
6050.15	6036.24	11
0.73	0.86	12
1.09	1.01	12
1.24	1.22	12
1.56	1.55	12
2.32	2.03	12
2.62	2.59	12
3.17	3.15	12
4.37	4.44	12
6.64	6.08	12
10.99	11.39	12
20.75	19.95	12
38.62	38.61	12
77.45	73.86	12
150.07	148.35	12
297.17	290.8	12
582.75	579.62	12
1201.21	1194.96	12
2266.41	2246.38	12
3365.87	3357.26	12
4493.46	4450.56	12
5758.34	5577.18	12
6764.72	6691.11	12
7826.9	7815.63	12
8961.15	8947.02	12
10040.59	10053.64	12
0.98	0.89	12
0.95	1.2	12
1.13	0.98	12
1.51	1.81	12
1.7	1.78	12
2.44	2.43	12
2.57	2.34	12
3.77	3.42	12
4.07	3.57	12
5.53	5.64	12
8.35	8.59	12
13.01	13.54	12
20.78	21.87	12
37.71	37.9	12
68.21	69.8	12
130.55	132.21	12
253.78	258.7	12
501.88	491.1	12
738.1	753.28	12
996.89	1003.22	12
1218.52	1214.8	12
1464.3	1473.29	12
1697.62	1701.91	12
1924.48	1946.26	12
2155.06	2170.96	12
0.91	0.83	12
1.0	0.92	12
1.07	1.11	12
1.46	1.49	12
2.22	1.51	12
2.28	2.38	12
2.76	2.48	12
4.44	4.32	12
6.34	6.62	12
11.15	10.63	12
19.29	19.59	12
36.84	37.17	12
72.5	72.57	12
144.69	142.47	12
285.92	293.46	12
586.93	581.48	12
1163.31	1166.84	12
2227.25	2227.89	12
3323.55	3312.36	12
4395.34	4523.37	12
5513.42	5481.99	12
6730.78	6566.53	12
7632.85	7686.17	12
8882.87	8719.75	12
10008.13	9869.32	12
1.05	0.96	12
0.98	1.0	12
1.14	1.01	12
1.64	1.64	12
1.94	1.64	12
2.54	2.42	12
2.42	2.47	12
3.62	3.71	12
3.77	4.08	12
5.83	6.03	12
8.7	9.2	12
13.2	13.25	12
21.33	20.9	12
36.88	37.45	12
70.34	68.45	12
135.89	129.78	12
255.75	250.16	12
500.55	490.79	12
720.17	734.8	12
980.1	964.17	12
1216.32	1226.06	12
1477.81	1491.75	12
1687.39	1717.01	12
1996.31	1959.09	12
2172.32	2152.77	12
0.7	0.68	13
0.72	0.72	13
0.91	1.15	13
1.72	1.57	13
2.93	2.8	13
4.59	3.67	13
6.13	5.5	13
10.99	7.65	13
11.83	12.77	13
10.58	12.88	13
10.22	13.17	13
13.85	9.4	13
16.01	12.39	13
13.38	16.59	13
20.38	20.66	13
25.57	26.55	13
42.57	41.1	13
67.29	67.58	13
104.92	121.75	13
179.07	232.54	13
336.56	440.67	13
667.54	664.96	13
626.28	885.16	13
952.47	1066.79	13
1113.61	1293.69	13
1536.02	1480.08	13
1733.32	1741.4	13
1916.11	1888.61	13
0.62	0.6	13
0.75	0.76	13
0.98	0.99	13
1.65	1.61	13
2.47	2.67	13
4.65	3.26	13
6.49	9.24	13
6.61	7.45	13
16.06	8.48	13
12.46	14.14	13
13.07	12.99	13
21.19	17.97	13
15.81	18.15	13
23.54	25.75	13
70.87	34.83	13
89.62	56.77	13
164.62	97.48	13
188.57	184.01	13
876.14	367.3	13
1730.01	712.52	13
3387.14	1382.63	13
2075.23	2040.21	13
4674.81	2720.92	13
5910.68	3364.09	13
4068.89	4135.97	13
8115.73	4713.92	13
9251.44	5365.9	13
10400.48	6258.47	13
0.48	0.56	13
0.73	0.97	13
0.85	1.01	13
1.48	1.67	13
2.87	2.52	13
4.57	4.49	13
6.38	7.15	13
7.76	6.28	13
10.38	7.46	13
9.26	10.12	13
10.33	12.62	13
12.43	10.81	13
13.36	15.63	13
13.74	15.53	13
19.05	18.38	13
25.6	25.46	13
40.21	44.46	13
76.45	74.4	13
131.24	136.2	13
173.4	243.79	13
379.42	468.16	13
558.18	657.87	13
739.92	800.1	13
928.37	984.53	13
1216.87	1205.97	13
1234.8	1380.89	13
1212.68	1566.98	13
1869.53	1796.33	13
0.57	0.65	13
0.71	0.72	13
1.02	1.07	13
1.43	1.53	13
2.56	2.93	13
4.25	3.53	13
5.69	7.65	13
6.15	9.05	13
13.15	7.52	13
13.33	11.73	13
16.13	9.78	13
17.32	16.25	13
28.92	17.1	13
43.01	25.46	13
50.53	33.94	13
54.06	53.83	13
98.49	95.08	13
454.66	184.87	13
871.76	359.15	13
702.75	689.62	13
2326.24	1320.75	13
1962.07	1963.38	13
4644.57	2586.7	13
3224.15	3200.09	13
6792.73	3911.7	13
7937.81	4433.96	13
9049.59	5093.84	13
5877.67	5645.48	13
0.73	0.67	14
0.8	0.78	14
1.07	1.06	14
1.66	1.53	14
2.44	3.08	14
4.6	4.63	14
6.87	7.89	14
9.78	10.28	14
12.81	12.15	14
13.7	11.1	14
11.9	12.97	14
15.71	13.1	14
16.48	18.81	14
24.1	23.54	14
31.79	34.44	14
51.44	51.32	14
87.23	95.25	14
161.24	171.51	14
319.04	338.59	14
630.45	655.21	14
1271.51	1282.65	14
1795.67	1880.07	14
2371.99	2457.54	14
3061.16	3076.0	14
3527.51	3655.53	14
4265.56	4271.4	14
4665.47	5050.31	14
5486.02	5452.22	14
0.75	0.65	14
0.77	0.81	14
1.27	1.27	14
1.86	1.77	14
3.41	2.69	14
4.54	4.27	14
7.58	5.49	14
10.52	12.59	14
14.03	11.11	14
14.71	13.77	14
13.3	13.35	14
16.37	15.04	14
17.18	20.64	14
20.23	24.43	14
32.22	29.3	14
50.12	46.25	14
136.43	80.96	14
377.12	150.04	14
733.96	290.29	14
1006.79	560.83	14
1109.14	1062.68	14
4085.7	1605.12	14
3794.97	2082.98	14
6745.92	2648.04	14
3134.27	3110.1	14
9413.71	3585.7	14
4166.19	4090.96	14
4673.83	4621.94	14
0.7	0.56	14
0.74	0.87	14
1.1	1.03	14
1.69	1.56	14
2.58	2.32	14
4.16	4.08	14
5.0	7.04	14
11.32	10.57	14
12.09	12.77	14
11.44	10.66	14
15.72	12.43	14
12.78	13.04	14
19.44	18.5	14
22.04	21.0	14
29.41	34.79	14
50.96	54.39	14
93.83	93.82	14
178.77	178.99	14
337.99	335.84	14
625.23	680.58	14
1275.74	1296.08	14
1716.49	1824.96	14
2415.79	2422.28	14
3037.92	2969.55	14
3464.68	3564.4	14
4178.19	4164.96	14
4592.72	4706.25	14
5129.8	5294.16	14
0.8	0.77	14
0.9	0.79	14
1.58	1.38	14
1.88	1.67	14
3.37	2.99	14
4.85	4.62	14
5.81	5.1	14
8.05	11.02	14
12.1	10.74	14
14.42	11.04	14
15.33	12.85	14
16.29	13.86	14
19.68	17.5	14
29.3	21.76	14
27.5	29.71	14
75.69	46.81	14
189.05	78.73	14
152.71	148.57	14
289.15	288.52	14
982.8	554.46	14
1074.73	1071.83	14
2842.0	1562.79	14
2088.08	2163.9	14
2621.06	2591.23	14
5546.49	3065.34	14
9329.79	3651.34	14
4092.32	4077.17	14
8246.41	4542.19	14
0.72	0.75	15
1.19	0.89	15
1.04	1.24	15
1.84	2.03	15
2.81	2.84	15
4.64	4.37	15
6.68	7.55	15
10.98	7.67	15
12.51	7.89	15
13.86	11.65	15
15.26	10.92	15
16.52	15.78	15
16.75	16.82	15
27.48	22.38	15
44.58	26.26	15
72.27	47.87	15
138.19	79.46	15
148.07	148.08	15
719.02	284.63	15
548.51	548.75	15
1064.14	1062.06	15
1578.62	1572.92	15
5391.27	2075.36	15
4653.82	2583.08	15
3122.78	3104.89	15
6512.9	3612.34	15
10811.43	4095.69	15
8448.52	4613.12	15
0.73	0.69	15
0.91	0.99	15
1.03	1.17	15
1.56	1.8	15
2.95	2.68	15
4.56	4.57	15
7.47	6.97	15
8.91	7.01	15
11.64	8.5	15
14.79	13.09	15
12.16	12.97	15
13.46	11.72	15
19.47	15.19	15
24.06	22.49	15
33.78	32.59	15
52.27	53.13	15
87.15	93.33	15
172.37	175.0	15
327.98	336.67	15
666.24	654.93	15
1242.75	1270.83	15
1710.37	1864.11	15
2373.32	2475.85	15
3094.54	3082.13	15
3685.04	3668.38	15
4096.61	4261.51	15
4458.85	4948.78	15
5032.96	5469.38	15
0.63	0.66	15
0.88	0.77	15
1.28	1.01	15
1.65	1.59	15
2.84	3.21	15
4.73	4.26	15
7.77	6.93	15
10.28	10.11	15
10.27	11.47	15
13.31	13.78	15
14.12	15.3	15
19.95	12.49	15
20.57	17.36	15
20.4	20.58	15
57.74	28.61	15
73.4	45.95	15
244.87	80.77	15
370.51	147.7	15
286.59	287.75	15
559.78	548.41	15
2775.31	1078.91	15
2803.53	1550.32	15
5405.14	2053.0	15
2596.81	2550.01	15
5530.37	3054.93	15
6413.62	3536.69	15
7353.22	4027.52	15
8245.71	4566.92	15
0.81	0.66	15
0.8	0.91	15
1.22	1.05	15
1.67	1.74	15
3.07	2.81	15
4.23	4.41	15
7.39	5.57	15
9.12	9.74	15
9.67	11.75	15
14.68	8.68	15
17.94	15.37	15
17.96	14.96	15
16.13	17.13	15
22.15	22.75	15
33.2	30.15	15
53.91	57.01	15
98.24	93.57	15
164.48	183.14	15
319.12	345.96	15
626.02	664.36	15
1290.4	1255.85	15
1838.53	1830.85	15
2444.8	2418.43	15
3003.78	3014.33	15
3512.94	3561.25	15
4328.54	4136.34	15
4798.47	4719.34	15
5380.88	5337.35	15
0.63	0.6	16
0.71	0.73	16
0.94	0.93	16
1.53	1.63	16
2.57	2.65	16
4.67	3.97	16
7.11	6.27	16
4.88	8.97	16
11.64	10.74	16
12.32	12.97	16
18.23	14.66	16
14.04	16.67	16
27.15	16.73	16
32.65	25.46	16
33.53	35.66	16
92.06	60.95	16
170.92	103.7	16
321.33	197.43	16
635.07	362.68	16
719.29	718.8	16
2376.28	1382.89	16
2073.31	2046.83	16
4683.57	2692.45	16
8468.71	3445.11	16
9906.56	4146.96	16
4763.12	4695.47	16
9274.92	5362.49	16
6083.95	6031.21	16
0.58	0.6	16
0.81	0.78	16
1.22	0.95	16
1.77	1.79	16
2.77	2.88	16
4.73	4.66	16
6.66	7.06	16
8.41	10.53	16
9.29	13.13	16
12.35	10.11	16
10.84	12.14	16
11.88	12.71	16
14.99	15.58	16
15.82	17.22	16
20.89	21.54	16
24.96	26.37	16
43.03	42.79	16
61.95	67.49	16
113.4	118.99	16
177.14	233.18	16
457.49	438.83	16
565.83	662.16	16
893.24	853.22	16
788.64	1081.34	16
949.7	1284.28	16
901.99	1545.36	16
1494.76	1679.01	16
1426.77	1933.85	16
0.56	0.55	16
0.69	0.6	16
0.95	0.95	16
1.62	1.54	16
2.8	2.59	16
4.37	4.61	16
4.43	7.31	16
9.75	10.35	16
8.37	11.43	16
13.04	14.37	16
16.22	12.73	16
22.29	14.32	16
15.23	19.72	16
30.68	24.01	16
50.92	32.07	16
91.17	58.25	16
168.35	98.61	16
185.69	184.76	16
613.73	364.89	16
699.54	709.61	16
1311.49	1297.55	16
3439.27	1939.3	16
4564.88	2555.5	16
5768.22	3156.88	16
6822.79	3906.16	16
7953.3	4434.45	16
5157.27	5067.23	16
5803.17	5767.85	16
0.58	0.58	16
0.75	0.74	16
0.92	0.95	16
1.54	1.85	16
3.0	3.05	16
4.88	4.78	16
6.96	6.98	16
9.9	9.28	16
7.78	9.63	16
11.77	11.96	16
10.84	12.75	16
12.29	14.2	16
14.89	13.61	16
16.52	16.36	16
18.18	19.67	16
26.89	26.21	16
39.18	45.53	16
67.95	71.85	16
120.12	126.1	16
215.78	246.19	16
373.37	448.06	16
577.63	660.92	16
711.75	804.14	16
759.4	997.81	16
1058.8	1211.79	16
1056.52	1425.75	16
1655.18	1550.05	16
1594.18	1740.71	16
0.65	0.71	17
0.97	0.91	17
1.46	1.75	17
2.17	2.36	17
2.77	3.73	17
6.61	5.62	17
8.43	8.62	17
12.25	11.48	17
12.27	12.46	17
14.04	13.35	17
13.74	13.1	17
14.1	14.43	17
15.12	16.91	17
19.68	17.72	17
20.88	27.33	17
33.32	38.04	17
49.94	60.02	17
104.8	104.88	17
157.78	193.41	17
325.94	385.84	17
616.47	740.2	17
929.17	1080.87	17
1225.98	1419.24	17
1677.55	1785.75	17
2145.35	2164.71	17
2103.73	2471.22	17
2211.35	2823.45	17
2442.1	3168.16	17
0.71	0.7	17
0.86	0.98	17
1.38	1.33	17
2.37	2.34	17
3.39	3.37	17
5.16	6.47	17
10.03	7.21	17
12.68	13.86	17
15.97	12.96	17
18.64	16.06	17
18.15	15.24	17
31.05	20.5	17
47.77	27.44	17
104.29	38.29	17
150.61	63.16	17
291.46	104.21	17
562.81	200.97	17
1471.91	390.96	17
2196.01	772.7	17
4374.61	1520.27	17
11406.19	2968.96	17
12736.15	4372.89	17
11524.52	5837.29	17
27780.56	7227.26	17
25012.77	8710.53	17
29088.97	10091.03	17
44074.63	11552.55	17
12967.91	13208.72	17
0.63	0.68	17
0.92	0.92	17
1.29	1.34	17
2.22	2.49	17
4.02	3.95	17
5.91	5.86	17
8.34	8.68	17
9.11	7.89	17
9.06	12.24	17
12.11	13.18	17
13.69	13.43	17
15.82	14.32	17
14.51	14.56	17
19.88	15.16	17
26.08	26.24	17
33.78	37.43	17
53.49	61.98	17
104.63	108.21	17
163.6	187.94	17
321.82	374.55	17
628.53	651.02	17
838.25	978.67	17
1234.09	1307.56	17
1396.75	1610.15	17
1744.38	1913.01	17
2017.76	2219.57	17
2223.1	2544.21	17
2589.31	2849.11	17
0.69	0.7	17
0.88	0.93	17
1.43	1.41	17
2.35	2.15	17
3.57	3.8	17
6.04	6.44	17
7.55	7.37	17
11.74	11.22	17
14.59	16.34	17
20.85	14.96	17
22.36	13.79	17
29.07	20.4	17
49.48	24.25	17
107.83	36.22	17
106.17	57.53	17
196.13	109.73	17
379.27	201.32	17
749.37	399.47	17
1517.65	776.04	17
2911.21	1483.99	17
5663.73	2901.23	17
8424.8	4309.81	17
11155.34	5705.1	17
20722.01	7110.15	17
24819.5	8649.72	17
19905.79	10044.41	17
11262.64	11475.48	17
12653.93	12632.27	17
0.79	0.84	18
1.06	1.03	18
1.57	1.47	18
1.99	2.17	18
3.55	3.77	18
6.17	6.21	18
10.08	9.46	18
10.22	11.93	18
10.57	10.01	18
15.47	12.93	18
15.63	15.04	18
17.29	16.01	18
19.68	20.42	18
27.97	26.17	18
41.1	38.12	18
66.55	73.0	18
118.63	135.81	18
238.04	249.04	18
424.39	482.27	18
951.94	933.53	18
1679.29	1825.24	18
2591.58	2696.93	18
3419.04	3578.57	18
4084.12	4450.92	18
4881.65	5317.37	18
5681.05	6169.74	18
6206.47	7134.44	18
6990.63	7933.81	18
0.91	0.83	18
1.02	1.0	18
1.51	1.43	18
2.28	2.3	18
3.95	3.79	18
6.24	6.03	18
9.84	8.05	18
12.38	12.86	18
15.05	12.87	18
13.65	15.94	18
22.45	14.61	18
26.9	18.82	18
32.9	25.22	18
74.56	34.23	18
95.91	57.2	18
263.2	95.21	18
347.63	180.88	18
1336.02	352.78	18
1993.83	681.61	18
3995.73	1375.49	18
10363.65	2658.56	18
15335.81	3929.72	18
10268.8	5280.75	18
19005.78	6598.56	18
15267.48	7791.32	18
17954.91	9173.78	18
30234.34	10315.04	18
33927.63	11571.48	18
0.82	0.72	18
1.0	0.94	18
1.43	1.44	18
2.27	2.29	18
4.09	3.6	18
5.53	6.15	18
8.56	7.66	18
11.33	10.73	18
13.09	12.99	18
12.24	11.67	18
13.88	15.94	18
17.25	13.7	18
22.55	20.88	18
29.35	28.11	18
41.6	43.02	18
68.28	73.56	18
130.49	128.95	18
235.98	244.39	18
462.43	474.02	18
834.42	906.81	18
1650.38	1761.4	18
2527.17	2588.71	18
3237.83	3409.53	18
4147.74	4238.55	18
4676.97	5069.02	18
5758.96	5870.33	18
6587.42	6736.29	18
7656.38	7546.14	18
0.83	0.76	18
0.94	1.04	18
1.46	1.54	18
2.57	2.46	18
3.83	3.84	18
6.36	6.37	18
10.36	8.96	18
12.29	13.34	18
15.79	13.25	18
12.43	13.56	18
20.93	17.3	18
36.28	18.07	18
45.52	23.25	18
99.05	36.52	18
54.76	56.27	18
270.38	100.46	18
519.04	183.62	18
1358.64	345.95	18
1339.82	695.8	18
3969.63	1377.28	18
7834.6	2614.53	18
7610.11	4037.59	18
15145.65	5130.53	18
12622.49	6395.8	18
15245.61	7656.01	18
34978.44	8923.6	18
20100.35	10216.86	18
33721.9	11415.51	18
0.88	0.82	19
1.05	0.92	19
1.41	1.45	19
2.61	2.35	19
3.45	3.12	19
6.83	6.04	19
7.46	9.19	19
10.85	13.7	19
14.35	12.5	19
17.15	15.56	19
19.07	15.56	19
33.93	16.9	19
54.86	24.4	19
54.32	36.7	19
138.98	55.32	19
350.62	100.15	19
681.98	180.63	19
1004.59	349.79	19
1338.27	680.21	19
3979.43	1357.04	19
5148.84	2634.01	19
15258.74	3910.23	19
15203.56	5166.24	19
12715.93	6479.16	19
22688.04	7756.22	19
26415.31	9227.69	19
30787.49	10335.81	19
23007.88	11548.75	19
0.76	0.73	19
1.01	1.03	19
1.53	1.52	19
2.27	2.47	19
3.79	4.06	19
6.32	5.95	19
7.43	8.05	19
12.95	10.62	19
11.99	14.94	19
13.43	14.87	19
15.71	13.51	19
16.84	14.08	19
21.1	20.68	19
25.82	27.1	19
39.08	44.8	19
71.2	72.99	19
121.14	129.51	19
235.0	247.2	19
439.33	473.79	19
866.36	937.24	19
1603.94	1824.03	19
2499.75	2727.33	19
3147.14	3555.33	19
3921.31	4473.7	19
4677.03	5320.31	19
5752.05	6243.33	19
6840.24	7062.5	19
7654.64	7958.59	19
0.7	0.74	19
1.06	0.95	19
1.48	1.46	19
2.27	2.55	19
4.06	3.92	19
6.3	6.37	19
9.16	8.84	19
11.67	11.18	19
14.11	14.07	19
11.42	15.99	19
19.12	17.72	19
36.88	17.58	19
47.89	23.67	19
98.79	33.44	19
141.55	54.86	19
263.39	98.86	19
179.61	177.39	19
343.98	345.52	19
1325.42	670.95	19
3914.81	1341.83	19
10122.6	2590.38	19
3826.94	3832.43	19
15049.36	5085.17	19
12510.01	6329.09	19
15111.31	7767.73	19
17509.31	8877.79	19
30443.92	10086.75	19
44695.44	11353.23	19
0.76	0.82	19
1.05	0.97	19
1.52	2.07	19
2.25	2.17	19
3.94	3.61	19
6.52	6.71	19
7.66	8.54	19
11.57	10.56	19
11.1	12.78	19
15.82	13.59	19
12.52	14.43	19
16.73	16.29	19
21.39	20.51	19
28.45	27.12	19
42.34	42.42	19
71.5	71.1	19
120.75	129.76	19
234.28	247.24	19
465.3	468.73	19
859.92	927.51	19
1605.64	1737.98	19
2390.04	2582.06	19
3228.77	3419.77	19
4063.47	4239.88	19
4977.2	5065.4	19
5781.09	5927.24	19
6409.01	6837.33	19
7224.87	7688.23	19
0.67	0.61	20
0.84	0.92	20
1.28	1.39	20
2.22	2.22	20
3.98	3.93	20
6.08	6.07	20
7.79	9.39	20
10.58	12.02	20
14.38	10.98	20
16.29	15.01	20
20.57	16.81	20
34.36	17.89	20
32.63	26.69	20
56.73	37.41	20
102.16	60.84	20
282.34	106.57	20
561.61	199.51	20
740.97	390.32	20
1464.43	768.39	20
5877.8	1559.95	20
8695.58	3026.53	20
8690.24	4474.93	20
21943.75	5772.38	20
14246.81	7189.38	20
24665.38	8621.12	20
19413.14	10058.23	20
32775.59	11435.52	20
36885.09	13203.89	20
0.65	0.67	20
0.98	1.08	20
1.64	1.34	20
2.29	2.24	20
3.43	4.12	20
6.53	5.6	20
10.31	7.41	20
10.05	9.95	20
10.2	12.42	20
12.18	12.45	20
11.92	13.43	20
15.65	13.2	20
15.83	14.69	20
17.42	18.33	20
22.42	25.25	20
32.96	40.53	20
55.04	61.74	20
93.29	115.08	20
172.05	202.08	20
300.52	376.05	20
634.99	730.39	20
1006.69	1091.06	20
1228.43	1429.95	20
1525.3	1758.95	20
1824.15	2116.45	20
1950.83	2473.94	20
2183.63	2878.18	20
2720.05	3188.95	20
0.64	0.65	20
0.82	0.86	20
1.36	1.21	20
2.16	2.15	20
3.6	3.83	20
5.84	6.05	20
8.87	6.53	20
8.65	8.15	20
14.99	15.18	20
15.69	14.06	20
25.1	17.9	20
24.82	19.75	20
49.36	22.88	20
82.45	33.27	20
105.92	58.53	20
283.03	104.97	20
727.51	198.87	20
1079.73	378.45	20
2833.36	747.2	20
5662.79	1460.61	20
5584.35	2860.85	20
8274.8	4217.25	20
16330.47	5630.34	20
20399.69	6963.42	20
16429.82	8365.45	20
19058.74	9724.47	20
22028.24	11163.07	20
49338.56	12469.61	20
0.66	0.69	20
0.97	0.89	20
1.42	1.38	20
2.35	2.21	20
3.66	3.98	20
5.88	5.32	20
8.79	9.16	20
9.68	8.52	20
9.98	8.32	20
11.18	9.22	20
11.87	13.4	20
15.57	12.62	20
17.52	12.55	20
21.15	16.35	20
24.84	25.53	20
33.22	37.16	20
53.3	57.89	20
102.15	98.38	20
190.27	183.02	20
350.96	340.18	20
588.95	673.37	20
903.93	987.14	20
1172.53	1268.42	20
1443.7	1601.09	20
1828.48	1904.56	20
2016.19	2234.46	20
2310.8	2543.56	20
2736.78	2839.25	20
