1.0	0.9	1
1.23	1.26	1
1.56	1.73	1
3.29	3.38	1
4.66	5.43	1
4.83	11.2	1
6.1	21.54	1
8.05	41.71	1
12.74	79.66	1
17.37	160.25	1
25.19	306.64	1
45.08	604.29	1
83.0	1156.04	1
158.31	2100.05	1
320.3	3583.51	1
609.15	5566.42	1
1174.25	6286.96	1
1932.87	6869.56	1
2208.37	7402.37	1
2516.37	7843.99	1
2752.28	8167.67	1
2920.49	8433.43	1
3207.82	8685.86	1
3314.73	9007.03	1
3461.46	9032.89	1
0.84	0.89	1
1.2	1.04	1
1.74	1.58	1
2.57	2.42	1
3.8	4.32	1
4.81	8.1	1
4.74	15.33	1
7.6	30.49	1
8.81	59.32	1
17.47	115.79	1
33.39	230.52	1
59.7	457.31	1
118.34	903.22	1
240.31	1732.82	1
466.76	3274.33	1
895.76	5899.88	1
1738.02	9384.14	1
2738.78	11455.0	1
3309.6	12734.31	1
3879.24	13620.84	1
4551.13	14537.22	1
5031.56	15438.47	1
5588.81	16487.97	1
6073.8	17086.22	1
6498.95	17685.5	1
0.89	0.92	1
1.23	1.11	1
1.88	1.61	1
2.8	2.98	1
4.26	5.43	1
6.1	10.3	1
5.28	19.53	1
9.0	39.38	1
11.27	78.26	1
15.97	153.94	1
25.1	298.77	1
50.0	592.05	1
89.36	1123.67	1
182.13	2108.22	1
347.57	3622.84	1
641.37	5357.34	1
1232.32	6084.27	1
1923.52	6795.09	1
2236.67	7434.59	1
2462.8	7643.93	1
2679.11	7962.55	1
2836.99	8204.0	1
3029.35	8449.92	1
3223.08	8691.04	1
3364.27	8804.89	1
0.81	0.83	1
1.05	0.97	1
1.63	1.6	1
2.49	2.56	1
3.96	4.46	1
5.22	8.21	1
4.2	15.21	1
7.5	29.46	1
10.15	57.94	1
18.06	116.08	1
34.34	227.48	1
61.33	453.29	1
120.75	896.73	1
237.21	1691.94	1
477.9	3259.57	1
908.03	5854.16	1
1676.82	9534.4	1
2617.28	11389.42	1
3313.84	12740.48	1
3788.82	13459.98	1
4348.25	14371.87	1
4896.24	15361.68	1
5367.59	16311.93	1
5899.37	17000.52	1
6330.56	17582.03	1
0.96	1.01	2
1.42	1.37	2
1.76	1.83	2
2.52	3.19	2
4.91	5.26	2
5.25	9.44	2
5.95	17.52	2
9.12	30.78	2
12.04	60.35	2
21.56	118.07	2
35.5	230.59	2
62.95	458.72	2
118.95	893.62	2
241.41	1730.39	2
480.95	3302.94	2
883.99	5903.83	2
1729.98	9345.02	2
2657.31	11381.51	2
3339.33	12586.36	2
3822.64	13651.11	2
4501.86	14457.2	2
4917.07	15311.32	2
5472.48	16067.46	2
6079.31	16524.92	2
6419.43	16987.01	2
0.93	0.98	2
1.41	1.45	2
2.41	2.36	2
3.98	3.89	2
6.61	6.59	2
8.12	12.21	2
7.86	22.2	2
10.21	42.84	2
12.46	83.22	2
20.29	161.38	2
28.1	312.6	2
46.98	609.73	2
88.0	1161.35	2
166.84	2115.76	2
326.98	3679.91	2
621.12	5637.88	2
1204.07	6368.44	2
1937.55	7012.42	2
2208.06	7655.43	2
2573.24	8061.47	2
2738.44	8596.27	2
3007.89	8937.95	2
3219.79	9334.09	2
3358.79	9591.19	2
3556.83	9876.43	2
0.86	0.87	2
1.2	1.22	2
1.63	1.82	2
2.67	3.05	2
3.77	4.91	2
4.72	8.69	2
7.55	16.09	2
7.44	30.49	2
13.07	59.0	2
19.73	115.97	2
32.25	229.88	2
61.16	452.64	2
121.36	895.23	2
234.9	1718.89	2
456.69	3195.38	2
897.01	5626.76	2
1678.15	9233.99	2
2611.05	11409.09	2
3172.45	12433.46	2
3682.31	13635.02	2
4339.67	14266.84	2
4707.93	15095.71	2
5233.21	15756.65	2
5713.59	16285.33	2
6281.85	16824.62	2
1.07	0.98	2
1.4	1.44	2
2.38	2.21	2
3.49	3.84	2
6.51	7.34	2
6.08	11.96	2
7.76	22.92	2
10.38	42.68	2
11.29	82.7	2
19.29	156.59	2
28.32	308.41	2
49.59	598.07	2
89.46	1133.87	2
174.41	2107.7	2
337.26	3656.73	2
619.64	5415.25	2
1227.56	6178.26	2
1924.41	6818.67	2
2178.15	7487.88	2
2496.88	7952.39	2
2761.09	8350.74	2
2921.8	8721.52	2
3207.5	9222.89	2
3277.7	9469.97	2
3552.62	9718.11	2
1.04	0.93	3
1.35	1.59	3
2.09	2.07	3
3.38	3.8	3
4.71	6.53	3
6.5	11.98	3
5.59	21.43	3
10.61	41.59	3
12.52	79.16	3
20.33	160.33	3
26.25	310.26	3
48.3	612.57	3
87.42	1155.49	3
169.52	2092.46	3
316.89	3634.73	3
614.36	5505.44	3
1191.62	6229.95	3
1927.15	6933.71	3
2216.24	7548.69	3
2559.74	7996.69	3
2751.55	8474.36	3
2961.78	8853.9	3
3224.45	9306.77	3
3374.86	9748.09	3
3597.69	9735.45	3
1.02	1.01	3
1.22	1.12	3
1.93	1.88	3
3.29	3.23	3
4.78	5.13	3
5.21	9.53	3
6.17	16.98	3
8.33	31.37	3
10.77	60.38	3
19.42	119.24	3
35.03	233.14	3
63.14	465.78	3
121.87	915.23	3
247.59	1752.76	3
482.25	3346.55	3
908.92	5885.57	3
1718.66	9315.53	3
2743.48	11363.82	3
3303.6	12531.15	3
3827.61	13619.41	3
4464.53	14463.64	3
4923.27	15123.85	3
5463.23	15893.49	3
5986.53	16470.45	3
6479.81	16949.83	3
1.06	0.91	3
1.34	1.27	3
2.17	1.99	3
3.82	3.29	3
4.41	6.1	3
5.29	10.83	3
8.93	20.87	3
9.39	40.39	3
11.58	78.52	3
16.95	154.96	3
28.08	303.24	3
50.58	587.55	3
86.51	1132.16	3
168.65	2039.44	3
326.0	3528.52	3
625.25	5356.5	3
1217.71	6024.6	3
1961.48	6828.61	3
2174.9	7300.47	3
2433.04	7926.04	3
2686.3	8368.4	3
2906.71	8607.28	3
3084.52	8993.74	3
3248.41	9351.49	3
3408.11	9476.71	3
0.91	0.89	3
1.26	1.21	3
1.86	1.92	3
2.81	3.15	3
4.75	5.34	3
5.26	9.69	3
6.25	16.92	3
8.12	31.23	3
10.36	60.68	3
18.95	115.82	3
35.05	231.39	3
64.26	455.77	3
124.02	897.15	3
246.03	1685.91	3
468.07	3297.39	3
907.32	5743.92	3
1677.08	9152.38	3
2629.81	11391.62	3
3188.56	12467.56	3
3687.65	13430.61	3
4237.75	14250.23	3
4735.3	14935.77	3
5273.69	15646.45	3
5902.45	16264.3	3
6350.95	16788.25	3
0.92	0.93	4
1.26	1.28	4
2.09	1.96	4
2.93	3.18	4
4.9	5.32	4
5.01	9.5	4
7.08	17.19	4
6.65	32.01	4
12.3	60.03	4
19.17	117.89	4
33.29	235.47	4
62.65	459.33	4
124.38	907.27	4
239.67	1756.01	4
463.0	3298.28	4
937.79	5884.6	4
1731.58	9349.22	4
2697.63	11446.54	4
3286.36	12581.38	4
3970.03	13568.03	4
4462.99	14496.83	4
5022.08	15551.85	4
5498.13	16315.28	4
6031.12	16895.63	4
6502.78	17511.5	4
1.0	1.08	4
1.44	1.45	4
2.14	2.06	4
3.51	3.81	4
5.43	7.14	4
5.94	12.29	4
10.53	22.16	4
9.18	43.04	4
13.19	88.61	4
19.89	162.42	4
29.13	317.39	4
47.37	623.86	4
86.47	1186.07	4
163.62	2132.5	4
320.09	3646.19	4
624.36	5569.08	4
1205.2	6399.98	4
1922.19	6911.97	4
2359.92	7394.29	4
2508.48	7822.12	4
2762.78	8235.73	4
2956.77	8487.78	4
3154.87	8657.23	4
3467.53	8845.69	4
3441.71	8993.3	4
0.77	0.85	4
1.1	1.16	4
1.63	1.56	4
2.91	2.92	4
3.98	4.96	4
5.09	8.75	4
6.85	15.8	4
7.85	30.86	4
10.6	58.7	4
20.51	116.11	4
32.9	227.65	4
62.91	452.34	4
117.55	880.14	4
229.62	1726.08	4
458.11	3256.71	4
905.28	5831.01	4
1687.26	9158.99	4
2580.7	11410.52	4
3209.54	12436.99	4
3775.18	13372.61	4
4300.74	14474.54	4
4809.32	15502.03	4
5292.38	16077.54	4
5835.08	16832.99	4
6280.64	17462.54	4
1.03	0.96	4
1.34	1.49	4
2.26	2.2	4
3.74	3.79	4
5.46	6.18	4
7.65	12.06	4
7.04	21.07	4
8.41	42.96	4
12.28	81.11	4
20.22	154.21	4
27.3	307.89	4
48.64	595.47	4
84.67	1121.54	4
164.05	2042.24	4
321.54	3533.56	4
653.19	5448.47	4
1156.15	6319.87	4
1905.0	6811.48	4
2214.04	7278.24	4
2457.47	7652.9	4
2675.56	8030.27	4
3024.7	8464.59	4
3046.06	8523.18	4
3304.36	8729.77	4
3342.48	8884.43	4
1.07	0.99	5
1.17	1.16	5
1.16	1.13	5
1.21	1.28	5
1.7	1.5	5
1.78	2.19	5
1.86	2.44	5
2.66	2.73	5
3.15	2.96	5
4.51	4.61	5
5.22	5.41	5
7.87	8.67	5
12.0	12.01	5
19.07	19.41	5
34.26	32.6	5
60.0	59.95	5
113.65	115.51	5
218.82	218.6	5
316.86	315.28	5
432.68	413.16	5
517.55	524.81	5
626.25	621.01	5
712.5	715.64	5
850.73	818.6	5
936.29	930.12	5
0.74	1.11	5
1.13	1.11	5
1.1	1.21	5
1.29	1.33	5
1.8	1.67	5
2.2	2.21	5
3.43	3.28	5
5.64	5.65	5
10.13	10.17	5
19.32	19.34	5
37.47	37.86	5
73.9	74.21	5
148.82	146.77	5
296.01	294.03	5
584.35	588.28	5
1164.06	1161.55	5
2346.3	2327.06	5
4586.76	4616.81	5
6788.99	6754.43	5
8952.44	8962.59	5
11193.83	11404.23	5
13380.06	13515.38	5
15513.17	15521.92	5
17783.98	17724.8	5
19976.2	19941.63	5
1.08	0.99	5
1.0	0.98	5
1.09	1.01	5
1.06	1.07	5
1.51	1.57	5
1.79	1.84	5
1.66	2.19	5
2.8	2.62	5
3.12	2.67	5
5.0	3.84	5
6.57	5.69	5
9.02	8.12	5
12.27	11.96	5
19.33	20.31	5
41.9	33.55	5
59.2	59.15	5
112.54	111.48	5
342.67	209.03	5
313.11	314.41	5
408.45	429.3	5
515.15	506.01	5
731.54	620.36	5
716.74	711.29	5
1045.89	821.55	5
1506.23	916.19	5
1.08	1.05	5
1.17	1.21	5
1.28	1.16	5
1.86	1.27	5
1.6	1.69	5
2.3	2.33	5
3.51	3.48	5
6.38	5.72	5
11.11	10.19	5
20.53	21.67	5
40.84	42.81	5
75.92	74.22	5
159.61	146.82	5
295.5	294.42	5
582.98	587.48	5
1215.34	1167.4	5
2360.25	2316.2	5
4660.23	4541.57	5
6715.59	6706.14	5
9115.68	9017.4	5
11531.4	11077.98	5
13556.16	13246.09	5
15443.01	15433.79	5
17937.2	17608.8	5
19799.84	19787.36	5
1.07	1.14	6
1.1	1.07	6
1.32	1.34	6
1.27	1.23	6
1.53	1.4	6
2.14	2.09	6
2.56	2.32	6
3.74	3.18	6
4.96	4.63	6
7.32	7.32	6
14.11	14.18	6
23.84	23.33	6
41.52	40.37	6
73.08	76.36	6
140.97	144.4	6
274.19	281.05	6
545.89	548.17	6
1024.32	1043.75	6
1530.29	1528.25	6
2037.42	2020.76	6
2548.63	2521.84	6
3035.5	3013.42	6
3505.54	3498.0	6
4007.3	4021.12	6
4587.66	4494.34	6
1.14	1.01	6
1.38	0.96	6
1.32	1.29	6
1.67	1.68	6
1.94	1.72	6
2.69	2.59	6
3.52	3.72	6
5.65	6.32	6
9.71	9.71	6
18.52	17.51	6
34.97	33.86	6
65.52	66.37	6
129.27	129.01	6
256.47	258.12	6
507.06	511.92	6
1005.92	998.37	6
2006.53	2002.01	6
3926.14	3910.31	6
5846.02	5823.01	6
7783.05	7705.35	6
9599.24	9614.93	6
11498.02	11494.16	6
13387.85	13381.43	6
15418.59	15340.03	6
17126.05	17231.56	6
0.91	0.9	6
1.02	1.08	6
1.2	1.19	6
1.07	1.28	6
1.51	1.29	6
1.98	2.02	6
2.31	2.31	6
3.95	3.53	6
5.21	4.68	6
8.85	7.79	6
15.0	13.66	6
24.51	23.08	6
42.14	40.6	6
86.71	73.72	6
147.01	139.6	6
307.7	275.57	6
570.36	549.01	6
1102.23	1049.14	6
1541.2	1521.55	6
2027.55	2041.28	6
2793.14	2542.12	6
3049.21	3081.22	6
3662.48	3501.46	6
3981.99	4037.38	6
4472.34	4475.11	6
1.06	1.1	6
1.32	1.24	6
1.21	1.17	6
1.33	1.43	6
1.87	1.96	6
2.54	2.57	6
3.49	3.4	6
6.17	6.11	6
10.53	10.21	6
19.75	19.08	6
35.38	34.13	6
68.07	67.47	6
138.71	127.98	6
268.24	257.84	6
504.7	506.8	6
1035.7	995.66	6
1993.35	1989.08	6
3958.4	3882.02	6
6176.81	5778.24	6
7853.04	7678.15	6
9753.13	9596.78	6
11697.32	11535.29	6
13288.83	13301.05	6
15529.68	15220.91	6
17198.57	17157.92	6
1.06	1.03	7
1.03	1.09	7
1.52	1.4	7
1.35	1.37	7
2.04	2.14	7
2.35	2.36	7
3.7	3.28	7
6.02	5.47	7
10.2	9.96	7
18.9	18.79	7
34.45	34.46	7
67.27	67.63	7
129.09	130.5	7
257.25	258.17	7
511.22	511.03	7
1013.69	1018.95	7
2030.39	2011.29	7
3938.62	3937.23	7
5849.72	5843.97	7
7703.65	7744.0	7
9598.98	9647.66	7
11911.36	11501.03	7
13386.9	13375.72	7
15303.31	15523.97	7
17176.34	17178.61	7
1.02	0.99	7
1.09	1.05	7
1.31	1.11	7
1.42	1.22	7
1.32	1.62	7
2.18	1.76	7
2.7	2.28	7
3.3	3.43	7
4.31	4.23	7
7.86	7.52	7
13.45	14.13	7
23.9	23.78	7
40.32	40.56	7
73.6	74.16	7
143.46	141.63	7
273.77	273.43	7
540.75	536.95	7
1042.09	1039.78	7
1543.9	1539.37	7
2041.06	2034.43	7
2553.06	2534.47	7
3060.85	3024.0	7
3547.46	3567.57	7
4030.38	4059.67	7
4514.97	4516.71	7
1.16	0.94	7
1.18	1.0	7
1.58	1.46	7
1.39	1.26	7
2.1	2.0	7
2.45	2.46	7
3.83	3.5	7
5.96	5.41	7
11.3	9.75	7
19.33	18.98	7
35.62	35.0	7
70.55	66.12	7
132.21	129.68	7
274.82	254.51	7
530.69	508.07	7
1063.16	1008.77	7
2005.72	2016.7	7
4016.01	3904.04	7
5875.94	5775.84	7
7688.59	7685.67	7
9530.63	9545.04	7
11628.24	11431.14	7
13311.08	13307.44	7
15501.79	15330.59	7
17438.18	17125.26	7
0.99	1.03	7
1.23	1.09	7
1.15	1.54	7
1.33	1.08	7
1.41	1.39	7
1.77	1.85	7
2.98	2.28	7
4.02	3.21	7
5.55	4.52	7
9.0	7.49	7
14.72	13.54	7
24.86	23.65	7
42.27	40.25	7
78.36	73.79	7
141.62	141.97	7
285.11	273.07	7
568.03	533.97	7
1034.4	1029.3	7
1533.94	1531.47	7
2130.32	2022.62	7
2638.09	2525.84	7
3022.19	3024.32	7
3513.13	3510.37	7
4006.76	4001.05	7
4509.05	4494.03	7
0.97	1.04	8
0.93	1.31	8
1.16	1.07	8
1.19	1.16	8
1.28	1.59	8
2.11	2.18	8
3.46	3.31	8
5.89	5.65	8
10.3	10.23	8
19.41	19.31	8
37.15	38.08	8
73.67	74.05	8
145.88	145.83	8
292.21	293.7	8
582.09	584.62	8
1162.59	1163.75	8
2316.29	2316.07	8
4536.63	4514.25	8
6736.8	6745.99	8
8998.46	8982.2	8
11233.14	11289.04	8
13331.22	13381.42	8
15544.18	15669.38	8
17719.69	17682.52	8
20165.31	19919.72	8
1.03	0.97	8
1.08	1.03	8
1.1	1.04	8
1.0	0.91	8
1.86	1.56	8
1.72	1.76	8
1.92	1.47	8
2.83	2.6	8
2.51	3.05	8
4.32	3.85	8
6.08	5.88	8
7.46	8.6	8
11.74	12.54	8
19.19	19.19	8
34.93	33.25	8
58.86	58.91	8
114.66	111.32	8
215.69	210.0	8
315.19	321.22	8
429.34	431.29	8
534.91	527.9	8
622.83	628.14	8
712.95	721.63	8
827.57	813.36	8
925.35	912.06	8
0.9	0.98	8
0.96	1.12	8
1.19	0.99	8
1.3	1.38	8
1.59	1.5	8
2.21	2.06	8
3.3	3.28	8
6.12	5.55	8
10.85	10.11	8
22.04	20.15	8
40.31	37.16	8
76.99	73.91	8
154.88	145.11	8
292.43	291.95	8
581.45	576.9	8
1178.14	1164.49	8
2300.98	2312.37	8
4497.67	4491.11	8
6671.4	6666.97	8
8986.01	8848.12	8
11257.47	11216.79	8
13259.43	13222.67	8
15781.35	15427.51	8
17601.27	17582.54	8
19783.91	19769.64	8
1.04	1.13	8
0.99	1.06	8
1.2	1.34	8
1.02	1.06	8
1.71	1.48	8
1.61	1.57	8
1.98	1.61	8
2.73	2.68	8
3.19	2.57	8
4.46	3.99	8
6.05	5.33	8
9.25	8.51	8
15.37	11.98	8
19.39	18.85	8
33.18	32.63	8
77.22	59.95	8
113.17	113.17	8
323.6	210.07	8
315.48	318.98	8
512.82	415.49	8
526.77	525.72	8
875.71	612.07	8
714.17	719.15	8
989.58	820.12	8
1125.34	929.5	8
1.07	0.98	9
1.19	1.09	9
1.1	0.96	9
1.43	1.43	9
1.87	1.63	9
2.38	2.31	9
2.69	2.41	9
3.3	3.91	9
4.06	3.96	9
5.53	6.49	9
8.35	8.67	9
12.88	13.5	9
21.61	21.78	9
38.11	39.56	9
72.12	69.74	9
132.5	130.0	9
256.71	263.66	9
498.19	500.1	9
736.1	744.66	9
1005.43	1005.8	9
1239.06	1224.39	9
1455.03	1460.83	9
1678.29	1709.23	9
1919.94	1939.77	9
2153.12	2182.23	9
0.88	0.97	9
1.09	1.08	9
1.24	1.29	9
1.6	1.65	9
2.15	2.41	9
2.63	3.95	9
3.51	7.01	9
4.62	13.05	9
6.97	25.3	9
11.17	49.91	9
20.38	99.09	9
40.48	202.22	9
74.96	404.23	9
148.33	791.38	9
301.55	1604.84	9
582.54	3160.24	9
1207.96	6321.01	9
2267.98	12329.58	9
3393.03	18140.68	9
4510.25	24269.05	9
5753.7	30028.17	9
6759.82	35848.05	9
8019.91	42025.14	9
9196.25	47742.12	9
10050.73	53683.28	9
0.92	0.74	9
0.9	1.07	9
1.04	0.98	9
1.37	1.54	9
1.51	1.61	9
2.35	2.15	9
2.59	2.42	9
3.45	3.49	9
3.76	4.26	9
5.7	5.92	9
9.58	8.27	9
12.7	11.74	9
21.26	20.89	9
37.93	38.89	9
67.15	70.03	9
130.31	129.24	9
248.64	254.29	9
495.96	504.83	9
739.81	744.78	9
977.39	974.43	9
1229.08	1244.78	9
1429.55	1475.08	9
1704.02	1690.02	9
1956.78	1938.89	9
2151.44	2239.78	9
0.93	0.89	9
1.09	1.07	9
1.01	1.23	9
1.71	1.54	9
2.26	2.37	9
2.54	3.86	9
4.06	6.71	9
5.43	13.03	9
7.58	25.65	9
11.48	49.89	9
19.21	98.55	9
38.72	195.35	9
75.08	389.24	9
143.8	777.14	9
288.47	1546.35	9
582.05	3112.37	9
1157.72	6200.72	9
2255.86	12150.66	9
3366.5	18166.74	9
4533.39	23906.95	9
5520.26	30024.58	9
6619.81	35546.81	9
7714.64	41729.37	9
9028.0	47350.52	9
9911.78	53471.26	9
0.94	1.01	10
1.27	1.09	10
1.15	1.14	10
1.47	1.67	10
1.73	1.54	10
2.42	2.23	10
3.15	2.88	10
4.74	4.36	10
7.15	6.35	10
12.38	12.24	10
19.2	19.16	10
30.46	29.66	10
53.71	54.9	10
102.8	101.18	10
199.03	197.01	10
392.44	385.48	10
787.9	760.48	10
1510.06	1482.05	10
2226.43	2195.65	10
2968.94	2910.54	10
3696.77	3632.45	10
4413.49	4327.82	10
5091.4	5075.51	10
5817.75	5747.15	10
6592.02	6463.63	10
0.94	1.05	10
1.24	1.15	10
1.41	1.21	10
1.66	1.66	10
2.51	2.54	10
4.09	4.14	10
4.82	7.06	10
6.09	13.53	10
8.15	25.22	10
16.3	49.16	10
25.87	94.79	10
49.91	191.24	10
93.8	373.79	10
186.11	750.2	10
364.5	1504.92	10
724.09	2987.02	10
1475.49	5953.97	10
2807.52	11591.56	10
4372.03	17614.53	10
5578.3	22984.56	10
7080.7	28518.94	10
8254.82	34220.29	10
9610.84	39887.24	10
11639.09	45317.42	10
12356.63	50947.9	10
0.73	0.81	10
1.03	1.02	10
0.94	0.95	10
1.5	1.49	10
1.49	1.87	10
2.36	2.35	10
2.78	2.78	10
4.41	5.09	10
7.3	6.42	10
12.23	11.85	10
18.81	19.52	10
29.8	30.26	10
52.22	53.52	10
98.87	101.31	10
188.62	196.24	10
376.73	387.47	10
740.62	781.83	10
1393.77	1487.97	10
2065.83	2195.65	10
2717.28	2898.69	10
3389.85	3611.39	10
4028.28	4298.53	10
4670.04	5013.69	10
5369.74	5729.28	10
6062.25	6456.15	10
1.01	1.05	10
1.06	1.15	10
1.36	1.33	10
1.8	1.57	10
2.37	2.62	10
3.9	4.25	10
5.7	6.9	10
6.59	13.24	10
8.69	24.81	10
15.46	49.52	10
27.2	96.3	10
50.66	192.6	10
96.96	381.19	10
192.22	757.24	10
372.98	1510.85	10
724.75	3018.9	10
1440.29	5916.06	10
2778.22	11511.0	10
4310.59	17186.45	10
5595.45	22755.79	10
6874.24	28308.04	10
8232.73	33967.38	10
9544.36	39541.62	10
10876.41	45209.9	10
12175.61	50923.25	10
0.97	0.92	11
1.01	1.05	11
1.29	1.28	11
1.81	1.46	11
2.51	2.56	11
3.66	4.08	11
5.63	7.02	11
6.4	13.43	11
10.0	25.08	11
14.78	48.62	11
27.0	94.53	11
50.11	188.94	11
92.42	373.69	11
184.98	744.63	11
361.72	1479.51	11
721.25	2989.19	11
1420.17	5930.08	11
2800.67	11552.13	11
4132.08	17209.25	11
5480.47	23024.62	11
7043.85	28496.97	11
8275.75	34028.1	11
9542.19	39889.86	11
10931.02	45213.51	11
12283.97	50926.45	11
0.93	0.92	11
1.02	1.04	11
1.21	1.14	11
1.67	1.53	11
2.3	1.84	11
2.07	2.54	11
3.01	2.92	11
4.2	4.86	11
6.6	6.54	11
12.2	11.94	11
19.56	19.36	11
31.5	30.13	11
55.18	53.85	11
102.86	102.67	11
200.35	194.73	11
391.88	383.65	11
781.47	767.8	11
1542.39	1505.54	11
2235.11	2246.35	11
2962.43	2922.87	11
3674.92	3620.01	11
4436.92	4345.0	11
5206.67	5085.53	11
5896.19	5778.5	11
6597.07	6478.06	11
1.23	0.89	11
0.97	0.97	11
1.19	1.06	11
1.66	1.56	11
2.5	2.41	11
3.51	3.89	11
4.75	7.06	11
6.76	13.48	11
9.69	24.92	11
15.06	48.24	11
26.19	94.93	11
48.68	188.58	11
94.72	373.66	11
182.7	740.92	11
352.83	1480.95	11
718.29	2936.71	11
1410.7	5871.08	11
2773.51	11486.64	11
4111.01	17049.8	11
5425.81	22606.31	11
6749.12	28652.44	11
8090.91	33730.22	11
9448.6	39549.3	11
10755.97	45103.53	11
12129.84	50740.07	11
0.84	0.89	11
1.14	1.07	11
1.11	1.1	11
1.49	1.46	11
1.62	1.68	11
2.6	2.34	11
3.12	3.16	11
4.27	4.8	11
7.16	6.99	11
10.8	11.92	11
18.03	19.04	11
29.14	30.9	11
53.92	54.03	11
103.32	105.72	11
189.69	194.13	11
381.76	384.04	11
732.39	783.9	11
1391.44	1489.57	11
2053.24	2193.75	11
2741.36	2918.85	11
3389.66	3605.87	11
4057.69	4327.5	11
4724.87	5040.79	11
5395.34	5751.72	11
6061.21	6478.24	11
0.84	0.86	12
1.08	0.99	12
1.14	1.1	12
1.59	1.5	12
2.1	2.34	12
3.19	4.13	12
3.68	6.65	12
4.21	13.17	12
6.53	25.32	12
11.75	49.96	12
20.2	100.58	12
37.59	200.37	12
77.48	396.62	12
151.03	803.44	12
297.77	1594.47	12
592.13	3121.22	12
1182.73	6334.71	12
2291.16	12238.59	12
3367.91	18068.15	12
4493.18	24062.88	12
5600.64	30021.82	12
6849.52	35828.46	12
7836.41	41709.55	12
8940.94	48282.46	12
10134.5	53721.71	12
0.9	1.05	12
0.97	0.96	12
1.03	0.94	12
1.62	1.46	12
1.64	1.75	12
2.08	2.2	12
2.55	2.29	12
3.59	3.71	12
3.47	4.03	12
5.71	5.98	12
9.12	9.65	12
12.91	13.75	12
21.45	21.57	12
38.55	38.8	12
71.05	71.58	12
131.81	131.21	12
257.94	261.1	12
492.34	506.1	12
752.89	736.71	12
1016.62	1013.93	12
1223.29	1267.12	12
1453.33	1462.11	12
1701.72	1713.13	12
1922.47	1966.13	12
2186.51	2193.86	12
0.83	0.78	12
0.89	0.8	12
1.05	1.19	12
1.51	1.44	12
2.1	2.13	12
2.53	3.92	12
3.33	6.83	12
4.79	12.69	12
6.97	25.6	12
10.62	49.6	12
21.29	98.66	12
38.36	194.03	12
73.78	391.54	12
144.16	783.03	12
285.9	1541.77	12
590.19	3155.12	12
1164.03	6289.13	12
2226.1	12230.45	12
3326.5	17925.03	12
4510.51	23810.95	12
5496.62	29632.68	12
6693.35	35873.25	12
7641.35	41395.49	12
8928.5	47273.14	12
9826.94	53242.85	12
1.03	1.0	12
1.14	1.08	12
0.92	1.06	12
1.52	1.33	12
1.61	1.9	12
2.5	2.6	12
2.52	2.35	12
3.29	3.44	12
3.66	3.77	12
6.05	5.93	12
8.4	8.31	12
12.87	13.41	12
20.98	21.4	12
37.86	39.39	12
69.73	70.14	12
131.08	134.62	12
258.82	259.28	12
489.89	504.07	12
742.0	741.24	12
969.36	980.64	12
1221.04	1233.94	12
1483.29	1530.85	12
1694.81	1755.97	12
1975.38	2008.12	12
2177.3	2214.11	12
0.58	0.57	13
1.08	0.69	13
0.99	1.02	13
1.67	1.35	13
3.16	2.71	13
4.29	5.02	13
6.89	6.79	13
8.01	10.43	13
11.87	11.3	13
11.08	11.83	13
13.21	11.17	13
9.98	11.25	13
13.47	14.97	13
14.29	14.8	13
16.44	15.66	13
26.14	22.32	13
35.33	32.65	13
66.94	47.86	13
92.39	81.35	13
174.49	144.17	13
392.14	268.62	13
581.33	392.34	13
895.71	516.11	13
792.56	625.39	13
942.57	739.87	13
1537.09	873.38	13
1213.47	995.18	13
2028.38	1108.14	13
0.58	0.65	13
0.77	0.8	13
0.96	1.13	13
1.73	1.5	13
2.33	2.43	13
4.07	4.23	13
7.17	7.59	13
11.09	9.62	13
15.18	16.23	13
15.35	16.41	13
12.95	20.07	13
19.17	23.45	13
21.58	34.31	13
40.23	50.46	13
34.7	82.17	13
58.22	156.41	13
100.01	295.97	13
189.46	571.85	13
622.6	1136.52	13
1233.51	2256.94	13
2378.09	4368.65	13
2041.85	6474.07	13
2738.75	8618.06	13
5913.92	10792.56	13
7084.04	12807.4	13
4746.61	14946.53	13
9302.9	17016.76	13
19145.31	19123.44	13
0.59	0.67	13
0.79	0.78	13
1.02	1.01	13
1.43	1.48	13
2.93	2.71	13
3.69	4.62	13
6.38	8.48	13
10.98	10.37	13
10.25	13.85	13
10.65	13.21	13
12.44	12.52	13
12.85	13.12	13
16.09	13.92	13
15.91	17.02	13
18.54	18.28	13
27.0	21.26	13
37.14	30.67	13
74.85	48.34	13
106.64	78.57	13
184.81	149.0	13
366.96	264.07	13
547.55	382.81	13
725.7	509.47	13
894.78	618.18	13
913.99	752.28	13
1200.98	896.69	13
1408.22	1015.36	13
1349.29	1117.25	13
0.57	0.66	13
0.71	0.76	13
1.04	1.0	13
1.68	1.66	13
2.47	2.67	13
4.61	4.48	13
6.58	7.74	13
7.94	10.98	13
13.73	13.34	13
13.61	16.88	13
11.43	19.5	13
11.02	23.36	13
16.73	31.58	13
23.44	48.38	13
32.5	85.96	13
91.12	153.73	13
100.55	295.42	13
318.78	575.66	13
627.84	1139.2	13
704.88	2289.43	13
2323.86	4325.35	13
1954.27	6431.61	13
4642.04	8524.01	13
8138.14	10614.57	13
12749.36	12730.31	13
7964.26	14787.28	13
5100.36	16889.37	13
5885.96	19205.4	13
0.62	0.67	14
0.92	0.79	14
1.18	1.25	14
1.73	1.67	14
2.66	2.91	14
4.42	4.32	14
7.58	7.16	14
8.67	12.85	14
14.08	11.53	14
11.87	13.79	14
12.66	14.84	14
13.58	17.39	14
17.77	18.82	14
20.87	23.67	14
30.75	33.08	14
53.3	49.87	14
91.61	85.38	14
168.34	152.97	14
308.87	296.49	14
627.49	570.55	14
1228.99	1115.07	14
1866.26	1654.57	14
2257.44	2136.06	14
2951.53	2677.81	14
3685.21	3175.12	14
4073.48	3695.78	14
4916.45	4216.1	14
5241.16	4754.88	14
0.88	0.61	14
0.84	1.01	14
1.14	1.21	14
1.68	1.64	14
2.42	2.84	14
3.82	5.28	14
6.22	9.32	14
10.44	11.45	14
11.99	12.49	14
12.71	15.49	14
11.14	15.38	14
16.74	18.46	14
21.7	26.57	14
32.79	42.41	14
42.64	73.42	14
81.48	133.9	14
138.26	249.72	14
262.34	481.27	14
299.17	958.49	14
572.55	1879.77	14
1088.09	3634.58	14
1587.25	5337.69	14
5415.84	7186.51	14
4704.86	8794.8	14
5619.65	10594.27	14
9374.19	12214.26	14
7427.11	13945.87	14
4682.36	15613.62	14
0.62	0.64	14
0.86	0.7	14
1.0	1.11	14
1.57	1.76	14
2.62	2.61	14
4.58	4.43	14
7.47	7.47	14
8.77	10.85	14
9.05	15.0	14
9.23	14.55	14
15.91	16.0	14
16.72	15.34	14
13.19	17.15	14
24.57	23.76	14
32.75	30.79	14
54.97	49.26	14
89.47	83.68	14
167.82	157.01	14
334.82	296.39	14
599.07	573.7	14
1261.89	1109.55	14
1710.64	1650.05	14
2410.83	2141.61	14
2793.18	2659.01	14
3305.53	3169.61	14
3885.99	3686.99	14
4787.3	4258.01	14
5154.72	4716.12	14
0.71	0.69	14
0.96	0.81	14
1.37	1.2	14
1.68	1.73	14
2.5	2.72	14
4.75	4.65	14
7.1	7.62	14
10.44	9.27	14
13.86	14.6	14
9.55	14.83	14
12.62	16.72	14
17.72	21.06	14
17.67	25.55	14
27.81	41.72	14
26.34	71.62	14
46.07	130.15	14
82.09	243.28	14
151.84	468.87	14
293.86	930.12	14
981.41	1836.24	14
1072.12	3585.46	14
1595.86	5289.0	14
2128.02	7019.45	14
4665.04	9036.63	14
8014.12	10437.2	14
6656.97	12112.09	14
7363.24	13882.23	14
8247.2	15531.03	14
0.74	0.67	15
0.94	0.86	15
1.13	1.36	15
1.74	1.69	15
2.82	2.98	15
4.43	4.57	15
6.78	7.19	15
11.44	11.62	15
8.9	12.38	15
14.3	13.68	15
13.53	16.45	15
19.35	17.75	15
16.89	26.85	15
29.8	42.54	15
43.83	73.09	15
76.6	131.52	15
194.04	247.13	15
370.94	484.13	15
943.27	945.93	15
552.54	1845.38	15
1063.52	3578.55	15
1577.6	5323.37	15
2083.58	7037.27	15
4671.19	8770.41	15
8072.19	10516.12	15
3618.31	12222.74	15
7621.57	14360.67	15
12120.56	15674.72	15
0.71	0.7	15
0.86	0.76	15
1.03	1.05	15
1.75	1.84	15
2.81	2.67	15
4.83	4.65	15
6.17	8.36	15
11.49	11.55	15
10.28	14.57	15
15.49	16.39	15
11.85	14.89	15
15.48	18.91	15
14.99	19.3	15
23.41	23.11	15
35.06	31.94	15
52.66	51.86	15
89.49	87.08	15
169.66	151.94	15
330.77	300.42	15
655.61	576.75	15
1281.34	1116.04	15
1893.76	1628.87	15
2367.46	2144.96	15
3096.84	2675.53	15
3368.42	3206.81	15
4291.0	3710.21	15
4685.44	4254.68	15
5026.94	4801.82	15
0.71	0.62	15
0.94	0.89	15
0.99	1.05	15
1.56	1.5	15
2.57	2.82	15
3.87	4.74	15
6.56	7.4	15
10.2	9.41	15
7.52	12.74	15
14.53	16.45	15
9.42	16.45	15
13.76	20.71	15
20.71	29.21	15
21.23	42.21	15
43.86	70.96	15
75.48	131.21	15
81.4	245.66	15
258.84	471.69	15
711.6	935.36	15
984.96	1825.98	15
1908.21	3544.13	15
4019.01	5334.5	15
2153.27	7058.22	15
4612.55	8661.52	15
3062.05	10415.43	15
3608.93	12117.27	15
4106.3	13819.0	15
8246.3	15546.9	15
0.71	0.73	15
0.87	0.8	15
1.17	1.29	15
1.74	1.75	15
2.78	2.7	15
4.81	4.67	15
7.62	7.6	15
7.54	11.64	15
9.8	14.26	15
11.78	15.93	15
14.65	16.43	15
14.83	17.63	15
19.54	18.18	15
22.48	23.97	15
31.87	33.11	15
55.74	51.66	15
93.8	86.76	15
173.67	156.98	15
336.89	295.17	15
641.58	573.26	15
1251.54	1103.42	15
1784.45	1621.84	15
2338.1	2148.05	15
2885.94	2663.84	15
3730.5	3224.68	15
4224.67	3711.53	15
4663.61	4214.06	15
5151.51	4770.99	15
0.6	0.59	16
0.79	0.68	16
1.24	1.07	16
1.42	1.62	16
2.37	2.73	16
4.12	4.61	16
7.7	7.74	16
7.15	11.09	16
12.86	14.83	16
11.17	14.87	16
12.64	18.05	16
20.37	23.1	16
22.44	32.51	16
42.13	51.49	16
35.29	86.97	16
125.11	157.76	16
170.8	301.44	16
453.71	591.73	16
626.8	1160.57	16
1223.38	2257.59	16
1396.72	4367.11	16
3541.83	6496.03	16
4694.11	8605.79	16
5942.75	10740.47	16
4075.19	12834.21	16
4730.14	15042.59	16
9305.59	17037.59	16
6108.26	19328.43	16
0.56	0.58	16
0.65	0.77	16
1.05	0.93	16
1.87	1.83	16
2.82	3.0	16
4.98	4.96	16
7.93	7.28	16
10.44	10.14	16
10.04	10.64	16
11.34	12.09	16
12.91	11.05	16
13.04	13.69	16
12.86	14.36	16
16.92	18.74	16
16.89	19.39	16
24.73	21.57	16
43.6	30.55	16
63.89	50.68	16
111.51	78.13	16
240.12	144.23	16
451.02	272.95	16
384.35	398.35	16
632.33	525.62	16
974.14	674.96	16
1326.09	763.66	16
1351.92	895.06	16
1244.02	1017.1	16
1708.8	1112.13	16
0.71	0.57	16
0.63	0.65	16
0.97	0.91	16
1.86	1.93	16
2.07	2.54	16
4.53	3.76	16
7.58	6.66	16
8.08	10.7	16
12.28	14.62	16
13.78	17.03	16
14.59	18.62	16
19.25	23.64	16
28.43	32.19	16
30.73	51.81	16
39.05	84.17	16
59.8	157.41	16
102.97	302.45	16
185.93	574.39	16
611.42	1130.21	16
1745.15	2263.97	16
2341.91	4393.75	16
3482.45	6425.28	16
6538.57	8510.87	16
8144.9	10758.4	16
6925.67	12711.31	16
7969.16	14807.76	16
5108.98	16900.84	16
5855.98	19053.64	16
0.58	0.58	16
0.83	0.73	16
1.16	0.97	16
1.72	1.74	16
2.69	2.51	16
4.39	5.11	16
6.54	6.77	16
6.33	9.32	16
12.58	12.02	16
12.51	12.04	16
10.91	12.86	16
13.11	13.76	16
11.35	14.83	16
17.38	15.07	16
16.53	17.97	16
26.4	23.55	16
35.08	30.82	16
81.38	45.98	16
82.99	79.88	16
238.96	146.82	16
329.74	277.54	16
619.34	389.15	16
813.31	530.24	16
888.86	641.47	16
770.92	758.62	16
1433.05	876.78	16
1208.56	1023.44	16
1570.99	1121.41	16
0.7	0.73	17
1.01	1.02	17
1.38	1.74	17
2.52	2.39	17
3.97	3.97	17
6.36	6.01	17
8.27	8.56	17
12.0	12.63	17
10.13	12.9	17
11.31	11.62	17
14.14	13.41	17
13.6	13.15	17
16.76	15.47	17
19.48	17.37	17
22.86	22.5	17
34.19	31.16	17
51.47	49.09	17
104.78	86.2	17
171.52	154.03	17
294.19	302.54	17
740.05	578.89	17
850.34	838.68	17
1220.53	1110.48	17
1683.43	1382.29	17
1653.77	1681.49	17
2531.78	1912.04	17
2603.46	2176.24	17
2712.28	2457.05	17
0.76	0.71	17
0.94	0.93	17
1.29	1.36	17
2.45	2.41	17
3.45	4.08	17
6.66	6.99	17
7.28	8.71	17
11.74	14.96	17
16.68	16.27	17
18.74	18.18	17
22.49	25.51	17
31.6	37.01	17
47.97	57.51	17
103.25	104.76	17
58.25	197.04	17
197.8	382.37	17
380.23	743.74	17
1482.05	1467.7	17
1494.11	2898.41	17
2948.93	5780.33	17
5739.57	11446.63	17
8558.89	16914.7	17
22248.29	22219.45	17
14240.23	27716.13	17
33413.01	33420.39	17
29121.06	38648.34	17
33243.97	44119.98	17
38035.99	49571.38	17
0.59	0.65	17
0.88	0.9	17
1.36	1.27	17
2.36	2.16	17
3.77	4.04	17
6.0	6.34	17
7.84	9.07	17
8.19	13.16	17
10.63	12.44	17
14.65	13.5	17
12.37	12.66	17
11.35	13.63	17
12.27	15.31	17
20.01	18.08	17
25.26	21.94	17
32.44	29.96	17
53.54	50.46	17
88.09	83.04	17
154.34	155.47	17
327.74	286.07	17
587.98	552.21	17
946.35	834.61	17
1249.57	1088.16	17
1482.23	1386.97	17
1617.36	1642.96	17
2029.84	1894.4	17
2188.91	2220.11	17
2564.62	2431.35	17
0.75	0.69	17
0.98	0.92	17
1.27	1.42	17
2.35	2.23	17
3.86	3.86	17
4.65	6.19	17
9.01	8.97	17
8.57	12.1	17
14.84	18.43	17
18.69	19.38	17
15.92	25.94	17
31.55	36.88	17
48.65	57.7	17
81.81	103.78	17
104.92	195.19	17
383.43	383.31	17
383.08	735.38	17
1134.51	1467.73	17
2193.16	2947.94	17
5802.44	5750.21	17
5671.73	11215.97	17
12536.18	16659.44	17
16694.58	22102.81	17
14055.64	27507.74	17
16656.52	33164.99	17
28893.25	38709.94	17
44254.19	43826.92	17
37101.17	49293.13	17
0.85	0.78	18
1.06	0.93	18
1.52	1.39	18
2.38	2.48	18
4.08	3.91	18
6.43	6.67	18
9.1	9.3	18
13.1	13.61	18
13.76	13.17	18
14.85	14.21	18
14.01	13.73	18
17.16	17.82	18
18.43	19.85	18
28.6	26.91	18
40.25	40.58	18
69.87	67.61	18
119.89	119.62	18
220.19	219.41	18
442.9	421.19	18
870.23	833.36	18
1667.8	1597.39	18
2475.41	2349.62	18
3136.08	3126.79	18
4095.85	3880.71	18
4684.39	4648.7	18
5947.96	5418.32	18
6548.78	6190.75	18
7686.67	6953.78	18
0.79	0.84	18
1.08	1.04	18
1.45	1.42	18
2.3	2.36	18
4.08	3.84	18
7.23	6.31	18
9.2	8.15	18
12.45	11.91	18
14.88	15.19	18
18.36	17.85	18
19.89	23.47	18
31.94	32.47	18
43.66	54.69	18
94.4	95.62	18
94.97	175.79	18
179.61	345.38	18
675.81	664.89	18
1336.46	1328.93	18
2650.41	2663.49	18
3990.6	5300.85	18
7729.62	10343.59	18
15290.52	15287.82	18
15525.53	20291.84	18
13038.32	25751.59	18
30571.49	30715.35	18
35345.47	35207.83	18
30240.49	40385.41	18
33919.19	45076.33	18
0.65	0.74	18
0.97	1.01	18
1.43	1.42	18
2.38	2.26	18
3.17	3.73	18
5.22	6.45	18
9.75	10.21	18
10.92	12.31	18
14.06	13.3	18
14.28	13.76	18
14.27	16.04	18
17.06	16.9	18
20.49	21.28	18
27.1	25.96	18
43.57	39.8	18
69.08	66.23	18
122.4	114.17	18
220.41	219.93	18
436.84	427.98	18
904.91	830.17	18
1785.5	1613.4	18
2534.48	2378.49	18
3153.01	3158.02	18
4052.49	3874.17	18
5104.81	4656.74	18
5584.96	5389.63	18
6390.56	6171.86	18
7237.16	6931.73	18
0.85	0.77	18
1.04	1.07	18
1.56	1.39	18
2.41	2.39	18
3.95	3.99	18
6.79	6.27	18
6.41	8.8	18
11.18	11.42	18
15.92	15.48	18
14.65	18.49	18
25.65	21.96	18
28.24	34.83	18
33.41	53.9	18
54.44	95.37	18
143.59	183.03	18
263.94	344.52	18
515.92	682.41	18
676.7	1345.42	18
2667.21	2645.5	18
5347.41	5324.1	18
10517.32	10312.74	18
7639.23	15121.72	18
5157.23	20375.2	18
12618.49	25046.35	18
15381.04	30051.1	18
26281.03	35182.87	18
39924.68	39879.98	18
33716.65	44838.89	18
0.8	0.8	19
1.08	0.99	19
1.61	1.6	19
2.57	2.52	19
4.02	4.09	19
6.26	6.66	19
9.57	8.84	19
10.0	13.2	19
10.63	15.27	19
16.48	18.07	19
23.2	23.98	19
27.77	33.65	19
42.02	54.07	19
53.01	97.54	19
138.54	181.72	19
262.57	350.43	19
517.36	680.57	19
677.59	1336.65	19
680.02	2642.56	19
3947.72	5248.97	19
10259.79	10225.45	19
11447.95	15233.49	19
10166.35	20191.07	19
25118.52	25156.97	19
22706.64	30165.01	19
35059.39	35078.96	19
20619.71	40054.04	19
23241.36	45994.3	19
0.81	0.81	19
1.04	1.07	19
1.56	1.62	19
2.4	2.29	19
3.89	3.66	19
6.66	6.18	19
10.13	9.24	19
13.34	12.69	19
10.33	12.98	19
13.95	14.53	19
16.08	15.03	19
15.89	16.95	19
22.46	20.96	19
28.57	24.48	19
40.83	40.66	19
68.35	67.65	19
121.57	118.89	19
226.02	219.47	19
461.64	421.06	19
863.06	826.07	19
1687.17	1593.25	19
2399.44	2362.13	19
3290.01	3162.65	19
4113.38	3913.68	19
4912.07	4675.21	19
5510.0	5436.46	19
6517.7	6266.02	19
6995.01	6976.94	19
0.72	0.76	19
0.86	1.01	19
1.54	1.45	19
2.43	2.34	19
3.74	4.22	19
6.25	6.42	19
9.25	9.95	19
10.04	13.45	19
16.16	14.86	19
18.86	16.93	19
16.07	24.2	19
35.21	32.85	19
58.84	52.96	19
77.85	95.52	19
139.18	179.88	19
262.54	345.79	19
675.03	681.76	19
1333.26	1323.59	19
1976.09	2629.22	19
5202.65	5192.16	19
5096.83	10084.61	19
11295.32	15043.13	19
5115.72	19965.75	19
18721.21	24899.78	19
22565.44	29841.63	19
26344.65	35131.96	19
20190.92	40489.9	19
44670.68	45102.19	19
0.81	0.79	19
0.98	0.99	19
1.49	1.46	19
2.29	2.15	19
3.81	3.97	19
5.6	6.2	19
9.38	9.74	19
11.87	13.64	19
10.13	12.57	19
13.44	19.51	19
14.28	14.21	19
17.29	17.07	19
21.5	19.25	19
29.49	26.24	19
43.07	41.1	19
67.51	65.69	19
126.19	115.08	19
226.06	217.51	19
441.29	419.61	19
856.86	833.1	19
1698.58	1590.54	19
2544.08	2366.35	19
3138.2	3133.99	19
4176.68	3889.57	19
4845.74	4653.38	19
5435.4	5412.38	19
6403.92	6175.79	19
7191.92	6957.13	19
0.67	0.69	20
0.91	0.86	20
1.34	1.33	20
2.19	2.17	20
4.0	3.64	20
6.19	6.61	20
8.24	9.27	20
11.38	11.77	20
12.04	15.28	20
18.21	18.29	20
15.59	24.13	20
23.53	35.62	20
34.71	60.41	20
102.99	102.99	20
145.39	190.79	20
375.69	373.16	20
733.36	729.23	20
1091.91	1450.02	20
2867.09	2873.48	20
2990.02	5790.53	20
8877.88	11226.98	20
4418.1	16712.17	20
11311.17	22091.46	20
20760.56	27446.76	20
24680.26	32704.18	20
38103.58	38047.25	20
32812.47	43472.28	20
24875.94	48789.24	20
0.76	0.66	20
1.01	0.89	20
1.45	1.42	20
2.68	2.32	20
3.66	3.71	20
6.15	6.22	20
7.64	9.46	20
10.54	11.35	20
10.96	16.04	20
12.58	12.67	20
11.79	12.1	20
14.4	14.59	20
15.89	15.26	20
17.46	18.73	20
23.65	24.18	20
28.74	31.48	20
51.09	48.67	20
89.54	90.87	20
157.13	159.48	20
325.59	298.83	20
683.15	556.06	20
848.54	823.74	20
1119.23	1100.19	20
1515.06	1389.26	20
2005.47	1651.4	20
2295.66	1914.84	20
2654.33	2172.59	20
2961.88	2464.14	20
0.59	0.62	20
0.84	0.83	20
1.31	1.36	20
2.18	2.12	20
3.76	3.72	20
6.15	5.92	20
7.62	8.87	20
11.62	12.67	20
15.55	15.35	20
16.33	18.41	20
17.57	21.75	20
29.87	36.91	20
32.0	58.04	20
81.2	100.47	20
103.83	191.43	20
103.94	368.5	20
546.72	719.92	20
1084.75	1431.49	20
2138.92	2841.02	20
4297.5	5663.86	20
11002.49	10980.91	20
16381.07	16321.72	20
16319.93	21684.08	20
20386.25	27035.56	20
32487.63	32422.42	20
19125.71	37804.85	20
22181.34	43426.04	20
36455.4	48811.37	20
0.63	0.76	20
0.85	0.99	20
1.37	1.34	20
2.35	2.32	20
3.71	4.01	20
6.58	6.18	20
9.08	8.29	20
10.23	10.13	20
11.83	11.18	20
11.9	13.45	20
13.76	13.24	20
14.75	14.42	20
15.76	16.68	20
18.02	18.08	20
26.42	24.27	20
32.26	31.74	20
52.38	50.88	20
88.11	89.79	20
180.69	157.54	20
302.38	298.62	20
564.8	561.04	20
899.8	839.09	20
1240.27	1101.04	20
1451.69	1357.73	20
1754.31	1655.69	20
2212.11	1916.91	20
2325.24	2183.6	20
2752.62	2453.88	20
0.74	0.68	21
