0.7	0.9	1
1.44	1.26	1
1.87	1.73	1
3.13	3.38	1
4.46	5.43	1
6.98	11.2	1
5.97	21.54	1
10.54	41.71	1
8.83	79.66	1
14.83	160.25	1
24.62	306.64	1
44.44	604.29	1
80.3	1156.04	1
161.09	2100.05	1
320.34	3583.51	1
626.89	5566.42	1
1196.35	6286.96	1
1906.14	6869.56	1
2328.37	7402.37	1
2497.92	7843.99	1
2717.49	8167.67	1
2946.71	8433.43	1
3134.0	8685.86	1
3392.8	9007.03	1
3544.9	9032.89	1
1.0	0.89	1
1.14	1.04	1
1.59	1.58	1
2.36	2.42	1
2.64	4.32	1
5.48	8.1	1
4.89	15.33	1
6.32	30.49	1
10.76	59.32	1
19.9	115.79	1
32.99	230.52	1
61.32	457.31	1
122.07	903.22	1
234.96	1732.82	1
465.94	3274.33	1
905.21	5899.88	1
1699.7	9384.14	1
2779.88	11455.0	1
3318.49	12734.31	1
3903.37	13620.84	1
4574.61	14537.22	1
5110.82	15438.47	1
5688.88	16487.97	1
6044.2	17086.22	1
6493.69	17685.5	1
0.75	0.92	1
0.91	1.11	1
1.64	1.61	1
2.63	2.98	1
4.16	5.43	1
4.63	10.3	1
6.38	19.53	1
8.23	39.38	1
11.28	78.26	1
13.65	153.94	1
23.85	298.77	1
47.18	592.05	1
87.65	1123.67	1
185.09	2108.22	1
324.97	3622.84	1
620.02	5357.34	1
1244.44	6084.27	1
1952.69	6795.09	1
2209.38	7434.59	1
2475.44	7643.93	1
2677.74	7962.55	1
2860.35	8204.0	1
3033.17	8449.92	1
3227.1	8691.04	1
3390.21	8804.89	1
0.85	0.83	1
0.89	0.97	1
1.62	1.6	1
2.19	2.56	1
3.09	4.46	1
4.9	8.21	1
4.54	15.21	1
5.97	29.46	1
12.13	57.94	1
17.87	116.08	1
35.04	227.48	1
63.46	453.29	1
121.56	896.73	1
236.07	1691.94	1
462.33	3259.57	1
896.33	5854.16	1
1663.91	9534.4	1
2623.83	11389.42	1
3321.16	12740.48	1
3795.94	13459.98	1
4365.58	14371.87	1
4882.93	15361.68	1
5364.89	16311.93	1
5824.49	17000.52	1
6287.51	17582.03	1
0.99	1.01	2
1.46	1.37	2
1.86	1.83	2
2.7	3.19	2
4.51	5.26	2
4.38	9.44	2
6.27	17.52	2
8.06	30.78	2
12.32	60.35	2
20.46	118.07	2
33.88	230.59	2
62.35	458.72	2
123.32	893.62	2
248.14	1730.39	2
481.15	3302.94	2
900.79	5903.83	2
1766.59	9345.02	2
2665.09	11381.51	2
3359.65	12586.36	2
3846.9	13651.11	2
4475.0	14457.2	2
4917.1	15311.32	2
5431.36	16067.46	2
5938.88	16524.92	2
6455.41	16987.01	2
1.12	0.98	2
1.94	1.45	2
2.22	2.36	2
3.86	3.89	2
6.27	6.59	2
6.79	12.21	2
6.74	22.2	2
9.62	42.84	2
9.85	83.22	2
16.01	161.38	2
27.8	312.6	2
47.49	609.73	2
86.2	1161.35	2
168.2	2115.76	2
323.72	3679.91	2
623.36	5637.88	2
1237.7	6368.44	2
1958.8	7012.42	2
2279.82	7655.43	2
2577.85	8061.47	2
2749.46	8596.27	2
2980.05	8937.95	2
3180.73	9334.09	2
3375.73	9591.19	2
3530.4	9876.43	2
0.85	0.87	2
1.12	1.22	2
1.72	1.82	2
2.81	3.05	2
4.04	4.91	2
5.92	8.69	2
6.22	16.09	2
9.03	30.49	2
11.18	59.0	2
19.35	115.97	2
31.68	229.88	2
65.35	452.64	2
125.83	895.23	2
240.57	1718.89	2
456.61	3195.38	2
881.6	5626.76	2
1718.05	9233.99	2
2609.64	11409.09	2
3199.32	12433.46	2
3726.4	13635.02	2
4206.6	14266.84	2
4733.9	15095.71	2
5229.67	15756.65	2
5741.07	16285.33	2
6230.97	16824.62	2
0.89	0.98	2
1.5	1.44	2
2.3	2.21	2
3.44	3.84	2
5.6	7.34	2
8.39	11.96	2
5.91	22.92	2
9.5	42.68	2
12.8	82.7	2
18.84	156.59	2
26.06	308.41	2
48.86	598.07	2
92.14	1133.87	2
168.54	2107.7	2
321.21	3656.73	2
621.53	5415.25	2
1227.7	6178.26	2
1906.8	6818.67	2
2192.33	7487.88	2
2498.97	7952.39	2
2692.8	8350.74	2
2939.91	8721.52	2
3176.81	9222.89	2
3328.48	9469.97	2
3555.9	9718.11	2
1.02	0.93	3
1.3	1.59	3
2.06	2.07	3
3.2	3.8	3
4.31	6.53	3
6.69	11.98	3
5.71	21.43	3
10.61	41.59	3
12.67	79.16	3
16.53	160.33	3
26.51	310.26	3
47.82	612.57	3
84.4	1155.49	3
164.41	2092.46	3
316.86	3634.73	3
608.6	5505.44	3
1193.56	6229.95	3
1908.01	6933.71	3
2216.87	7548.69	3
2558.87	7996.69	3
2781.0	8474.36	3
2947.27	8853.9	3
3173.7	9306.77	3
3338.11	9748.09	3
3611.49	9735.45	3
0.82	1.01	3
1.18	1.12	3
1.94	1.88	3
2.86	3.23	3
3.56	5.13	3
6.41	9.53	3
6.2	16.98	3
8.55	31.37	3
10.46	60.38	3
18.94	119.24	3
33.27	233.14	3
64.24	465.78	3
122.95	915.23	3
245.15	1752.76	3
480.07	3346.55	3
918.59	5885.57	3
1727.35	9315.53	3
2764.12	11363.82	3
3304.33	12531.15	3
3840.5	13619.41	3
4409.67	14463.64	3
4940.0	15123.85	3
5460.46	15893.49	3
5991.26	16470.45	3
6463.52	16949.83	3
0.95	0.91	3
1.44	1.27	3
2.02	1.99	3
2.78	3.29	3
4.8	6.1	3
7.36	10.83	3
7.43	20.87	3
10.62	40.39	3
13.23	78.52	3
17.53	154.96	3
25.97	303.24	3
47.32	587.55	3
84.99	1132.16	3
162.27	2039.44	3
318.95	3528.52	3
624.61	5356.5	3
1231.72	6024.6	3
1967.96	6828.61	3
2158.59	7300.47	3
2453.38	7926.04	3
2699.67	8368.4	3
2895.75	8607.28	3
3101.22	8993.74	3
3268.79	9351.49	3
3410.37	9476.71	3
0.88	0.89	3
1.23	1.21	3
1.88	1.92	3
2.92	3.15	3
3.95	5.34	3
5.55	9.69	3
7.13	16.92	3
6.45	31.23	3
12.24	60.68	3
19.2	115.82	3
34.32	231.39	3
62.74	455.77	3
120.07	897.15	3
238.5	1685.91	3
454.92	3297.39	3
881.92	5743.92	3
1697.37	9152.38	3
2604.83	11391.62	3
3177.94	12467.56	3
3732.16	13430.61	3
4219.61	14250.23	3
4848.25	14935.77	3
5247.66	15646.45	3
5882.24	16264.3	3
6424.75	16788.25	3
0.92	0.93	4
1.22	1.28	4
1.76	1.96	4
2.77	3.18	4
4.36	5.32	4
6.42	9.5	4
5.53	17.19	4
9.61	32.01	4
12.43	60.03	4
19.56	117.89	4
32.81	235.47	4
62.72	459.33	4
123.07	907.27	4
239.64	1756.01	4
466.91	3298.28	4
941.46	5884.6	4
1710.47	9349.22	4
2666.1	11446.54	4
3277.46	12581.38	4
3910.67	13568.03	4
4436.91	14496.83	4
4993.85	15551.85	4
5506.35	16315.28	4
5987.07	16895.63	4
6564.27	17511.5	4
1.08	1.08	4
1.57	1.45	4
2.31	2.06	4
3.4	3.81	4
5.84	7.14	4
7.45	12.29	4
7.36	22.16	4
10.24	43.04	4
14.15	88.61	4
19.31	162.42	4
27.3	317.39	4
55.68	623.86	4
90.7	1186.07	4
167.85	2132.5	4
318.44	3646.19	4
615.11	5569.08	4
1161.75	6399.98	4
1935.36	6911.97	4
2252.88	7394.29	4
2561.7	7822.12	4
2755.68	8235.73	4
2951.33	8487.78	4
3142.69	8657.23	4
3494.83	8845.69	4
3473.59	8993.3	4
0.83	0.85	4
1.1	1.16	4
1.64	1.56	4
2.14	2.92	4
2.96	4.96	4
4.97	8.75	4
4.85	15.8	4
8.51	30.86	4
10.3	58.7	4
19.19	116.11	4
34.46	227.65	4
62.34	452.34	4
119.85	880.14	4
234.68	1726.08	4
458.63	3256.71	4
915.12	5831.01	4
1662.14	9158.99	4
2576.19	11410.52	4
3200.36	12436.99	4
3769.26	13372.61	4
4298.58	14474.54	4
4809.62	15502.03	4
5369.75	16077.54	4
5798.08	16832.99	4
6221.1	17462.54	4
0.91	0.96	4
1.42	1.49	4
2.34	2.2	4
3.88	3.79	4
4.88	6.18	4
7.39	12.06	4
7.11	21.07	4
9.26	42.96	4
11.4	81.11	4
17.0	154.21	4
28.01	307.89	4
49.14	595.47	4
87.46	1121.54	4
166.06	2042.24	4
322.12	3533.56	4
647.49	5448.47	4
1174.14	6319.87	4
1906.9	6811.48	4
2213.9	7278.24	4
2485.48	7652.9	4
2658.43	8030.27	4
2910.91	8464.59	4
3014.59	8523.18	4
3276.51	8729.77	4
3366.49	8884.43	4
1.21	0.99	5
1.13	1.16	5
1.04	1.13	5
1.43	1.28	5
1.65	1.5	5
2.91	2.19	5
1.78	2.44	5
2.76	2.73	5
3.14	2.96	5
3.91	4.61	5
5.6	5.41	5
8.55	8.67	5
11.99	12.01	5
19.75	19.41	5
35.3	32.6	5
61.62	59.95	5
119.03	115.51	5
223.91	218.6	5
314.37	315.28	5
433.09	413.16	5
562.13	524.81	5
628.91	621.01	5
714.19	715.64	5
830.4	818.6	5
995.59	930.12	5
1.09	1.11	5
1.15	1.11	5
1.09	1.21	5
1.43	1.33	5
1.59	1.67	5
1.85	2.21	5
3.29	3.28	5
4.35	5.65	5
8.3	10.17	5
19.47	19.34	5
38.66	37.86	5
74.16	74.21	5
100.46	146.77	5
244.3	294.03	5
489.08	588.28	5
978.84	1161.55	5
1596.81	2327.06	5
4552.31	4616.81	5
5739.41	6754.43	5
9004.22	8962.59	5
11179.82	11404.23	5
11109.42	13515.38	5
15549.8	15521.92	5
17815.4	17724.8	5
19904.14	19941.63	5
1.11	0.99	5
1.01	0.98	5
1.07	1.01	5
1.03	1.07	5
1.48	1.57	5
1.5	1.84	5
2.01	2.19	5
2.4	2.62	5
2.87	2.67	5
4.79	3.84	5
5.74	5.69	5
8.98	8.12	5
13.45	11.96	5
24.61	20.31	5
33.84	33.55	5
60.7	59.15	5
143.84	111.48	5
297.78	209.03	5
342.75	314.41	5
424.67	429.3	5
507.79	506.01	5
609.57	620.36	5
738.99	711.29	5
989.98	821.55	5
1116.81	916.19	5
1.18	1.05	5
1.14	1.21	5
1.09	1.16	5
1.28	1.27	5
1.68	1.69	5
2.35	2.33	5
4.13	3.48	5
5.48	5.72	5
10.8	10.19	5
21.16	21.67	5
39.95	42.81	5
53.89	74.22	5
124.45	146.82	5
245.83	294.42	5
393.87	587.48	5
1016.76	1167.4	5
1929.66	2316.2	5
3065.33	4541.57	5
6715.66	6706.14	5
7453.41	9017.4	5
7610.74	11077.98	5
11022.27	13246.09	5
13088.64	15433.79	5
17699.13	17608.8	5
20158.2	19787.36	5
1.11	1.14	6
1.14	1.07	6
1.14	1.34	6
1.15	1.23	6
1.47	1.4	6
2.12	2.09	6
2.76	2.32	6
3.68	3.18	6
4.62	4.63	6
7.12	7.32	6
14.1	14.18	6
23.63	23.33	6
41.27	40.37	6
75.89	76.36	6
144.62	144.4	6
273.75	281.05	6
556.99	548.17	6
1053.07	1043.75	6
1565.62	1528.25	6
2074.64	2020.76	6
2535.89	2521.84	6
3012.66	3013.42	6
3604.82	3498.0	6
4022.72	4021.12	6
4561.37	4494.34	6
0.99	1.01	6
1.22	0.96	6
1.23	1.29	6
1.35	1.68	6
1.82	1.72	6
2.38	2.59	6
3.55	3.72	6
5.76	6.32	6
9.48	9.71	6
15.94	17.51	6
33.62	33.86	6
65.84	66.37	6
84.56	129.01	6
255.14	258.12	6
328.85	511.92	6
643.91	998.37	6
1652.26	2002.01	6
2514.99	3910.31	6
4787.13	5823.01	6
7702.02	7705.35	6
9620.76	9614.93	6
11494.88	11494.16	6
13449.38	13381.43	6
12619.45	15340.03	6
11017.29	17231.56	6
1.0	0.9	6
1.03	1.08	6
1.19	1.19	6
1.42	1.28	6
1.41	1.29	6
1.81	2.02	6
2.3	2.31	6
3.75	3.53	6
4.8	4.68	6
8.36	7.79	6
15.67	13.66	6
23.61	23.08	6
42.76	40.6	6
74.7	73.72	6
154.73	139.6	6
279.86	275.57	6
544.37	549.01	6
1039.42	1049.14	6
1607.36	1521.55	6
2033.52	2041.28	6
2518.36	2542.12	6
3030.81	3081.22	6
3583.05	3501.46	6
3988.73	4037.38	6
4677.46	4475.11	6
0.98	1.1	6
1.45	1.24	6
1.34	1.17	6
1.47	1.43	6
1.93	1.96	6
2.48	2.57	6
3.6	3.4	6
6.2	6.11	6
10.8	10.21	6
19.36	19.08	6
22.62	34.13	6
67.88	67.47	6
87.71	127.98	6
212.47	257.84	6
334.16	506.8	6
832.75	995.66	6
1393.05	1989.08	6
3301.29	3882.02	6
4804.17	5778.24	6
7669.59	7678.15	6
9867.27	9596.78	6
11464.51	11535.29	6
13783.08	13301.05	6
15587.2	15220.91	6
17153.99	17157.92	6
1.21	1.03	7
1.09	1.09	7
1.3	1.4	7
1.7	1.37	7
1.87	2.14	7
2.49	2.36	7
3.62	3.28	7
5.46	5.47	7
8.04	9.96	7
19.09	18.79	7
28.17	34.46	7
55.8	67.63	7
128.92	130.5	7
256.23	258.17	7
513.37	511.03	7
650.77	1018.95	7
2018.66	2011.29	7
3239.42	3937.23	7
4765.2	5843.97	7
6315.53	7744.0	7
7877.2	9647.66	7
11925.42	11501.03	7
11011.58	13375.72	7
15294.58	15523.97	7
14072.39	17178.61	7
1.0	0.99	7
1.02	1.05	7
1.12	1.11	7
1.29	1.22	7
1.28	1.62	7
1.96	1.76	7
2.33	2.28	7
3.21	3.43	7
4.65	4.23	7
6.76	7.52	7
14.0	14.13	7
23.67	23.78	7
40.74	40.56	7
75.04	74.16	7
145.51	141.63	7
271.26	273.43	7
536.77	536.95	7
1064.06	1039.78	7
1537.49	1539.37	7
2038.18	2034.43	7
2529.41	2534.47	7
3156.92	3024.0	7
3620.85	3567.57	7
4008.84	4059.67	7
4509.08	4516.71	7
1.05	0.94	7
0.88	1.0	7
1.26	1.46	7
1.49	1.26	7
1.94	2.0	7
2.4	2.46	7
3.28	3.5	7
4.13	5.41	7
10.6	9.75	7
19.82	18.98	7
36.1	35.0	7
56.61	66.12	7
110.14	129.68	7
260.11	254.51	7
522.51	508.07	7
923.3	1008.77	7
2004.55	2016.7	7
3331.84	3904.04	7
5866.54	5775.84	7
6473.72	7685.67	7
9723.05	9545.04	7
9421.88	11431.14	7
13691.38	13307.44	7
12696.91	15330.59	7
17444.89	17125.26	7
0.97	1.03	7
1.03	1.09	7
1.2	1.54	7
1.37	1.08	7
1.41	1.39	7
1.8	1.85	7
2.63	2.28	7
3.63	3.21	7
4.85	4.52	7
8.41	7.49	7
14.81	13.54	7
23.97	23.65	7
41.51	40.25	7
75.27	73.79	7
145.56	141.97	7
287.95	273.07	7
541.22	533.97	7
1036.34	1029.3	7
1739.41	1531.47	7
2125.13	2022.62	7
2527.9	2525.84	7
3333.98	3024.32	7
3503.53	3510.37	7
4055.7	4001.05	7
4523.19	4494.03	7
1.09	1.04	8
1.07	1.31	8
1.04	1.07	8
1.23	1.16	8
1.53	1.59	8
2.01	2.18	8
3.17	3.31	8
5.64	5.65	8
8.64	10.23	8
19.77	19.31	8
38.74	38.08	8
73.44	74.05	8
148.26	145.83	8
291.37	293.7	8
485.2	584.62	8
1165.62	1163.75	8
2338.55	2316.07	8
3793.85	4514.25	8
6792.77	6745.99	8
9080.56	8982.2	8
11125.09	11289.04	8
13328.63	13381.42	8
10334.96	15669.38	8
17713.81	17682.52	8
16570.11	19919.72	8
1.06	0.97	8
0.99	1.03	8
0.95	1.04	8
1.26	0.91	8
1.69	1.56	8
1.51	1.76	8
1.63	1.47	8
2.67	2.6	8
3.26	3.05	8
3.93	3.85	8
5.18	5.88	8
8.4	8.6	8
12.96	12.54	8
19.95	19.19	8
34.96	33.25	8
61.45	58.91	8
121.03	111.32	8
226.28	210.0	8
359.53	321.22	8
438.09	431.29	8
571.11	527.9	8
616.02	628.14	8
712.77	721.63	8
884.99	813.36	8
933.25	912.06	8
0.98	0.98	8
0.93	1.12	8
1.08	0.99	8
1.17	1.38	8
1.48	1.5	8
2.16	2.06	8
4.15	3.28	8
5.12	5.55	8
10.9	10.11	8
18.13	20.15	8
32.79	37.16	8
76.99	73.91	8
148.71	145.11	8
295.22	291.95	8
583.24	576.9	8
1160.03	1164.49	8
1550.72	2312.37	8
3843.07	4491.11	8
5709.53	6666.97	8
7525.06	8848.12	8
11242.84	11216.79	8
11238.98	13222.67	8
13101.83	15427.51	8
14726.01	17582.54	8
19813.82	19769.64	8
1.03	1.13	8
1.17	1.06	8
1.07	1.34	8
1.18	1.06	8
1.69	1.48	8
2.16	1.57	8
1.58	1.61	8
2.82	2.68	8
3.05	2.57	8
4.74	3.99	8
6.65	5.33	8
8.44	8.51	8
16.12	11.98	8
21.5	18.85	8
32.57	32.63	8
59.71	59.95	8
111.79	113.17	8
354.33	210.07	8
327.72	318.98	8
427.47	415.49	8
517.8	525.72	8
734.03	612.07	8
867.61	719.15	8
847.13	820.12	8
1297.43	929.5	8
0.93	0.98	9
1.09	1.09	9
1.12	0.96	9
1.51	1.43	9
1.48	1.63	9
2.55	2.31	9
2.58	2.41	9
3.51	3.91	9
3.93	3.96	9
5.78	6.49	9
8.45	8.67	9
13.45	13.5	9
21.3	21.78	9
38.15	39.56	9
70.15	69.74	9
131.69	130.0	9
253.65	263.66	9
507.41	500.1	9
743.04	744.66	9
954.27	1005.8	9
1224.13	1224.39	9
1470.17	1460.83	9
1688.42	1709.23	9
1927.57	1939.77	9
2183.18	2182.23	9
0.91	0.97	9
1.09	1.08	9
1.25	1.29	9
1.63	1.65	9
2.17	2.41	9
2.61	3.95	9
3.91	7.01	9
4.49	13.05	9
6.51	25.3	9
10.96	49.91	9
21.41	99.09	9
38.14	202.22	9
75.6	404.23	9
151.45	791.38	9
303.35	1604.84	9
586.48	3160.24	9
1195.16	6321.01	9
2281.45	12329.58	9
3392.69	18140.68	9
4518.88	24269.05	9
5760.79	30028.17	9
6722.87	35848.05	9
7933.23	42025.14	9
9044.44	47742.12	9
10060.68	53683.28	9
0.91	0.74	9
1.0	1.07	9
0.97	0.98	9
1.49	1.54	9
1.79	1.61	9
2.24	2.15	9
2.53	2.42	9
3.94	3.49	9
4.17	4.26	9
5.68	5.92	9
8.4	8.27	9
12.53	11.74	9
21.63	20.89	9
37.6	38.89	9
67.85	70.03	9
128.52	129.24	9
260.34	254.29	9
493.17	504.83	9
730.19	744.78	9
1008.34	974.43	9
1230.94	1244.78	9
1441.74	1475.08	9
1690.28	1690.02	9
1961.17	1938.89	9
2133.29	2239.78	9
0.97	0.89	9
1.03	1.07	9
1.28	1.23	9
1.64	1.54	9
2.27	2.37	9
2.6	3.86	9
3.01	6.71	9
3.93	13.03	9
6.2	25.65	9
10.93	49.89	9
19.71	98.55	9
37.69	195.35	9
74.0	389.24	9
144.05	777.14	9
290.6	1546.35	9
580.5	3112.37	9
1146.97	6200.72	9
2242.52	12150.66	9
3329.63	18166.74	9
4427.92	23906.95	9
5537.55	30024.58	9
6819.57	35546.81	9
7708.85	41729.37	9
8814.31	47350.52	9
9886.54	53471.26	9
0.89	1.01	10
1.1	1.09	10
1.28	1.14	10
1.53	1.67	10
1.86	1.54	10
2.27	2.23	10
2.95	2.88	10
4.55	4.36	10
7.52	6.35	10
12.52	12.24	10
18.43	19.16	10
31.14	29.66	10
55.56	54.9	10
106.03	101.18	10
198.69	197.01	10
394.44	385.48	10
783.29	760.48	10
1506.27	1482.05	10
2223.25	2195.65	10
2955.29	2910.54	10
3671.37	3632.45	10
4447.7	4327.82	10
5144.78	5075.51	10
5880.03	5747.15	10
6639.35	6463.63	10
1.05	1.05	10
1.11	1.15	10
1.31	1.21	10
1.59	1.66	10
2.48	2.54	10
2.8	4.14	10
3.84	7.06	10
5.25	13.53	10
8.6	25.22	10
14.61	49.16	10
26.33	94.79	10
48.6	191.24	10
92.92	373.79	10
182.99	750.2	10
366.93	1504.92	10
719.24	2987.02	10
1445.51	5953.97	10
2837.88	11591.56	10
4292.32	17614.53	10
5541.56	22984.56	10
6884.98	28518.94	10
8246.49	34220.29	10
9647.91	39887.24	10
10983.8	45317.42	10
12327.06	50947.9	10
0.77	0.81	10
1.01	1.02	10
1.16	0.95	10
1.34	1.49	10
1.7	1.87	10
2.53	2.35	10
3.06	2.78	10
4.34	5.09	10
7.23	6.42	10
12.11	11.85	10
17.65	19.52	10
29.91	30.26	10
51.38	53.52	10
96.63	101.31	10
192.4	196.24	10
367.83	387.47	10
723.41	781.83	10
1386.92	1487.97	10
2055.13	2195.65	10
2750.04	2898.69	10
3385.49	3611.39	10
4036.68	4298.53	10
4697.61	5013.69	10
5338.69	5729.28	10
6037.01	6456.15	10
1.04	1.05	10
0.96	1.15	10
1.23	1.33	10
1.65	1.57	10
2.1	2.62	10
3.36	4.25	10
4.26	6.9	10
4.75	13.24	10
8.58	24.81	10
15.56	49.52	10
25.98	96.3	10
50.87	192.6	10
97.0	381.19	10
188.05	757.24	10
369.03	1510.85	10
720.66	3018.9	10
1445.97	5916.06	10
2808.38	11511.0	10
4330.44	17186.45	10
5602.34	22755.79	10
6825.67	28308.04	10
8196.84	33967.38	10
9538.74	39541.62	10
11135.91	45209.9	10
12185.36	50923.25	10
1.0	0.92	11
1.07	1.05	11
1.39	1.28	11
1.76	1.46	11
2.19	2.56	11
3.02	4.08	11
3.98	7.02	11
5.53	13.43	11
8.25	25.08	11
14.46	48.62	11
24.96	94.53	11
48.09	188.94	11
91.48	373.69	11
181.54	744.63	11
358.5	1479.51	11
723.05	2989.19	11
1452.86	5930.08	11
2779.41	11552.13	11
4168.82	17209.25	11
5527.56	23024.62	11
6963.7	28496.97	11
8454.93	34028.1	11
9581.05	39889.86	11
11064.93	45213.51	11
12301.76	50926.45	11
0.89	0.92	11
1.11	1.04	11
1.14	1.14	11
1.55	1.53	11
1.91	1.84	11
2.46	2.54	11
3.17	2.92	11
4.54	4.86	11
7.01	6.54	11
11.69	11.94	11
19.44	19.36	11
30.41	30.13	11
55.05	53.85	11
104.7	102.67	11
196.66	194.73	11
392.2	383.65	11
769.65	767.8	11
1548.78	1505.54	11
2235.57	2246.35	11
2962.27	2922.87	11
3664.89	3620.01	11
4435.97	4345.0	11
5139.95	5085.53	11
5859.98	5778.5	11
6605.36	6478.06	11
0.95	0.89	11
0.98	0.97	11
1.3	1.06	11
1.63	1.56	11
2.44	2.41	11
2.68	3.89	11
3.66	7.06	11
5.88	13.48	11
8.5	24.92	11
14.4	48.24	11
25.64	94.93	11
48.52	188.58	11
92.12	373.66	11
185.04	740.92	11
361.35	1480.95	11
711.58	2936.71	11
1424.71	5871.08	11
2726.14	11486.64	11
4100.84	17049.8	11
5570.03	22606.31	11
6753.85	28652.44	11
8112.31	33730.22	11
9434.4	39549.3	11
10770.25	45103.53	11
12112.99	50740.07	11
0.75	0.89	11
1.15	1.07	11
1.16	1.1	11
1.51	1.46	11
2.21	1.68	11
2.47	2.34	11
2.95	3.16	11
4.28	4.8	11
6.75	6.99	11
11.57	11.92	11
17.1	19.04	11
29.83	30.9	11
53.51	54.03	11
100.96	105.72	11
189.3	194.13	11
374.83	384.04	11
731.45	783.9	11
1408.38	1489.57	11
2078.77	2193.75	11
2736.53	2918.85	11
3427.98	3605.87	11
4066.3	4327.5	11
4727.1	5040.79	11
5463.54	5751.72	11
6044.61	6478.24	11
0.8	0.86	12
0.83	0.99	12
1.21	1.1	12
1.36	1.5	12
2.06	2.34	12
2.7	4.13	12
3.47	6.65	12
4.07	13.17	12
6.97	25.32	12
12.47	49.96	12
19.71	100.58	12
38.04	200.37	12
73.53	396.62	12
146.23	803.44	12
300.54	1594.47	12
584.46	3121.22	12
1191.3	6334.71	12
2261.92	12238.59	12
3411.64	18068.15	12
4498.77	24062.88	12
5571.26	30021.82	12
6825.01	35828.46	12
7790.77	41709.55	12
8927.79	48282.46	12
10282.21	53721.71	12
1.1	1.05	12
0.93	0.96	12
1.02	0.94	12
1.59	1.46	12
2.16	1.75	12
2.2	2.2	12
2.46	2.29	12
3.85	3.71	12
3.67	4.03	12
5.13	5.98	12
7.74	9.65	12
12.88	13.75	12
21.35	21.57	12
37.66	38.8	12
70.31	71.58	12
132.21	131.21	12
253.08	261.1	12
504.79	506.1	12
768.23	736.71	12
1000.14	1013.93	12
1230.79	1267.12	12
1476.96	1462.11	12
1702.34	1713.13	12
1948.73	1966.13	12
2175.29	2193.86	12
0.86	0.78	12
0.92	0.8	12
1.17	1.19	12
1.38	1.44	12
2.33	2.13	12
2.64	3.92	12
3.12	6.83	12
3.66	12.69	12
6.35	25.6	12
11.25	49.6	12
19.56	98.66	12
38.27	194.03	12
71.98	391.54	12
143.15	783.03	12
286.09	1541.77	12
578.31	3155.12	12
1178.15	6289.13	12
2239.89	12230.45	12
3321.21	17925.03	12
4485.31	23810.95	12
5455.04	29632.68	12
6529.49	35873.25	12
7672.1	41395.49	12
8766.85	47273.14	12
9798.75	53242.85	12
0.96	1.0	12
0.96	1.08	12
1.05	1.06	12
1.53	1.33	12
2.15	1.9	12
2.59	2.6	12
2.47	2.35	12
3.39	3.44	12
3.46	3.77	12
6.0	5.93	12
8.63	8.31	12
13.25	13.41	12
20.31	21.4	12
37.54	39.39	12
68.79	70.14	12
130.67	134.62	12
259.17	259.28	12
481.99	504.07	12
736.25	741.24	12
962.09	980.64	12
1197.89	1233.94	12
1465.76	1530.85	12
1674.07	1755.97	12
1935.78	2008.12	12
2142.68	2214.11	12
0.94	0.57	13
0.81	0.69	13
1.07	1.02	13
1.84	1.35	13
2.54	2.71	13
4.87	5.02	13
6.41	6.79	13
10.47	10.43	13
11.52	11.3	13
9.89	11.83	13
12.89	11.17	13
12.91	11.25	13
14.15	14.97	13
16.66	14.8	13
18.4	15.66	13
25.37	22.32	13
39.87	32.65	13
70.54	47.86	13
120.69	81.35	13
234.51	144.17	13
448.85	268.62	13
668.83	392.34	13
838.23	516.11	13
1091.1	625.39	13
1297.51	739.87	13
1558.49	873.38	13
1748.46	995.18	13
1968.57	1108.14	13
0.77	0.65	13
0.7	0.8	13
2.03	1.13	13
1.56	1.5	13
2.66	2.43	13
4.66	4.23	13
6.89	7.59	13
7.23	9.62	13
12.66	16.23	13
14.08	16.41	13
13.04	20.07	13
15.79	23.45	13
16.52	34.31	13
22.73	50.46	13
36.76	82.17	13
60.56	156.41	13
95.68	295.97	13
189.9	571.85	13
367.17	1136.52	13
715.22	2256.94	13
1376.06	4368.65	13
2055.35	6474.07	13
2714.21	8618.06	13
3399.46	10792.56	13
4128.63	12807.4	13
4684.94	14946.53	13
5358.09	17016.76	13
6327.27	19123.44	13
0.59	0.67	13
0.74	0.78	13
1.02	1.01	13
1.66	1.48	13
2.74	2.71	13
3.91	4.62	13
6.56	8.48	13
8.49	10.37	13
9.85	13.85	13
10.37	13.21	13
12.94	12.52	13
11.15	13.12	13
10.26	13.92	13
15.7	17.02	13
21.66	18.28	13
25.67	21.26	13
45.19	30.67	13
72.32	48.34	13
123.5	78.57	13
224.49	149.0	13
458.69	264.07	13
617.31	382.81	13
813.99	509.47	13
1020.03	618.18	13
1182.23	752.28	13
1533.41	896.69	13
1602.59	1015.36	13
1770.06	1117.25	13
0.67	0.66	13
0.73	0.76	13
1.15	1.0	13
1.72	1.66	13
2.63	2.67	13
4.01	4.48	13
7.64	7.74	13
7.54	10.98	13
15.37	13.34	13
14.15	16.88	13
15.02	19.5	13
16.53	23.36	13
17.94	31.58	13
21.57	48.38	13
34.13	85.96	13
54.96	153.73	13
95.79	295.42	13
186.41	575.66	13
362.09	1139.2	13
700.12	2289.43	13
1320.4	4325.35	13
1941.35	6431.61	13
2654.28	8524.01	13
3185.52	10614.57	13
3916.08	12730.31	13
4430.02	14787.28	13
5080.41	16889.37	13
5694.29	19205.4	13
0.64	0.67	14
0.85	0.79	14
1.26	1.25	14
1.86	1.67	14
2.69	2.91	14
4.33	4.32	14
5.36	7.16	14
7.76	12.85	14
10.82	11.53	14
10.32	13.79	14
16.38	14.84	14
14.49	17.39	14
17.65	18.82	14
23.76	23.67	14
31.36	33.08	14
56.22	49.87	14
93.84	85.38	14
174.93	152.97	14
333.71	296.49	14
663.7	570.55	14
1264.22	1115.07	14
1875.15	1654.57	14
2464.7	2136.06	14
3055.36	2677.81	14
3678.21	3175.12	14
4275.15	3695.78	14
5059.03	4216.1	14
5469.68	4754.88	14
0.68	0.61	14
0.96	1.01	14
1.29	1.21	14
1.61	1.64	14
2.87	2.84	14
5.12	5.28	14
7.14	9.32	14
9.13	11.45	14
12.63	12.49	14
10.16	15.49	14
13.71	15.38	14
13.78	18.46	14
13.48	26.57	14
17.66	42.41	14
30.38	73.42	14
48.44	133.9	14
83.62	249.72	14
147.99	481.27	14
288.27	958.49	14
571.67	1879.77	14
1072.15	3634.58	14
1608.21	5337.69	14
2090.33	7186.51	14
2665.16	8794.8	14
3088.43	10594.27	14
3620.47	12214.26	14
4148.62	13945.87	14
4578.24	15613.62	14
0.68	0.64	14
0.77	0.7	14
1.09	1.11	14
1.49	1.76	14
2.64	2.61	14
3.96	4.43	14
6.85	7.47	14
6.49	10.85	14
12.2	15.0	14
13.88	14.55	14
15.75	16.0	14
15.11	15.34	14
18.18	17.15	14
18.88	23.76	14
34.49	30.79	14
51.59	49.26	14
95.01	83.68	14
172.0	157.01	14
344.82	296.39	14
636.82	573.7	14
1265.51	1109.55	14
1856.36	1650.05	14
2440.33	2141.61	14
2994.17	2659.01	14
3567.71	3169.61	14
4143.92	3686.99	14
4898.76	4258.01	14
5299.11	4716.12	14
0.72	0.69	14
1.02	0.81	14
1.34	1.2	14
1.7	1.73	14
2.97	2.72	14
4.28	4.65	14
7.68	7.62	14
9.33	9.27	14
10.21	14.6	14
12.44	14.83	14
14.37	16.72	14
15.14	21.06	14
16.93	25.55	14
20.26	41.72	14
30.52	71.62	14
47.73	130.15	14
80.86	243.28	14
148.91	468.87	14
284.72	930.12	14
550.81	1836.24	14
1059.42	3585.46	14
1564.95	5289.0	14
2107.28	7019.45	14
2558.37	9036.63	14
3066.17	10437.2	14
3734.75	12112.09	14
4059.84	13882.23	14
4596.99	15531.03	14
0.62	0.67	15
0.79	0.86	15
1.05	1.36	15
1.67	1.69	15
2.83	2.98	15
4.98	4.57	15
7.13	7.19	15
7.25	11.62	15
12.09	12.38	15
10.06	13.68	15
10.12	16.45	15
21.6	17.75	15
17.67	26.85	15
21.48	42.54	15
29.0	73.09	15
46.88	131.52	15
79.97	247.13	15
150.22	484.13	15
279.91	945.93	15
549.27	1845.38	15
1057.71	3578.55	15
1565.59	5323.37	15
2065.5	7037.27	15
2587.97	8770.41	15
3067.17	10516.12	15
3569.19	12222.74	15
4117.87	14360.67	15
4611.81	15674.72	15
0.64	0.7	15
0.83	0.76	15
1.13	1.05	15
1.72	1.84	15
2.72	2.67	15
4.6	4.65	15
5.22	8.36	15
9.69	11.55	15
11.14	14.57	15
14.36	16.39	15
13.88	14.89	15
14.96	18.91	15
17.74	19.3	15
18.59	23.11	15
35.28	31.94	15
52.46	51.86	15
94.8	87.08	15
179.47	151.94	15
339.34	300.42	15
667.14	576.75	15
1257.93	1116.04	15
1875.15	1628.87	15
2473.68	2144.96	15
3081.93	2675.53	15
3684.16	3206.81	15
4307.16	3710.21	15
4952.67	4254.68	15
5471.95	4801.82	15
0.67	0.62	15
0.82	0.89	15
1.1	1.05	15
1.82	1.5	15
2.79	2.82	15
4.94	4.74	15
6.21	7.4	15
10.15	9.41	15
14.61	12.74	15
11.46	16.45	15
11.6	16.45	15
15.28	20.71	15
17.24	29.21	15
21.92	42.21	15
28.69	70.96	15
48.63	131.21	15
83.47	245.66	15
149.97	471.69	15
288.25	935.36	15
557.93	1825.98	15
1077.27	3544.13	15
1544.6	5334.5	15
2054.11	7058.22	15
2541.49	8661.52	15
3074.51	10415.43	15
3551.06	12117.27	15
4055.9	13819.0	15
4540.72	15546.9	15
0.74	0.73	15
1.01	0.8	15
1.07	1.29	15
1.53	1.75	15
2.67	2.7	15
4.48	4.67	15
7.97	7.6	15
10.5	11.64	15
10.75	14.26	15
11.69	15.93	15
14.02	16.43	15
13.99	17.63	15
17.54	18.18	15
24.08	23.97	15
35.17	33.11	15
53.78	51.66	15
99.3	86.76	15
176.17	156.98	15
336.65	295.17	15
645.85	573.26	15
1238.51	1103.42	15
1822.24	1621.84	15
2405.14	2148.05	15
3021.72	2663.84	15
3577.72	3224.68	15
4162.23	3711.53	15
4793.45	4214.06	15
5334.21	4770.99	15
0.59	0.59	16
0.72	0.68	16
1.03	1.07	16
1.53	1.62	16
2.9	2.73	16
4.65	4.61	16
7.32	7.74	16
4.56	11.09	16
11.09	14.83	16
13.43	14.87	16
14.63	18.05	16
14.9	23.1	16
20.85	32.51	16
26.28	51.49	16
34.2	86.97	16
60.66	157.76	16
106.45	301.44	16
195.46	591.73	16
366.39	1160.57	16
723.55	2257.59	16
1382.64	4367.11	16
2047.37	6496.03	16
2723.4	8605.79	16
3469.66	10740.47	16
4122.44	12834.21	16
4740.49	15042.59	16
5386.35	17037.59	16
6024.8	19328.43	16
0.59	0.58	16
0.71	0.77	16
1.22	0.93	16
1.81	1.83	16
2.7	3.0	16
5.17	4.96	16
5.84	7.28	16
10.17	10.14	16
7.52	10.64	16
10.84	12.09	16
13.22	11.05	16
9.71	13.69	16
10.34	14.36	16
17.16	18.74	16
19.89	19.39	16
28.24	21.57	16
42.94	30.55	16
67.62	50.68	16
127.21	78.13	16
237.78	144.23	16
438.84	272.95	16
656.3	398.35	16
870.5	525.62	16
1081.8	674.96	16
1303.0	763.66	16
1527.59	895.06	16
1758.73	1017.1	16
1984.91	1112.13	16
0.65	0.57	16
0.66	0.65	16
0.97	0.91	16
1.49	1.93	16
2.63	2.54	16
4.44	3.76	16
6.37	6.66	16
10.84	10.7	16
11.42	14.62	16
14.19	17.03	16
13.24	18.62	16
14.64	23.64	16
19.66	32.19	16
23.82	51.81	16
36.35	84.17	16
59.9	157.41	16
106.53	302.45	16
182.73	574.39	16
354.26	1130.21	16
696.7	2263.97	16
1304.53	4393.75	16
1932.65	6425.28	16
2577.38	8510.87	16
3208.98	10758.4	16
3913.04	12711.31	16
4448.98	14807.76	16
5146.18	16900.84	16
5869.04	19053.64	16
0.58	0.58	16
0.72	0.73	16
1.06	0.97	16
1.55	1.74	16
2.52	2.51	16
4.17	5.11	16
5.54	6.77	16
8.58	9.32	16
11.19	12.02	16
11.56	12.04	16
13.32	12.86	16
11.06	13.76	16
12.47	14.83	16
13.69	15.07	16
19.6	17.97	16
29.61	23.55	16
44.18	30.82	16
74.19	45.98	16
133.24	79.88	16
239.92	146.82	16
421.32	277.54	16
611.16	389.15	16
838.73	530.24	16
1021.15	641.47	16
1214.32	758.62	16
1394.16	876.78	16
1578.18	1023.44	16
1779.57	1121.41	16
0.77	0.73	17
1.0	1.02	17
1.46	1.74	17
2.36	2.39	17
4.02	3.97	17
6.41	6.01	17
8.06	8.56	17
11.78	12.63	17
10.53	12.9	17
14.47	11.62	17
14.22	13.41	17
13.15	13.15	17
17.51	15.47	17
18.49	17.37	17
24.92	22.5	17
35.77	31.16	17
60.69	49.09	17
106.52	86.2	17
200.69	154.03	17
383.04	302.54	17
728.34	578.89	17
1083.6	838.68	17
1431.34	1110.48	17
1812.11	1382.29	17
2134.89	1681.49	17
2501.36	1912.04	17
2837.08	2176.24	17
3202.89	2457.05	17
0.73	0.71	17
0.98	0.93	17
1.46	1.36	17
2.33	2.41	17
3.25	4.08	17
6.29	6.99	17
7.19	8.71	17
7.94	14.96	17
11.72	16.27	17
13.54	18.18	17
16.06	25.51	17
20.65	37.01	17
24.8	57.51	17
36.68	104.76	17
60.23	197.04	17
107.74	382.37	17
204.1	743.74	17
391.82	1467.7	17
772.8	2898.41	17
1515.92	5780.33	17
2968.98	11446.63	17
4398.59	16914.7	17
5796.94	22219.45	17
7332.64	27716.13	17
8666.75	33420.39	17
10109.32	38648.34	17
11557.4	44119.98	17
13287.12	49571.38	17
0.65	0.65	17
0.83	0.9	17
1.49	1.27	17
2.15	2.16	17
3.17	4.04	17
6.25	6.34	17
8.5	9.07	17
12.39	13.16	17
10.23	12.44	17
13.09	13.5	17
11.67	12.66	17
13.21	13.63	17
10.85	15.31	17
17.96	18.08	17
25.55	21.94	17
34.13	29.96	17
60.23	50.46	17
103.39	83.04	17
198.66	155.47	17
347.72	286.07	17
663.43	552.21	17
982.41	834.61	17
1317.73	1088.16	17
1616.41	1386.97	17
1909.77	1642.96	17
2255.4	1894.4	17
2603.65	2220.11	17
2856.54	2431.35	17
0.69	0.69	17
0.99	0.92	17
1.38	1.42	17
2.07	2.23	17
3.97	3.86	17
7.89	6.19	17
9.41	8.97	17
9.18	12.1	17
13.37	18.43	17
12.88	19.38	17
15.92	25.94	17
14.72	36.88	17
25.99	57.7	17
37.21	103.78	17
59.59	195.19	17
104.96	383.31	17
200.72	735.38	17
394.26	1467.73	17
774.64	2947.94	17
1501.44	5750.21	17
2884.98	11215.97	17
4321.95	16659.44	17
5659.9	22102.81	17
7220.31	27507.74	17
8423.2	33164.99	17
9968.84	38709.94	17
11486.8	43826.92	17
12636.74	49293.13	17
0.71	0.78	18
1.0	0.93	18
1.47	1.39	18
2.55	2.48	18
4.17	3.91	18
5.61	6.67	18
8.99	9.3	18
10.37	13.61	18
11.25	13.17	18
13.79	14.21	18
14.43	13.73	18
18.5	17.82	18
19.82	19.85	18
27.88	26.91	18
43.01	40.58	18
72.63	67.61	18
129.26	119.62	18
246.14	219.41	18
482.41	421.19	18
941.67	833.36	18
1822.93	1597.39	18
2680.17	2349.62	18
3584.03	3126.79	18
4438.07	3880.71	18
5328.28	4648.7	18
6203.22	5418.32	18
7148.19	6190.75	18
7970.02	6953.78	18
0.85	0.84	18
1.01	1.04	18
1.51	1.42	18
2.34	2.36	18
3.62	3.84	18
4.57	6.31	18
8.01	8.15	18
12.62	11.91	18
14.4	15.19	18
13.72	17.85	18
14.86	23.47	18
18.87	32.47	18
24.85	54.69	18
33.37	95.62	18
56.99	175.79	18
96.4	345.38	18
183.22	664.89	18
347.22	1328.93	18
687.47	2663.49	18
1360.27	5300.85	18
2654.62	10343.59	18
3941.55	15287.82	18
5216.67	20291.84	18
6811.35	25751.59	18
7972.62	30715.35	18
9271.8	35207.83	18
10341.57	40385.41	18
11593.36	45076.33	18
0.78	0.74	18
0.91	1.01	18
1.41	1.42	18
2.29	2.26	18
3.7	3.73	18
4.77	6.45	18
9.21	10.21	18
13.51	12.31	18
13.34	13.3	18
11.94	13.76	18
13.7	16.04	18
16.88	16.9	18
16.74	21.28	18
28.46	25.96	18
42.09	39.8	18
71.82	66.23	18
131.12	114.17	18
240.01	219.93	18
466.74	427.98	18
915.26	830.17	18
1749.37	1613.4	18
2578.75	2378.49	18
3476.49	3158.02	18
4279.76	3874.17	18
5068.17	4656.74	18
5887.56	5389.63	18
6695.69	6171.86	18
7497.91	6931.73	18
0.73	0.77	18
1.08	1.07	18
1.73	1.39	18
2.31	2.39	18
3.31	3.99	18
5.81	6.27	18
8.28	8.8	18
8.94	11.42	18
13.26	15.48	18
12.54	18.49	18
17.08	21.96	18
18.39	34.83	18
21.21	53.9	18
35.78	95.37	18
55.01	183.03	18
102.0	344.52	18
185.49	682.41	18
349.73	1345.42	18
699.34	2645.5	18
1377.88	5324.1	18
2626.24	10312.74	18
3915.99	15121.72	18
5100.25	20375.2	18
6396.32	25046.35	18
7661.97	30051.1	18
8898.66	35182.87	18
10193.31	39879.98	18
11466.17	44838.89	18
0.72	0.8	19
1.0	0.99	19
1.47	1.6	19
2.31	2.52	19
3.99	4.09	19
6.42	6.66	19
7.35	8.84	19
10.69	13.2	19
13.35	15.27	19
14.95	18.07	19
14.6	23.98	19
19.54	33.65	19
26.31	54.07	19
37.44	97.54	19
55.03	181.72	19
98.98	350.43	19
183.35	680.57	19
353.01	1336.65	19
682.58	2642.56	19
1349.01	5248.97	19
2617.27	10225.45	19
3920.56	15233.49	19
5198.72	20191.07	19
6471.44	25156.97	19
7767.43	30165.01	19
9057.25	35078.96	19
10313.55	40054.04	19
11569.9	45994.3	19
0.7	0.81	19
0.98	1.07	19
1.52	1.62	19
2.4	2.29	19
3.66	3.66	19
6.82	6.18	19
6.07	9.24	19
12.65	12.69	19
14.54	12.98	19
14.49	14.53	19
15.31	15.03	19
14.28	16.95	19
20.84	20.96	19
26.57	24.48	19
44.38	40.66	19
70.48	67.65	19
128.98	118.89	19
249.61	219.47	19
473.78	421.06	19
943.85	826.07	19
1807.39	1593.25	19
2723.84	2362.13	19
3561.47	3162.65	19
4491.94	3913.68	19
5326.79	4675.21	19
6250.09	5436.46	19
7073.97	6266.02	19
7933.72	6976.94	19
0.68	0.76	19
0.95	1.01	19
1.44	1.45	19
2.21	2.34	19
4.08	4.22	19
6.55	6.42	19
8.74	9.95	19
14.1	13.45	19
12.42	14.86	19
12.11	16.93	19
12.86	24.2	19
17.12	32.85	19
23.69	52.96	19
31.9	95.52	19
53.73	179.88	19
96.78	345.79	19
178.81	681.76	19
341.78	1323.59	19
673.64	2629.22	19
1331.33	5192.16	19
2580.94	10084.61	19
3836.19	15043.13	19
5094.63	19965.75	19
6339.65	24899.78	19
7619.17	29841.63	19
8882.68	35131.96	19
10130.52	40489.9	19
11323.51	45102.19	19
0.77	0.79	19
1.19	0.99	19
1.64	1.46	19
2.25	2.15	19
3.48	3.97	19
6.78	6.2	19
10.13	9.74	19
10.08	13.64	19
11.31	12.57	19
15.71	19.51	19
13.14	14.21	19
13.82	17.07	19
20.71	19.25	19
28.2	26.24	19
43.76	41.1	19
70.95	65.69	19
129.56	115.08	19
245.59	217.51	19
493.77	419.61	19
909.92	833.1	19
1735.64	1590.54	19
2598.54	2366.35	19
3416.31	3133.99	19
4317.98	3889.57	19
5108.86	4653.38	19
5929.29	5412.38	19
6871.76	6175.79	19
7611.62	6957.13	19
0.71	0.69	20
0.87	0.86	20
1.3	1.33	20
2.22	2.17	20
3.88	3.64	20
5.39	6.61	20
7.67	9.27	20
11.89	11.77	20
15.39	15.28	20
14.22	18.29	20
16.6	24.13	20
20.04	35.62	20
26.04	60.41	20
34.11	102.99	20
60.79	190.79	20
108.55	373.16	20
200.08	729.23	20
393.27	1450.02	20
765.68	2873.48	20
1572.28	5790.53	20
3098.47	11226.98	20
4396.07	16712.17	20
5956.6	22091.46	20
7214.11	27446.76	20
8623.54	32704.18	20
10038.78	38047.25	20
11483.93	43472.28	20
12909.73	48789.24	20
0.7	0.66	20
0.86	0.89	20
1.49	1.42	20
2.27	2.32	20
3.78	3.71	20
6.49	6.22	20
8.31	9.46	20
10.72	11.35	20
11.42	16.04	20
9.33	12.67	20
9.81	12.1	20
13.67	14.59	20
15.65	15.26	20
18.73	18.73	20
27.17	24.18	20
36.49	31.48	20
61.28	48.67	20
107.7	90.87	20
198.91	159.48	20
383.66	298.83	20
742.92	556.06	20
1085.51	823.74	20
1465.18	1100.19	20
1782.64	1389.26	20
2139.9	1651.4	20
2475.31	1914.84	20
2886.05	2172.59	20
3171.81	2464.14	20
0.63	0.62	20
0.84	0.83	20
1.36	1.36	20
2.03	2.12	20
3.38	3.72	20
5.65	5.92	20
7.29	8.87	20
13.06	12.67	20
13.69	15.35	20
12.74	18.41	20
15.97	21.75	20
17.95	36.91	20
25.17	58.04	20
33.14	100.47	20
55.73	191.43	20
103.42	368.5	20
194.49	719.92	20
381.09	1431.49	20
748.84	2841.02	20
1475.56	5663.86	20
2839.42	10980.91	20
4195.29	16321.72	20
5583.7	21684.08	20
6976.44	27035.56	20
8338.57	32422.42	20
9705.66	37804.85	20
11352.85	43426.04	20
12460.56	48811.37	20
0.69	0.76	20
0.9	0.99	20
1.39	1.34	20
2.14	2.32	20
3.72	4.01	20
5.66	6.18	20
7.76	8.29	20
8.18	10.13	20
10.12	11.18	20
10.19	13.45	20
12.74	13.24	20
9.46	14.42	20
14.8	16.68	20
17.29	18.08	20
24.83	24.27	20
40.87	31.74	20
59.61	50.88	20
106.57	89.79	20
187.55	157.54	20
343.76	298.62	20
660.04	561.04	20
983.25	839.09	20
1352.12	1101.04	20
1626.86	1357.73	20
1936.44	1655.69	20
2260.63	1916.91	20
2551.55	2183.6	20
2871.54	2453.88	20
