0.96	0.7	1
1.35	1.44	1
1.64	1.87	1
2.6	3.13	1
4.25	4.46	1
6.33	6.98	1
6.29	5.97	1
8.5	10.54	1
9.87	8.83	1
14.56	14.83	1
25.47	24.62	1
46.49	44.44	1
82.75	80.3	1
165.38	161.09	1
323.12	320.34	1
629.35	626.89	1
1221.53	1196.35	1
1925.99	1906.14	1
2276.55	2328.37	1
2515.97	2497.92	1
2738.57	2717.49	1
2968.84	2946.71	1
3125.26	3134.0	1
3399.03	3392.8	1
3560.52	3544.9	1
0.76	1.0	1
1.15	1.14	1
1.47	1.59	1
2.32	2.36	1
4.14	2.64	1
4.88	5.48	1
5.77	4.89	1
8.78	6.32	1
10.96	10.76	1
19.12	19.9	1
32.94	32.99	1
61.58	61.32	1
118.59	122.07	1
235.02	234.96	1
444.61	465.94	1
895.71	905.21	1
1723.32	1699.7	1
2710.56	2779.88	1
3341.83	3318.49	1
3948.77	3903.37	1
4461.74	4574.61	1
5135.59	5110.82	1
5635.45	5688.88	1
6028.19	6044.2	1
6499.57	6493.69	1
0.76	0.75	1
1.17	0.91	1
1.87	1.64	1
2.9	2.63	1
5.47	4.16	1
4.38	4.63	1
4.77	6.38	1
7.84	8.23	1
9.98	11.28	1
14.84	13.65	1
25.38	23.85	1
47.35	47.18	1
90.34	87.65	1
175.44	185.09	1
316.54	324.97	1
633.65	620.02	1
1233.2	1244.44	1
2000.13	1952.69	1
2213.24	2209.38	1
2468.43	2475.44	1
2709.48	2677.74	1
2895.17	2860.35	1
3042.62	3033.17	1
3210.93	3227.1	1
3377.87	3390.21	1
0.85	0.85	1
1.0	0.89	1
1.34	1.62	1
2.41	2.19	1
4.11	3.09	1
5.19	4.9	1
6.03	4.54	1
6.84	5.97	1
12.11	12.13	1
18.72	17.87	1
33.76	35.04	1
63.81	63.46	1
120.95	121.56	1
235.71	236.07	1
445.36	462.33	1
868.11	896.33	1
1700.66	1663.91	1
2722.24	2623.83	1
3301.41	3321.16	1
3781.33	3795.94	1
4329.81	4365.58	1
4867.13	4882.93	1
5380.85	5364.89	1
5846.01	5824.49	1
6296.6	6287.51	1
1.04	0.99	2
1.31	1.46	2
1.97	1.86	2
3.28	2.7	2
4.99	4.51	2
5.85	4.38	2
6.13	6.27	2
7.16	8.06	2
12.03	12.32	2
18.48	20.46	2
34.36	33.88	2
65.56	62.35	2
122.72	123.32	2
247.75	248.14	2
487.59	481.15	2
894.27	900.79	2
1737.87	1766.59	2
2703.1	2665.09	2
3381.84	3359.65	2
3854.78	3846.9	2
4429.66	4475.0	2
4915.59	4917.1	2
5457.57	5431.36	2
5953.44	5938.88	2
6480.69	6455.41	2
1.07	1.12	2
1.32	1.94	2
2.3	2.22	2
3.79	3.86	2
6.85	6.27	2
6.24	6.79	2
7.61	6.74	2
9.07	9.62	2
10.81	9.85	2
20.28	16.01	2
26.97	27.8	2
48.32	47.49	2
84.21	86.2	2
168.09	168.2	2
309.9	323.72	2
622.14	623.36	2
1213.45	1237.7	2
1916.52	1958.8	2
2215.81	2279.82	2
2579.28	2577.85	2
2757.29	2749.46	2
2968.16	2980.05	2
3162.06	3180.73	2
3367.63	3375.73	2
3515.97	3530.4	2
0.81	0.85	2
1.27	1.12	2
1.75	1.72	2
2.98	2.81	2
4.0	4.04	2
4.13	5.92	2
5.6	6.22	2
6.76	9.03	2
11.09	11.18	2
19.16	19.35	2
34.17	31.68	2
62.03	65.35	2
120.31	125.83	2
241.34	240.57	2
453.1	456.61	2
880.88	881.6	2
1697.98	1718.05	2
2597.92	2609.64	2
3273.12	3199.32	2
3695.96	3726.4	2
4238.29	4206.6	2
4704.62	4733.9	2
5252.05	5229.67	2
5706.22	5741.07	2
6250.17	6230.97	2
1.08	0.89	2
1.4	1.5	2
2.05	2.3	2
3.99	3.44	2
6.05	5.6	2
3.93	8.39	2
8.79	5.91	2
8.26	9.5	2
11.47	12.8	2
18.5	18.84	2
25.6	26.06	2
48.35	48.86	2
84.61	92.14	2
170.16	168.54	2
321.75	321.21	2
621.13	621.53	2
1182.28	1227.7	2
1889.01	1906.8	2
2196.37	2192.33	2
2463.12	2498.97	2
2695.4	2692.8	2
2922.83	2939.91	2
3112.19	3176.81	2
3290.3	3328.48	2
3526.02	3555.9	2
0.99	1.02	3
1.43	1.3	3
2.24	2.06	3
3.55	3.2	3
5.38	4.31	3
5.6	6.69	3
9.69	5.71	3
10.23	10.61	3
10.43	12.67	3
16.37	16.53	3
27.15	26.51	3
47.9	47.82	3
87.87	84.4	3
170.18	164.41	3
313.55	316.86	3
636.43	608.6	3
1159.99	1193.56	3
1922.61	1908.01	3
2216.4	2216.87	3
2536.69	2558.87	3
2737.14	2781.0	3
2987.28	2947.27	3
3223.62	3173.7	3
3335.45	3338.11	3
3490.67	3611.49	3
1.0	0.82	3
1.15	1.18	3
1.82	1.94	3
3.06	2.86	3
4.69	3.56	3
5.24	6.41	3
7.92	6.2	3
9.4	8.55	3
12.25	10.46	3
19.11	18.94	3
32.74	33.27	3
62.98	64.24	3
121.77	122.95	3
244.25	245.15	3
482.63	480.07	3
909.12	918.59	3
1728.49	1727.35	3
2774.34	2764.12	3
3313.26	3304.33	3
3876.22	3840.5	3
4400.17	4409.67	3
4935.19	4940.0	3
5468.88	5460.46	3
6089.31	5991.26	3
6469.98	6463.52	3
1.37	0.95	3
1.26	1.44	3
2.18	2.02	3
3.34	2.78	3
3.87	4.8	3
5.39	7.36	3
5.8	7.43	3
8.85	10.62	3
10.06	13.23	3
17.52	17.53	3
27.43	25.97	3
46.39	47.32	3
81.19	84.99	3
166.64	162.27	3
333.65	318.95	3
610.21	624.61	3
1218.88	1231.72	3
1912.22	1967.96	3
2198.97	2158.59	3
2499.09	2453.38	3
2684.95	2699.67	3
2916.12	2895.75	3
3112.09	3101.22	3
3273.32	3268.79	3
3394.44	3410.37	3
0.98	0.88	3
1.25	1.23	3
1.92	1.88	3
3.04	2.92	3
5.08	3.95	3
5.24	5.55	3
6.07	7.13	3
8.89	6.45	3
13.9	12.24	3
20.64	19.2	3
35.62	34.32	3
63.33	62.74	3
120.28	120.07	3
238.99	238.5	3
454.61	454.92	3
881.06	881.92	3
1694.17	1697.37	3
2637.89	2604.83	3
3156.04	3177.94	3
3730.01	3732.16	3
4273.03	4219.61	3
4871.01	4848.25	3
5269.52	5247.66	3
5788.77	5882.24	3
6267.19	6424.75	3
0.86	0.92	4
1.22	1.22	4
1.78	1.76	4
2.79	2.77	4
3.99	4.36	4
5.81	6.42	4
6.86	5.53	4
8.1	9.61	4
13.47	12.43	4
20.62	19.56	4
33.48	32.81	4
61.7	62.72	4
121.98	123.07	4
237.28	239.64	4
460.42	466.91	4
937.45	941.46	4
1737.06	1710.47	4
2711.82	2666.1	4
3304.35	3277.46	4
3851.72	3910.67	4
4451.5	4436.91	4
4984.85	4993.85	4
5474.86	5506.35	4
6013.2	5987.07	4
6585.59	6564.27	4
1.0	1.08	4
1.38	1.57	4
2.19	2.31	4
4.18	3.4	4
5.59	5.84	4
7.78	7.45	4
8.48	7.36	4
8.68	10.24	4
11.35	14.15	4
19.71	19.31	4
30.68	27.3	4
49.53	55.68	4
93.47	90.7	4
165.23	167.85	4
314.12	318.44	4
625.34	615.11	4
1208.42	1161.75	4
1941.74	1935.36	4
2280.77	2252.88	4
2531.64	2561.7	4
2737.0	2755.68	4
3011.7	2951.33	4
3143.22	3142.69	4
3461.18	3494.83	4
3478.65	3473.59	4
0.92	0.83	4
1.47	1.1	4
1.75	1.64	4
2.92	2.14	4
3.86	2.96	4
4.4	4.97	4
6.19	4.85	4
6.69	8.51	4
11.9	10.3	4
19.45	19.19	4
33.1	34.46	4
62.96	62.34	4
116.72	119.85	4
235.88	234.68	4
447.99	458.63	4
925.29	915.12	4
1639.32	1662.14	4
2588.93	2576.19	4
3200.34	3200.36	4
3752.62	3769.26	4
4321.94	4298.58	4
4844.61	4809.62	4
5447.35	5369.75	4
5803.62	5798.08	4
6219.31	6221.1	4
0.86	0.91	4
1.5	1.42	4
2.13	2.34	4
2.07	3.88	4
5.3	4.88	4
8.32	7.39	4
7.39	7.11	4
6.99	9.26	4
12.64	11.4	4
16.17	17.0	4
25.26	28.01	4
49.97	49.14	4
90.83	87.46	4
166.21	166.06	4
321.69	322.12	4
649.71	647.49	4
1179.43	1174.14	4
1922.52	1906.9	4
2233.52	2213.9	4
2474.41	2485.48	4
2689.26	2658.43	4
2883.01	2910.91	4
3081.06	3014.59	4
3240.73	3276.51	4
3378.3	3366.49	4
1.15	1.21	5
1.13	1.13	5
1.15	1.04	5
1.16	1.43	5
1.79	1.65	5
1.87	2.91	5
1.64	1.78	5
2.75	2.76	5
3.15	3.14	5
4.33	3.91	5
5.84	5.6	5
8.41	8.55	5
11.72	11.99	5
21.05	19.75	5
35.29	35.3	5
61.64	61.62	5
122.72	119.03	5
224.84	223.91	5
314.81	314.37	5
428.86	433.09	5
527.28	562.13	5
618.98	628.91	5
735.58	714.19	5
848.85	830.4	5
993.94	995.59	5
1.11	1.09	5
1.11	1.15	5
1.19	1.09	5
1.37	1.43	5
1.64	1.59	5
2.26	1.85	5
2.94	3.29	5
5.64	4.35	5
10.18	8.3	5
19.38	19.47	5
31.54	38.66	5
73.95	74.16	5
122.85	100.46	5
296.01	244.3	5
484.32	489.08	5
973.1	978.84	5
1607.38	1596.81	5
4545.9	4552.31	5
6831.51	5739.41	5
7448.25	9004.22	5
9351.95	11179.82	5
13337.69	11109.42	5
10317.01	15549.8	5
14791.86	17815.4	5
16594.17	19904.14	5
0.97	1.11	5
0.97	1.01	5
0.93	1.07	5
1.11	1.03	5
1.38	1.48	5
2.06	1.5	5
1.81	2.01	5
2.83	2.4	5
3.75	2.87	5
4.76	4.79	5
6.89	5.74	5
8.61	8.98	5
12.53	13.45	5
20.22	24.61	5
40.38	33.84	5
67.49	60.7	5
146.0	143.84	5
316.54	297.78	5
340.86	342.75	5
432.5	424.67	5
511.4	507.79	5
608.4	609.57	5
724.27	738.99	5
865.02	989.98	5
1135.53	1116.81	5
1.11	1.18	5
1.2	1.14	5
1.26	1.09	5
1.47	1.28	5
1.75	1.68	5
2.07	2.35	5
3.51	4.13	5
4.69	5.48	5
9.21	10.8	5
18.48	21.16	5
32.81	39.95	5
63.6	53.89	5
125.31	124.45	5
250.91	245.83	5
486.71	393.87	5
1016.1	1016.76	5
1926.36	1929.66	5
4512.8	3065.33	5
7058.85	6715.66	5
9208.5	7453.41	5
9293.15	7610.74	5
13465.05	11022.27	5
10277.71	13088.64	5
11727.45	17699.13	5
20480.36	20158.2	5
1.01	1.11	6
1.35	1.14	6
1.19	1.14	6
1.24	1.15	6
1.42	1.47	6
2.03	2.12	6
2.4	2.76	6
3.54	3.68	6
4.55	4.62	6
8.28	7.12	6
13.13	14.1	6
23.87	23.63	6
41.73	41.27	6
75.03	75.89	6
141.38	144.62	6
275.06	273.75	6
551.75	556.99	6
1060.1	1053.07	6
1545.9	1565.62	6
2041.59	2074.64	6
2556.93	2535.89	6
3008.05	3012.66	6
3510.33	3604.82	6
4004.81	4022.72	6
4619.42	4561.37	6
1.01	0.99	6
1.02	1.22	6
1.62	1.23	6
1.49	1.35	6
2.0	1.82	6
2.31	2.38	6
3.44	3.55	6
4.26	5.76	6
8.19	9.48	6
18.89	15.94	6
32.79	33.62	6
65.83	65.84	6
105.98	84.56	6
167.4	255.14	6
506.78	328.85	6
1003.96	643.91	6
2006.32	1652.26	6
3218.24	2514.99	6
3720.85	4787.13	6
7726.54	7702.02	6
9642.57	9620.76	6
11537.84	11494.88	6
13597.0	13449.38	6
12678.29	12619.45	6
10996.58	11017.29	6
1.05	1.0	6
1.03	1.03	6
0.99	1.19	6
1.36	1.42	6
1.41	1.41	6
1.86	1.81	6
2.57	2.3	6
3.57	3.75	6
4.42	4.8	6
8.73	8.36	6
15.96	15.67	6
26.17	23.61	6
42.38	42.76	6
84.32	74.7	6
142.42	154.73	6
281.28	279.86	6
563.32	544.37	6
1100.4	1039.42	6
1561.06	1607.36	6
2199.52	2033.52	6
2706.57	2518.36	6
3162.65	3030.81	6
3551.6	3583.05	6
4190.62	3988.73	6
4490.89	4677.46	6
1.05	0.98	6
1.08	1.45	6
1.35	1.34	6
1.46	1.47	6
2.11	1.93	6
2.83	2.48	6
3.66	3.6	6
5.96	6.2	6
9.16	10.8	6
17.42	19.36	6
34.2	22.62	6
68.08	67.88	6
108.81	87.71	6
270.52	212.47	6
505.14	334.16	6
999.24	832.75	6
1306.52	1393.05	6
3992.78	3301.29	6
5767.97	4804.17	6
6305.02	7669.59	6
7862.32	9867.27	6
9611.76	11464.51	6
13333.35	13783.08	6
15337.79	15587.2	6
14056.95	17153.99	6
0.96	1.21	7
1.03	1.09	7
1.22	1.3	7
1.58	1.7	7
2.0	1.87	7
2.57	2.49	7
3.55	3.62	7
6.03	5.46	7
6.89	8.04	7
15.93	19.09	7
35.42	28.17	7
44.62	55.8	7
107.7	128.92	7
213.31	256.23	7
510.26	513.37	7
832.47	650.77	7
1658.52	2018.66	7
3220.89	3239.42	7
3755.14	4765.2	7
7717.53	6315.53	7
7889.87	7877.2	7
5308.16	11925.42	7
13404.07	11011.58	7
15319.49	15294.58	7
14137.93	14072.39	7
1.13	1.0	7
1.22	1.02	7
1.08	1.12	7
1.32	1.29	7
1.53	1.28	7
2.21	1.96	7
2.48	2.33	7
3.38	3.21	7
4.86	4.65	7
7.51	6.76	7
13.6	14.0	7
23.1	23.67	7
41.12	40.74	7
75.77	75.04	7
140.27	145.51	7
273.76	271.26	7
537.42	536.77	7
1066.48	1064.06	7
1546.83	1537.49	7
2059.61	2038.18	7
2604.87	2529.41	7
3078.86	3156.92	7
3598.34	3620.85	7
4119.93	4008.84	7
4638.52	4509.08	7
0.97	1.05	7
0.93	0.88	7
1.18	1.26	7
1.43	1.49	7
1.99	1.94	7
2.53	2.4	7
3.6	3.28	7
5.58	4.13	7
9.55	10.6	7
16.75	19.82	7
39.14	36.1	7
67.76	56.61	7
93.21	110.14	7
214.37	260.11	7
512.1	522.51	7
875.52	923.3	7
1652.2	2004.55	7
3909.38	3331.84	7
4857.84	5866.54	7
7993.18	6473.72	7
7837.27	9723.05	7
11453.63	9421.88	7
11586.94	13691.38	7
12892.25	12696.91	7
11048.69	17444.89	7
1.08	0.97	7
1.13	1.03	7
1.25	1.2	7
1.25	1.37	7
1.34	1.41	7
1.83	1.8	7
2.6	2.63	7
3.34	3.63	7
5.22	4.85	7
8.17	8.41	7
14.3	14.81	7
23.43	23.97	7
41.15	41.51	7
83.64	75.27	7
142.56	145.56	7
279.73	287.95	7
563.81	541.22	7
1048.17	1036.34	7
1530.66	1739.41	7
2141.26	2125.13	7
2662.04	2527.9	7
3031.56	3333.98	7
3526.92	3503.53	7
4012.44	4055.7	7
4572.26	4523.19	7
1.11	1.09	8
0.95	1.07	8
1.12	1.04	8
1.32	1.23	8
1.41	1.53	8
2.07	2.01	8
3.1	3.17	8
4.78	5.64	8
8.73	8.64	8
19.37	19.77	8
38.09	38.74	8
61.5	73.44	8
120.65	148.26	8
242.5	291.37	8
487.63	485.2	8
1166.4	1165.62	8
1929.06	2338.55	8
3769.34	3793.85	8
6863.76	6792.77	8
9073.14	9080.56	8
11150.18	11125.09	8
13488.78	13328.63	8
12940.73	10334.96	8
14707.57	17713.81	8
16535.06	16570.11	8
1.02	1.06	8
1.03	0.99	8
1.08	0.95	8
1.23	1.26	8
1.6	1.69	8
1.76	1.51	8
1.89	1.63	8
2.48	2.67	8
2.68	3.26	8
4.57	3.93	8
5.5	5.18	8
8.93	8.4	8
14.02	12.96	8
19.2	19.95	8
33.46	34.96	8
60.24	61.45	8
122.35	121.03	8
228.69	226.28	8
321.4	359.53	8
430.97	438.09	8
537.85	571.11	8
648.32	616.02	8
723.53	712.77	8
837.24	884.99	8
931.72	933.25	8
0.99	0.98	8
0.92	0.93	8
1.02	1.08	8
1.28	1.17	8
1.46	1.48	8
2.07	2.16	8
3.55	4.15	8
5.34	5.12	8
9.38	10.9	8
23.12	18.13	8
39.16	32.79	8
77.49	76.99	8
123.93	148.71	8
296.31	295.22	8
491.28	583.24	8
777.02	1160.03	8
2301.64	1550.72	8
2247.86	3843.07	8
6780.02	5709.53	8
8969.31	7525.06	8
11060.31	11242.84	8
13247.75	11238.98	8
12813.86	13101.83	8
11946.41	14726.01	8
16771.27	19813.82	8
0.98	1.03	8
0.94	1.17	8
1.07	1.07	8
1.22	1.18	8
1.62	1.69	8
1.39	2.16	8
2.0	1.58	8
2.7	2.82	8
3.09	3.05	8
4.17	4.74	8
6.31	6.65	8
8.49	8.44	8
12.69	16.12	8
26.05	21.5	8
36.99	32.57	8
77.57	59.71	8
120.1	111.79	8
278.18	354.33	8
458.58	327.72	8
551.02	427.47	8
636.19	517.8	8
622.15	734.03	8
1165.95	867.61	8
831.61	847.13	8
945.41	1297.43	8
0.87	0.93	9
1.15	1.09	9
1.24	1.12	9
1.57	1.51	9
1.65	1.48	9
2.3	2.55	9
2.61	2.58	9
3.55	3.51	9
3.72	3.93	9
5.45	5.78	9
8.45	8.45	9
12.98	13.45	9
21.91	21.3	9
37.41	38.15	9
70.37	70.15	9
127.33	131.69	9
260.08	253.65	9
505.68	507.41	9
751.21	743.04	9
995.2	954.27	9
1223.67	1224.13	9
1461.73	1470.17	9
1706.78	1688.42	9
1928.77	1927.57	9
2182.33	2183.18	9
1.02	0.91	9
1.13	1.09	9
1.07	1.25	9
1.58	1.63	9
1.88	2.17	9
3.05	2.61	9
3.03	3.91	9
4.26	4.49	9
6.36	6.51	9
11.3	10.96	9
19.79	21.41	9
36.76	38.14	9
75.06	75.6	9
150.1	151.45	9
298.93	303.35	9
581.57	586.48	9
1199.06	1195.16	9
2277.03	2281.45	9
3395.09	3392.69	9
4528.06	4518.88	9
5629.85	5760.79	9
6729.81	6722.87	9
7832.19	7933.23	9
8965.16	9044.44	9
10078.75	10060.68	9
0.91	0.91	9
0.98	1.0	9
0.92	0.97	9
1.53	1.49	9
1.74	1.79	9
2.33	2.24	9
2.26	2.53	9
3.33	3.94	9
3.68	4.17	9
6.41	5.68	9
8.3	8.4	9
13.1	12.53	9
22.59	21.63	9
37.47	37.6	9
67.98	67.85	9
131.85	128.52	9
254.92	260.34	9
482.58	493.17	9
730.16	730.19	9
1003.34	1008.34	9
1217.57	1230.94	9
1453.87	1441.74	9
1655.56	1690.28	9
1976.65	1961.17	9
2144.11	2133.29	9
0.98	0.97	9
1.01	1.03	9
1.11	1.28	9
1.56	1.64	9
2.25	2.27	9
3.0	2.6	9
3.47	3.01	9
4.05	3.93	9
7.04	6.2	9
10.86	10.93	9
19.85	19.71	9
38.73	37.69	9
74.07	74.0	9
145.4	144.05	9
291.07	290.6	9
577.0	580.5	9
1159.25	1146.97	9
2319.27	2242.52	9
3389.81	3329.63	9
4480.62	4427.92	9
5542.72	5537.55	9
6772.02	6819.57	9
7752.5	7708.85	9
8809.97	8814.31	9
10002.5	9886.54	9
0.86	0.89	10
1.25	1.1	10
1.08	1.28	10
1.66	1.53	10
1.99	1.86	10
2.54	2.27	10
3.11	2.95	10
4.35	4.55	10
6.18	7.52	10
11.76	12.52	10
19.14	18.43	10
30.57	31.14	10
54.34	55.56	10
103.7	106.03	10
200.71	198.69	10
397.77	394.44	10
776.76	783.29	10
1523.56	1506.27	10
2234.79	2223.25	10
2958.31	2955.29	10
3651.05	3671.37	10
4450.27	4447.7	10
5178.02	5144.78	10
5845.11	5880.03	10
6637.38	6639.35	10
0.99	1.05	10
1.09	1.11	10
1.24	1.31	10
1.7	1.59	10
2.4	2.48	10
2.81	2.8	10
3.68	3.84	10
5.76	5.25	10
7.94	8.6	10
15.03	14.61	10
25.94	26.33	10
49.57	48.6	10
90.89	92.92	10
183.71	182.99	10
365.67	366.93	10
721.53	719.24	10
1440.31	1445.51	10
2819.74	2837.88	10
4258.55	4292.32	10
5521.24	5541.56	10
6929.72	6884.98	10
8249.83	8246.49	10
9638.73	9647.91	10
10973.48	10983.8	10
12355.35	12327.06	10
0.86	0.77	10
0.88	1.01	10
1.0	1.16	10
1.54	1.34	10
1.47	1.7	10
2.39	2.53	10
2.97	3.06	10
4.24	4.34	10
6.97	7.23	10
10.44	12.11	10
18.11	17.65	10
29.08	29.91	10
54.45	51.38	10
99.63	96.63	10
193.83	192.4	10
370.7	367.83	10
731.99	723.41	10
1389.53	1386.92	10
2055.79	2055.13	10
2719.15	2750.04	10
3392.49	3385.49	10
4051.35	4036.68	10
4706.07	4697.61	10
5346.76	5338.69	10
6015.01	6037.01	10
1.09	1.04	10
1.21	0.96	10
1.26	1.23	10
1.72	1.65	10
2.39	2.1	10
2.9	3.36	10
3.61	4.26	10
5.02	4.75	10
8.66	8.58	10
13.08	15.56	10
25.66	25.98	10
49.96	50.87	10
96.66	97.0	10
186.73	188.05	10
371.77	369.03	10
717.23	720.66	10
1432.62	1445.97	10
2779.67	2808.38	10
4293.08	4330.44	10
5503.65	5602.34	10
6848.49	6825.67	10
8217.61	8196.84	10
9732.04	9538.74	10
11277.14	11135.91	10
12159.94	12185.36	10
1.04	1.0	11
1.16	1.07	11
1.28	1.39	11
1.82	1.76	11
2.32	2.19	11
2.69	3.02	11
3.36	3.98	11
5.33	5.53	11
8.33	8.25	11
13.89	14.46	11
25.75	24.96	11
47.01	48.09	11
92.63	91.48	11
182.55	181.54	11
363.01	358.5	11
722.5	723.05	11
1432.64	1452.86	11
2798.69	2779.41	11
4146.0	4168.82	11
5486.33	5527.56	11
6848.5	6963.7	11
8432.09	8454.93	11
9555.25	9581.05	11
11256.47	11064.93	11
12278.15	12301.76	11
0.87	0.89	11
1.08	1.11	11
1.06	1.14	11
1.57	1.55	11
1.81	1.91	11
2.54	2.46	11
3.03	3.17	11
4.76	4.54	11
7.66	7.01	11
12.42	11.69	11
19.27	19.44	11
30.6	30.41	11
54.36	55.05	11
104.95	104.7	11
202.04	196.66	11
395.97	392.2	11
794.44	769.65	11
1557.24	1548.78	11
2227.26	2235.57	11
2991.19	2962.27	11
3729.69	3664.89	11
4451.86	4435.97	11
5137.28	5139.95	11
5870.87	5859.98	11
6616.59	6605.36	11
0.92	0.95	11
0.98	0.98	11
1.25	1.3	11
1.47	1.63	11
2.24	2.44	11
2.86	2.68	11
3.29	3.66	11
6.49	5.88	11
7.55	8.5	11
14.0	14.4	11
24.82	25.64	11
48.13	48.52	11
92.84	92.12	11
182.87	185.04	11
363.43	361.35	11
706.82	711.58	11
1430.44	1424.71	11
2752.24	2726.14	11
4061.4	4100.84	11
5534.53	5570.03	11
6769.54	6753.85	11
8237.35	8112.31	11
9421.41	9434.4	11
10773.66	10770.25	11
12135.54	12112.99	11
0.95	0.75	11
1.0	1.15	11
1.21	1.16	11
1.71	1.51	11
1.59	2.21	11
2.67	2.47	11
2.98	2.95	11
4.52	4.28	11
6.88	6.75	11
10.88	11.57	11
17.79	17.1	11
30.25	29.83	11
53.09	53.51	11
101.72	100.96	11
186.99	189.3	11
367.92	374.83	11
725.9	731.45	11
1385.4	1408.38	11
2074.54	2078.77	11
2717.34	2736.53	11
3384.23	3427.98	11
4078.3	4066.3	11
4735.93	4727.1	11
5432.34	5463.54	11
6036.24	6044.61	11
0.86	0.8	12
1.01	0.83	12
1.22	1.21	12
1.55	1.36	12
2.03	2.06	12
2.59	2.7	12
3.15	3.47	12
4.44	4.07	12
6.08	6.97	12
11.39	12.47	12
19.95	19.71	12
38.61	38.04	12
73.86	73.53	12
148.35	146.23	12
290.8	300.54	12
579.62	584.46	12
1194.96	1191.3	12
2246.38	2261.92	12
3357.26	3411.64	12
4450.56	4498.77	12
5577.18	5571.26	12
6691.11	6825.01	12
7815.63	7790.77	12
8947.02	8927.79	12
10053.64	10282.21	12
0.89	1.1	12
1.2	0.93	12
0.98	1.02	12
1.81	1.59	12
1.78	2.16	12
2.43	2.2	12
2.34	2.46	12
3.42	3.85	12
3.57	3.67	12
5.64	5.13	12
8.59	7.74	12
13.54	12.88	12
21.87	21.35	12
37.9	37.66	12
69.8	70.31	12
132.21	132.21	12
258.7	253.08	12
491.1	504.79	12
753.28	768.23	12
1003.22	1000.14	12
1214.8	1230.79	12
1473.29	1476.96	12
1701.91	1702.34	12
1946.26	1948.73	12
2170.96	2175.29	12
0.83	0.86	12
0.92	0.92	12
1.11	1.17	12
1.49	1.38	12
1.51	2.33	12
2.38	2.64	12
2.48	3.12	12
4.32	3.66	12
6.62	6.35	12
10.63	11.25	12
19.59	19.56	12
37.17	38.27	12
72.57	71.98	12
142.47	143.15	12
293.46	286.09	12
581.48	578.31	12
1166.84	1178.15	12
2227.89	2239.89	12
3312.36	3321.21	12
4523.37	4485.31	12
5481.99	5455.04	12
6566.53	6529.49	12
7686.17	7672.1	12
8719.75	8766.85	12
9869.32	9798.75	12
0.96	0.96	12
1.0	0.96	12
1.01	1.05	12
1.64	1.53	12
1.64	2.15	12
2.42	2.59	12
2.47	2.47	12
3.71	3.39	12
4.08	3.46	12
6.03	6.0	12
9.2	8.63	12
13.25	13.25	12
20.9	20.31	12
37.45	37.54	12
68.45	68.79	12
129.78	130.67	12
250.16	259.17	12
490.79	481.99	12
734.8	736.25	12
964.17	962.09	12
1226.06	1197.89	12
1491.75	1465.76	12
1717.01	1674.07	12
1959.09	1935.78	12
2152.77	2142.68	12
0.68	0.94	13
0.72	0.81	13
1.15	1.07	13
1.57	1.84	13
2.8	2.54	13
3.67	4.87	13
5.5	6.41	13
7.65	10.47	13
12.77	11.52	13
12.88	9.89	13
13.17	12.89	13
9.4	12.91	13
12.39	14.15	13
16.59	16.66	13
20.66	18.4	13
26.55	25.37	13
41.1	39.87	13
67.58	70.54	13
121.75	120.69	13
232.54	234.51	13
440.67	448.85	13
664.96	668.83	13
885.16	838.23	13
1066.79	1091.1	13
1293.69	1297.51	13
1480.08	1558.49	13
1741.4	1748.46	13
1888.61	1968.57	13
0.6	0.77	13
0.76	0.7	13
0.99	2.03	13
1.61	1.56	13
2.67	2.66	13
3.26	4.66	13
9.24	6.89	13
7.45	7.23	13
8.48	12.66	13
14.14	14.08	13
12.99	13.04	13
17.97	15.79	13
18.15	16.52	13
25.75	22.73	13
34.83	36.76	13
56.77	60.56	13
97.48	95.68	13
184.01	189.9	13
367.3	367.17	13
712.52	715.22	13
1382.63	1376.06	13
2040.21	2055.35	13
2720.92	2714.21	13
3364.09	3399.46	13
4135.97	4128.63	13
4713.92	4684.94	13
5365.9	5358.09	13
6258.47	6327.27	13
0.56	0.59	13
0.97	0.74	13
1.01	1.02	13
1.67	1.66	13
2.52	2.74	13
4.49	3.91	13
7.15	6.56	13
6.28	8.49	13
7.46	9.85	13
10.12	10.37	13
12.62	12.94	13
10.81	11.15	13
15.63	10.26	13
15.53	15.7	13
18.38	21.66	13
25.46	25.67	13
44.46	45.19	13
74.4	72.32	13
136.2	123.5	13
243.79	224.49	13
468.16	458.69	13
657.87	617.31	13
800.1	813.99	13
984.53	1020.03	13
1205.97	1182.23	13
1380.89	1533.41	13
1566.98	1602.59	13
1796.33	1770.06	13
0.65	0.67	13
0.72	0.73	13
1.07	1.15	13
1.53	1.72	13
2.93	2.63	13
3.53	4.01	13
7.65	7.64	13
9.05	7.54	13
7.52	15.37	13
11.73	14.15	13
9.78	15.02	13
16.25	16.53	13
17.1	17.94	13
25.46	21.57	13
33.94	34.13	13
53.83	54.96	13
95.08	95.79	13
184.87	186.41	13
359.15	362.09	13
689.62	700.12	13
1320.75	1320.4	13
1963.38	1941.35	13
2586.7	2654.28	13
3200.09	3185.52	13
3911.7	3916.08	13
4433.96	4430.02	13
5093.84	5080.41	13
5645.48	5694.29	13
0.67	0.64	14
0.78	0.85	14
1.06	1.26	14
1.53	1.86	14
3.08	2.69	14
4.63	4.33	14
7.89	5.36	14
10.28	7.76	14
12.15	10.82	14
11.1	10.32	14
12.97	16.38	14
13.1	14.49	14
18.81	17.65	14
23.54	23.76	14
34.44	31.36	14
51.32	56.22	14
95.25	93.84	14
171.51	174.93	14
338.59	333.71	14
655.21	663.7	14
1282.65	1264.22	14
1880.07	1875.15	14
2457.54	2464.7	14
3076.0	3055.36	14
3655.53	3678.21	14
4271.4	4275.15	14
5050.31	5059.03	14
5452.22	5469.68	14
0.65	0.68	14
0.81	0.96	14
1.27	1.29	14
1.77	1.61	14
2.69	2.87	14
4.27	5.12	14
5.49	7.14	14
12.59	9.13	14
11.11	12.63	14
13.77	10.16	14
13.35	13.71	14
15.04	13.78	14
20.64	13.48	14
24.43	17.66	14
29.3	30.38	14
46.25	48.44	14
80.96	83.62	14
150.04	147.99	14
290.29	288.27	14
560.83	571.67	14
1062.68	1072.15	14
1605.12	1608.21	14
2082.98	2090.33	14
2648.04	2665.16	14
3110.1	3088.43	14
3585.7	3620.47	14
4090.96	4148.62	14
4621.94	4578.24	14
0.56	0.68	14
0.87	0.77	14
1.03	1.09	14
1.56	1.49	14
2.32	2.64	14
4.08	3.96	14
7.04	6.85	14
10.57	6.49	14
12.77	12.2	14
10.66	13.88	14
12.43	15.75	14
13.04	15.11	14
18.5	18.18	14
21.0	18.88	14
34.79	34.49	14
54.39	51.59	14
93.82	95.01	14
178.99	172.0	14
335.84	344.82	14
680.58	636.82	14
1296.08	1265.51	14
1824.96	1856.36	14
2422.28	2440.33	14
2969.55	2994.17	14
3564.4	3567.71	14
4164.96	4143.92	14
4706.25	4898.76	14
5294.16	5299.11	14
0.77	0.72	14
0.79	1.02	14
1.38	1.34	14
1.67	1.7	14
2.99	2.97	14
4.62	4.28	14
5.1	7.68	14
11.02	9.33	14
10.74	10.21	14
11.04	12.44	14
12.85	14.37	14
13.86	15.14	14
17.5	16.93	14
21.76	20.26	14
29.71	30.52	14
46.81	47.73	14
78.73	80.86	14
148.57	148.91	14
288.52	284.72	14
554.46	550.81	14
1071.83	1059.42	14
1562.79	1564.95	14
2163.9	2107.28	14
2591.23	2558.37	14
3065.34	3066.17	14
3651.34	3734.75	14
4077.17	4059.84	14
4542.19	4596.99	14
0.75	0.62	15
0.89	0.79	15
1.24	1.05	15
2.03	1.67	15
2.84	2.83	15
4.37	4.98	15
7.55	7.13	15
7.67	7.25	15
7.89	12.09	15
11.65	10.06	15
10.92	10.12	15
15.78	21.6	15
16.82	17.67	15
22.38	21.48	15
26.26	29.0	15
47.87	46.88	15
79.46	79.97	15
148.08	150.22	15
284.63	279.91	15
548.75	549.27	15
1062.06	1057.71	15
1572.92	1565.59	15
2075.36	2065.5	15
2583.08	2587.97	15
3104.89	3067.17	15
3612.34	3569.19	15
4095.69	4117.87	15
4613.12	4611.81	15
0.69	0.64	15
0.99	0.83	15
1.17	1.13	15
1.8	1.72	15
2.68	2.72	15
4.57	4.6	15
6.97	5.22	15
7.01	9.69	15
8.5	11.14	15
13.09	14.36	15
12.97	13.88	15
11.72	14.96	15
15.19	17.74	15
22.49	18.59	15
32.59	35.28	15
53.13	52.46	15
93.33	94.8	15
175.0	179.47	15
336.67	339.34	15
654.93	667.14	15
1270.83	1257.93	15
1864.11	1875.15	15
2475.85	2473.68	15
3082.13	3081.93	15
3668.38	3684.16	15
4261.51	4307.16	15
4948.78	4952.67	15
5469.38	5471.95	15
0.66	0.67	15
0.77	0.82	15
1.01	1.1	15
1.59	1.82	15
3.21	2.79	15
4.26	4.94	15
6.93	6.21	15
10.11	10.15	15
11.47	14.61	15
13.78	11.46	15
15.3	11.6	15
12.49	15.28	15
17.36	17.24	15
20.58	21.92	15
28.61	28.69	15
45.95	48.63	15
80.77	83.47	15
147.7	149.97	15
287.75	288.25	15
548.41	557.93	15
1078.91	1077.27	15
1550.32	1544.6	15
2053.0	2054.11	15
2550.01	2541.49	15
3054.93	3074.51	15
3536.69	3551.06	15
4027.52	4055.9	15
4566.92	4540.72	15
0.66	0.74	15
0.91	1.01	15
1.05	1.07	15
1.74	1.53	15
2.81	2.67	15
4.41	4.48	15
5.57	7.97	15
9.74	10.5	15
11.75	10.75	15
8.68	11.69	15
15.37	14.02	15
14.96	13.99	15
17.13	17.54	15
22.75	24.08	15
30.15	35.17	15
57.01	53.78	15
93.57	99.3	15
183.14	176.17	15
345.96	336.65	15
664.36	645.85	15
1255.85	1238.51	15
1830.85	1822.24	15
2418.43	2405.14	15
3014.33	3021.72	15
3561.25	3577.72	15
4136.34	4162.23	15
4719.34	4793.45	15
5337.35	5334.21	15
0.6	0.59	16
0.73	0.72	16
0.93	1.03	16
1.63	1.53	16
2.65	2.9	16
3.97	4.65	16
6.27	7.32	16
8.97	4.56	16
10.74	11.09	16
12.97	13.43	16
14.66	14.63	16
16.67	14.9	16
16.73	20.85	16
25.46	26.28	16
35.66	34.2	16
60.95	60.66	16
103.7	106.45	16
197.43	195.46	16
362.68	366.39	16
718.8	723.55	16
1382.89	1382.64	16
2046.83	2047.37	16
2692.45	2723.4	16
3445.11	3469.66	16
4146.96	4122.44	16
4695.47	4740.49	16
5362.49	5386.35	16
6031.21	6024.8	16
0.6	0.59	16
0.78	0.71	16
0.95	1.22	16
1.79	1.81	16
2.88	2.7	16
4.66	5.17	16
7.06	5.84	16
10.53	10.17	16
13.13	7.52	16
10.11	10.84	16
12.14	13.22	16
12.71	9.71	16
15.58	10.34	16
17.22	17.16	16
21.54	19.89	16
26.37	28.24	16
42.79	42.94	16
67.49	67.62	16
118.99	127.21	16
233.18	237.78	16
438.83	438.84	16
662.16	656.3	16
853.22	870.5	16
1081.34	1081.8	16
1284.28	1303.0	16
1545.36	1527.59	16
1679.01	1758.73	16
1933.85	1984.91	16
0.55	0.65	16
0.6	0.66	16
0.95	0.97	16
1.54	1.49	16
2.59	2.63	16
4.61	4.44	16
7.31	6.37	16
10.35	10.84	16
11.43	11.42	16
14.37	14.19	16
12.73	13.24	16
14.32	14.64	16
19.72	19.66	16
24.01	23.82	16
32.07	36.35	16
58.25	59.9	16
98.61	106.53	16
184.76	182.73	16
364.89	354.26	16
709.61	696.7	16
1297.55	1304.53	16
1939.3	1932.65	16
2555.5	2577.38	16
3156.88	3208.98	16
3906.16	3913.04	16
4434.45	4448.98	16
5067.23	5146.18	16
5767.85	5869.04	16
0.58	0.58	16
0.74	0.72	16
0.95	1.06	16
1.85	1.55	16
3.05	2.52	16
4.78	4.17	16
6.98	5.54	16
9.28	8.58	16
9.63	11.19	16
11.96	11.56	16
12.75	13.32	16
14.2	11.06	16
13.61	12.47	16
16.36	13.69	16
19.67	19.6	16
26.21	29.61	16
45.53	44.18	16
71.85	74.19	16
126.1	133.24	16
246.19	239.92	16
448.06	421.32	16
660.92	611.16	16
804.14	838.73	16
997.81	1021.15	16
1211.79	1214.32	16
1425.75	1394.16	16
1550.05	1578.18	16
1740.71	1779.57	16
0.71	0.77	17
0.91	1.0	17
1.75	1.46	17
2.36	2.36	17
3.73	4.02	17
5.62	6.41	17
8.62	8.06	17
11.48	11.78	17
12.46	10.53	17
13.35	14.47	17
13.1	14.22	17
14.43	13.15	17
16.91	17.51	17
17.72	18.49	17
27.33	24.92	17
38.04	35.77	17
60.02	60.69	17
104.88	106.52	17
193.41	200.69	17
385.84	383.04	17
740.2	728.34	17
1080.87	1083.6	17
1419.24	1431.34	17
1785.75	1812.11	17
2164.71	2134.89	17
2471.22	2501.36	17
2823.45	2837.08	17
3168.16	3202.89	17
0.7	0.73	17
0.98	0.98	17
1.33	1.46	17
2.34	2.33	17
3.37	3.25	17
6.47	6.29	17
7.21	7.19	17
13.86	7.94	17
12.96	11.72	17
16.06	13.54	17
15.24	16.06	17
20.5	20.65	17
27.44	24.8	17
38.29	36.68	17
63.16	60.23	17
104.21	107.74	17
200.97	204.1	17
390.96	391.82	17
772.7	772.8	17
1520.27	1515.92	17
2968.96	2968.98	17
4372.89	4398.59	17
5837.29	5796.94	17
7227.26	7332.64	17
8710.53	8666.75	17
10091.03	10109.32	17
11552.55	11557.4	17
13208.72	13287.12	17
0.68	0.65	17
0.92	0.83	17
1.34	1.49	17
2.49	2.15	17
3.95	3.17	17
5.86	6.25	17
8.68	8.5	17
7.89	12.39	17
12.24	10.23	17
13.18	13.09	17
13.43	11.67	17
14.32	13.21	17
14.56	10.85	17
15.16	17.96	17
26.24	25.55	17
37.43	34.13	17
61.98	60.23	17
108.21	103.39	17
187.94	198.66	17
374.55	347.72	17
651.02	663.43	17
978.67	982.41	17
1307.56	1317.73	17
1610.15	1616.41	17
1913.01	1909.77	17
2219.57	2255.4	17
2544.21	2603.65	17
2849.11	2856.54	17
0.7	0.69	17
0.93	0.99	17
1.41	1.38	17
2.15	2.07	17
3.8	3.97	17
6.44	7.89	17
7.37	9.41	17
11.22	9.18	17
16.34	13.37	17
14.96	12.88	17
13.79	15.92	17
20.4	14.72	17
24.25	25.99	17
36.22	37.21	17
57.53	59.59	17
109.73	104.96	17
201.32	200.72	17
399.47	394.26	17
776.04	774.64	17
1483.99	1501.44	17
2901.23	2884.98	17
4309.81	4321.95	17
5705.1	5659.9	17
7110.15	7220.31	17
8649.72	8423.2	17
10044.41	9968.84	17
11475.48	11486.8	17
12632.27	12636.74	17
0.84	0.71	18
1.03	1.0	18
1.47	1.47	18
2.17	2.55	18
3.77	4.17	18
6.21	5.61	18
9.46	8.99	18
11.93	10.37	18
10.01	11.25	18
12.93	13.79	18
15.04	14.43	18
16.01	18.5	18
20.42	19.82	18
26.17	27.88	18
38.12	43.01	18
73.0	72.63	18
135.81	129.26	18
249.04	246.14	18
482.27	482.41	18
933.53	941.67	18
1825.24	1822.93	18
2696.93	2680.17	18
3578.57	3584.03	18
4450.92	4438.07	18
5317.37	5328.28	18
6169.74	6203.22	18
7134.44	7148.19	18
7933.81	7970.02	18
0.83	0.85	18
1.0	1.01	18
1.43	1.51	18
2.3	2.34	18
3.79	3.62	18
6.03	4.57	18
8.05	8.01	18
12.86	12.62	18
12.87	14.4	18
15.94	13.72	18
14.61	14.86	18
18.82	18.87	18
25.22	24.85	18
34.23	33.37	18
57.2	56.99	18
95.21	96.4	18
180.88	183.22	18
352.78	347.22	18
681.61	687.47	18
1375.49	1360.27	18
2658.56	2654.62	18
3929.72	3941.55	18
5280.75	5216.67	18
6598.56	6811.35	18
7791.32	7972.62	18
9173.78	9271.8	18
10315.04	10341.57	18
11571.48	11593.36	18
0.72	0.78	18
0.94	0.91	18
1.44	1.41	18
2.29	2.29	18
3.6	3.7	18
6.15	4.77	18
7.66	9.21	18
10.73	13.51	18
12.99	13.34	18
11.67	11.94	18
15.94	13.7	18
13.7	16.88	18
20.88	16.74	18
28.11	28.46	18
43.02	42.09	18
73.56	71.82	18
128.95	131.12	18
244.39	240.01	18
474.02	466.74	18
906.81	915.26	18
1761.4	1749.37	18
2588.71	2578.75	18
3409.53	3476.49	18
4238.55	4279.76	18
5069.02	5068.17	18
5870.33	5887.56	18
6736.29	6695.69	18
7546.14	7497.91	18
0.76	0.73	18
1.04	1.08	18
1.54	1.73	18
2.46	2.31	18
3.84	3.31	18
6.37	5.81	18
8.96	8.28	18
13.34	8.94	18
13.25	13.26	18
13.56	12.54	18
17.3	17.08	18
18.07	18.39	18
23.25	21.21	18
36.52	35.78	18
56.27	55.01	18
100.46	102.0	18
183.62	185.49	18
345.95	349.73	18
695.8	699.34	18
1377.28	1377.88	18
2614.53	2626.24	18
4037.59	3915.99	18
5130.53	5100.25	18
6395.8	6396.32	18
7656.01	7661.97	18
8923.6	8898.66	18
10216.86	10193.31	18
11415.51	11466.17	18
0.82	0.72	19
0.92	1.0	19
1.45	1.47	19
2.35	2.31	19
3.12	3.99	19
6.04	6.42	19
9.19	7.35	19
13.7	10.69	19
12.5	13.35	19
15.56	14.95	19
15.56	14.6	19
16.9	19.54	19
24.4	26.31	19
36.7	37.44	19
55.32	55.03	19
100.15	98.98	19
180.63	183.35	19
349.79	353.01	19
680.21	682.58	19
1357.04	1349.01	19
2634.01	2617.27	19
3910.23	3920.56	19
5166.24	5198.72	19
6479.16	6471.44	19
7756.22	7767.43	19
9227.69	9057.25	19
10335.81	10313.55	19
11548.75	11569.9	19
0.73	0.7	19
1.03	0.98	19
1.52	1.52	19
2.47	2.4	19
4.06	3.66	19
5.95	6.82	19
8.05	6.07	19
10.62	12.65	19
14.94	14.54	19
14.87	14.49	19
13.51	15.31	19
14.08	14.28	19
20.68	20.84	19
27.1	26.57	19
44.8	44.38	19
72.99	70.48	19
129.51	128.98	19
247.2	249.61	19
473.79	473.78	19
937.24	943.85	19
1824.03	1807.39	19
2727.33	2723.84	19
3555.33	3561.47	19
4473.7	4491.94	19
5320.31	5326.79	19
6243.33	6250.09	19
7062.5	7073.97	19
7958.59	7933.72	19
0.74	0.68	19
0.95	0.95	19
1.46	1.44	19
2.55	2.21	19
3.92	4.08	19
6.37	6.55	19
8.84	8.74	19
11.18	14.1	19
14.07	12.42	19
15.99	12.11	19
17.72	12.86	19
17.58	17.12	19
23.67	23.69	19
33.44	31.9	19
54.86	53.73	19
98.86	96.78	19
177.39	178.81	19
345.52	341.78	19
670.95	673.64	19
1341.83	1331.33	19
2590.38	2580.94	19
3832.43	3836.19	19
5085.17	5094.63	19
6329.09	6339.65	19
7767.73	7619.17	19
8877.79	8882.68	19
10086.75	10130.52	19
11353.23	11323.51	19
0.82	0.77	19
0.97	1.19	19
2.07	1.64	19
2.17	2.25	19
3.61	3.48	19
6.71	6.78	19
8.54	10.13	19
10.56	10.08	19
12.78	11.31	19
13.59	15.71	19
14.43	13.14	19
16.29	13.82	19
20.51	20.71	19
27.12	28.2	19
42.42	43.76	19
71.1	70.95	19
129.76	129.56	19
247.24	245.59	19
468.73	493.77	19
927.51	909.92	19
1737.98	1735.64	19
2582.06	2598.54	19
3419.77	3416.31	19
4239.88	4317.98	19
5065.4	5108.86	19
5927.24	5929.29	19
6837.33	6871.76	19
7688.23	7611.62	19
0.61	0.71	20
0.92	0.87	20
1.39	1.3	20
2.22	2.22	20
3.93	3.88	20
6.07	5.39	20
9.39	7.67	20
12.02	11.89	20
10.98	15.39	20
15.01	14.22	20
16.81	16.6	20
17.89	20.04	20
26.69	26.04	20
37.41	34.11	20
60.84	60.79	20
106.57	108.55	20
199.51	200.08	20
390.32	393.27	20
768.39	765.68	20
1559.95	1572.28	20
3026.53	3098.47	20
4474.93	4396.07	20
5772.38	5956.6	20
7189.38	7214.11	20
8621.12	8623.54	20
10058.23	10038.78	20
11435.52	11483.93	20
13203.89	12909.73	20
0.67	0.7	20
1.08	0.86	20
1.34	1.49	20
2.24	2.27	20
4.12	3.78	20
5.6	6.49	20
7.41	8.31	20
9.95	10.72	20
12.42	11.42	20
12.45	9.33	20
13.43	9.81	20
13.2	13.67	20
14.69	15.65	20
18.33	18.73	20
25.25	27.17	20
40.53	36.49	20
61.74	61.28	20
115.08	107.7	20
202.08	198.91	20
376.05	383.66	20
730.39	742.92	20
1091.06	1085.51	20
1429.95	1465.18	20
1758.95	1782.64	20
2116.45	2139.9	20
2473.94	2475.31	20
2878.18	2886.05	20
3188.95	3171.81	20
0.65	0.63	20
0.86	0.84	20
1.21	1.36	20
2.15	2.03	20
3.83	3.38	20
6.05	5.65	20
6.53	7.29	20
8.15	13.06	20
15.18	13.69	20
14.06	12.74	20
17.9	15.97	20
19.75	17.95	20
22.88	25.17	20
33.27	33.14	20
58.53	55.73	20
104.97	103.42	20
198.87	194.49	20
378.45	381.09	20
747.2	748.84	20
1460.61	1475.56	20
2860.85	2839.42	20
4217.25	4195.29	20
5630.34	5583.7	20
6963.42	6976.44	20
8365.45	8338.57	20
9724.47	9705.66	20
11163.07	11352.85	20
12469.61	12460.56	20
0.69	0.69	20
0.89	0.9	20
1.38	1.39	20
2.21	2.14	20
3.98	3.72	20
5.32	5.66	20
9.16	7.76	20
8.52	8.18	20
8.32	10.12	20
9.22	10.19	20
13.4	12.74	20
12.62	9.46	20
12.55	14.8	20
16.35	17.29	20
25.53	24.83	20
37.16	40.87	20
57.89	59.61	20
98.38	106.57	20
183.02	187.55	20
340.18	343.76	20
673.37	660.04	20
987.14	983.25	20
1268.42	1352.12	20
1601.09	1626.86	20
1904.56	1936.44	20
2234.46	2260.63	20
2543.56	2551.55	20
2839.25	2871.54	20
