0.7	0.96	1
1.44	1.35	1
1.87	1.64	1
3.13	2.6	1
4.46	4.25	1
6.98	6.33	1
5.97	6.29	1
10.54	8.5	1
8.83	9.87	1
14.83	14.56	1
24.62	25.47	1
44.44	46.49	1
80.3	82.75	1
161.09	165.38	1
320.34	323.12	1
626.89	629.35	1
1196.35	1221.53	1
1906.14	1925.99	1
2328.37	2276.55	1
2497.92	2515.97	1
2717.49	2738.57	1
2946.71	2968.84	1
3134.0	3125.26	1
3392.8	3399.03	1
3544.9	3560.52	1
1.0	0.76	1
1.14	1.15	1
1.59	1.47	1
2.36	2.32	1
2.64	4.14	1
5.48	4.88	1
4.89	5.77	1
6.32	8.78	1
10.76	10.96	1
19.9	19.12	1
32.99	32.94	1
61.32	61.58	1
122.07	118.59	1
234.96	235.02	1
465.94	444.61	1
905.21	895.71	1
1699.7	1723.32	1
2779.88	2710.56	1
3318.49	3341.83	1
3903.37	3948.77	1
4574.61	4461.74	1
5110.82	5135.59	1
5688.88	5635.45	1
6044.2	6028.19	1
6493.69	6499.57	1
0.75	0.76	1
0.91	1.17	1
1.64	1.87	1
2.63	2.9	1
4.16	5.47	1
4.63	4.38	1
6.38	4.77	1
8.23	7.84	1
11.28	9.98	1
13.65	14.84	1
23.85	25.38	1
47.18	47.35	1
87.65	90.34	1
185.09	175.44	1
324.97	316.54	1
620.02	633.65	1
1244.44	1233.2	1
1952.69	2000.13	1
2209.38	2213.24	1
2475.44	2468.43	1
2677.74	2709.48	1
2860.35	2895.17	1
3033.17	3042.62	1
3227.1	3210.93	1
3390.21	3377.87	1
0.85	0.85	1
0.89	1.0	1
1.62	1.34	1
2.19	2.41	1
3.09	4.11	1
4.9	5.19	1
4.54	6.03	1
5.97	6.84	1
12.13	12.11	1
17.87	18.72	1
35.04	33.76	1
63.46	63.81	1
121.56	120.95	1
236.07	235.71	1
462.33	445.36	1
896.33	868.11	1
1663.91	1700.66	1
2623.83	2722.24	1
3321.16	3301.41	1
3795.94	3781.33	1
4365.58	4329.81	1
4882.93	4867.13	1
5364.89	5380.85	1
5824.49	5846.01	1
6287.51	6296.6	1
0.99	1.04	2
1.46	1.31	2
1.86	1.97	2
2.7	3.28	2
4.51	4.99	2
4.38	5.85	2
6.27	6.13	2
8.06	7.16	2
12.32	12.03	2
20.46	18.48	2
33.88	34.36	2
62.35	65.56	2
123.32	122.72	2
248.14	247.75	2
481.15	487.59	2
900.79	894.27	2
1766.59	1737.87	2
2665.09	2703.1	2
3359.65	3381.84	2
3846.9	3854.78	2
4475.0	4429.66	2
4917.1	4915.59	2
5431.36	5457.57	2
5938.88	5953.44	2
6455.41	6480.69	2
1.12	1.07	2
1.94	1.32	2
2.22	2.3	2
3.86	3.79	2
6.27	6.85	2
6.79	6.24	2
6.74	7.61	2
9.62	9.07	2
9.85	10.81	2
16.01	20.28	2
27.8	26.97	2
47.49	48.32	2
86.2	84.21	2
168.2	168.09	2
323.72	309.9	2
623.36	622.14	2
1237.7	1213.45	2
1958.8	1916.52	2
2279.82	2215.81	2
2577.85	2579.28	2
2749.46	2757.29	2
2980.05	2968.16	2
3180.73	3162.06	2
3375.73	3367.63	2
3530.4	3515.97	2
0.85	0.81	2
1.12	1.27	2
1.72	1.75	2
2.81	2.98	2
4.04	4.0	2
5.92	4.13	2
6.22	5.6	2
9.03	6.76	2
11.18	11.09	2
19.35	19.16	2
31.68	34.17	2
65.35	62.03	2
125.83	120.31	2
240.57	241.34	2
456.61	453.1	2
881.6	880.88	2
1718.05	1697.98	2
2609.64	2597.92	2
3199.32	3273.12	2
3726.4	3695.96	2
4206.6	4238.29	2
4733.9	4704.62	2
5229.67	5252.05	2
5741.07	5706.22	2
6230.97	6250.17	2
0.89	1.08	2
1.5	1.4	2
2.3	2.05	2
3.44	3.99	2
5.6	6.05	2
8.39	3.93	2
5.91	8.79	2
9.5	8.26	2
12.8	11.47	2
18.84	18.5	2
26.06	25.6	2
48.86	48.35	2
92.14	84.61	2
168.54	170.16	2
321.21	321.75	2
621.53	621.13	2
1227.7	1182.28	2
1906.8	1889.01	2
2192.33	2196.37	2
2498.97	2463.12	2
2692.8	2695.4	2
2939.91	2922.83	2
3176.81	3112.19	2
3328.48	3290.3	2
3555.9	3526.02	2
1.02	0.99	3
1.3	1.43	3
2.06	2.24	3
3.2	3.55	3
4.31	5.38	3
6.69	5.6	3
5.71	9.69	3
10.61	10.23	3
12.67	10.43	3
16.53	16.37	3
26.51	27.15	3
47.82	47.9	3
84.4	87.87	3
164.41	170.18	3
316.86	313.55	3
608.6	636.43	3
1193.56	1159.99	3
1908.01	1922.61	3
2216.87	2216.4	3
2558.87	2536.69	3
2781.0	2737.14	3
2947.27	2987.28	3
3173.7	3223.62	3
3338.11	3335.45	3
3611.49	3490.67	3
0.82	1.0	3
1.18	1.15	3
1.94	1.82	3
2.86	3.06	3
3.56	4.69	3
6.41	5.24	3
6.2	7.92	3
8.55	9.4	3
10.46	12.25	3
18.94	19.11	3
33.27	32.74	3
64.24	62.98	3
122.95	121.77	3
245.15	244.25	3
480.07	482.63	3
918.59	909.12	3
1727.35	1728.49	3
2764.12	2774.34	3
3304.33	3313.26	3
3840.5	3876.22	3
4409.67	4400.17	3
4940.0	4935.19	3
5460.46	5468.88	3
5991.26	6089.31	3
6463.52	6469.98	3
0.95	1.37	3
1.44	1.26	3
2.02	2.18	3
2.78	3.34	3
4.8	3.87	3
7.36	5.39	3
7.43	5.8	3
10.62	8.85	3
13.23	10.06	3
17.53	17.52	3
25.97	27.43	3
47.32	46.39	3
84.99	81.19	3
162.27	166.64	3
318.95	333.65	3
624.61	610.21	3
1231.72	1218.88	3
1967.96	1912.22	3
2158.59	2198.97	3
2453.38	2499.09	3
2699.67	2684.95	3
2895.75	2916.12	3
3101.22	3112.09	3
3268.79	3273.32	3
3410.37	3394.44	3
0.88	0.98	3
1.23	1.25	3
1.88	1.92	3
2.92	3.04	3
3.95	5.08	3
5.55	5.24	3
7.13	6.07	3
6.45	8.89	3
12.24	13.9	3
19.2	20.64	3
34.32	35.62	3
62.74	63.33	3
120.07	120.28	3
238.5	238.99	3
454.92	454.61	3
881.92	881.06	3
1697.37	1694.17	3
2604.83	2637.89	3
3177.94	3156.04	3
3732.16	3730.01	3
4219.61	4273.03	3
4848.25	4871.01	3
5247.66	5269.52	3
5882.24	5788.77	3
6424.75	6267.19	3
0.92	0.86	4
1.22	1.22	4
1.76	1.78	4
2.77	2.79	4
4.36	3.99	4
6.42	5.81	4
5.53	6.86	4
9.61	8.1	4
12.43	13.47	4
19.56	20.62	4
32.81	33.48	4
62.72	61.7	4
123.07	121.98	4
239.64	237.28	4
466.91	460.42	4
941.46	937.45	4
1710.47	1737.06	4
2666.1	2711.82	4
3277.46	3304.35	4
3910.67	3851.72	4
4436.91	4451.5	4
4993.85	4984.85	4
5506.35	5474.86	4
5987.07	6013.2	4
6564.27	6585.59	4
1.08	1.0	4
1.57	1.38	4
2.31	2.19	4
3.4	4.18	4
5.84	5.59	4
7.45	7.78	4
7.36	8.48	4
10.24	8.68	4
14.15	11.35	4
19.31	19.71	4
27.3	30.68	4
55.68	49.53	4
90.7	93.47	4
167.85	165.23	4
318.44	314.12	4
615.11	625.34	4
1161.75	1208.42	4
1935.36	1941.74	4
2252.88	2280.77	4
2561.7	2531.64	4
2755.68	2737.0	4
2951.33	3011.7	4
3142.69	3143.22	4
3494.83	3461.18	4
3473.59	3478.65	4
0.83	0.92	4
1.1	1.47	4
1.64	1.75	4
2.14	2.92	4
2.96	3.86	4
4.97	4.4	4
4.85	6.19	4
8.51	6.69	4
10.3	11.9	4
19.19	19.45	4
34.46	33.1	4
62.34	62.96	4
119.85	116.72	4
234.68	235.88	4
458.63	447.99	4
915.12	925.29	4
1662.14	1639.32	4
2576.19	2588.93	4
3200.36	3200.34	4
3769.26	3752.62	4
4298.58	4321.94	4
4809.62	4844.61	4
5369.75	5447.35	4
5798.08	5803.62	4
6221.1	6219.31	4
0.91	0.86	4
1.42	1.5	4
2.34	2.13	4
3.88	2.07	4
4.88	5.3	4
7.39	8.32	4
7.11	7.39	4
9.26	6.99	4
11.4	12.64	4
17.0	16.17	4
28.01	25.26	4
49.14	49.97	4
87.46	90.83	4
166.06	166.21	4
322.12	321.69	4
647.49	649.71	4
1174.14	1179.43	4
1906.9	1922.52	4
2213.9	2233.52	4
2485.48	2474.41	4
2658.43	2689.26	4
2910.91	2883.01	4
3014.59	3081.06	4
3276.51	3240.73	4
3366.49	3378.3	4
1.21	1.15	5
1.13	1.13	5
1.04	1.15	5
1.43	1.16	5
1.65	1.79	5
2.91	1.87	5
1.78	1.64	5
2.76	2.75	5
3.14	3.15	5
3.91	4.33	5
5.6	5.84	5
8.55	8.41	5
11.99	11.72	5
19.75	21.05	5
35.3	35.29	5
61.62	61.64	5
119.03	122.72	5
223.91	224.84	5
314.37	314.81	5
433.09	428.86	5
562.13	527.28	5
628.91	618.98	5
714.19	735.58	5
830.4	848.85	5
995.59	993.94	5
1.09	1.11	5
1.15	1.11	5
1.09	1.19	5
1.43	1.37	5
1.59	1.64	5
1.85	2.26	5
3.29	2.94	5
4.35	5.64	5
8.3	10.18	5
19.47	19.38	5
38.66	31.54	5
74.16	73.95	5
100.46	122.85	5
244.3	296.01	5
489.08	484.32	5
978.84	973.1	5
1596.81	1607.38	5
4552.31	4545.9	5
5739.41	6831.51	5
9004.22	7448.25	5
11179.82	9351.95	5
11109.42	13337.69	5
15549.8	10317.01	5
17815.4	14791.86	5
19904.14	16594.17	5
1.11	0.97	5
1.01	0.97	5
1.07	0.93	5
1.03	1.11	5
1.48	1.38	5
1.5	2.06	5
2.01	1.81	5
2.4	2.83	5
2.87	3.75	5
4.79	4.76	5
5.74	6.89	5
8.98	8.61	5
13.45	12.53	5
24.61	20.22	5
33.84	40.38	5
60.7	67.49	5
143.84	146.0	5
297.78	316.54	5
342.75	340.86	5
424.67	432.5	5
507.79	511.4	5
609.57	608.4	5
738.99	724.27	5
989.98	865.02	5
1116.81	1135.53	5
1.18	1.11	5
1.14	1.2	5
1.09	1.26	5
1.28	1.47	5
1.68	1.75	5
2.35	2.07	5
4.13	3.51	5
5.48	4.69	5
10.8	9.21	5
21.16	18.48	5
39.95	32.81	5
53.89	63.6	5
124.45	125.31	5
245.83	250.91	5
393.87	486.71	5
1016.76	1016.1	5
1929.66	1926.36	5
3065.33	4512.8	5
6715.66	7058.85	5
7453.41	9208.5	5
7610.74	9293.15	5
11022.27	13465.05	5
13088.64	10277.71	5
17699.13	11727.45	5
20158.2	20480.36	5
1.11	1.01	6
1.14	1.35	6
1.14	1.19	6
1.15	1.24	6
1.47	1.42	6
2.12	2.03	6
2.76	2.4	6
3.68	3.54	6
4.62	4.55	6
7.12	8.28	6
14.1	13.13	6
23.63	23.87	6
41.27	41.73	6
75.89	75.03	6
144.62	141.38	6
273.75	275.06	6
556.99	551.75	6
1053.07	1060.1	6
1565.62	1545.9	6
2074.64	2041.59	6
2535.89	2556.93	6
3012.66	3008.05	6
3604.82	3510.33	6
4022.72	4004.81	6
4561.37	4619.42	6
0.99	1.01	6
1.22	1.02	6
1.23	1.62	6
1.35	1.49	6
1.82	2.0	6
2.38	2.31	6
3.55	3.44	6
5.76	4.26	6
9.48	8.19	6
15.94	18.89	6
33.62	32.79	6
65.84	65.83	6
84.56	105.98	6
255.14	167.4	6
328.85	506.78	6
643.91	1003.96	6
1652.26	2006.32	6
2514.99	3218.24	6
4787.13	3720.85	6
7702.02	7726.54	6
9620.76	9642.57	6
11494.88	11537.84	6
13449.38	13597.0	6
12619.45	12678.29	6
11017.29	10996.58	6
1.0	1.05	6
1.03	1.03	6
1.19	0.99	6
1.42	1.36	6
1.41	1.41	6
1.81	1.86	6
2.3	2.57	6
3.75	3.57	6
4.8	4.42	6
8.36	8.73	6
15.67	15.96	6
23.61	26.17	6
42.76	42.38	6
74.7	84.32	6
154.73	142.42	6
279.86	281.28	6
544.37	563.32	6
1039.42	1100.4	6
1607.36	1561.06	6
2033.52	2199.52	6
2518.36	2706.57	6
3030.81	3162.65	6
3583.05	3551.6	6
3988.73	4190.62	6
4677.46	4490.89	6
0.98	1.05	6
1.45	1.08	6
1.34	1.35	6
1.47	1.46	6
1.93	2.11	6
2.48	2.83	6
3.6	3.66	6
6.2	5.96	6
10.8	9.16	6
19.36	17.42	6
22.62	34.2	6
67.88	68.08	6
87.71	108.81	6
212.47	270.52	6
334.16	505.14	6
832.75	999.24	6
1393.05	1306.52	6
3301.29	3992.78	6
4804.17	5767.97	6
7669.59	6305.02	6
9867.27	7862.32	6
11464.51	9611.76	6
13783.08	13333.35	6
15587.2	15337.79	6
17153.99	14056.95	6
1.21	0.96	7
1.09	1.03	7
1.3	1.22	7
1.7	1.58	7
1.87	2.0	7
2.49	2.57	7
3.62	3.55	7
5.46	6.03	7
8.04	6.89	7
19.09	15.93	7
28.17	35.42	7
55.8	44.62	7
128.92	107.7	7
256.23	213.31	7
513.37	510.26	7
650.77	832.47	7
2018.66	1658.52	7
3239.42	3220.89	7
4765.2	3755.14	7
6315.53	7717.53	7
7877.2	7889.87	7
11925.42	5308.16	7
11011.58	13404.07	7
15294.58	15319.49	7
14072.39	14137.93	7
1.0	1.13	7
1.02	1.22	7
1.12	1.08	7
1.29	1.32	7
1.28	1.53	7
1.96	2.21	7
2.33	2.48	7
3.21	3.38	7
4.65	4.86	7
6.76	7.51	7
14.0	13.6	7
23.67	23.1	7
40.74	41.12	7
75.04	75.77	7
145.51	140.27	7
271.26	273.76	7
536.77	537.42	7
1064.06	1066.48	7
1537.49	1546.83	7
2038.18	2059.61	7
2529.41	2604.87	7
3156.92	3078.86	7
3620.85	3598.34	7
4008.84	4119.93	7
4509.08	4638.52	7
1.05	0.97	7
0.88	0.93	7
1.26	1.18	7
1.49	1.43	7
1.94	1.99	7
2.4	2.53	7
3.28	3.6	7
4.13	5.58	7
10.6	9.55	7
19.82	16.75	7
36.1	39.14	7
56.61	67.76	7
110.14	93.21	7
260.11	214.37	7
522.51	512.1	7
923.3	875.52	7
2004.55	1652.2	7
3331.84	3909.38	7
5866.54	4857.84	7
6473.72	7993.18	7
9723.05	7837.27	7
9421.88	11453.63	7
13691.38	11586.94	7
12696.91	12892.25	7
17444.89	11048.69	7
0.97	1.08	7
1.03	1.13	7
1.2	1.25	7
1.37	1.25	7
1.41	1.34	7
1.8	1.83	7
2.63	2.6	7
3.63	3.34	7
4.85	5.22	7
8.41	8.17	7
14.81	14.3	7
23.97	23.43	7
41.51	41.15	7
75.27	83.64	7
145.56	142.56	7
287.95	279.73	7
541.22	563.81	7
1036.34	1048.17	7
1739.41	1530.66	7
2125.13	2141.26	7
2527.9	2662.04	7
3333.98	3031.56	7
3503.53	3526.92	7
4055.7	4012.44	7
4523.19	4572.26	7
1.09	1.11	8
1.07	0.95	8
1.04	1.12	8
1.23	1.32	8
1.53	1.41	8
2.01	2.07	8
3.17	3.1	8
5.64	4.78	8
8.64	8.73	8
19.77	19.37	8
38.74	38.09	8
73.44	61.5	8
148.26	120.65	8
291.37	242.5	8
485.2	487.63	8
1165.62	1166.4	8
2338.55	1929.06	8
3793.85	3769.34	8
6792.77	6863.76	8
9080.56	9073.14	8
11125.09	11150.18	8
13328.63	13488.78	8
10334.96	12940.73	8
17713.81	14707.57	8
16570.11	16535.06	8
1.06	1.02	8
0.99	1.03	8
0.95	1.08	8
1.26	1.23	8
1.69	1.6	8
1.51	1.76	8
1.63	1.89	8
2.67	2.48	8
3.26	2.68	8
3.93	4.57	8
5.18	5.5	8
8.4	8.93	8
12.96	14.02	8
19.95	19.2	8
34.96	33.46	8
61.45	60.24	8
121.03	122.35	8
226.28	228.69	8
359.53	321.4	8
438.09	430.97	8
571.11	537.85	8
616.02	648.32	8
712.77	723.53	8
884.99	837.24	8
933.25	931.72	8
0.98	0.99	8
0.93	0.92	8
1.08	1.02	8
1.17	1.28	8
1.48	1.46	8
2.16	2.07	8
4.15	3.55	8
5.12	5.34	8
10.9	9.38	8
18.13	23.12	8
32.79	39.16	8
76.99	77.49	8
148.71	123.93	8
295.22	296.31	8
583.24	491.28	8
1160.03	777.02	8
1550.72	2301.64	8
3843.07	2247.86	8
5709.53	6780.02	8
7525.06	8969.31	8
11242.84	11060.31	8
11238.98	13247.75	8
13101.83	12813.86	8
14726.01	11946.41	8
19813.82	16771.27	8
1.03	0.98	8
1.17	0.94	8
1.07	1.07	8
1.18	1.22	8
1.69	1.62	8
2.16	1.39	8
1.58	2.0	8
2.82	2.7	8
3.05	3.09	8
4.74	4.17	8
6.65	6.31	8
8.44	8.49	8
16.12	12.69	8
21.5	26.05	8
32.57	36.99	8
59.71	77.57	8
111.79	120.1	8
354.33	278.18	8
327.72	458.58	8
427.47	551.02	8
517.8	636.19	8
734.03	622.15	8
867.61	1165.95	8
847.13	831.61	8
1297.43	945.41	8
0.93	0.87	9
1.09	1.15	9
1.12	1.24	9
1.51	1.57	9
1.48	1.65	9
2.55	2.3	9
2.58	2.61	9
3.51	3.55	9
3.93	3.72	9
5.78	5.45	9
8.45	8.45	9
13.45	12.98	9
21.3	21.91	9
38.15	37.41	9
70.15	70.37	9
131.69	127.33	9
253.65	260.08	9
507.41	505.68	9
743.04	751.21	9
954.27	995.2	9
1224.13	1223.67	9
1470.17	1461.73	9
1688.42	1706.78	9
1927.57	1928.77	9
2183.18	2182.33	9
0.91	1.02	9
1.09	1.13	9
1.25	1.07	9
1.63	1.58	9
2.17	1.88	9
2.61	3.05	9
3.91	3.03	9
4.49	4.26	9
6.51	6.36	9
10.96	11.3	9
21.41	19.79	9
38.14	36.76	9
75.6	75.06	9
151.45	150.1	9
303.35	298.93	9
586.48	581.57	9
1195.16	1199.06	9
2281.45	2277.03	9
3392.69	3395.09	9
4518.88	4528.06	9
5760.79	5629.85	9
6722.87	6729.81	9
7933.23	7832.19	9
9044.44	8965.16	9
10060.68	10078.75	9
0.91	0.91	9
1.0	0.98	9
0.97	0.92	9
1.49	1.53	9
1.79	1.74	9
2.24	2.33	9
2.53	2.26	9
3.94	3.33	9
4.17	3.68	9
5.68	6.41	9
8.4	8.3	9
12.53	13.1	9
21.63	22.59	9
37.6	37.47	9
67.85	67.98	9
128.52	131.85	9
260.34	254.92	9
493.17	482.58	9
730.19	730.16	9
1008.34	1003.34	9
1230.94	1217.57	9
1441.74	1453.87	9
1690.28	1655.56	9
1961.17	1976.65	9
2133.29	2144.11	9
0.97	0.98	9
1.03	1.01	9
1.28	1.11	9
1.64	1.56	9
2.27	2.25	9
2.6	3.0	9
3.01	3.47	9
3.93	4.05	9
6.2	7.04	9
10.93	10.86	9
19.71	19.85	9
37.69	38.73	9
74.0	74.07	9
144.05	145.4	9
290.6	291.07	9
580.5	577.0	9
1146.97	1159.25	9
2242.52	2319.27	9
3329.63	3389.81	9
4427.92	4480.62	9
5537.55	5542.72	9
6819.57	6772.02	9
7708.85	7752.5	9
8814.31	8809.97	9
9886.54	10002.5	9
0.89	0.86	10
1.1	1.25	10
1.28	1.08	10
1.53	1.66	10
1.86	1.99	10
2.27	2.54	10
2.95	3.11	10
4.55	4.35	10
7.52	6.18	10
12.52	11.76	10
18.43	19.14	10
31.14	30.57	10
55.56	54.34	10
106.03	103.7	10
198.69	200.71	10
394.44	397.77	10
783.29	776.76	10
1506.27	1523.56	10
2223.25	2234.79	10
2955.29	2958.31	10
3671.37	3651.05	10
4447.7	4450.27	10
5144.78	5178.02	10
5880.03	5845.11	10
6639.35	6637.38	10
1.05	0.99	10
1.11	1.09	10
1.31	1.24	10
1.59	1.7	10
2.48	2.4	10
2.8	2.81	10
3.84	3.68	10
5.25	5.76	10
8.6	7.94	10
14.61	15.03	10
26.33	25.94	10
48.6	49.57	10
92.92	90.89	10
182.99	183.71	10
366.93	365.67	10
719.24	721.53	10
1445.51	1440.31	10
2837.88	2819.74	10
4292.32	4258.55	10
5541.56	5521.24	10
6884.98	6929.72	10
8246.49	8249.83	10
9647.91	9638.73	10
10983.8	10973.48	10
12327.06	12355.35	10
0.77	0.86	10
1.01	0.88	10
1.16	1.0	10
1.34	1.54	10
1.7	1.47	10
2.53	2.39	10
3.06	2.97	10
4.34	4.24	10
7.23	6.97	10
12.11	10.44	10
17.65	18.11	10
29.91	29.08	10
51.38	54.45	10
96.63	99.63	10
192.4	193.83	10
367.83	370.7	10
723.41	731.99	10
1386.92	1389.53	10
2055.13	2055.79	10
2750.04	2719.15	10
3385.49	3392.49	10
4036.68	4051.35	10
4697.61	4706.07	10
5338.69	5346.76	10
6037.01	6015.01	10
1.04	1.09	10
0.96	1.21	10
1.23	1.26	10
1.65	1.72	10
2.1	2.39	10
3.36	2.9	10
4.26	3.61	10
4.75	5.02	10
8.58	8.66	10
15.56	13.08	10
25.98	25.66	10
50.87	49.96	10
97.0	96.66	10
188.05	186.73	10
369.03	371.77	10
720.66	717.23	10
1445.97	1432.62	10
2808.38	2779.67	10
4330.44	4293.08	10
5602.34	5503.65	10
6825.67	6848.49	10
8196.84	8217.61	10
9538.74	9732.04	10
11135.91	11277.14	10
12185.36	12159.94	10
1.0	1.04	11
1.07	1.16	11
1.39	1.28	11
1.76	1.82	11
2.19	2.32	11
3.02	2.69	11
3.98	3.36	11
5.53	5.33	11
8.25	8.33	11
14.46	13.89	11
24.96	25.75	11
48.09	47.01	11
91.48	92.63	11
181.54	182.55	11
358.5	363.01	11
723.05	722.5	11
1452.86	1432.64	11
2779.41	2798.69	11
4168.82	4146.0	11
5527.56	5486.33	11
6963.7	6848.5	11
8454.93	8432.09	11
9581.05	9555.25	11
11064.93	11256.47	11
12301.76	12278.15	11
0.89	0.87	11
1.11	1.08	11
1.14	1.06	11
1.55	1.57	11
1.91	1.81	11
2.46	2.54	11
3.17	3.03	11
4.54	4.76	11
7.01	7.66	11
11.69	12.42	11
19.44	19.27	11
30.41	30.6	11
55.05	54.36	11
104.7	104.95	11
196.66	202.04	11
392.2	395.97	11
769.65	794.44	11
1548.78	1557.24	11
2235.57	2227.26	11
2962.27	2991.19	11
3664.89	3729.69	11
4435.97	4451.86	11
5139.95	5137.28	11
5859.98	5870.87	11
6605.36	6616.59	11
0.95	0.92	11
0.98	0.98	11
1.3	1.25	11
1.63	1.47	11
2.44	2.24	11
2.68	2.86	11
3.66	3.29	11
5.88	6.49	11
8.5	7.55	11
14.4	14.0	11
25.64	24.82	11
48.52	48.13	11
92.12	92.84	11
185.04	182.87	11
361.35	363.43	11
711.58	706.82	11
1424.71	1430.44	11
2726.14	2752.24	11
4100.84	4061.4	11
5570.03	5534.53	11
6753.85	6769.54	11
8112.31	8237.35	11
9434.4	9421.41	11
10770.25	10773.66	11
12112.99	12135.54	11
0.75	0.95	11
1.15	1.0	11
1.16	1.21	11
1.51	1.71	11
2.21	1.59	11
2.47	2.67	11
2.95	2.98	11
4.28	4.52	11
6.75	6.88	11
11.57	10.88	11
17.1	17.79	11
29.83	30.25	11
53.51	53.09	11
100.96	101.72	11
189.3	186.99	11
374.83	367.92	11
731.45	725.9	11
1408.38	1385.4	11
2078.77	2074.54	11
2736.53	2717.34	11
3427.98	3384.23	11
4066.3	4078.3	11
4727.1	4735.93	11
5463.54	5432.34	11
6044.61	6036.24	11
0.8	0.86	12
0.83	1.01	12
1.21	1.22	12
1.36	1.55	12
2.06	2.03	12
2.7	2.59	12
3.47	3.15	12
4.07	4.44	12
6.97	6.08	12
12.47	11.39	12
19.71	19.95	12
38.04	38.61	12
73.53	73.86	12
146.23	148.35	12
300.54	290.8	12
584.46	579.62	12
1191.3	1194.96	12
2261.92	2246.38	12
3411.64	3357.26	12
4498.77	4450.56	12
5571.26	5577.18	12
6825.01	6691.11	12
7790.77	7815.63	12
8927.79	8947.02	12
10282.21	10053.64	12
1.1	0.89	12
0.93	1.2	12
1.02	0.98	12
1.59	1.81	12
2.16	1.78	12
2.2	2.43	12
2.46	2.34	12
3.85	3.42	12
3.67	3.57	12
5.13	5.64	12
7.74	8.59	12
12.88	13.54	12
21.35	21.87	12
37.66	37.9	12
70.31	69.8	12
132.21	132.21	12
253.08	258.7	12
504.79	491.1	12
768.23	753.28	12
1000.14	1003.22	12
1230.79	1214.8	12
1476.96	1473.29	12
1702.34	1701.91	12
1948.73	1946.26	12
2175.29	2170.96	12
0.86	0.83	12
0.92	0.92	12
1.17	1.11	12
1.38	1.49	12
2.33	1.51	12
2.64	2.38	12
3.12	2.48	12
3.66	4.32	12
6.35	6.62	12
11.25	10.63	12
19.56	19.59	12
38.27	37.17	12
71.98	72.57	12
143.15	142.47	12
286.09	293.46	12
578.31	581.48	12
1178.15	1166.84	12
2239.89	2227.89	12
3321.21	3312.36	12
4485.31	4523.37	12
5455.04	5481.99	12
6529.49	6566.53	12
7672.1	7686.17	12
8766.85	8719.75	12
9798.75	9869.32	12
0.96	0.96	12
0.96	1.0	12
1.05	1.01	12
1.53	1.64	12
2.15	1.64	12
2.59	2.42	12
2.47	2.47	12
3.39	3.71	12
3.46	4.08	12
6.0	6.03	12
8.63	9.2	12
13.25	13.25	12
20.31	20.9	12
37.54	37.45	12
68.79	68.45	12
130.67	129.78	12
259.17	250.16	12
481.99	490.79	12
736.25	734.8	12
962.09	964.17	12
1197.89	1226.06	12
1465.76	1491.75	12
1674.07	1717.01	12
1935.78	1959.09	12
2142.68	2152.77	12
0.94	0.68	13
0.81	0.72	13
1.07	1.15	13
1.84	1.57	13
2.54	2.8	13
4.87	3.67	13
6.41	5.5	13
10.47	7.65	13
11.52	12.77	13
9.89	12.88	13
12.89	13.17	13
12.91	9.4	13
14.15	12.39	13
16.66	16.59	13
18.4	20.66	13
25.37	26.55	13
39.87	41.1	13
70.54	67.58	13
120.69	121.75	13
234.51	232.54	13
448.85	440.67	13
668.83	664.96	13
838.23	885.16	13
1091.1	1066.79	13
1297.51	1293.69	13
1558.49	1480.08	13
1748.46	1741.4	13
1968.57	1888.61	13
0.77	0.6	13
0.7	0.76	13
2.03	0.99	13
1.56	1.61	13
2.66	2.67	13
4.66	3.26	13
6.89	9.24	13
7.23	7.45	13
12.66	8.48	13
14.08	14.14	13
13.04	12.99	13
15.79	17.97	13
16.52	18.15	13
22.73	25.75	13
36.76	34.83	13
60.56	56.77	13
95.68	97.48	13
189.9	184.01	13
367.17	367.3	13
715.22	712.52	13
1376.06	1382.63	13
2055.35	2040.21	13
2714.21	2720.92	13
3399.46	3364.09	13
4128.63	4135.97	13
4684.94	4713.92	13
5358.09	5365.9	13
6327.27	6258.47	13
0.59	0.56	13
0.74	0.97	13
1.02	1.01	13
1.66	1.67	13
2.74	2.52	13
3.91	4.49	13
6.56	7.15	13
8.49	6.28	13
9.85	7.46	13
10.37	10.12	13
12.94	12.62	13
11.15	10.81	13
10.26	15.63	13
15.7	15.53	13
21.66	18.38	13
25.67	25.46	13
45.19	44.46	13
72.32	74.4	13
123.5	136.2	13
224.49	243.79	13
458.69	468.16	13
617.31	657.87	13
813.99	800.1	13
1020.03	984.53	13
1182.23	1205.97	13
1533.41	1380.89	13
1602.59	1566.98	13
1770.06	1796.33	13
0.67	0.65	13
0.73	0.72	13
1.15	1.07	13
1.72	1.53	13
2.63	2.93	13
4.01	3.53	13
7.64	7.65	13
7.54	9.05	13
15.37	7.52	13
14.15	11.73	13
15.02	9.78	13
16.53	16.25	13
17.94	17.1	13
21.57	25.46	13
34.13	33.94	13
54.96	53.83	13
95.79	95.08	13
186.41	184.87	13
362.09	359.15	13
700.12	689.62	13
1320.4	1320.75	13
1941.35	1963.38	13
2654.28	2586.7	13
3185.52	3200.09	13
3916.08	3911.7	13
4430.02	4433.96	13
5080.41	5093.84	13
5694.29	5645.48	13
0.64	0.67	14
0.85	0.78	14
1.26	1.06	14
1.86	1.53	14
2.69	3.08	14
4.33	4.63	14
5.36	7.89	14
7.76	10.28	14
10.82	12.15	14
10.32	11.1	14
16.38	12.97	14
14.49	13.1	14
17.65	18.81	14
23.76	23.54	14
31.36	34.44	14
56.22	51.32	14
93.84	95.25	14
174.93	171.51	14
333.71	338.59	14
663.7	655.21	14
1264.22	1282.65	14
1875.15	1880.07	14
2464.7	2457.54	14
3055.36	3076.0	14
3678.21	3655.53	14
4275.15	4271.4	14
5059.03	5050.31	14
5469.68	5452.22	14
0.68	0.65	14
0.96	0.81	14
1.29	1.27	14
1.61	1.77	14
2.87	2.69	14
5.12	4.27	14
7.14	5.49	14
9.13	12.59	14
12.63	11.11	14
10.16	13.77	14
13.71	13.35	14
13.78	15.04	14
13.48	20.64	14
17.66	24.43	14
30.38	29.3	14
48.44	46.25	14
83.62	80.96	14
147.99	150.04	14
288.27	290.29	14
571.67	560.83	14
1072.15	1062.68	14
1608.21	1605.12	14
2090.33	2082.98	14
2665.16	2648.04	14
3088.43	3110.1	14
3620.47	3585.7	14
4148.62	4090.96	14
4578.24	4621.94	14
0.68	0.56	14
0.77	0.87	14
1.09	1.03	14
1.49	1.56	14
2.64	2.32	14
3.96	4.08	14
6.85	7.04	14
6.49	10.57	14
12.2	12.77	14
13.88	10.66	14
15.75	12.43	14
15.11	13.04	14
18.18	18.5	14
18.88	21.0	14
34.49	34.79	14
51.59	54.39	14
95.01	93.82	14
172.0	178.99	14
344.82	335.84	14
636.82	680.58	14
1265.51	1296.08	14
1856.36	1824.96	14
2440.33	2422.28	14
2994.17	2969.55	14
3567.71	3564.4	14
4143.92	4164.96	14
4898.76	4706.25	14
5299.11	5294.16	14
0.72	0.77	14
1.02	0.79	14
1.34	1.38	14
1.7	1.67	14
2.97	2.99	14
4.28	4.62	14
7.68	5.1	14
9.33	11.02	14
10.21	10.74	14
12.44	11.04	14
14.37	12.85	14
15.14	13.86	14
16.93	17.5	14
20.26	21.76	14
30.52	29.71	14
47.73	46.81	14
80.86	78.73	14
148.91	148.57	14
284.72	288.52	14
550.81	554.46	14
1059.42	1071.83	14
1564.95	1562.79	14
2107.28	2163.9	14
2558.37	2591.23	14
3066.17	3065.34	14
3734.75	3651.34	14
4059.84	4077.17	14
4596.99	4542.19	14
0.62	0.75	15
0.79	0.89	15
1.05	1.24	15
1.67	2.03	15
2.83	2.84	15
4.98	4.37	15
7.13	7.55	15
7.25	7.67	15
12.09	7.89	15
10.06	11.65	15
10.12	10.92	15
21.6	15.78	15
17.67	16.82	15
21.48	22.38	15
29.0	26.26	15
46.88	47.87	15
79.97	79.46	15
150.22	148.08	15
279.91	284.63	15
549.27	548.75	15
1057.71	1062.06	15
1565.59	1572.92	15
2065.5	2075.36	15
2587.97	2583.08	15
3067.17	3104.89	15
3569.19	3612.34	15
4117.87	4095.69	15
4611.81	4613.12	15
0.64	0.69	15
0.83	0.99	15
1.13	1.17	15
1.72	1.8	15
2.72	2.68	15
4.6	4.57	15
5.22	6.97	15
9.69	7.01	15
11.14	8.5	15
14.36	13.09	15
13.88	12.97	15
14.96	11.72	15
17.74	15.19	15
18.59	22.49	15
35.28	32.59	15
52.46	53.13	15
94.8	93.33	15
179.47	175.0	15
339.34	336.67	15
667.14	654.93	15
1257.93	1270.83	15
1875.15	1864.11	15
2473.68	2475.85	15
3081.93	3082.13	15
3684.16	3668.38	15
4307.16	4261.51	15
4952.67	4948.78	15
5471.95	5469.38	15
0.67	0.66	15
0.82	0.77	15
1.1	1.01	15
1.82	1.59	15
2.79	3.21	15
4.94	4.26	15
6.21	6.93	15
10.15	10.11	15
14.61	11.47	15
11.46	13.78	15
11.6	15.3	15
15.28	12.49	15
17.24	17.36	15
21.92	20.58	15
28.69	28.61	15
48.63	45.95	15
83.47	80.77	15
149.97	147.7	15
288.25	287.75	15
557.93	548.41	15
1077.27	1078.91	15
1544.6	1550.32	15
2054.11	2053.0	15
2541.49	2550.01	15
3074.51	3054.93	15
3551.06	3536.69	15
4055.9	4027.52	15
4540.72	4566.92	15
0.74	0.66	15
1.01	0.91	15
1.07	1.05	15
1.53	1.74	15
2.67	2.81	15
4.48	4.41	15
7.97	5.57	15
10.5	9.74	15
10.75	11.75	15
11.69	8.68	15
14.02	15.37	15
13.99	14.96	15
17.54	17.13	15
24.08	22.75	15
35.17	30.15	15
53.78	57.01	15
99.3	93.57	15
176.17	183.14	15
336.65	345.96	15
645.85	664.36	15
1238.51	1255.85	15
1822.24	1830.85	15
2405.14	2418.43	15
3021.72	3014.33	15
3577.72	3561.25	15
4162.23	4136.34	15
4793.45	4719.34	15
5334.21	5337.35	15
0.59	0.6	16
0.72	0.73	16
1.03	0.93	16
1.53	1.63	16
2.9	2.65	16
4.65	3.97	16
7.32	6.27	16
4.56	8.97	16
11.09	10.74	16
13.43	12.97	16
14.63	14.66	16
14.9	16.67	16
20.85	16.73	16
26.28	25.46	16
34.2	35.66	16
60.66	60.95	16
106.45	103.7	16
195.46	197.43	16
366.39	362.68	16
723.55	718.8	16
1382.64	1382.89	16
2047.37	2046.83	16
2723.4	2692.45	16
3469.66	3445.11	16
4122.44	4146.96	16
4740.49	4695.47	16
5386.35	5362.49	16
6024.8	6031.21	16
0.59	0.6	16
0.71	0.78	16
1.22	0.95	16
1.81	1.79	16
2.7	2.88	16
5.17	4.66	16
5.84	7.06	16
10.17	10.53	16
7.52	13.13	16
10.84	10.11	16
13.22	12.14	16
9.71	12.71	16
10.34	15.58	16
17.16	17.22	16
19.89	21.54	16
28.24	26.37	16
42.94	42.79	16
67.62	67.49	16
127.21	118.99	16
237.78	233.18	16
438.84	438.83	16
656.3	662.16	16
870.5	853.22	16
1081.8	1081.34	16
1303.0	1284.28	16
1527.59	1545.36	16
1758.73	1679.01	16
1984.91	1933.85	16
0.65	0.55	16
0.66	0.6	16
0.97	0.95	16
1.49	1.54	16
2.63	2.59	16
4.44	4.61	16
6.37	7.31	16
10.84	10.35	16
11.42	11.43	16
14.19	14.37	16
13.24	12.73	16
14.64	14.32	16
19.66	19.72	16
23.82	24.01	16
36.35	32.07	16
59.9	58.25	16
106.53	98.61	16
182.73	184.76	16
354.26	364.89	16
696.7	709.61	16
1304.53	1297.55	16
1932.65	1939.3	16
2577.38	2555.5	16
3208.98	3156.88	16
3913.04	3906.16	16
4448.98	4434.45	16
5146.18	5067.23	16
5869.04	5767.85	16
0.58	0.58	16
0.72	0.74	16
1.06	0.95	16
1.55	1.85	16
2.52	3.05	16
4.17	4.78	16
5.54	6.98	16
8.58	9.28	16
11.19	9.63	16
11.56	11.96	16
13.32	12.75	16
11.06	14.2	16
12.47	13.61	16
13.69	16.36	16
19.6	19.67	16
29.61	26.21	16
44.18	45.53	16
74.19	71.85	16
133.24	126.1	16
239.92	246.19	16
421.32	448.06	16
611.16	660.92	16
838.73	804.14	16
1021.15	997.81	16
1214.32	1211.79	16
1394.16	1425.75	16
1578.18	1550.05	16
1779.57	1740.71	16
0.77	0.71	17
1.0	0.91	17
1.46	1.75	17
2.36	2.36	17
4.02	3.73	17
6.41	5.62	17
8.06	8.62	17
11.78	11.48	17
10.53	12.46	17
14.47	13.35	17
14.22	13.1	17
13.15	14.43	17
17.51	16.91	17
18.49	17.72	17
24.92	27.33	17
35.77	38.04	17
60.69	60.02	17
106.52	104.88	17
200.69	193.41	17
383.04	385.84	17
728.34	740.2	17
1083.6	1080.87	17
1431.34	1419.24	17
1812.11	1785.75	17
2134.89	2164.71	17
2501.36	2471.22	17
2837.08	2823.45	17
3202.89	3168.16	17
0.73	0.7	17
0.98	0.98	17
1.46	1.33	17
2.33	2.34	17
3.25	3.37	17
6.29	6.47	17
7.19	7.21	17
7.94	13.86	17
11.72	12.96	17
13.54	16.06	17
16.06	15.24	17
20.65	20.5	17
24.8	27.44	17
36.68	38.29	17
60.23	63.16	17
107.74	104.21	17
204.1	200.97	17
391.82	390.96	17
772.8	772.7	17
1515.92	1520.27	17
2968.98	2968.96	17
4398.59	4372.89	17
5796.94	5837.29	17
7332.64	7227.26	17
8666.75	8710.53	17
10109.32	10091.03	17
11557.4	11552.55	17
13287.12	13208.72	17
0.65	0.68	17
0.83	0.92	17
1.49	1.34	17
2.15	2.49	17
3.17	3.95	17
6.25	5.86	17
8.5	8.68	17
12.39	7.89	17
10.23	12.24	17
13.09	13.18	17
11.67	13.43	17
13.21	14.32	17
10.85	14.56	17
17.96	15.16	17
25.55	26.24	17
34.13	37.43	17
60.23	61.98	17
103.39	108.21	17
198.66	187.94	17
347.72	374.55	17
663.43	651.02	17
982.41	978.67	17
1317.73	1307.56	17
1616.41	1610.15	17
1909.77	1913.01	17
2255.4	2219.57	17
2603.65	2544.21	17
2856.54	2849.11	17
0.69	0.7	17
0.99	0.93	17
1.38	1.41	17
2.07	2.15	17
3.97	3.8	17
7.89	6.44	17
9.41	7.37	17
9.18	11.22	17
13.37	16.34	17
12.88	14.96	17
15.92	13.79	17
14.72	20.4	17
25.99	24.25	17
37.21	36.22	17
59.59	57.53	17
104.96	109.73	17
200.72	201.32	17
394.26	399.47	17
774.64	776.04	17
1501.44	1483.99	17
2884.98	2901.23	17
4321.95	4309.81	17
5659.9	5705.1	17
7220.31	7110.15	17
8423.2	8649.72	17
9968.84	10044.41	17
11486.8	11475.48	17
12636.74	12632.27	17
0.71	0.84	18
1.0	1.03	18
1.47	1.47	18
2.55	2.17	18
4.17	3.77	18
5.61	6.21	18
8.99	9.46	18
10.37	11.93	18
11.25	10.01	18
13.79	12.93	18
14.43	15.04	18
18.5	16.01	18
19.82	20.42	18
27.88	26.17	18
43.01	38.12	18
72.63	73.0	18
129.26	135.81	18
246.14	249.04	18
482.41	482.27	18
941.67	933.53	18
1822.93	1825.24	18
2680.17	2696.93	18
3584.03	3578.57	18
4438.07	4450.92	18
5328.28	5317.37	18
6203.22	6169.74	18
7148.19	7134.44	18
7970.02	7933.81	18
0.85	0.83	18
1.01	1.0	18
1.51	1.43	18
2.34	2.3	18
3.62	3.79	18
4.57	6.03	18
8.01	8.05	18
12.62	12.86	18
14.4	12.87	18
13.72	15.94	18
14.86	14.61	18
18.87	18.82	18
24.85	25.22	18
33.37	34.23	18
56.99	57.2	18
96.4	95.21	18
183.22	180.88	18
347.22	352.78	18
687.47	681.61	18
1360.27	1375.49	18
2654.62	2658.56	18
3941.55	3929.72	18
5216.67	5280.75	18
6811.35	6598.56	18
7972.62	7791.32	18
9271.8	9173.78	18
10341.57	10315.04	18
11593.36	11571.48	18
0.78	0.72	18
0.91	0.94	18
1.41	1.44	18
2.29	2.29	18
3.7	3.6	18
4.77	6.15	18
9.21	7.66	18
13.51	10.73	18
13.34	12.99	18
11.94	11.67	18
13.7	15.94	18
16.88	13.7	18
16.74	20.88	18
28.46	28.11	18
42.09	43.02	18
71.82	73.56	18
131.12	128.95	18
240.01	244.39	18
466.74	474.02	18
915.26	906.81	18
1749.37	1761.4	18
2578.75	2588.71	18
3476.49	3409.53	18
4279.76	4238.55	18
5068.17	5069.02	18
5887.56	5870.33	18
6695.69	6736.29	18
7497.91	7546.14	18
0.73	0.76	18
1.08	1.04	18
1.73	1.54	18
2.31	2.46	18
3.31	3.84	18
5.81	6.37	18
8.28	8.96	18
8.94	13.34	18
13.26	13.25	18
12.54	13.56	18
17.08	17.3	18
18.39	18.07	18
21.21	23.25	18
35.78	36.52	18
55.01	56.27	18
102.0	100.46	18
185.49	183.62	18
349.73	345.95	18
699.34	695.8	18
1377.88	1377.28	18
2626.24	2614.53	18
3915.99	4037.59	18
5100.25	5130.53	18
6396.32	6395.8	18
7661.97	7656.01	18
8898.66	8923.6	18
10193.31	10216.86	18
11466.17	11415.51	18
0.72	0.82	19
1.0	0.92	19
1.47	1.45	19
2.31	2.35	19
3.99	3.12	19
6.42	6.04	19
7.35	9.19	19
10.69	13.7	19
13.35	12.5	19
14.95	15.56	19
14.6	15.56	19
19.54	16.9	19
26.31	24.4	19
37.44	36.7	19
55.03	55.32	19
98.98	100.15	19
183.35	180.63	19
353.01	349.79	19
682.58	680.21	19
1349.01	1357.04	19
2617.27	2634.01	19
3920.56	3910.23	19
5198.72	5166.24	19
6471.44	6479.16	19
7767.43	7756.22	19
9057.25	9227.69	19
10313.55	10335.81	19
11569.9	11548.75	19
0.7	0.73	19
0.98	1.03	19
1.52	1.52	19
2.4	2.47	19
3.66	4.06	19
6.82	5.95	19
6.07	8.05	19
12.65	10.62	19
14.54	14.94	19
14.49	14.87	19
15.31	13.51	19
14.28	14.08	19
20.84	20.68	19
26.57	27.1	19
44.38	44.8	19
70.48	72.99	19
128.98	129.51	19
249.61	247.2	19
473.78	473.79	19
943.85	937.24	19
1807.39	1824.03	19
2723.84	2727.33	19
3561.47	3555.33	19
4491.94	4473.7	19
5326.79	5320.31	19
6250.09	6243.33	19
7073.97	7062.5	19
7933.72	7958.59	19
0.68	0.74	19
0.95	0.95	19
1.44	1.46	19
2.21	2.55	19
4.08	3.92	19
6.55	6.37	19
8.74	8.84	19
14.1	11.18	19
12.42	14.07	19
12.11	15.99	19
12.86	17.72	19
17.12	17.58	19
23.69	23.67	19
31.9	33.44	19
53.73	54.86	19
96.78	98.86	19
178.81	177.39	19
341.78	345.52	19
673.64	670.95	19
1331.33	1341.83	19
2580.94	2590.38	19
3836.19	3832.43	19
5094.63	5085.17	19
6339.65	6329.09	19
7619.17	7767.73	19
8882.68	8877.79	19
10130.52	10086.75	19
11323.51	11353.23	19
0.77	0.82	19
1.19	0.97	19
1.64	2.07	19
2.25	2.17	19
3.48	3.61	19
6.78	6.71	19
10.13	8.54	19
10.08	10.56	19
11.31	12.78	19
15.71	13.59	19
13.14	14.43	19
13.82	16.29	19
20.71	20.51	19
28.2	27.12	19
43.76	42.42	19
70.95	71.1	19
129.56	129.76	19
245.59	247.24	19
493.77	468.73	19
909.92	927.51	19
1735.64	1737.98	19
2598.54	2582.06	19
3416.31	3419.77	19
4317.98	4239.88	19
5108.86	5065.4	19
5929.29	5927.24	19
6871.76	6837.33	19
7611.62	7688.23	19
0.71	0.61	20
0.87	0.92	20
1.3	1.39	20
2.22	2.22	20
3.88	3.93	20
5.39	6.07	20
7.67	9.39	20
11.89	12.02	20
15.39	10.98	20
14.22	15.01	20
16.6	16.81	20
20.04	17.89	20
26.04	26.69	20
34.11	37.41	20
60.79	60.84	20
108.55	106.57	20
200.08	199.51	20
393.27	390.32	20
765.68	768.39	20
1572.28	1559.95	20
3098.47	3026.53	20
4396.07	4474.93	20
5956.6	5772.38	20
7214.11	7189.38	20
8623.54	8621.12	20
10038.78	10058.23	20
11483.93	11435.52	20
12909.73	13203.89	20
0.7	0.67	20
0.86	1.08	20
1.49	1.34	20
2.27	2.24	20
3.78	4.12	20
6.49	5.6	20
8.31	7.41	20
10.72	9.95	20
11.42	12.42	20
9.33	12.45	20
9.81	13.43	20
13.67	13.2	20
15.65	14.69	20
18.73	18.33	20
27.17	25.25	20
36.49	40.53	20
61.28	61.74	20
107.7	115.08	20
198.91	202.08	20
383.66	376.05	20
742.92	730.39	20
1085.51	1091.06	20
1465.18	1429.95	20
1782.64	1758.95	20
2139.9	2116.45	20
2475.31	2473.94	20
2886.05	2878.18	20
3171.81	3188.95	20
0.63	0.65	20
0.84	0.86	20
1.36	1.21	20
2.03	2.15	20
3.38	3.83	20
5.65	6.05	20
7.29	6.53	20
13.06	8.15	20
13.69	15.18	20
12.74	14.06	20
15.97	17.9	20
17.95	19.75	20
25.17	22.88	20
33.14	33.27	20
55.73	58.53	20
103.42	104.97	20
194.49	198.87	20
381.09	378.45	20
748.84	747.2	20
1475.56	1460.61	20
2839.42	2860.85	20
4195.29	4217.25	20
5583.7	5630.34	20
6976.44	6963.42	20
8338.57	8365.45	20
9705.66	9724.47	20
11352.85	11163.07	20
12460.56	12469.61	20
0.69	0.69	20
0.9	0.89	20
1.39	1.38	20
2.14	2.21	20
3.72	3.98	20
5.66	5.32	20
7.76	9.16	20
8.18	8.52	20
10.12	8.32	20
10.19	9.22	20
12.74	13.4	20
9.46	12.62	20
14.8	12.55	20
17.29	16.35	20
24.83	25.53	20
40.87	37.16	20
59.61	57.89	20
106.57	98.38	20
187.55	183.02	20
343.76	340.18	20
660.04	673.37	20
983.25	987.14	20
1352.12	1268.42	20
1626.86	1601.09	20
1936.44	1904.56	20
2260.63	2234.46	20
2551.55	2543.56	20
2871.54	2839.25	20
