1.0	0.85	1
1.23	1.27	1
1.56	2.04	1
3.29	3.02	1
4.66	4.19	1
4.83	7.15	1
6.1	6.38	1
8.05	8.31	1
12.74	10.3	1
17.37	15.97	1
25.19	26.16	1
45.08	43.24	1
83.0	86.38	1
158.31	165.05	1
320.3	313.01	1
609.15	625.39	1
1174.25	1219.53	1
1932.87	1947.13	1
2208.37	2255.35	1
2516.37	2541.14	1
2752.28	2741.59	1
2920.49	2888.33	1
3207.82	3229.1	1
3314.73	3398.09	1
3461.46	3478.55	1
0.84	0.89	1
1.2	1.08	1
1.74	1.66	1
2.57	2.56	1
3.8	2.73	1
4.81	5.28	1
4.74	5.35	1
7.6	8.87	1
8.81	9.53	1
17.47	18.89	1
33.39	32.43	1
59.7	61.72	1
118.34	121.04	1
240.31	240.23	1
466.76	465.68	1
895.76	902.25	1
1738.02	1718.39	1
2738.78	2776.87	1
3309.6	3303.68	1
3879.24	3911.38	1
4551.13	4494.73	1
5031.56	4979.48	1
5588.81	5540.99	1
6073.8	6087.78	1
6498.95	6556.27	1
0.89	0.84	1
1.23	1.22	1
1.88	1.74	1
2.8	2.82	1
4.26	3.63	1
6.1	6.5	1
5.28	6.08	1
9.0	9.82	1
11.27	10.99	1
15.97	17.8	1
25.1	28.96	1
50.0	47.66	1
89.36	89.3	1
182.13	172.45	1
347.57	323.78	1
641.37	633.35	1
1232.32	1217.63	1
1923.52	1945.37	1
2236.67	2239.28	1
2462.8	2472.67	1
2679.11	2670.72	1
2836.99	2880.01	1
3029.35	3040.64	1
3223.08	3203.97	1
3364.27	3354.86	1
0.81	0.93	1
1.05	1.27	1
1.63	1.6	1
2.49	2.48	1
3.96	4.17	1
5.22	5.07	1
4.2	5.34	1
7.5	6.98	1
10.15	9.99	1
18.06	18.18	1
34.34	32.47	1
61.33	62.59	1
120.75	114.24	1
237.21	234.83	1
477.9	458.62	1
908.03	891.56	1
1676.82	1693.5	1
2617.28	2628.26	1
3313.84	3265.9	1
3788.82	3782.07	1
4348.25	4341.0	1
4896.24	4841.14	1
5367.59	5364.43	1
5899.37	6025.22	1
6330.56	6291.24	1
0.96	0.88	2
1.42	1.22	2
1.76	1.87	2
2.52	2.71	2
4.91	3.9	2
5.25	6.75	2
5.95	7.0	2
9.12	8.68	2
12.04	13.43	2
21.56	21.02	2
35.5	34.14	2
62.95	63.71	2
118.95	124.05	2
241.41	240.52	2
480.95	486.67	2
883.99	884.76	2
1729.98	1754.38	2
2657.31	2689.95	2
3339.33	3271.37	2
3822.64	3848.04	2
4501.86	4404.2	2
4917.07	4925.01	2
5472.48	5573.39	2
6079.31	6077.48	2
6419.43	6463.88	2
0.93	0.89	2
1.41	1.43	2
2.41	2.12	2
3.98	4.04	2
6.61	5.52	2
8.12	7.17	2
7.86	8.23	2
10.21	9.73	2
12.46	13.33	2
20.29	17.12	2
28.1	27.16	2
46.98	49.88	2
88.0	87.39	2
166.84	173.11	2
326.98	325.66	2
621.12	628.76	2
1204.07	1238.42	2
1937.55	1930.39	2
2208.06	2284.13	2
2573.24	2615.03	2
2738.44	2805.85	2
3007.89	2984.13	2
3219.79	3212.01	2
3358.79	3365.84	2
3556.83	3529.86	2
0.86	1.31	2
1.2	1.14	2
1.63	1.67	2
2.67	2.69	2
3.77	5.11	2
4.72	3.52	2
7.55	5.91	2
7.44	8.13	2
13.07	11.1	2
19.73	18.36	2
32.25	34.22	2
61.16	63.05	2
121.36	120.74	2
234.9	238.67	2
456.69	461.73	2
897.01	875.8	2
1678.15	1664.53	2
2611.05	2611.02	2
3172.45	3187.95	2
3682.31	3727.9	2
4339.67	4348.2	2
4707.93	4702.03	2
5233.21	5263.27	2
5713.59	5769.81	2
6281.85	6392.63	2
1.07	1.13	2
1.4	1.37	2
2.38	2.16	2
3.49	3.91	2
6.51	6.08	2
6.08	7.38	2
7.76	7.74	2
10.38	8.63	2
11.29	8.95	2
19.29	18.3	2
28.32	26.0	2
49.59	44.58	2
89.46	89.83	2
174.41	167.42	2
337.26	328.21	2
619.64	622.31	2
1227.56	1230.9	2
1924.41	1919.23	2
2178.15	2237.84	2
2496.88	2479.66	2
2761.09	2710.96	2
2921.8	2934.85	2
3207.5	3203.13	2
3277.7	3311.34	2
3552.62	3514.65	2
1.04	1.04	3
1.35	1.45	3
2.09	2.19	3
3.38	3.74	3
4.71	5.59	3
6.5	6.42	3
5.59	9.67	3
10.61	9.64	3
12.52	12.35	3
20.33	18.91	3
26.25	27.85	3
48.3	48.61	3
87.42	84.37	3
169.52	160.79	3
316.89	330.65	3
614.36	613.45	3
1191.62	1220.39	3
1927.15	1914.44	3
2216.24	2217.35	3
2559.74	2524.22	3
2751.55	2757.14	3
2961.78	2985.7	3
3224.45	3268.6	3
3374.86	3346.12	3
3597.69	3528.53	3
1.02	0.89	3
1.22	1.18	3
1.93	1.81	3
3.29	2.94	3
4.78	4.12	3
5.21	4.96	3
6.17	7.58	3
8.33	9.54	3
10.77	14.01	3
19.42	20.25	3
35.03	32.8	3
63.14	64.98	3
121.87	119.84	3
247.59	246.66	3
482.25	489.76	3
908.92	910.98	3
1718.66	1731.11	3
2743.48	2708.09	3
3303.6	3299.81	3
3827.61	3894.98	3
4464.53	4510.59	3
4923.27	4917.41	3
5463.23	5441.65	3
5986.53	5975.39	3
6479.81	6466.91	3
1.06	1.68	3
1.34	1.17	3
2.17	2.29	3
3.82	3.46	3
4.41	5.1	3
5.29	5.61	3
8.93	8.19	3
9.39	9.34	3
11.58	13.18	3
16.95	18.26	3
28.08	26.97	3
50.58	47.64	3
86.51	88.95	3
168.65	170.37	3
326.0	320.99	3
625.25	611.98	3
1217.71	1208.42	3
1961.48	1978.27	3
2174.9	2168.77	3
2433.04	2425.97	3
2686.3	2738.39	3
2906.71	2905.22	3
3084.52	3114.28	3
3248.41	3298.57	3
3408.11	3429.14	3
0.91	0.82	3
1.26	1.23	3
1.86	1.83	3
2.81	2.95	3
4.75	4.61	3
5.26	6.85	3
6.25	5.62	3
8.12	8.92	3
10.36	12.91	3
18.95	18.64	3
35.05	35.34	3
64.26	63.74	3
124.02	123.5	3
246.03	242.83	3
468.07	470.07	3
907.32	909.26	3
1677.08	1687.45	3
2629.81	2730.66	3
3188.56	3181.37	3
3687.65	3739.58	3
4237.75	4243.1	3
4735.3	4773.75	3
5273.69	5271.45	3
5902.45	5760.48	3
6350.95	6275.32	3
0.92	0.92	4
1.26	1.81	4
2.09	1.83	4
2.93	3.14	4
4.9	4.76	4
5.01	6.49	4
7.08	5.41	4
6.65	9.09	4
12.3	11.82	4
19.17	19.44	4
33.29	34.35	4
62.65	62.55	4
124.38	122.74	4
239.67	238.52	4
463.0	470.59	4
937.79	955.06	4
1731.58	1743.68	4
2697.63	2649.97	4
3286.36	3276.16	4
3970.03	3991.43	4
4462.99	4429.95	4
5022.08	4971.54	4
5498.13	5492.65	4
6031.12	6025.2	4
6502.78	6518.22	4
1.0	0.91	4
1.44	1.33	4
2.14	2.47	4
3.51	3.8	4
5.43	5.75	4
5.94	5.94	4
10.53	10.29	4
9.18	10.45	4
13.19	11.35	4
19.89	17.33	4
29.13	29.69	4
47.37	50.22	4
86.47	86.28	4
163.62	164.04	4
320.09	325.74	4
624.36	608.61	4
1205.2	1177.86	4
1922.19	1928.63	4
2359.92	2320.73	4
2508.48	2502.98	4
2762.78	2725.79	4
2956.77	2936.92	4
3154.87	3164.99	4
3467.53	3337.8	4
3441.71	3505.95	4
0.77	0.82	4
1.1	1.24	4
1.63	1.7	4
2.91	3.09	4
3.98	4.23	4
5.09	3.95	4
6.85	6.56	4
7.85	7.52	4
10.6	11.17	4
20.51	19.51	4
32.9	34.09	4
62.91	63.63	4
117.55	120.4	4
229.62	229.42	4
458.11	447.07	4
905.28	907.29	4
1687.26	1650.72	4
2580.7	2594.35	4
3209.54	3197.56	4
3775.18	3726.59	4
4300.74	4369.56	4
4809.32	4818.05	4
5292.38	5321.03	4
5835.08	5804.47	4
6280.64	6263.66	4
1.03	0.86	4
1.34	1.37	4
2.26	2.23	4
3.74	3.99	4
5.46	5.23	4
7.65	5.63	4
7.04	8.57	4
8.41	9.39	4
12.28	11.68	4
20.22	18.83	4
27.3	29.42	4
48.64	49.12	4
84.67	84.59	4
164.05	167.72	4
321.54	310.63	4
653.19	651.6	4
1156.15	1168.93	4
1905.0	1902.48	4
2214.04	2197.43	4
2457.47	2437.91	4
2675.56	2689.62	4
3024.7	3103.35	4
3046.06	3047.02	4
3304.36	3323.23	4
3342.48	3394.92	4
1.07	1.18	5
1.17	1.15	5
1.16	1.18	5
1.21	1.26	5
1.7	1.41	5
1.78	1.81	5
1.86	1.92	5
2.66	2.99	5
3.15	2.76	5
4.51	4.34	5
5.22	5.75	5
7.87	8.65	5
12.0	12.19	5
19.07	19.04	5
34.26	32.72	5
60.0	61.63	5
113.65	112.27	5
218.82	216.57	5
316.86	320.29	5
432.68	411.14	5
517.55	515.96	5
626.25	620.63	5
712.5	723.46	5
850.73	839.48	5
936.29	932.3	5
0.74	1.08	5
1.13	1.15	5
1.1	1.25	5
1.29	1.2	5
1.8	1.69	5
2.2	2.15	5
3.43	3.43	5
5.64	5.77	5
10.13	10.37	5
19.32	19.18	5
37.47	37.79	5
73.9	73.99	5
148.82	148.07	5
296.01	294.89	5
584.35	583.48	5
1164.06	1168.06	5
2346.3	2337.3	5
4586.76	4620.52	5
6788.99	6743.41	5
8952.44	8986.4	5
11193.83	11503.34	5
13380.06	13390.14	5
15513.17	15557.32	5
17783.98	17735.8	5
19976.2	19913.77	5
1.08	1.03	5
1.0	0.97	5
1.09	1.0	5
1.06	1.23	5
1.51	1.62	5
1.79	1.84	5
1.66	1.7	5
2.8	2.48	5
3.12	3.44	5
5.0	4.35	5
6.57	6.14	5
9.02	9.29	5
12.27	14.87	5
19.33	19.25	5
41.9	47.99	5
59.2	71.92	5
112.54	111.56	5
342.67	256.37	5
313.11	388.97	5
408.45	417.67	5
515.15	654.38	5
731.54	876.62	5
716.74	889.0	5
1045.89	824.63	5
1506.23	919.28	5
1.08	1.15	5
1.17	1.17	5
1.28	1.14	5
1.86	1.37	5
1.6	1.66	5
2.3	2.19	5
3.51	3.66	5
6.38	6.21	5
11.11	11.42	5
20.53	21.26	5
40.84	38.45	5
75.92	76.94	5
159.61	149.37	5
295.5	308.95	5
582.98	604.82	5
1215.34	1160.18	5
2360.25	2317.77	5
4660.23	4592.6	5
6715.59	6832.44	5
9115.68	9258.51	5
11531.4	11383.45	5
13556.16	13473.7	5
15443.01	15432.2	5
17937.2	18055.68	5
19799.84	20374.25	5
1.07	1.09	6
1.1	1.09	6
1.32	1.09	6
1.27	1.44	6
1.53	1.52	6
2.14	2.3	6
2.56	2.55	6
3.74	3.44	6
4.96	4.62	6
7.32	7.67	6
14.11	12.69	6
23.84	23.83	6
41.52	38.94	6
73.08	74.26	6
140.97	142.51	6
274.19	272.54	6
545.89	549.28	6
1024.32	1042.74	6
1530.29	1537.5	6
2037.42	2025.14	6
2548.63	2537.07	6
3035.5	3042.69	6
3505.54	3514.3	6
4007.3	4030.09	6
4587.66	4536.88	6
1.14	1.3	6
1.38	1.35	6
1.32	1.3	6
1.67	1.53	6
1.94	1.72	6
2.69	2.4	6
3.52	3.38	6
5.65	5.77	6
9.71	10.16	6
18.52	17.54	6
34.97	34.45	6
65.52	65.81	6
129.27	130.17	6
256.47	255.18	6
507.06	506.16	6
1005.92	1005.2	6
2006.53	2002.93	6
3926.14	3928.92	6
5846.02	5808.89	6
7783.05	7802.35	6
9599.24	9623.02	6
11498.02	11491.57	6
13387.85	13362.52	6
15418.59	15403.35	6
17126.05	17130.75	6
0.91	0.94	6
1.02	1.04	6
1.2	1.11	6
1.07	1.22	6
1.51	1.39	6
1.98	1.81	6
2.31	2.88	6
3.95	4.01	6
5.21	4.66	6
8.85	8.29	6
15.0	15.46	6
24.51	26.44	6
42.14	41.05	6
86.71	77.57	6
147.01	142.35	6
307.7	279.89	6
570.36	578.69	6
1102.23	1226.89	6
1541.2	1618.4	6
2027.55	2037.61	6
2793.14	2655.52	6
3049.21	3333.98	6
3662.48	3505.98	6
3981.99	4010.58	6
4472.34	4484.86	6
1.06	1.13	6
1.32	1.15	6
1.21	1.34	6
1.33	1.54	6
1.87	1.81	6
2.54	2.7	6
3.49	3.52	6
6.17	6.2	6
10.53	11.25	6
19.75	19.72	6
35.38	35.84	6
68.07	71.63	6
138.71	133.57	6
268.24	270.09	6
504.7	538.94	6
1035.7	1004.76	6
1993.35	1993.8	6
3958.4	3963.26	6
6176.81	5770.68	6
7853.04	7661.92	6
9753.13	9504.84	6
11697.32	11850.82	6
13288.83	13586.08	6
15529.68	15153.46	6
17198.57	17338.55	6
1.06	1.21	7
1.03	1.28	7
1.52	1.31	7
1.35	1.55	7
2.04	1.73	7
2.35	2.73	7
3.7	3.48	7
6.02	6.2	7
10.2	10.24	7
18.9	18.1	7
34.45	34.52	7
67.27	67.34	7
129.09	131.23	7
257.25	258.99	7
511.22	507.72	7
1013.69	1011.13	7
2030.39	2010.64	7
3938.62	3920.58	7
5849.72	5826.27	7
7703.65	7743.88	7
9598.98	9613.73	7
11911.36	11504.59	7
13386.9	13377.14	7
15303.31	15306.32	7
17176.34	17188.48	7
1.02	1.11	7
1.09	1.04	7
1.31	1.02	7
1.42	1.15	7
1.32	1.51	7
2.18	2.04	7
2.7	2.35	7
3.3	3.59	7
4.31	4.08	7
7.86	7.62	7
13.45	13.81	7
23.9	24.12	7
40.32	40.2	7
73.6	73.46	7
143.46	142.01	7
273.77	278.12	7
540.75	542.06	7
1042.09	1040.97	7
1543.9	1537.84	7
2041.06	2044.76	7
2553.06	2553.37	7
3060.85	3053.53	7
3547.46	3546.35	7
4030.38	4065.66	7
4514.97	4521.58	7
1.16	1.11	7
1.18	1.01	7
1.58	1.3	7
1.39	1.16	7
2.1	1.78	7
2.45	2.61	7
3.83	3.99	7
5.96	6.66	7
11.3	11.71	7
19.33	20.31	7
35.62	37.68	7
70.55	69.31	7
132.21	132.55	7
274.82	262.66	7
530.69	531.21	7
1063.16	1070.05	7
2005.72	2049.39	7
4016.01	3971.65	7
5875.94	5878.01	7
7688.59	7653.9	7
9530.63	9584.59	7
11628.24	12029.67	7
13311.08	13326.94	7
15501.79	15528.62	7
17438.18	17421.36	7
0.99	0.97	7
1.23	1.05	7
1.15	1.21	7
1.33	1.43	7
1.41	1.26	7
1.77	1.69	7
2.98	2.71	7
4.02	4.04	7
5.55	5.24	7
9.0	9.08	7
14.72	15.4	7
24.86	24.78	7
42.27	41.52	7
78.36	75.53	7
141.62	141.97	7
285.11	274.62	7
568.03	538.98	7
1034.4	1092.48	7
1533.94	1622.68	7
2130.32	2139.05	7
2638.09	2522.52	7
3022.19	3019.85	7
3513.13	3697.02	7
4006.76	4217.19	7
4509.05	4732.08	7
0.97	1.01	8
0.93	1.04	8
1.16	1.26	8
1.19	1.32	8
1.28	1.58	8
2.11	2.05	8
3.46	3.2	8
5.89	5.5	8
10.3	10.26	8
19.41	19.63	8
37.15	37.8	8
73.67	74.15	8
145.88	146.03	8
292.21	293.11	8
582.09	585.66	8
1162.59	1161.65	8
2316.29	2329.91	8
4536.63	4532.5	8
6736.8	6736.2	8
8998.46	8952.95	8
11233.14	11136.05	8
13331.22	13355.75	8
15544.18	15557.35	8
17719.69	17806.78	8
20165.31	19930.47	8
1.03	1.1	8
1.08	1.0	8
1.1	1.24	8
1.0	1.0	8
1.86	1.56	8
1.72	1.61	8
1.92	1.78	8
2.83	2.49	8
2.51	2.96	8
4.32	4.33	8
6.08	5.58	8
7.46	8.66	8
11.74	11.46	8
19.19	19.59	8
34.93	32.57	8
58.86	58.76	8
114.66	118.3	8
215.69	220.74	8
315.19	332.32	8
429.34	436.56	8
534.91	542.55	8
622.83	615.25	8
712.95	736.14	8
827.57	850.49	8
925.35	931.28	8
0.9	0.99	8
0.96	1.05	8
1.19	0.89	8
1.3	1.26	8
1.59	1.47	8
2.21	1.94	8
3.3	3.26	8
6.12	6.06	8
10.85	11.06	8
22.04	20.17	8
40.31	39.01	8
76.99	75.55	8
154.88	153.86	8
292.43	295.33	8
581.45	608.27	8
1178.14	1164.62	8
2300.98	2366.68	8
4497.67	4492.5	8
6671.4	6702.3	8
8986.01	9003.08	8
11257.47	11059.78	8
13259.43	13289.76	8
15781.35	15829.95	8
17601.27	17587.97	8
19783.91	20077.32	8
1.04	1.05	8
0.99	0.98	8
1.2	1.1	8
1.02	1.1	8
1.71	1.54	8
1.61	1.64	8
1.98	2.15	8
2.73	2.7	8
3.19	3.45	8
4.46	4.72	8
6.05	6.15	8
9.25	8.66	8
15.37	11.55	8
19.39	19.45	8
33.18	32.91	8
77.22	60.67	8
113.17	136.26	8
323.6	283.29	8
315.48	317.56	8
512.82	517.32	8
526.77	526.33	8
875.71	624.83	8
714.17	869.33	8
989.58	1156.57	8
1125.34	1133.04	8
1.07	1.11	9
1.19	1.01	9
1.1	1.16	9
1.43	1.5	9
1.87	1.7	9
2.38	2.21	9
2.69	2.39	9
3.3	3.36	9
4.06	3.82	9
5.53	5.73	9
8.35	7.66	9
12.88	12.79	9
21.61	22.02	9
38.11	38.07	9
72.12	70.95	9
132.5	133.34	9
256.71	262.8	9
498.19	503.41	9
736.1	728.33	9
1005.43	985.71	9
1239.06	1225.33	9
1455.03	1452.1	9
1678.29	1672.97	9
1919.94	1916.44	9
2153.12	2162.59	9
0.88	0.97	9
1.09	1.17	9
1.24	1.32	9
1.6	1.6	9
2.15	2.09	9
2.63	2.74	9
3.51	3.55	9
4.62	4.05	9
6.97	6.73	9
11.17	11.46	9
20.38	19.82	9
40.48	37.56	9
74.96	77.08	9
148.33	149.0	9
301.55	301.85	9
582.54	583.0	9
1207.96	1205.24	9
2267.98	2276.75	9
3393.03	3392.42	9
4510.25	4525.69	9
5753.7	5624.69	9
6759.82	6752.39	9
8019.91	7936.69	9
9196.25	8980.37	9
10050.73	10171.16	9
0.92	0.83	9
0.9	1.0	9
1.04	1.06	9
1.37	1.49	9
1.51	1.96	9
2.35	2.62	9
2.59	2.41	9
3.45	3.43	9
3.76	3.92	9
5.7	5.43	9
9.58	8.53	9
12.7	12.14	9
21.26	21.13	9
37.93	38.11	9
67.15	68.56	9
130.31	129.34	9
248.64	251.44	9
495.96	492.38	9
739.81	732.96	9
977.39	1010.46	9
1229.08	1232.56	9
1429.55	1455.03	9
1704.02	1680.49	9
1956.78	1934.22	9
2151.44	2189.58	9
0.93	0.81	9
1.09	0.91	9
1.01	0.99	9
1.71	1.64	9
2.26	2.14	9
2.54	2.6	9
4.06	3.08	9
5.43	4.68	9
7.58	6.11	9
11.48	11.47	9
19.21	20.06	9
38.72	38.22	9
75.08	73.08	9
143.8	146.06	9
288.47	289.0	9
582.05	576.61	9
1157.72	1147.51	9
2255.86	2251.45	9
3366.5	3324.45	9
4533.39	4529.01	9
5520.26	5541.6	9
6619.81	6605.41	9
7714.64	7733.19	9
9028.0	8892.19	9
9911.78	9882.53	9
0.94	0.83	10
1.27	0.98	10
1.15	1.04	10
1.47	1.57	10
1.73	1.62	10
2.42	2.5	10
3.15	2.52	10
4.74	4.51	10
7.15	6.72	10
12.38	12.14	10
19.2	19.51	10
30.46	31.23	10
53.71	55.71	10
102.8	107.2	10
199.03	198.83	10
392.44	396.13	10
787.9	773.18	10
1510.06	1506.55	10
2226.43	2235.96	10
2968.94	3002.98	10
3696.77	3679.18	10
4413.49	4414.79	10
5091.4	5185.78	10
5817.75	5811.33	10
6592.02	6623.18	10
0.94	1.08	10
1.24	1.22	10
1.41	1.37	10
1.66	1.82	10
2.51	2.43	10
4.09	3.95	10
4.82	4.81	10
6.09	6.68	10
8.15	9.6	10
16.3	15.21	10
25.87	26.39	10
49.91	48.85	10
93.8	94.73	10
186.11	182.58	10
364.5	361.42	10
724.09	719.92	10
1475.49	1433.09	10
2807.52	2826.36	10
4372.03	4260.59	10
5578.3	5563.77	10
7080.7	7035.19	10
8254.82	8283.34	10
9610.84	9796.37	10
11639.09	11093.23	10
12356.63	12317.73	10
0.73	0.92	10
1.03	0.98	10
0.94	1.08	10
1.5	1.5	10
1.49	1.6	10
2.36	2.37	10
2.78	3.33	10
4.41	4.68	10
7.3	6.8	10
12.23	11.43	10
18.81	17.98	10
29.8	30.25	10
52.22	52.84	10
98.87	100.26	10
188.62	194.09	10
376.73	371.34	10
740.62	731.83	10
1393.77	1389.54	10
2065.83	2065.7	10
2717.28	2733.05	10
3389.85	3377.44	10
4028.28	4019.95	10
4670.04	4686.65	10
5369.74	5351.56	10
6062.25	6015.19	10
1.01	0.95	10
1.06	1.02	10
1.36	1.29	10
1.8	1.99	10
2.37	2.6	10
3.9	3.86	10
5.7	5.69	10
6.59	6.4	10
8.69	8.96	10
15.46	15.92	10
27.2	26.59	10
50.66	50.66	10
96.96	97.72	10
192.22	189.76	10
372.98	371.95	10
724.75	723.79	10
1440.29	1434.33	10
2778.22	2809.8	10
4310.59	4194.69	10
5595.45	5604.83	10
6874.24	6870.57	10
8232.73	8219.97	10
9544.36	9554.59	10
10876.41	10892.65	10
12175.61	12242.27	10
0.97	0.92	11
1.01	1.02	11
1.29	1.15	11
1.81	1.73	11
2.51	2.49	11
3.66	4.07	11
5.63	5.05	11
6.4	7.39	11
10.0	9.52	11
14.78	15.87	11
27.0	25.74	11
50.11	50.44	11
92.42	92.53	11
184.98	181.94	11
361.72	363.1	11
721.25	720.68	11
1420.17	1427.05	11
2800.67	2793.04	11
4132.08	4176.54	11
5480.47	5583.78	11
7043.85	6888.63	11
8275.75	8238.52	11
9542.19	9573.49	11
10931.02	10892.05	11
12283.97	12473.85	11
0.93	0.99	11
1.02	1.1	11
1.21	1.07	11
1.67	1.43	11
2.3	1.6	11
2.07	2.46	11
3.01	2.69	11
4.2	4.67	11
6.6	6.65	11
12.2	11.62	11
19.56	19.37	11
31.5	30.27	11
55.18	54.8	11
102.86	105.78	11
200.35	202.25	11
391.88	396.26	11
781.47	778.15	11
1542.39	1534.19	11
2235.11	2268.47	11
2962.43	2985.3	11
3674.92	3717.54	11
4436.92	4450.73	11
5206.67	5221.17	11
5896.19	5893.06	11
6597.07	6615.9	11
1.23	0.92	11
0.97	0.88	11
1.19	1.06	11
1.66	1.68	11
2.5	2.14	11
3.51	4.06	11
4.75	5.11	11
6.76	6.35	11
9.69	9.31	11
15.06	15.57	11
26.19	27.57	11
48.68	50.8	11
94.72	93.96	11
182.7	185.5	11
352.83	355.34	11
718.29	718.64	11
1410.7	1430.51	11
2773.51	2754.81	11
4111.01	4074.2	11
5425.81	5433.57	11
6749.12	6765.57	11
8090.91	8079.79	11
9448.6	9426.2	11
10755.97	10788.82	11
12129.84	12630.82	11
0.84	0.85	11
1.14	1.08	11
1.11	1.09	11
1.49	1.53	11
1.62	1.79	11
2.6	2.32	11
3.12	3.22	11
4.27	4.3	11
7.16	7.54	11
10.8	12.08	11
18.03	18.09	11
29.14	29.9	11
53.92	52.42	11
103.32	100.76	11
189.69	191.33	11
381.76	371.09	11
732.39	721.34	11
1391.44	1424.38	11
2053.24	2056.4	11
2741.36	2754.55	11
3389.66	3393.92	11
4057.69	4051.69	11
4724.87	4736.02	11
5395.34	5432.32	11
6061.21	6050.15	11
0.84	0.73	12
1.08	1.09	12
1.14	1.24	12
1.59	1.56	12
2.1	2.32	12
3.19	2.62	12
3.68	3.17	12
4.21	4.37	12
6.53	6.64	12
11.75	10.99	12
20.2	20.75	12
37.59	38.62	12
77.48	77.45	12
151.03	150.07	12
297.77	297.17	12
592.13	582.75	12
1182.73	1201.21	12
2291.16	2266.41	12
3367.91	3365.87	12
4493.18	4493.46	12
5600.64	5758.34	12
6849.52	6764.72	12
7836.41	7826.9	12
8940.94	8961.15	12
10134.5	10040.59	12
0.9	0.98	12
0.97	0.95	12
1.03	1.13	12
1.62	1.51	12
1.64	1.7	12
2.08	2.44	12
2.55	2.57	12
3.59	3.77	12
3.47	4.07	12
5.71	5.53	12
9.12	8.35	12
12.91	13.01	12
21.45	20.78	12
38.55	37.71	12
71.05	68.21	12
131.81	130.55	12
257.94	253.78	12
492.34	501.88	12
752.89	738.1	12
1016.62	996.89	12
1223.29	1218.52	12
1453.33	1464.3	12
1701.72	1697.62	12
1922.47	1924.48	12
2186.51	2155.06	12
0.83	0.91	12
0.89	1.0	12
1.05	1.07	12
1.51	1.46	12
2.1	2.22	12
2.53	2.28	12
3.33	2.76	12
4.79	4.44	12
6.97	6.34	12
10.62	11.15	12
21.29	19.29	12
38.36	36.84	12
73.78	72.5	12
144.16	144.69	12
285.9	285.92	12
590.19	586.93	12
1164.03	1163.31	12
2226.1	2227.25	12
3326.5	3323.55	12
4510.51	4395.34	12
5496.62	5513.42	12
6693.35	6730.78	12
7641.35	7632.85	12
8928.5	8882.87	12
9826.94	10008.13	12
1.03	1.05	12
1.14	0.98	12
0.92	1.14	12
1.52	1.64	12
1.61	1.94	12
2.5	2.54	12
2.52	2.42	12
3.29	3.62	12
3.66	3.77	12
6.05	5.83	12
8.4	8.7	12
12.87	13.2	12
20.98	21.33	12
37.86	36.88	12
69.73	70.34	12
131.08	135.89	12
258.82	255.75	12
489.89	500.55	12
742.0	720.17	12
969.36	980.1	12
1221.04	1216.32	12
1483.29	1477.81	12
1694.81	1687.39	12
1975.38	1996.31	12
2177.3	2172.32	12
0.58	0.7	13
1.08	0.72	13
0.99	0.91	13
1.67	1.72	13
3.16	2.93	13
4.29	4.59	13
6.89	6.13	13
8.01	10.99	13
11.87	11.83	13
11.08	10.58	13
13.21	10.22	13
9.98	13.85	13
13.47	16.01	13
14.29	13.38	13
16.44	20.38	13
26.14	25.57	13
35.33	42.57	13
66.94	67.29	13
92.39	104.92	13
174.49	179.07	13
392.14	336.56	13
581.33	667.54	13
895.71	626.28	13
792.56	952.47	13
942.57	1113.61	13
1537.09	1536.02	13
1213.47	1733.32	13
2028.38	1916.11	13
0.58	0.62	13
0.77	0.75	13
0.96	0.98	13
1.73	1.65	13
2.33	2.47	13
4.07	4.65	13
7.17	6.49	13
11.09	6.61	13
15.18	16.06	13
15.35	12.46	13
12.95	13.07	13
19.17	21.19	13
21.58	15.81	13
40.23	23.54	13
34.7	70.87	13
58.22	89.62	13
100.01	164.62	13
189.46	188.57	13
622.6	876.14	13
1233.51	1730.01	13
2378.09	3387.14	13
2041.85	2075.23	13
2738.75	4674.81	13
5913.92	5910.68	13
7084.04	4068.89	13
4746.61	8115.73	13
9302.9	9251.44	13
19145.31	10400.48	13
0.59	0.48	13
0.79	0.73	13
1.02	0.85	13
1.43	1.48	13
2.93	2.87	13
3.69	4.57	13
6.38	6.38	13
10.98	7.76	13
10.25	10.38	13
10.65	9.26	13
12.44	10.33	13
12.85	12.43	13
16.09	13.36	13
15.91	13.74	13
18.54	19.05	13
27.0	25.6	13
37.14	40.21	13
74.85	76.45	13
106.64	131.24	13
184.81	173.4	13
366.96	379.42	13
547.55	558.18	13
725.7	739.92	13
894.78	928.37	13
913.99	1216.87	13
1200.98	1234.8	13
1408.22	1212.68	13
1349.29	1869.53	13
0.57	0.57	13
0.71	0.71	13
1.04	1.02	13
1.68	1.43	13
2.47	2.56	13
4.61	4.25	13
6.58	5.69	13
7.94	6.15	13
13.73	13.15	13
13.61	13.33	13
11.43	16.13	13
11.02	17.32	13
16.73	28.92	13
23.44	43.01	13
32.5	50.53	13
91.12	54.06	13
100.55	98.49	13
318.78	454.66	13
627.84	871.76	13
704.88	702.75	13
2323.86	2326.24	13
1954.27	1962.07	13
4642.04	4644.57	13
8138.14	3224.15	13
12749.36	6792.73	13
7964.26	7937.81	13
5100.36	9049.59	13
5885.96	5877.67	13
0.62	0.73	14
0.92	0.8	14
1.18	1.07	14
1.73	1.66	14
2.66	2.44	14
4.42	4.6	14
7.58	6.87	14
8.67	9.78	14
14.08	12.81	14
11.87	13.7	14
12.66	11.9	14
13.58	15.71	14
17.77	16.48	14
20.87	24.1	14
30.75	31.79	14
53.3	51.44	14
91.61	87.23	14
168.34	161.24	14
308.87	319.04	14
627.49	630.45	14
1228.99	1271.51	14
1866.26	1795.67	14
2257.44	2371.99	14
2951.53	3061.16	14
3685.21	3527.51	14
4073.48	4265.56	14
4916.45	4665.47	14
5241.16	5486.02	14
0.88	0.75	14
0.84	0.77	14
1.14	1.27	14
1.68	1.86	14
2.42	3.41	14
3.82	4.54	14
6.22	7.58	14
10.44	10.52	14
11.99	14.03	14
12.71	14.71	14
11.14	13.3	14
16.74	16.37	14
21.7	17.18	14
32.79	20.23	14
42.64	32.22	14
81.48	50.12	14
138.26	136.43	14
262.34	377.12	14
299.17	733.96	14
572.55	1006.79	14
1088.09	1109.14	14
1587.25	4085.7	14
5415.84	3794.97	14
4704.86	6745.92	14
5619.65	3134.27	14
9374.19	9413.71	14
7427.11	4166.19	14
4682.36	4673.83	14
0.62	0.7	14
0.86	0.74	14
1.0	1.1	14
1.57	1.69	14
2.62	2.58	14
4.58	4.16	14
7.47	5.0	14
8.77	11.32	14
9.05	12.09	14
9.23	11.44	14
15.91	15.72	14
16.72	12.78	14
13.19	19.44	14
24.57	22.04	14
32.75	29.41	14
54.97	50.96	14
89.47	93.83	14
167.82	178.77	14
334.82	337.99	14
599.07	625.23	14
1261.89	1275.74	14
1710.64	1716.49	14
2410.83	2415.79	14
2793.18	3037.92	14
3305.53	3464.68	14
3885.99	4178.19	14
4787.3	4592.72	14
5154.72	5129.8	14
0.71	0.8	14
0.96	0.9	14
1.37	1.58	14
1.68	1.88	14
2.5	3.37	14
4.75	4.85	14
7.1	5.81	14
10.44	8.05	14
13.86	12.1	14
9.55	14.42	14
12.62	15.33	14
17.72	16.29	14
17.67	19.68	14
27.81	29.3	14
26.34	27.5	14
46.07	75.69	14
82.09	189.05	14
151.84	152.71	14
293.86	289.15	14
981.41	982.8	14
1072.12	1074.73	14
1595.86	2842.0	14
2128.02	2088.08	14
4665.04	2621.06	14
8014.12	5546.49	14
6656.97	9329.79	14
7363.24	4092.32	14
8247.2	8246.41	14
0.74	0.72	15
0.94	1.19	15
1.13	1.04	15
1.74	1.84	15
2.82	2.81	15
4.43	4.64	15
6.78	6.68	15
11.44	10.98	15
8.9	12.51	15
14.3	13.86	15
13.53	15.26	15
19.35	16.52	15
16.89	16.75	15
29.8	27.48	15
43.83	44.58	15
76.6	72.27	15
194.04	138.19	15
370.94	148.07	15
943.27	719.02	15
552.54	548.51	15
1063.52	1064.14	15
1577.6	1578.62	15
2083.58	5391.27	15
4671.19	4653.82	15
8072.19	3122.78	15
3618.31	6512.9	15
7621.57	10811.43	15
12120.56	8448.52	15
0.71	0.73	15
0.86	0.91	15
1.03	1.03	15
1.75	1.56	15
2.81	2.95	15
4.83	4.56	15
6.17	7.47	15
11.49	8.91	15
10.28	11.64	15
15.49	14.79	15
11.85	12.16	15
15.48	13.46	15
14.99	19.47	15
23.41	24.06	15
35.06	33.78	15
52.66	52.27	15
89.49	87.15	15
169.66	172.37	15
330.77	327.98	15
655.61	666.24	15
1281.34	1242.75	15
1893.76	1710.37	15
2367.46	2373.32	15
3096.84	3094.54	15
3368.42	3685.04	15
4291.0	4096.61	15
4685.44	4458.85	15
5026.94	5032.96	15
0.71	0.63	15
0.94	0.88	15
0.99	1.28	15
1.56	1.65	15
2.57	2.84	15
3.87	4.73	15
6.56	7.77	15
10.2	10.28	15
7.52	10.27	15
14.53	13.31	15
9.42	14.12	15
13.76	19.95	15
20.71	20.57	15
21.23	20.4	15
43.86	57.74	15
75.48	73.4	15
81.4	244.87	15
258.84	370.51	15
711.6	286.59	15
984.96	559.78	15
1908.21	2775.31	15
4019.01	2803.53	15
2153.27	5405.14	15
4612.55	2596.81	15
3062.05	5530.37	15
3608.93	6413.62	15
4106.3	7353.22	15
8246.3	8245.71	15
0.71	0.81	15
0.87	0.8	15
1.17	1.22	15
1.74	1.67	15
2.78	3.07	15
4.81	4.23	15
7.62	7.39	15
7.54	9.12	15
9.8	9.67	15
11.78	14.68	15
14.65	17.94	15
14.83	17.96	15
19.54	16.13	15
22.48	22.15	15
31.87	33.2	15
55.74	53.91	15
93.8	98.24	15
173.67	164.48	15
336.89	319.12	15
641.58	626.02	15
1251.54	1290.4	15
1784.45	1838.53	15
2338.1	2444.8	15
2885.94	3003.78	15
3730.5	3512.94	15
4224.67	4328.54	15
4663.61	4798.47	15
5151.51	5380.88	15
0.6	0.63	16
0.79	0.71	16
1.24	0.94	16
1.42	1.53	16
2.37	2.57	16
4.12	4.67	16
7.7	7.11	16
7.15	4.88	16
12.86	11.64	16
11.17	12.32	16
12.64	18.23	16
20.37	14.04	16
22.44	27.15	16
42.13	32.65	16
35.29	33.53	16
125.11	92.06	16
170.8	170.92	16
453.71	321.33	16
626.8	635.07	16
1223.38	719.29	16
1396.72	2376.28	16
3541.83	2073.31	16
4694.11	4683.57	16
5942.75	8468.71	16
4075.19	9906.56	16
4730.14	4763.12	16
9305.59	9274.92	16
6108.26	6083.95	16
0.56	0.58	16
0.65	0.81	16
1.05	1.22	16
1.87	1.77	16
2.82	2.77	16
4.98	4.73	16
7.93	6.66	16
10.44	8.41	16
10.04	9.29	16
11.34	12.35	16
12.91	10.84	16
13.04	11.88	16
12.86	14.99	16
16.92	15.82	16
16.89	20.89	16
24.73	24.96	16
43.6	43.03	16
63.89	61.95	16
111.51	113.4	16
240.12	177.14	16
451.02	457.49	16
384.35	565.83	16
632.33	893.24	16
974.14	788.64	16
1326.09	949.7	16
1351.92	901.99	16
1244.02	1494.76	16
1708.8	1426.77	16
0.71	0.56	16
0.63	0.69	16
0.97	0.95	16
1.86	1.62	16
2.07	2.8	16
4.53	4.37	16
7.58	4.43	16
8.08	9.75	16
12.28	8.37	16
13.78	13.04	16
14.59	16.22	16
19.25	22.29	16
28.43	15.23	16
30.73	30.68	16
39.05	50.92	16
59.8	91.17	16
102.97	168.35	16
185.93	185.69	16
611.42	613.73	16
1745.15	699.54	16
2341.91	1311.49	16
3482.45	3439.27	16
6538.57	4564.88	16
8144.9	5768.22	16
6925.67	6822.79	16
7969.16	7953.3	16
5108.98	5157.27	16
5855.98	5803.17	16
0.58	0.58	16
0.83	0.75	16
1.16	0.92	16
1.72	1.54	16
2.69	3.0	16
4.39	4.88	16
6.54	6.96	16
6.33	9.9	16
12.58	7.78	16
12.51	11.77	16
10.91	10.84	16
13.11	12.29	16
11.35	14.89	16
17.38	16.52	16
16.53	18.18	16
26.4	26.89	16
35.08	39.18	16
81.38	67.95	16
82.99	120.12	16
238.96	215.78	16
329.74	373.37	16
619.34	577.63	16
813.31	711.75	16
888.86	759.4	16
770.92	1058.8	16
1433.05	1056.52	16
1208.56	1655.18	16
1570.99	1594.18	16
0.7	0.65	17
1.01	0.97	17
1.38	1.46	17
2.52	2.17	17
3.97	2.77	17
6.36	6.61	17
8.27	8.43	17
12.0	12.25	17
10.13	12.27	17
11.31	14.04	17
14.14	13.74	17
13.6	14.1	17
16.76	15.12	17
19.48	19.68	17
22.86	20.88	17
34.19	33.32	17
51.47	49.94	17
104.78	104.8	17
171.52	157.78	17
294.19	325.94	17
740.05	616.47	17
850.34	929.17	17
1220.53	1225.98	17
1683.43	1677.55	17
1653.77	2145.35	17
2531.78	2103.73	17
2603.46	2211.35	17
2712.28	2442.1	17
0.76	0.71	17
0.94	0.86	17
1.29	1.38	17
2.45	2.37	17
3.45	3.39	17
6.66	5.16	17
7.28	10.03	17
11.74	12.68	17
16.68	15.97	17
18.74	18.64	17
22.49	18.15	17
31.6	31.05	17
47.97	47.77	17
103.25	104.29	17
58.25	150.61	17
197.8	291.46	17
380.23	562.81	17
1482.05	1471.91	17
1494.11	2196.01	17
2948.93	4374.61	17
5739.57	11406.19	17
8558.89	12736.15	17
22248.29	11524.52	17
14240.23	27780.56	17
33413.01	25012.77	17
29121.06	29088.97	17
33243.97	44074.63	17
38035.99	12967.91	17
0.59	0.63	17
0.88	0.92	17
1.36	1.29	17
2.36	2.22	17
3.77	4.02	17
6.0	5.91	17
7.84	8.34	17
8.19	9.11	17
10.63	9.06	17
14.65	12.11	17
12.37	13.69	17
11.35	15.82	17
12.27	14.51	17
20.01	19.88	17
25.26	26.08	17
32.44	33.78	17
53.54	53.49	17
88.09	104.63	17
154.34	163.6	17
327.74	321.82	17
587.98	628.53	17
946.35	838.25	17
1249.57	1234.09	17
1482.23	1396.75	17
1617.36	1744.38	17
2029.84	2017.76	17
2188.91	2223.1	17
2564.62	2589.31	17
0.75	0.69	17
0.98	0.88	17
1.27	1.43	17
2.35	2.35	17
3.86	3.57	17
4.65	6.04	17
9.01	7.55	17
8.57	11.74	17
14.84	14.59	17
18.69	20.85	17
15.92	22.36	17
31.55	29.07	17
48.65	49.48	17
81.81	107.83	17
104.92	106.17	17
383.43	196.13	17
383.08	379.27	17
1134.51	749.37	17
2193.16	1517.65	17
5802.44	2911.21	17
5671.73	5663.73	17
12536.18	8424.8	17
16694.58	11155.34	17
14055.64	20722.01	17
16656.52	24819.5	17
28893.25	19905.79	17
44254.19	11262.64	17
37101.17	12653.93	17
0.85	0.79	18
1.06	1.06	18
1.52	1.57	18
2.38	1.99	18
4.08	3.55	18
6.43	6.17	18
9.1	10.08	18
13.1	10.22	18
13.76	10.57	18
14.85	15.47	18
14.01	15.63	18
17.16	17.29	18
18.43	19.68	18
28.6	27.97	18
40.25	41.1	18
69.87	66.55	18
119.89	118.63	18
220.19	238.04	18
442.9	424.39	18
870.23	951.94	18
1667.8	1679.29	18
2475.41	2591.58	18
3136.08	3419.04	18
4095.85	4084.12	18
4684.39	4881.65	18
5947.96	5681.05	18
6548.78	6206.47	18
7686.67	6990.63	18
0.79	0.91	18
1.08	1.02	18
1.45	1.51	18
2.3	2.28	18
4.08	3.95	18
7.23	6.24	18
9.2	9.84	18
12.45	12.38	18
14.88	15.05	18
18.36	13.65	18
19.89	22.45	18
31.94	26.9	18
43.66	32.9	18
94.4	74.56	18
94.97	95.91	18
179.61	263.2	18
675.81	347.63	18
1336.46	1336.02	18
2650.41	1993.83	18
3990.6	3995.73	18
7729.62	10363.65	18
15290.52	15335.81	18
15525.53	10268.8	18
13038.32	19005.78	18
30571.49	15267.48	18
35345.47	17954.91	18
30240.49	30234.34	18
33919.19	33927.63	18
0.65	0.82	18
0.97	1.0	18
1.43	1.43	18
2.38	2.27	18
3.17	4.09	18
5.22	5.53	18
9.75	8.56	18
10.92	11.33	18
14.06	13.09	18
14.28	12.24	18
14.27	13.88	18
17.06	17.25	18
20.49	22.55	18
27.1	29.35	18
43.57	41.6	18
69.08	68.28	18
122.4	130.49	18
220.41	235.98	18
436.84	462.43	18
904.91	834.42	18
1785.5	1650.38	18
2534.48	2527.17	18
3153.01	3237.83	18
4052.49	4147.74	18
5104.81	4676.97	18
5584.96	5758.96	18
6390.56	6587.42	18
7237.16	7656.38	18
0.85	0.83	18
1.04	0.94	18
1.56	1.46	18
2.41	2.57	18
3.95	3.83	18
6.79	6.36	18
6.41	10.36	18
11.18	12.29	18
15.92	15.79	18
14.65	12.43	18
25.65	20.93	18
28.24	36.28	18
33.41	45.52	18
54.44	99.05	18
143.59	54.76	18
263.94	270.38	18
515.92	519.04	18
676.7	1358.64	18
2667.21	1339.82	18
5347.41	3969.63	18
10517.32	7834.6	18
7639.23	7610.11	18
5157.23	15145.65	18
12618.49	12622.49	18
15381.04	15245.61	18
26281.03	34978.44	18
39924.68	20100.35	18
33716.65	33721.9	18
0.8	0.88	19
1.08	1.05	19
1.61	1.41	19
2.57	2.61	19
4.02	3.45	19
6.26	6.83	19
9.57	7.46	19
10.0	10.85	19
10.63	14.35	19
16.48	17.15	19
23.2	19.07	19
27.77	33.93	19
42.02	54.86	19
53.01	54.32	19
138.54	138.98	19
262.57	350.62	19
517.36	681.98	19
677.59	1004.59	19
680.02	1338.27	19
3947.72	3979.43	19
10259.79	5148.84	19
11447.95	15258.74	19
10166.35	15203.56	19
25118.52	12715.93	19
22706.64	22688.04	19
35059.39	26415.31	19
20619.71	30787.49	19
23241.36	23007.88	19
0.81	0.76	19
1.04	1.01	19
1.56	1.53	19
2.4	2.27	19
3.89	3.79	19
6.66	6.32	19
10.13	7.43	19
13.34	12.95	19
10.33	11.99	19
13.95	13.43	19
16.08	15.71	19
15.89	16.84	19
22.46	21.1	19
28.57	25.82	19
40.83	39.08	19
68.35	71.2	19
121.57	121.14	19
226.02	235.0	19
461.64	439.33	19
863.06	866.36	19
1687.17	1603.94	19
2399.44	2499.75	19
3290.01	3147.14	19
4113.38	3921.31	19
4912.07	4677.03	19
5510.0	5752.05	19
6517.7	6840.24	19
6995.01	7654.64	19
0.72	0.7	19
0.86	1.06	19
1.54	1.48	19
2.43	2.27	19
3.74	4.06	19
6.25	6.3	19
9.25	9.16	19
10.04	11.67	19
16.16	14.11	19
18.86	11.42	19
16.07	19.12	19
35.21	36.88	19
58.84	47.89	19
77.85	98.79	19
139.18	141.55	19
262.54	263.39	19
675.03	179.61	19
1333.26	343.98	19
1976.09	1325.42	19
5202.65	3914.81	19
5096.83	10122.6	19
11295.32	3826.94	19
5115.72	15049.36	19
18721.21	12510.01	19
22565.44	15111.31	19
26344.65	17509.31	19
20190.92	30443.92	19
44670.68	44695.44	19
0.81	0.76	19
0.98	1.05	19
1.49	1.52	19
2.29	2.25	19
3.81	3.94	19
5.6	6.52	19
9.38	7.66	19
11.87	11.57	19
10.13	11.1	19
13.44	15.82	19
14.28	12.52	19
17.29	16.73	19
21.5	21.39	19
29.49	28.45	19
43.07	42.34	19
67.51	71.5	19
126.19	120.75	19
226.06	234.28	19
441.29	465.3	19
856.86	859.92	19
1698.58	1605.64	19
2544.08	2390.04	19
3138.2	3228.77	19
4176.68	4063.47	19
4845.74	4977.2	19
5435.4	5781.09	19
6403.92	6409.01	19
7191.92	7224.87	19
0.67	0.67	20
0.91	0.84	20
1.34	1.28	20
2.19	2.22	20
4.0	3.98	20
6.19	6.08	20
8.24	7.79	20
11.38	10.58	20
12.04	14.38	20
18.21	16.29	20
15.59	20.57	20
23.53	34.36	20
34.71	32.63	20
102.99	56.73	20
145.39	102.16	20
375.69	282.34	20
733.36	561.61	20
1091.91	740.97	20
2867.09	1464.43	20
2990.02	5877.8	20
8877.88	8695.58	20
4418.1	8690.24	20
11311.17	21943.75	20
20760.56	14246.81	20
24680.26	24665.38	20
38103.58	19413.14	20
32812.47	32775.59	20
24875.94	36885.09	20
0.76	0.65	20
1.01	0.98	20
1.45	1.64	20
2.68	2.29	20
3.66	3.43	20
6.15	6.53	20
7.64	10.31	20
10.54	10.05	20
10.96	10.2	20
12.58	12.18	20
11.79	11.92	20
14.4	15.65	20
15.89	15.83	20
17.46	17.42	20
23.65	22.42	20
28.74	32.96	20
51.09	55.04	20
89.54	93.29	20
157.13	172.05	20
325.59	300.52	20
683.15	634.99	20
848.54	1006.69	20
1119.23	1228.43	20
1515.06	1525.3	20
2005.47	1824.15	20
2295.66	1950.83	20
2654.33	2183.63	20
2961.88	2720.05	20
0.59	0.64	20
0.84	0.82	20
1.31	1.36	20
2.18	2.16	20
3.76	3.6	20
6.15	5.84	20
7.62	8.87	20
11.62	8.65	20
15.55	14.99	20
16.33	15.69	20
17.57	25.1	20
29.87	24.82	20
32.0	49.36	20
81.2	82.45	20
103.83	105.92	20
103.94	283.03	20
546.72	727.51	20
1084.75	1079.73	20
2138.92	2833.36	20
4297.5	5662.79	20
11002.49	5584.35	20
16381.07	8274.8	20
16319.93	16330.47	20
20386.25	20399.69	20
32487.63	16429.82	20
19125.71	19058.74	20
22181.34	22028.24	20
36455.4	49338.56	20
0.63	0.66	20
0.85	0.97	20
1.37	1.42	20
2.35	2.35	20
3.71	3.66	20
6.58	5.88	20
9.08	8.79	20
10.23	9.68	20
11.83	9.98	20
11.9	11.18	20
13.76	11.87	20
14.75	15.57	20
15.76	17.52	20
18.02	21.15	20
26.42	24.84	20
32.26	33.22	20
52.38	53.3	20
88.11	102.15	20
180.69	190.27	20
302.38	350.96	20
564.8	588.95	20
899.8	903.93	20
1240.27	1172.53	20
1451.69	1443.7	20
1754.31	1828.48	20
2212.11	2016.19	20
2325.24	2310.8	20
2752.62	2736.78	20
0.74	0.77	21
